data,timeofday,windspeed6,opady6,temp6,rhumid,index_avg,prev_index_avg,wind_dir_ns,wind_dir_ew,dispel50,is_weekend,dewpt
2017-11-30,17,8.5,4.01,0.833333,92,67.57,49.72,-3.06144,-54.7821,369.6,0,-1
2017-12-01,0,13.0,0.75,0.0,87,16.82,38.2,34.7241,32.9134,252.45,0,-2
2017-12-01,1,15.3333,0.75,0.0,89,19.0,39.68,8.48532,50.0866,213.5,0,-1
2017-12-01,3,18.8333,0.25,0.0,92,23.0,38.2,0.0,64.0,159.6,0,-1
2017-12-01,4,19.6667,0.0,0.0,92,22.39,32.12,-7.27092,60.5537,176.727,0,-1
2017-12-01,5,20.0,0.0,0.0,92,20.05,26.77,-13.7765,54.2597,204.8,0,-1
2017-12-01,7,19.0,0.0,0.0,92,19.7,20.24,-21.0474,50.8134,201.318,0,-1
2017-12-01,17,14.1667,0.0,0.666667,99,28.26,67.57,-21.4301,51.7373,266.965,0,-1
2017-12-01,18,12.8333,0.0,0.333333,100,42.5,37.39,-25.6396,61.9,240.0,0,-1
2017-12-01,21,10.3333,0.0,-1.16667,95,73.18,20.07,-26.7124,43.4896,334.08,0,-3
2017-12-02,0,8.83333,0.0,-2.16667,97,56.54,16.82,-36.3539,41.7659,349.92,1,-4
2017-12-02,1,8.16667,0.0,-2.33333,88,55.98,19.0,-37.4768,37.4768,407.1,1,-4
2017-12-02,3,6.66667,0.0,-2.83333,84,62.42,23.0,-35.5885,39.9181,432.667,1,-5
2017-12-02,5,6.16667,0.0,-3.0,83,54.24,20.05,-37.0027,41.3323,479.52,1,-5
2017-12-02,7,6.0,0.0,-3.0,89,69.54,19.7,-34.5238,45.3478,480.0,1,-4
2017-12-02,9,7.16667,0.0,-2.33333,86,46.99,18.0,-16.3719,42.8393,520.8,1,-3
2017-12-02,10,7.33333,0.0,-1.83333,87,44.14,19.7,-13.3105,44.4482,461.76,1,-2
2017-12-02,12,8.16667,0.0,-0.5,83,61.98,23.14,10.8344,44.1282,413.4,1,-2
2017-12-02,13,7.66667,0.0,0.0,84,91.67,20.92,13.1305,46.5849,377.4,1,-1
2017-12-03,0,5.5,0.0,-2.83333,90,58.52,56.54,39.5414,42.4699,547.2,1,-4
2017-12-03,1,5.5,0.0,-2.83333,88,58.51,55.98,33.1774,40.155,546.96,1,-4
2017-12-03,5,4.83333,0.0,-2.16667,91,41.98,54.24,34.3489,30.4722,626.4,1,-3
2017-12-03,7,4.83333,0.0,-2.33333,94,62.39,69.54,37.9347,29.058,600.0,1,-4
2017-12-03,8,5.0,0.0,-2.66667,97,64.6,52.29,34.3063,17.9073,599.657,1,-4
2017-12-03,10,5.66667,0.0,-2.83333,100,68.46,44.14,33.9759,1.04139,626.4,1,-2
2017-12-03,13,6.0,0.0,-2.0,77,68.46,91.67,33.048,-10.6051,566.1,1,-4
2017-12-03,23,6.5,0.0,-3.83333,94,62.18,60.02,35.3044,30.7028,561.6,1,-5
2017-12-04,0,7.16667,0.0,-3.83333,100,63.94,58.52,23.3971,34.7707,499.8,0,-4
2017-12-04,1,7.33333,0.0,-3.83333,100,68.99,58.51,8.86645,38.4935,468.0,0,-4
2017-12-04,4,9.33333,0.15,-4.33333,82,23.43,33.71,-27.4902,40.5233,377.4,0,-8
2017-12-04,5,10.6667,0.3,-4.5,84,23.69,41.98,-41.4472,34.4116,339.2,0,-7
2017-12-04,10,16.8333,0.6,-3.0,89,18.72,68.46,-31.5788,40.238,220.8,0,-2
2017-12-04,13,17.3333,0.53,-0.666667,87,20.48,68.46,-13.0111,48.4119,232.941,0,-1
2017-12-04,21,14.1667,0.0,1.0,88,24.77,67.38,-5.7402,55.8582,245.92,0,-1
2017-12-05,0,15.0,0.3,0.833333,84,18.24,63.94,0.0,60.0,212.914,0,-2
2017-12-05,1,15.5,0.3,0.666667,84,17.04,68.99,0.0,63.0,187.971,0,-2
2017-12-05,2,16.1667,0.3,0.5,84,13.86,62.47,0.0,65.0,194.541,0,-2
2017-12-05,3,16.6667,0.3,0.333333,84,14.795,29.32,0.0,51.0,232.941,0,-2
2017-12-05,4,16.3333,0.3,0.166667,83,13.55,23.43,0.0,51.0,229.125,0,-3
2017-12-05,5,16.1667,0.0,0.0,82,13.86,23.69,0.0,66.0,180.0,0,-3
2017-12-05,9,14.8333,0.0,-0.166667,82,19.03,21.35,0.0,60.0,212.914,0,-3
2017-12-05,10,14.5,0.0,-0.166667,92,33.095,18.72,0.0,60.0,220.0,0,-1
2017-12-05,12,14.6667,0.48,-0.166667,89,21.96,19.495,0.0,56.0,254.88,0,-1
2017-12-05,13,14.3333,0.48,0.0,90,34.37,20.48,-6.12288,55.7821,239.4,0,-1
2017-12-05,15,15.0,0.48,0.333333,92,26.48,17.64,-17.986,57.4224,204.429,0,0
2017-12-05,16,14.8333,0.48,0.5,90,37.5,22.24,-24.1088,58.2044,202.725,0,-1
2017-12-06,0,20.3333,1.8,2.0,92,9.46,18.24,0.0,60.0,189.382,0,1
2017-12-06,1,21.5,1.5,2.16667,92,10.36,17.04,0.0,52.0,162.991,0,1
2017-12-06,2,23.1667,1.5,2.5,93,12.42,13.86,0.0,73.0,120.0,0,3
2017-12-06,3,24.6667,1.5,2.66667,93,11.055,14.795,0.0,79.0,120.0,0,3
2017-12-06,4,25.0,1.5,3.0,93,12.875,13.55,0.0,60.0,137.048,0,3
2017-12-06,5,26.5,1.5,3.33333,93,12.42,13.86,0.0,77.0,129.103,0,3
2017-12-06,6,26.1667,1.5,3.66667,93,12.65,11.35,0.0,80.0,124.374,0,3
2017-12-06,7,25.3333,0.0,4.0,92,19.645,10.06,0.0,59.0,150.562,0,3
2017-12-06,8,25.1667,0.53,4.0,88,20.87,20.26,0.0,75.0,151.762,0,3
2017-12-06,9,24.5,0.53,4.0,91,22.365,19.03,0.0,71.0,149.333,0,2
2017-12-06,10,25.3333,0.53,4.0,85,21.435,33.095,0.0,55.0,159.557,0,2
2017-12-06,11,24.8333,1.32,4.0,84,20.605,24.535,0.0,77.0,124.586,0,2
2017-12-06,12,25.6667,1.32,4.0,82,20.68,21.96,0.0,51.0,166.527,0,1
2017-12-06,13,27.1667,1.32,4.0,82,22.81,34.37,0.0,61.0,132.248,0,1
2017-12-06,14,27.1667,0.79,4.0,81,20.04,28.81,0.0,57.0,160.312,0,1
2017-12-06,15,26.5,1.78,4.0,81,24.42,26.48,0.0,53.0,162.432,0,1
2017-12-06,16,26.1667,1.78,3.83333,85,26.88,37.5,0.0,51.0,181.5,0,1
2017-12-06,22,22.1667,3.28,3.16667,83,30.05,10.13,0.0,67.0,141.943,0,1
2017-12-07,0,21.6667,4.58,3.5,84,26.39,9.46,0.0,66.0,157.617,0,1
2017-12-07,1,21.5,4.58,3.66667,85,29.475,10.36,0.0,63.0,165.714,0,1
2017-12-07,2,21.0,4.58,3.83333,85,24.85,12.42,0.0,62.0,176.727,0,1
2017-12-07,3,20.3333,4.58,4.0,84,23.0,11.055,0.0,60.0,180.0,0,1
2017-12-07,4,20.1667,2.29,4.0,84,23.67,12.875,0.0,59.0,186.66,0,1
2017-12-07,5,19.6667,0.0,4.0,83,22.625,12.42,0.0,59.0,186.66,0,1
2017-12-07,6,19.3333,0.0,3.83333,82,22.51,12.65,-7.27092,56.5537,188.779,0,1
2017-12-07,7,18.8333,0.0,3.66667,81,19.765,19.645,-14.1592,54.1836,200.34,0,0
2017-12-07,8,18.6667,0.0,3.5,81,20.4,20.87,-14.1592,51.1836,217.579,0,0
2017-12-07,9,18.3333,0.0,3.33333,80,26.895,22.365,-14.1592,51.1836,213.333,0,0
2017-12-07,10,17.8333,0.0,3.16667,75,20.475,21.435,-13.7765,50.2597,216.847,0,-1
2017-12-07,11,17.8333,0.0,3.16667,79,48.4,20.605,-13.7765,50.2597,225.095,0,0
2017-12-07,12,17.6667,0.0,3.33333,69,28.38,20.68,-13.7765,50.2597,216.847,0,-1
2017-12-07,13,17.6667,0.0,3.66667,63,19.86,22.81,-13.7765,50.2597,216.847,0,-2
2017-12-07,14,17.1667,0.0,3.83333,64,55.51,20.04,-25.7973,45.2805,225.095,0,-2
2017-12-07,15,16.8333,0.0,3.83333,69,92.58,24.42,-37.1111,56.5943,180.0,0,-2
2017-12-07,16,16.8333,0.0,3.83333,74,97.23,26.88,-40.4468,49.6472,194.541,0,-2
2017-12-08,0,13.6667,0.0,1.16667,63,27.6,26.39,-17.6088,-3.14316,239.4,0,-5
2017-12-08,1,14.0,0.0,1.0,62,35.55,29.475,7.32548,-8.50068,257.914,0,-5
2017-12-08,3,14.1667,0.0,1.0,56,22.25,23.0,55.0,0.0,257.914,0,-7
2017-12-08,4,13.6667,0.0,1.0,54,25.89,23.67,56.0,0.0,235.2,0,-7
2017-12-08,5,13.6667,0.0,1.16667,53,28.69,22.625,56.0,0.0,254.88,0,-7
2017-12-08,6,14.1667,0.0,1.33333,51,22.25,22.51,55.0,0.0,257.914,0,-8
2017-12-08,7,14.6667,0.0,1.5,52,33.53,19.765,27.1418,5.7402,254.88,0,-7
2017-12-08,8,15.1667,0.0,1.66667,53,28.69,20.4,-0.586179,18.4682,206.7,0,-7
2017-12-08,10,17.0,0.96,2.66667,58,47.025,20.475,-43.216,25.3564,236.733,0,-3
2017-12-08,11,17.3333,0.96,3.16667,60,51.585,48.4,-38.907,32.9538,201.318,0,-2
2017-12-08,12,17.5,0.96,3.83333,63,45.445,28.38,-37.9831,32.5711,204.6,0,-1
2017-12-08,13,17.1667,1.65,4.33333,67,52.405,19.86,-34.5148,37.762,229.964,0,0
2017-12-08,14,17.1667,1.65,4.83333,72,58.55,55.51,-45.8286,49.0758,192.873,0,0
2017-12-08,16,15.1667,0.69,4.83333,76,51.93,97.23,-48.5066,40.3886,195.0,0,0
2017-12-08,21,10.1667,0.69,3.16667,89,63.96,32.58,-43.7064,26.388,341.127,0,1
2017-12-08,23,10.0,0.69,2.83333,86,56.92,28.85,-48.9297,32.6937,311.564,0,0
2017-12-09,0,9.33333,0.0,2.66667,86,56.98,27.6,-48.9297,32.6937,300.0,1,0
2017-12-09,1,8.66667,0.0,2.5,89,58.4,35.55,-43.9336,33.1096,339.2,1,0
2017-12-09,3,7.5,0.0,2.0,84,56.61,22.25,-46.4316,32.9016,398.945,1,-1
2017-12-09,5,6.16667,0.0,1.5,83,47.43,28.69,-47.3555,33.2843,420.0,1,-2
2017-12-09,6,6.66667,0.0,1.33333,86,40.48,22.25,-31.0406,29.8402,449.28,1,-2
2017-12-09,7,7.16667,0.0,1.0,87,29.1,33.53,-32.2844,26.2132,477.164,1,-2
2017-12-09,8,7.5,0.0,0.666667,87,22.42,28.69,-24.5062,26.435,457.6,1,-2
2017-12-09,10,8.66667,0.0,0.333333,82,14.16,47.025,-25.1565,25.4617,408.857,1,-2
2017-12-09,11,9.16667,0.0,0.333333,79,19.905,51.585,-6.99885,30.1083,386.4,1,-3
2017-12-09,12,9.66667,0.0,0.333333,75,19.76,45.445,-14.9988,41.1083,352.8,1,-3
2017-12-09,13,10.3333,0.0,0.333333,73,14.16,52.405,-6.68393,49.6642,300.0,1,-4
2017-12-09,14,11.0,0.0,0.333333,71,17.39,58.55,0.70711,50.6028,300.667,1,-4
2017-12-09,16,11.1667,0.0,0.166667,73,26.66,51.93,0.0,59.0,260.945,1,-5
2017-12-10,0,11.0,0.33,-0.833333,69,20.01,56.98,-36.7697,36.7697,334.08,1,-5
2017-12-10,1,12.3333,0.33,-0.666667,71,21.17,58.4,-39.5982,39.5982,294.0,1,-5
2017-12-10,2,13.6667,0.18,-0.5,78,14.97,59.52,-37.4768,37.4768,246.4,1,-3
2017-12-10,3,15.0,0.15,-0.333333,77,16.605,56.61,-29.8984,40.1812,221.4,1,-4
2017-12-10,5,16.1667,0.15,0.0,78,16.795,47.43,-19.5167,47.1179,240.505,1,-3
2017-12-10,6,15.8333,0.0,-0.166667,83,15.55,40.48,-24.8742,60.0522,208.042,1,-3
2017-12-10,7,14.5,0.0,-0.333333,87,19.925,29.1,-22.1954,53.585,256.0,1,-3
2017-12-10,8,13.1667,0.0,-0.666667,83,19.145,22.42,-26.0222,62.8238,240.0,1,-4
2017-12-10,9,12.5,0.0,-0.833333,79,14.97,19.76,-23.3435,56.3567,268.029,1,-5
2017-12-10,10,12.3333,0.0,-1.0,72,10.6,14.16,-27.8855,53.3219,268.029,1,-5
2017-12-10,11,12.6667,0.0,-1.0,65,13.16,19.905,-31.7204,49.58,260.0,1,-6
2017-12-10,12,13.6667,0.0,-0.666667,69,12.04,19.76,-34.6152,40.5684,248.727,1,-5
2017-12-10,13,15.0,0.0,-0.333333,66,10.6,14.16,-43.1337,43.1337,204.429,1,-5
2017-12-10,14,16.0,0.0,0.0,69,13.16,17.39,-40.6716,30.93,220.8,1,-5
2017-12-10,15,15.8333,0.0,0.166667,75,18.14,32.83,-45.0638,26.1218,221.0,1,-4
2017-12-10,16,16.0,0.0,0.166667,70,21.47,26.66,-57.0742,31.0966,194.133,1,-6
2017-12-10,22,20.0,0.13,-0.666667,59,12.89,25.37,-52.6357,-41.2705,136.286,1,-7
2017-12-11,0,21.1667,0.28,-0.166667,56,8.48,20.01,-48.8833,-38.0593,175.304,0,-7
2017-12-11,1,20.6667,0.28,0.166667,58,10.375,21.17,-50.1735,-29.0667,186.66,0,-7
2017-12-11,2,19.5,0.15,0.666667,63,6.73,14.97,-52.6612,-21.8128,200.34,0,-4
2017-12-11,3,18.6667,0.15,1.0,66,7.04,16.605,-49.8895,-20.6647,217.579,0,-4
2017-12-11,4,18.5,0.15,1.5,67,6.74,15.5,-48.9656,-20.282,221.0,0,-3
2017-12-11,5,17.6667,0.15,2.0,66,6.73,16.795,-13.3358,-13.3938,209.012,0,-3
2017-12-11,6,17.1667,0.0,2.33333,66,7.26,15.55,17.3702,-6.88824,228.8,0,-3
2017-12-11,7,17.3333,0.0,2.66667,66,9.6,19.925,33.3702,-6.88824,180.0,0,-3
2017-12-11,8,17.5,0.0,2.83333,69,13.88,19.145,69.0,0.0,180.0,0,-2
2017-12-11,9,18.0,0.0,3.0,69,11.39,14.97,53.0,0.0,212.625,0,-2
2017-12-11,10,17.3333,0.0,3.16667,67,13.91,10.6,58.0,0.0,188.779,0,-1
2017-12-11,11,17.3333,0.0,3.5,64,14.85,13.16,25.1418,5.7402,213.333,0,-1
2017-12-11,12,17.1667,0.0,4.0,61,13.86,12.04,22.1418,5.7402,248.0,0,-1
2017-12-11,13,16.3333,0.0,4.5,61,14.24,10.6,37.1418,5.7402,213.714,0,-1
2017-12-11,14,15.6667,0.0,5.16667,61,15.82,13.16,3.20748,0.38268,228.48,0,0
2017-12-11,15,14.5,0.0,5.83333,64,14.66,18.14,31.0657,-5.35752,237.12,0,0
2017-12-11,16,15.0,0.0,6.16667,69,18.11,21.47,30.0657,-5.35752,245.92,0,1
2017-12-12,0,18.0,0.0,8.16667,65,17.73,8.48,-38.891,-38.891,210.189,0,3
2017-12-12,1,17.6667,0.0,8.0,78,13.53,10.375,-37.4768,-37.4768,221.0,0,3
2017-12-12,2,16.8333,0.0,8.0,73,14.93,6.73,-39.5309,-30.8717,236.733,0,3
2017-12-12,3,15.8333,0.0,7.83333,72,16.94,7.04,-48.7234,-40.0642,208.8,0,3
2017-12-12,4,15.1667,0.0,7.66667,71,19.98,6.74,-45.1878,-36.5286,241.553,0,2
2017-12-12,5,14.5,0.0,7.5,69,21.36,6.73,-46.1013,-29.8653,261.0,0,2
2017-12-12,8,16.3333,0.0,7.66667,68,25.87,13.88,-44.1399,-0.28314,212.571,0,3
2017-12-12,9,16.8333,0.0,8.0,68,10.98,11.39,-48.7593,-2.19654,200.34,0,3
2017-12-12,11,19.1667,0.0,9.0,53,15.76,14.85,-17.1101,8.2855,195.789,0,2
2017-12-12,12,18.6667,0.0,9.33333,50,22.88,13.86,-18.034,23.21,174.0,0,0
2017-12-12,13,18.5,0.0,9.66667,49,25.37,14.24,-46.0549,35.2309,195.873,0,0
2017-12-12,14,18.1667,0.0,9.66667,54,15.76,15.82,-42.5193,31.6953,221.76,0,-1
2017-12-12,15,18.5,0.0,9.5,56,22.88,14.66,-36.0626,36.0626,232.941,0,-1
2017-12-12,16,18.1667,0.0,9.0,64,25.37,18.11,-36.7697,36.7697,224.824,0,1
2017-12-13,1,17.3333,0.0,2.33333,62,17.185,13.53,-25.6396,61.9,187.0,0,-4
2017-12-13,2,16.3333,0.0,2.16667,62,17.18,14.93,-24.8742,60.0522,180.0,0,-5
2017-12-13,3,15.6667,0.0,2.0,63,13.02,16.94,-24.8742,60.0522,194.541,0,-5
2017-12-13,4,15.1667,0.0,1.83333,65,15.16,19.98,-28.2682,54.2458,217.412,0,-4
2017-12-13,8,13.0,0.0,0.833333,77,20.37,25.87,-24.4414,57.007,240.0,0,-4
2017-12-13,9,12.3333,0.0,0.666667,73,31.605,10.98,-9.94968,50.0209,276.0,0,-4
2017-12-13,11,11.3333,0.0,0.833333,65,29.375,15.76,-5.35752,58.9343,277.714,0,-4
2017-12-13,12,10.0,0.0,1.16667,59,33.205,22.88,-5.65688,51.6569,324.8,0,-5
2017-12-13,13,9.0,0.0,1.66667,62,37.825,25.37,-11.2002,53.953,322.4,0,-4
2017-12-13,22,10.8333,0.0,-0.333333,78,71.65,19.21,-7.56416,-12.2458,300.667,0,-5
2017-12-14,1,12.3333,0.0,-0.833333,71,30.94,17.185,-54.5089,-22.5781,250.92,0,-6
2017-12-14,2,13.1667,0.0,-1.16667,73,19.0,17.18,-49.8895,-20.6647,248.727,0,-6
2017-12-14,3,13.6667,0.0,-1.16667,69,13.87,13.02,-53.585,-22.1954,223.385,0,-6
2017-12-14,4,14.1667,0.0,-1.16667,67,10.36,15.16,-53.585,-22.1954,237.12,0,-6
2017-12-14,6,14.6667,0.0,-1.16667,63,6.75,33.18,-52.6612,-21.8128,245.92,0,-7
2017-12-14,7,15.6667,0.0,-1.16667,58,8.655,21.99,-53.585,-22.1954,223.385,0,-8
2017-12-14,8,16.5,0.0,-0.833333,59,7.75,20.37,-7.64028,-11.8631,216.72,0,-8
2017-12-14,9,17.8333,0.0,-0.666667,61,6.75,31.605,-12.2597,-13.7765,181.425,0,-6
2017-12-14,10,18.5,0.0,-0.166667,61,6.95,21.99,-16.8791,-15.6899,171.943,0,-5
2017-12-14,11,19.3333,0.0,0.5,61,12.52,29.375,-54.5089,-8.80164,186.66,0,-4
2017-12-14,12,19.8333,0.0,1.33333,60,10.1,33.205,-16.0313,-1.14804,191.314,0,-3
2017-12-14,13,19.8333,0.0,2.33333,58,7.7,37.825,22.3702,6.88824,191.133,0,-3
2017-12-14,22,21.0,0.76,2.0,68,15.05,71.65,-45.4046,36.2042,171.953,0,-4
2017-12-15,0,18.5,0.76,1.33333,71,33.04,50.84,-43.1337,43.1337,183.0,0,-4
2017-12-15,1,17.8333,0.76,1.16667,71,29.16,30.94,-39.5877,32.5521,240.514,0,-4
2017-12-15,2,16.5,0.76,1.0,72,24.26,19.0,-51.5982,37.527,220.8,0,-4
2017-12-15,3,14.8333,0.76,1.0,70,27.9,13.87,-24.7489,22.6777,272.8,0,-4
2017-12-15,4,12.8333,0.0,1.0,70,25.13,10.36,-12.7489,22.6777,240.0,0,-4
2017-12-15,5,12.3333,0.86,1.0,71,20.66,7.75,8.97912,9.94968,279.138,0,-4
2017-12-15,6,12.5,0.86,0.833333,69,21.46,6.75,35.9896,4.97484,259.2,0,-5
2017-12-15,7,11.6667,0.86,0.666667,72,21.81,8.655,62.0,0.0,240.0,0,-4
2017-12-15,8,11.0,0.86,0.5,75,18.195,7.75,58.0,0.0,280.8,0,-4
2017-12-15,9,10.1667,0.86,0.5,70,21.225,6.75,38.609,-3.06144,300.667,0,-4
2017-12-15,10,10.1667,0.86,0.666667,67,25.53,6.95,23.1418,-5.7402,367.92,0,-4
2017-12-15,11,9.33333,0.3,0.833333,69,25.33,12.52,14.8269,-9.18432,341.28,0,-3
2017-12-15,12,8.5,0.3,1.33333,77,22.29,10.1,-9.41192,-13.0111,387.771,0,-1
2017-12-15,13,8.16667,0.58,1.83333,78,28.54,7.7,-29.7759,-19.3751,401.85,0,0
2017-12-15,14,8.33333,0.58,2.5,78,31.33,11.435,-35.3192,-21.6712,374.85,0,0
2017-12-15,22,14.0,0.0,2.16667,82,32.6,15.05,1.61127,16.7295,230.4,0,-2
2017-12-16,1,12.5,0.0,0.5,97,28.86,29.16,-42.6174,45.3234,248.625,1,-1
2017-12-16,2,10.8333,0.0,0.166667,83,31.76,24.26,-31.6622,48.4394,295.68,1,-2
2017-12-16,3,9.66667,0.0,0.0,82,33.45,27.9,-33.9582,53.9826,300.0,1,-3
2017-12-16,4,9.0,0.0,-0.166667,82,38.69,25.13,-26.413,50.767,355.385,1,-3
2017-12-16,5,8.33333,0.0,-0.166667,79,39.03,20.66,-17.2206,50.5746,394.4,1,-3
2017-12-16,6,7.5,0.0,-0.166667,78,42.27,21.46,-17.2206,58.5746,360.0,1,-3
2017-12-16,7,7.33333,0.0,0.0,79,51.02,21.81,-12.6284,51.488,432.667,1,-3
2017-12-16,8,7.33333,0.0,0.0,79,51.24,18.195,-15.5483,49.5371,443.52,1,-3
2017-12-16,9,7.5,0.0,0.0,79,35.33,21.225,-11.3056,55.0804,420.0,1,-3
2017-12-16,10,7.5,0.0,0.0,87,31.77,25.53,1.18122,48.6132,437.25,1,-2
2017-12-16,11,8.0,0.0,0.166667,81,46.16,25.33,10.6066,47.5862,432.667,1,-2
2017-12-16,12,9.33333,0.0,0.333333,76,51.94,22.29,18.3849,48.7489,390.0,1,-3
2017-12-16,22,10.5,0.0,0.0,81,96.07,32.6,-8.03628,51.4015,329.018,1,-2
2017-12-17,1,10.3333,0.0,0.0,83,93.44,28.86,-26.0053,42.7825,359.9,1,-2
2017-12-17,2,10.1667,0.0,0.0,81,90.21,31.76,-33.7835,50.5607,300.0,1,-3
2017-12-17,3,10.5,0.0,0.0,81,65.16,33.45,-33.5254,38.9374,334.08,1,-3
2017-12-17,4,10.3333,0.0,0.0,80,64.68,38.69,-37.4768,37.4768,321.48,1,-3
2017-12-17,6,9.5,0.0,-0.333333,82,61.05,42.27,-41.7195,41.7195,312.12,1,-3
2017-12-17,7,9.16667,0.0,-0.5,83,55.81,51.02,-40.3053,40.3053,347.564,1,-4
2017-12-17,8,8.83333,0.0,-0.666667,83,51.41,51.24,-35.9712,40.842,372.655,1,-3
2017-12-17,9,8.5,0.0,-0.666667,81,24.03,35.33,-36.5079,36.5079,398.618,1,-3
2017-12-17,10,8.5,0.0,-0.666667,80,40.38,31.77,-37.0446,32.1738,409.867,1,-3
2017-12-17,11,8.5,0.0,-0.333333,75,34.77,46.16,-34.1247,34.1247,393.6,1,-3
2017-12-17,12,8.16667,0.0,0.0,71,43.48,51.94,-34.1247,34.1247,401.85,1,-3
2017-12-17,22,4.66667,0.0,-0.5,75,122.36,96.07,-40.6864,34.0607,540.0,1,-5
2017-12-18,0,4.83333,0.0,-0.666667,74,105.48,97.34,-38.0327,34.6542,596.25,0,-5
2017-12-18,1,4.5,0.0,-0.666667,74,103.1,93.44,-28.8402,33.6167,626.4,0,-5
2017-12-18,3,4.83333,0.0,-1.0,76,91.82,65.16,-31.2204,26.0103,707.143,0,-5
2017-12-18,9,3.66667,0.0,-1.5,77,50.53,24.03,-4.23088,0.59105,711.36,0,-4
2017-12-18,10,4.0,0.0,-1.33333,73,63.39,40.38,2.50985,1.44929,781.0,0,-5
2017-12-18,11,4.16667,0.0,-1.0,70,57.86,34.77,15.4442,-3.90823,731.4,0,-5
2017-12-18,12,5.0,0.0,-0.666667,74,50.83,43.48,22.69,-4.50174,685.44,0,-4
2017-12-18,22,9.0,0.0,-2.33333,77,39.05,122.36,41.5491,36.6783,339.2,0,-6
2017-12-19,0,8.33333,0.0,-2.66667,69,20.06,105.48,38.0135,33.1427,417.72,0,-8
2017-12-19,1,8.83333,0.0,-2.83333,66,21.13,103.1,44.3775,39.5067,360.0,0,-9
2017-12-19,3,8.5,0.0,-3.0,74,24.03,91.82,39.4278,34.557,380.8,0,-7
2017-12-19,9,10.1667,0.0,-3.16667,60,42.19,50.53,40.3053,49.4096,300.0,0,-10
2017-12-19,10,10.3333,0.0,-3.16667,69,34.71,63.39,36.0626,45.3837,340.267,0,-8
2017-12-19,11,10.8333,0.0,-3.16667,62,44.9,57.86,37.4768,47.2315,336.3,0,-9
2017-12-19,12,10.6667,0.0,-3.0,59,48.44,50.83,37.4768,47.2315,305.25,0,-9
2017-12-19,22,8.66667,0.0,-3.66667,73,40.03,39.05,10.6066,50.8582,377.143,0,-8
2017-12-20,0,7.66667,0.0,-4.0,79,69.9,20.06,21.0997,52.6214,386.88,0,-7
2017-12-20,1,7.0,0.0,-4.16667,84,51.61,21.13,26.0495,47.5712,417.6,0,-7
2017-12-20,2,7.0,0.0,-4.33333,92,40.92,16.44,33.0495,38.5712,468.218,0,-6
2017-12-20,3,7.16667,0.0,-4.66667,92,46.09,24.03,37.9992,45.0384,433.964,0,-7
2017-12-20,4,7.33333,0.0,-4.83333,88,64.69,30.05,33.0495,36.5712,470.25,0,-7
2017-12-20,6,7.83333,0.0,-4.83333,84,70.78,23.83,19.7641,37.1802,451.0,0,-6
2017-12-23,9,14.6667,0.0,1.66667,84,21.37,15.11,31.82,53.5746,258.353,1,-1
2017-12-23,10,13.8333,0.0,1.83333,92,11.94,17.55,19.7991,49.8686,297.6,1,1
2017-12-23,13,15.6667,0.0,2.0,85,30.54,21.08,-7.27092,58.5537,197.6,1,-1
2017-12-23,14,17.6667,0.0,2.0,87,27.43,22.33,-15.6899,52.8791,184.08,1,0
2017-12-23,16,20.8333,0.0,2.0,87,25.07,25.05,-26.4049,63.7477,135.873,1,0
2017-12-23,17,22.1667,0.76,2.16667,89,15.64,18.66,-26.4049,63.7477,145.75,1,1
2017-12-23,18,22.3333,1.52,2.33333,92,14.51,16.2,-26.0222,62.8238,146.348,1,1
2017-12-23,19,22.1667,2.03,2.5,92,22.3,24.22,-24.8742,60.0522,158.564,1,1
2017-12-23,20,22.1667,2.54,2.66667,92,18.28,32.88,-16.4552,60.7268,169.304,1,2
2017-12-23,21,22.6667,2.54,3.0,92,16.93,23.55,-7.6536,63.4776,148.5,1,3
2017-12-23,22,23.0,2.54,3.33333,92,19.19,19.15,0.0,71.0,120.0,1,3
2017-12-23,23,23.5,1.78,3.5,92,18.5,13.28,0.0,74.0,120.0,1,3
2017-12-24,0,24.5,1.02,4.0,91,14.05,10.85,0.0,76.0,120.0,1,5
2017-12-24,7,27.8333,0.51,6.5,83,24.38,19.56,0.0,54.0,162.222,1,4
2017-12-24,9,27.3333,0.51,6.83333,82,18.77,21.37,19.092,52.9448,156.8,1,4
2017-12-24,10,27.0,0.51,7.16667,76,20.55,11.94,0.0,55.0,159.557,1,4
2017-12-24,11,27.0,0.23,7.33333,78,18.67,15.44,18.3849,51.0209,167.733,1,4
2017-12-24,13,26.1667,0.23,7.5,80,24.16,30.54,0.0,53.0,167.733,1,4
2017-12-24,14,25.1667,0.23,7.5,80,24.82,27.43,0.0,76.0,124.667,1,4
2017-12-24,15,24.3333,0.23,7.5,80,19.63,30.48,0.0,71.0,144.692,1,4
2017-12-24,16,23.6667,0.23,7.33333,83,20.85,25.07,0.0,67.0,151.93,1,4
2017-12-24,17,22.8333,0.38,7.16667,81,21.69,15.64,0.0,66.0,152.727,1,4
2017-12-24,18,22.8333,0.76,7.0,80,22.93,14.51,0.0,66.0,152.727,1,3
2017-12-24,19,23.3333,0.76,7.0,78,19.48,22.3,0.0,70.0,130.473,1,3
2017-12-24,20,24.1667,0.76,7.0,76,19.22,18.28,-9.94968,50.0209,170.769,1,3
2017-12-24,21,24.6667,1.04,7.0,74,10.68,16.93,-20.282,48.9656,165.092,1,2
2017-12-24,23,25.8333,0.94,7.0,69,8.17,18.5,-29.0837,70.2149,124.667,1,2
2017-12-25,0,26.0,0.56,7.0,69,9.28,14.05,-19.5167,47.1179,171.55,1,2
2017-12-25,5,24.5,0.23,7.0,60,14.16,15.18,-27.1703,65.5955,139.968,1,0
2017-12-25,6,24.0,0.46,7.0,60,16.57,16.83,-25.6396,61.9,156.75,1,-1
2017-12-25,7,23.0,0.46,6.83333,63,11.93,24.38,-25.6396,61.9,147.0,1,0
2017-12-25,8,22.5,0.46,6.66667,66,14.43,20.64,-17.2206,63.5746,141.943,1,1
2017-12-25,9,22.1667,0.46,6.66667,67,18.18,18.77,-17.6033,64.4985,151.2,1,1
2017-12-25,10,21.5,0.23,6.66667,78,12.84,20.55,-16.8379,62.6507,152.727,1,4
2017-12-25,11,21.1667,0.23,6.66667,77,21.86,18.67,-16.8379,58.6507,176.727,1,4
2017-12-25,12,20.5,0.0,6.66667,75,22.35,21.57,-15.6899,55.8791,195.873,1,3
2017-12-25,13,19.8333,0.0,6.83333,75,18.21,24.16,-14.9245,54.0313,191.133,1,3
2017-12-25,14,18.6667,0.0,7.0,75,19.6,24.82,-21.8128,52.6612,195.789,1,3
2017-12-25,15,17.5,0.0,7.0,75,25.25,19.63,-20.282,48.9656,229.14,1,3
2017-12-25,16,16.8333,0.0,7.0,73,32.01,20.85,-26.0222,62.8238,193.44,1,2
2017-12-25,17,16.0,0.0,6.83333,78,40.21,21.69,-28.2682,54.2458,224.0,1,2
2017-12-25,18,14.8333,0.0,6.5,83,46.32,22.93,-31.2795,47.5155,237.12,1,2
2017-12-25,19,14.1667,0.0,6.0,86,50.59,19.48,-34.7317,42.8497,254.88,1,2
2017-12-25,20,13.5,0.0,5.5,87,55.59,19.22,-38.891,38.891,257.914,1,2
2017-12-25,21,12.5,0.0,4.83333,88,64.66,10.68,-36.7697,36.7697,286.971,1,2
2017-12-26,0,10.0,0.0,3.33333,85,62.48,9.28,-43.5464,28.3928,350.314,1,0
2017-12-26,2,9.16667,0.0,2.66667,84,25.83,6.61,-31.114,21.172,372.655,1,-1
2017-12-26,5,9.5,0.0,1.83333,80,16.15,14.16,26.2179,6.12288,325.867,1,-2
2017-12-26,6,9.66667,0.0,1.5,80,16.21,16.57,26.2179,-0.76536,300.0,1,-2
2017-12-26,7,9.83333,0.0,1.33333,79,17.18,11.93,25.294,-6.50556,312.8,1,-2
2017-12-26,8,9.83333,0.0,1.16667,80,18.89,14.43,7.05524,-2.67876,323.345,1,-2
2017-12-26,9,10.1667,0.0,0.833333,88,22.07,18.18,-14.1074,-6.88824,323.345,1,-2
2017-12-26,10,10.5,0.0,1.16667,74,22.69,12.84,-47.1179,-11.8631,340.267,1,-1
2017-12-26,11,11.0,0.0,1.66667,67,25.35,21.86,-47.2883,0.0663599,291.6,1,-1
2017-12-26,12,11.6667,0.0,2.33333,61,32.26,22.35,-27.8972,3.1278,262.08,1,-1
2017-12-26,13,12.0,0.0,3.16667,57,47.58,18.21,-6.65844,-0.699,250.364,1,-1
2017-12-26,14,12.1667,0.0,4.0,62,54.27,19.6,15.5042,3.51048,259.2,1,-1
2017-12-26,15,12.1667,0.0,4.83333,71,53.03,25.25,39.5147,8.48532,260.0,1,0
2017-12-26,16,12.6667,0.0,5.16667,77,48.32,32.01,35.9896,4.97484,249.9,1,1
2017-12-26,17,12.8333,0.0,5.16667,100,53.49,40.21,-1.86864,10.715,276.0,1,4
2017-12-26,18,13.0,0.0,5.0,98,64.81,46.32,-25.8791,15.6899,265.5,1,3
2017-12-26,19,13.1667,0.0,4.5,95,96.29,50.59,-49.8895,20.6647,261.415,1,3
2017-12-26,20,12.8333,0.0,4.0,91,57.33,55.59,-49.8895,20.6647,273.28,1,2
2017-12-27,0,10.1667,0.0,2.16667,93,38.2,62.48,25.9896,4.97484,366.277,1,0
2017-12-27,1,9.5,0.0,1.83333,100,38.94,34.78,35.9896,4.97484,321.6,1,1
2017-12-27,2,9.5,0.0,1.5,97,51.41,25.83,39.6851,3.44412,337.08,1,0
2017-12-27,4,8.5,0.0,1.16667,94,59.91,18.43,3.29906,13.9593,352.8,1,0
2017-12-27,5,8.16667,0.0,1.0,93,62.61,16.15,-10.3203,15.8727,401.85,1,0
2017-12-27,6,7.83333,0.0,1.0,91,64.52,16.21,-4.32034,15.8727,374.85,1,-1
2017-12-27,7,8.0,0.0,1.0,88,59.19,17.18,-17.9772,10.2159,400.68,1,-1
2017-12-27,8,7.83333,0.0,0.666667,100,51.06,18.89,-37.216,6.38906,388.267,1,-1
2017-12-27,9,8.0,0.0,0.666667,96,31.5,22.07,-35.2651,-3.41905,400.68,1,0
2017-12-27,11,9.5,0.0,1.33333,73,24.13,25.35,-28.6948,-29.2828,367.2,1,0
2017-12-27,12,10.1667,0.0,2.0,68,20.28,32.26,-42.473,-37.061,313.65,1,0
2017-12-27,13,10.8333,0.0,2.83333,65,23.41,47.58,-36.0626,-36.0626,340.267,1,0
2017-12-27,14,11.6667,0.0,4.16667,65,24.95,54.27,-39.5982,-39.5982,285.12,1,1
2017-12-27,15,12.8333,0.0,5.0,72,30.65,53.03,-36.0626,-36.0626,281.455,1,2
2017-12-27,16,13.6667,0.0,5.5,86,34.39,48.32,-40.3053,-40.3053,225.5,1,3
2017-12-27,17,14.1667,0.0,5.66667,97,36.65,53.49,-41.7195,-41.7195,221.571,1,4
2017-12-27,18,14.5,0.0,5.66667,91,35.43,64.81,-41.7195,-41.7195,221.571,1,4
2017-12-27,19,14.6667,0.0,5.5,84,32.97,96.29,-41.7195,-41.7195,241.553,1,3
2017-12-27,20,15.0,0.0,5.16667,80,30.73,57.33,-40.3053,-40.3053,239.4,1,2
2017-12-28,0,17.6667,0.0,5.33333,72,19.11,38.2,-39.5982,-39.5982,202.926,1,2
2017-12-28,4,17.3333,0.0,5.83333,75,12.19,59.91,-37.4768,-37.4768,216.847,1,2
2017-12-28,5,17.3333,0.0,5.83333,74,12.28,62.61,-47.3764,-47.3764,180.0,1,2
2017-12-28,6,17.3333,0.0,5.83333,70,14.61,64.52,-48.0835,-48.0835,186.821,1,1
2017-12-28,7,17.5,0.0,5.83333,71,16.56,59.19,-36.0626,-36.0626,221.4,1,1
2017-12-28,8,17.5,0.71,6.0,71,19.73,51.06,-42.7929,-33.0513,205.8,1,1
2017-12-28,9,17.3333,0.71,6.0,69,21.99,31.5,-43.5,-33.7584,202.926,1,1
2017-12-28,12,18.5,1.17,6.5,67,20.61,20.28,-41.5955,-31.3127,212.625,1,2
2017-12-28,13,18.6667,1.17,6.83333,68,21.99,23.41,-45.131,-34.8482,188.779,1,3
2017-12-28,14,18.0,0.46,7.16667,64,36.69,24.95,-45.131,-34.8482,184.0,1,2
2017-12-28,15,17.6667,0.84,7.5,64,60.54,30.65,-46.2612,-27.8604,218.743,1,1
2017-12-28,16,16.6667,0.61,7.66667,73,90.37,34.39,-59.1955,-33.2179,193.143,1,2
2017-12-28,17,15.8333,0.61,7.5,78,64.07,36.65,-53.5387,-27.5611,238.105,1,2
2017-12-28,18,14.5,0.76,7.16667,81,51.56,35.43,-45.1774,-29.4826,264.0,1,3
2017-12-28,19,13.1667,0.76,6.83333,82,48.49,32.97,-40.5116,-32.9348,277.114,1,3
2017-12-28,20,12.5,0.76,6.33333,84,21.21,30.73,-50.6743,-37.1443,240.0,1,3
2017-12-29,0,10.5,2.24,4.66667,83,23.59,19.11,-23.2508,14.4666,329.018,1,1
2017-12-29,3,10.5,3.36,3.16667,86,17.27,13.55,-18.6761,46.0881,329.018,1,0
2017-12-29,4,10.6667,2.24,2.83333,87,8.96,12.19,-3.8268,47.5487,334.08,1,0
2017-12-29,6,11.8333,2.24,1.83333,87,20.89,14.61,25.456,55.2597,251.6,1,-1
2017-12-29,7,12.8333,1.12,1.66667,84,35.57,16.56,34.6484,58.2701,249.508,1,-1
2017-12-29,8,13.3333,1.12,1.5,87,28.71,19.73,38.1839,46.638,255.2,1,-1
2017-12-29,9,14.1667,1.12,1.16667,89,35.59,21.99,29.6986,51.5514,230.4,1,-1
2017-12-29,10,14.6667,1.12,1.0,90,35.17,21.39,19.7991,53.6171,214.338,1,-1
2017-12-29,12,16.0,0.0,1.0,78,37.7,20.61,24.0417,62.4119,187.425,1,-2
2017-12-29,13,16.1667,0.0,1.0,79,38.44,21.99,24.0417,62.4119,180.0,1,-2
2017-12-29,14,15.5,0.0,1.0,80,55.65,36.69,13.4351,49.5537,240.505,1,-2
2017-12-29,15,14.8333,0.0,1.16667,83,55.58,60.54,13.4351,61.5537,222.821,1,-2
2017-12-29,16,14.3333,0.0,1.16667,88,58.62,90.37,0.0,55.0,269.925,1,-1
2017-12-29,17,12.8333,0.0,1.16667,89,46.23,64.07,0.0,51.0,307.125,1,-1
2017-12-29,18,12.0,0.0,1.16667,86,45.87,51.56,-3.8268,60.2388,284.625,1,-2
2017-12-29,19,10.5,0.0,1.0,82,57.65,48.49,-8.03628,54.4015,302.4,1,-2
2017-12-29,20,10.0,0.0,0.833333,79,57.81,21.21,-12.986,47.3512,353.455,1,-3
2017-12-29,21,9.83333,0.0,0.666667,78,68.79,20.3,-19.35,53.7152,311.564,1,-3
2017-12-29,22,9.16667,0.0,0.5,76,68.65,24.66,-26.4211,49.7863,333.9,1,-4
2017-12-30,0,8.0,0.0,0.0,81,73.87,23.59,-33.9081,39.8613,398.618,1,-4
2017-12-30,1,7.33333,0.0,-0.5,83,72.23,29.89,-38.1508,44.104,385.745,1,-4
2017-12-30,2,7.0,0.0,-1.0,87,62.62,29.09,-36.0626,36.0626,460.8,1,-5
2017-12-30,3,6.66667,0.0,-1.5,87,54.26,17.27,-24.1128,31.1128,479.467,1,-5
2017-12-30,4,6.66667,0.0,-2.16667,87,62.67,8.96,-16.1128,31.1128,420.0,1,-6
2017-12-30,6,6.33333,0.0,-3.33333,81,68.16,20.89,-0.22103,15.3817,486.0,1,-7
2017-12-30,7,7.16667,0.0,-3.66667,86,66.11,35.57,-0.10743,7.42871,520.8,1,-6
2017-12-30,8,7.16667,0.0,-4.0,91,59.56,28.71,13.5494,1.77183,496.8,1,-6
2017-12-30,9,7.66667,0.0,-4.16667,86,45.34,35.59,12.8423,-7.4206,420.0,1,-6
2017-12-30,10,8.16667,0.0,-3.66667,70,37.0,35.17,0.18546,-17.3201,421.2,1,-6
2017-12-30,11,9.0,0.0,-2.83333,63,31.95,36.12,3.18546,-17.3201,374.85,1,-6
2017-12-30,12,9.83333,0.0,-1.83333,62,28.16,37.7,-9.43394,-19.2335,332.8,1,-5
2017-12-30,13,10.6667,0.0,-0.833333,65,30.24,38.44,-22.0533,-21.1469,326.4,1,-4
2017-12-30,14,11.6667,0.0,0.333333,64,38.99,55.65,-29.114,-21.172,282.764,1,-4
2017-12-30,15,11.8333,0.0,1.16667,67,33.6,55.58,-33.3462,-18.3686,260.945,1,-5
2017-12-30,16,12.0,0.0,1.33333,75,40.59,58.62,-55.4328,-22.9608,250.364,1,-4
2017-12-30,17,12.5,0.0,1.0,84,41.85,46.23,-56.3567,-23.3435,240.0,1,-4
2017-12-30,18,13.0,0.0,0.5,92,39.57,45.87,-47.1179,-19.5167,291.877,1,-2
2017-12-30,20,13.1667,0.0,-0.5,83,30.79,57.81,-48.0418,-19.8994,276.0,1,-4
2017-12-30,21,13.6667,0.0,-0.833333,78,23.25,68.79,-50.8134,-21.0474,257.914,1,-4
2017-12-31,1,18.1667,0.05,-0.166667,79,17.63,72.23,-53.585,-22.1954,184.0,1,-3
2017-12-31,2,19.5,0.05,0.166667,86,19.6,62.62,-15.9552,-15.3072,168.505,1,-1
2017-12-31,4,20.6667,1.55,0.833333,89,14.11,62.67,65.0,0.0,153.6,1,1
2017-12-31,8,18.3333,2.06,3.16667,92,19.75,59.56,-5.97688,24.0593,216.847,1,3
2017-12-31,9,17.3333,1.5,3.5,100,17.07,45.34,-38.6828,30.5648,216.847,1,3
2017-12-31,10,17.1667,0.51,4.16667,81,21.54,37.0,-33.5835,34.6659,240.505,1,3
2017-12-31,11,17.3333,0.51,4.5,78,32.36,31.95,-33.5835,52.6659,180.0,1,2
2017-12-31,12,17.3333,0.51,4.83333,74,37.84,28.16,-17.4949,45.2365,225.28,1,2
2017-12-31,13,17.0,0.0,5.16667,75,21.93,30.24,-13.3938,50.3358,221.0,1,2
2017-12-31,14,16.8333,0.0,5.5,81,25.66,38.99,-19.8994,48.0418,228.8,1,3
2017-12-31,15,16.5,0.0,5.83333,88,39.52,33.6,-26.0222,62.8238,180.0,1,3
2017-12-31,16,15.3333,0.0,5.66667,87,48.74,40.59,-24.1088,58.2044,209.647,1,3
2017-12-31,17,13.8333,0.48,5.5,87,45.01,41.85,-21.8128,52.6612,258.353,1,3
2017-12-31,18,12.6667,0.48,5.33333,94,47.56,39.57,-25.2569,60.9761,248.4,1,4
2017-12-31,20,10.6667,0.48,5.0,90,28.44,30.79,-28.9383,41.3859,343.385,1,4
2017-12-31,21,10.6667,0.48,5.16667,89,36.08,23.25,-34.1262,33.585,353.455,1,4
2018-01-01,2,13.1667,0.0,6.16667,78,25.8,19.6,-23.0313,14.9245,281.538,1,3
2018-01-01,8,13.5,0.0,5.66667,73,29.23,19.75,4.87325,14.5499,267.429,1,1
2018-01-01,9,13.5,0.0,5.5,70,22.23,17.07,31.8076,9.19243,279.0,1,0
2018-01-01,10,13.5,0.0,5.5,64,16.79,21.54,28.8076,9.19243,281.455,1,0
2018-01-01,11,12.8333,0.0,5.66667,60,23.37,32.36,31.8076,9.19243,261.415,1,0
2018-01-01,12,13.3333,0.48,5.83333,58,30.94,37.84,29.9134,-4.59216,277.114,1,-1
2018-01-01,13,13.8333,0.48,6.16667,70,36.31,21.93,29.9134,-4.59216,271.385,1,2
2018-01-01,14,14.1667,0.48,6.5,70,37.83,25.66,32.9134,-4.59216,248.571,1,2
2018-01-01,15,14.5,0.48,6.66667,71,43.7,39.52,4.13136,1.53072,216.0,1,1
2018-01-01,16,13.8333,0.48,6.66667,76,43.46,48.74,1.35972,11.8631,204.429,1,2
2018-01-01,17,13.3333,0.48,6.5,77,47.25,45.01,-21.8791,15.6899,252.225,1,2
2018-01-01,18,12.3333,0.0,6.33333,78,63.33,47.56,-30.194,19.134,240.0,1,2
2018-01-01,19,11.5,0.0,6.0,77,55.94,36.59,-53.585,22.1954,313.2,1,2
2018-01-01,20,10.8333,0.0,5.66667,78,56.03,28.44,-48.9656,20.282,357.12,1,1
2018-01-01,22,9.16667,0.0,5.0,79,60.29,29.23,-53.585,22.1954,324.48,1,0
2018-01-02,3,6.83333,0.0,1.83333,88,59.0,40.81,-37.4224,12.6284,477.9,0,-1
2018-01-02,5,6.33333,0.0,0.666667,88,92.59,26.62,-36.2353,-1.86326,469.05,0,-2
2018-01-02,7,5.83333,0.0,0.0,93,50.28,28.13,-35.2083,-11.2887,498.343,0,-1
2018-01-02,8,5.66667,0.0,-0.166667,93,33.85,29.23,-32.2767,-17.503,520.0,0,-1
2018-01-02,9,5.66667,0.0,-0.166667,95,30.16,22.23,-30.9761,-24.0417,536.057,0,0
2018-01-02,10,6.33333,0.0,0.166667,88,38.81,16.79,-30.1658,-32.3774,499.8,0,0
2018-01-02,11,6.83333,0.0,0.833333,81,33.89,23.37,-19.6986,-29.6986,520.8,0,1
2018-01-02,12,7.5,0.0,1.66667,78,29.43,30.94,-20.5089,-26.7205,517.0,0,1
2018-01-02,18,8.33333,0.0,3.83333,98,37.95,63.33,-0.716399,-6.12288,360.0,0,3
2018-01-02,19,8.5,0.0,3.5,95,40.4,55.94,-2.56416,0.0,360.0,0,2
2018-01-02,22,7.83333,0.0,3.0,96,18.29,60.29,-16.2972,17.52,388.267,0,2
2018-01-03,3,11.8333,0.0,2.5,82,19.06,59.0,-11.605,47.017,281.455,0,0
2018-01-03,4,11.8333,0.0,2.33333,82,39.82,72.75,-3.8268,51.2388,264.48,0,-1
2018-01-03,5,11.1667,0.0,2.33333,81,53.85,92.59,-3.8268,59.2388,240.0,0,-1
2018-01-03,7,10.5,0.0,1.83333,83,34.61,50.28,-3.06144,64.391,300.0,0,-1
2018-01-03,8,10.0,0.0,1.83333,83,23.41,33.85,-12.2539,58.5835,320.32,0,-1
2018-01-03,9,10.1667,0.0,1.83333,83,16.48,30.16,-20.7392,52.0688,322.4,0,-1
2018-01-03,10,11.5,0.0,1.83333,85,11.63,38.81,-32.7496,37.0436,296.229,0,0
2018-01-03,11,13.3333,0.0,2.0,76,12.98,33.89,-13.6882,22.6526,261.415,0,-1
2018-01-03,12,15.1667,0.0,2.33333,70,11.32,29.43,-21.1256,6.57192,206.7,0,-2
2018-01-03,18,19.1667,2.67,2.83333,94,35.85,37.95,-65.5955,-27.1703,180.0,0,1
2018-01-03,19,19.3333,2.67,2.5,97,24.66,40.4,-5.64028,-11.8631,195.429,0,1
2018-01-03,21,19.3333,4.15,2.33333,86,20.44,13.14,67.0,0.0,151.93,0,1
2018-01-03,22,19.8333,3.41,2.66667,79,17.31,18.29,62.0,0.0,176.727,0,0
2018-01-04,0,18.5,1.48,3.33333,72,14.15,15.54,-12.488,12.6284,236.733,0,-1
2018-01-04,1,17.5,1.48,3.66667,73,10.46,13.75,-27.2701,18.7513,187.0,0,-1
2018-01-04,2,17.0,0.74,3.66667,77,13.58,15.36,-60.0522,24.8742,194.541,0,0
2018-01-04,3,17.1667,0.0,3.83333,76,10.03,19.06,-47.1179,19.5167,229.125,0,0
2018-01-04,4,17.5,0.0,3.83333,77,13.36,39.82,-49.8895,20.6647,204.6,0,0
2018-01-04,5,17.8333,0.0,3.83333,80,14.64,53.85,-52.6612,21.8128,195.789,0,0
2018-01-04,6,17.6667,0.0,3.66667,83,17.14,41.65,-51.7373,21.4301,202.926,0,1
2018-01-04,7,17.6667,0.0,3.5,77,16.38,34.61,-48.0418,19.8994,232.737,0,0
2018-01-04,9,17.5,0.0,3.33333,76,15.98,16.48,-58.4316,30.8304,187.0,0,0
2018-01-04,10,17.1667,0.0,3.5,77,28.91,11.63,-45.4973,25.4729,212.625,0,1
2018-01-04,11,17.0,0.0,3.66667,74,23.64,12.98,-40.6891,29.8651,213.333,0,1
2018-01-04,12,17.6667,0.0,4.16667,73,26.58,11.32,-36.0802,34.9977,225.095,0,1
2018-01-04,13,18.3333,0.0,4.66667,73,29.61,8.64,-31.9615,41.1619,216.847,0,1
2018-01-04,14,18.1667,0.0,5.16667,70,45.18,13.48,-39.5982,39.5982,193.765,0,1
2018-01-04,15,17.6667,0.0,5.5,73,63.33,19.24,-39.5982,39.5982,202.926,0,1
2018-01-04,17,16.6667,0.0,5.33333,75,51.88,39.84,-47.3764,47.3764,200.34,0,0
2018-01-04,18,15.6667,0.0,5.0,78,51.52,35.85,-43.1337,43.1337,225.318,0,1
2018-01-04,19,15.1667,0.0,4.66667,79,60.94,24.66,-43.1233,36.0877,252.225,0,1
2018-01-04,20,14.8333,0.0,4.33333,80,63.2,22.72,-47.5155,31.2795,230.4,0,1
2018-01-04,21,13.8333,0.0,4.0,80,43.23,20.44,-51.4741,27.1201,221.571,0,0
2018-01-04,22,13.3333,0.0,3.66667,77,45.87,17.31,-50.8134,21.0474,251.631,0,0
2018-01-05,0,12.8333,0.0,3.33333,77,22.62,14.15,-37.9656,20.282,265.624,0,-1
2018-01-05,1,12.3333,0.0,3.16667,77,17.45,10.46,-9.25968,13.7765,286.0,0,-1
2018-01-05,2,12.3333,0.0,2.83333,77,17.09,13.58,18.5985,8.03628,250.92,0,-1
2018-01-05,3,13.3333,0.0,2.66667,80,17.6,10.03,53.0,0.0,259.418,0,-1
2018-01-05,4,14.3333,0.25,2.5,80,21.37,13.36,58.0,0.0,223.385,0,-1
2018-01-05,5,15.3333,0.25,2.5,80,44.61,14.64,62.0,0.0,196.114,0,0
2018-01-05,6,16.0,0.25,2.5,81,58.2,17.14,32.294,6.50556,180.0,0,0
2018-01-05,7,16.6667,0.25,2.66667,84,29.98,16.38,-10.7268,18.5264,232.941,0,1
2018-01-05,9,17.5,0.25,3.5,84,20.48,15.98,-31.6371,41.3787,216.847,0,3
2018-01-05,10,17.3333,0.0,4.16667,83,21.35,28.91,-26.5045,45.9877,213.333,0,3
2018-01-05,11,17.3333,0.0,4.83333,78,35.67,23.64,-19.8994,48.0418,228.8,0,3
2018-01-05,12,17.3333,0.0,5.66667,73,29.5,26.58,-19.5167,47.1179,236.733,0,3
2018-01-05,13,17.1667,0.0,6.33333,72,31.14,29.61,-26.0222,62.8238,180.0,0,3
2018-01-05,14,16.8333,0.0,7.0,67,34.09,45.18,-19.5167,47.1179,232.941,0,2
2018-01-05,15,16.5,0.0,7.33333,68,55.76,63.33,-30.8304,58.4316,180.0,0,2
2018-01-05,17,16.0,0.0,7.0,89,63.29,51.88,-39.7397,48.9401,202.024,0,4
2018-01-05,19,15.6667,0.0,6.16667,81,60.38,60.94,-43.8408,43.8408,210.6,0,2
2018-01-05,20,15.6667,0.0,5.83333,75,60.59,63.2,-43.8408,43.8408,203.52,0,2
2018-01-05,21,15.6667,0.61,5.66667,70,63.96,43.23,-44.5479,44.5479,195.52,0,1
2018-01-05,22,15.8333,0.61,5.66667,67,65.31,45.87,-45.255,45.255,195.0,0,1
2018-01-06,0,15.1667,1.22,6.16667,72,61.54,22.62,-43.8408,43.8408,210.6,1,2
2018-01-06,1,14.5,1.22,6.5,74,54.31,17.45,-37.5019,44.5375,235.125,1,3
2018-01-06,2,13.6667,1.98,6.5,82,50.89,17.09,-30.7803,44.3103,269.925,1,3
2018-01-06,3,12.6667,1.37,6.5,82,36.38,17.6,-38.5585,52.0885,240.0,1,3
2018-01-06,6,10.3333,1.52,6.16667,81,42.54,58.2,-40.0868,30.3452,336.3,1,3
2018-01-06,7,9.83333,1.52,6.0,83,43.76,29.98,-48.4017,33.7893,300.0,1,3
2018-01-06,8,9.66667,0.76,6.0,85,41.41,24.53,-52.1245,26.1469,323.345,1,4
2018-01-06,9,9.66667,0.76,6.0,87,42.45,20.48,-51.4173,25.4397,324.48,1,4
2018-01-06,10,9.83333,0.0,6.16667,88,34.95,21.35,-49.2496,28.684,324.48,1,5
2018-01-06,11,10.0,0.48,6.5,81,25.07,35.67,-47.789,32.6354,312.12,1,5
2018-01-06,12,10.5,0.96,7.0,77,26.24,29.5,-34.4448,35.5272,340.267,1,5
2018-01-06,13,10.8333,0.96,7.5,76,33.31,31.14,-30.722,43.1697,309.12,1,5
2018-01-06,14,10.8333,0.96,8.0,77,62.39,34.09,-23.6509,47.0985,297.0,1,5
2018-01-06,16,9.83333,0.96,8.33333,84,46.33,45.47,-15.6899,48.8791,341.127,1,4
2018-01-06,17,9.0,0.48,8.0,100,108.14,63.29,-18.3686,55.3462,323.345,1,6
2018-01-06,19,7.16667,0.0,6.5,100,90.7,60.38,-18.7513,56.2701,384.8,1,4
2018-01-06,20,6.33333,0.0,5.66667,100,96.74,60.59,-16.4552,50.7268,453.927,1,4
2018-01-06,21,5.66667,0.0,5.0,99,109.45,63.96,-18.3686,55.3462,448.145,1,4
2018-01-07,0,4.5,1.98,3.83333,95,104.81,61.54,-26.4233,45.0099,540.0,1,3
2018-01-07,1,4.33333,1.98,3.83333,94,96.04,54.31,-22.5965,31.7711,615.6,1,3
2018-01-07,2,4.5,2.51,4.0,94,97.86,50.89,-17.6217,19.7606,662.4,1,4
2018-01-07,3,5.0,3.04,4.16667,93,66.51,36.38,-13.379,15.518,600.0,1,4
2018-01-07,6,7.5,1.06,4.83333,93,23.96,42.54,15.072,-29.1691,556.5,1,4
2018-01-07,8,9.33333,0.53,5.0,86,30.17,41.41,36.0626,-36.0626,385.0,1,2
2018-01-07,9,10.0,0.0,4.83333,87,42.03,42.45,39.5982,-39.5982,314.743,1,2
2018-01-07,10,10.5,0.0,4.66667,80,38.06,34.95,36.7697,-36.7697,326.8,1,1
2018-01-07,11,11.0,0.0,4.5,78,33.82,25.07,40.5684,-34.6152,309.12,1,0
2018-01-07,12,11.5,0.69,4.33333,77,19.71,26.24,44.5839,-32.1363,294.0,1,0
2018-01-07,13,11.8333,0.69,4.0,78,16.09,33.31,48.8161,-29.3329,271.745,1,0
2018-01-07,14,12.3333,0.69,3.66667,76,20.79,62.39,53.0483,-26.5295,250.364,1,-1
2018-01-07,16,13.0,0.69,3.0,75,24.45,46.33,43.1129,-29.0416,271.385,1,-2
2018-01-07,17,13.0,0.69,2.5,75,28.8,108.14,40.2948,-33.2592,271.385,1,-3
2018-01-07,18,12.8333,0.0,2.0,71,30.66,95.57,36.7697,-36.7697,286.971,1,-3
2018-01-07,19,12.5,0.0,1.66667,69,23.07,90.7,45.255,-45.255,240.0,1,-4
2018-01-07,20,12.0,0.0,1.33333,68,19.69,96.74,39.565,-45.5182,259.2,1,-4
2018-01-07,21,11.6667,0.0,1.0,69,19.8,109.45,34.582,-46.4884,279.138,1,-5
2018-01-08,0,10.6667,0.0,0.333333,68,21.25,104.81,12.6284,-51.488,317.127,0,-6
2018-01-08,1,10.3333,0.0,0.166667,68,20.77,96.04,8.41896,-51.3254,329.018,0,-6
2018-01-08,2,10.0,0.0,-0.333333,78,19.47,97.86,4.20948,-50.1627,353.455,0,-5
2018-01-08,3,9.66667,0.0,-0.666667,77,24.18,66.51,4.20948,-59.1627,311.564,0,-5
2018-01-08,5,9.16667,0.0,-1.33333,75,36.23,31.93,0.0,-56.0,349.92,0,-6
2018-01-08,6,9.0,0.0,-1.66667,73,45.33,23.96,0.0,-55.0,363.0,0,-7
2018-01-08,8,9.0,0.0,-2.16667,72,36.34,30.17,0.0,-54.0,366.667,0,-7
2018-01-08,9,9.0,0.0,-2.16667,67,41.2,42.03,0.0,-54.0,366.667,0,-7
2018-01-08,10,9.33333,0.0,-2.0,61,33.29,38.06,3.44412,-53.3149,366.667,0,-8
2018-01-08,11,9.66667,0.0,-1.66667,73,27.78,33.82,7.6536,-54.4776,339.2,0,-4
2018-01-08,12,10.0,0.0,-1.16667,61,59.98,19.71,11.8631,-55.6403,312.8,0,-6
2018-01-08,13,10.5,0.0,-0.5,54,57.23,16.09,16.0726,-47.803,340.267,0,-7
2018-01-08,15,11.1667,0.0,0.5,59,94.59,22.67,21.4301,-51.7373,294.0,0,-7
2018-01-08,16,11.1667,0.0,0.5,59,103.98,24.45,21.4301,-51.7373,294.0,0,-8
2018-01-08,17,11.1667,0.0,0.166667,63,90.31,28.8,21.4301,-51.7373,294.0,0,-8
2018-01-08,18,11.1667,0.0,-0.5,61,58.08,30.66,21.4301,-51.7373,302.4,0,-9
2018-01-08,19,11.0,0.0,-1.33333,57,48.5,23.07,21.0474,-50.8134,305.455,0,-10
2018-01-08,20,11.0,0.0,-2.16667,55,57.16,19.69,16.8379,-51.6507,305.455,0,-11
2018-01-08,22,11.0,0.0,-3.33333,46,33.23,22.31,8.41896,-53.3254,305.455,0,-14
2018-01-09,0,11.0,0.0,-3.83333,40,28.43,21.25,0.0,-55.0,305.455,0,-16
2018-01-09,1,11.1667,0.0,-4.0,40,18.3,20.77,0.0,-55.0,305.455,0,-16
2018-01-09,2,11.3333,0.0,-4.0,66,17.68,19.47,0.0,-56.0,294.0,0,-9
2018-01-09,3,11.6667,0.0,-4.0,70,17.68,24.18,-4.59216,-56.0866,282.764,0,-8
2018-01-09,4,12.1667,0.0,-4.0,74,14.46,26.07,-9.567,-57.097,260.945,0,-8
2018-01-09,5,12.8333,0.0,-4.0,77,16.27,36.23,-14.9245,-48.0313,286.7,0,-7
2018-01-09,6,13.5,0.0,-3.83333,78,13.74,45.33,-20.6647,-49.8895,255.2,0,-7
2018-01-09,7,14.1667,0.0,-3.66667,76,13.07,38.29,-21.8128,-52.6612,232.615,0,-7
2018-01-09,8,15.0,0.0,-3.5,76,11.12,36.34,-22.9608,-55.4328,212.914,0,-7
2018-01-09,9,15.8333,0.0,-3.33333,69,5.79,41.2,-24.1088,-58.2044,195.52,0,-8
2018-01-09,10,16.1667,0.0,-2.83333,54,3.4,33.29,-19.5167,-47.1179,229.125,0,-9
2018-01-09,11,16.5,0.0,-2.0,41,2.11,27.78,-19.5167,-47.1179,232.941,0,-11
2018-01-09,12,17.0,0.0,-1.16667,32,3.11,59.98,-19.5167,-47.1179,236.733,0,-13
2018-01-09,13,17.5,0.0,-0.166667,28,6.34,57.23,-19.5167,-47.1179,229.125,0,-14
2018-01-09,15,17.8333,0.0,1.83333,32,13.95,94.59,-21.4301,-51.7373,198.4,0,-13
2018-01-09,16,18.1667,0.0,2.5,44,16.74,103.98,-21.4301,-51.7373,202.926,0,-8
2018-01-09,17,18.1667,0.0,2.5,60,20.57,90.31,-21.0474,-50.8134,210.189,0,-6
2018-01-09,18,17.8333,0.0,2.5,62,25.96,58.08,-20.282,-48.9656,221.0,0,-5
2018-01-09,19,17.3333,0.0,2.16667,65,29.68,48.5,-24.7076,-43.6496,236.733,0,-5
2018-01-09,20,16.8333,0.0,1.83333,67,31.26,57.16,-36.0213,-54.9633,187.0,0,-5
2018-01-09,22,15.8333,0.0,1.16667,64,27.8,33.23,-44.5479,-44.5479,202.725,0,-5
2018-01-10,0,15.1667,0.0,1.0,63,28.73,28.43,-43.1337,-43.1337,218.625,0,-5
2018-01-10,1,14.6667,0.0,1.0,67,26.7,18.3,-41.7195,-41.7195,228.48,0,-4
2018-01-10,2,14.1667,0.0,1.16667,83,27.13,17.68,-40.3053,-40.3053,245.92,0,-1
2018-01-10,3,13.8333,0.0,1.33333,83,30.85,17.68,-38.891,-38.891,264.0,0,-1
2018-01-10,4,13.5,0.0,1.5,84,27.15,14.46,-37.4768,-37.4768,277.114,0,0
2018-01-10,5,13.0,0.0,1.66667,85,35.5,16.27,-36.7697,-36.7697,281.538,0,0
2018-01-10,6,12.6667,0.0,1.83333,88,29.85,13.74,-36.0626,-36.0626,291.877,0,0
2018-01-10,7,12.3333,0.0,1.83333,79,30.69,13.07,-44.5479,-44.5479,240.0,0,-2
2018-01-10,8,12.0,0.0,1.83333,75,27.3,11.12,-45.5182,-39.565,259.2,0,-2
2018-01-10,9,11.5,0.0,1.83333,68,27.94,5.79,-46.4884,-34.582,279.138,0,-3
2018-01-10,10,10.8333,0.23,1.83333,60,30.73,3.4,-46.5348,-29.2164,302.4,0,-5
2018-01-10,11,10.3333,0.23,2.0,68,34.23,2.11,-44.4135,-27.0951,336.3,0,-2
2018-01-10,12,9.83333,0.23,2.33333,59,54.95,3.11,-50.7775,-33.4591,300.0,0,-3
2018-01-10,13,9.5,0.23,3.0,55,65.0,6.34,-45.7363,-33.2887,323.345,0,-3
2018-01-10,14,9.33333,0.23,3.5,59,49.75,9.67,-39.0177,-37.3941,347.564,0,-3
2018-01-10,15,9.33333,0.23,3.83333,66,43.8,13.95,-32.6818,-42.4234,349.92,0,-2
2018-01-10,16,9.5,0.0,4.0,79,41.87,16.74,-27.2698,-47.8354,339.2,0,0
2018-01-10,17,9.66667,0.0,3.83333,96,42.68,20.57,-24.7326,-50.7102,325.867,0,2
2018-01-10,18,9.83333,0.0,3.5,97,50.83,25.96,-22.1954,-53.585,312.8,0,1
2018-01-10,20,10.0,1.02,2.16667,92,47.59,31.26,-22.9608,-55.4328,300.0,0,-1
2018-01-10,21,9.83333,2.04,1.5,91,46.24,29.54,-22.9608,-55.4328,300.0,0,-1
2018-01-10,22,9.5,2.04,1.0,88,51.9,27.8,-22.5781,-54.5089,312.12,0,-2
2018-01-11,0,8.66667,3.06,0.333333,84,52.64,28.73,-21.0474,-50.8134,363.0,0,-2
2018-01-11,1,8.16667,4.58,0.166667,85,50.67,26.7,-19.8994,-48.0418,403.68,0,-2
2018-01-11,2,7.66667,3.59,-0.166667,91,47.68,27.13,-22.5781,-54.5089,373.32,0,-2
2018-01-11,3,7.5,2.57,-0.333333,91,41.31,30.85,-21.4301,-51.7373,414.72,0,-2
2018-01-11,4,7.5,4.09,-0.5,90,46.6,27.15,-20.6647,-49.8895,432.667,0,-2
2018-01-11,5,7.5,4.09,-0.666667,91,54.7,35.5,-20.282,-48.9656,437.25,0,-2
2018-01-11,7,7.66667,1.55,-1.0,90,55.61,30.69,-20.282,-48.9656,425.829,0,-2
2018-01-11,8,7.66667,1.52,-1.0,93,55.31,27.3,-20.282,-48.9656,425.829,0,-2
2018-01-11,9,7.5,2.03,-0.833333,94,56.61,27.94,-20.282,-48.9656,425.829,0,-1
2018-01-11,10,7.5,0.51,-0.666667,88,57.34,30.73,-20.282,-48.9656,437.25,0,-2
2018-01-11,11,7.5,0.51,-0.333333,87,67.48,34.23,-17.2206,-49.5746,437.25,0,-1
2018-01-11,12,7.66667,0.99,0.0,85,66.33,54.95,-14.1592,-50.1836,437.25,0,-1
2018-01-11,13,8.0,1.47,0.5,85,70.18,65.0,-11.0977,-51.7925,421.2,0,-1
2018-01-11,14,8.33333,1.47,1.0,83,90.38,49.75,-8.03628,-53.4015,392.229,0,-1
2018-01-11,15,8.66667,0.96,1.16667,85,72.16,43.8,-5.35752,-55.9343,360.0,0,-1
2018-01-11,16,8.83333,0.96,1.33333,87,90.76,41.87,0.0,-52.0,386.4,0,-1
2018-01-11,17,9.0,0.96,1.33333,92,91.72,42.68,0.0,-53.0,371.25,0,-1
2018-01-11,18,9.16667,0.48,1.16667,91,70.58,50.83,0.0,-54.0,366.667,0,-1
2018-01-11,20,9.5,0.0,0.5,89,57.09,47.59,0.0,-56.0,339.2,0,-1
2018-01-11,21,9.66667,0.0,0.333333,88,40.79,46.24,0.0,-57.0,325.867,0,-2
2018-01-11,22,9.83333,0.0,0.166667,88,38.63,51.9,0.0,-58.0,312.8,0,-2
2018-01-12,0,10.1667,0.18,0.0,86,32.22,52.64,0.0,-60.0,300.0,0,-2
2018-01-12,1,10.3333,0.18,0.0,85,28.34,50.67,4.20948,-50.1627,346.92,0,-2
2018-01-12,2,10.5,0.38,0.0,83,24.05,47.68,8.41896,-50.3254,334.08,0,-3
2018-01-12,3,10.8333,0.38,0.0,82,23.7,41.31,12.6284,-50.488,321.48,0,-3
2018-01-12,4,11.3333,0.38,0.0,81,36.82,46.6,17.2206,-51.5746,297.0,0,-3
2018-01-12,5,11.8333,0.38,0.0,80,30.97,54.7,22.1954,-53.585,271.745,0,-3
2018-01-12,7,12.5,0.2,-0.333333,80,30.84,55.61,19.5167,-47.1179,286.7,0,-4
2018-01-12,8,13.0,0.0,-0.5,80,35.55,55.31,14.9245,-49.0313,281.538,0,-4
2018-01-12,9,13.3333,0.0,-0.666667,81,37.56,56.61,9.94968,-51.0209,271.385,0,-4
2018-01-12,10,13.5,0.0,-0.833333,73,35.0,57.34,4.97484,-53.0104,261.415,0,-5
2018-01-12,11,13.6667,0.0,-0.833333,70,35.8,67.48,0.0,-55.0,251.631,0,-5
2018-01-12,12,14.0,0.0,-0.666667,66,49.89,66.33,0.0,-56.0,248.571,0,-5
2018-01-12,13,14.3333,0.0,-0.5,73,59.01,70.18,0.0,-57.0,239.4,0,-4
2018-01-12,14,14.5,0.0,-0.333333,70,37.7,90.38,0.0,-58.0,230.4,0,-5
2018-01-12,15,14.5,0.0,-0.333333,71,34.02,72.16,0.0,-59.0,221.571,0,-5
2018-01-12,16,14.5,0.0,-0.5,70,30.27,90.76,5.35752,-57.9343,228.48,0,-6
2018-01-12,17,14.5,0.0,-0.833333,70,45.2,91.72,10.715,-55.8686,237.12,0,-7
2018-01-12,18,14.5,0.0,-1.16667,68,48.17,70.58,10.715,-54.8686,245.92,0,-7
2018-01-12,19,14.5,0.0,-1.66667,66,30.89,52.53,10.715,-54.8686,239.4,0,-8
2018-01-12,20,14.5,0.0,-2.16667,66,25.75,57.09,5.35752,-56.9343,230.4,0,-8
2018-01-12,21,14.6667,0.0,-2.5,65,19.99,40.79,0.0,-59.0,221.571,0,-9
2018-01-12,22,14.6667,0.0,-2.66667,63,17.39,38.63,0.0,-60.0,220.0,0,-9
2018-01-13,1,14.3333,0.0,-3.0,59,15.82,28.34,0.0,-57.0,245.92,1,-10
2018-01-13,2,14.1667,0.0,-3.16667,64,17.5,24.05,0.0,-56.0,248.571,1,-10
2018-01-13,3,14.1667,0.0,-3.16667,63,14.24,23.7,0.0,-56.0,248.571,1,-10
2018-01-13,4,14.3333,0.0,-3.16667,61,18.66,36.82,0.0,-57.0,239.4,1,-10
2018-01-13,5,14.5,0.0,-3.33333,62,16.13,30.97,0.0,-58.0,230.4,1,-10
2018-01-13,6,14.6667,0.0,-3.5,63,16.97,33.13,0.0,-59.0,221.571,1,-10
2018-01-13,7,15.0,0.0,-3.66667,62,16.41,30.84,0.0,-60.0,220.0,1,-10
2018-01-13,8,15.3333,0.0,-3.66667,61,20.27,35.55,-6.12288,-59.7821,211.68,1,-10
2018-01-13,9,15.6667,0.0,-3.66667,58,12.82,37.56,-12.2458,-59.5642,203.52,1,-11
2018-01-13,10,15.6667,0.0,-3.5,55,15.38,35.0,-18.7513,-60.2701,187.68,1,-10
2018-01-13,12,16.0,0.0,-2.66667,45,14.84,49.89,-24.4915,-59.1283,195.0,1,-12
2018-01-13,13,16.0,0.0,-2.16667,43,17.82,59.01,-18.3686,-60.3462,202.024,1,-12
2018-01-13,14,16.0,0.0,-1.66667,43,36.67,37.7,-11.8631,-60.6403,195.52,1,-12
2018-01-13,15,15.5,0.0,-1.33333,46,46.75,34.02,-6.12288,-62.7821,195.0,1,-11
2018-01-13,17,15.0,0.0,-1.5,63,34.15,45.2,0.0,-60.0,226.8,1,-9
2018-01-13,18,14.6667,0.0,-1.83333,61,31.52,48.17,0.0,-58.0,243.6,1,-10
2018-01-13,19,14.3333,0.0,-2.16667,59,28.32,30.89,-5.35752,-54.9343,248.571,1,-10
2018-01-13,20,14.0,0.0,-2.5,58,28.97,25.75,-10.715,-53.8686,248.571,1,-11
2018-01-13,21,14.0,0.0,-3.0,60,19.03,19.99,-16.0726,-52.803,248.571,1,-11
2018-01-13,22,14.0,0.0,-3.33333,58,18.46,17.39,-21.4301,-51.7373,248.571,1,-11
2018-01-14,1,13.6667,0.0,-4.16667,57,13.72,15.82,-21.0474,-50.8134,257.914,1,-12
2018-01-14,2,13.5,0.0,-4.5,57,17.38,17.5,-20.6647,-49.8895,267.429,1,-12
2018-01-14,3,13.3333,0.0,-4.66667,59,18.23,14.24,-20.282,-48.9656,277.114,1,-12
2018-01-14,4,13.1667,0.0,-5.0,61,19.77,18.66,-19.8994,-48.0418,281.538,1,-12
2018-01-14,5,13.0,0.0,-5.33333,56,20.9,16.13,-19.8994,-48.0418,281.538,1,-13
2018-01-14,6,13.0,0.0,-5.5,59,17.87,16.97,-19.8994,-48.0418,281.538,1,-13
2018-01-14,7,12.8333,0.0,-5.66667,61,19.08,16.41,-19.8994,-48.0418,281.538,1,-13
2018-01-14,8,12.6667,0.0,-6.0,62,19.27,20.27,-19.5167,-47.1179,291.877,1,-13
2018-01-14,9,12.5,0.0,-6.16667,57,20.64,12.82,-24.1088,-58.2044,240.0,1,-14
2018-01-14,10,12.5,0.0,-6.0,55,17.29,15.38,-23.7262,-57.2806,249.508,1,-13
2018-01-14,12,12.5,0.0,-5.16667,40,14.83,14.84,-23.7262,-57.2806,240.0,1,-15
2018-01-14,13,12.6667,0.0,-4.66667,38,18.83,17.82,-19.5167,-47.1179,286.7,1,-15
2018-01-14,14,12.8333,0.0,-4.0,39,30.94,36.67,-19.8994,-48.0418,281.538,1,-15
2018-01-14,15,12.8333,0.0,-3.5,45,47.04,46.75,-19.8994,-48.0418,281.538,1,-14
2018-01-14,17,12.1667,0.0,-3.83333,66,54.44,34.15,-23.7262,-57.2806,249.508,1,-11
2018-01-14,18,11.8333,0.0,-4.33333,64,28.12,31.52,-22.9608,-55.4328,269.077,1,-12
2018-01-14,19,11.5,0.0,-4.83333,61,23.97,28.32,-22.1954,-53.585,289.385,1,-13
2018-01-14,20,11.1667,0.0,-5.5,60,25.43,28.97,-21.4301,-51.7373,302.4,1,-13
2018-01-14,21,11.0,0.0,-6.16667,59,20.7,19.03,-21.0474,-50.8134,305.455,1,-14
2018-01-14,22,11.0,0.0,-6.5,55,18.55,18.46,-21.0474,-50.8134,305.455,1,-15
2018-01-15,0,11.0,0.0,-7.16667,55,15.45,15.0,-21.0474,-50.8134,305.455,0,-16
2018-01-15,1,11.0,0.0,-7.5,54,17.12,13.72,-21.0474,-50.8134,305.455,0,-16
2018-01-15,2,10.8333,0.0,-7.83333,56,17.91,17.38,-21.0474,-50.8134,305.455,0,-16
2018-01-15,3,10.6667,0.0,-8.16667,56,24.8,18.23,-23.909,-47.7218,317.127,0,-16
2018-01-15,4,10.5,0.0,-8.5,57,26.46,19.77,-26.7706,-44.6302,329.018,0,-16
2018-01-15,5,10.3333,0.0,-8.66667,59,32.01,20.9,-29.6323,-41.5387,341.127,0,-16
2018-01-15,6,10.1667,0.0,-9.0,59,33.34,17.87,-32.4939,-38.4471,353.455,0,-16
2018-01-15,7,9.83333,0.0,-9.33333,58,21.28,19.08,-39.565,-45.5182,300.0,0,-17
2018-01-15,8,9.66667,0.0,-9.5,60,15.48,19.27,-41.7195,-41.7195,312.12,0,-16
2018-01-15,9,9.66667,0.0,-9.5,55,14.82,20.64,-41.0124,-41.0124,324.48,0,-17
2018-01-15,10,9.66667,0.0,-9.33333,44,16.41,17.29,-41.0124,-41.0124,324.48,0,-18
2018-01-15,11,9.66667,0.0,-8.83333,38,15.15,19.27,-41.0124,-41.0124,324.48,0,-18
2018-01-15,12,9.66667,0.05,-7.83333,34,15.97,14.83,-43.1801,-37.7681,324.48,0,-18
2018-01-15,13,10.0,0.05,-6.66667,34,25.8,18.83,-45.3478,-34.5238,312.8,0,-17
2018-01-15,14,10.3333,0.05,-5.5,37,39.52,30.94,-42.7825,-26.0053,346.92,0,-16
2018-01-15,15,10.5,0.05,-4.5,44,52.33,47.04,-45.8741,-23.1437,334.08,0,-14
2018-01-15,16,10.6667,0.05,-4.0,52,60.31,51.51,-48.9656,-20.282,321.48,0,-13
2018-01-15,17,10.8333,0.05,-3.83333,53,64.16,54.44,-49.8895,-20.6647,309.12,0,-14
2018-01-15,18,11.1667,0.0,-4.16667,53,55.81,28.12,-50.8134,-21.0474,305.455,0,-14
2018-01-15,19,11.3333,0.0,-4.66667,54,60.03,23.97,-51.7373,-21.4301,294.0,0,-14
2018-01-15,20,11.6667,0.0,-5.16667,54,56.91,25.43,-52.6612,-21.8128,282.764,0,-14
2018-01-15,21,12.0,0.0,-5.83333,55,58.9,20.7,-54.5089,-22.5781,260.945,0,-14
2018-01-15,22,12.5,0.0,-6.16667,56,61.43,18.55,-56.3567,-23.3435,240.0,0,-14
2018-01-16,0,13.3333,0.0,-6.66667,64,55.01,15.45,-49.8895,-20.6647,261.415,0,-13
2018-01-16,1,13.6667,0.0,-6.83333,67,49.17,17.12,-50.8134,-21.0474,251.631,0,-12
2018-01-16,2,13.8333,0.0,-7.0,75,39.94,17.91,-51.7373,-21.4301,248.571,0,-11
2018-01-16,3,14.1667,0.0,-7.0,77,34.57,24.8,-51.7373,-21.4301,248.571,0,-10
2018-01-16,4,14.3333,0.0,-7.0,79,27.31,26.46,-52.6612,-21.8128,239.4,0,-10
2018-01-16,5,14.5,0.0,-7.0,80,25.63,32.01,-53.585,-22.1954,230.4,0,-10
2018-01-16,6,14.8333,0.0,-6.83333,79,22.62,33.34,-54.5089,-22.5781,221.571,0,-10
2018-01-16,7,15.1667,0.0,-6.66667,77,22.19,21.28,-56.3567,-23.3435,211.68,0,-10
2018-01-16,8,15.6667,0.0,-6.5,75,20.88,15.48,-57.2806,-23.7262,203.52,0,-10
2018-01-16,9,16.0,0.0,-6.33333,70,14.86,14.82,-59.1283,-24.4915,187.68,0,-10
2018-01-16,10,16.3333,0.25,-6.0,71,14.65,16.41,-28.2701,-18.7513,180.0,0,-9
2018-01-16,11,16.6667,0.76,-5.33333,67,13.85,15.15,-14.4119,-13.0111,232.941,0,-9
2018-01-16,12,17.0,0.76,-4.83333,67,12.3,15.97,-14.4119,-13.0111,232.941,0,-8
2018-01-16,13,17.3333,0.76,-4.16667,67,13.77,25.8,-48.0418,-19.8994,224.824,0,-8
2018-01-16,14,17.5,0.76,-3.5,64,15.86,39.52,-48.9656,-20.282,216.847,0,-8
2018-01-16,15,17.5,1.04,-2.83333,62,19.27,52.33,-49.8895,-20.6647,213.333,0,-8
2018-01-16,16,17.5,1.37,-2.33333,65,26.08,60.31,-48.9656,-20.282,221.0,0,-8
2018-01-16,17,17.5,0.86,-2.16667,70,26.53,64.16,-15.3358,-13.3938,228.8,0,-6
2018-01-16,18,17.3333,0.86,-2.0,79,28.16,55.81,18.294,-6.50556,232.941,0,-5
2018-01-16,19,17.1667,0.86,-2.0,81,30.68,60.03,51.0,0.0,232.941,0,-5
2018-01-16,20,17.3333,0.86,-1.83333,77,35.38,56.91,51.0,0.0,232.941,0,-4
2018-01-16,22,19.6667,0.0,-1.16667,76,18.99,61.43,-16.8172,23.5345,171.953,0,-4
2018-01-17,0,22.3333,0.0,-0.5,80,12.93,55.01,-51.619,51.619,120.0,0,-3
2018-01-17,1,23.6667,0.0,-0.166667,82,19.71,49.17,-44.9225,58.4525,120.0,0,-3
2018-01-17,2,24.6667,0.0,0.0,87,18.83,39.94,-36.8117,63.8717,120.0,0,-2
2018-01-17,3,24.8333,0.0,0.0,85,21.27,34.57,-28.701,69.291,120.0,0,-2
2018-01-17,4,24.5,0.0,0.0,84,19.78,27.31,-28.3183,68.3671,124.848,0,-2
2018-01-17,5,23.8333,0.13,0.0,90,25.52,25.63,-27.553,66.5194,134.832,0,-1
2018-01-17,6,22.8333,0.13,-0.166667,97,29.0,22.62,-26.0222,62.8238,151.2,0,-1
2018-01-17,7,21.5,0.13,-0.333333,97,27.3,22.19,-24.1088,58.2044,175.304,0,-1
2018-01-17,8,20.1667,0.13,-0.5,84,48.74,20.88,-21.8128,52.6612,204.8,0,-3
2018-01-17,9,18.8333,0.13,-0.666667,80,36.74,14.86,-20.282,48.9656,225.095,0,-4
2018-01-17,10,17.6667,0.13,-0.666667,71,21.24,14.65,-26.4049,63.7477,180.0,0,-4
2018-01-17,11,16.8333,0.0,-0.5,64,21.06,13.85,-19.134,62.194,187.2,0,-5
2018-01-17,12,16.3333,0.0,0.0,70,24.58,12.3,-12.6284,62.488,194.541,0,-3
2018-01-17,13,16.0,0.0,0.5,65,60.13,13.77,-6.12288,62.7821,195.0,0,-4
2018-01-17,14,15.5,0.0,0.833333,71,95.93,15.86,0.0,63.0,202.725,0,-4
2018-01-17,15,14.6667,0.1,1.0,78,62.65,19.27,0.0,61.0,218.625,0,-3
2018-01-17,16,13.6667,0.1,0.833333,87,71.53,26.08,-4.20948,55.1627,261.0,0,-3
2018-01-17,17,12.6667,0.1,0.333333,94,73.2,26.53,-11.2806,62.2338,240.0,0,-3
2018-01-17,18,11.8333,0.2,-0.333333,91,38.31,28.16,-18.3517,53.3049,286.0,0,-3
2018-01-17,19,11.1667,0.2,-0.833333,85,36.68,30.68,-22.5612,48.4676,318.171,0,-4
2018-01-17,20,11.1667,0.2,-1.33333,85,42.54,35.38,-26.7706,44.6302,329.018,0,-4
2018-01-17,22,13.5,0.1,-1.83333,90,23.77,18.99,3.60191,50.0313,259.418,0,-3
2018-01-18,0,15.8333,0.16,-1.83333,90,23.46,12.93,37.4768,48.9656,216.847,0,-3
2018-01-18,1,16.8333,0.16,-2.0,89,21.73,19.71,37.4768,48.9656,221.0,0,-3
2018-01-18,2,17.3333,0.16,-1.66667,85,22.46,18.83,24.7488,49.3358,228.8,0,-2
2018-01-18,3,17.3333,0.16,-1.33333,85,23.74,21.27,12.0209,49.706,232.941,0,-3
2018-01-18,4,17.1667,0.29,-1.0,83,23.94,19.78,12.0209,49.706,232.941,0,-3
2018-01-18,5,17.0,0.16,-0.666667,83,32.3,25.52,24.0417,48.4119,232.941,0,-3
2018-01-18,6,17.0,0.13,-0.5,82,35.44,29.0,36.0626,47.1179,232.941,0,-3
2018-01-18,7,17.3333,0.13,-0.333333,81,33.6,27.3,24.0417,48.4119,232.941,0,-3
2018-01-18,8,17.6667,0.13,-0.5,83,32.76,48.74,12.0209,51.706,216.847,0,-3
2018-01-18,9,18.1667,0.13,-0.5,82,39.12,36.74,0.0,55.0,201.318,0,-3
2018-01-18,10,17.6667,0.0,-0.5,81,39.87,21.24,0.0,58.0,188.779,0,-3
2018-01-18,11,17.3333,0.0,-0.333333,77,23.96,21.06,-5.35752,51.9343,225.095,0,-3
2018-01-18,12,17.1667,0.0,0.0,73,26.52,24.58,-15.9642,62.541,186.821,0,-3
2018-01-18,13,16.6667,0.0,0.333333,71,23.68,60.13,-27.2779,54.8547,214.5,0,-4
2018-01-18,14,16.5,0.0,0.666667,70,19.43,95.93,-42.06,40.9776,204.429,0,-4
2018-01-18,15,16.5,0.0,0.833333,72,19.05,62.65,-53.3323,34.9315,180.0,0,-3
2018-01-18,16,17.6667,0.41,1.0,73,21.51,71.53,-11.4119,13.0111,204.6,0,-4
2018-01-18,20,23.3333,1.25,1.0,75,18.84,42.54,73.0,0.0,120.0,0,-2
2018-01-18,21,24.3333,1.94,1.33333,71,10.65,32.25,1.97912,9.94968,170.769,0,-2
2018-01-18,22,25.1667,2.27,1.66667,73,8.18,23.77,-48.0418,19.8994,170.769,0,-2
2018-01-19,0,27.5,2.19,2.16667,81,4.27,23.46,-38.891,38.891,154.015,0,-1
2018-01-19,1,28.8333,2.19,2.33333,82,4.81,21.73,-32.7519,50.0704,132.248,0,-1
2018-01-19,2,30.3333,3.08,2.33333,84,4.91,22.46,-25.2569,60.9761,118.8,0,-1
2018-01-19,3,32.0,3.23,2.0,86,4.88,23.74,-26.4049,63.7477,112.412,0,-1
2018-01-19,4,33.6667,3.35,1.66667,87,11.43,23.94,-13.3938,68.3358,107.52,0,-1
2018-01-19,5,34.8333,3.35,1.33333,88,28.61,32.3,0.0,72.0,106.667,0,-1
2018-01-19,6,35.3333,2.59,1.16667,88,30.94,35.44,0.0,72.0,106.667,0,-1
2018-01-19,7,35.3333,2.59,0.833333,91,13.79,33.6,0.0,71.0,110.5,0,-1
2018-01-19,8,34.8333,2.13,0.833333,89,17.81,32.76,0.0,69.0,115.406,0,-1
2018-01-19,9,33.6667,1.67,0.666667,91,17.78,39.12,0.0,66.0,124.8,0,-1
2018-01-19,12,29.6667,1.11,0.666667,85,15.63,26.52,39.5982,51.7373,154.286,0,-1
2018-01-19,13,28.1667,1.11,0.833333,85,24.66,23.68,38.891,50.8134,159.557,0,-1
2018-01-19,14,26.6667,0.68,0.833333,87,44.1,19.43,36.7697,48.0418,173.333,0,-1
2018-01-19,15,25.3333,0.3,0.833333,89,41.37,19.05,53.0332,69.291,129.422,0,-1
2018-01-19,16,23.6667,0.0,0.666667,86,54.69,21.51,48.7906,63.7477,150.528,0,-2
2018-01-19,20,15.1667,0.0,-0.166667,83,50.86,18.84,41.7195,54.5089,247.8,0,-3
2018-01-19,21,13.3333,0.0,-0.333333,83,51.93,10.65,28.9915,48.8791,297.6,0,-3
2018-01-19,22,12.0,0.0,-0.5,83,50.36,8.18,28.9915,58.8791,275.4,0,-4
2018-01-20,0,10.5,0.0,-0.666667,79,50.91,4.27,4.65852,51.3254,336.3,1,-3
2018-01-20,1,10.1667,0.0,-0.666667,83,46.64,4.81,-7.6536,49.4776,353.455,1,-3
2018-01-20,2,9.83333,0.0,-0.833333,91,59.84,4.91,-11.4804,58.7164,300.0,1,-4
2018-01-20,3,9.66667,0.0,-1.16667,94,52.47,4.88,-14.9245,56.0313,312.12,1,-4
2018-01-20,4,9.33333,0.0,-1.5,95,63.67,11.43,-18.3686,54.3462,324.48,1,-4
2018-01-20,5,9.0,0.0,-2.0,96,67.69,28.61,-21.4301,51.7373,349.92,1,-4
2018-01-20,6,8.66667,0.0,-2.66667,97,102.68,30.94,-20.6647,49.8895,376.32,1,-5
2018-01-20,7,8.33333,0.0,-3.5,94,63.21,13.79,-22.4948,46.3076,403.68,1,-6
2018-01-20,8,8.33333,0.0,-4.0,92,61.67,17.81,-28.1517,51.9645,360.0,1,-6
2018-01-20,9,8.66667,0.51,-4.16667,90,56.21,17.78,-32.6398,46.1698,360.0,1,-5
2018-01-20,12,9.83333,0.59,-3.0,67,40.96,15.63,-43.9336,33.1096,327.6,1,-5
2018-01-20,13,10.3333,0.59,-2.0,64,41.47,24.66,-40.398,29.574,340.267,1,-5
2018-01-20,14,10.5,0.77,-1.0,67,61.66,44.1,-39.8613,33.9081,329.018,1,-5
2018-01-20,15,10.0,0.26,-0.333333,72,66.43,41.37,-36.7697,36.7697,334.08,1,-5
2018-01-20,16,9.66667,0.18,0.0,78,70.68,54.69,-42.4266,42.4266,300.0,1,-5
2018-01-20,17,9.33333,0.18,-0.166667,96,63.55,69.64,-42.7465,38.4169,324.48,1,-3
2018-01-20,18,8.83333,0.33,-0.5,95,92.69,48.16,-43.0665,34.4073,360.0,1,-3
2018-01-20,19,8.33333,0.33,-1.0,88,73.54,45.8,-42.6793,29.6905,398.618,1,-4
2018-01-20,20,8.0,0.15,-1.66667,84,67.58,50.86,-50.0704,32.7519,360.0,1,-5
2018-01-20,21,8.0,0.15,-2.16667,81,72.38,51.93,-49.6832,28.0352,386.88,1,-6
2018-01-20,22,8.0,0.15,-2.5,75,97.79,50.36,-50.0031,24.0255,390.0,1,-7
2018-01-21,0,8.0,0.0,-3.0,70,56.34,50.91,-36.3462,18.3686,390.0,1,-8
2018-01-21,1,8.0,0.0,-3.16667,69,57.55,46.64,-36.3462,18.3686,390.0,1,-8
2018-01-21,2,7.83333,0.0,-4.0,91,59.49,59.84,-36.3462,18.3686,390.0,1,-9
2018-01-21,3,7.66667,0.0,-4.66667,81,57.12,52.47,-21.9552,15.3072,405.45,1,-10
2018-01-21,4,7.33333,0.0,-5.33333,76,60.19,63.67,-21.0313,9.567,421.2,1,-10
2018-01-21,5,7.16667,0.0,-5.83333,82,63.89,67.69,-17.8829,2.2629,453.6,1,-9
2018-01-21,6,7.0,0.0,-6.33333,81,73.26,102.68,-30.8327,-2.68687,470.25,1,-8
2018-01-21,7,6.83333,0.0,-6.66667,85,103.1,63.21,-33.5115,-9.15403,420.0,1,-7
2018-01-21,8,6.83333,0.0,-6.16667,90,93.05,61.67,-28.7992,-18.6826,436.05,1,-7
2018-01-21,9,7.0,0.0,-5.83333,92,72.4,56.21,-24.0869,-28.2112,452.4,1,-6
2018-01-21,11,8.16667,0.08,-4.33333,79,55.52,47.07,-13.4019,-45.8327,432.0,1,-5
2018-01-21,12,8.83333,0.08,-3.5,79,52.92,40.96,-5.33245,-50.8288,375.943,1,-4
2018-01-21,13,9.5,0.08,-2.83333,83,56.13,41.47,10.0743,-47.1901,361.029,1,-4
2018-01-21,14,10.1667,0.08,-2.16667,79,52.59,61.66,20.5313,-48.5012,300.0,1,-4
2018-01-21,15,10.8333,0.08,-1.5,82,55.89,66.43,30.9882,-41.8122,321.48,1,-4
2018-01-21,16,11.3333,0.1,-1.33333,88,57.08,70.68,35.6467,-41.0588,297.0,1,-4
2018-01-21,17,11.8333,0.1,-1.33333,98,58.24,63.55,43.8304,-36.7948,271.745,1,-2
2018-01-21,18,12.1667,0.1,-1.5,95,52.61,92.69,48.0626,-33.9914,250.364,1,-3
2018-01-21,19,12.5,0.1,-1.66667,91,62.28,73.54,44.5166,-23.4098,286.7,1,-3
2018-01-21,20,12.6667,0.1,-1.83333,88,50.85,67.58,48.0418,-19.8994,281.538,1,-4
2018-01-21,21,12.6667,0.1,-2.16667,86,47.58,72.38,47.1179,-19.5167,291.877,1,-5
2018-01-21,22,12.5,0.0,-2.33333,83,45.9,97.79,59.1179,-19.5167,240.0,1,-5
2018-01-22,0,11.8333,0.0,-2.66667,81,44.51,56.34,58.097,-9.567,269.077,0,-6
2018-01-22,1,11.3333,0.0,-2.83333,80,42.09,57.55,57.0866,-4.59216,280.8,0,-6
2018-01-22,2,10.8333,0.0,-3.16667,82,47.18,59.49,56.0,0.0,302.4,0,-6
2018-01-22,3,10.3333,0.0,-3.33333,84,58.77,57.12,53.0,0.0,336.3,0,-6
2018-01-22,4,9.66667,0.0,-3.66667,85,73.5,60.19,61.3149,-3.44412,300.0,0,-7
2018-01-22,5,9.16667,0.0,-4.0,83,62.93,63.89,56.706,-6.50556,335.345,0,-8
2018-01-22,6,8.5,0.0,-4.33333,84,90.71,73.26,53.097,-9.567,372.655,0,-7
2018-01-22,7,8.0,0.0,-4.66667,85,90.96,103.1,47.0468,-14.5168,417.72,0,-7
2018-01-22,8,7.83333,0.0,-4.83333,85,52.71,93.05,49.7255,-20.9839,386.88,0,-7
2018-01-22,9,7.66667,0.0,-4.83333,82,35.69,72.4,42.787,-28.375,402.8,0,-7
2018-01-22,10,7.66667,0.0,-4.5,78,33.79,55.06,36.8484,-35.766,417.6,0,-6
2018-01-22,11,7.66667,0.0,-4.16667,73,23.48,55.52,25.472,-39.7129,421.2,0,-7
2018-01-22,12,8.0,0.0,-3.66667,71,21.46,52.92,15.0196,-44.0425,421.2,0,-7
2018-01-22,13,8.33333,0.0,-3.16667,73,14.54,56.13,4.18441,-49.296,392.229,0,-7
2018-01-22,14,8.5,0.0,-2.66667,74,45.04,52.59,-4.20948,-52.6612,360.0,0,-6
2018-01-22,15,8.66667,0.0,-2.5,78,62.51,55.89,-13.3938,-47.1179,401.85,0,-6
2018-01-22,16,9.0,0.0,-2.66667,82,52.05,57.08,-19.8994,-48.0418,386.4,0,-6
2018-01-22,17,9.33333,0.0,-2.83333,89,50.13,58.24,-23.909,-47.7218,356.4,0,-6
2018-01-22,18,9.5,0.0,-3.33333,91,51.88,52.61,-27.9187,-47.4019,339.2,0,-6
2018-01-22,19,9.66667,0.0,-3.83333,91,46.69,62.28,-31.5457,-46.1581,325.867,0,-6
2018-01-22,20,9.83333,0.0,-4.33333,91,33.31,50.85,-35.1726,-44.9142,312.8,0,-6
2018-01-22,21,10.0,0.0,-4.66667,90,27.71,47.58,-38.7996,-43.6704,300.0,0,-7
2018-01-22,22,10.0,0.0,-4.83333,89,28.14,45.9,-42.4266,-42.4266,300.0,0,-7
2018-01-23,0,10.0,0.0,-5.0,89,41.61,44.51,-42.4266,-42.4266,300.0,0,-7
2018-01-23,1,9.83333,0.0,-5.0,88,47.06,42.09,-42.4266,-42.4266,300.0,0,-7
2018-01-23,2,9.66667,0.0,-5.16667,94,52.98,47.18,-41.7195,-41.7195,312.12,0,-7
2018-01-23,3,9.5,0.0,-5.33333,95,54.89,58.77,-41.0124,-41.0124,324.48,0,-7
2018-01-23,4,9.33333,0.0,-5.5,96,61.83,73.5,-40.3053,-40.3053,337.08,0,-7
2018-01-23,5,9.16667,0.0,-5.66667,97,65.64,62.93,-39.5982,-39.5982,349.92,0,-7
2018-01-23,6,9.0,0.0,-5.83333,86,63.74,90.71,-38.891,-38.891,363.0,0,-8
2018-01-23,7,9.16667,0.0,-6.0,86,56.93,90.96,-38.1839,-38.1839,366.667,0,-8
2018-01-23,8,9.33333,0.0,-6.0,86,39.75,52.71,-38.891,-38.891,352.8,0,-8
2018-01-23,9,9.5,0.0,-6.0,84,29.6,35.69,-39.5982,-39.5982,339.2,0,-8
2018-01-25,12,13.8333,0.0,2.66667,68,19.97,32.56,-45.6677,30.5141,248.571,0,0
2018-01-25,13,13.5,0.0,3.5,69,14.49,33.57,-41.9258,34.349,257.914,0,1
2018-01-25,14,13.0,0.0,4.33333,69,17.9,36.24,-37.4768,37.4768,277.114,0,0
2018-01-25,15,12.3333,0.0,4.83333,73,17.9,36.07,-45.255,45.255,240.0,0,0
2018-01-25,16,11.5,0.0,4.83333,81,58.89,43.165,-44.5943,39.1823,277.714,0,1
2018-01-25,17,10.6667,0.0,4.66667,94,72.44,42.155,-43.0097,32.7269,321.231,0,2
2018-01-25,18,10.0,0.0,4.0,95,79.645,45.91,-42.1322,26.9786,359.9,0,1
2018-01-25,19,9.5,0.0,3.16667,96,83.345,52.36,-33.1322,26.9786,322.4,0,1
2018-01-25,20,9.0,0.0,2.33333,96,91.245,57.99,-15.6468,18.4932,347.564,0,0
2018-01-25,21,8.66667,0.0,1.5,91,92.105,55.17,0.131361,10.715,376.32,0,-1
2018-01-25,22,8.5,0.0,1.0,85,93.02,54.585,17.3702,6.88824,395.2,0,-3
2018-01-25,23,8.16667,0.0,0.5,83,91.08,57.99,33.6851,3.44412,409.867,0,-3
2018-01-26,0,7.83333,0.0,0.166667,82,82.96,52.315,40.6851,3.44412,374.0,0,-3
2018-01-26,1,7.33333,0.0,-0.166667,83,80.74,47.39,56.0,0.0,402.8,0,-4
2018-01-26,2,7.0,0.0,-0.5,84,63.81,32.27,53.0,0.0,448.0,0,-4
2018-01-26,3,6.66667,0.0,-0.666667,82,68.28,38.575,59.0,0.0,420.0,0,-4
2018-01-26,4,6.33333,0.0,-1.0,81,64.77,32.96,56.0,0.0,452.4,0,-5
2018-01-26,5,6.16667,0.0,-1.33333,82,62.375,31.39,54.0,0.0,486.0,0,-5
2018-01-26,6,6.0,0.0,-1.5,89,61.245,32.7,52.0,0.0,520.8,0,-4
2018-01-26,7,6.0,0.0,-1.83333,99,57.57,29.615,58.0,0.0,480.0,0,-4
2018-01-26,8,6.0,0.0,-2.0,93,54.595,28.505,56.0,0.0,498.343,0,-3
2018-01-26,9,6.16667,0.0,-2.0,86,51.105,28.41,55.0,0.0,517.029,0,-3
2018-01-26,10,6.16667,0.0,-1.5,76,45.865,14.49,55.0,0.0,499.8,0,-3
2018-01-26,11,6.33333,0.0,-0.833333,72,42.745,17.9,55.0,0.0,499.8,0,-3
2018-01-26,12,6.5,0.0,0.0,71,37.685,19.97,56.0,0.0,480.0,0,-2
2018-01-26,13,6.83333,0.0,1.0,76,42.935,14.49,51.0,0.0,517.0,0,-1
2018-01-26,14,7.16667,0.0,1.83333,79,44.075,17.9,53.0,0.0,477.0,0,0
2018-01-26,15,7.16667,0.0,2.33333,86,33.86,17.9,55.0,0.0,438.6,0,0
2018-01-26,16,7.33333,0.0,2.33333,87,47.91,58.89,56.0,0.0,420.0,0,-1
2018-01-26,17,7.5,0.0,2.16667,98,72.49,72.44,43.5328,2.67876,420.0,0,0
2018-01-26,18,7.83333,0.0,1.66667,98,81.71,79.645,23.1418,5.7402,443.143,0,0
2018-01-26,19,8.0,0.0,1.16667,98,98.615,83.345,7.82688,9.18432,408.857,0,-1
2018-01-26,20,8.16667,0.0,0.666667,98,101.695,91.245,-7.48804,12.6284,390.0,0,-1
2018-01-26,21,8.5,0.0,0.333333,99,100.65,92.105,-21.852,18.9924,374.85,0,-1
2018-01-26,22,8.83333,0.0,0.0,97,105.51,93.02,-43.216,25.3564,393.6,0,-1
2018-01-26,23,9.0,0.0,-0.333333,95,109.32,91.08,-43.1129,29.0416,371.25,0,-1
2018-01-27,0,8.83333,0.0,-0.5,95,103.145,82.96,-42.0858,32.3442,366.667,1,-2
2018-01-27,1,8.66667,0.0,-0.666667,95,101.435,80.74,-39.4278,34.557,380.8,1,-2
2018-01-27,2,8.33333,0.0,-1.0,100,95.33,63.81,-36.7697,36.7697,395.2,1,-2
2018-01-27,3,8.0,0.0,-1.16667,98,98.33,68.28,-39.4485,43.2369,360.0,1,-1
2018-01-27,4,7.66667,0.0,-1.16667,99,95.9,64.77,-35.7632,43.34,388.267,1,-1
2018-01-27,5,7.33333,0.0,-1.16667,100,103.105,62.375,-32.078,43.4432,417.6,1,-1
2018-01-27,6,7.16667,0.0,-1.0,100,93.995,61.245,-28.3928,43.5464,448.0,1,0
2018-01-27,7,7.0,0.0,-0.833333,100,92.46,57.57,-24.7076,43.6496,470.25,1,0
2018-01-27,8,7.0,0.0,-0.5,100,104.05,54.595,-27.3863,50.1167,420.0,1,0
2018-01-27,9,7.16667,0.0,-0.166667,100,96.2,51.105,-21.7294,51.4598,436.05,1,1
2018-01-27,10,7.33333,0.0,0.166667,95,91.05,45.865,-16.0726,53.803,420.0,1,0
2018-01-27,11,7.5,0.48,0.666667,91,80.59,42.745,-10.715,48.8686,460.8,1,1
2018-01-27,12,7.66667,0.48,1.16667,88,100.0,37.685,-8.03628,50.4015,443.143,1,1
2018-01-27,13,7.83333,0.48,1.66667,89,99.105,42.935,-5.35752,51.9343,425.829,1,1
2018-01-27,14,8.0,0.48,2.16667,90,91.915,44.075,-2.67876,53.4672,408.857,1,1
2018-01-27,15,7.83333,1.47,2.33333,91,100.66,33.86,5.65688,54.391,392.229,1,1
2018-01-27,16,7.66667,1.47,2.5,92,90.63,47.91,10.6066,53.8582,405.45,1,1
2018-01-27,17,7.33333,0.99,2.5,92,44.58,72.49,15.5564,52.3254,421.2,1,0
2018-01-27,18,7.0,0.99,2.16667,93,52.18,81.71,19.7991,49.8686,453.6,1,0
2018-01-27,19,6.5,0.99,1.83333,92,74.8,98.615,24.0417,55.4119,420.0,1,0
2018-01-27,20,6.0,0.99,1.5,91,44.58,101.695,27.5773,52.0313,469.05,1,0
2018-01-27,21,5.66667,0.0,1.33333,90,52.18,100.65,31.1128,48.6507,520.8,1,-1
2018-01-27,22,5.16667,0.0,1.0,92,52.43,105.51,31.1128,53.6507,497.25,1,-1
2018-01-27,23,5.0,0.0,0.833333,88,33.29,109.32,31.1128,49.6507,569.25,1,-1
2018-01-28,1,5.33333,0.0,0.833333,84,48.66,101.435,19.2999,51.1217,559.543,1,-1
2018-01-28,4,7.0,0.0,0.5,91,56.26,95.9,-14.6414,42.6573,546.96,1,-1
2018-01-28,5,7.83333,0.0,0.5,92,49.83,103.105,-28.0765,39.7825,505.44,1,0
2018-01-28,6,8.66667,0.0,0.5,92,32.37,93.995,-35.1476,37.8536,419.76,1,0
2018-01-28,9,12.0,0.0,1.0,89,32.055,96.2,-39.5982,39.5982,275.6,1,0
2018-01-28,10,13.6667,0.0,1.33333,87,27.75,91.05,-37.4768,37.4768,259.418,1,0
2018-01-28,11,15.3333,0.0,1.66667,87,24.04,80.59,-36.9695,47.2523,188.7,1,1
2018-01-28,12,17.0,0.0,2.0,88,29.3,100.0,-26.2383,47.3451,196.725,1,1
2018-01-28,13,18.5,0.48,2.33333,88,32.485,99.105,-22.9608,55.4328,175.137,1,2
2018-01-28,14,19.6667,0.48,2.83333,89,29.615,91.915,-15.6899,58.8791,167.04,1,2
2018-01-28,15,20.3333,0.48,3.16667,90,30.17,100.66,-8.03628,61.4015,165.714,1,2
2018-01-28,16,20.5,0.48,3.5,90,37.22,90.63,0.0,62.0,171.943,1,2
2018-01-28,17,20.3333,0.48,3.66667,90,37.35,44.58,0.0,61.0,178.286,1,3
2018-01-28,18,20.1667,0.48,3.83333,90,33.48,52.18,0.0,59.0,186.66,1,3
2018-01-28,20,20.0,0.74,4.0,89,27.81,44.58,0.0,60.0,175.137,1,3
2018-01-28,21,20.0,1.48,4.0,88,26.36,52.18,0.0,61.0,173.46,1,3
2018-01-28,22,20.0,2.22,4.16667,87,29.96,52.43,0.0,61.0,178.286,1,3
2018-01-28,23,20.0,2.22,4.33333,86,16.11,33.29,0.0,60.0,180.0,1,3
2018-01-29,1,19.5,1.48,4.66667,88,14.91,48.66,0.0,58.0,193.44,0,3
2018-01-29,4,20.3333,1.94,5.0,88,14.91,56.26,-14.9245,58.0313,168.505,0,4
2018-01-29,5,21.0,2.91,5.16667,90,16.75,49.83,-7.6536,63.4776,148.5,0,4
2018-01-29,10,22.3333,2.12,6.33333,93,19.36,27.75,0.0,67.0,147.0,0,6
2018-01-29,11,22.3333,1.15,6.66667,90,17.45,24.04,0.0,67.0,147.0,0,6
2018-01-29,13,22.6667,0.79,7.5,84,20.52,32.485,0.0,68.0,141.382,0,6
2018-01-29,16,23.0,0.48,8.0,83,11.04,37.22,0.0,69.0,140.87,0,5
2018-01-29,17,22.8333,0.96,7.83333,87,13.24,37.35,0.0,69.0,140.87,0,5
2018-01-29,20,22.5,0.48,7.16667,85,17.3,27.81,-8.41896,64.3254,152.727,0,4
2018-01-29,21,22.6667,0.48,7.0,83,21.89,26.36,-17.2206,63.5746,147.0,0,4
2018-01-29,22,22.8333,0.48,6.83333,81,23.145,29.96,-26.4049,63.7477,135.873,0,3
2018-01-29,23,23.3333,0.0,6.66667,81,20.4,16.11,-27.1703,65.5955,130.226,0,3
2018-01-30,1,25.0,1.63,6.33333,83,17.33,14.91,-19.8994,48.0418,168.192,0,3
2018-01-30,3,26.0,3.26,6.0,89,11.89,9.21,0.0,54.0,162.222,0,4
2018-01-30,4,26.3333,3.26,5.83333,90,13.2,14.91,18.3849,51.0209,167.733,0,4
2018-01-30,5,26.6667,3.26,5.66667,90,9.5,16.75,36.7697,48.0418,170.769,0,3
2018-01-30,7,26.6667,1.63,4.66667,94,22.19,18.2,38.1839,49.8895,162.222,0,2
2018-01-30,8,26.6667,1.63,4.0,95,29.055,17.1,38.1839,49.8895,162.222,0,1
2018-01-30,10,27.6667,0.0,3.16667,73,23.565,19.36,38.891,50.8134,156.8,0,-2
2018-01-30,11,28.3333,0.0,2.83333,66,27.54,17.45,41.0124,53.585,144.0,0,-2
2018-01-30,13,30.3333,0.3,3.16667,61,17.47,20.52,44.5479,58.2044,128.981,0,-3
2018-01-30,17,27.8333,0.6,3.5,80,26.79,13.24,57.2759,74.8343,128.582,0,0
2018-01-30,22,19.8333,0.51,2.33333,73,32.54,23.145,41.7195,54.5089,181.895,0,-2
2018-01-31,1,18.8333,0.51,1.83333,77,34.97,17.33,40.3053,52.6612,200.34,0,-2
2018-01-31,2,18.0,0.51,1.66667,88,30.1,9.5,37.4768,48.9656,225.095,0,-1
2018-01-31,3,16.5,0.51,1.5,93,35.8,11.89,47.3764,61.9,193.768,0,0
2018-01-31,4,15.0,0.0,1.33333,98,37.4,13.2,33.9413,56.3462,239.733,0,0
2018-01-31,5,13.5,0.0,1.0,81,30.1,9.5,21.2133,50.7164,288.225,0,-3
2018-01-31,6,12.0,0.0,0.666667,87,41.74,11.89,17.3865,59.9552,266.325,0,-2
2018-02-01,4,14.5,1.12,2.5,82,26.78,37.4,30.0657,5.35752,239.4,0,-1
2018-03-13,14,19.1667,0.0,10.1667,61,8.21,19.82,-7.6536,57.4776,186.66,0,4
2018-03-13,15,19.0,0.0,10.5,59,9.41,18.41,0.0,58.0,193.44,0,4
2018-03-13,17,17.3333,0.0,11.0,65,15.75,11.04,0.0,52.0,232.737,0,4
2018-03-13,18,15.6667,0.0,11.0,71,26.2,12.42,0.0,65.0,208.042,0,5
2018-03-13,19,14.0,0.0,10.6667,77,17.78,13.05,-3.8268,55.2388,266.965,0,5
2018-03-13,20,12.3333,0.0,10.1667,78,15.03,11.59,-10.1908,61.6028,256.941,0,5
2018-03-13,21,11.0,0.0,9.66667,76,13.13,11.2,-16.5548,50.9668,323.025,0,4
2018-03-13,22,9.83333,0.0,8.83333,75,17.05,8.61,-22.9188,57.3308,300.0,0,3
2018-03-14,3,9.5,0.0,6.0,84,27.3,16.755,-27.2698,47.8354,339.2,0,2
2018-03-14,4,9.66667,0.0,5.5,84,21.46,15.995,-27.9769,48.5425,325.867,0,2
2018-03-14,5,9.83333,0.0,4.83333,85,17.63,23.505,-28.684,49.2496,312.8,0,1
2018-03-14,6,10.0,0.0,4.33333,87,19.44,15.66,-32.311,48.0058,300.0,0,2
2018-03-14,11,11.3333,0.76,6.0,65,18.73,7.52,-16.0726,50.803,309.12,0,2
2018-03-14,12,12.1667,1.52,6.66667,68,24.7,7.42,-12.2458,55.5642,262.08,0,3
2018-03-14,13,13.1667,2.0,7.33333,68,18.34,11.16,-4.20948,51.1627,270.327,0,2
2018-03-14,14,14.1667,2.0,7.83333,68,21.43,8.21,11.3138,55.7821,225.5,0,2
2018-03-14,15,15.1667,2.0,7.83333,70,31.18,9.41,23.3346,59.488,196.114,0,2
2018-03-14,16,16.0,1.24,7.66667,64,19.15,13.28,35.3555,61.194,180.0,0,0
2018-03-14,17,16.3333,1.72,7.33333,62,24.02,15.75,36.0626,43.4328,232.941,0,-1
2018-03-14,18,16.1667,0.96,7.0,63,25.06,26.2,47.3764,54.7465,180.0,0,-1
2018-03-14,19,15.5,0.48,6.5,67,43.28,17.78,45.255,48.9401,202.024,0,-1
2018-03-14,20,14.5,0.48,5.83333,71,30.69,15.03,41.7195,41.7195,241.553,0,-1
2018-03-14,21,13.3333,0.48,5.33333,72,26.945,13.13,37.4768,37.4768,288.225,0,-1
2018-03-14,22,12.0,0.48,4.83333,74,26.3,17.05,44.5479,44.5479,266.325,0,-1
2018-03-14,23,10.8333,0.48,4.5,75,32.97,23.42,39.5982,39.5982,318.171,0,-1
2018-03-15,0,10.0,0.48,4.0,75,32.73,38.07,36.0626,38.0135,359.9,0,-1
2018-03-17,9,20.1667,0.15,-6.5,72,15.25,24.43,29.8321,-52.0213,173.46,1,-11
2018-03-17,10,21.0,0.3,-6.33333,62,15.99,23.68,23.7262,-57.2806,167.04,1,-11
2018-03-17,11,21.8333,0.15,-6.0,59,19.69,20.45,25.2569,-60.9761,147.714,1,-11
2018-03-17,12,22.8333,0.15,-5.5,57,10.52,18.1,26.7876,-64.6716,125.314,1,-11
2018-03-17,13,23.8333,0.15,-5.0,56,9.1,15.81,19.5167,-47.1179,174.048,1,-11
2018-03-17,14,24.8333,0.15,-4.5,58,11.53,12.24,19.8994,-48.0418,170.769,1,-11
2018-03-17,15,25.8333,0.15,-4.33333,58,13.35,11.77,20.282,-48.9656,165.092,1,-12
2018-03-17,16,26.3333,0.0,-4.33333,47,11.49,12.79,20.6647,-49.8895,162.222,1,-15
2018-03-17,17,26.6667,0.0,-4.5,47,13.13,13.3,20.6647,-49.8895,162.222,1,-15
2018-03-17,18,27.0,0.0,-4.83333,49,25.01,13.41,20.6647,-49.8895,162.222,1,-15
2018-03-17,19,27.3333,0.0,-5.16667,50,22.99,18.51,21.0474,-50.8134,156.8,1,-15
2018-03-17,20,27.5,0.0,-5.66667,51,20.24,21.16,21.4301,-51.7373,154.286,1,-16
2018-03-17,21,27.8333,0.0,-6.0,51,30.95,15.78,21.4301,-51.7373,154.286,1,-16
2018-03-17,22,28.1667,0.0,-6.5,51,26.68,8.795,21.8128,-52.6612,149.1,1,-16
2018-03-18,0,28.8333,0.0,-7.5,51,38.01,9.78,22.1954,-53.585,146.897,1,-17
2018-03-20,15,11.8333,0.25,-2.66667,61,32.05,13.57,58.0,0.0,262.08,0,-8
2018-03-20,16,12.3333,0.25,-2.16667,64,36.12,16.58,61.0,0.0,240.0,0,-8
2018-03-20,17,12.3333,0.25,-2.16667,65,35.13,29.19,51.0,0.0,286.7,0,-8
2018-03-20,18,11.8333,0.25,-2.33333,65,58.31,25.18,62.0,0.0,240.0,0,-9
2018-03-20,19,11.3333,0.25,-2.83333,65,38.3,26.23,58.3149,3.44412,279.138,0,-10
2018-03-20,20,10.6667,0.25,-3.33333,66,62.21,35.82,51.6789,9.80811,321.231,0,-11
2018-03-20,21,10.1667,0.0,-3.83333,58,52.47,34.905,45.0429,18.123,366.277,0,-12
2018-03-20,22,9.83333,0.0,-4.5,61,53.92,44.09,52.114,27.3618,321.6,0,-11
2018-03-20,23,10.0,0.0,-4.83333,69,47.635,37.39,46.8922,37.5245,323.345,0,-10
2018-03-21,4,13.8333,0.0,-5.0,86,17.89,30.455,50.8134,21.0474,251.631,0,-7
2018-03-21,5,14.5,0.0,-5.0,100,6.38,29.22,53.585,22.1954,223.385,0,-5
2018-03-21,6,15.1667,0.0,-5.16667,100,4.56,34.395,56.3567,23.3435,204.429,0,-6
2018-03-21,7,15.8333,0.0,-5.33333,100,10.36,34.3,59.1283,24.4915,187.68,0,-6
2018-03-21,8,16.3333,0.0,-5.33333,70,11.16,33.58,60.9761,25.2569,180.0,0,-9
2018-03-21,9,16.6667,0.0,-5.16667,62,12.4,38.09,47.1179,19.5167,232.941,0,-10
2018-03-21,14,18.5,0.0,-2.16667,47,34.24,38.68,52.6612,21.8128,195.789,0,-11
2018-03-21,15,18.6667,0.0,-1.66667,50,31.385,32.05,52.6612,21.8128,195.789,0,-10
2018-03-21,16,18.5,0.0,-1.16667,54,31.67,36.12,51.7373,21.4301,202.926,0,-8
2018-03-21,17,17.8333,0.0,-1.0,59,43.34,35.13,46.2044,26.18,217.579,0,-8
2018-03-21,19,14.8333,0.0,-1.66667,70,49.06,38.3,47.0356,37.294,231.8,0,-9
2018-03-21,20,13.1667,0.0,-2.33333,78,42.42,62.21,36.7697,36.7697,302.824,0,-8
2018-03-21,22,10.3333,0.0,-3.5,68,37.66,53.92,31.1128,42.0638,357.12,0,-9
2018-03-21,23,9.33333,0.0,-4.0,62,50.08,47.635,31.1128,51.0638,330.72,0,-10
2018-03-22,1,9.5,0.0,-4.0,55,39.8,49.4,12.728,51.6789,352.8,0,-11
2018-03-22,4,10.5,0.0,-4.33333,67,62.88,17.89,-12.6284,49.488,326.8,0,-10
2018-03-22,5,11.0,0.0,-4.5,73,65.99,6.38,-16.8379,50.6507,309.12,0,-9
2018-03-22,6,11.5,0.0,-4.66667,76,48.23,4.56,-21.4301,51.7373,294.0,0,-9
2018-03-22,7,12.0,0.0,-4.83333,72,69.14,10.36,-22.1954,53.585,271.745,0,-9
2018-03-22,8,12.6667,0.0,-4.5,65,61.33,11.16,-23.3435,56.3567,240.0,0,-8
2018-03-22,9,13.5,0.0,-3.83333,57,32.59,12.4,-20.6647,49.8895,255.2,0,-8
2018-03-22,11,15.3333,0.0,-1.83333,47,15.73,33.04,-29.2415,53.5955,196.114,0,-8
2018-03-22,12,16.0,0.0,-0.5,46,15.24,26.37,-35.9048,52.682,180.0,0,-8
2018-03-22,13,16.3333,0.0,0.666667,47,17.58,26.96,-36.0626,36.0626,232.941,0,-7
2018-03-22,14,16.3333,0.0,1.83333,49,15.13,34.24,-47.3764,47.3764,180.0,0,-6
2018-03-22,15,16.0,0.0,2.5,49,13.37,31.385,-45.9622,45.9622,194.541,0,-6
2018-03-22,16,15.3333,0.0,3.0,53,11.56,31.67,-43.8408,43.8408,217.412,0,-6
2018-03-22,17,14.5,0.0,2.83333,60,14.06,43.34,-41.0124,41.0124,243.6,0,-6
2018-03-22,19,12.1667,0.0,1.5,75,33.32,49.06,-47.4227,42.0107,248.88,0,-5
2018-03-22,20,11.0,0.0,0.333333,82,51.88,42.42,-45.131,34.8482,297.6,0,-6
2018-03-22,22,9.16667,0.0,-2.0,73,74.53,37.66,-50.0135,31.0716,332.677,0,-8
2018-03-22,23,8.66667,0.0,-2.83333,75,101.91,50.08,-48.2122,24.9406,381.9,0,-8
2018-03-23,0,8.5,0.0,-3.66667,74,64.07,50.34,-48.0418,19.8994,403.68,0,-9
2018-03-23,1,8.5,0.0,-4.0,71,97.83,39.8,-47.1179,19.5167,409.867,0,-9
2018-03-23,3,8.66667,0.0,-4.66667,80,62.06,51.98,-48.0418,19.8994,386.4,0,-9
2018-03-23,5,8.16667,0.0,-5.5,88,64.44,65.99,-47.1179,19.5167,409.867,0,-7
2018-03-23,6,7.83333,0.0,-5.5,89,65.26,48.23,-53.585,22.1954,374.0,0,-7
2018-03-23,7,7.5,0.0,-5.5,83,70.56,69.14,-51.7373,21.4301,402.8,0,-6
2018-03-23,8,7.16667,0.0,-5.0,78,91.59,61.33,-48.3721,22.9357,432.667,0,-5
2018-03-23,9,7.16667,0.0,-4.0,70,63.95,32.59,-46.5244,22.1704,463.6,0,-4
2018-03-23,11,7.16667,0.0,-1.0,51,63.76,15.73,-48.2792,28.2549,420.0,0,-6
2018-03-23,12,7.16667,0.0,0.5,53,25.41,15.24,-43.567,31.6606,420.0,0,-5
2018-03-23,13,7.16667,0.0,1.83333,55,22.09,17.58,-37.0998,35.9818,420.0,0,-4
2018-03-23,14,7.16667,0.0,2.83333,52,26.84,15.13,-25.6829,39.7702,420.0,0,-5
2018-03-23,15,7.0,0.0,3.5,54,27.64,13.37,-14.266,42.0412,420.0,0,-4
2018-03-23,16,7.0,0.0,3.66667,68,39.14,11.56,-2.84902,39.7702,420.0,0,-2
2018-03-23,17,7.0,0.51,3.5,72,53.4,14.06,10.6181,37.0914,436.05,0,-2
2018-03-23,18,7.0,0.51,3.16667,79,61.01,21.5,24.4763,31.3512,437.143,0,-2
2018-03-23,19,7.0,0.51,2.66667,88,62.54,33.32,32.1049,19.9343,437.143,0,-1
2018-03-23,20,7.0,0.51,2.0,98,66.05,51.88,37.4624,7.0,437.143,0,-1
2018-03-23,21,6.83333,0.51,1.16667,100,103.19,49.72,40.1411,-6.46716,437.143,0,-1
2018-03-23,22,6.66667,0.51,0.5,100,96.65,74.53,35.1914,-18.9343,454.629,0,-1
2018-03-23,23,6.5,0.0,-0.166667,97,101.43,101.91,30.2416,-29.8841,472.457,0,-2
2018-03-24,0,6.33333,0.0,-0.833333,89,71.56,64.07,21.4784,-38.1061,490.629,1,-4
2018-03-24,1,6.16667,0.0,-1.33333,81,72.97,97.83,12.1823,-43.6494,509.143,1,-5
2018-03-24,3,5.83333,0.0,-2.5,82,90.21,62.06,-2.77019,-49.456,480.0,1,-7
2018-03-24,5,5.66667,0.0,-3.66667,84,70.56,64.44,-14.2255,-47.2778,555.429,1,-8
2018-03-24,6,5.66667,0.0,-4.16667,85,73.64,65.26,-19.2004,-46.354,561.6,1,-7
2018-03-24,7,5.83333,0.0,-4.5,82,72.92,70.56,-21.4964,-45.8972,561.6,1,-6
2018-03-24,8,6.16667,0.0,-4.16667,70,54.91,91.59,-24.1752,-46.3644,540.6,1,-6
2018-03-24,9,6.83333,0.0,-3.33333,57,36.68,63.95,-24.9406,-48.2122,499.8,1,-7
2018-03-24,11,8.16667,0.0,-0.5,55,23.66,63.76,-21.0474,-50.8134,420.0,1,-4
2018-03-24,12,8.83333,0.0,1.16667,52,15.65,25.41,-21.0474,-50.8134,377.4,1,-4
2018-03-24,13,9.33333,0.0,2.83333,50,10.95,22.09,-20.282,-48.9656,361.029,1,-4
2018-03-24,14,9.66667,0.0,4.16667,46,9.83,26.84,-21.4301,-51.7373,327.6,1,-5
2018-03-24,15,9.83333,0.0,4.83333,46,7.95,27.64,-22.1954,-53.585,312.8,1,-5
2018-03-24,18,9.5,0.0,4.33333,74,7.6,61.01,-31.9866,-48.2226,312.12,1,-2
2018-03-24,19,9.0,0.0,3.33333,86,25.31,62.54,-33.8167,-44.6407,337.08,1,-2
2018-03-24,20,8.5,0.0,2.16667,96,28.97,66.05,-34.9396,-40.3516,376.32,1,-2
2018-03-24,21,8.0,0.0,1.0,95,32.77,103.19,-36.0626,-36.0626,417.72,1,-3
2018-03-24,22,7.5,0.0,-0.166667,93,41.02,96.65,-41.0124,-41.0124,386.88,1,-4
2018-03-24,23,7.16667,0.0,-1.16667,93,43.18,101.43,-38.891,-38.891,429.0,1,-4
2018-03-25,0,7.0,0.0,-2.16667,92,39.055,71.56,-36.7697,-36.7697,463.6,1,-5
2018-03-25,1,7.0,0.0,-2.83333,93,40.2,72.97,-41.7195,-41.7195,420.0,1,-5
2018-03-25,3,7.0,0.0,-3.66667,86,40.2,90.21,-39.5982,-39.5982,437.143,1,-6
2018-03-25,4,7.0,0.0,-3.83333,86,45.135,71.37,-41.1156,-37.3271,437.143,1,-6
2018-03-25,6,7.0,0.0,-4.16667,100,46.54,73.64,-30.6832,-30.1064,437.143,1,-5
2018-03-25,8,7.0,0.0,-4.0,100,36.64,54.91,-20.2508,-17.5281,437.143,1,-3
2018-03-25,10,7.16667,0.0,-2.16667,73,24.74,39.07,-21.7682,0.0,437.143,1,-1
2018-03-25,12,8.0,0.0,1.16667,58,22.57,15.65,-10.3896,26.0133,443.143,1,-1
2018-03-25,14,9.0,0.0,5.0,52,38.63,9.83,-32.0647,37.4767,393.6,1,-1
2018-03-25,18,9.16667,0.0,7.66667,66,57.44,7.6,-48.3258,28.3014,337.08,1,0
2018-03-25,20,8.66667,0.0,6.16667,82,39.57,28.97,-34.4985,10.715,376.32,1,0
2018-03-25,22,8.0,0.0,3.66667,86,27.57,41.02,-40.0418,0.76536,360.0,1,-1
2018-03-26,0,7.66667,0.0,1.5,81,35.7,39.055,-21.9552,-9.18432,405.45,0,-3
2018-03-26,2,7.16667,0.0,0.0,84,51.36,54.46,-22.0313,-9.567,448.0,0,-4
2018-03-26,4,7.0,0.0,-1.16667,95,34.26,45.135,-21.3449,5.29405,420.0,0,-3
2018-03-26,6,7.16667,0.0,-1.83333,97,18.84,46.54,-11.9204,24.3512,437.143,0,-2
2018-03-26,8,8.0,0.0,-1.66667,94,14.19,36.64,-25.9588,42.736,443.143,0,-1
2018-03-26,10,9.33333,0.0,0.166667,70,21.22,24.74,-19.8994,48.0418,377.143,0,-1
2018-03-26,12,11.6667,0.0,2.66667,55,20.89,22.57,-21.0474,50.8134,288.0,0,-2
2018-03-26,14,13.3333,0.0,5.33333,51,37.35,38.63,-21.0474,50.8134,238.255,0,-2
2018-03-26,16,13.6667,0.0,6.83333,49,54.23,35.43,-21.8128,52.6612,245.92,0,-3
2018-03-26,18,12.0,0.0,7.16667,62,40.79,57.44,-20.282,58.9656,257.92,0,-1
2018-03-26,20,9.83333,0.0,6.16667,74,46.04,39.57,-15.6899,47.8791,366.277,0,0
2018-03-26,22,8.5,0.0,4.83333,79,47.42,27.57,-16.8379,50.6507,385.527,0,0
2018-03-27,0,8.0,0.0,3.5,89,57.69,35.7,-18.7513,55.2701,373.32,0,1
2018-03-27,2,8.0,0.0,2.66667,95,64.89,51.36,-15.3072,52.9552,390.0,0,1
2018-03-27,8,7.83333,0.23,0.666667,96,69.45,14.19,18.7048,47.8435,421.2,0,0
2018-03-27,10,9.0,0.71,0.833333,88,92.74,21.22,36.2585,39.1144,360.0,0,0
2018-03-27,12,10.0,0.96,1.16667,85,53.77,20.89,50.927,26.1424,313.65,0,0
2018-03-27,14,10.8333,0.96,2.16667,72,17.59,37.35,49.8895,20.6647,309.12,0,0
2018-03-27,16,11.1667,1.06,3.16667,71,17.59,54.23,50.8134,21.0474,305.455,0,-1
2018-03-27,18,11.3333,1.16,3.66667,75,25.56,40.79,52.6612,21.8128,282.764,0,-1
2018-03-27,20,10.5,1.16,3.16667,79,43.0,46.04,51.4985,17.6033,305.455,0,-2
2018-03-27,22,8.5,0.58,1.83333,88,36.13,47.42,54.8791,11.0977,345.6,0,-2
2018-03-28,0,5.66667,0.0,0.333333,93,40.66,57.69,49.56,1.82052,464.0,0,-3
2018-03-28,8,6.0,0.28,-0.666667,94,49.12,69.45,-23.1,-27.8619,622.2,0,-1
2018-03-28,9,6.5,0.56,-0.5,84,24.965,93.14,-38.2125,-28.6022,603.2,0,-1
2018-03-28,10,7.0,0.56,0.0,78,9.46,92.74,-42.8961,-29.3661,504.9,0,-1
2018-03-28,11,7.33333,0.56,0.666667,66,17.66,91.16,-40.238,-31.5788,483.36,0,-3
2018-03-28,12,7.66667,0.56,1.5,60,13.07,53.77,-41.2755,-35.3223,420.0,0,-3
2018-03-28,13,7.83333,0.92,2.33333,58,9.44,31.58,-38.5039,-34.1743,432.0,0,-4
2018-03-28,17,8.66667,0.36,4.16667,54,13.16,21.64,-44.4807,-35.8215,360.0,0,-4
2018-03-28,18,9.16667,0.72,4.16667,61,22.795,25.56,-36.9937,-33.7465,386.4,0,-3
2018-03-28,20,10.6667,1.1,3.66667,80,28.825,43.0,-25.3564,-43.216,340.267,0,-1
2018-03-28,21,11.6667,1.84,3.33333,85,31.35,38.455,-23.9673,-48.8625,288.0,0,0
2018-03-28,22,13.0,2.58,3.0,83,26.74,36.13,-19.5167,-47.1179,281.455,0,-1
2018-03-29,0,15.5,2.22,2.0,82,28.31,40.66,-24.1088,-58.2044,180.0,0,-2
2018-03-29,3,17.1667,3.02,1.66667,79,26.88,39.57,-25.4147,-44.3567,228.8,0,-2
2018-03-29,4,17.0,3.42,1.66667,80,28.78,43.0,-36.7284,-55.6704,180.0,0,-1
2018-03-29,6,16.1667,4.56,1.83333,85,33.07,36.18,-45.9622,-45.9622,194.541,0,0
2018-03-29,7,16.0,4.56,2.0,90,37.0,65.08,-47.7995,-39.6815,202.725,0,1
2018-03-29,8,15.8333,3.42,2.16667,91,43.18,49.12,-51.2678,-34.4906,202.725,0,1
2018-03-29,9,16.0,2.28,2.33333,88,48.22,24.965,-23.954,-23.1768,202.725,0,2
2018-03-29,10,16.5,1.14,2.66667,82,49.07,9.46,-28.3462,-5.35752,187.68,0,2
2018-03-29,11,16.3333,0.0,3.16667,93,39.97,17.66,-6.97688,24.0593,220.8,0,4
2018-03-29,12,16.5,0.0,3.83333,90,36.43,13.07,-33.5835,34.6659,232.941,0,5
2018-03-29,13,16.6667,0.0,4.66667,84,22.92,9.44,-39.7064,49.448,180.0,0,5
2018-03-29,17,17.0,0.0,7.66667,70,14.85,13.16,24.7488,50.3358,221.0,0,3
2018-03-29,18,16.5,0.0,7.66667,75,14.16,22.795,36.0626,47.1179,236.733,0,2
2018-03-29,20,13.3333,0.0,6.66667,84,36.66,28.825,38.891,50.8134,275.718,0,1
2018-03-29,21,11.1667,0.0,5.5,91,36.96,31.35,43.8408,55.7632,283.412,0,1
2018-03-29,22,9.0,0.0,4.33333,92,41.09,26.74,47.3764,60.3826,300.0,0,0
2018-03-30,0,5.83333,0.0,2.16667,96,30.9,28.31,33.8248,52.3721,452.4,0,0
2018-03-30,3,6.33333,0.0,1.33333,81,38.81,26.88,8.38427,30.9371,549.067,0,-1
2018-03-30,4,7.16667,0.0,1.5,87,47.46,28.78,16.3843,30.9371,480.0,0,0
2018-03-30,6,8.5,0.0,1.66667,100,26.75,33.07,19.535,9.05304,405.6,0,1
2018-03-30,7,8.83333,0.0,1.66667,100,23.07,37.0,35.609,3.06144,401.85,0,2
2018-03-30,8,9.16667,0.0,1.66667,100,34.06,43.18,53.0,0.0,371.25,0,2
2018-03-30,9,9.66667,0.0,2.16667,89,42.33,48.22,55.0,0.0,341.85,0,3
2018-03-30,10,10.0,0.0,3.0,73,29.81,49.07,36.8373,4.20948,312.8,0,2
2018-03-30,11,10.5,0.0,4.16667,53,17.51,39.97,8.67464,8.41896,340.267,0,-1
2018-03-30,12,11.1667,0.0,5.5,47,11.36,36.43,-4.91752,19.5055,309.12,0,-1
2018-03-30,13,11.6667,0.0,6.83333,45,10.76,22.92,-19.8924,31.516,273.48,0,-1
2018-03-30,14,12.0,0.0,8.33333,44,10.66,17.65,-34.8672,43.5264,250.364,0,-1
2018-03-30,15,11.8333,0.0,9.33333,41,10.17,14.48,-29.2967,50.4035,240.0,0,-2
2018-03-30,16,11.3333,0.0,10.0,41,9.94,14.64,-22.9608,55.4328,260.0,0,-2
2018-03-30,17,10.5,0.0,10.5,39,9.57,14.85,-21.4301,51.7373,310.431,0,-2
2018-03-30,18,9.5,0.0,10.6667,48,8.64,14.16,-26.3799,56.687,300.0,0,0
2018-03-30,19,8.5,0.0,10.3333,60,11.49,21.24,-27.8722,47.3554,367.015,0,1
2018-03-30,21,7.5,0.0,9.0,72,33.7,36.96,-25.5761,20.8778,397.5,0,2
2018-03-30,23,7.66667,0.0,7.66667,64,23.0,50.56,-23.28,-14.2297,437.25,0,1
2018-03-31,0,7.83333,0.0,7.0,72,27.71,30.9,-23.28,-29.0117,425.829,1,1
2018-03-31,3,8.66667,0.0,5.83333,88,32.84,38.81,-19.134,-54.194,360.0,1,3
2018-03-31,4,9.0,0.36,5.5,89,29.52,47.46,-19.8994,-48.0418,386.4,1,3
2018-03-31,5,9.5,0.36,5.16667,88,29.95,47.8,-20.6647,-49.8895,356.4,1,4
2018-03-31,6,10.1667,0.72,5.16667,88,33.29,26.75,-21.8128,-52.6612,313.65,1,4
2018-03-31,7,10.6667,2.55,5.33333,90,36.65,23.07,-19.8994,-48.0418,326.8,1,4
2018-03-31,8,11.3333,2.55,5.5,91,37.25,34.06,-21.0474,-50.8134,297.0,1,5
2018-03-31,9,12.0,2.55,5.83333,88,32.9,42.33,-22.1954,-53.585,262.08,1,6
2018-03-31,10,12.8333,2.19,6.5,83,34.73,29.81,-19.5167,-47.1179,286.7,1,6
2018-03-31,11,13.3333,2.19,7.16667,91,39.03,17.51,-20.6647,-49.8895,255.2,1,7
2018-03-31,12,13.8333,3.13,7.83333,86,32.48,11.36,-25.9721,-48.7025,242.031,1,7
2018-03-31,13,14.3333,1.78,8.5,81,25.67,10.76,-31.6039,-47.2987,230.4,1,7
2018-03-31,14,14.8333,1.78,9.33333,79,35.46,10.66,-36.853,-44.971,228.48,1,8
2018-03-31,15,14.8333,1.78,10.1667,71,21.78,10.17,-42.4266,-42.4266,212.914,1,7
2018-03-31,16,14.3333,1.78,10.8333,67,15.16,9.94,-42.4266,-42.4266,220.0,1,7
2018-03-31,17,13.8333,1.78,11.6667,73,24.18,9.57,-42.9065,-36.4121,245.92,1,9
2018-03-31,21,12.1667,1.06,12.1667,91,28.86,33.7,-56.3567,-23.3435,249.9,1,8
2018-03-31,23,11.6667,1.06,11.0,85,27.3,23.0,-56.3567,-23.3435,249.9,1,7
