data,timeofday,windspeed6,opady6,temp6,rhumid,index_avg,prev_index_avg,wind_dir_ns,wind_dir_ew,dispel50,is_weekend,dewpt
2017-11-24,14,13.0,0.0,9.5,65,43.86,53.745,28.0657,-5.35752,245.1,0,5
2017-11-24,15,13.6667,0.0,10.1667,69,43.12,56.975,30.0657,-5.35752,239.4,0,5
2017-11-24,16,13.8333,0.0,10.5,82,46.33,58.965,56.0,0.0,242.031,0,6
2017-11-24,17,13.6667,0.0,10.3333,88,48.93,57.115,56.0,0.0,261.0,0,7
2017-11-24,18,13.6667,0.0,10.1667,85,45.02,57.03,53.0,0.0,277.114,0,6
2017-11-25,1,10.5,0.0,8.0,80,46.395,38.23,56.0,0.0,294.0,1,4
2017-11-25,2,10.5,0.0,8.0,83,44.675,38.715,38.5328,-2.67876,354.738,1,5
2017-11-25,3,9.66667,0.0,7.83333,87,43.055,35.795,34.3234,7.48392,300.0,1,5
2017-11-25,4,9.33333,0.0,7.66667,90,44.59,33.02,15.6665,13.1408,324.48,1,5
2017-11-25,5,8.16667,0.0,7.33333,96,46.095,38.145,0.00960034,7.48392,369.6,1,6
2017-11-25,6,7.5,0.0,7.0,97,45.97,37.475,5.0096,7.48392,372.3,1,6
2017-11-25,7,7.83333,0.0,6.66667,87,46.115,48.52,-11.2331,11.7266,429.0,1,4
2017-11-25,8,7.83333,0.0,6.5,87,58.71,46.545,-27.597,5.36259,408.857,1,5
2017-11-25,9,8.66667,0.0,6.5,90,61.74,43.505,-31.2926,3.83187,398.945,1,5
2017-11-25,10,9.33333,0.0,6.66667,83,48.825,47.07,-33.4366,-16.9625,386.4,1,5
2017-11-25,11,10.8333,0.0,7.0,73,38.42,43.025,-41.2651,-19.791,319.0,1,4
2017-11-25,12,12.6667,0.0,7.5,70,43.205,40.995,-46.922,-33.9332,240.0,1,4
2017-11-25,13,15.3333,0.0,8.0,74,44.15,42.535,-42.4162,-35.3806,242.031,1,5
2017-11-25,14,16.1667,0.0,8.5,68,37.2,43.86,-39.5982,-39.5982,178.971,1,4
2017-11-25,15,16.5,0.0,8.83333,71,43.47,43.12,-41.0124,-41.0124,179.082,1,4
2017-11-25,16,17.3333,0.0,8.83333,78,44.955,46.33,-42.8497,-34.7317,228.528,1,5
2017-11-25,17,17.1667,0.0,8.83333,82,41.86,48.93,-25.8497,-34.7317,192.192,1,5
2017-11-26,1,20.1667,0.0,5.66667,76,13.165,46.395,-28.3596,49.4664,188.779,1,1
2017-11-26,2,21.5,0.0,5.0,84,10.46,44.675,-14.9245,65.0313,125.621,1,2
2017-11-26,3,22.8333,0.0,4.5,87,15.675,43.055,0.0,56.0,157.076,1,1
2017-11-26,4,22.3333,0.0,4.16667,86,23.085,44.59,16.2635,77.2492,120.0,1,1
2017-11-26,5,22.1667,0.0,3.83333,85,22.81,46.095,16.2635,64.2492,176.222,1,1
2017-11-26,6,21.5,0.0,3.5,83,21.82,45.97,16.2635,55.2492,213.496,1,0
2017-11-26,7,19.0,0.0,3.0,83,23.19,46.115,27.5773,70.0313,180.0,1,0
2017-11-26,8,17.5,0.0,2.83333,79,31.25,58.71,11.3138,62.7821,195.0,1,-1
2017-11-26,9,16.8333,0.0,2.83333,78,33.575,61.74,24.0417,63.4119,194.133,1,-1
2017-11-26,10,16.8333,0.0,3.0,66,32.99,48.825,12.728,49.6298,221.4,1,-2
2017-11-26,11,16.3333,0.0,3.16667,61,30.825,38.42,12.728,51.6298,221.0,1,-3
2017-11-26,12,16.1667,0.0,3.5,51,30.18,43.205,12.728,66.6298,180.0,1,-5
2017-11-26,13,16.1667,0.0,4.0,55,28.225,44.15,0.0,65.0,208.042,1,-3
2017-11-26,14,15.8333,0.0,4.16667,54,32.23,37.2,-5.35752,58.9343,226.8,1,-4
2017-11-26,15,14.6667,0.0,4.33333,56,46.01,43.47,-11.4804,57.7164,220.0,1,-4
2017-11-26,16,13.8333,0.0,4.16667,66,51.42,44.955,-16.0726,53.803,245.92,1,-3
2017-11-26,17,13.1667,0.0,4.0,69,51.65,41.86,-20.282,48.9656,277.114,1,-3
2017-11-27,1,8.0,0.0,0.833333,70,51.095,13.165,-32.8938,32.3994,385.745,0,-4
2017-11-27,2,8.5,0.0,0.833333,70,47.78,10.46,-37.9231,26.0635,386.88,0,-4
2017-11-27,3,9.0,0.0,0.5,84,42.77,15.675,-43.216,25.3564,385.0,0,-3
2017-11-27,4,9.16667,0.0,0.333333,82,43.97,23.085,-44.0367,29.4243,356.4,0,-3
2017-11-27,5,8.83333,0.0,0.333333,81,41.46,22.81,-44.9606,29.807,352.8,0,-2
2017-11-27,6,9.0,0.0,0.333333,82,38.83,21.82,-29.6457,26.3629,380.8,0,-1
2017-11-27,7,9.16667,0.0,0.5,79,39.68,23.19,-30.3528,27.07,376.32,0,-1
2017-11-27,8,9.33333,0.0,0.666667,76,39.02,31.25,-25.3235,33.4059,352.8,0,-2
2017-11-27,9,10.1667,0.0,1.33333,80,39.04,33.575,-28.1983,30.8687,339.2,0,0
2017-11-27,10,10.8333,0.0,1.83333,76,41.23,32.99,-23.4189,30.9601,311.143,0,-1
2017-11-27,11,11.8333,0.0,2.5,65,38.36,30.825,-35.3938,42.9706,262.08,0,-2
2017-11-27,12,12.3333,0.0,3.0,64,36.355,30.18,-37.5151,45.0919,240.0,0,-2
2017-11-27,13,12.5,0.0,3.33333,66,31.845,28.225,-33.2592,40.2948,277.114,0,-1
2017-11-27,14,13.0,0.0,3.66667,70,37.645,32.23,-31.845,38.8806,291.877,0,-1
2017-11-27,15,12.3333,0.0,4.16667,59,42.005,46.01,-31.845,38.8806,291.877,0,-1
2017-11-27,16,12.1667,0.0,4.33333,76,45.09,51.42,-35.6718,48.1194,259.2,0,0
2017-11-27,17,11.8333,0.0,4.16667,75,45.63,51.65,-34.9647,47.4123,269.077,0,-1
2017-11-28,1,15.8333,0.0,0.0,67,46.75,51.095,64.0,0.0,202.024,0,-5
2017-11-28,2,15.8333,0.0,0.166667,68,46.3,47.78,64.0,0.0,180.0,0,-4
2017-11-28,3,15.5,0.0,0.5,68,40.57,42.77,64.0,0.0,187.68,0,-4
2017-11-28,4,16.0,0.0,0.833333,63,35.77,43.97,64.0,0.0,208.8,0,-4
2017-11-28,5,16.6667,0.0,1.16667,68,31.815,41.46,63.0,0.0,209.647,0,-3
2017-11-28,6,16.0,0.0,1.66667,67,28.11,38.83,51.0,0.0,225.28,0,-3
2017-11-28,7,15.6667,0.0,2.16667,64,31.705,39.68,65.0,0.0,180.0,0,-3
2017-11-28,8,15.6667,0.0,2.5,70,38.37,39.02,65.0,0.0,194.541,0,-2
2017-11-28,9,15.3333,0.0,2.66667,65,41.225,39.04,62.0,0.0,230.4,0,-3
2017-11-28,10,14.6667,0.0,3.0,69,41.3,41.23,56.0,0.0,248.571,0,-1
2017-11-28,11,14.1667,0.0,3.33333,63,34.58,38.36,55.0,0.0,264.0,0,-2
2017-11-28,12,14.5,0.0,3.66667,63,34.87,36.355,56.0,0.0,248.571,0,-2
2017-11-28,13,14.6667,0.0,4.0,59,33.81,31.845,58.0,0.0,223.385,0,-2
2017-11-28,14,15.1667,0.0,4.5,57,35.175,37.645,61.0,0.0,196.8,0,-2
2017-11-28,15,15.3333,0.0,4.83333,59,44.485,42.005,65.0,0.0,187.425,0,-2
2017-11-28,16,14.8333,0.0,4.83333,72,58.08,45.09,63.0,0.0,202.725,0,-1
2017-11-28,17,13.5,0.0,4.83333,72,54.73,45.63,57.0,0.0,252.225,0,-1
2017-11-29,1,10.0,0.0,3.33333,82,47.845,46.75,-28.6507,16.8379,302.4,0,0
2017-11-29,2,8.83333,0.0,3.0,87,47.955,46.3,-24.6507,16.8379,322.4,0,0
2017-11-29,3,8.66667,0.51,2.66667,84,48.185,40.57,-31.6507,16.8379,407.1,0,0
2017-11-29,4,7.33333,0.51,2.5,83,46.705,35.77,-30.7268,8.03628,435.771,0,-1
2017-11-29,5,6.83333,0.51,2.5,83,45.35,31.815,-36.2701,10.3324,432.0,0,0
2017-11-29,6,7.33333,1.02,2.5,79,45.5,28.11,-31.6507,1.53072,477.9,0,-1
2017-11-29,7,8.5,1.02,2.33333,82,47.47,31.705,-38.0147,-4.83327,420.0,0,-1
2017-11-29,8,9.33333,1.02,2.33333,84,53.075,38.37,-14.3849,-11.7215,375.84,0,0
2017-11-29,9,9.33333,0.51,2.33333,89,51.615,41.225,-9.38487,-11.7215,360.0,0,0
2017-11-29,10,10.1667,0.51,2.5,83,49.67,41.3,11.7778,-7.51203,300.0,0,0
2017-11-29,11,10.0,0.51,2.5,78,50.965,34.58,36.636,-6.36399,326.8,0,0
2017-11-29,12,10.1667,0.0,2.5,73,48.0,34.87,51.0,0.0,353.455,0,-1
2017-11-29,13,9.5,0.0,2.83333,76,50.725,33.81,61.0,0.0,300.0,0,0
2017-11-29,14,8.83333,0.0,3.0,78,52.795,35.175,57.0,0.0,337.08,0,0
2017-11-29,15,8.16667,0.0,3.16667,76,51.33,44.485,53.0,0.0,398.618,0,-1
2017-11-29,16,7.0,0.0,3.0,94,58.015,58.08,60.0,0.0,372.764,0,1
2017-11-29,17,6.83333,0.0,2.83333,89,65.84,54.73,53.0,0.0,468.218,0,0
2017-11-30,1,5.5,0.76,1.16667,86,74.69,47.845,-10.3232,7.905,556.5,0,-1
2017-11-30,2,6.0,1.47,0.833333,100,67.915,47.955,-22.6382,4.46088,498.343,0,0
2017-11-30,3,6.33333,1.47,0.833333,97,70.23,48.185,-34.5879,-0.48889,514.8,0,0
2017-11-30,4,7.33333,1.47,0.833333,95,71.17,46.705,-27.1969,-9.55033,550.8,0,0
2017-11-30,5,8.33333,2.21,0.833333,100,74.285,45.35,-27.25,-20.9267,492.9,0,1
2017-11-30,7,8.33333,2.19,0.666667,98,76.99,47.47,-32.0948,-41.224,374.0,0,0
2017-12-01,1,17.5,0.84,0.666667,83,44.125,74.69,42.6329,35.0561,178.971,0,-2
2017-12-01,2,19.5,0.54,0.833333,83,47.265,67.915,45.9622,50.9479,143.242,0,-2
2017-12-01,4,23.1667,0.54,1.0,83,45.335,71.17,50.9119,66.5194,125.061,0,-2
2017-12-01,5,23.3333,0.54,1.0,83,46.03,74.285,34.6484,70.2701,124.848,0,-2
2017-12-01,7,23.5,0.13,1.0,83,48.08,76.99,0.0,66.0,167.088,0,-2
2017-12-02,1,10.8333,0.03,0.666667,81,49.585,44.125,0.0,57.0,299.815,1,-2
2017-12-02,2,9.66667,0.03,0.833333,82,47.105,47.265,0.0,52.0,341.127,1,-2
2017-12-02,4,8.5,0.03,0.833333,81,46.43,45.335,-2.29608,55.5433,360.0,1,-2
2017-12-02,5,7.83333,0.03,0.833333,81,45.78,46.03,-4.59216,50.0866,425.455,1,-2
2017-12-02,6,7.16667,0.0,0.833333,75,45.72,46.98,-4.59216,57.0866,398.945,1,-2
2017-12-02,7,7.0,0.0,1.0,65,46.16,48.08,-4.59216,53.0866,453.927,1,-5
2017-12-02,8,7.16667,0.0,1.0,65,46.6,49.485,-4.59216,60.0866,420.0,1,-4
2017-12-02,9,6.83333,0.0,1.0,81,51.995,51.985,-4.59216,56.0866,436.05,1,-2
2017-12-02,10,7.0,0.0,1.16667,71,48.415,51.53,-4.59216,55.0866,420.0,1,-3
2017-12-02,11,7.0,0.0,1.33333,67,45.94,50.41,2.65369,56.0104,450.667,1,-3
2017-12-02,12,7.16667,0.0,1.66667,75,45.2,52.38,2.65369,54.0104,438.6,1,-1
2017-12-02,13,7.33333,0.0,2.0,67,45.73,53.24,4.94977,56.4672,420.0,1,-2
2017-12-02,14,7.0,0.0,2.33333,62,49.01,53.245,4.94977,50.4672,460.8,1,-3
2017-12-02,15,6.33333,0.0,2.66667,78,52.435,59.54,4.94977,55.4672,437.143,1,-1
2017-12-02,16,5.5,0.0,2.5,80,54.23,61.21,4.94977,51.4672,509.143,1,-2
2017-12-02,17,4.83333,0.0,2.33333,80,56.7,58.255,4.94977,53.4672,536.057,1,-2
2017-12-03,1,5.83333,0.0,0.5,81,69.07,49.585,-9.65843,50.3176,540.0,1,-3
2017-12-03,2,5.0,0.0,0.333333,78,66.86,47.105,-11.5718,49.937,480.0,1,-3
2017-12-03,3,5.16667,0.0,0.166667,77,65.09,47.025,-13.1025,50.6325,536.057,1,-4
2017-12-03,4,5.16667,0.0,0.0,77,62.37,46.43,-16.6381,47.1681,588.0,1,-4
2017-12-03,5,4.83333,0.0,0.0,84,61.895,45.78,-20.1736,50.7036,558.45,1,-3
2017-12-03,6,4.83333,0.0,-0.166667,86,68.3,45.72,-23.7092,46.2392,630.667,1,-3
2017-12-03,7,4.66667,0.0,-0.333333,80,70.095,46.16,-28.3286,48.1526,600.0,1,-4
2017-12-03,8,4.66667,0.0,-0.166667,75,66.41,46.6,-29.8593,42.8481,600.0,1,-3
2017-12-03,9,5.16667,0.0,0.0,79,57.06,51.995,-28.3286,43.1526,624.24,1,-2
2017-12-03,10,6.16667,0.0,0.166667,84,53.085,48.415,-20.7583,44.1901,600.0,1,-2
2017-12-03,11,6.66667,0.0,0.333333,77,52.475,45.94,-12.6306,40.568,556.5,1,-2
2017-12-03,12,7.16667,0.0,0.666667,76,51.68,45.2,-11.0999,44.8724,480.0,1,-2
2017-12-03,13,7.5,0.0,1.33333,71,49.81,45.73,-7.09023,45.1924,461.76,1,-2
2017-12-03,14,8.66667,0.0,1.5,70,50.03,49.01,-5.85076,47.2001,440.64,1,-3
2017-12-03,15,8.66667,0.0,1.5,77,52.99,52.435,-7.47885,45.3694,386.4,1,-3
2017-12-03,16,9.0,0.0,1.33333,80,58.625,54.23,-18.7926,45.3694,411.927,1,-3
2017-12-04,1,13.5,0.6,-1.0,65,48.805,69.07,-1.86864,10.715,286.971,0,-6
2017-12-04,2,14.1667,1.01,-0.833333,67,47.25,66.86,-0.24808,16.6713,255.2,0,-6
2017-12-04,3,15.1667,2.1,-0.833333,78,44.36,65.09,-27.954,23.1768,206.7,0,-4
2017-12-04,4,16.0,2.15,-0.666667,81,43.225,62.37,-41.1619,31.9615,212.625,0,-3
2017-12-04,5,16.5,1.95,-0.5,80,42.055,61.895,-41.869,32.6686,209.012,0,-3
2017-12-04,6,16.5,1.75,-0.333333,84,39.36,68.3,-31.9033,40.0213,236.64,0,-2
2017-12-04,7,17.1667,1.75,-0.166667,80,41.445,70.095,-37.2608,52.9556,207.36,0,-2
2017-12-04,8,17.3333,1.34,0.166667,82,42.325,66.41,-23.1186,58.8134,187.2,0,-2
2017-12-04,9,17.5,0.78,0.666667,72,45.215,57.06,-12.2458,49.5642,212.571,0,-3
2017-12-04,10,17.8333,0.53,1.0,74,45.035,53.085,-14.9245,56.0313,186.66,0,-2
2017-12-04,11,18.8333,1.42,1.5,74,43.625,52.475,-14.9245,55.0313,184.0,0,-1
2017-12-04,12,20.0,1.42,2.0,67,37.1,51.68,-8.03628,59.4015,178.286,0,-2
2017-12-04,13,19.5,1.42,2.33333,66,35.885,49.81,0.0,61.0,168.505,0,-2
2017-12-04,14,19.1667,1.42,2.66667,71,38.09,50.03,0.0,59.0,191.314,0,-2
2017-12-04,15,18.3333,0.89,2.83333,76,25.91,52.99,0.0,54.0,225.886,0,-1
2017-12-04,16,17.3333,0.89,3.0,79,32.08,58.625,0.0,70.0,186.514,0,-1
2017-12-05,1,15.0,0.0,0.166667,82,33.385,48.805,0.0,58.0,230.4,0,-3
2017-12-05,2,15.3333,0.0,0.166667,77,24.98,47.25,12.0209,59.706,204.429,0,-3
2017-12-05,3,15.8333,0.0,0.333333,74,26.57,44.36,12.0209,62.706,187.68,0,-3
2017-12-05,4,16.3333,0.0,0.5,82,25.96,43.225,12.0209,49.706,232.941,0,-2
2017-12-05,5,16.1667,0.0,0.5,84,22.36,42.055,0.0,51.0,232.941,0,-2
2017-12-05,6,16.5,0.0,0.5,79,20.84,39.36,0.0,65.0,194.541,0,-3
2017-12-05,7,16.5,0.0,0.5,82,24.57,41.445,0.0,65.0,194.541,0,-2
2017-12-05,8,16.5,0.0,0.333333,73,38.19,42.325,0.0,65.0,194.541,0,-4
2017-12-05,9,15.8333,0.0,0.166667,73,43.315,45.215,0.0,51.0,232.941,0,-4
2017-12-05,10,15.8333,0.94,0.166667,85,41.32,45.035,0.0,64.0,202.024,0,-1
2017-12-05,11,16.3333,0.94,0.333333,83,38.79,43.625,0.0,64.0,202.024,0,-1
2017-12-05,12,16.3333,0.94,0.833333,78,41.435,37.1,0.0,64.0,202.024,0,0
2017-12-05,13,16.1667,2.16,1.33333,75,41.945,35.885,-6.50556,49.706,232.941,0,-1
2017-12-05,14,16.5,2.16,2.0,76,43.69,38.09,-12.6284,64.488,180.0,0,0
2017-12-05,15,16.5,2.16,2.66667,85,44.9,25.91,-19.8994,48.0418,224.824,0,2
2017-12-05,16,16.1667,1.22,2.83333,91,29.79,32.08,-29.0918,57.2342,194.541,0,1
2017-12-05,17,16.5,1.22,3.0,92,24.66,38.225,-33.1929,52.1349,202.725,0,1
2017-12-06,1,26.8333,0.0,4.66667,76,27.975,33.385,0.0,58.0,149.76,0,2
2017-12-06,2,27.6667,0.0,5.16667,74,27.22,24.98,0.0,55.0,159.557,0,2
2017-12-06,3,27.6667,0.0,5.5,82,25.93,26.57,0.0,57.0,146.222,0,3
2017-12-06,4,27.5,0.0,5.66667,78,25.58,25.96,0.0,55.0,165.0,0,2
2017-12-06,5,28.1667,0.48,5.83333,74,24.57,22.36,0.0,80.0,120.0,0,2
2017-12-06,6,28.0,0.48,6.0,81,26.75,20.84,0.0,59.0,129.888,0,3
2017-12-06,7,27.8333,0.48,6.0,71,27.345,24.57,0.0,61.0,146.859,0,2
2017-12-06,8,27.6667,0.48,6.0,73,27.045,38.19,0.0,53.0,167.733,0,1
2017-12-06,9,28.0,0.48,5.83333,82,29.765,43.315,0.0,55.0,154.015,0,3
2017-12-06,10,28.6667,0.48,5.83333,75,30.355,41.32,0.0,56.0,157.076,0,2
2017-12-06,11,28.6667,0.0,5.83333,73,29.63,38.79,0.0,56.0,151.467,0,1
2017-12-06,12,29.0,0.48,5.83333,77,33.815,41.435,0.0,63.0,122.897,0,2
2017-12-06,13,29.5,0.48,5.66667,74,36.43,41.945,0.0,63.0,137.824,0,1
2017-12-06,14,30.1667,0.48,5.5,72,38.03,43.69,0.0,58.0,146.897,0,1
2017-12-06,15,30.5,1.01,5.5,79,38.625,44.9,0.0,62.0,127.531,0,2
2017-12-06,16,30.5,1.01,5.16667,85,37.54,29.79,0.0,62.0,139.418,0,2
2017-12-06,17,29.6667,1.54,4.83333,83,37.05,24.66,0.0,58.0,146.897,0,2
2017-12-07,1,26.1667,0.69,3.66667,92,30.355,27.975,0.0,51.0,179.022,0,3
2017-12-07,2,25.6667,0.69,4.0,83,28.57,27.22,0.0,76.0,124.667,0,2
2017-12-07,3,24.6667,0.69,4.33333,80,22.64,25.93,0.0,74.0,120.0,0,2
2017-12-07,4,24.5,0.0,4.5,81,22.47,25.58,0.0,72.0,134.832,0,2
2017-12-07,5,23.8333,0.0,4.66667,82,31.14,24.57,0.0,71.0,139.968,0,2
2017-12-07,6,23.6667,0.0,4.83333,83,34.895,26.75,0.0,69.0,135.873,0,2
2017-12-07,7,22.8333,0.0,4.83333,86,38.86,27.345,0.0,70.0,140.4,0,2
2017-12-07,8,21.6667,0.0,4.66667,90,39.46,27.045,0.0,66.0,157.617,0,3
2017-12-07,9,20.8333,0.0,4.83333,81,39.655,29.765,-6.88824,59.6298,187.617,0,3
2017-12-07,10,19.8333,0.0,4.83333,80,38.875,30.355,-13.3938,52.3358,214.5,0,2
2017-12-07,11,19.8333,0.0,5.0,75,37.74,29.63,-20.282,48.9656,221.0,0,1
2017-12-07,12,19.3333,0.0,5.16667,69,33.69,33.815,-22.1954,53.585,179.082,0,1
2017-12-07,13,19.1667,0.0,5.5,74,33.29,36.43,-23.3435,56.3567,163.4,0,1
2017-12-07,14,18.5,0.0,5.66667,71,36.25,38.03,-23.7262,57.2806,181.409,0,1
2017-12-07,15,18.1667,0.0,5.83333,61,46.97,38.625,-20.282,48.9656,229.14,0,0
2017-12-07,16,17.5,0.0,5.66667,78,49.51,37.54,-26.0222,62.8238,193.44,0,1
2017-12-08,1,18.3333,0.0,2.16667,69,40.56,30.355,-49.8895,20.6647,209.012,0,-3
2017-12-08,2,19.1667,0.0,2.0,63,34.775,28.57,-54.5089,22.5781,171.953,0,-4
2017-12-08,3,18.5,0.0,2.16667,59,28.74,22.64,-59.1283,24.4915,154.56,0,-5
2017-12-08,4,18.5,1.12,2.33333,63,26.08,22.47,-27.6507,16.8379,209.182,0,-4
2017-12-08,5,18.0,1.12,2.5,63,26.955,31.14,9.67464,8.41896,244.364,0,-3
2017-12-08,6,17.5,2.24,2.83333,67,25.33,34.895,23.6746,8.41896,219.927,0,-2
2017-12-08,7,16.5,2.24,3.16667,79,20.82,38.86,61.0,0.0,196.8,0,1
2017-12-08,8,15.6667,3.0,3.5,71,29.075,39.46,64.0,0.0,202.024,0,-1
2017-12-08,9,16.5,3.76,3.66667,70,32.505,39.655,64.0,0.0,180.0,0,-1
2017-12-08,10,17.1667,2.64,4.0,79,38.245,38.875,20.272,12.728,229.125,0,2
2017-12-08,11,18.0,2.64,4.5,74,38.435,37.74,-10.5773,27.5773,193.765,0,2
2017-12-08,12,18.1667,2.26,4.83333,69,32.765,33.69,-41.0124,41.0124,184.0,0,1
2017-12-08,13,18.3333,2.74,5.33333,69,36.93,33.29,-41.0124,41.0124,198.0,0,1
2017-12-08,15,16.6667,1.22,6.0,71,34.4467,46.97,-47.3764,47.3764,193.768,0,1
2017-12-08,16,14.6667,1.22,6.0,69,37.44,49.51,-42.4266,42.4266,239.733,0,0
2017-12-09,1,11.0,0.0,0.666667,71,33.01,40.56,-12.0914,36.7038,313.5,1,-5
2017-12-09,2,11.1667,0.0,0.5,70,40.06,34.775,-17.6619,29.8267,324.8,1,-5
2017-12-09,3,11.1667,0.0,0.333333,70,36.445,28.74,-18.0446,30.7506,313.5,1,-5
2017-12-09,4,11.1667,0.0,0.166667,69,24.505,26.08,-21.9378,28.1494,288.0,1,-5
2017-12-09,5,11.1667,0.0,0.0,72,24.45,26.955,-22.1082,33.1906,262.08,1,-5
2017-12-09,6,11.0,0.0,0.0,72,24.88,25.33,-23.1082,33.1906,282.764,1,-4
2017-12-09,7,11.0,0.0,0.0,75,35.87,20.82,-21.2604,32.4252,321.231,1,-4
2017-12-09,8,11.0,0.0,0.0,76,42.43,29.075,-20.495,30.5774,336.3,1,-4
2017-12-09,9,11.5,0.0,0.0,72,40.695,32.505,-16.9846,34.1026,324.8,1,-5
2017-12-09,10,12.0,0.0,0.0,67,37.19,38.245,-14.2394,39.4754,263.467,1,-5
2017-12-09,11,13.1667,0.0,0.166667,65,29.07,38.435,-20.6647,49.8895,248.727,1,-5
2017-12-09,12,14.1667,0.0,0.666667,61,27.185,32.765,-27.769,51.0406,214.338,1,-4
2017-12-09,13,15.5,0.0,1.16667,55,34.25,36.93,-36.6524,44.7704,211.68,1,-5
2017-12-09,15,16.5,0.0,2.0,55,40.095,34.4467,-33.8571,36.0219,216.72,1,-6
2017-12-09,16,15.6667,0.0,2.16667,77,42.94,37.44,-26.1218,45.0638,225.095,1,-3
2017-12-10,1,16.1667,0.25,0.0,69,34.2,33.01,-38.1174,44.6118,217.412,1,-5
2017-12-10,2,16.5,0.0,0.166667,76,34.15,40.06,-22.4115,57.1063,195.0,1,-4
2017-12-10,3,16.0,0.0,0.333333,76,29.375,36.445,-6.12288,51.7821,212.625,1,-4
2017-12-10,4,16.1667,0.0,0.166667,69,28.08,24.505,-5.35752,49.9343,240.505,1,-5
2017-12-10,5,17.0,0.0,0.0,69,26.515,24.45,-11.8631,65.6403,186.821,1,-5
2017-12-10,6,17.8333,0.0,0.0,71,24.36,24.88,-18.7513,63.2701,187.0,1,-5
2017-12-10,7,17.8333,0.0,-0.166667,73,22.055,35.87,-21.4301,51.7373,193.765,1,-5
2017-12-10,8,17.5,0.0,-0.166667,67,24.77,42.43,-28.3596,49.4664,184.0,1,-6
2017-12-10,9,17.5,0.0,-0.166667,62,31.625,40.695,-32.7851,44.1503,211.714,1,-7
2017-12-10,10,17.5,0.48,-0.166667,76,33.545,37.19,-42.6847,54.0499,186.514,1,-3
2017-12-10,11,17.6667,0.48,0.0,63,36.27,29.07,-46.6693,46.6693,200.842,1,-5
2017-12-10,12,16.8333,0.48,0.5,55,28.155,27.185,-46.6693,46.6693,180.0,1,-6
2017-12-10,13,16.1667,0.48,1.0,52,22.97,34.25,-40.238,31.5788,224.824,1,-7
2017-12-10,14,15.5,0.48,1.16667,63,26.405,35.83,-50.8447,42.1855,180.0,1,-5
2017-12-10,15,16.0,0.48,1.16667,70,35.06,40.095,-26.8238,30.1646,230.4,1,-5
2017-12-10,16,15.3333,0.0,1.16667,67,36.53,42.94,-29.0947,23.2351,226.8,1,-6
2017-12-11,1,20.5,1.04,0.666667,77,25.435,34.2,-55.4328,-22.9608,170.133,0,-2
2017-12-11,2,20.1667,0.71,1.0,74,22.555,34.15,-57.2806,-23.7262,181.409,0,-2
2017-12-11,3,20.1667,0.0,1.33333,72,20.93,29.375,-54.5089,-22.5781,181.895,0,-2
2017-12-11,4,20.6667,0.76,1.33333,90,18.465,28.08,-56.3567,-23.3435,173.46,0,-2
2017-12-11,5,19.8333,1.67,1.33333,85,18.155,26.515,-16.8791,-15.6899,167.04,0,-2
2017-12-11,6,19.5,1.67,1.33333,81,15.32,24.36,19.5985,-8.03628,184.743,0,-2
2017-12-11,7,19.6667,1.67,1.33333,79,20.445,22.055,56.0,0.0,211.714,0,-1
2017-12-11,8,19.3333,1.67,1.5,76,25.66,24.77,56.0,0.0,198.4,0,-1
2017-12-11,9,18.1667,1.67,1.83333,73,27.725,31.625,56.0,0.0,193.765,0,0
2017-12-11,10,16.5,0.91,2.66667,72,28.215,33.545,53.0,0.0,233.143,0,0
2017-12-11,11,15.8333,0.0,3.33333,70,27.705,36.27,64.0,0.0,228.0,0,0
2017-12-11,12,15.0,0.23,4.16667,68,27.065,28.155,57.0,0.0,264.333,0,0
2017-12-11,13,13.0,0.23,4.83333,68,31.075,22.97,51.0,0.0,297.0,0,1
2017-12-11,14,11.6667,0.23,5.5,70,33.615,26.405,60.0,0.0,277.714,0,2
2017-12-11,16,11.6667,0.23,5.83333,86,46.79,36.53,55.0,0.0,328.714,0,3
2017-12-12,1,18.5,0.0,8.33333,68,20.9,25.435,-21.8128,-52.6612,200.34,0,3
2017-12-12,2,18.3333,0.0,8.66667,63,17.875,22.555,-27.5942,-47.6186,202.926,0,3
2017-12-12,3,17.8333,0.0,8.33333,78,14.83,20.93,-32.3442,-42.0858,213.333,0,3
2017-12-12,4,16.6667,0.0,8.16667,75,15.44,18.465,-18.3442,-42.0858,180.0,0,3
2017-12-12,5,15.0,0.0,8.16667,69,18.0,18.155,-23.4664,-30.4308,222.821,0,3
2017-12-12,6,13.6667,0.0,8.16667,68,19.765,15.32,-1.03131,-16.9957,293.647,0,3
2017-12-12,7,13.0,0.0,8.0,65,15.91,20.445,8.96869,-16.9957,274.447,0,2
2017-12-12,8,13.0,0.0,7.66667,68,26.32,25.66,35.9896,-4.97484,268.029,0,3
2017-12-12,9,13.6667,0.0,8.33333,61,24.955,27.725,18.294,6.50556,270.667,0,3
2017-12-12,10,15.1667,0.0,8.5,64,17.595,28.215,-3.43394,19.2335,180.0,0,1
2017-12-12,11,17.8333,0.0,8.33333,54,16.79,27.705,-36.8529,39.5589,186.353,0,0
2017-12-12,12,20.5,0.0,8.5,50,15.56,27.065,-30.7139,56.1503,137.8,0,-1
2017-12-12,13,22.3333,0.0,8.66667,47,14.725,31.075,-33.5879,33.0467,174.048,0,-2
2017-12-12,14,24.1667,0.0,8.66667,45,12.485,33.615,-42.4057,28.3345,170.769,0,-4
2017-12-12,16,25.6667,0.48,7.5,55,18.12,46.79,-37.4768,37.4768,170.357,0,-4
2017-12-13,1,23.5,0.0,3.0,56,15.125,20.9,-33.8668,58.762,140.87,0,-5
2017-12-13,2,22.8333,0.0,2.83333,58,14.97,17.875,-33.8668,58.762,140.87,0,-5
2017-12-13,3,21.8333,0.0,2.66667,61,15.81,14.83,-33.1014,56.9142,151.93,0,-5
2017-12-13,4,20.8333,0.0,2.5,65,12.845,15.44,-24.2998,53.665,181.409,0,-4
2017-12-13,5,19.6667,0.0,2.16667,62,20.535,18.0,-8.03628,54.4015,211.714,0,-5
2017-12-13,6,18.1667,0.0,1.83333,62,24.96,19.765,0.0,51.0,236.733,0,-6
2017-12-13,7,16.1667,0.0,1.33333,68,38.36,15.91,0.0,65.0,201.4,0,-5
2017-12-13,8,14.5,0.0,1.16667,65,47.995,26.32,0.0,58.0,249.882,0,-5
2017-12-13,9,13.0,0.0,1.0,68,47.715,24.955,-4.20948,51.1627,297.6,0,-4
2017-12-13,10,11.8333,0.0,0.833333,73,44.015,17.595,-10.5735,57.5267,284.625,0,-3
2017-12-13,11,11.3333,0.0,1.0,70,46.99,16.79,-17.6446,48.5978,328.714,0,-3
2017-12-13,12,10.6667,0.0,1.33333,60,43.42,15.56,-26.837,43.7902,317.127,0,-4
2017-12-13,13,10.5,0.0,2.16667,53,43.325,14.725,-30.6638,42.029,329.018,0,-3
2017-12-13,14,10.3333,0.0,2.66667,54,43.155,12.485,-33.5254,38.9374,326.8,0,-4
2017-12-13,15,10.8333,0.0,3.0,56,43.72,11.74,-17.1614,32.5734,321.48,0,-5
2017-12-13,16,10.6667,0.0,3.16667,78,56.67,18.12,1.90967,25.5023,321.231,0,-2
2017-12-14,1,18.8333,0.0,0.0,61,39.145,15.125,-51.7373,-21.4301,198.4,0,-7
2017-12-14,2,20.0,0.0,0.166667,63,33.87,14.97,-55.4328,-22.9608,180.0,0,-6
2017-12-14,3,21.3333,0.0,0.333333,59,26.53,15.81,-12.9552,-15.3072,144.0,0,-6
2017-12-14,4,21.1667,0.0,0.666667,60,20.62,12.845,29.6746,-8.41896,120.0,0,-5
2017-12-14,5,21.8333,0.0,1.0,66,21.35,20.535,67.0,0.0,156.75,0,-4
2017-12-14,6,23.0,0.0,1.33333,61,25.34,24.96,20.8269,-9.18432,166.108,0,-5
2017-12-14,7,23.6667,0.0,1.66667,63,34.5,38.36,19.8269,-9.18432,126.0,0,-4
2017-12-14,8,23.6667,0.51,1.83333,65,40.505,47.995,0.97912,9.94968,174.048,0,-4
2017-12-14,9,22.1667,0.51,2.0,63,35.975,47.715,24.9791,9.94968,120.0,0,-4
2017-12-14,10,21.6667,0.51,2.0,72,34.145,44.015,16.9791,9.94968,166.108,0,-2
2017-12-14,11,20.5,0.51,2.16667,65,29.385,46.99,55.0,0.0,231.15,0,-3
2017-12-14,12,19.6667,0.51,2.5,68,28.365,43.42,72.0,0.0,192.4,0,-2
2017-12-14,13,18.6667,0.51,3.0,64,28.965,43.325,12.5224,7.6536,221.4,0,-2
2017-12-14,14,17.5,0.0,3.33333,64,18.82,43.155,-19.9552,15.3072,186.353,0,-2
2017-12-14,15,19.0,0.79,3.5,77,18.41,43.72,-19.9552,15.3072,200.34,0,-1
2017-12-14,16,21.3333,1.58,3.66667,74,32.295,56.67,-25.4985,17.6033,160.74,0,-2
2017-12-15,1,14.6667,0.5,1.33333,66,20.62,39.145,-31.1895,41.8955,255.84,0,-5
2017-12-15,2,14.8333,0.25,1.33333,69,15.945,33.87,-33.5282,22.5862,202.8,0,-3
2017-12-15,3,16.0,0.25,1.16667,81,24.1,26.53,-47.0715,24.8823,190.615,0,-2
2017-12-15,4,17.5,0.0,1.16667,78,31.915,20.62,-55.4328,22.9608,180.0,0,-2
2017-12-15,5,16.8333,0.0,1.16667,77,33.72,21.35,-52.6612,21.8128,204.8,0,-3
2017-12-15,6,15.8333,0.0,1.0,80,44.66,25.34,-62.8238,26.0222,199.886,0,-3
2017-12-15,7,13.6667,0.0,0.833333,82,44.22,34.5,-36.4224,17.986,295.579,0,-3
2017-12-15,8,11.8333,0.0,0.333333,88,59.405,40.505,-29.4224,17.986,307.705,0,-3
2017-12-15,9,10.6667,0.0,0.166667,83,65.65,35.975,-1.86864,10.715,380.824,0,-3
2017-12-15,10,9.5,0.56,0.166667,77,48.025,34.145,-12.9552,6.12288,329.224,0,-2
2017-12-15,11,9.5,0.56,0.333333,72,45.3,29.385,-6.48804,-4.20948,347.564,0,-2
2017-12-15,12,10.1667,0.86,0.833333,73,51.605,28.365,-0.53484,-18.5816,300.0,0,-2
2017-12-15,13,10.6667,0.86,1.33333,78,48.91,28.965,-24.6975,-22.7911,309.12,0,-1
2017-12-15,14,10.6667,0.86,2.0,73,54.855,18.82,-41.7686,-29.8622,324.8,0,-1
2017-12-15,15,10.5,0.86,2.5,76,57.82,18.41,-37.7532,-32.3412,334.08,0,-1
2017-12-16,1,11.1667,0.0,0.666667,86,46.945,20.62,-7.6536,56.4776,305.52,1,-2
2017-12-16,2,10.0,0.0,0.5,82,46.725,15.945,-7.6536,50.4776,354.738,1,-2
2017-12-16,3,9.33333,0.0,0.333333,81,40.76,24.1,-13.3105,56.1345,332.677,1,-3
2017-12-16,4,9.0,0.0,0.166667,84,41.46,31.915,-21.6254,46.5786,349.92,1,-2
2017-12-16,5,8.83333,0.0,0.0,78,46.915,33.72,-24.6868,43.9696,385.527,1,-3
2017-12-16,6,8.0,0.0,0.0,77,43.66,44.66,-20.4774,43.807,380.8,1,-3
2017-12-16,7,7.16667,0.0,0.0,87,47.175,44.22,-24.1729,45.3377,388.267,1,-2
2017-12-16,8,6.83333,0.0,0.0,83,50.965,59.405,-22.2595,40.7183,463.6,1,-2
2017-12-16,9,6.83333,0.0,0.0,77,50.75,65.65,-26.5021,44.9609,435.2,1,-3
2017-12-16,10,7.0,0.0,0.166667,84,47.515,48.025,-26.5021,44.9609,420.0,1,-2
2017-12-16,11,7.5,0.0,0.333333,75,43.26,45.3,-20.8453,48.3041,420.0,1,-3
2017-12-16,12,9.0,0.0,0.5,73,44.665,51.605,-9.4689,50.4689,429.0,1,-3
2017-12-16,13,11.5,0.0,0.833333,71,51.735,48.91,-5.77338,51.9382,300.0,1,-3
2017-12-16,14,12.5,0.0,1.16667,71,55.815,54.855,0.0,54.0,234.667,1,-3
2017-12-16,15,12.8333,0.0,1.5,76,60.085,57.82,0.0,57.0,232.615,1,-2
2017-12-17,1,10.5,0.0,0.666667,74,52.875,46.945,-35.3223,41.2755,321.231,1,-3
2017-12-17,2,10.1667,0.0,0.833333,79,49.645,46.725,-38.3838,48.6666,300.0,1,-3
2017-12-17,3,10.0,0.0,1.0,74,47.25,40.76,-33.4008,49.6368,311.1,1,-3
2017-12-17,4,9.66667,0.0,1.0,71,46.5,41.46,-29.125,51.3142,311.564,1,-4
2017-12-17,5,10.1667,0.0,1.0,74,47.01,46.915,-27.7108,49.8999,300.0,1,-4
2017-12-17,6,9.83333,0.0,0.833333,75,47.625,43.66,-29.8321,52.0213,300.0,1,-4
2017-12-17,7,10.0,0.0,0.666667,77,47.61,47.175,-28.9251,40.8316,353.455,1,-3
2017-12-17,8,9.5,0.0,0.5,77,47.71,50.965,-35.2891,47.1955,311.564,1,-3
2017-12-17,9,9.0,0.0,0.5,75,48.51,50.75,-36.7365,42.6897,347.564,1,-3
2017-12-17,10,8.33333,0.0,0.5,82,48.485,47.515,-38.1839,38.1839,366.667,1,-2
2017-12-17,11,7.33333,0.0,0.5,76,48.11,43.26,-34.6484,42.8033,360.0,1,-2
2017-12-17,12,7.0,0.0,1.0,64,43.85,44.665,-23.2844,36.4394,439.855,1,-3
2017-12-17,13,6.66667,0.05,1.5,66,39.825,51.735,-20.456,33.6109,479.467,1,-3
2017-12-17,14,7.0,0.05,2.0,67,40.87,55.815,-25.4057,38.5607,435.2,1,-3
2017-12-17,15,6.66667,0.05,2.16667,67,44.225,60.085,-22.8685,41.4355,420.0,1,-4
2017-12-18,1,3.83333,0.0,-0.666667,73,75.72,52.875,-9.70393,23.3833,731.88,0,-5
2017-12-18,2,4.83333,0.0,-1.0,78,68.775,49.645,-4.16065,25.6793,679.32,0,-5
2017-12-18,3,5.66667,0.0,-1.16667,81,59.005,47.25,9.35327,13.9587,699.84,0,-4
2017-12-18,4,6.16667,0.0,-1.16667,80,54.46,46.5,19.8888,10.4232,648.96,0,-4
2017-12-18,5,6.83333,0.0,-1.16667,75,55.095,47.01,19.8888,12.4232,600.0,0,-5
2017-12-18,6,6.5,0.0,-1.33333,71,53.915,47.625,25.2721,16.7241,540.0,0,-6
2017-12-18,7,7.0,0.0,-1.5,82,51.33,47.61,27.4517,23.986,530.4,0,-5
2017-12-18,8,6.83333,0.0,-1.5,82,52.74,47.71,38.7655,27.3512,457.6,0,-4
2017-12-18,9,6.83333,0.0,-1.5,76,50.745,48.51,37.7152,32.301,438.6,0,-5
2017-12-18,10,5.66667,0.0,-1.5,85,50.11,48.485,32.172,37.0049,452.4,0,-4
2017-12-18,11,5.0,0.0,-1.5,73,49.865,48.11,32.172,37.0049,514.8,0,-5
2017-12-18,12,4.66667,0.0,-1.16667,67,48.99,43.85,23.6329,36.7151,595.2,0,-5
2017-12-18,13,3.66667,0.0,-0.666667,63,45.915,39.825,25.4806,35.9497,620.229,0,-6
2017-12-18,14,3.66667,0.0,-0.166667,63,46.715,40.87,28.4806,35.9497,620.743,0,-5
2017-12-18,15,3.33333,0.0,0.0,67,46.485,44.225,27.9478,38.6285,620.743,0,-5
2017-12-18,16,4.0,0.0,0.0,90,44.18,54.3,32.5672,33.5419,663.257,0,-3
2017-12-19,1,8.66667,0.0,-2.0,77,47.99,75.72,17.0621,47.9888,377.4,0,-6
2017-12-19,2,9.0,0.0,-2.16667,77,48.6833,68.775,8.57675,48.5035,377.143,0,-6
2017-12-19,3,8.5,0.0,-2.33333,77,49.58,59.005,3.62698,52.5537,376.32,0,-6
2017-12-19,4,8.0,0.0,-2.5,77,48.08,54.46,-6.12288,49.7821,417.72,0,-6
2017-12-19,5,8.33333,0.0,-2.66667,74,48.615,55.095,-11.0726,54.7318,386.88,0,-7
2017-12-19,6,8.33333,0.0,-2.83333,72,49.645,53.915,-11.0726,53.7318,360.0,0,-7
2017-12-19,7,8.5,0.0,-3.0,70,46.68,51.33,-14.5168,55.0468,360.0,0,-8
2017-12-19,8,8.66667,0.0,-3.16667,70,52.37,52.74,-11.0726,47.7318,409.867,0,-8
2017-12-19,9,9.16667,0.0,-3.16667,68,48.38,50.745,-14.8995,47.9706,377.143,0,-8
2017-12-19,10,9.33333,0.0,-3.0,78,49.645,50.11,-16.0475,50.7423,329.829,0,-6
2017-12-19,11,9.66667,0.0,-2.83333,70,50.39,49.865,-14.1592,53.1836,339.2,0,-7
2017-12-19,12,9.5,0.0,-2.5,68,51.105,48.99,-14.1592,55.1836,312.8,0,-6
2017-12-19,13,9.66667,0.0,-2.16667,66,54.095,45.915,-13.7765,54.2597,337.08,0,-6
2017-12-19,14,9.0,0.0,-1.66667,69,55.8,46.715,-17.986,54.4224,324.48,0,-6
2017-12-19,15,8.33333,0.0,-1.33333,75,61.54,46.485,-16.4552,50.7268,376.32,0,-5
2017-12-19,16,8.0,0.0,-1.33333,93,63.505,44.18,-18.7513,56.2701,360.0,0,-3
2017-12-20,1,4.0,0.0,-2.0,91,73.045,47.99,-35.0412,35.794,582.4,0,-4
2017-12-20,2,4.33333,0.0,-2.0,77,62.26,48.6833,-36.4407,31.7815,626.4,0,-5
2017-12-20,3,5.16667,0.0,-2.0,82,57.1133,49.58,-29.9019,31.7815,641.143,0,-5
2017-12-20,4,6.0,0.0,-2.0,94,53.385,48.08,-28.0136,34.2227,635.25,0,-3
2017-12-20,5,6.5,0.0,-2.0,93,48.22,48.615,-20.6225,39.1613,620.229,0,-3
2017-12-20,6,6.66667,0.0,-2.16667,91,51.165,49.645,-9.20562,36.8903,566.1,0,-4
2017-12-20,7,7.66667,0.0,-2.16667,91,53.215,46.68,-3.10781,36.5858,480.0,0,-4
2017-12-20,8,7.83333,0.0,-2.33333,96,52.245,52.37,10.4304,40.9781,420.0,0,-3
2017-12-20,9,7.83333,0.0,-2.16667,80,52.515,48.38,24.619,42.1011,413.4,0,-4
2017-12-23,1,17.1667,0.0,2.0,76,23.48,26.86,0.0,52.0,212.571,1,-2
2017-12-23,10,19.6667,1.27,2.33333,87,36.37,19.27,0.0,59.0,177.0,1,1
2017-12-23,11,20.5,1.27,2.5,79,41.025,18.12,0.0,66.0,137.242,1,-1
2017-12-23,12,21.5,1.45,2.66667,85,41.905,23.74,-8.03628,66.4015,141.382,1,1
2017-12-23,13,22.5,1.45,2.66667,85,39.82,28.565,-25.0069,61.3721,145.2,1,1
2017-12-23,14,24.0,1.45,3.0,81,38.815,27.84,-34.1912,58.5452,130.743,1,1
2017-12-23,15,25.6667,1.55,3.33333,86,38.08,32.51,-9.18432,50.1731,165.6,1,2
2017-12-23,17,28.5,0.51,3.66667,86,30.31,21.59,0.0,64.0,127.5,1,2
2017-12-23,18,29.6667,0.33,3.83333,90,31.665,22.13,0.0,63.0,131.962,1,3
2017-12-23,19,30.6667,0.33,4.16667,89,28.88,31.855,0.0,62.0,133.548,1,4
2017-12-23,20,31.0,0.33,4.33333,90,24.62,27.645,0.0,61.0,138.194,1,4
2017-12-23,21,30.8333,0.36,4.66667,82,23.55,22.93,0.0,60.0,140.0,1,3
2017-12-23,22,30.8333,0.36,5.0,92,26.54,26.125,0.0,61.0,135.24,1,5
2017-12-23,23,32.0,0.26,5.5,87,30.98,25.74,0.0,63.0,128.981,1,5
2017-12-24,0,32.3333,0.26,6.0,79,30.99,21.32,0.0,70.0,102.3,1,4
2017-12-24,1,33.1667,0.26,6.5,82,27.47,23.48,0.0,71.0,116.368,1,5
2017-12-24,2,34.3333,0.26,7.0,79,26.39,20.59,0.0,68.0,113.455,1,5
2017-12-24,3,34.1667,0.13,7.33333,73,25.17,17.98,0.0,72.0,103.68,1,4
2017-12-24,4,34.3333,0.13,7.66667,77,23.27,18.07,0.0,67.0,129.405,1,5
2017-12-24,5,33.5,0.25,7.83333,73,24.44,18.655,0.0,63.0,125.96,1,4
2017-12-24,6,33.8333,0.5,8.0,75,26.645,18.025,0.0,66.0,121.818,1,4
2017-12-24,7,33.3333,0.5,8.16667,81,21.22,16.32,0.0,68.0,113.455,1,6
2017-12-24,8,32.5,0.5,8.16667,79,16.1,18.91,0.0,67.0,123.566,1,5
2017-12-24,9,32.0,0.5,8.16667,80,12.535,31.98,0.0,64.0,127.5,1,5
2017-12-24,10,31.1667,0.5,8.16667,87,10.11,36.37,0.0,59.0,150.562,1,6
2017-12-24,11,30.3333,0.25,8.16667,83,8.56,41.025,0.0,55.0,156.8,1,5
2017-12-24,12,29.3333,0.28,8.16667,86,12.325,41.905,0.0,56.0,154.286,1,6
2017-12-24,13,28.6667,0.28,8.0,80,11.69,39.82,0.0,57.0,149.1,1,5
2017-12-24,14,28.0,0.28,8.0,80,11.225,38.815,0.0,57.0,151.945,1,5
2017-12-24,15,27.8333,0.28,8.0,84,17.255,38.08,0.0,56.0,154.286,1,5
2017-12-24,17,27.8333,1.44,8.0,77,19.235,30.31,0.0,55.0,154.015,1,4
2017-12-24,18,27.5,1.16,8.0,79,24.42,31.665,0.0,56.0,157.076,1,4
2017-12-24,19,28.1667,1.16,8.0,79,25.365,28.88,0.0,54.0,162.222,1,4
2017-12-24,20,28.5,1.16,7.83333,74,25.13,24.62,0.0,59.0,136.0,1,3
2017-12-24,21,28.8333,1.39,7.83333,76,18.93,23.55,0.0,62.0,136.5,1,4
2017-12-24,22,28.8333,0.81,7.83333,76,14.615,26.54,0.0,58.0,149.76,1,4
2017-12-24,23,28.6667,0.23,7.83333,70,11.655,30.98,0.0,57.0,149.1,1,3
2017-12-25,0,28.6667,0.23,7.83333,70,12.86,30.99,0.0,55.0,162.29,1,3
2017-12-25,1,27.8333,0.23,7.83333,73,10.965,27.47,0.0,53.0,165.092,1,3
2017-12-25,2,27.5,0.23,8.0,76,11.925,26.39,0.0,54.0,162.222,1,4
2017-12-25,3,27.6667,0.0,8.0,74,11.055,25.17,0.0,55.0,156.8,1,4
2017-12-25,4,27.1667,0.0,8.0,71,10.445,23.27,0.0,57.0,149.1,1,3
2017-12-25,5,27.0,0.0,8.0,74,11.645,24.44,0.0,55.0,162.29,1,4
2017-12-25,6,26.6667,0.0,8.0,69,11.48,26.645,0.0,51.0,176.538,1,3
2017-12-25,7,26.3333,0.0,8.0,69,11.81,21.22,0.0,76.0,120.0,1,3
2017-12-25,8,25.6667,0.0,8.0,73,14.59,16.1,0.0,75.0,120.0,1,4
2017-12-25,9,24.5,0.0,8.0,69,16.04,12.535,-9.18432,72.1731,124.848,1,2
2017-12-25,10,23.8333,0.0,8.0,78,16.63,10.11,-17.6033,67.4985,139.968,1,4
2017-12-25,11,23.0,0.0,8.0,74,22.375,8.56,-26.0222,62.8238,151.2,1,4
2017-12-25,12,22.6667,0.0,8.16667,70,24.78,12.325,-24.4915,59.1283,164.509,1,4
2017-12-25,13,23.5,0.0,8.33333,69,25.53,11.69,-24.8742,60.0522,158.564,1,3
2017-12-25,14,24.1667,0.0,8.33333,72,23.335,11.225,-20.282,48.9656,157.043,1,3
2017-12-25,15,23.6667,0.0,8.16667,78,22.815,17.255,-22.1954,53.585,149.76,1,4
2017-12-25,16,22.0,0.0,8.0,79,18.135,14.955,-29.4664,71.1388,133.56,1,4
2017-12-25,17,21.0,0.0,7.66667,82,20.575,19.235,-22.5781,54.5089,221.786,1,3
2017-12-25,18,19.0,0.0,7.16667,83,26.31,24.42,-27.9356,67.4432,209.786,1,3
2017-12-25,19,16.8333,0.0,6.66667,82,23.715,25.365,-21.4301,51.7373,278.526,1,3
2017-12-25,20,14.6667,0.0,6.33333,82,27.59,25.13,-26.18,46.2044,255.2,1,3
2017-12-25,21,14.0,0.0,6.0,85,27.945,18.93,-32.1945,45.7245,239.4,1,3
2017-12-25,22,14.6667,0.0,5.66667,88,30.59,14.615,-37.4436,43.3969,208.145,1,3
2017-12-25,23,15.0,0.0,5.5,86,35.695,11.655,-44.5479,44.5479,209.647,1,2
2017-12-26,0,14.5,0.0,5.16667,88,34.04,12.86,-43.8408,43.8408,203.52,1,2
2017-12-26,1,13.1667,0.0,4.83333,87,38.525,10.965,-38.891,38.891,264.0,1,2
2017-12-26,2,12.6667,0.0,4.33333,86,42.415,11.925,-47.206,42.3352,248.88,1,1
2017-12-26,3,11.6667,0.0,4.0,87,43.645,11.055,-47.6859,36.3207,284.625,1,1
2017-12-26,4,10.8333,0.0,3.5,88,45.275,10.445,-44.687,28.451,353.4,1,0
2017-12-26,5,10.1667,0.0,2.83333,93,43.41,11.645,-33.687,28.451,309.825,1,0
2017-12-26,6,11.5,0.0,2.33333,92,41.49,11.48,-4.7164,11.4804,313.6,1,0
2017-12-26,7,12.1667,0.0,1.83333,88,40.695,11.81,19.5985,8.03628,260.0,1,0
2017-12-26,8,12.0,0.0,1.33333,94,38.305,14.59,52.0,0.0,270.327,1,-1
2017-12-26,9,13.0,0.0,1.0,87,40.695,16.04,52.0,0.0,276.0,1,-1
2017-12-26,10,13.0,0.0,1.16667,76,38.68,16.63,55.0,0.0,269.925,1,-1
2017-12-26,11,13.3333,0.0,1.66667,74,35.645,22.375,66.0,0.0,240.0,1,0
2017-12-26,12,13.1667,0.0,2.5,63,36.055,24.78,51.0,0.0,281.455,1,0
2017-12-26,13,13.3333,0.0,3.5,57,36.89,25.53,55.0,0.0,264.0,1,-1
2017-12-26,14,13.8333,0.0,4.66667,57,39.84,23.335,54.0,0.0,248.727,1,-1
2017-12-26,15,13.6667,0.0,5.5,70,42.985,22.815,57.0,0.0,239.4,1,1
2017-12-26,16,14.3333,0.0,6.0,73,48.58,18.135,57.0,0.0,245.92,1,2
2017-12-26,17,15.0,0.0,6.33333,82,49.73,20.575,28.1418,5.7402,239.4,1,3
2017-12-26,18,14.8333,0.0,6.0,87,49.505,26.31,-2.48804,12.6284,204.429,1,2
2017-12-26,19,15.3333,0.0,5.5,78,47.005,23.715,-2.48804,12.6284,204.429,1,1
2017-12-26,20,16.1667,0.0,5.0,78,47.145,27.59,0.511961,12.6284,187.68,1,1
2017-12-26,21,15.8333,0.0,4.33333,83,46.025,27.945,-3.18356,14.1592,180.0,1,0
2017-12-26,22,14.8333,0.0,3.66667,80,45.48,30.59,25.4463,7.27092,196.114,1,-1
2017-12-26,23,13.8333,0.0,3.16667,81,41.445,35.695,20.4463,7.27092,258.353,1,0
2017-12-27,0,13.5,0.0,3.16667,72,38.385,34.04,15.4463,7.27092,313.137,1,-1
2017-12-27,1,12.1667,0.0,3.0,76,37.625,38.525,6.96096,15.7562,281.368,1,-1
2017-12-27,2,11.3333,0.0,2.83333,83,38.365,42.415,18.1507,14.8493,324.8,1,0
2017-12-27,3,11.6667,0.0,2.83333,85,40.08,43.645,-3.74885,24.7488,275.6,1,0
2017-12-27,4,11.8333,0.0,2.83333,85,39.31,45.275,-22.6484,34.6484,249.9,1,-1
2017-12-27,5,11.3333,0.0,2.5,87,43.1,43.41,-38.4752,43.8872,270.3,1,-1
2017-12-27,6,10.1667,0.0,2.0,80,47.75,41.49,-36.3539,41.7659,275.6,1,-2
2017-12-27,7,10.0,0.0,1.66667,82,52.645,40.695,-34.6093,33.4885,361.371,1,-2
2017-12-27,8,9.66667,0.0,1.16667,97,53.92,38.305,-42.0003,30.427,342.514,1,-1
2017-12-27,9,9.66667,0.0,0.833333,96,69.835,40.695,-43.1873,15.9353,364.8,1,0
2017-12-27,10,10.0,0.0,1.0,77,70.41,38.68,-46.2221,0.67827,324.48,1,-1
2017-12-27,11,10.6667,0.0,1.33333,79,50.78,35.645,-47.1179,-19.5167,311.04,1,0
2017-12-27,12,12.0,0.0,1.83333,86,47.96,36.055,-44.2999,-23.7343,286.7,1,2
2017-12-27,13,13.6667,0.0,2.5,83,49.34,36.89,-42.4057,-28.3345,286.971,1,2
2017-12-27,14,14.1667,0.0,3.5,73,48.49,39.84,-42.1994,-35.705,235.2,1,1
2017-12-27,15,14.8333,0.0,4.5,73,45.5,42.985,-36.853,-44.971,214.338,1,1
2017-12-27,16,15.5,0.0,4.66667,84,49.93,48.58,-25.3564,-43.216,236.733,1,2
2017-12-27,17,16.3333,0.0,5.0,80,53.475,49.73,-31.4793,-57.9981,187.0,1,2
2017-12-27,18,17.0,0.0,5.16667,80,51.155,49.505,-13.0111,-49.4119,228.8,1,2
2017-12-27,19,17.0,0.0,5.33333,76,51.82,47.005,-12.6284,-48.488,229.125,1,2
2017-12-27,20,17.6667,0.0,5.0,82,53.79,47.145,-13.3938,-50.3358,221.0,1,1
2017-12-27,21,17.8333,0.0,4.66667,80,51.245,46.025,-20.6647,-49.8895,209.012,1,1
2017-12-27,22,18.1667,0.0,4.66667,77,50.235,45.48,-27.5942,-47.6186,198.4,1,1
2017-12-27,23,17.6667,0.0,4.66667,74,50.665,41.445,-37.3358,-37.877,202.926,1,0
2017-12-28,0,17.3333,0.0,4.66667,73,51.46,38.385,-43.9231,-26.0635,232.737,1,0
2017-12-28,1,16.8333,0.0,4.5,73,48.7,37.625,-57.7813,-31.8037,193.768,1,0
2017-12-28,2,15.8333,0.0,4.33333,96,46.51,38.365,-54.9529,-28.9753,216.333,1,2
2017-12-28,3,15.0,0.0,4.33333,91,44.16,40.08,-50.3335,-27.0619,237.12,1,2
2017-12-28,4,14.8333,0.76,4.33333,81,42.26,39.31,-49.4096,-26.6792,245.92,1,1
2017-12-28,5,15.0,0.76,4.33333,76,40.805,43.1,-51.2574,-27.4446,228.48,1,1
2017-12-28,6,15.1667,1.52,4.5,74,39.875,47.75,-55.4328,-22.9608,205.477,1,2
2017-12-28,7,15.1667,1.52,4.83333,72,45.71,52.645,-58.2044,-24.1088,187.971,1,2
2017-12-28,8,15.8333,2.54,5.5,76,39.94,53.92,-55.8768,-29.358,202.024,1,3
2017-12-28,9,15.8333,3.56,6.0,74,48.065,69.835,-55.8768,-29.358,195.0,1,2
2017-12-28,10,15.0,3.03,6.5,78,54.57,70.41,-54.029,-28.5926,210.6,1,3
2017-12-28,11,14.8333,3.26,6.83333,72,45.665,50.78,-50.3335,-27.0619,237.12,1,2
2017-12-28,12,14.6667,2.73,7.0,67,46.56,47.96,-53.585,-22.1954,249.882,1,2
2017-12-28,13,14.1667,2.73,7.16667,70,45.795,49.34,-51.7373,-21.4301,248.571,1,2
2017-12-28,14,13.1667,1.71,7.33333,66,46.72,48.49,-49.8895,-20.6647,255.2,1,2
2017-12-28,15,13.0,0.69,7.5,64,39.67,45.5,-48.9656,-20.282,282.72,1,1
2017-12-28,16,13.0,0.69,7.5,75,66.295,49.93,-47.1179,-19.5167,302.08,1,3
2017-12-28,17,12.5,0.69,7.5,73,54.215,53.475,-58.2044,-24.1088,257.92,1,2
2017-12-28,18,12.5,0.46,7.33333,75,44.505,51.155,-32.3462,-18.3686,260.0,1,2
2017-12-28,19,13.5,0.46,6.83333,76,34.845,51.82,3.903,-9.567,281.538,1,1
2017-12-28,20,15.1667,0.46,6.0,85,38.065,53.79,-0.716399,2.29608,225.5,1,1
2017-12-28,21,16.0,1.58,5.16667,83,36.585,51.245,-1.62984,27.8882,200.08,1,0
2017-12-28,22,16.6667,2.47,4.5,79,34.055,50.235,-16.6298,45.8882,191.133,1,-1
2017-12-28,23,17.8333,2.24,3.83333,79,32.845,50.665,-6.12288,53.7821,218.743,1,-1
2017-12-29,0,18.5,2.24,3.16667,84,34.305,51.46,-13.3938,50.3358,221.0,1,0
2017-12-29,1,18.6667,2.24,2.66667,81,30.89,48.7,-13.3938,51.3358,204.6,1,-1
2017-12-29,2,18.3333,2.24,2.66667,77,26.525,46.51,-7.27092,55.5537,195.789,1,-1
2017-12-29,3,17.3333,1.12,2.5,78,21.665,44.16,13.4351,55.5537,195.789,1,-1
2017-12-29,4,17.0,0.0,2.33333,78,16.43,42.26,13.4351,67.5537,180.0,1,-1
2017-12-29,5,16.6667,0.0,2.16667,78,19.23,40.805,13.4351,62.5537,215.368,1,-1
2017-12-29,6,16.5,0.0,2.16667,79,25.4,39.875,25.456,59.2597,230.4,1,-2
2017-12-29,7,16.3333,0.0,2.0,79,29.5,45.71,24.7488,58.3358,188.7,1,-2
2017-12-29,8,15.8333,0.0,1.66667,80,32.535,39.94,24.7488,50.3358,216.847,1,-2
2017-12-29,9,16.5,0.0,1.5,78,34.6,48.065,12.728,50.6298,228.8,1,-2
2017-12-29,10,16.3333,0.0,1.5,74,38.225,54.57,12.728,66.6298,180.0,1,-2
2017-12-29,11,16.6667,0.0,1.5,70,36.57,45.665,-4.97484,62.0104,216.333,1,-3
2017-12-29,12,16.8333,0.0,1.66667,62,37.17,46.56,-4.97484,63.0104,195.0,1,-4
2017-12-29,13,16.5,0.0,2.0,63,33.135,45.795,-4.97484,50.0104,217.477,1,-3
2017-12-29,14,16.6667,0.0,2.33333,67,39.915,46.72,0.0,54.0,217.579,1,-2
2017-12-29,15,16.5,0.0,2.66667,73,46.79,39.67,0.0,52.0,232.737,1,-2
2017-12-29,16,16.1667,0.0,2.66667,74,49.56,66.295,0.0,67.0,193.768,1,-2
2017-12-29,17,15.0,0.0,2.66667,71,48.855,54.215,0.0,59.0,235.125,1,-3
2017-12-29,18,13.6667,0.0,2.33333,69,47.455,44.505,-4.59216,54.0866,275.718,1,-4
2017-12-29,19,12.8333,0.0,2.0,72,44.685,34.845,-8.80164,64.2492,248.4,1,-4
2017-12-29,20,11.6667,0.0,1.66667,77,46.43,38.065,-13.0111,57.4119,286.0,1,-3
2017-12-29,21,10.8333,0.0,1.16667,73,49.835,36.585,-20.0822,49.483,305.455,1,-4
2017-12-29,22,10.6667,0.0,1.0,69,51.1,34.055,-27.1533,45.5541,324.8,1,-4
2017-12-29,23,10.3333,0.0,0.666667,73,59.645,32.845,-29.6323,41.5387,341.127,1,-4
2017-12-30,0,9.66667,0.0,0.5,69,70.185,34.305,-32.4939,38.4471,353.455,1,-5
2017-12-30,1,8.66667,0.0,0.0,79,60.1,30.89,-38.961,41.1258,335.345,1,-5
2017-12-30,2,8.5,0.0,-0.5,81,55.39,26.525,-29.7516,30.9632,403.68,1,-5
2017-12-30,3,8.33333,0.0,-0.833333,81,55.385,21.665,-30.9954,20.4479,417.72,1,-5
2017-12-30,4,8.66667,0.0,-1.33333,74,55.1,16.43,-37.3594,14.084,360.0,1,-6
2017-12-30,5,8.66667,0.0,-1.66667,74,52.54,19.23,-34.3037,-4.65041,403.68,1,-6
2017-12-30,6,9.16667,0.0,-2.0,80,57.0,25.4,-17.2326,-11.7215,377.143,1,-5
2017-12-30,7,10.3333,0.0,-2.16667,74,66.645,29.5,-20.0043,-18.2271,300.0,1,-7
2017-12-30,8,11.0,0.0,-2.16667,74,64.94,32.535,-27.7759,-19.3751,313.6,1,-7
2017-12-30,9,12.3333,0.0,-2.16667,77,73.325,34.6,-33.4224,-17.986,291.5,1,-6
2017-12-30,10,13.1667,0.0,-2.0,67,72.345,38.225,-48.0418,-19.8994,264.48,1,-6
2017-12-30,11,14.5,0.0,-1.5,63,56.085,36.57,-54.5089,-22.5781,206.7,1,-6
2017-12-30,12,15.3333,0.0,-0.833333,57,49.32,37.17,-48.0418,-19.8994,224.824,1,-6
2017-12-30,13,16.1667,0.0,0.0,53,44.28,33.135,-33.0418,-19.8994,180.0,1,-7
2017-12-30,14,17.0,0.0,0.833333,55,43.09,39.915,-0.335799,-13.3938,180.0,1,-6
2017-12-30,15,16.0,0.0,1.5,62,44.45,46.79,33.3702,-6.88824,180.0,1,-5
2017-12-30,16,15.5,0.0,1.66667,75,50.165,49.56,61.0,0.0,211.68,1,-4
2017-12-30,17,15.3333,0.0,1.5,73,51.84,48.855,60.0,0.0,233.365,1,-4
2017-12-30,18,15.8333,0.0,1.16667,75,50.735,47.455,60.0,0.0,239.733,1,-4
2017-12-30,19,16.5,0.0,0.833333,75,47.485,44.685,25.3702,-6.88824,189.164,1,-4
2017-12-30,20,16.6667,0.0,0.5,75,45.89,46.43,-14.4791,-21.7375,193.765,1,-3
2017-12-30,21,18.5,0.0,0.333333,77,44.325,49.835,-12.4791,-21.7375,184.0,1,-2
2017-12-30,22,20.1667,0.0,0.666667,80,39.77,51.1,-16.1747,-23.2683,171.943,1,-1
2017-12-30,23,21.3333,0.81,1.0,85,34.82,59.645,-23.4985,-17.6033,143.242,1,0
2017-12-31,0,21.8333,1.62,1.33333,91,33.415,70.185,-18.4985,-17.6033,130.473,1,1
2017-12-31,1,21.8333,1.62,1.5,95,26.42,60.1,22.8269,-9.18432,145.75,1,1
2017-12-31,2,21.8333,2.23,1.83333,90,23.415,55.39,66.0,0.0,162.4,1,1
2017-12-31,3,20.8333,2.84,2.33333,93,21.825,55.385,61.0,0.0,178.286,1,3
2017-12-31,4,19.6667,2.84,2.83333,93,19.715,55.1,56.0,0.0,211.714,1,4
2017-12-31,5,19.0,2.03,3.33333,93,15.355,52.54,19.294,6.50556,232.737,1,4
2017-12-31,6,19.0,1.22,3.5,100,10.635,57.0,-7.35956,24.9832,212.625,1,3
2017-12-31,7,18.6667,1.45,4.0,94,7.105,66.645,-31.3958,44.3846,179.082,1,3
2017-12-31,8,19.3333,0.84,4.16667,89,3.79,64.94,-22.9608,55.4328,180.0,1,3
2017-12-31,9,19.8333,0.23,4.33333,79,5.045,73.325,-15.3072,59.9552,165.714,1,2
2017-12-31,10,20.3333,0.46,4.33333,82,17.38,72.345,-7.27092,59.5537,168.505,1,2
2017-12-31,11,20.1667,0.46,4.5,77,22.52,56.085,0.0,62.0,181.409,1,2
2017-12-31,12,19.3333,0.46,5.16667,71,13.055,49.32,0.0,58.0,188.779,1,2
2017-12-31,13,17.6667,0.23,5.66667,70,15.245,44.28,0.0,55.0,214.5,1,1
2017-12-31,14,15.6667,0.23,6.5,65,28.235,43.09,0.0,64.0,221.76,1,3
2017-12-31,15,14.8333,0.23,7.16667,68,29.175,44.45,0.0,55.0,286.989,1,3
2017-12-31,16,13.1667,0.0,7.16667,90,32.38,50.165,0.0,69.0,240.0,1,3
2017-12-31,17,11.5,0.36,7.33333,79,37.95,51.84,-3.8268,59.2388,294.0,1,3
2017-12-31,18,11.0,0.72,7.33333,79,36.2,50.735,-10.1908,49.6028,313.6,1,3
2017-12-31,19,12.6667,0.72,7.16667,81,33.86,47.485,2.80921,40.6028,282.764,1,3
2017-12-31,20,13.1667,0.72,6.83333,85,33.135,45.89,-14.7445,22.8737,276.12,1,4
2017-12-31,21,13.1667,0.72,6.5,86,32.955,44.325,3.08229,13.6349,223.2,1,5
2017-12-31,22,13.3333,0.72,6.83333,83,34.045,39.77,23.4463,7.27092,205.477,1,4
2017-12-31,23,14.0,0.36,6.83333,81,29.46,34.82,21.4463,7.27092,261.979,1,4
2018-01-01,0,15.0,0.0,7.0,76,26.455,33.415,52.0,0.0,286.971,1,4
2018-01-01,1,14.6667,0.0,7.16667,77,31.38,26.42,20.4463,7.27092,239.4,1,4
2018-01-01,2,15.6667,0.0,7.33333,78,26.615,23.415,-5.57459,19.2918,189.164,1,4
2018-01-01,3,15.6667,0.0,7.5,78,23.035,21.825,-48.0522,26.9454,202.926,1,4
2018-01-01,4,16.0,0.0,7.5,75,23.955,19.715,-16.4985,19.6745,232.941,1,3
2018-01-01,5,17.0,0.0,7.5,78,22.22,15.355,-3.49847,19.6745,202.024,1,3
2018-01-01,6,15.8333,0.0,7.33333,78,27.73,10.635,-9.03132,14.9245,207.36,1,3
2018-01-01,7,15.5,0.0,7.33333,76,24.94,7.105,21.4463,7.27092,230.4,1,3
2018-01-01,8,14.8333,0.0,7.16667,74,17.78,3.79,22.4463,7.27092,214.338,1,2
2018-01-01,9,15.6667,0.0,7.0,77,17.405,5.045,25.4463,7.27092,230.4,1,3
2018-01-01,10,16.5,0.0,7.16667,69,17.16,17.38,62.0,0.0,180.0,1,2
2018-01-01,11,17.0,0.0,7.66667,60,22.01,22.52,18.3702,6.88824,212.625,1,2
2018-01-01,12,18.3333,0.48,8.16667,61,26.825,13.055,-17.9552,15.3072,181.895,1,3
2018-01-01,13,18.6667,0.48,8.5,58,19.95,15.245,-51.0974,29.4494,170.133,1,2
2018-01-01,14,19.1667,0.48,8.83333,58,25.61,28.235,-40.9731,38.2671,195.873,1,1
2018-01-01,15,19.0,0.48,9.0,58,23.78,29.175,-27.9187,47.4019,207.36,1,0
2018-01-01,16,18.5,0.48,9.0,63,48.325,32.38,-20.6647,49.8895,209.012,1,1
2018-01-01,17,16.5,0.48,8.5,67,43.605,37.95,-19.8994,48.0418,232.737,1,1
2018-01-01,18,15.5,0.0,7.83333,68,34.35,36.2,-26.9705,55.1129,230.4,1,1
2018-01-01,19,15.0,0.0,7.16667,72,34.21,33.86,-25.0571,50.4935,264.333,1,1
2018-01-01,20,13.3333,0.0,6.33333,76,38.88,33.135,-23.5263,46.7979,282.72,1,1
2018-01-01,21,12.3333,0.0,5.66667,79,37.585,32.955,-29.8903,53.1619,267.12,1,1
2018-01-01,22,11.6667,0.0,4.83333,81,43.255,34.045,-32.6354,47.789,250.92,1,0
2018-01-01,23,11.6667,0.0,4.16667,79,55.27,29.46,-33.3426,48.4962,277.714,1,0
2018-01-02,0,10.5,0.0,3.66667,83,63.005,26.455,-37.2238,39.3886,318.171,0,0
2018-01-02,1,9.5,0.0,3.0,87,51.84,31.38,-43.691,42.0674,310.371,0,-1
2018-01-02,2,9.33333,0.0,2.5,94,46.785,26.615,-43.9904,34.79,325.867,0,0
2018-01-02,3,9.16667,0.0,2.0,92,48.395,23.035,-45.0174,25.3645,369.6,0,0
2018-01-02,4,8.83333,0.0,1.66667,85,49.245,23.955,-46.6948,12.6697,372.655,0,-1
2018-01-02,5,9.0,0.0,1.33333,88,49.03,22.22,-47.2315,1.4474,389.88,0,-1
2018-01-02,6,9.66667,0.0,0.666667,100,50.605,27.73,-48.1554,-6.58888,345.257,0,-1
2018-01-02,7,10.0,0.0,0.5,96,59.01,24.94,-51.8509,-13.4771,300.0,0,-1
2018-01-02,8,10.5,0.0,0.333333,93,66.09,17.78,-48.0418,-19.8994,341.127,0,-1
2018-01-02,9,11.3333,0.0,0.333333,88,66.48,17.405,-45.6573,-23.4681,326.8,0,0
2018-01-02,10,12.3333,0.0,0.5,77,63.78,17.16,-48.6561,-31.3377,260.945,0,-1
2018-01-02,11,12.8333,0.0,0.833333,68,61.54,22.01,-42.189,-28.659,264.48,0,-2
2018-01-02,12,12.6667,0.0,1.66667,66,60.24,26.825,-18.9502,-24.8322,228.0,0,-1
2018-01-02,13,12.6667,0.0,2.5,67,51.705,19.95,-20.4108,-20.8808,269.925,0,0
2018-01-02,14,12.3333,0.0,3.5,64,51.94,25.61,-10.4108,-20.8808,248.625,0,-1
2018-01-02,15,11.0,0.0,4.16667,71,51.82,23.78,9.903,-9.567,305.52,0,0
2018-01-02,16,9.16667,0.0,4.5,87,60.015,48.325,31.7612,-3.8268,372.6,0,2
2018-01-02,17,7.66667,0.0,4.66667,87,49.165,43.605,35.7612,-3.8268,399.514,0,2
2018-01-02,18,7.5,0.0,4.66667,82,40.435,34.35,40.7612,-3.8268,407.314,0,1
2018-01-02,19,8.0,0.0,4.5,81,32.23,34.21,18.4463,-0.38268,429.0,0,1
2018-01-02,20,8.33333,0.0,4.16667,85,30.025,38.88,15.6746,8.41896,386.88,0,1
2018-01-02,21,10.5,0.0,3.83333,81,34.65,37.585,1.46516,18.5816,360.0,0,0
2018-01-02,22,12.6667,0.0,3.66667,81,36.125,43.255,-24.5348,39.5816,234.667,0,0
2018-01-02,23,13.8333,0.0,3.33333,84,35.955,55.27,-16.2199,53.1375,188.308,0,0
2018-01-03,0,14.6667,0.76,3.0,88,38.36,63.005,-4.20948,60.1627,180.0,0,0
2018-01-03,1,14.3333,0.76,2.66667,89,37.025,51.84,0.0,64.0,228.0,0,1
2018-01-03,2,14.0,0.76,2.5,80,37.43,46.785,0.0,54.0,284.612,0,0
2018-01-03,3,12.0,0.76,2.5,77,37.825,48.395,0.0,63.0,274.447,0,-1
2018-01-03,4,10.8333,0.76,2.5,84,43.48,49.245,0.0,55.0,313.5,0,0
2018-01-03,5,10.1667,0.76,2.5,85,41.415,49.03,-3.8268,52.2388,350.314,0,0
2018-01-03,6,9.16667,0.0,2.5,78,40.93,50.605,-9.48368,57.8957,331.629,0,-1
2018-01-03,7,10.0,0.0,2.5,85,54.595,59.01,-1.48368,43.8957,372.655,0,0
2018-01-03,8,10.8333,0.0,2.33333,77,64.5,66.09,-16.2658,30.0186,340.267,0,-2
2018-01-03,9,13.0,0.0,2.16667,74,69.07,66.48,-2.26576,21.0186,285.12,0,-2
2018-01-03,10,15.8333,0.0,2.0,71,64.24,63.78,21.2179,6.12288,220.8,0,-3
2018-01-03,11,19.0,0.0,2.16667,73,47.75,61.54,11.0552,-10.3324,126.771,0,-2
2018-01-03,12,23.3333,0.0,2.5,66,42.24,60.24,-49.8895,-20.6647,162.222,0,-2
2018-01-03,13,26.0,0.0,2.83333,58,38.485,51.705,-48.9865,-34.3741,126.133,0,-4
2018-01-03,14,28.6667,0.0,3.16667,62,31.47,51.94,-53.6059,-36.2875,124.8,0,-3
2018-01-03,15,29.5,0.0,3.33333,76,36.7,51.82,-57.2806,-23.7262,136.5,0,0
2018-01-03,16,29.5,1.4,3.5,86,43.22,60.015,-0.716399,-11.4804,154.76,0,1
2018-01-03,17,28.6667,2.92,3.5,82,38.84,49.165,54.0,0.0,162.222,0,1
2018-01-03,18,26.3333,4.6,3.33333,84,32.625,40.435,33.6746,-8.41896,124.667,0,1
2018-01-03,19,23.3333,4.6,3.16667,88,33.645,32.23,26.6746,-8.41896,159.822,0,1
2018-01-03,20,20.5,4.6,3.0,83,23.37,30.025,13.6746,-8.41896,216.0,0,0
2018-01-03,21,18.8333,4.6,3.0,84,24.12,34.65,1.6642,-3.44412,199.473,0,1
2018-01-03,22,17.3333,3.2,3.16667,77,27.905,36.125,9.96869,16.9957,221.76,0,0
2018-01-03,23,16.6667,1.68,3.33333,75,27.875,35.955,-22.7593,29.7237,196.114,0,0
2018-01-04,0,16.3333,0.0,3.66667,79,25.025,38.36,-37.4768,37.4768,216.847,0,1
2018-01-04,1,17.0,0.0,4.0,76,23.365,37.025,-7.45596,25.456,213.333,0,1
2018-01-04,2,18.0,0.0,4.33333,74,19.225,37.43,23.272,12.728,213.333,0,0
2018-01-04,3,18.5,0.0,4.66667,76,10.805,37.825,18.4463,7.27092,205.8,0,1
2018-01-04,4,19.3333,0.0,4.83333,70,8.54,43.48,-18.0313,14.9245,191.133,0,0
2018-01-04,5,20.1667,0.0,5.0,73,6.135,41.415,-57.2806,23.7262,162.0,0,1
2018-01-04,6,21.0,0.0,5.0,75,6.175,40.93,-60.9761,25.2569,142.56,0,1
2018-01-04,7,21.8333,0.0,5.0,70,7.775,54.595,-63.7477,26.4049,140.87,0,0
2018-01-04,8,22.1667,0.0,5.0,65,7.385,64.5,-63.7477,26.4049,140.87,0,-1
2018-01-04,9,23.1667,0.0,5.0,64,10.26,69.07,-57.3478,32.4526,151.93,0,-1
2018-01-04,10,23.3333,0.0,5.16667,65,10.96,64.24,-54.4834,42.0358,135.496,0,-1
2018-01-04,11,24.0,0.0,5.33333,57,12.37,47.75,-50.2048,50.2048,120.0,0,-1
2018-01-04,12,24.0,0.0,5.66667,59,13.06,42.24,-36.0626,36.0626,171.55,0,-1
2018-01-04,13,23.6667,0.0,6.0,65,14.375,38.485,-52.3261,52.3261,120.0,0,1
2018-01-04,14,23.5,0.0,6.33333,66,16.215,31.47,-50.2048,50.2048,149.333,0,1
2018-01-04,15,22.1667,0.0,6.5,61,17.385,36.7,-45.255,45.255,169.304,0,-1
2018-01-04,16,21.0,0.0,6.66667,70,20.405,43.22,-41.7195,41.7195,191.314,0,2
2018-01-04,17,19.6667,0.0,6.83333,70,39.61,38.84,-38.891,38.891,214.5,0,2
2018-01-04,18,18.1667,0.0,6.66667,69,36.39,32.625,-38.1839,38.1839,213.333,0,0
2018-01-04,19,17.0,0.0,6.5,68,32.565,33.645,-48.0835,48.0835,180.0,0,0
2018-01-04,21,15.1667,0.0,6.0,70,32.185,24.12,-49.2033,34.0497,238.105,0,0
2018-01-04,22,14.8333,0.0,5.5,72,32.405,27.905,-47.7786,25.5894,257.914,0,-1
2018-01-04,23,13.8333,0.0,5.0,75,34.97,27.875,-51.7373,21.4301,248.571,0,0
2018-01-05,0,13.8333,0.0,4.66667,69,37.765,25.025,-50.8134,21.0474,257.914,0,-1
2018-01-05,1,13.8333,0.51,4.33333,71,39.01,23.365,-50.8134,21.0474,251.631,0,-1
2018-01-05,2,14.5,0.51,4.0,87,34.185,19.225,-24.803,16.0726,254.88,0,1
2018-01-05,3,15.3333,1.02,3.83333,80,28.75,10.805,7.05524,10.3324,214.338,0,1
2018-01-05,4,16.5,1.02,3.83333,79,23.71,8.54,37.0657,5.35752,180.0,0,1
2018-01-05,5,17.3333,1.02,4.0,80,22.165,6.135,58.0,0.0,184.0,0,2
2018-01-05,6,17.6667,1.02,4.16667,82,19.745,6.175,58.0,0.0,184.0,0,2
2018-01-05,7,18.5,0.51,4.33333,85,12.215,7.775,56.0,0.0,216.0,0,3
2018-01-05,8,18.5,0.51,4.83333,81,14.27,7.385,26.7291,17.5537,221.0,0,3
2018-01-05,9,19.1667,0.0,5.16667,75,19.395,10.26,-7.90076,24.442,212.625,0,2
2018-01-05,10,18.8333,0.0,5.66667,75,21.09,10.96,-39.4572,39.9984,181.895,0,2
2018-01-05,11,19.3333,0.0,6.16667,63,21.09,12.37,-46.3285,36.5869,170.133,0,2
2018-01-05,12,20.0,0.0,6.83333,58,21.09,13.06,-44.5479,44.5479,170.564,0,1
2018-01-05,13,20.5,0.0,7.5,58,21.09,14.375,-36.6451,47.4691,173.46,0,1
2018-01-05,14,21.6667,0.84,8.0,59,21.09,16.215,-38.0593,48.8833,165.714,0,1
2018-01-05,15,21.5,0.84,8.33333,63,21.09,17.385,-32.777,57.131,136.74,0,1
2018-01-05,16,21.6667,0.84,8.5,65,21.09,20.405,-39.9727,53.5027,141.382,0,2
2018-01-05,17,21.5,0.84,8.5,67,21.09,39.61,-39.2656,52.7956,161.472,0,2
2018-01-05,18,21.3333,0.84,8.16667,73,21.09,36.39,-43.8408,43.8408,171.943,0,2
2018-01-05,19,20.3333,0.84,7.83333,72,21.09,32.565,-46.5452,36.2624,184.743,0,2
2018-01-05,21,18.6667,0.0,7.33333,70,21.09,32.185,-45.7709,26.8289,217.579,0,2
2018-01-05,22,17.8333,0.0,7.16667,74,21.09,32.405,-40.238,31.5788,220.8,0,2
2018-01-05,23,16.5,0.0,6.83333,74,21.09,34.97,-36.7697,36.7697,232.737,0,2
2018-01-06,0,15.6667,0.0,6.66667,79,21.09,37.765,-41.3619,47.8563,215.368,1,3
2018-01-06,1,14.3333,0.0,6.16667,91,21.09,39.01,-33.2843,47.3555,241.553,1,3
2018-01-06,2,11.6667,0.0,5.66667,86,21.09,34.185,-36.3457,54.7465,240.0,1,2
2018-01-06,3,10.0,0.0,5.16667,91,21.09,28.75,-27.0965,43.8737,363.825,1,3
2018-01-06,4,8.66667,0.0,4.66667,90,21.09,23.71,-32.0463,48.8235,361.2,1,2
2018-01-06,5,7.83333,0.0,4.33333,86,21.09,22.165,-28.1236,40.5712,420.0,1,2
2018-01-06,6,6.33333,0.0,4.16667,87,21.09,19.745,-34.5907,37.8924,397.5,1,3
2018-01-06,7,6.16667,0.0,4.33333,88,21.09,12.215,-24.9986,26.8058,510.171,1,3
2018-01-06,8,6.83333,0.0,4.33333,100,21.09,14.27,-31.4657,29.4846,485.571,1,4
2018-01-06,9,7.0,0.0,4.5,96,21.09,19.395,-32.5754,13.8715,520.8,1,4
2018-01-06,10,7.33333,0.0,4.66667,87,21.09,21.09,-21.5139,6.48049,448.8,1,3
2018-01-06,11,8.0,0.0,5.0,85,21.09,21.09,-23.0313,4.20948,453.6,1,4
2018-01-06,12,9.16667,0.0,6.0,75,21.09,21.09,-25.803,5.35752,392.229,1,6
2018-01-06,13,10.3333,0.0,7.0,63,21.09,21.09,-28.928,19.1228,329.829,1,4
2018-01-06,14,11.6667,0.0,8.0,59,21.09,21.09,-21.3512,32.0572,278.25,1,3
2018-01-06,15,12.0,0.0,8.5,68,21.09,21.09,-20.1124,43.2304,270.327,1,2
2018-01-06,16,11.1667,0.0,8.66667,87,21.09,21.09,-9.94968,49.0209,286.7,1,4
2018-01-06,17,9.83333,0.0,8.5,96,21.09,21.09,-11.8631,53.6403,302.4,1,5
2018-01-06,18,8.5,0.0,7.16667,100,21.09,21.09,-13.9844,55.7616,333.9,1,2
2018-01-06,19,6.83333,0.0,5.5,99,21.09,21.09,-13.0878,46.2058,448.2,1,1
2018-01-06,20,5.16667,0.0,4.0,93,21.09,21.09,-9.08777,46.2058,470.314,1,0
2018-01-06,21,4.83333,0.0,3.0,95,21.09,21.09,-4.08777,46.2058,472.114,1,1
2018-01-06,22,5.16667,0.0,2.33333,100,21.09,21.09,9.26975,33.2715,566.08,1,2
2018-01-06,23,5.33333,0.0,1.83333,100,21.09,21.09,2.80259,30.5927,535.68,1,2
2018-01-07,0,6.0,0.0,1.83333,96,21.09,21.09,-0.89293,32.1234,540.0,1,2
2018-01-07,1,6.66667,0.0,2.16667,90,21.09,21.09,4.76395,22.7803,574.08,1,2
2018-01-07,2,7.0,0.0,2.66667,81,21.09,21.09,14.6774,8.16089,540.8,1,1
2018-01-07,3,6.5,0.0,2.83333,90,21.09,21.09,25.444,9.45861,492.9,1,1
2018-01-07,4,7.16667,0.51,3.0,94,21.09,21.09,24.9795,12.9942,483.36,1,2
2018-01-07,5,8.0,0.51,3.16667,95,21.09,21.09,30.9795,12.9942,420.0,1,2
2018-01-07,6,8.5,1.02,3.16667,90,21.09,21.09,35.8107,22.0369,405.6,1,2
2018-01-07,7,10.1667,1.6,3.16667,76,21.09,21.09,44.012,19.0588,401.85,1,0
2018-01-07,8,11.3333,2.16,3.0,78,21.09,21.09,47.6921,7.22078,257.04,1,-1
2018-01-07,9,13.6667,2.16,2.83333,80,21.09,21.09,47.1565,3.68523,258.4,1,-1
2018-01-07,10,14.1667,1.65,2.66667,76,21.09,21.09,48.1836,-14.1592,236.733,1,-2
2018-01-07,11,16.3333,1.65,2.5,65,21.09,21.09,61.1179,-19.5167,201.4,1,-4
2018-01-07,12,17.1667,1.14,2.33333,65,21.09,21.09,52.488,-12.6284,210.189,1,-4
2018-01-07,13,16.5,0.56,2.16667,63,21.09,21.09,50.9343,-5.35752,212.571,1,-4
2018-01-07,14,16.8333,0.0,2.0,58,21.09,21.09,50.9343,-5.35752,244.364,1,-5
2018-01-07,15,16.1667,0.0,2.0,57,21.09,21.09,65.7164,-11.4804,206.182,1,-5
2018-01-07,16,15.6667,0.0,2.16667,62,21.09,21.09,54.323,-22.087,218.625,1,-4
2018-01-07,17,14.1667,0.0,2.16667,63,21.09,21.09,48.4857,-26.2965,248.571,1,-5
2018-01-07,18,13.1667,0.0,2.0,63,21.09,21.09,47.5618,-25.9138,269.925,1,-5
2018-01-07,19,11.8333,0.0,1.66667,71,21.09,21.09,56.8006,-29.7407,248.625,1,-5
2018-01-07,20,10.5,0.0,1.16667,73,21.09,21.09,46.2612,-27.8604,336.0,1,-5
2018-01-07,22,9.5,0.0,-0.666667,85,21.09,21.09,47.6754,-29.2747,347.564,1,-5
2018-01-07,23,9.16667,0.0,-1.5,85,21.09,21.09,45.291,-32.8434,367.015,1,-5
2018-01-08,0,9.33333,0.0,-2.16667,84,21.09,21.09,41.0588,-35.6467,363.0,0,-6
2018-01-08,1,10.1667,0.0,-2.66667,83,21.09,21.09,39.5982,-39.5982,300.0,0,-6
2018-01-08,2,10.5,0.0,-3.0,79,21.09,21.09,37.4768,-37.4768,313.6,0,-6
2018-01-08,3,11.0,0.0,-3.16667,80,21.09,21.09,38.1839,-38.1839,317.127,0,-7
2018-01-08,4,10.8333,0.0,-3.33333,81,21.09,21.09,38.891,-38.891,305.455,0,-7
2018-01-08,5,10.8333,0.0,-3.5,81,21.09,21.09,38.1839,-38.1839,317.127,0,-7
2018-01-08,6,10.6667,0.0,-3.66667,81,21.09,21.09,30.4057,-41.4057,317.127,0,-7
2018-01-08,7,10.5,0.0,-3.83333,78,21.09,21.09,26.4543,-42.8663,321.48,0,-8
2018-01-08,8,10.5,0.0,-4.16667,81,21.09,21.09,23.21,-45.034,336.3,0,-7
2018-01-08,9,10.3333,0.0,-4.0,68,21.09,21.09,21.7958,-43.6198,346.92,0,-8
2018-01-08,10,10.5,0.0,-3.83333,64,21.09,21.09,22.5029,-44.3269,341.127,0,-8
2018-01-08,11,10.1667,0.0,-3.33333,57,21.09,21.09,26.7124,-43.4896,334.08,0,-8
2018-01-08,12,10.0,0.0,-2.16667,45,21.09,21.09,26.3297,-42.5657,346.92,0,-8
2018-01-08,13,9.83333,0.0,-1.0,38,21.09,21.09,29.7738,-50.8806,300.0,0,-10
2018-01-08,14,10.0,0.0,0.166667,43,21.09,21.09,29.3911,-49.9567,312.12,0,-9
2018-01-08,15,9.83333,0.0,0.666667,58,21.09,21.09,26.5295,-53.0483,311.564,0,-7
2018-01-08,16,9.5,0.0,1.0,79,21.09,21.09,22.5781,-54.5089,323.345,0,-4
2018-01-08,17,9.66667,0.0,1.0,100,21.09,21.09,21.8128,-52.6612,325.867,0,-1
2018-01-08,18,9.5,0.0,0.0,95,21.09,21.09,18.3686,-54.3462,312.8,0,-4
2018-01-08,19,9.33333,0.0,-1.0,80,21.09,21.09,17.986,-53.4224,325.867,0,-6
2018-01-08,20,9.33333,0.0,-1.83333,78,21.09,21.09,17.6033,-52.4985,360.0,0,-6
2018-01-08,22,9.5,0.0,-2.83333,71,21.09,21.09,17.986,-53.4224,325.867,0,-8
2018-01-08,23,9.83333,0.0,-3.33333,68,21.09,21.09,17.986,-53.4224,337.08,0,-9
2018-01-09,0,10.6667,0.0,-3.5,73,21.09,21.09,19.5167,-47.1179,333.45,0,-8
2018-01-09,1,12.0,0.0,-3.5,70,21.09,21.09,16.4552,-52.7268,294.0,0,-8
2018-01-09,2,12.3333,0.0,-3.66667,81,21.09,21.09,12.2458,-58.5642,240.0,0,-6
2018-01-09,3,12.3333,0.0,-3.83333,80,21.09,21.09,4.59216,-53.0866,255.2,0,-7
2018-01-09,4,13.5,0.0,-3.66667,78,21.09,21.09,-7.77821,-49.7782,271.385,0,-7
2018-01-09,5,14.3333,0.0,-3.5,77,21.09,21.09,-7.77821,-52.7782,261.0,0,-7
2018-01-09,6,15.0,0.0,-3.33333,76,21.09,21.09,-7.77821,-53.7782,232.615,0,-7
2018-01-09,7,15.1667,0.0,-3.33333,74,21.09,21.09,-7.77821,-57.7782,180.0,0,-7
2018-01-09,8,16.0,0.0,-3.16667,77,21.09,21.09,0.0,-51.0,232.941,0,-7
2018-01-09,9,17.6667,0.0,-2.66667,63,21.09,21.09,0.0,-52.0,224.824,0,-7
2018-01-09,10,18.5,0.0,-2.33333,62,21.09,21.09,0.0,-56.0,193.765,0,-8
2018-01-09,11,19.1667,0.0,-1.66667,51,21.09,21.09,-8.03628,-58.4015,170.133,0,-8
2018-01-09,12,19.8333,0.0,-0.833333,47,21.09,21.09,-8.03628,-61.4015,165.714,0,-8
2018-01-09,13,20.6667,0.0,0.166667,40,21.09,21.09,-16.0726,-59.803,165.714,0,-9
2018-01-09,14,21.6667,0.0,1.33333,38,21.09,21.09,-8.03628,-62.4015,159.6,0,-9
2018-01-09,15,22.1667,0.0,2.0,45,21.09,21.09,-8.03628,-65.4015,141.943,0,-8
2018-01-09,16,22.1667,0.0,2.33333,61,21.09,21.09,0.0,-70.0,130.473,0,-6
2018-01-09,17,22.5,0.0,2.33333,63,21.09,21.09,0.0,-69.0,145.75,0,-5
2018-01-09,18,23.1667,0.0,2.16667,57,21.09,21.09,0.0,-68.0,151.2,0,-7
2018-01-09,19,22.8333,0.0,1.83333,56,21.09,21.09,0.0,-69.0,130.743,0,-7
2018-01-09,20,23.0,0.0,1.33333,60,21.09,21.09,0.0,-68.0,146.348,0,-6
2018-01-09,21,23.0,0.0,1.0,58,21.09,21.09,0.0,-70.0,145.2,0,-7
2018-01-09,22,22.3333,0.0,1.0,62,21.09,21.09,-9.18432,-67.1731,125.46,0,-5
2018-01-09,23,22.0,0.0,1.0,63,21.09,21.09,-9.18432,-64.1731,167.088,0,-5
2018-01-10,0,21.3333,0.0,1.0,65,21.09,21.09,-9.18432,-60.1731,186.0,0,-4
2018-01-10,1,21.0,0.0,1.16667,69,21.09,21.09,0.0,-59.0,171.953,0,-4
2018-01-10,2,19.3333,0.0,1.16667,76,21.09,21.09,-6.88824,-58.6298,184.743,0,-2
2018-01-10,3,18.0,0.51,1.16667,80,21.09,21.09,-12.6284,-51.488,225.886,0,-2
2018-01-10,4,17.6667,0.51,1.16667,81,21.09,21.09,-12.6284,-67.488,186.514,0,-2
2018-01-10,5,17.1667,1.02,1.16667,88,21.09,21.09,-18.3686,-60.3462,208.8,0,0
2018-01-10,6,16.3333,1.02,1.16667,83,21.09,21.09,-18.3686,-60.3462,187.68,0,-1
2018-01-10,7,16.0,2.14,1.16667,85,21.09,21.09,-12.6284,-62.488,187.425,0,-1
2018-01-10,8,15.8333,3.26,1.33333,90,21.09,21.09,-12.6284,-62.488,180.0,0,0
2018-01-10,9,15.0,2.75,1.5,85,21.09,21.09,-6.88824,-62.6298,208.8,0,-1
2018-01-10,10,15.1667,2.75,1.66667,83,21.09,21.09,0.0,-57.0,252.225,0,-1
2018-01-10,11,14.3333,3.71,2.0,87,21.09,21.09,0.0,-57.0,252.225,0,1
2018-01-10,12,14.3333,5.18,2.33333,87,21.09,21.09,0.0,-54.0,267.429,0,1
2018-01-10,13,13.6667,4.06,2.66667,79,21.09,21.09,0.0,-56.0,228.0,0,0
2018-01-10,14,13.8333,2.94,2.83333,85,21.09,21.09,0.0,-57.0,252.225,0,1
2018-01-10,16,13.5,2.94,2.5,94,21.09,21.09,-4.20948,-53.1627,279.0,0,0
2018-01-10,17,13.8333,1.47,2.16667,97,21.09,21.09,-4.20948,-51.1627,276.0,0,1
2018-01-10,18,13.1667,0.0,1.83333,94,21.09,21.09,-9.94968,-53.0209,264.0,0,0
2018-01-10,19,13.6667,0.0,1.33333,90,21.09,21.09,-9.94968,-50.0209,270.327,0,0
2018-01-10,20,13.6667,0.0,1.0,89,21.09,21.09,-5.7402,-54.8582,248.571,0,0
2018-01-10,21,13.6667,0.0,1.0,86,21.09,21.09,-5.7402,-55.8582,245.92,0,-1
2018-01-10,22,13.1667,0.0,1.0,89,21.09,21.09,0.0,-53.0,265.5,0,-1
2018-01-10,23,12.8333,0.0,0.833333,89,21.09,21.09,0.0,-52.0,292.32,0,-1
2018-01-11,0,13.0,0.0,0.666667,89,21.09,21.09,0.0,-65.0,240.0,0,-2
2018-01-11,1,12.6667,0.0,0.5,89,21.09,21.09,0.0,-63.0,257.92,0,-2
2018-01-11,2,12.5,0.0,0.166667,94,21.09,21.09,0.0,-61.0,240.0,0,-2
2018-01-11,3,13.3333,0.0,-0.166667,93,21.09,21.09,0.0,-53.0,271.385,0,-2
2018-01-11,4,14.1667,0.0,-0.5,93,21.09,21.09,0.0,-56.0,242.031,0,-2
2018-01-11,5,14.5,0.0,-0.666667,94,21.09,21.09,0.0,-59.0,214.338,0,-2
2018-01-11,6,14.6667,0.0,-0.833333,95,21.09,21.09,0.0,-61.0,204.429,0,-2
2018-01-11,7,14.8333,0.0,-1.0,94,21.09,21.09,0.0,-61.0,218.625,0,-2
2018-01-11,8,15.0,0.0,-1.0,95,21.09,21.09,0.0,-59.0,235.125,0,-2
2018-01-11,9,15.0,0.0,-1.0,95,21.09,21.09,0.0,-58.0,237.12,0,-2
2018-01-11,10,15.0,0.0,-0.833333,90,21.09,21.09,0.0,-59.0,221.571,0,-2
2018-01-11,11,15.1667,0.74,-0.666667,89,21.09,21.09,0.0,-61.0,204.429,0,-2
2018-01-11,12,15.5,0.74,-0.333333,86,21.09,21.09,0.0,-63.0,195.52,0,-1
2018-01-11,13,15.1667,0.74,0.0,86,21.09,21.09,0.0,-64.0,195.0,0,-1
2018-01-11,14,14.6667,0.74,0.5,85,21.09,21.09,0.0,-60.0,226.8,0,-1
2018-01-11,17,13.1667,0.0,1.0,96,21.09,21.09,0.0,-65.0,248.625,0,0
2018-01-11,18,12.8333,0.0,0.833333,97,21.09,21.09,5.35752,-49.9343,286.7,0,0
2018-01-11,19,12.6667,0.0,0.666667,97,21.09,21.09,10.715,-50.8686,265.5,0,-1
2018-01-11,20,12.8333,0.0,0.333333,98,21.09,21.09,14.9245,-49.0313,281.538,0,-1
2018-01-11,21,12.8333,0.0,0.0,99,21.09,21.09,19.8994,-48.0418,286.971,0,-1
2018-01-11,22,12.3333,0.0,-0.333333,100,21.09,21.09,19.8994,-60.0418,240.0,0,-1
2018-01-11,23,11.8333,0.0,-0.5,100,21.09,21.09,18.3686,-56.3462,277.714,0,-1
2018-01-12,0,11.8333,0.0,-0.666667,98,21.09,21.09,17.2206,-53.5746,282.764,0,-1
2018-01-12,1,12.3333,0.0,-0.666667,96,21.09,21.09,18.3686,-56.3462,269.077,0,-1
2018-01-12,2,12.5,0.0,-0.666667,92,21.09,21.09,13.3938,-58.3358,249.9,0,-2
2018-01-12,3,12.8333,0.0,-0.5,90,21.09,21.09,14.9245,-50.0313,259.418,0,-2
2018-01-12,4,14.0,0.0,-0.333333,88,21.09,21.09,10.715,-53.8686,248.571,0,-2
2018-01-12,5,15.3333,0.0,-0.333333,86,21.09,21.09,5.35752,-57.9343,221.571,0,-3
2018-01-12,6,16.0,0.0,-0.333333,84,21.09,21.09,5.35752,-62.9343,180.0,0,-3
2018-01-12,7,16.1667,0.0,-0.5,87,21.09,21.09,0.0,-54.0,209.012,0,-3
2018-01-12,8,16.3333,0.0,-0.666667,82,21.09,21.09,0.0,-52.0,232.737,0,-4
2018-01-12,9,17.5,0.0,-0.833333,82,21.09,21.09,0.0,-67.0,193.768,0,-4
2018-01-12,10,18.5,0.0,-1.0,81,21.09,21.09,0.0,-51.0,225.28,0,-4
2018-01-12,11,18.6667,0.0,-0.833333,73,21.09,21.09,0.0,-59.0,161.28,0,-4
2018-01-12,12,19.5,0.0,-0.666667,67,21.09,21.09,0.0,-64.0,159.6,0,-5
2018-01-12,13,20.1667,0.0,-0.5,73,21.09,21.09,0.0,-66.0,157.617,0,-4
2018-01-12,14,21.0,0.0,-0.333333,75,21.09,21.09,0.0,-62.0,167.04,0,-4
2018-01-12,15,20.6667,0.0,-0.166667,73,21.09,21.09,0.0,-62.0,181.409,0,-5
2018-01-12,17,20.5,0.0,-0.5,71,21.09,21.09,0.0,-61.0,173.46,0,-6
2018-01-12,18,20.6667,0.0,-0.833333,68,21.09,21.09,0.0,-61.0,168.505,0,-7
2018-01-12,19,21.5,0.0,-1.16667,73,21.09,21.09,0.0,-66.0,152.727,0,-7
2018-01-12,20,21.5,0.0,-1.66667,74,21.09,21.09,0.0,-68.0,131.04,0,-7
2018-01-12,21,21.5,0.0,-2.16667,74,21.09,21.09,0.0,-68.0,151.2,0,-7
2018-01-12,22,21.5,0.0,-2.5,72,21.09,21.09,0.0,-63.0,179.95,0,-7
2018-01-12,23,22.0,0.0,-2.5,66,21.09,21.09,0.0,-61.0,173.46,0,-8
2018-01-13,0,21.3333,0.0,-2.66667,67,21.09,21.09,0.0,-64.0,149.368,1,-8
2018-01-13,1,20.6667,0.0,-2.83333,67,21.09,21.09,0.0,-65.0,158.564,1,-8
2018-01-13,2,20.3333,0.0,-2.66667,67,21.09,21.09,0.0,-63.0,175.304,1,-8
2018-01-13,3,20.1667,0.0,-2.66667,68,21.09,21.09,0.0,-58.0,193.44,1,-8
2018-01-13,4,19.1667,0.0,-2.66667,64,21.09,21.09,0.0,-56.0,207.36,1,-9
2018-01-13,5,18.5,0.0,-2.83333,69,21.09,21.09,0.0,-52.0,228.8,1,-8
2018-01-13,6,18.0,0.0,-2.83333,70,21.09,21.09,0.0,-53.0,221.0,1,-8
2018-01-13,7,17.5,0.0,-2.83333,64,21.09,21.09,0.0,-52.0,220.8,1,-9
2018-01-13,8,17.8333,0.0,-3.0,63,21.09,21.09,0.0,-53.0,225.095,1,-9
2018-01-13,9,17.8333,0.0,-3.0,62,21.09,21.09,0.0,-54.0,209.012,1,-9
2018-01-13,10,18.8333,0.0,-2.83333,71,21.09,21.09,0.0,-55.0,201.318,1,-7
2018-01-13,11,19.5,0.0,-2.33333,57,21.09,21.09,0.0,-60.0,180.0,1,-8
2018-01-13,12,20.8333,0.0,-1.83333,52,21.09,21.09,0.0,-63.0,150.333,1,-9
2018-01-13,13,22.3333,0.0,-1.16667,51,21.09,21.09,0.0,-70.0,130.473,1,-9
2018-01-13,14,22.5,0.0,-0.666667,56,21.09,21.09,0.0,-51.0,174.048,1,-8
2018-01-13,15,22.3333,0.0,-0.333333,60,21.09,21.09,-8.03628,-70.4015,134.832,1,-8
2018-01-13,16,21.5,0.0,-0.333333,76,21.09,21.09,-8.03628,-62.4015,183.138,1,-6
2018-01-13,17,21.1667,0.0,-0.833333,78,21.09,21.09,-8.03628,-53.4015,218.743,1,-6
2018-01-13,18,20.3333,0.0,-1.33333,71,21.09,21.09,0.0,-55.0,201.318,1,-7
2018-01-13,19,19.5,0.0,-1.83333,65,21.09,21.09,0.0,-58.0,179.082,1,-8
2018-01-13,20,19.8333,0.0,-2.33333,69,21.09,21.09,0.0,-62.0,171.943,1,-8
2018-01-13,21,20.5,0.0,-2.66667,70,21.09,21.09,0.0,-64.0,154.56,1,-8
2018-01-13,22,21.5,0.0,-3.0,66,21.09,21.09,0.0,-65.0,153.6,1,-9
2018-01-13,23,22.0,0.0,-3.16667,70,21.09,21.09,0.0,-67.0,151.93,1,-8
2018-03-16,12,29.6667,0.08,0.833333,60,35.97,21.12,25.2569,-60.9761,121.818,0,-5
2018-03-16,13,29.5,0.08,1.16667,57,25.48,18.41,25.2569,-60.9761,121.818,0,-6
2018-03-16,14,29.8333,0.44,1.5,58,23.88,22.42,22.5781,-54.5089,153.382,0,-6
2018-03-16,15,31.1667,0.8,1.5,68,17.77,24.91,29.7488,-43.82,159.508,0,-6
2018-03-16,16,30.6667,1.13,1.33333,64,15.31,28.09,32.8102,-51.211,124.457,0,-6
2018-03-16,17,30.5,1.05,0.833333,62,17.64,31.54,24.4915,-59.1283,133.412,0,-7
2018-03-16,18,30.1667,1.05,0.333333,60,24.78,38.2,23.7262,-57.2806,130.56,0,-8
2018-03-16,19,30.1667,1.05,-0.333333,57,33.8,47.48,24.1088,-58.2044,131.962,0,-9
2018-03-16,20,30.8333,0.69,-1.33333,62,35.26,51.84,21.8128,-52.6612,157.548,0,-10
2018-03-16,21,29.6667,0.33,-2.0,60,33.29,57.56,32.5772,-46.6484,138.092,0,-11
2018-03-16,22,29.6667,0.18,-2.66667,54,28.54,56.26,32.9599,-47.5723,150.562,0,-12
2018-03-16,23,28.6667,0.33,-3.33333,55,21.08,48.31,21.8128,-52.6612,146.222,0,-12
2018-03-17,0,28.1667,0.48,-4.0,54,17.82,47.07,29.8653,-46.1013,159.84,1,-13
2018-03-17,1,28.1667,0.48,-4.5,49,15.82,46.12,38.1839,-38.1839,159.508,1,-14
2018-03-17,2,27.0,0.48,-4.66667,49,15.21,45.76,38.1839,-38.1839,164.914,1,-14
2018-03-17,3,27.0,0.58,-5.0,47,15.59,45.64,36.0626,-36.0626,176.538,1,-15
2018-03-17,4,26.3333,0.5,-5.33333,41,15.64,43.88,36.7697,-36.7697,168.192,1,-17
2018-03-17,5,26.6667,0.35,-5.5,44,17.22,44.56,37.4768,-37.4768,167.733,1,-16
2018-03-17,6,26.6667,0.3,-5.83333,46,16.52,45.68,38.1839,-38.1839,159.508,1,-17
2018-03-17,7,26.5,0.3,-6.0,41,17.06,43.06,39.5982,-39.5982,154.286,1,-18
2018-03-17,8,26.6667,0.3,-6.16667,42,20.08,39.43,29.3661,-42.8961,170.357,1,-17
2018-03-17,9,27.3333,0.2,-6.0,41,22.02,33.35,27.9519,-41.4819,174.048,1,-17
2018-03-17,10,28.1667,0.1,-5.83333,41,25.91,41.22,40.3053,-40.3053,143.308,1,-16
2018-03-17,11,28.5,0.1,-5.5,36,32.23,39.67,43.8408,-43.8408,133.548,1,-17
2018-03-17,12,28.8333,0.0,-4.83333,29,32.08,35.97,33.4008,-49.6368,138.194,1,-19
2018-03-17,13,29.1667,0.0,-4.16667,29,30.47,25.48,22.9608,-55.4328,140.0,1,-18
2018-03-17,14,29.6667,0.0,-3.5,33,24.57,23.88,21.8128,-52.6612,154.76,1,-17
2018-03-17,15,29.1667,0.0,-3.0,31,26.4,17.77,21.4301,-51.7373,151.467,1,-17
2018-03-17,16,28.8333,0.0,-2.66667,38,29.78,15.31,21.8128,-52.6612,151.945,1,-15
2018-03-17,17,28.6667,0.0,-2.5,35,29.56,17.64,21.8128,-52.6612,149.1,1,-17
2018-03-17,18,27.8333,0.0,-2.66667,32,27.42,24.78,22.1954,-53.585,146.897,1,-19
2018-03-17,19,27.3333,0.0,-3.16667,33,28.93,33.8,20.6647,-49.8895,167.586,1,-19
2018-03-17,20,27.1667,0.0,-3.83333,36,25.24,35.26,29.849,-72.0626,124.51,1,-18
2018-03-17,21,27.5,0.0,-4.5,33,25.24,33.29,19.8994,-48.0418,165.6,1,-20
2018-03-17,22,27.1667,0.0,-5.0,31,27.08,28.54,22.1954,-53.585,144.0,1,-21
2018-03-17,23,27.1667,0.0,-5.66667,33,28.57,21.08,21.8128,-52.6612,154.76,1,-20
2018-03-18,0,27.8333,0.0,-6.16667,35,24.1,17.82,21.4301,-51.7373,151.467,1,-20
2018-03-18,1,28.3333,0.0,-6.5,36,19.62,15.82,22.1954,-53.585,146.897,1,-20
2018-03-18,2,27.6667,0.0,-6.66667,35,15.59,15.21,21.4301,-51.7373,157.076,1,-21
2018-03-18,3,27.3333,0.0,-6.83333,36,14.9,15.59,19.5167,-47.1179,179.022,1,-20
2018-03-18,4,27.3333,0.0,-7.16667,39,15.11,15.64,19.8994,-48.0418,165.6,1,-20
2018-03-18,5,27.0,0.0,-7.16667,36,13.47,17.22,10.715,-52.8686,159.557,1,-20
2018-03-18,6,26.5,0.0,-7.33333,40,12.09,16.52,10.3324,-51.9448,162.222,1,-19
2018-03-18,7,25.8333,0.0,-7.33333,43,14.17,17.06,20.282,-48.9656,167.733,1,-18
2018-03-18,8,25.8333,0.0,-7.33333,41,15.58,20.08,29.0837,-70.2149,124.667,1,-18
2018-03-18,9,25.6667,0.0,-7.0,38,14.3,22.02,27.9356,-67.4432,134.538,1,-18
2018-03-18,10,27.0,0.0,-6.16667,32,13.13,25.91,19.5167,-47.1179,171.55,1,-18
2018-03-18,11,28.6667,0.0,-5.5,27,11.9,32.23,10.3324,-59.9448,121.333,1,-20
2018-03-18,12,29.3333,0.0,-4.5,27,13.03,32.08,0.0,-72.0,103.68,1,-19
2018-03-18,13,30.3333,0.0,-3.66667,26,11.8,30.47,0.0,-67.0,129.405,1,-19
2018-03-18,14,31.0,0.0,-2.66667,23,11.0,24.57,0.0,-59.0,144.84,1,-20
2018-03-18,15,30.8333,0.0,-2.0,23,11.57,26.4,10.715,-54.8686,151.945,1,-20
2018-03-18,16,29.3333,0.0,-1.66667,24,11.81,29.78,20.6647,-49.8895,164.914,1,-19
2018-03-18,17,27.8333,0.0,-1.5,34,12.7,29.56,19.8994,-48.0418,170.769,1,-16
2018-03-18,18,26.6667,0.0,-1.66667,35,14.45,27.42,20.6647,-49.8895,159.508,1,-17
2018-03-18,19,25.3333,0.0,-2.0,36,18.04,28.93,10.715,-48.8686,181.5,1,-17
2018-03-18,20,23.6667,0.0,-2.66667,41,22.52,25.24,18.7513,-68.2701,148.8,1,-16
2018-03-18,21,22.1667,0.0,-3.33333,38,23.87,25.24,14.9245,-59.0313,181.409,1,-17
2018-03-18,22,20.1667,0.0,-4.0,41,20.96,27.08,21.4301,-51.7373,211.714,1,-17
2018-03-18,23,17.8333,0.0,-4.66667,46,20.7,28.57,26.7876,-64.6716,186.514,1,-16
2018-03-19,0,16.3333,0.0,-5.16667,46,21.52,24.1,24.1088,-58.2044,216.333,0,-16
2018-03-19,1,14.8333,0.0,-5.5,47,21.73,19.62,27.1201,-51.4741,241.553,0,-16
2018-03-19,2,13.8333,0.0,-5.83333,50,22.21,15.59,20.6146,-47.7682,267.429,0,-16
2018-03-19,3,13.5,0.0,-6.16667,49,20.92,14.9,19.8492,-45.9204,286.971,0,-16
2018-03-19,4,13.5,0.0,-6.5,48,22.04,15.11,20.2319,-46.8443,277.114,0,-17
2018-03-19,5,13.6667,0.0,-6.83333,47,22.28,13.47,15.6899,-49.8791,265.5,0,-17
2018-03-19,6,13.8333,0.0,-7.33333,56,20.32,12.09,21.4301,-51.7373,235.2,0,-16
2018-03-19,7,14.3333,0.0,-7.66667,58,24.17,14.17,27.4446,-51.2574,228.48,0,-15
2018-03-19,8,14.8333,0.0,-7.5,47,24.36,15.58,32.311,-48.0058,221.571,0,-16
2018-03-19,10,16.3333,0.0,-6.33333,28,33.19,13.13,37.9428,-46.602,211.68,0,-18
2018-03-19,11,17.0,0.0,-5.16667,24,49.79,11.9,16.7295,-47.3887,208.32,0,-20
2018-03-19,12,18.5,0.0,-3.83333,20,30.49,13.03,6.12288,-55.7821,181.425,0,-21
2018-03-19,13,20.0,0.0,-2.5,19,30.18,11.8,0.0,-65.0,158.564,0,-21
2018-03-19,15,22.6667,0.0,-0.5,19,34.04,11.57,0.0,-71.0,135.15,0,-21
2018-03-19,16,22.3333,0.0,-0.166667,30,35.77,11.81,0.0,-71.0,135.15,0,-16
2018-03-19,17,21.6667,0.0,-0.166667,36,37.08,12.7,0.0,-67.0,151.93,0,-14
2018-03-19,18,19.8333,0.0,-0.333333,43,34.52,14.45,0.0,-59.0,204.75,0,-13
2018-03-19,19,17.1667,0.0,-0.833333,46,36.99,18.04,0.0,-72.0,192.4,0,-13
2018-03-19,20,14.5,0.0,-1.66667,52,42.07,22.52,-3.06144,-55.391,284.16,0,-13
2018-03-19,21,11.5,0.0,-2.5,50,46.06,23.87,-3.06144,-62.391,297.54,0,-14
2018-03-19,22,9.16667,0.0,-3.33333,47,38.17,20.96,-3.06144,-68.391,309.06,0,-15
2018-03-19,23,7.16667,0.0,-4.16667,49,39.18,20.7,-3.06144,-54.391,408.0,0,-15
2018-03-20,0,6.16667,0.0,-4.83333,58,38.47,21.52,-5.18277,-56.5124,442.32,0,-13
2018-03-20,1,6.0,0.0,-5.5,62,36.36,21.73,-0.233,-61.4621,420.0,0,-13
2018-03-20,2,5.5,0.0,-6.16667,61,35.72,22.21,2.44576,-52.9293,501.415,0,-14
2018-03-20,3,5.33333,0.0,-6.66667,67,36.76,20.92,2.44576,-56.9293,508.8,0,-13
2018-03-20,4,5.16667,0.0,-7.33333,72,40.01,22.04,2.44576,-48.9293,569.25,0,-13
2018-03-20,5,5.33333,0.0,-7.83333,85,44.58,22.28,2.44576,-53.9293,540.0,0,-11
2018-03-20,6,4.83333,0.0,-8.5,89,43.98,20.32,5.5072,-42.5383,599.657,0,-11
2018-03-20,7,4.16667,0.0,-8.83333,80,47.15,24.17,9.20272,-34.0075,649.0,0,-12
2018-03-20,8,4.0,0.0,-8.5,55,52.9,24.36,11.9744,-32.8595,644.8,0,-13
2018-03-20,11,4.5,0.0,-4.5,21,36.21,49.79,26.8673,-17.5901,707.143,0,-19
2018-03-20,12,5.0,0.0,-2.33333,20,35.83,30.49,15.4504,-15.3191,707.143,0,-18
2018-03-20,13,6.16667,0.0,-0.166667,24,36.64,30.18,19.7716,-8.85196,655.2,0,-15
2018-03-20,15,9.0,0.0,3.0,27,34.58,34.04,38.3149,-4.20948,420.0,0,-12
2018-03-20,16,10.8333,0.0,3.5,31,32.67,35.77,39.7716,-6.50556,300.0,0,-12
2018-03-20,17,11.6667,0.0,3.83333,46,33.28,37.08,49.097,1.9134,276.12,0,-8
2018-03-20,18,12.3333,0.0,3.5,63,47.44,34.52,50.9448,10.3324,271.385,0,-6
2018-03-20,19,12.8333,0.0,2.66667,72,63.08,36.99,48.9448,10.3324,291.877,0,-6
2018-03-20,20,12.6667,0.0,1.5,78,75.83,42.07,47.9552,15.3072,302.08,0,-5
2018-03-20,21,14.0,0.0,0.666667,80,86.11,46.06,59.0418,19.8994,257.92,0,-3
2018-03-20,22,15.0,0.0,0.0,73,81.85,38.17,53.4985,17.6033,217.964,0,-5
2018-03-20,23,16.1667,0.0,-0.666667,69,86.02,39.18,49.8895,20.6647,185.6,0,-7
2018-03-21,1,17.6667,0.0,-1.5,70,67.58,36.36,59.4015,8.03628,178.286,0,-7
2018-03-21,2,18.0,0.0,-1.66667,63,60.51,35.72,52.0,0.0,232.737,0,-9
2018-03-21,3,17.3333,0.0,-2.16667,59,58.69,36.76,66.0,0.0,200.842,0,-10
2018-03-21,4,16.0,0.0,-2.66667,69,47.37,40.01,64.0,0.0,228.0,0,-9
2018-03-21,5,14.6667,0.0,-3.16667,68,16.71,44.58,56.0,0.0,235.2,0,-9
2018-03-21,6,12.8333,0.0,-3.5,66,10.19,43.98,54.1627,4.20948,257.914,0,-9
2018-03-21,7,12.5,0.0,-3.5,69,15.58,47.15,47.2338,11.2806,312.141,0,-8
2018-03-21,8,12.3333,0.0,-3.33333,57,13.06,52.9,54.3049,20.5194,292.518,0,-10
2018-03-21,9,12.3333,0.0,-2.83333,44,18.98,44.32,46.4973,32.5298,299.815,0,-11
2018-03-21,11,15.0,0.0,-1.0,39,14.31,36.21,49.5232,35.0257,189.72,0,-11
2018-03-21,12,16.0,0.0,0.0,37,17.8,35.83,52.6612,21.8128,186.353,0,-11
2018-03-21,13,16.5,0.0,1.0,39,16.77,36.64,51.7373,21.4301,202.926,0,-10
2018-03-21,14,17.0,0.0,1.83333,35,14.94,36.19,63.7477,26.4049,180.0,0,-11
2018-03-21,15,16.5,0.0,2.33333,34,18.78,34.58,60.9761,25.2569,213.714,0,-11
2018-03-21,16,15.6667,0.0,2.66667,40,23.78,32.67,54.5089,22.5781,235.125,0,-10
2018-03-21,17,14.3333,0.0,2.66667,40,27.9,33.28,49.6264,26.3548,232.615,0,-10
2018-03-21,18,13.1667,0.0,2.5,43,34.44,47.44,46.8084,30.5724,252.225,0,-10
2018-03-21,19,13.1667,0.0,2.0,49,56.65,63.08,53.1724,36.9364,240.0,0,-9
2018-03-21,20,11.8333,0.0,1.33333,55,63.08,75.83,38.3903,43.8135,249.171,0,-9
2018-03-21,21,11.0,0.0,0.666667,57,83.03,86.11,25.456,46.456,307.8,0,-9
2018-03-21,22,10.3333,0.0,0.0,57,92.12,81.85,7.2415,40.0005,354.738,0,-9
2018-03-21,23,10.0,0.0,-0.666667,58,81.63,86.02,0.1704,47.0716,310.708,0,-9
2018-03-22,1,10.8333,0.0,-1.66667,69,91.38,67.58,-32.3567,35.4859,333.45,0,-8
2018-03-22,2,11.8333,0.0,-2.0,67,85.43,60.51,-37.7142,40.4202,263.467,0,-8
2018-03-22,3,12.5,0.0,-2.16667,62,95.82,58.69,-27.6857,42.8393,270.327,0,-8
2018-03-22,4,13.0,0.0,-2.33333,67,89.31,47.37,-29.0999,44.2535,261.415,0,-7
2018-03-22,5,13.3333,0.0,-2.16667,59,74.41,16.71,-24.8823,47.0715,267.429,0,-8
2018-03-22,6,13.5,0.15,-2.0,59,69.08,10.19,-28.7172,43.3296,277.114,0,-8
2018-03-22,7,13.5,0.15,-1.66667,61,52.69,15.58,-33.2592,40.2948,271.385,0,-7
2018-03-22,8,13.6667,0.15,-1.16667,55,50.45,13.06,-33.9664,41.0019,261.415,0,-8
2018-03-22,9,14.6667,0.15,-0.833333,50,47.07,18.98,-39.5982,39.5982,242.031,0,-9
2018-03-22,10,15.5,0.15,0.0,49,40.71,20.26,-43.8408,43.8408,196.114,0,-7
2018-03-22,11,16.8333,0.15,0.666667,45,29.5,14.31,-36.7697,36.7697,216.72,0,-8
2018-03-22,12,17.3333,0.0,1.5,42,24.28,17.8,-41.0124,41.0124,188.779,0,-8
2018-03-22,13,18.1667,0.0,2.33333,43,23.57,16.77,-43.2832,34.0828,198.4,0,-7
2018-03-22,14,18.6667,0.23,3.33333,44,24.2,14.94,-48.109,28.6258,204.8,0,-6
2018-03-22,15,18.8333,0.23,4.16667,44,15.86,18.78,-45.9877,26.5045,209.012,0,-6
2018-03-22,16,18.5,0.23,4.33333,57,20.5,23.78,-37.9353,38.4765,195.789,0,-4
2018-03-22,17,17.5,0.23,4.33333,71,28.3,27.9,-31.6953,42.5193,213.333,0,-2
2018-03-22,18,16.5,0.23,4.0,69,38.27,34.44,-32.8256,35.5316,244.26,0,-3
2018-03-22,19,14.5,0.23,3.5,68,40.94,56.65,-42.9882,39.741,236.64,0,-4
2018-03-22,20,13.0,0.0,2.66667,72,42.36,63.08,-47.938,44.6908,247.86,0,-4
2018-03-22,21,11.6667,0.0,2.0,65,52.96,83.03,-46.6484,32.5772,313.2,0,-5
2018-03-22,22,11.0,0.51,1.5,64,76.72,92.12,-43.82,29.7488,346.48,0,-6
2018-03-22,23,10.3333,0.51,1.0,67,77.02,81.63,-38.4471,32.4939,353.455,0,-5
2018-03-23,0,10.1667,0.51,0.833333,69,85.69,100.96,-38.4471,32.4939,326.4,0,-5
2018-03-23,1,10.5,0.79,0.666667,73,90.71,91.38,-42.7361,31.3709,300.667,0,-4
2018-03-23,2,10.6667,1.07,0.666667,65,90.07,85.43,-44.687,28.451,324.8,0,-5
2018-03-23,3,9.83333,1.07,0.666667,72,92.49,95.82,-45.4405,23.7925,348.0,0,-3
2018-03-23,4,9.0,0.56,0.666667,75,100.62,89.31,-50.3903,28.7423,333.9,0,-3
2018-03-23,5,8.0,0.56,0.666667,72,106.22,74.41,-46.8547,25.2067,385.527,0,-4
2018-03-23,6,7.16667,0.56,0.5,81,105.24,69.08,-41.8547,25.2067,385.745,0,-3
2018-03-23,7,6.5,0.33,0.5,87,103.97,52.69,-36.3115,22.9107,458.28,0,-2
2018-03-23,8,5.83333,0.05,0.5,82,106.08,50.45,-40.9309,24.8241,449.28,0,-2
2018-03-23,9,5.5,0.05,0.666667,86,107.5,47.07,-35.9347,25.2399,498.667,0,0
2018-03-23,11,4.83333,0.6,1.5,83,84.96,29.5,-18.6198,21.7958,577.92,0,1
2018-03-23,12,4.66667,0.6,2.16667,79,63.43,24.28,-20.1505,25.4913,574.08,0,1
2018-03-23,13,4.5,0.55,3.0,75,54.55,23.57,-13.7402,24.493,641.143,0,1
2018-03-23,14,4.0,1.06,3.83333,70,47.26,24.2,-9.74016,24.493,620.743,0,0
2018-03-23,15,3.33333,1.06,4.5,69,40.36,15.86,-1.79039,19.5432,707.143,0,1
2018-03-23,16,3.16667,0.76,5.0,67,42.06,20.5,-0.79039,19.5432,749.829,0,1
2018-03-23,17,3.16667,0.51,5.0,87,41.15,28.3,1.33094,22.3148,743.143,0,1
2018-03-23,18,4.16667,0.51,4.83333,91,47.82,38.27,9.10915,20.1935,773.76,0,1
2018-03-23,19,5.16667,0.51,4.5,93,52.01,40.94,18.7285,18.2801,711.36,0,2
2018-03-23,20,5.5,0.0,4.0,92,58.0,42.36,37.5906,12.124,674.16,0,2
2018-03-23,21,6.5,0.0,3.33333,91,56.19,52.96,34.504,7.50464,655.2,0,1
2018-03-23,22,6.66667,0.0,2.66667,89,57.0,76.72,32.0347,-3.19088,620.1,0,0
2018-03-23,23,6.66667,0.0,2.5,88,66.36,77.02,34.8632,-10.0193,620.1,0,0
2018-03-24,0,6.16667,0.0,2.16667,89,71.09,85.69,32.3939,-13.7148,603.2,1,0
2018-03-24,1,5.83333,0.0,1.83333,88,70.5,90.71,28.9513,-22.9536,492.9,1,-1
2018-03-24,2,6.0,0.0,1.33333,91,74.14,90.07,29.1843,-33.1731,495.0,1,-1
2018-03-24,3,5.83333,0.0,1.0,89,75.19,92.49,19.1843,-39.1731,559.32,1,-2
2018-03-24,4,6.16667,0.0,0.666667,87,78.05,100.62,19.1843,-45.1731,527.88,1,-2
2018-03-24,5,6.66667,0.0,0.333333,100,77.41,106.22,9.18432,-51.1731,524.16,1,0
2018-03-24,6,6.83333,0.0,0.166667,100,74.65,105.24,7.27092,-53.5537,517.029,1,0
2018-03-24,7,6.83333,0.0,0.166667,100,72.44,103.97,7.27092,-50.5537,468.0,1,1
2018-03-24,8,7.16667,0.0,0.5,96,76.3,106.08,5.7402,-54.8582,437.143,1,1
2018-03-24,9,7.66667,0.0,1.0,86,78.74,107.5,3.06144,-56.391,436.05,1,1
2018-03-24,11,8.5,0.0,2.5,71,45.04,84.96,-6.36399,-52.364,377.4,1,0
2018-03-24,12,8.66667,0.0,3.5,63,25.09,63.43,-12.728,-45.728,401.85,1,-1
2018-03-24,13,9.33333,0.0,4.5,56,21.35,54.55,-16.1721,-46.0429,386.4,1,-1
2018-03-24,14,9.83333,0.0,5.33333,50,18.36,47.26,-16.1721,-50.0429,327.6,1,-2
2018-03-24,15,10.1667,0.0,6.16667,53,21.42,40.36,-20.3816,-52.2056,300.0,1,-1
2018-03-24,16,10.5,0.0,6.66667,53,22.03,42.06,-18.2271,-47.0043,326.8,1,-2
2018-03-24,17,10.8333,0.0,6.83333,60,22.33,41.15,-16.0726,-50.803,300.667,1,-2
2018-03-24,18,10.5,0.0,6.66667,64,30.58,47.82,-16.8379,-52.6507,302.4,1,-2
2018-03-24,19,10.0,0.0,6.16667,71,43.24,52.01,-19.5167,-47.1179,353.455,1,-1
2018-03-24,20,9.83333,0.0,5.5,78,41.94,58.0,-19.5167,-56.1179,311.564,1,-1
2018-03-24,21,9.83333,0.0,4.5,81,46.62,56.19,-15.3072,-55.9552,323.345,1,-1
2018-03-24,22,9.83333,0.0,3.5,79,53.55,57.0,-11.0977,-56.7925,323.345,1,-2
2018-03-24,23,9.83333,0.0,2.66667,84,61.42,66.36,-6.88824,-57.6298,323.345,1,-2
2018-03-25,0,10.3333,0.0,1.83333,85,79.36,71.09,0.0,-52.0,326.8,1,-2
2018-03-25,1,10.3333,0.0,1.16667,81,78.65,70.5,0.0,-53.0,321.48,1,-3
2018-03-25,3,9.83333,0.0,0.333333,86,79.66,75.19,-6.88824,-59.6298,300.0,1,-2
2018-03-25,4,9.16667,0.0,0.166667,82,80.24,78.05,-10.3324,-56.9448,323.345,1,-3
2018-03-25,5,8.83333,0.0,-0.166667,88,77.66,77.41,-13.0111,-52.4119,372.655,1,-3
2018-03-25,6,8.33333,0.0,-0.333333,88,77.25,74.65,-19.3751,-47.7759,389.88,1,-3
2018-03-25,7,8.5,0.0,-0.5,96,77.97,72.44,-24.3249,-52.7257,360.0,1,-2
2018-03-25,8,8.66667,0.0,-0.5,88,77.93,76.3,-27.9519,-41.4819,409.867,1,-2
2018-03-25,9,8.5,0.0,-0.666667,99,67.02,78.74,-28.3345,-42.4057,395.2,1,-1
2018-03-25,10,8.83333,0.0,0.166667,66,43.73,68.87,-27.9519,-41.4819,393.6,1,-1
2018-03-25,11,9.33333,0.0,1.16667,65,41.65,45.04,-33.588,-31.5706,380.8,1,-1
2018-03-25,12,9.83333,0.0,2.33333,58,35.94,25.09,-15.224,-25.2066,314.743,1,-2
2018-03-25,13,9.83333,0.0,3.66667,53,31.1,21.35,-0.27426,-20.2568,312.12,1,-2
2018-03-25,14,10.0,0.0,5.33333,45,30.61,18.36,16.7968,-13.1857,312.12,1,-2
2018-03-25,15,10.8333,0.0,7.16667,42,30.82,21.42,34.6851,3.44412,326.8,1,-2
2018-03-25,16,11.3333,0.0,8.16667,37,29.39,22.03,56.0,0.0,302.4,1,-3
2018-03-25,17,11.8333,0.0,9.0,52,28.52,22.33,56.0,0.0,285.12,1,0
2018-03-25,18,12.3333,0.0,9.5,57,30.62,30.58,51.0,0.0,281.455,1,1
2018-03-25,19,12.0,0.0,9.5,66,34.53,43.24,53.0,0.0,271.385,1,1
2018-03-25,20,11.3333,0.0,8.66667,79,45.42,41.94,61.0,0.0,259.2,1,2
2018-03-25,21,10.1667,0.0,7.66667,81,44.06,46.62,55.0,0.0,313.5,1,1
2018-03-25,22,9.5,0.0,6.33333,72,44.48,53.55,61.0,0.0,311.1,1,-1
2018-03-25,23,8.5,0.0,5.16667,72,43.84,61.42,57.0,0.0,385.12,1,-2
2018-03-26,0,7.33333,0.0,4.0,78,51.18,79.36,51.0,0.0,440.677,0,-1
2018-03-26,1,7.0,0.0,3.16667,79,59.2,78.65,57.0,0.0,434.215,0,-1
2018-03-26,3,7.33333,0.0,2.16667,85,65.27,79.66,56.0,0.0,452.4,0,-1
2018-03-26,4,7.5,0.0,1.66667,84,63.9,80.24,57.0,0.0,420.0,0,-3
2018-03-26,5,8.0,0.0,1.0,95,67.52,77.66,35.6851,-3.44412,437.25,0,-1
2018-03-26,6,8.5,0.0,0.5,100,69.02,77.25,16.5985,-8.03628,388.267,0,-1
2018-03-26,7,9.0,0.0,0.166667,92,72.24,77.97,10.5985,-8.03628,385.0,0,-1
2018-03-26,8,9.5,0.0,0.0,93,76.66,77.93,-3.7164,-11.4804,332.8,0,0
2018-03-26,9,9.0,0.0,-0.333333,100,86.31,67.02,-0.716399,-11.4804,325.867,0,-1
2018-03-26,10,9.5,0.0,0.333333,73,81.29,43.73,-3.7164,-11.4804,366.667,0,0
2018-03-26,11,9.5,0.0,1.5,66,41.91,41.65,0.00636041,3.05028,357.5,0,0
2018-03-26,12,10.0,0.0,2.83333,60,38.06,35.94,2.6076,16.1278,325.867,0,0
2018-03-26,13,10.6667,0.0,4.16667,56,33.81,31.1,-6.5628,28.0572,340.267,0,0
2018-03-26,14,11.3333,0.0,5.5,56,32.83,30.61,-20.5376,40.0676,255.0,0,1
2018-03-26,15,12.1667,0.0,7.16667,55,32.8,30.82,-31.5125,52.0781,240.0,0,0
2018-03-26,16,11.5,0.0,8.16667,54,34.12,29.39,-26.9203,51.9915,249.9,0,1
2018-03-26,17,11.6667,0.0,8.66667,59,37.33,28.52,-21.4964,50.8972,291.5,0,2
2018-03-26,18,11.3333,0.0,8.83333,70,41.78,30.62,-3.81869,54.4224,289.385,0,2
2018-03-26,19,10.3333,0.0,8.66667,72,41.84,34.53,1.15615,52.4119,321.231,0,2
2018-03-26,20,9.5,0.0,8.16667,82,71.22,45.42,6.10592,58.8791,310.708,0,3
2018-03-26,21,9.0,0.0,7.5,81,75.62,44.06,18.4718,49.9301,347.564,0,2
2018-03-26,22,8.66667,0.0,6.66667,81,69.59,44.48,24.1287,44.587,356.4,0,2
2018-03-26,23,7.66667,0.0,5.83333,87,74.92,43.84,31.4328,41.4386,427.938,0,2
2018-03-27,0,7.83333,0.48,5.16667,84,79.28,51.18,31.4328,48.4386,408.738,0,1
2018-03-27,1,8.5,0.96,4.5,89,77.72,59.2,30.0186,46.5908,400.68,0,2
2018-03-27,2,9.0,0.96,4.0,88,78.06,57.3,32.847,40.2863,401.85,0,1
2018-03-27,3,9.5,0.96,3.5,91,68.79,65.27,35.6186,41.4344,356.4,0,1
2018-03-27,4,10.1667,0.96,3.0,89,63.03,63.9,35.8818,35.7443,326.4,0,0
2018-03-27,5,11.3333,0.96,2.5,87,59.16,67.52,45.1206,32.5711,317.127,0,-1
2018-03-27,6,11.8333,0.48,2.0,87,52.72,69.02,51.3424,22.4084,282.764,0,-1
2018-03-27,7,12.0,0.0,1.66667,85,48.84,72.24,57.5642,12.2458,250.364,0,-2
2018-03-27,8,12.5,0.0,1.16667,87,39.96,76.66,59.4015,8.03628,240.0,0,-2
2018-03-27,9,12.5,0.0,1.0,80,39.35,86.31,54.0,0.0,267.429,0,-2
2018-03-27,10,13.0,0.0,1.0,73,36.17,81.29,51.0,0.0,297.0,0,-2
2018-03-27,11,13.0,0.0,1.16667,73,30.72,41.91,64.0,0.0,240.0,0,-2
2018-03-27,12,12.5,0.0,1.33333,70,26.93,38.06,52.0,0.0,286.971,0,-2
2018-03-27,13,12.3333,0.0,1.66667,69,32.33,33.81,63.0,0.0,249.171,0,-3
2018-03-27,14,11.8333,0.0,2.16667,67,27.88,32.83,60.0,0.0,250.364,0,-2
2018-03-27,15,12.1667,0.0,2.66667,63,34.29,32.8,59.1627,4.20948,269.077,0,-2
2018-03-27,16,11.5,0.0,3.0,62,27.41,34.12,58.1731,9.18432,277.714,0,-3
2018-03-27,17,10.1667,0.0,3.33333,61,27.99,37.33,52.488,12.6284,305.455,0,-2
2018-03-27,18,8.83333,0.0,3.0,90,29.0,41.78,56.7307,16.8711,300.0,0,-1
2018-03-27,19,8.0,0.0,2.5,90,30.69,41.84,47.852,18.9924,398.618,0,-1
2018-03-27,20,7.0,0.0,2.0,82,33.34,71.22,53.3953,21.2885,385.745,0,-2
2018-03-27,21,5.5,0.0,1.33333,79,38.81,75.62,47.3953,21.2885,468.218,0,-3
2018-03-27,22,5.16667,0.0,0.666667,80,42.36,69.59,50.2237,18.4601,477.164,0,-3
2018-03-27,23,5.33333,0.0,0.0,77,45.99,74.92,40.0611,7.25059,559.385,0,-4
2018-03-28,0,5.66667,0.0,-0.166667,77,46.96,79.28,42.7398,0.78343,523.477,0,-4
2018-03-28,1,5.33333,0.0,-0.333333,78,47.24,77.72,28.816,-8.81081,600.4,0,-4
2018-03-28,2,5.83333,0.0,-0.5,80,47.74,78.06,27.2853,-12.5063,593.6,0,-5
2018-03-28,3,6.16667,0.0,-0.666667,75,55.25,68.79,15.9089,-23.3415,561.0,0,-5
2018-03-28,4,5.66667,0.0,-0.833333,75,53.1,63.03,5.30226,-33.9481,561.6,0,-5
2018-03-28,5,5.83333,0.0,-1.0,78,49.88,59.16,2.47382,-36.7766,540.0,0,-5
2018-03-28,6,6.33333,0.0,-1.0,80,53.67,52.72,-8.06946,-47.0727,504.9,0,-4
2018-03-28,7,7.0,0.0,-1.0,86,53.44,48.84,-7.83646,-51.6353,480.0,0,-3
2018-03-28,8,7.16667,0.0,-0.833333,80,60.04,39.96,-16.1721,-43.825,505.44,0,-3
2018-03-28,9,8.0,0.0,-0.5,69,67.16,39.35,-12.728,-44.5101,470.25,0,-4
2018-03-28,10,9.33333,0.0,0.166667,57,61.68,36.17,-9.66654,-48.119,395.2,0,-5
2018-03-28,11,11.1667,0.0,0.833333,52,47.49,30.72,-7.1876,-52.1345,327.6,0,-5
2018-03-28,12,13.3333,0.0,1.66667,49,39.22,26.93,-4.59216,-50.0866,270.667,0,-6
2018-03-28,13,15.5,0.0,2.66667,47,40.85,32.33,-4.59216,-51.0866,204.0,0,-6
2018-03-28,14,16.8333,0.0,3.5,51,41.38,27.88,0.0,-61.0,168.505,0,-5
2018-03-28,15,17.8333,0.0,4.16667,49,42.37,34.29,-6.50556,-57.706,191.314,0,-5
2018-03-28,16,19.0,0.23,4.5,47,40.99,27.41,-6.50556,-53.706,218.743,0,-5
2018-03-28,17,19.1667,0.46,4.66667,66,43.69,27.99,-6.50556,-51.706,216.847,0,-2
2018-03-28,18,19.0,0.46,4.66667,68,43.56,29.0,0.0,-56.0,193.765,0,-2
2018-03-28,19,19.3333,1.2,4.33333,72,50.79,30.69,0.0,-59.0,181.895,0,-2
2018-03-28,20,20.1667,1.2,4.0,75,52.26,33.34,0.0,-63.0,160.74,0,-1
2018-03-28,21,21.5,1.2,3.5,81,52.17,38.81,0.0,-65.0,148.5,0,-1
2018-03-28,22,22.8333,0.97,3.0,83,51.7,42.36,-9.567,-68.097,135.496,0,0
2018-03-28,23,23.8333,1.48,2.66667,85,52.13,45.99,-19.8994,-48.0418,168.192,0,0
2018-03-29,0,24.1667,2.22,2.16667,92,47.51,46.96,-20.282,-48.9656,167.733,0,0
2018-03-29,1,24.3333,1.48,1.83333,91,50.33,47.24,-20.282,-70.9656,129.422,0,0
2018-03-29,2,24.6667,1.48,1.5,90,53.07,47.74,-9.94968,-70.0209,139.569,0,0
2018-03-29,3,25.0,2.29,1.33333,91,54.27,55.25,0.0,-70.0,130.473,0,0
2018-03-29,4,24.6667,3.1,1.16667,92,56.74,53.1,0.0,-51.0,171.55,0,0
2018-03-29,5,24.5,3.17,1.0,93,58.51,49.88,0.0,-52.0,173.333,0,0
2018-03-29,6,24.1667,2.43,1.0,96,60.59,53.67,0.0,-77.0,120.0,0,1
2018-03-29,7,23.1667,3.42,1.16667,97,59.89,53.44,0.0,-70.0,145.2,0,1
2018-03-29,8,22.6667,4.56,1.33333,93,64.35,60.04,0.0,-63.0,184.512,0,1
2018-03-29,9,21.8333,3.75,1.66667,93,62.02,67.16,0.0,-59.0,186.66,0,2
2018-03-29,10,19.5,2.94,2.16667,100,40.11,61.68,-8.41896,-59.3254,163.4,0,4
2018-03-29,11,17.1667,2.13,2.83333,89,37.29,47.49,-16.1972,-49.1036,225.886,0,3
2018-03-29,12,16.3333,2.13,3.66667,86,33.37,39.22,-20.4067,-59.2663,220.8,0,3
2018-03-29,13,16.0,1.14,4.33333,83,32.34,40.85,-26.1469,-52.1245,271.473,0,4
2018-03-29,14,17.0,0.0,5.16667,79,34.51,41.38,-1.72789,-31.7991,259.418,0,3
2018-03-29,15,17.5,0.0,5.83333,68,30.68,42.37,10.2598,13.1418,168.72,0,2
2018-03-29,16,18.6667,0.0,6.33333,68,27.87,40.99,0.0,52.0,173.333,0,1
2018-03-29,17,20.1667,0.0,6.5,70,25.78,43.69,0.0,70.0,154.533,0,1
2018-03-29,18,19.6667,0.0,6.5,69,26.8,43.56,0.0,63.0,184.512,0,0
2018-03-29,19,18.6667,0.0,6.33333,69,32.12,50.79,0.0,75.0,180.0,0,0
2018-03-29,20,15.0,0.0,6.0,71,37.26,52.26,-3.8268,59.2388,239.733,0,0
2018-03-29,21,12.5,0.0,5.33333,76,54.08,52.17,-5.7402,63.8582,265.0,0,-1
2018-03-29,22,11.3333,0.0,4.66667,76,60.57,51.7,-9.567,55.097,351.54,0,-1
2018-03-29,23,9.66667,0.0,4.16667,71,72.44,52.13,-19.7297,59.3065,318.24,0,-1
2018-03-30,0,9.66667,0.0,3.66667,73,65.29,47.51,-28.9685,43.1333,345.6,0,-2
2018-03-30,1,9.5,0.0,3.16667,71,84.11,50.33,-40.055,35.7254,324.48,0,-3
2018-03-30,2,10.0,0.0,2.66667,72,85.76,53.07,-25.3148,21.8672,334.08,0,-3
2018-03-30,3,9.33333,0.0,2.33333,75,84.73,54.27,-17.3148,21.8672,300.0,0,-3
2018-03-30,4,8.66667,0.0,2.0,82,89.93,56.74,-7.48804,12.6284,360.0,0,-2
2018-03-30,5,8.66667,0.0,1.5,79,96.34,58.51,9.67464,8.41896,403.68,0,-3
2018-03-30,6,8.33333,0.0,1.0,89,90.37,60.59,28.9134,4.59216,420.0,0,-2
2018-03-30,7,8.5,0.0,0.833333,90,89.49,59.89,38.9134,4.59216,360.0,0,-1
2018-03-30,8,8.83333,0.0,0.833333,84,90.14,64.35,51.0,0.0,401.85,0,0
2018-03-30,9,9.33333,0.0,1.33333,77,79.95,62.02,53.0,0.0,349.8,0,0
2018-03-30,10,10.6667,0.0,2.16667,71,45.88,40.11,38.6851,3.44412,314.743,0,1
2018-03-30,11,11.3333,0.0,3.33333,65,24.53,37.29,15.9449,17.3023,309.12,0,1
2018-03-30,12,12.1667,0.0,4.66667,58,24.92,33.37,0.58736,30.2366,262.08,0,0
2018-03-30,13,13.3333,0.0,6.0,52,26.36,32.34,-30.0193,40.8433,246.4,0,0
2018-03-30,14,15.1667,0.0,7.33333,48,29.49,34.51,-33.7252,49.42,211.68,0,-1
2018-03-30,15,16.3333,0.0,8.33333,44,26.75,30.68,-37.4768,37.4768,208.32,0,-2
2018-03-30,16,15.5,0.0,9.0,42,22.8,27.87,-32.9931,41.6523,209.012,0,-2
2018-03-30,17,15.1667,0.0,9.33333,46,21.38,25.78,-36.8199,50.8911,202.024,0,-2
2018-03-30,18,13.8333,0.0,9.33333,50,27.36,26.8,-24.799,50.8702,265.714,0,-2
2018-03-30,19,11.5,0.0,9.0,57,30.33,32.12,-24.799,57.8702,279.714,0,-1
2018-03-30,20,9.33333,0.0,8.33333,67,27.76,37.26,-26.9203,55.7489,317.943,0,0
2018-03-30,21,8.33333,0.0,7.5,72,33.96,54.08,-4.07101,40.8996,405.0,0,0
2018-03-30,22,8.33333,0.0,6.5,69,37.42,60.57,5.92899,40.8996,360.0,0,-1
2018-03-30,23,9.0,0.0,5.5,74,53.1,72.44,19.123,19.0464,360.0,0,-1
2018-03-31,0,11.0,0.0,4.5,74,52.54,65.29,37.7318,-8.31531,345.257,1,-2
2018-03-31,2,14.6667,0.0,2.83333,79,45.24,85.76,45.8949,-37.2357,180.0,1,-2
2018-03-31,3,16.0,0.0,2.16667,77,38.89,84.73,36.7697,-36.7697,232.737,1,-3
2018-03-31,4,17.8333,0.0,1.66667,77,34.66,89.93,36.0626,-36.0626,225.28,1,-2
2018-03-31,5,18.3333,0.0,1.33333,77,34.72,96.34,33.4922,-44.8574,191.133,1,-2
2018-03-31,6,19.0,0.0,1.16667,78,35.4,90.37,28.0352,-49.6832,184.0,1,-2
2018-03-31,7,19.3333,0.0,0.666667,91,33.16,89.49,31.5707,-53.2187,165.714,1,-2
2018-03-31,8,19.6667,0.0,0.666667,84,32.37,90.14,30.04,-49.5232,181.895,1,-1
2018-03-31,9,20.1667,1.27,1.0,82,35.23,79.95,30.4227,-50.4471,193.93,1,0
2018-03-31,10,20.3333,1.27,1.83333,69,37.86,45.88,22.1954,-53.585,179.082,1,1
2018-03-31,11,21.6667,2.11,2.5,81,36.84,24.53,15.6899,-59.8791,160.74,1,2
2018-03-31,12,21.3333,2.11,3.33333,83,33.51,24.92,8.03628,-68.4015,125.314,1,3
2018-03-31,13,22.1667,2.11,4.83333,81,22.89,26.36,8.03628,-68.4015,130.473,1,5
2018-03-31,14,22.6667,3.96,6.0,88,15.88,29.49,16.4552,-66.7268,154.533,1,6
2018-03-31,15,23.6667,2.69,6.83333,93,23.31,26.75,16.4552,-62.7268,147.714,1,7
2018-03-31,16,24.0,2.69,7.33333,90,20.11,22.8,8.41896,-70.3254,120.0,1,7
2018-03-31,17,23.1667,3.7,8.0,88,18.06,21.38,0.0,-51.0,179.022,1,7
2018-03-31,18,23.1667,3.7,8.66667,87,21.08,27.36,0.0,-73.0,139.2,1,8
2018-03-31,19,23.3333,5.68,9.0,90,32.16,30.33,8.03628,-65.4015,156.75,1,9
2018-03-31,21,21.8333,5.81,9.0,100,37.72,33.96,25.6396,-61.9,141.943,1,8
2018-03-31,22,20.1667,5.81,8.83333,95,27.09,37.42,24.4915,-59.1283,169.304,1,8
2018-03-31,23,19.0,3.96,8.66667,92,28.62,53.1,15.6899,-51.8791,227.061,1,7
