data,timeofday,windspeed6,opady6,temp6,rhumid,index_avg,prev_index_avg,wind_dir_ns,wind_dir_ew,dispel50,is_weekend,dewpt
2018-01-30,15,29.0,0.0,4.5,54,29.18,34.47,23.3346,57.488,148.655,0,-4
2018-01-30,16,26.8333,0.0,4.5,65,28.42,19.8,18.3849,51.0209,167.733,0,-2
2018-01-30,17,26.0,0.0,4.5,69,33.675,18.53,30.4057,66.7268,154.533,0,-1
2018-01-30,18,24.0,0.0,4.5,64,37.19,29.795,30.4057,60.7268,183.138,0,-2
2018-01-30,19,21.5,0.48,4.16667,65,27.32,30.115,12.0209,56.706,179.082,0,-3
2018-01-30,20,19.0,0.48,3.83333,71,30.165,27.185,0.0,59.0,191.314,0,-2
2018-01-30,21,17.5,0.48,3.33333,72,27.76,28.09,0.0,71.0,180.0,0,-2
2018-01-30,22,17.3333,0.48,3.0,68,22.75,26.65,12.0209,65.706,200.34,0,-3
2018-01-30,23,16.0,0.48,2.66667,66,34.235,24.03,12.0209,61.706,216.333,0,-4
2018-01-31,0,15.3333,0.48,2.16667,72,34.57,24.3,12.0209,56.706,216.0,0,-3
2018-01-31,1,13.8333,0.0,1.83333,75,35.99,13.1,12.0209,60.706,217.412,0,-3
2018-01-31,2,13.3333,0.0,1.5,77,39.02,14.82,0.0,54.0,279.0,0,-3
2018-01-31,3,11.5,0.0,1.33333,80,34.79,18.11,0.0,63.0,266.325,0,-2
2018-01-31,4,10.1667,0.0,1.16667,75,40.085,7.405,-2.29608,52.5433,343.385,0,-3
2018-01-31,5,9.33333,0.0,0.833333,77,45.015,8.245,-5.35752,59.9343,321.6,0,-3
2018-01-31,6,8.16667,0.0,0.833333,75,47.315,8.66,-8.41896,54.3254,405.0,0,-3
2018-01-31,7,8.33333,0.0,0.833333,74,58.3,11.725,-14.7829,60.6894,371.025,0,-4
2018-01-31,8,8.5,0.0,0.833333,75,58.775,16.665,-24.0217,48.5161,360.0,0,-3
2018-01-31,9,9.0,0.0,0.833333,73,59.81,15.275,-31.0928,37.5872,385.0,0,-3
2018-01-31,10,10.1667,0.0,1.0,67,50.685,23.61,-37.1117,35.4881,356.4,0,-3
2018-01-31,11,11.5,0.0,1.66667,61,48.91,18.535,-15.9888,20.706,313.6,0,-3
2018-01-31,12,13.1667,0.0,2.33333,61,51.735,15.375,6.37518,14.342,240.0,0,-2
2018-01-31,13,14.5,0.0,3.16667,58,46.55,18.825,41.6851,3.44412,180.0,0,-2
2018-01-31,14,15.3333,0.0,4.0,61,46.57,22.315,53.0,0.0,212.625,0,-1
2018-01-31,15,16.1667,0.0,5.0,60,53.995,29.18,52.0,0.0,232.737,0,-1
2018-01-31,16,16.5,0.0,5.5,73,51.695,28.42,66.0,0.0,200.842,0,1
2018-01-31,17,16.5,0.0,5.66667,72,54.685,33.675,64.0,0.0,208.8,0,0
2018-01-31,18,16.1667,0.0,5.66667,75,53.185,37.19,62.0,0.0,203.52,0,1
2018-01-31,19,16.6667,0.0,5.5,74,50.615,27.32,64.0,0.0,180.0,0,1
2018-01-31,20,17.6667,1.12,5.33333,73,49.935,30.165,54.0,0.0,204.6,0,0
2018-01-31,21,18.6667,1.12,5.0,72,44.875,27.76,18.5985,8.03628,171.953,0,0
2018-01-31,22,19.3333,1.12,5.0,71,40.11,22.75,-16.8791,15.6899,171.943,0,0
2018-01-31,23,20.5,2.24,5.0,73,42.145,34.235,-57.2806,23.7262,171.943,0,0
2018-02-01,0,20.8333,2.24,4.83333,76,42.945,34.57,-59.1283,24.4915,154.56,0,0
2018-02-01,1,20.6667,2.24,4.66667,77,42.42,35.99,-58.2044,24.1088,165.714,0,1
2018-02-01,11,16.8333,5.28,4.66667,74,55.0,48.91,-61.9,25.6396,213.0,0,1
2018-02-01,12,15.3333,4.16,5.0,71,55.655,51.735,-52.6612,21.8128,258.353,0,1
2018-02-01,13,13.8333,2.64,5.33333,77,55.51,46.55,-48.9656,20.282,293.647,0,2
2018-02-01,14,12.8333,1.12,5.5,76,54.815,46.57,-60.9761,25.2569,248.4,0,3
2018-02-01,15,11.0,1.12,5.66667,73,40.625,53.995,-53.0483,26.5295,250.364,0,2
2018-02-01,16,11.0,2.24,5.66667,82,67.825,51.695,-47.1283,26.5627,313.5,0,2
2018-02-01,17,10.0,2.24,5.66667,82,76.825,54.685,-28.2635,32.1332,332.215,0,2
2018-02-01,18,8.0,2.24,5.33333,84,61.05,53.185,-22.7203,34.4293,332.677,0,2
2018-02-01,19,6.66667,2.24,4.83333,88,64.71,50.615,-21.7964,34.812,384.0,0,2
2018-02-01,20,5.66667,2.24,4.33333,86,67.61,49.935,-6.25039,33.3727,487.385,0,1
2018-02-01,21,5.0,2.24,3.66667,94,69.28,44.875,-1.63099,35.2861,487.385,0,1
2018-02-01,22,4.0,1.12,3.16667,91,73.065,40.11,0.21677,36.0515,523.477,0,1
2018-02-01,23,4.33333,0.0,2.66667,90,65.415,42.145,7.60781,32.99,624.327,0,0
2018-02-02,0,5.0,0.0,2.33333,90,59.1,42.945,7.60781,40.99,556.364,0,0
2018-02-02,1,5.0,0.0,2.16667,88,53.355,42.42,11.8505,36.7474,582.4,0,0
2018-02-02,11,8.33333,0.0,2.0,73,52.29,55.0,-45.1774,29.4826,360.0,0,-1
2018-02-02,12,8.33333,0.0,2.5,61,56.235,55.655,-48.8729,31.0133,360.0,0,-2
2018-02-02,13,8.33333,0.0,3.16667,59,43.56,55.51,-48.8729,31.0133,360.0,0,-3
2018-02-02,14,9.16667,0.0,3.83333,63,39.58,54.815,-48.8729,31.0133,360.0,0,-1
2018-02-02,15,8.83333,0.0,4.33333,60,45.8,40.625,-35.0147,36.2731,341.85,0,-2
2018-02-02,16,8.66667,0.0,4.5,69,75.88,67.825,-31.6539,36.1595,380.8,0,-1
2018-02-02,17,8.33333,0.0,4.33333,71,77.525,76.825,-26.4004,40.1064,395.2,0,-2
2018-02-02,18,7.66667,0.0,4.0,80,92.41,61.05,-31.3502,45.0562,360.0,0,-1
2018-02-02,19,7.5,0.0,3.5,78,73.04,64.71,-18.0353,41.6121,417.6,0,-2
2018-02-02,20,6.66667,0.0,3.0,77,67.2,67.61,-19.0623,38.3095,432.667,0,-2
2018-02-02,21,7.0,0.0,2.33333,77,73.385,69.28,-18.2416,34.2416,497.455,0,-3
2018-02-02,22,7.0,0.0,1.83333,80,67.925,73.065,-25.6327,37.3031,448.145,0,-2
2018-02-02,23,7.16667,0.0,1.33333,74,64.285,65.415,-31.2895,31.9599,420.0,0,-4
2018-02-03,0,7.5,0.0,1.0,73,66.285,59.1,-34.6503,32.0735,420.0,1,-4
2018-02-03,1,7.33333,0.0,0.666667,70,67.26,53.355,-34.2677,31.1496,420.0,1,-5
2018-02-03,2,7.5,0.0,0.0,83,81.36,57.875,-36.9966,32.667,453.6,1,-4
2018-02-03,3,7.5,0.0,-0.5,87,64.345,46.81,-34.5554,34.5554,451.0,1,-4
2018-02-03,4,7.0,0.0,-1.0,82,62.49,42.565,-21.0121,32.2593,437.25,1,-5
2018-02-03,5,7.0,0.0,-1.33333,83,64.595,48.99,-16.0121,32.2593,420.0,1,-5
2018-02-03,6,6.66667,0.0,-1.5,86,64.5,55.045,-0.62105,29.1978,420.0,1,-3
2018-02-03,7,6.66667,0.0,-1.66667,87,66.65,59.55,0.41643,25.4544,469.05,1,-3
2018-02-03,8,6.66667,0.0,-1.5,84,82.41,69.755,13.0733,19.7975,472.457,1,-3
2018-02-03,9,6.66667,0.0,-1.16667,76,83.265,62.005,22.7521,13.3303,472.457,1,-4
2018-02-03,10,6.66667,0.0,-0.666667,69,60.275,53.09,33.4308,6.86317,454.629,1,-4
2018-02-03,11,6.5,0.0,0.166667,60,58.905,52.29,43.3806,1.9134,503.25,1,-4
2018-02-03,12,6.83333,0.0,1.0,62,43.725,56.235,42.3806,1.9134,483.36,1,-3
2018-02-03,13,6.33333,0.0,1.83333,65,45.015,43.56,44.3806,1.9134,486.0,1,-2
2018-02-03,14,6.16667,0.0,2.83333,58,52.225,39.58,40.6851,3.44412,480.0,1,-3
2018-02-03,15,5.83333,0.0,3.5,59,64.395,45.8,33.0618,5.77338,528.0,1,-3
2018-02-03,16,5.5,0.0,3.83333,76,63.245,75.88,33.0618,11.7734,480.0,1,-1
2018-02-03,17,5.5,0.0,3.66667,77,95.935,77.525,26.0618,14.7734,555.429,1,-2
2018-02-03,18,5.66667,0.0,3.16667,84,88.55,92.41,24.0116,21.2405,569.25,1,-1
2018-02-03,19,5.66667,0.0,2.5,91,104.145,73.04,23.4026,24.302,524.16,1,-1
2018-02-03,20,5.33333,0.0,1.5,97,103.0,67.2,21.2311,27.9975,575.143,1,-2
2018-02-03,21,5.16667,0.0,0.833333,88,90.93,73.385,25.2311,27.9975,559.543,1,-2
2018-02-03,22,5.33333,0.0,0.5,75,71.795,67.925,16.3177,32.6169,599.657,1,-3
2018-02-03,23,5.0,0.0,0.166667,83,73.625,64.285,12.1461,36.3124,620.1,1,-2
2018-02-04,0,4.66667,0.0,0.0,85,75.56,66.285,20.8416,34.7817,626.4,1,-2
2018-02-04,1,4.83333,0.0,-0.166667,83,79.255,67.26,30.6276,28.243,626.4,1,-3
2018-02-04,2,5.0,0.0,0.0,86,69.405,81.36,34.1631,25.7785,603.2,1,-2
2018-02-04,3,5.16667,0.0,0.166667,82,62.09,64.345,38.7825,20.8651,620.229,1,-2
2018-02-04,4,5.5,0.0,0.0,81,60.62,62.49,38.0754,19.9412,655.2,1,-3
2018-02-04,5,6.5,0.0,0.0,83,57.69,64.595,42.3181,24.1839,600.0,1,-3
2018-02-04,6,6.33333,0.0,0.0,88,58.155,64.5,35.8768,25.2051,524.16,1,-2
2018-02-04,7,6.66667,0.0,0.166667,86,57.74,66.65,42.4096,22.4991,504.9,1,-2
2018-02-04,8,6.83333,0.0,0.166667,82,56.965,82.41,39.5309,23.7534,517.0,1,-3
2018-02-04,9,7.33333,0.0,0.0,85,58.115,83.265,38.2303,30.2921,505.44,1,-2
2018-02-04,10,7.66667,0.0,0.166667,82,60.825,60.275,34.6948,35.7566,420.0,1,-2
2018-02-04,11,7.5,0.0,0.333333,74,52.28,58.905,31.4896,39.5177,432.0,1,-3
2018-02-04,12,8.33333,0.0,0.5,69,58.49,43.725,34.318,44.5139,426.0,1,-4
2018-02-04,13,8.33333,0.0,0.833333,69,70.745,45.015,33.6109,45.9745,360.0,1,-3
2018-02-04,14,8.0,0.0,1.16667,66,68.97,52.225,33.9413,49.0108,360.0,1,-4
2018-02-04,15,7.33333,0.0,1.5,66,67.71,64.395,32.687,45.5918,395.2,1,-4
2018-02-04,16,6.83333,0.0,1.5,79,75.21,63.245,31.9799,37.8136,448.0,1,-3
2018-02-04,17,6.16667,0.0,1.33333,75,72.385,95.935,35.5155,34.278,435.2,1,-4
2018-02-04,18,5.66667,0.0,1.0,78,61.865,88.55,41.0588,22.9819,469.05,1,-4
2018-02-04,19,5.83333,0.0,0.5,82,59.885,104.145,40.3516,20.5407,510.72,1,-4
2018-02-04,20,6.66667,0.0,0.0,77,56.27,103.0,40.6716,14.3633,542.88,1,-5
2018-02-04,21,7.16667,0.0,-0.666667,70,47.75,90.93,42.6005,5.12452,528.0,1,-6
2018-02-04,22,7.66667,0.0,-1.16667,73,39.545,71.795,45.0417,-2.88669,468.0,1,-6
2018-02-04,23,7.83333,0.0,-1.5,74,35.4,73.625,45.8107,-0.88186,440.64,1,-6
2018-02-05,0,7.83333,0.0,-1.66667,69,33.985,75.56,48.7423,-0.0250701,413.4,0,-7
2018-02-05,1,7.5,0.0,-2.0,69,33.645,79.255,48.1488,-2.67876,408.857,0,-7
2018-02-05,2,7.16667,0.0,-2.16667,72,44.13,69.405,45.4951,-13.1718,437.25,0,-7
2018-02-05,3,6.66667,0.0,-2.16667,70,40.135,62.09,40.7828,-22.7004,463.6,0,-7
2018-02-05,4,6.66667,0.0,-2.16667,63,32.29,60.62,45.4022,-24.6138,450.667,0,-8
2018-02-05,5,7.0,0.0,-2.16667,64,29.54,57.69,44.4022,-24.6138,452.4,0,-8
2018-02-05,6,7.33333,0.0,-2.16667,62,36.315,58.155,46.0112,-21.5524,436.05,0,-9
2018-02-05,7,8.0,0.0,-2.16667,58,35.485,57.74,40.544,-18.8736,460.8,0,-10
2018-02-05,8,8.5,0.0,-2.5,60,14.81,56.965,44.833,-10.097,395.2,0,-10
2018-02-05,9,9.83333,0.0,-2.66667,57,13.255,58.115,49.8582,1.9134,375.84,0,-10
2018-02-05,10,11.1667,0.0,-2.66667,50,14.115,60.825,50.2388,3.8268,340.267,0,-11
2018-02-05,11,12.1667,0.0,-2.66667,42,17.3,52.28,56.0209,-2.29608,251.6,0,-13
2018-02-05,12,13.0,0.0,-2.66667,43,19.145,58.49,52.7821,-6.12288,241.92,0,-13
2018-02-05,13,13.1667,0.0,-2.5,40,37.15,70.745,55.7164,-11.4804,223.385,0,-14
2018-02-05,14,13.6667,0.0,-2.16667,36,24.23,68.97,52.8791,-15.6899,261.0,0,-15
2018-02-05,15,13.1667,0.0,-2.33333,44,50.395,67.71,50.1074,-14.5418,282.72,0,-15
2018-02-05,16,12.1667,0.05,-2.66667,52,33.96,75.21,59.3462,-18.3686,257.92,0,-12
2018-02-05,17,11.3333,0.05,-3.0,51,38.35,72.385,54.3462,-18.3686,297.6,0,-13
2018-02-05,18,10.0,0.05,-3.5,52,65.18,61.865,50.6507,-16.8379,317.127,0,-13
2018-02-05,19,8.66667,0.05,-4.0,54,93.515,59.885,56.194,-19.134,311.564,0,-13
2018-02-05,20,7.0,0.05,-4.83333,63,96.34,56.27,49.0313,-14.9245,427.938,0,-13
2018-02-05,22,5.33333,0.0,-5.83333,66,96.34,39.545,55.3385,-9.15708,459.877,0,-13
2018-02-05,23,5.16667,0.0,-6.66667,75,91.79,35.4,43.3281,0.81776,542.88,0,-12
2018-02-06,2,7.0,0.0,-7.0,74,87.24,44.13,17.0182,25.7157,544.32,0,-10
2018-02-06,9,6.66667,0.0,-6.16667,57,57.92,13.255,-13.1969,45.7737,470.25,0,-13
2018-02-06,10,6.33333,0.0,-6.0,50,58.325,14.115,-15.1103,50.3931,452.4,0,-13
2018-02-06,11,5.5,0.0,-5.66667,45,58.345,17.3,-17.7057,48.6589,452.4,0,-14
2018-02-06,12,6.0,0.0,-5.16667,44,53.88,19.145,-16.5577,45.8873,526.68,0,-14
2018-02-06,13,6.16667,0.0,-4.5,42,43.385,37.15,-19.2364,52.3544,480.0,0,-14
2018-02-06,14,6.16667,0.0,-3.66667,40,50.1533,24.23,-21.9152,48.8216,527.88,0,-14
2018-02-06,15,6.16667,0.0,-2.83333,37,49.515,50.395,-16.9152,38.8216,530.4,0,-14
2018-02-06,16,6.16667,0.0,-2.33333,45,64.87,33.96,-10.3845,35.1261,540.6,0,-13
2018-02-06,17,7.16667,0.0,-2.16667,54,59.74,38.35,-12.2322,29.7686,480.0,0,-11
2018-02-06,18,7.33333,0.0,-2.33333,51,71.105,65.18,-20.4815,15.9397,452.4,0,-13
2018-02-06,19,7.66667,0.0,-2.83333,54,82.47,93.515,-4.91124,5.6634,460.8,0,-13
2018-02-06,20,8.33333,0.0,-3.33333,62,76.47,96.34,-10.5474,-4.24788,425.829,0,-11
2018-02-06,22,8.66667,0.0,-4.66667,49,76.47,96.34,-28.4753,-21.3217,401.85,0,-14
2018-02-06,23,8.33333,0.0,-5.0,51,76.47,91.79,-24.5284,-26.5752,411.927,0,-14
2018-02-07,9,10.5,0.0,-4.33333,68,85.84,57.92,-34.557,-39.4278,336.3,0,-8
2018-02-07,10,10.5,0.0,-3.83333,62,79.91,58.325,-33.1427,-38.0135,340.267,0,-8
2018-02-07,11,10.8333,0.0,-3.16667,54,75.55,58.345,-38.1839,-38.1839,317.127,0,-9
2018-02-07,12,10.5,0.0,-2.16667,44,77.11,53.88,-38.1839,-38.1839,317.127,0,-10
2018-02-07,13,9.66667,0.0,-1.33333,43,70.355,43.385,-36.7697,-36.7697,334.08,0,-10
2018-02-07,14,9.33333,0.0,-0.333333,48,69.27,50.1533,-39.0658,-42.313,324.48,0,-8
2018-02-07,15,8.66667,0.0,0.333333,53,79.4,49.515,-39.3857,-38.3033,349.92,0,-7
2018-02-07,16,8.16667,0.0,1.16667,54,90.985,64.87,-32.3146,-37.2322,420.0,0,-6
2018-02-07,17,8.16667,0.0,1.33333,70,87.825,59.74,-28.8705,-45.5472,372.3,0,-5
2018-02-07,18,8.16667,0.0,1.16667,68,85.105,71.105,-16.1757,-47.2245,372.764,0,-6
2018-02-07,19,8.16667,0.1,0.833333,66,77.44,82.47,-8.39751,-48.4463,374.0,0,-6
2018-02-07,20,7.83333,0.1,0.333333,72,78.09,76.47,-2.03352,-48.0823,377.4,0,-5
2018-02-07,22,7.5,0.1,-0.666667,68,75.94,76.47,10.3324,-51.9448,395.2,0,-7
2018-02-07,23,7.0,0.2,-1.0,77,74.195,76.47,12.6284,-51.488,432.667,0,-5
2018-02-08,6,6.83333,0.1,-2.66667,83,83.75,79.85,38.1299,-30.0119,517.0,0,-5
2018-02-08,7,7.33333,0.1,-2.83333,92,81.735,80.16,44.8338,-24.4686,486.0,0,-5
2018-02-08,8,8.16667,0.1,-3.0,85,81.675,85.595,48.1769,-18.8117,420.0,0,-5
2018-02-08,9,8.66667,0.1,-3.0,83,80.075,85.84,53.0209,-9.94968,377.4,0,-5
2018-02-08,10,9.33333,0.05,-3.0,82,76.845,79.91,50.9343,-5.35752,377.143,0,-6
2018-02-08,11,9.66667,0.05,-2.83333,78,77.665,75.55,55.4672,-2.67876,314.743,0,-6
2018-02-08,12,10.1667,0.0,-2.5,73,78.575,77.11,58.0,0.0,312.8,0,-6
2018-02-08,13,10.6667,0.0,-2.16667,75,81.065,70.355,52.0,0.0,341.127,0,-5
2018-02-08,14,10.3333,0.0,-1.66667,69,77.515,69.27,53.0,0.0,313.6,0,-5
2018-02-08,15,10.1667,0.0,-1.33333,69,80.715,79.4,53.0,0.0,329.018,0,-6
2018-02-08,16,10.1667,0.0,-1.16667,81,79.895,90.985,60.391,3.06144,300.0,0,-5
2018-02-08,17,10.0,0.0,-1.16667,81,70.13,87.825,50.5537,7.27092,348.0,0,-5
2018-02-08,18,9.33333,0.0,-1.33333,77,65.75,85.105,58.5537,7.27092,322.4,0,-6
2018-02-08,19,8.83333,0.0,-1.5,71,75.7833,77.44,54.5537,7.27092,369.6,0,-6
2018-02-08,20,9.0,0.0,-1.83333,72,77.46,78.09,51.5537,7.27092,380.8,0,-7
2018-02-08,21,9.16667,0.0,-2.16667,72,75.975,76.23,51.7925,3.44412,356.4,0,-8
2018-02-09,10,3.5,0.0,-6.0,76,92.18,76.845,36.3765,20.2227,707.143,0,-8
2018-02-09,11,3.83333,0.0,-5.5,75,81.62,77.665,36.3765,24.2227,681.943,0,-7
2018-02-09,12,3.83333,0.0,-4.5,68,76.42,78.575,32.205,27.0511,749.829,0,-7
2018-02-09,13,3.83333,0.0,-3.5,58,72.13,81.065,35.0334,30.7466,720.0,0,-9
2018-02-09,14,4.33333,0.0,-2.5,56,83.2767,77.515,31.729,32.2774,790.457,0,-8
2018-02-09,15,4.66667,0.0,-1.83333,60,77.715,80.715,31.729,32.2774,720.0,0,-8
2018-02-09,16,4.83333,0.0,-1.0,62,96.74,79.895,31.569,34.2822,720.0,0,-6
2018-02-09,17,5.33333,0.0,-0.833333,86,101.93,70.13,33.0334,30.7466,720.0,0,-4
2018-02-10,10,5.0,0.0,-4.5,82,72.83,92.18,24.1353,-41.8769,683.7,1,-6
2018-02-10,11,4.83333,0.0,-3.66667,72,68.34,81.62,26.0487,-42.4963,674.16,1,-6
2018-02-10,12,4.16667,0.0,-3.16667,72,68.1,76.42,20.9825,-42.6563,642.6,1,-6
2018-02-10,13,4.0,0.0,-2.5,65,80.98,72.13,22.3399,-42.3901,674.16,1,-7
2018-02-10,14,4.0,0.0,-2.0,61,79.215,83.2767,25.3399,-42.3901,660.0,1,-7
2018-02-10,15,3.83333,0.0,-1.5,58,83.275,77.715,26.2549,-34.9423,685.44,1,-7
2018-02-11,10,7.16667,0.0,-3.0,74,79.305,72.83,-9.25243,-16.2332,540.8,1,-5
2018-02-11,11,8.33333,0.0,-2.33333,66,73.45,68.34,1.92232,-8.56864,461.76,1,-5
2018-02-11,12,10.0,0.0,-1.33333,60,74.03,68.1,22.1611,-4.74184,360.0,1,-6
2018-02-11,13,10.8333,0.0,-0.5,56,66.83,80.98,37.6851,-3.44412,288.0,1,-6
2018-02-11,14,10.8333,0.0,0.333333,55,62.855,79.215,36.7612,3.8268,285.12,1,-6
2018-02-11,15,10.5,0.0,1.0,51,66.08,83.275,35.7612,3.8268,305.455,1,-7
2018-02-12,9,8.0,0.16,0.166667,75,72.175,83.45,3.07959,21.9204,414.72,0,-3
2018-02-12,10,8.5,0.08,0.5,70,70.045,79.305,-13.9915,28.9915,390.0,0,-3
2018-02-12,11,9.16667,0.08,1.0,57,65.24,73.45,-32.8183,38.2303,401.85,0,-5
2018-02-12,12,9.33333,0.0,1.66667,48,56.92,74.03,-27.1614,44.5734,352.8,0,-7
2018-02-12,13,9.16667,0.0,2.33333,59,52.36,66.83,-20.7974,48.2094,327.6,0,-3
2018-02-12,15,9.16667,0.0,3.5,49,63.265,66.08,-13.5767,54.7771,312.12,0,-6
2018-02-12,16,9.0,0.0,3.66667,72,58.05,65.085,-6.50556,53.706,363.0,0,-2
2018-02-12,17,9.16667,0.0,3.83333,63,92.455,68.415,-2.67876,53.4672,394.4,0,-2
2018-02-12,18,8.66667,0.0,3.66667,68,106.725,70.16,-2.67876,54.4672,363.0,0,-2
2018-02-12,19,8.16667,0.0,3.16667,83,100.575,69.1,-2.67876,51.4672,377.143,0,-2
2018-02-12,20,7.33333,0.0,2.5,86,112.97,67.825,-4.20948,55.1627,375.943,0,-2
2018-02-12,21,7.16667,0.0,1.83333,89,124.28,66.83,2.00483,53.3149,443.52,0,-2
2018-02-12,22,6.5,0.0,1.16667,91,105.145,66.42,2.00483,58.3149,434.52,0,-2
2018-02-12,23,5.33333,0.0,0.333333,90,98.23,67.245,0.0914299,52.9343,457.6,0,-3
2018-02-13,4,5.83333,0.0,-2.16667,86,95.27,61.625,-6.79681,52.5642,579.429,0,-4
2018-02-13,5,5.5,0.0,-2.33333,81,87.67,61.785,-6.79681,51.5642,540.0,0,-5
2018-02-13,6,4.83333,0.0,-2.33333,77,91.47,65.265,-5.26609,51.8686,563.04,0,-5
2018-02-13,7,5.0,0.0,-2.33333,80,95.27,70.0,-8.80164,51.2492,586.56,0,-5
2018-02-13,8,5.0,0.0,-2.16667,80,81.27,67.905,-8.80164,51.2492,586.56,0,-5
2018-02-13,9,5.0,0.0,-1.83333,79,80.31,72.175,-8.41896,50.3254,626.4,0,-4
2018-02-13,10,5.33333,0.0,-1.5,69,81.13,70.045,-6.12288,51.7821,635.25,0,-5
2018-02-13,11,5.83333,0.0,-1.0,59,65.24,65.24,-3.06144,52.391,566.1,0,-6
2018-02-13,12,6.16667,0.0,-0.333333,48,59.985,56.92,-1.53072,51.6955,575.143,0,-8
2018-02-13,13,6.33333,0.0,0.5,48,54.56,52.36,2.71194,48.9382,583.0,0,-7
2018-02-13,15,6.33333,0.0,1.83333,62,67.92,63.265,10.9546,43.1808,556.5,0,-4
2018-02-13,16,6.16667,0.0,2.16667,71,100.405,58.05,17.4218,41.8596,501.84,0,-3
2018-02-13,17,5.83333,0.0,2.16667,70,80.005,92.455,23.9023,38.1138,509.143,0,-4
2018-02-13,18,5.66667,0.0,1.83333,70,85.71,106.725,28.9023,38.1138,480.0,0,-5
2018-02-13,19,5.5,0.0,1.16667,80,82.9,100.575,33.5216,29.2004,532.65,0,-4
2018-02-13,20,6.16667,0.0,0.5,86,87.625,112.97,37.0572,17.6649,575.143,0,-3
2018-02-13,21,5.83333,0.0,0.0,83,77.785,124.28,40.1186,3.27386,540.6,0,-4
2018-02-13,22,5.5,0.0,-0.5,90,81.245,105.145,37.7894,-5.5882,561.6,0,-3
2018-02-13,23,5.5,0.0,-1.0,89,81.77,98.23,33.5467,-14.8309,556.5,0,-3
2018-02-14,4,5.66667,0.0,-2.33333,91,83.89,95.27,23.1768,-44.954,546.96,0,-4
2018-02-14,6,5.83333,0.0,-2.66667,97,85.285,91.47,23.1768,-49.954,558.45,0,-4
2018-02-14,7,5.5,0.0,-2.66667,96,82.49,95.27,25.6587,-44.8591,540.0,0,-3
2018-02-14,8,5.66667,0.0,-2.66667,89,98.17,81.27,29.2886,-37.5358,570.24,0,-3
2018-02-14,9,6.5,0.0,-2.33333,81,83.49,80.31,30.7028,-38.95,524.16,0,-4
2018-02-14,10,7.33333,0.0,-1.83333,73,76.18,81.13,38.0282,-38.1574,480.0,0,-4
2018-02-14,11,8.16667,0.0,-1.16667,65,78.3,65.24,37.7952,-33.5948,440.64,0,-5
2018-02-14,12,9.33333,0.0,-0.5,56,67.01,59.985,39.4173,-32.5109,379.44,0,-7
2018-02-14,13,10.0,0.0,0.166667,52,58.8,54.56,43.0665,-34.4073,300.0,0,-7
2018-02-14,14,10.8333,0.0,0.833333,51,62.975,59.335,39.6445,-34.2325,321.48,0,-7
2018-02-14,15,11.5,0.0,1.33333,53,61.065,67.92,38.891,-38.891,297.0,0,-7
2018-02-14,16,11.3333,0.0,1.5,70,77.29,100.405,41.7195,-41.7195,250.92,0,-4
2018-02-14,17,11.5,0.0,1.5,73,82.93,80.005,41.0124,-41.0124,289.385,0,-4
2018-02-14,18,10.6667,0.0,1.33333,68,85.77,85.71,39.5982,-39.5982,285.12,0,-5
2018-02-14,19,10.8333,0.0,1.0,77,82.99,82.9,39.9181,-35.5885,324.8,0,-4
2018-02-14,20,10.0,0.0,0.666667,79,79.33,87.625,42.4328,-27.1032,350.314,0,-4
2018-02-14,21,9.0,0.0,0.166667,74,77.62,77.785,49.4328,-27.1032,342.514,0,-5
2018-02-14,22,8.66667,0.0,-0.166667,78,72.095,81.245,47.5332,-17.2036,366.667,0,-4
2018-02-14,23,8.0,0.0,-0.5,80,65.24,81.77,48.1693,-10.8397,411.927,0,-4
2018-02-15,4,6.83333,0.0,-1.66667,78,58.365,83.89,51.6778,-15.6066,437.143,0,-5
2018-02-15,6,5.83333,0.0,-1.83333,81,62.025,85.285,41.6275,-24.5563,509.143,0,-5
2018-02-15,7,5.66667,0.0,-1.83333,80,60.43,82.49,43.1582,-28.2519,498.343,0,-5
2018-02-15,8,5.16667,0.0,-1.66667,75,67.375,98.17,38.9867,-31.0803,555.429,0,-5
2018-02-15,9,4.83333,0.0,-1.5,73,72.99,83.49,34.4329,-33.0209,595.2,0,-5
2018-02-15,10,4.5,0.0,-1.5,71,61.235,76.18,34.4329,-38.0209,559.543,0,-5
2018-02-15,11,4.83333,0.0,-1.33333,63,59.76,78.3,26.0524,-39.9616,563.04,0,-6
2018-02-15,12,5.5,0.0,-1.0,65,61.82,67.01,21.433,-44.0482,596.25,0,-5
2018-02-15,13,6.16667,0.0,-0.5,64,63.9,58.8,15.7761,-46.3913,579.429,0,-5
2018-02-15,14,6.66667,0.0,0.0,59,67.455,62.975,6.24749,-51.1036,559.543,0,-6
2018-02-15,15,7.16667,0.0,0.333333,63,65.75,61.065,1.29772,-50.1538,504.9,0,-5
2018-02-15,16,7.83333,0.0,0.666667,71,74.095,77.29,-6.12288,-51.0209,461.76,0,-4
2018-02-15,17,8.16667,0.0,0.666667,72,88.77,82.93,-14.4003,-47.7655,419.76,0,-5
2018-02-15,18,8.33333,0.0,0.5,70,77.78,85.77,-15.5483,-50.5371,377.4,0,-6
2018-02-15,19,8.5,0.0,0.166667,76,69.43,82.99,-18.9924,-52.852,360.0,0,-5
2018-02-15,20,8.66667,0.0,-0.166667,75,73.69,79.33,-19.3751,-45.7759,401.85,0,-5
2018-02-15,21,9.16667,0.0,-0.666667,75,77.575,77.62,-25.7391,-44.1399,386.4,0,-6
2018-02-15,22,9.5,0.0,-1.16667,82,81.035,72.095,-30.4559,-44.5271,352.8,0,-5
2018-02-15,23,10.1667,0.0,-1.5,82,80.075,65.24,-31.8701,-45.9413,313.65,0,-5
2018-02-16,1,12.0,0.0,-1.5,73,79.49,58.315,-45.0174,-31.4874,275.6,0,-6
2018-02-16,2,12.6667,0.0,-1.5,76,75.38,56.145,-14.8752,-17.3452,270.327,0,-5
2018-02-16,3,13.5,0.0,-1.33333,70,67.175,59.73,5.903,-9.567,255.2,0,-5
2018-02-16,4,13.5,0.0,-1.16667,71,63.305,58.365,32.9896,-4.97484,223.385,0,-5
2018-02-16,5,13.6667,0.0,-1.0,65,59.9,61.835,34.8373,4.20948,261.0,0,-6
2018-02-16,6,13.6667,0.0,-1.0,71,57.56,62.025,6.82688,9.18432,271.385,0,-5
2018-02-16,7,13.1667,0.0,-0.833333,72,55.785,60.43,-18.1836,14.1592,288.225,0,-5
2018-02-16,8,13.6667,0.0,-0.666667,75,58.23,67.375,-27.376,23.3516,240.0,0,-4
2018-02-16,9,12.8333,0.0,-0.5,83,58.595,72.99,-44.5271,30.4559,251.631,0,-2
2018-02-16,10,13.3333,0.0,-0.166667,78,63.545,61.235,-40.2948,33.2592,271.385,0,-2
2018-02-16,11,13.3333,0.0,0.333333,73,68.53,59.76,-33.6419,41.2187,261.415,0,-3
2018-02-16,12,13.3333,0.0,0.833333,65,74.825,61.82,-29.4243,44.0367,279.0,0,-4
2018-02-16,13,13.6667,0.0,1.33333,60,78.465,63.9,-23.0854,44.7334,281.455,0,-4
2018-02-16,14,13.3333,0.0,1.83333,57,82.255,67.455,-15.3072,51.9552,257.914,0,-4
2018-02-16,15,13.5,0.0,2.5,58,80.275,65.75,-9.94968,53.0209,251.631,0,-4
2018-02-16,16,13.1667,0.0,3.0,67,72.555,74.095,-4.97484,53.0104,261.415,0,-2
2018-02-16,17,12.6667,0.0,3.0,72,89.38,88.77,8.48532,52.0866,282.72,0,-2
2018-02-16,19,9.5,0.0,2.83333,78,100.28,69.43,18.3849,50.0209,361.371,0,-2
2018-02-16,20,8.16667,0.0,2.33333,84,77.215,73.69,14.8493,53.5564,376.2,0,-2
2018-02-16,21,7.83333,0.0,1.66667,83,69.715,77.575,20.8493,53.5564,371.571,0,-2
2018-02-16,22,7.66667,0.0,1.0,81,67.825,81.035,30.8493,39.5564,397.5,0,-3
2018-02-16,23,8.0,0.0,0.666667,82,73.115,80.075,20.6866,31.7659,410.4,0,-3
2018-02-17,1,8.5,0.0,0.0,80,60.335,79.49,-5.35183,26.2226,356.16,1,-3
2018-02-17,2,8.66667,0.0,-0.166667,87,60.62,75.38,-4.64472,25.5155,385.0,1,-3
2018-02-17,3,8.66667,0.0,-0.333333,92,61.87,67.175,-13.3235,31.9827,403.68,1,-2
2018-02-17,4,8.16667,0.0,-0.666667,86,61.935,63.305,-27.1503,41.2215,411.927,1,-4
2018-02-17,5,8.0,0.0,-1.0,87,61.83,59.9,-30.2117,48.6125,372.764,1,-4
2018-02-17,6,8.5,0.0,-1.33333,91,62.735,57.56,-24.2585,54.5657,384.8,1,-3
2018-02-17,7,9.5,0.0,-1.66667,88,65.52,55.785,-24.3831,43.8663,365.7,1,-4
2018-02-17,8,9.83333,0.0,-1.83333,87,62.695,58.23,-25.3815,50.2767,300.0,1,-4
2018-02-17,9,9.33333,0.0,-1.83333,79,58.05,58.595,-26.1469,52.1245,312.12,1,-4
2018-02-17,10,9.5,0.0,-1.33333,71,55.68,63.545,-24.9988,49.3528,327.6,1,-3
2018-02-17,11,9.66667,0.0,-0.5,64,55.48,68.53,-25.3815,50.2767,347.564,1,-4
2018-02-17,12,9.66667,0.0,0.333333,56,56.975,74.825,-21.172,52.114,335.345,1,-5
2018-02-17,13,9.83333,0.0,1.33333,54,55.87,78.465,-17.6033,54.4985,324.48,1,-4
2018-02-17,14,10.0,0.0,2.33333,57,54.96,82.255,-13.7765,56.2597,300.0,1,-3
2018-02-17,15,10.1667,0.0,3.16667,65,52.83,80.275,-11.4804,50.7164,313.6,1,-2
2018-02-17,16,10.0,0.0,3.5,85,67.6,72.555,-11.0977,49.7925,348.0,1,0
2018-02-17,17,9.0,0.0,3.33333,88,88.24,89.38,-14.1592,57.1836,322.4,1,0
2018-02-17,19,7.33333,0.0,2.33333,98,98.39,100.28,-17.6947,54.7191,385.745,1,0
2018-02-17,20,6.33333,0.0,1.66667,96,70.63,77.215,-13.4852,51.5564,439.855,1,-1
2018-02-17,21,5.66667,0.0,1.0,86,63.01,69.715,-15.016,55.2519,448.145,1,-2
2018-02-17,22,5.5,0.0,0.5,86,67.885,67.825,-12.1875,47.0804,542.88,1,-2
2018-02-17,23,5.33333,0.0,0.166667,91,85.9,73.115,-5.18751,47.0804,495.72,1,-2
2018-02-18,1,5.16667,0.0,-0.333333,90,75.785,60.335,10.2363,35.07,607.05,1,-2
2018-02-18,2,5.5,0.1,-0.333333,84,75.58,60.62,10.2363,41.07,558.45,1,-3
2018-02-18,3,6.16667,0.2,-0.333333,83,70.82,61.87,19.2977,33.6789,561.0,1,-3
2018-02-18,4,6.5,0.2,-0.5,85,71.545,61.935,30.8333,24.1434,575.143,1,-3
2018-02-18,5,7.0,0.2,-0.666667,84,67.89,61.83,39.8333,17.1434,480.0,1,-3
2018-02-18,6,7.33333,0.2,-0.666667,78,64.07,62.735,46.5355,10.6194,472.457,1,-5
2018-02-18,7,7.66667,0.2,-0.666667,84,61.345,65.52,46.0027,13.2982,440.64,1,-3
2018-02-18,8,7.5,0.1,-0.833333,85,57.455,62.695,44.8582,11.7402,432.0,1,-3
2018-02-18,9,7.5,0.0,-0.833333,79,41.89,58.05,49.4776,7.6536,451.0,1,-4
2018-02-18,10,7.83333,0.0,-0.666667,80,42.33,55.68,50.8686,10.715,437.25,1,-3
2018-02-18,11,8.33333,0.0,-0.333333,69,42.705,55.48,53.8686,10.715,402.8,1,-4
2018-02-18,12,9.0,0.0,0.0,63,47.345,56.975,55.8686,10.715,360.0,1,-5
2018-02-18,13,9.33333,0.0,0.5,59,58.525,55.87,51.5642,3.8268,356.4,1,-5
2018-02-18,14,10.0,0.0,1.0,53,65.965,54.96,49.5537,-1.14804,333.45,1,-6
2018-02-18,15,10.1667,0.0,1.33333,56,68.92,52.83,51.1627,-4.20948,341.127,1,-6
2018-02-18,16,9.33333,0.0,1.5,66,68.305,67.6,59.4776,-0.76536,300.0,1,-4
2018-02-18,17,8.16667,0.0,1.33333,79,71.855,88.24,54.4776,-0.76536,360.0,1,-3
2018-02-18,18,6.83333,0.0,1.0,78,69.2,91.81,57.306,2.93016,372.764,1,-4
2018-02-18,19,5.66667,0.0,0.333333,84,61.155,98.39,46.306,5.93016,482.727,1,-4
2018-02-18,20,4.66667,0.0,-0.333333,91,73.62,70.63,48.4274,8.7018,507.055,1,-4
2018-02-18,21,3.83333,0.0,-0.833333,75,92.77,63.01,51.4274,8.7018,526.145,1,-5
2018-02-18,22,3.5,0.0,-1.16667,74,89.76,67.885,45.2647,12.9113,630.12,1,-5
2018-02-18,23,3.5,0.0,-1.33333,78,95.07,85.9,45.2647,16.9113,627.0,1,-4
2018-02-19,1,3.5,0.0,-1.33333,74,96.32,75.785,29.6078,22.5682,716.8,0,-6
2018-02-19,2,3.33333,0.0,-1.5,86,83.69,75.58,28.1936,23.9824,741.6,0,-5
2018-02-19,3,3.5,0.0,-1.5,75,72.29,70.82,26.7794,25.3966,762.667,0,-5
2018-02-19,4,3.66667,0.0,-1.5,68,69.425,71.545,13.16,23.4832,851.2,0,-6
2018-02-19,5,3.83333,0.0,-1.66667,74,61.12,67.89,9.62442,19.9476,802.4,0,-6
2018-02-19,6,4.5,0.0,-2.0,78,60.61,64.07,-3.3099,14.5901,832.0,0,-7
2018-02-19,9,6.83333,0.0,-1.33333,57,64.97,41.89,-40.7747,-6.27411,600.0,0,-7
2018-02-19,10,7.5,0.0,-1.0,60,68.785,42.33,-43.6032,-18.7594,540.0,0,-6
2018-02-19,11,8.16667,0.0,-0.333333,54,56.695,42.705,-46.2612,-27.8604,420.0,0,-7
2018-02-19,12,8.33333,0.0,0.5,49,51.62,47.345,-46.4212,-25.8556,379.44,0,-8
2018-02-19,14,9.5,0.0,2.0,47,52.88,65.965,-26.0688,-18.668,361.029,0,-7
2018-02-19,15,10.3333,0.0,2.33333,48,51.36,68.92,-29.7643,-20.1987,313.65,0,-7
2018-02-19,16,10.5,0.0,2.5,61,54.87,68.305,-27.803,-16.0726,313.6,0,-5
2018-02-19,17,10.3333,0.0,2.33333,62,63.94,71.855,-23.3148,-21.8672,300.667,0,-6
2018-02-19,18,10.6667,0.0,2.0,64,65.87,69.2,-20.6568,-24.08,329.018,0,-6
2018-02-19,19,10.3333,0.0,1.33333,69,65.09,61.155,-35.8663,-34.2427,329.018,0,-6
2018-02-19,20,9.83333,0.0,0.666667,68,60.355,73.62,-25.7036,-39.0332,366.277,0,-6
2018-02-19,21,9.5,0.0,0.0,68,66.99,92.77,-28.765,-46.4242,343.938,0,-7
2018-02-20,3,9.33333,0.0,-2.5,75,62.3,72.29,-19.7659,-50.7191,335.345,0,-7
2018-02-20,6,8.83333,0.0,-3.5,79,62.3,60.61,0.0,-52.0,386.4,0,-7
2018-02-20,9,9.16667,0.0,-3.66667,70,53.155,64.97,0.0,-54.0,366.667,0,-7
2018-02-20,10,9.16667,0.0,-3.16667,62,56.37,68.785,0.0,-55.0,352.8,0,-8
2018-02-20,11,9.66667,0.0,-2.5,60,54.91,56.695,0.0,-55.0,352.8,0,-7
2018-02-20,14,11.0,0.0,0.166667,57,42.065,52.88,0.0,-54.0,309.12,0,-5
2018-02-20,15,11.5,0.0,0.833333,54,44.56,51.36,0.0,-56.0,275.6,0,-7
2018-02-20,16,12.3333,0.0,1.16667,60,66.09,54.87,0.0,-60.0,260.0,0,-6
2018-02-20,17,12.6667,0.0,1.16667,63,69.63,63.94,5.35752,-60.9343,240.0,0,-6
2018-02-20,18,12.5,0.0,1.0,67,70.33,65.87,10.715,-50.8686,265.5,0,-6
2018-02-20,19,12.5,0.0,0.666667,70,55.42,65.09,14.9245,-49.0313,281.538,0,-6
2018-02-20,20,12.6667,0.0,0.166667,69,50.46,60.355,19.134,-59.194,240.0,0,-6
2018-02-21,9,8.66667,0.0,-4.33333,72,59.13,53.155,31.2544,-40.4548,395.2,0,-8
2018-02-21,10,8.66667,0.0,-4.0,64,56.51,56.37,34.1743,-38.5039,395.2,0,-8
2018-02-21,11,9.16667,0.0,-3.33333,56,73.525,54.91,34.1743,-38.5039,386.4,0,-9
2018-02-21,13,11.0,0.0,-1.66667,52,51.245,40.52,33.201,-39.1542,326.8,0,-8
2018-02-21,14,11.6667,0.0,-0.833333,46,55.76,42.065,36.7365,-42.6897,263.467,0,-9
2018-02-21,15,12.8333,0.0,0.0,44,60.54,44.56,33.201,-39.1542,270.327,0,-9
2018-02-21,16,13.3333,0.0,0.5,54,55.595,66.09,40.3053,-40.3053,239.4,0,-8
2018-02-21,17,13.8333,0.0,0.666667,55,53.415,69.63,41.4923,-34.9979,257.914,0,-8
2018-02-21,18,13.5,0.0,0.5,59,51.73,70.33,44.5271,-30.4559,251.631,0,-8
2018-02-21,19,13.5,0.0,0.166667,66,51.1,55.42,46.4212,-25.8556,279.0,0,-7
2018-02-22,9,10.0,0.0,-5.5,54,55.78,59.13,34.9065,-46.2717,312.12,0,-12
2018-02-22,10,10.6667,0.0,-5.0,50,36.61,56.51,25.6808,-42.9992,340.267,0,-12
2018-02-22,12,12.6667,0.0,-3.5,38,27.225,53.795,23.9171,-50.7411,240.0,0,-14
2018-02-22,13,13.5,0.0,-2.66667,39,31.6,51.245,13.4019,-52.3551,217.964,0,-13
2018-02-22,14,14.5,0.0,-1.83333,34,28.235,55.76,14.5499,-55.1268,205.477,0,-14
2018-02-22,15,15.3333,0.0,-1.16667,30,40.16,60.54,11.4804,-60.7164,202.725,0,-16
2018-02-22,16,15.1667,0.0,-0.833333,42,76.84,55.595,17.6033,-59.4985,209.647,0,-13
2018-02-22,17,14.3333,0.0,-0.833333,44,38.76,53.415,26.0886,-50.9838,230.4,0,-13
2018-02-22,18,14.1667,0.0,-1.16667,43,43.4633,51.73,20.7311,-49.0495,269.925,0,-14
2018-02-22,19,13.5,0.0,-1.66667,50,43.2,51.1,20.7311,-49.0495,269.925,0,-13
2018-02-23,10,10.0,0.0,-7.0,53,49.515,36.61,23.4098,-44.5166,333.45,0,-13
2018-02-23,12,10.6667,0.0,-5.66667,45,57.76,27.225,31.7536,-43.66,297.0,0,-13
2018-02-23,13,11.0,0.08,-4.5,46,56.05,31.6,34.2908,-40.7852,324.8,0,-12
2018-02-23,14,11.0,0.08,-3.5,39,55.28,28.235,34.2908,-40.7852,324.8,0,-13
2018-02-23,15,11.0,0.08,-2.66667,37,51.84,40.16,38.1839,-38.1839,300.667,0,-15
2018-02-23,16,11.5,0.08,-2.0,44,60.95,76.84,42.9065,-36.4121,291.5,0,-12
2018-02-23,17,11.3333,0.08,-1.83333,47,50.2833,38.76,45.5077,-32.519,263.467,0,-13
2018-02-23,18,11.6667,0.08,-2.0,45,37.12,43.4633,46.922,-33.9332,270.3,0,-14
2018-02-23,19,11.3333,0.0,-2.33333,48,43.945,43.2,48.5993,-29.6573,280.8,0,-14
2018-02-23,20,10.5,0.0,-3.0,51,40.32,43.35,50.114,-21.172,302.4,0,-13
2018-02-24,11,15.6667,0.16,-5.0,52,29.87,60.75,51.9181,33.5173,202.725,1,-12
2018-02-24,12,17.6667,0.24,-4.33333,49,38.445,57.76,51.4119,13.0111,209.012,1,-12
2018-02-24,13,18.6667,0.24,-4.0,52,57.15,56.05,58.706,6.50556,164.965,1,-11
2018-02-24,14,20.1667,0.24,-3.66667,54,61.66,55.28,65.0,0.0,148.5,1,-11
2018-02-24,15,21.0,0.16,-3.66667,53,68.74,51.84,67.0,0.0,151.93,1,-14
2018-02-24,16,21.5,0.16,-3.83333,43,33.92,60.95,66.0,0.0,152.727,1,-16
2018-02-25,11,11.1667,0.0,-10.6667,47,26.535,29.87,40.842,-35.9712,305.455,1,-19
2018-02-25,12,11.3333,0.0,-10.3333,40,30.9533,38.445,44.1503,-32.7851,318.171,1,-20
2018-02-25,13,11.0,0.0,-9.83333,38,55.125,57.15,45.3373,-27.4777,309.12,1,-20
2018-02-25,14,11.3333,0.0,-9.16667,39,26.53,61.66,49.3528,-24.9988,275.6,1,-19
2018-02-25,15,11.5,0.0,-8.5,38,27.73,68.74,49.5232,-30.04,260.945,1,-19
2018-02-26,11,8.0,0.0,-10.1667,42,44.8,26.535,6.88824,-51.6298,448.0,0,-20
2018-02-26,12,9.16667,0.0,-9.66667,37,35.36,30.9533,6.88824,-52.6298,395.2,0,-21
2018-02-26,13,9.83333,0.0,-9.16667,39,24.53,55.125,18.8987,-45.6047,316.2,0,-20
2018-02-27,10,11.5,0.0,-13.0,50,45.44,24.53,31.4874,-45.0174,275.6,0,-20
2018-02-27,11,12.5,0.03,-12.6667,44,47.25,44.8,26.6541,-42.3489,276.12,0,-21
2018-02-27,12,14.3333,0.03,-12.1667,35,51.17,35.36,25.3232,-49.136,235.2,0,-23
2018-02-27,13,15.5,0.03,-11.5,38,52.67,24.53,24.4915,-59.1283,195.0,0,-21
2018-02-28,10,15.5,0.05,-11.6667,41,54.14,45.44,24.1088,-58.2044,187.971,0,-22
2018-02-28,11,16.0,0.05,-11.3333,44,67.81,47.25,25.2569,-60.9761,180.0,0,-20
2018-02-28,12,16.1667,0.05,-10.8333,37,52.1,51.17,25.2569,-60.9761,180.0,0,-22
2018-02-28,13,16.0,0.05,-10.3333,36,41.705,52.67,24.8742,-60.0522,194.541,0,-21
2018-02-28,15,15.0,0.0,-9.0,36,40.67,33.39,17.6033,-55.4985,235.125,0,-20
2018-03-01,7,7.5,0.0,-12.6667,77,74.78,37.44,22.4948,-52.3076,420.0,0,-16
2018-03-01,8,7.0,0.0,-12.6667,70,53.15,50.64,16.8379,-54.6507,420.0,0,-16
2018-03-01,9,7.0,0.0,-12.6667,62,62.75,53.11,11.8631,-48.6403,479.467,0,-17
2018-03-01,11,8.0,0.0,-11.5,48,53.15,67.81,5.7402,-49.8582,479.467,0,-18
2018-03-01,12,9.33333,0.0,-10.6667,45,63.39,52.1,2.29608,-53.5433,395.2,0,-18
2018-03-01,13,9.83333,0.0,-9.83333,42,50.05,41.705,-5.35752,-54.9343,327.6,0,-19
2018-03-01,14,10.3333,0.0,-9.0,38,52.29,38.77,-5.35752,-51.9343,296.229,0,-19
2018-03-02,9,9.83333,0.0,-13.5,63,63.905,62.75,-3.44412,-50.3149,340.267,0,-18
2018-03-02,11,11.3333,0.0,-12.1667,47,63.58,53.15,0.0,-52.0,334.08,0,-18
2018-03-02,12,11.8333,0.0,-11.0,43,67.87,63.39,0.0,-58.0,280.8,0,-18
2018-03-02,14,13.3333,0.0,-8.16667,39,54.815,52.29,0.0,-56.0,228.0,0,-17
2018-03-03,11,7.0,0.0,-11.1667,49,52.99,63.58,36.6783,-41.5491,452.4,1,-17
2018-03-03,12,7.83333,0.0,-10.0,45,54.88,67.87,34.4655,-44.2071,436.05,1,-17
2018-03-03,14,8.83333,0.0,-7.66667,41,57.73,54.815,24.566,-43.3076,386.4,1,-16
2018-03-03,15,8.5,0.0,-6.5,37,52.32,53.65,25.2731,-44.0147,371.25,1,-17
2018-03-04,11,5.16667,0.0,-9.33333,39,64.27,52.99,9.46609,9.48377,704.229,1,-15
2018-03-04,12,6.0,0.0,-7.5,32,66.11,54.88,-0.43345,19.3833,627.3,1,-17
2018-03-04,14,7.83333,0.0,-3.5,32,63.33,57.73,-0.45697,-16.8466,468.0,1,-15
2018-03-05,9,13.1667,0.0,-5.33333,63,89.01,56.22,-48.553,-35.023,259.2,0,-7
2018-03-05,10,13.8333,0.0,-4.16667,55,61.54,51.55,-44.687,-28.451,261.415,0,-7
2018-03-05,14,16.8333,0.0,3.0,40,56.67,63.33,18.294,6.50556,240.505,0,-6
2018-03-05,17,14.0,0.0,4.5,53,81.73,74.45,-50.8134,21.0474,275.718,0,-5
2018-03-05,18,13.3333,0.0,4.16667,57,85.74,81.39,-21.1074,14.5418,292.32,0,-6
2018-03-05,19,11.6667,0.0,3.5,67,87.4,88.735,-10.1074,14.5418,257.92,0,-4
2018-03-05,20,10.3333,0.0,2.66667,63,91.02,93.71,10.7508,8.80164,321.231,0,-6
2018-03-05,21,9.5,0.0,1.83333,61,90.15,77.37,17.7508,8.80164,310.708,0,-6
2018-03-05,22,9.0,0.0,1.16667,64,88.46,100.94,22.3702,0.76536,337.08,0,-6
2018-03-06,4,7.5,0.33,-1.0,64,81.7,85.67,-18.4494,-16.7546,470.25,0,-7
2018-03-06,7,8.66667,1.04,-0.5,68,97.83,85.67,-22.0417,-21.9706,360.0,0,-5
2018-03-06,9,9.33333,1.04,-0.166667,65,87.52,89.01,-39.3827,-33.9707,356.4,0,-5
2018-03-06,10,9.5,0.71,0.5,61,85.5,61.54,-40.7969,-35.3849,339.2,0,-4
2018-03-06,19,8.16667,1.7,3.16667,85,85.9,87.4,4.94977,-53.9498,375.943,0,0
2018-03-06,20,7.83333,0.2,2.83333,87,87.64,91.02,7.62853,-53.4169,375.943,0,0
2018-03-06,21,8.16667,0.0,2.5,97,87.9,90.15,12.5783,-51.3667,402.8,0,1
2018-03-06,22,8.0,0.0,2.0,98,85.92,88.46,16.4051,-51.6055,374.85,0,1
2018-03-06,23,7.83333,0.0,1.66667,98,81.88,88.25,16.4051,-51.6055,388.267,0,1
2018-03-07,0,8.16667,0.0,1.33333,99,81.83,80.65,13.3437,-49.9965,402.8,0,1
2018-03-07,1,8.5,0.0,1.0,100,85.07,78.19,6.97967,-47.3605,375.943,0,0
2018-03-07,2,9.16667,0.0,0.833333,95,80.63,88.38,-7.01285,-42.3076,393.6,0,0
2018-03-07,3,8.83333,0.0,0.833333,94,67.01,87.49,-22.1253,-41.5673,363.0,0,0
2018-03-07,4,8.83333,0.0,0.833333,91,61.15,81.7,-17.9521,-32.3285,371.25,0,-1
2018-03-07,5,9.0,0.0,0.833333,92,59.45,86.69,-9.9521,-24.3285,371.25,0,-1
2018-03-07,6,9.0,0.0,0.666667,97,63.11,96.97,2.10934,-16.9375,366.667,0,0
2018-03-07,7,9.0,0.0,0.833333,96,68.5,97.83,17.4733,-10.5735,366.667,0,0
2018-03-07,9,9.66667,0.0,1.33333,87,72.1,87.52,56.0,0.0,327.6,0,1
2018-03-07,10,10.3333,0.0,1.66667,84,67.46,85.5,38.7612,-3.8268,300.0,0,1
2018-03-07,11,10.6667,0.0,2.16667,76,70.76,89.085,33.7612,-3.8268,313.6,0,0
2018-03-07,12,11.0,0.0,3.0,74,71.83,83.36,35.7612,-3.8268,288.0,0,1
2018-03-07,13,10.8333,0.0,3.83333,67,68.98,70.43,16.5985,0.38268,299.815,0,0
2018-03-07,19,10.0,0.0,3.5,87,101.37,85.9,-8.39389,54.2647,240.0,0,0
2018-03-07,20,9.83333,0.0,2.66667,90,96.86,87.64,-6.21576,50.463,313.6,0,0
2018-03-07,21,9.16667,0.23,2.16667,86,77.73,87.9,-8.51184,56.0062,300.0,0,0
2018-03-07,22,7.5,0.23,2.0,92,79.23,85.92,-9.68712,49.6047,424.518,0,1
2018-03-07,23,6.5,0.23,1.83333,88,76.32,81.88,-16.1543,52.2835,415.412,0,1
2018-03-08,0,7.83333,0.23,1.83333,89,67.36,81.83,-24.6396,43.7688,483.933,0,1
2018-03-08,1,9.5,0.23,2.0,86,63.37,85.07,-34.5391,35.6683,413.4,0,0
2018-03-08,2,10.5,0.23,2.16667,96,62.02,80.63,-38.6638,32.1694,311.04,0,2
2018-03-08,3,11.5,0.0,2.33333,90,59.74,67.01,-36.0626,36.0626,286.7,0,1
2018-03-08,4,12.0,0.0,2.33333,83,58.9,61.15,-43.8408,43.8408,240.0,0,0
2018-03-08,5,11.8333,0.0,2.33333,81,58.6,59.45,-42.4266,42.4266,277.714,0,-1
2018-03-08,6,11.0,0.0,2.33333,95,75.53,63.11,-36.7365,42.6897,299.815,0,1
2018-03-08,7,10.8333,0.0,2.16667,93,60.08,68.5,-33.9081,39.8613,336.3,0,1
2018-03-08,8,11.0,0.0,2.33333,90,61.46,67.28,-33.9081,39.8613,329.018,0,1
2018-03-08,9,11.6667,0.0,2.66667,76,50.22,72.1,-35.3223,41.2755,297.0,0,1
2018-03-08,10,12.5,0.23,3.16667,75,54.86,67.46,-38.8579,44.8111,250.364,0,1
2018-03-08,11,13.5,0.23,4.0,63,49.19,70.76,-34.0246,42.1426,245.1,0,0
2018-03-08,12,14.6667,0.23,4.83333,59,50.84,71.83,-32.0448,49.3632,205.477,0,0
2018-03-08,13,15.1667,0.23,5.83333,57,46.42,68.98,-28.9753,54.9529,195.52,0,0
2018-03-08,14,14.3333,0.23,6.83333,55,44.76,64.84,-24.1088,58.2044,195.52,0,0
2018-03-08,15,13.3333,0.23,7.33333,60,54.39,71.27,-21.4301,51.7373,266.965,0,1
2018-03-08,16,12.3333,0.0,7.66667,62,57.77,64.64,-27.7941,58.1013,256.941,0,0
2018-03-08,17,11.0,0.0,7.5,73,56.1,78.45,-27.6525,48.7593,323.025,0,1
2018-03-08,18,11.0,0.0,7.16667,76,77.71,81.75,-31.0966,57.0742,300.0,0,1
2018-03-08,19,10.6667,0.0,6.5,80,101.79,101.37,-19.2335,44.4339,333.45,0,1
2018-03-08,20,10.8333,0.0,5.5,82,91.96,96.86,-21.1469,49.0533,275.6,0,0
2018-03-08,21,10.6667,0.0,4.33333,88,81.54,77.73,-21.1469,49.0533,275.6,0,0
2018-03-08,22,10.6667,0.0,3.33333,83,76.18,79.23,-6.78295,42.6894,288.0,0,-1
2018-03-08,23,10.6667,0.0,2.66667,79,67.9,76.32,5.66117,34.3744,343.125,0,-2
2018-03-09,0,9.83333,0.0,2.0,77,66.27,67.36,14.6612,34.3744,319.8,0,-2
2018-03-09,1,9.5,0.0,1.5,79,69.3,63.37,25.6612,18.3744,343.938,0,-2
2018-03-09,2,9.83333,0.0,1.16667,78,65.92,62.02,41.636,6.36399,325.867,0,-2
2018-03-09,3,10.6667,0.0,1.33333,76,59.92,59.74,51.0,0.0,340.267,0,-2
2018-03-09,4,11.8333,0.0,1.5,79,55.22,58.9,55.0,0.0,288.0,0,-1
2018-03-09,5,13.3333,0.0,1.5,84,50.89,58.6,51.0,0.0,281.455,0,0
2018-03-09,6,14.5,0.0,1.66667,90,48.37,75.53,58.0,0.0,208.145,0,1
2018-03-09,7,15.1667,0.0,1.83333,92,50.2,60.08,52.0,0.0,220.8,0,1
2018-03-09,8,16.1667,0.0,2.33333,83,50.93,61.46,22.1418,5.7402,236.733,0,2
2018-03-09,9,16.3333,0.0,2.83333,75,38.39,50.22,6.43584,12.2458,180.0,0,1
2018-03-09,10,16.6667,0.0,3.5,66,37.16,54.86,-21.4637,22.1453,208.8,0,0
2018-03-09,11,17.3333,0.0,4.33333,58,37.53,49.19,-39.4637,40.1453,187.68,0,-1
2018-03-09,12,18.3333,0.0,5.33333,51,26.45,50.84,-9.89954,49.8995,195.429,0,-1
2018-03-09,14,21.5,0.0,7.33333,42,29.23,44.76,0.0,69.0,135.873,0,-3
2018-03-09,16,22.8333,0.0,8.33333,53,36.97,57.77,0.0,72.0,125.061,0,-1
2018-03-09,17,21.5,0.0,8.33333,57,46.65,56.1,0.0,68.0,169.714,0,-1
2018-03-09,18,18.8333,0.0,8.0,60,62.98,77.71,-5.35752,52.9343,225.886,0,-1
2018-03-09,19,16.1667,0.0,7.33333,67,73.58,101.79,-8.41896,60.3254,242.743,0,-1
2018-03-09,20,12.8333,0.0,6.5,73,77.85,91.96,-8.41896,67.3254,255.543,0,-1
2018-03-09,23,8.33333,0.0,4.0,72,58.98,67.9,-18.3686,51.3462,399.514,0,-2
2018-03-10,0,8.66667,0.0,3.33333,71,58.45,66.27,-21.8128,59.6612,360.0,1,-2
2018-03-10,1,9.0,0.0,2.83333,70,62.98,69.3,-17.2206,48.5746,377.143,1,-3
2018-03-10,2,8.66667,0.0,2.33333,74,62.26,65.92,-20.6647,49.8895,356.4,1,-3
2018-03-10,3,8.16667,0.0,2.0,78,64.55,59.92,-19.8994,48.0418,395.2,1,-3
2018-03-10,4,7.83333,0.0,1.5,77,76.01,55.22,-22.1954,53.585,374.0,1,-3
2018-03-10,5,7.5,0.0,1.0,78,84.83,50.89,-23.7011,50.2199,402.8,1,-4
2018-03-10,6,6.66667,0.0,0.5,95,80.02,48.37,-25.2067,46.8547,432.667,1,-2
2018-03-10,7,6.83333,0.0,0.166667,96,71.62,50.2,-20.2067,46.8547,420.0,1,0
2018-03-10,8,7.33333,0.0,0.333333,90,71.11,50.93,-26.0014,34.713,420.0,1,0
2018-03-10,9,8.0,0.0,0.833333,73,56.43,38.39,-30.4895,22.0301,420.0,1,0
2018-03-10,10,8.5,0.0,1.66667,67,51.42,37.16,-33.9881,4.3451,395.2,1,0
2018-03-10,11,9.66667,0.0,2.83333,64,51.49,37.53,-35.9811,-9.97475,393.6,1,0
2018-03-10,12,11.1667,0.0,4.5,58,48.0,26.45,-48.9656,-20.282,321.48,1,1
2018-03-10,14,13.0,0.0,7.66667,60,59.14,29.23,-22.9552,-15.3072,241.92,1,3
2018-03-10,16,11.8333,0.23,9.66667,63,54.69,36.97,21.2179,-6.12288,286.971,1,3
2018-03-10,18,10.3333,0.23,10.1667,73,70.31,62.98,-4.79252,-11.0977,385.125,1,5
2018-03-10,19,9.83333,0.23,9.83333,79,73.64,73.58,-14.9552,-15.3072,340.2,1,5
2018-03-10,20,9.16667,0.23,9.33333,83,74.38,77.85,12.8269,-9.18432,353.571,1,5
2018-03-10,23,11.3333,0.0,7.66667,86,74.72,58.98,16.5985,-8.03628,282.764,1,5
2018-03-11,0,11.0,0.0,7.33333,85,66.41,58.45,37.7612,-3.8268,299.815,1,4
2018-03-11,1,10.0,0.0,7.0,86,60.13,62.98,33.7612,-3.8268,321.48,1,4
2018-03-11,2,9.83333,0.0,6.66667,81,61.72,62.26,27.294,-1.14804,300.0,1,3
2018-03-11,3,9.83333,0.0,6.5,81,62.35,64.55,28.2179,6.12288,333.9,1,3
2018-03-11,4,9.5,0.0,6.16667,82,64.04,76.01,28.2179,6.12288,323.345,1,2
2018-03-11,5,9.33333,0.0,5.83333,82,62.65,84.83,26.2179,6.12288,347.564,1,2
2018-03-11,6,9.83333,0.0,5.33333,91,61.73,80.02,25.2179,6.12288,339.2,1,3
2018-03-11,7,10.5,0.0,5.16667,92,63.47,71.62,34.6851,3.44412,326.8,1,4
2018-03-11,8,10.8333,0.0,5.16667,88,59.82,71.11,54.0,0.0,324.8,1,4
2018-03-11,9,11.1667,0.0,5.5,79,56.31,56.43,53.0,0.0,313.6,1,5
2018-03-11,10,11.8333,0.0,6.33333,71,56.86,51.42,31.0657,5.35752,262.08,1,5
2018-03-11,11,13.0,0.0,7.33333,67,52.42,51.49,34.0657,5.35752,249.9,1,5
2018-03-11,12,13.3333,0.0,8.66667,64,47.77,48.0,28.0657,5.35752,238.255,1,6
2018-03-11,14,15.0,0.0,11.3333,57,46.72,59.14,2.2836,11.4804,205.477,1,5
2018-03-11,15,15.1667,0.0,12.3333,59,39.68,51.17,5.2836,11.4804,209.647,1,6
2018-03-11,16,15.3333,0.0,13.0,61,42.13,54.69,3.2836,11.4804,204.429,1,6
2018-03-11,18,14.3333,0.0,13.3333,74,58.23,70.31,32.0657,-5.35752,235.125,1,7
2018-03-11,19,13.0,0.0,12.8333,78,60.2,73.64,8.28747,-13.1357,273.28,1,6
2018-03-11,20,11.6667,0.0,12.0,80,56.96,74.38,0.896431,-16.1972,267.12,1,6
2018-03-11,21,11.5,0.0,11.0,81,59.81,74.72,-19.7604,-21.854,328.714,1,5
2018-03-11,22,11.6667,0.0,10.0,79,71.41,68.84,-43.66,-31.7536,328.714,1,4
2018-03-11,23,11.5,0.0,9.0,82,62.43,74.72,-44.5839,-32.1363,294.0,1,4
2018-03-12,0,11.6667,0.0,8.16667,80,64.66,66.41,-48.8161,-29.3329,240.0,0,4
2018-03-12,1,12.6667,0.0,7.83333,81,69.18,60.13,-44.2535,-29.0999,267.429,0,5
2018-03-12,2,14.0,0.0,7.66667,82,60.24,61.72,-44.2535,-29.0999,273.28,0,5
2018-03-12,3,14.5,1.12,7.66667,81,54.27,62.35,-41.7091,-34.6735,251.631,0,5
2018-03-12,4,14.8333,1.12,7.66667,82,50.28,64.04,-41.7195,-41.7195,206.7,0,5
2018-03-12,5,15.3333,2.24,7.83333,81,52.86,62.65,-45.255,-45.255,180.0,0,5
2018-03-12,6,15.5,2.24,8.16667,81,56.69,61.73,-46.6693,-46.6693,180.0,0,6
2018-03-12,7,15.0,2.24,8.0,86,50.185,63.47,-40.3303,-47.3659,209.647,0,5
2018-03-12,8,14.5,3.36,8.0,89,52.02,59.82,-32.519,-45.5077,258.353,0,7
2018-03-12,10,14.8333,2.24,9.16667,68,42.08,56.86,-29.0085,-49.0329,223.385,0,7
2018-03-12,13,16.0,1.12,12.0,61,36.59,44.31,-23.7179,-25.5644,213.714,0,7
2018-03-12,17,20.0,0.0,14.1667,69,32.85,60.26,-23.4224,17.986,136.74,0,7
2018-03-12,18,19.1667,0.0,13.8333,67,38.79,58.23,-60.9761,25.2569,152.727,0,6
2018-03-12,21,18.1667,4.22,11.5,79,32.4,59.81,4.35972,11.8631,215.368,0,7
2018-03-12,22,17.3333,6.33,10.5,93,35.79,71.41,18.8578,14.1422,208.32,0,7
2018-03-12,23,17.1667,6.33,9.66667,92,33.6,62.43,-10.2844,28.2844,184.0,0,7
2018-03-13,0,18.5,8.44,9.0,89,32.0,64.66,-10.2844,28.2844,193.44,0,6
2018-03-13,2,19.1667,6.33,8.33333,86,28.05,60.24,-17.1074,14.5418,198.4,0,6
2018-03-13,4,18.5,2.11,8.0,91,28.05,50.28,-45.7709,26.8289,213.333,0,6
2018-03-13,6,17.8333,0.0,8.0,83,35.2,56.69,-41.1619,31.9615,216.847,0,5
2018-03-13,7,17.8333,0.0,8.0,86,39.255,50.185,-37.4768,37.4768,225.095,0,6
2018-03-13,8,17.1667,0.0,8.16667,82,40.0,52.02,-30.93,40.6716,224.824,0,6
2018-03-13,18,16.3333,0.0,11.1667,70,41.44,38.79,-16.0726,62.803,232.0,0,5
2018-03-13,21,10.5,0.0,9.66667,78,62.3,32.4,-17.2206,49.5746,343.385,0,4
2018-03-13,22,9.83333,0.0,8.83333,76,51.94,35.79,-21.0474,58.8134,300.0,0,3
2018-03-13,23,9.0,0.0,8.33333,76,46.88,33.6,-22.4366,53.167,353.571,0,3
2018-03-14,2,9.33333,0.0,6.83333,79,42.29,28.05,-30.1314,44.7438,341.85,0,2
2018-03-14,4,10.0,0.0,6.33333,78,42.61,28.05,-31.2795,47.5155,312.8,0,2
2018-03-14,6,10.0,0.0,5.83333,83,43.29,35.2,-24.5328,51.2276,312.12,0,2
2018-03-14,7,10.0,0.0,5.83333,84,51.48,39.255,-11.0977,48.7925,340.267,0,3
2018-03-14,8,10.0,0.0,5.83333,84,58.48,40.0,-7.6536,49.4776,359.9,0,3
2018-03-14,9,10.5,0.0,5.83333,79,53.93,34.295,-7.6536,58.4776,322.4,0,3
2018-03-14,12,14.0,0.0,6.16667,71,50.15,27.785,23.3346,51.5862,190.4,0,2
2018-03-14,14,16.0,0.48,6.66667,64,52.6,26.99,39.0406,45.8402,180.0,0,1
2018-03-14,18,12.5,0.96,5.83333,84,85.32,41.44,37.4768,43.3296,282.72,0,2
2018-03-14,19,11.0,0.48,5.33333,83,90.66,67.77,42.4266,49.7968,286.0,0,2
2018-03-14,20,9.66667,0.96,5.0,82,76.59,59.355,36.0626,44.7334,372.6,0,2
2018-03-14,21,8.5,0.96,4.66667,90,73.74,62.3,41.0124,49.6832,364.8,0,2
2018-03-14,22,7.5,0.96,4.16667,90,69.1,51.94,36.0626,43.216,425.455,0,1
2018-03-14,23,6.33333,0.96,4.0,89,77.1,46.88,36.0626,48.216,426.0,0,1
2018-03-15,1,5.5,0.71,3.33333,86,75.35,45.44,30.9963,49.6766,530.031,0,1
2018-03-15,2,5.0,0.23,3.0,83,71.63,42.29,30.9963,53.6766,538.338,0,0
2018-03-15,3,4.66667,0.23,3.0,82,64.86,48.6,30.9963,57.6766,540.0,0,0
2018-03-15,4,4.66667,0.23,2.83333,90,64.76,42.61,21.8039,50.6662,579.429,0,0
2018-03-15,5,4.0,0.23,2.83333,92,75.28,40.18,20.3897,47.7346,604.2,0,1
2018-03-15,6,4.33333,0.23,2.83333,90,67.33,43.29,21.8039,49.1488,622.2,0,1
2018-03-15,7,4.66667,0.0,2.83333,92,63.78,51.48,21.8039,49.1488,641.829,0,1
2018-03-15,8,4.66667,0.0,2.66667,95,60.38,58.48,21.0968,48.4417,663.257,0,1
2018-03-15,9,5.5,0.0,2.83333,79,58.61,53.93,18.9755,44.8029,699.84,0,1
2018-03-15,10,6.16667,0.0,3.16667,78,52.82,51.37,22.8023,30.5641,600.0,0,1
2018-03-15,11,7.0,0.0,3.5,72,61.72,52.42,23.5345,9.01043,556.5,0,0
2018-03-15,12,7.66667,0.0,4.0,71,50.99,50.15,23.5345,-1.98957,501.84,0,1
2018-03-15,13,8.33333,0.0,4.5,66,48.41,52.1,22.4115,-21.1781,432.0,0,0
2018-03-15,14,9.5,0.0,5.33333,65,47.76,52.6,27.4076,-30.5482,360.0,0,0
2018-03-15,15,9.83333,0.0,5.83333,56,62.02,68.2,28.1147,-45.3975,337.08,0,-1
2018-03-15,16,10.1667,0.0,6.5,60,74.96,77.79,24.2879,-48.1587,300.0,0,0
2018-03-15,17,11.3333,0.0,6.83333,58,53.97,91.48,20.8438,-43.8438,309.12,0,-1
2018-03-15,18,11.8333,0.0,6.66667,69,50.81,85.32,22.3745,-47.5393,262.08,0,-1
2018-03-15,19,12.3333,0.0,6.5,73,46.81,90.66,13.1357,-56.7125,240.0,0,0
2018-03-15,20,12.6667,0.0,6.16667,70,48.08,76.59,5.35752,-49.9343,281.455,0,0
2018-03-15,21,12.8333,0.0,5.5,78,53.87,73.74,5.35752,-51.9343,277.114,0,0
2018-03-15,22,13.5,0.0,4.66667,78,55.71,69.1,0.0,-52.0,281.538,0,0
2018-03-15,23,12.8333,0.0,4.0,78,49.74,77.1,5.7402,-52.8582,261.415,0,0
2018-03-16,0,13.0,0.0,3.33333,87,40.15,74.34,5.7402,-49.8582,291.877,0,0
2018-03-16,1,12.6667,0.0,2.66667,86,44.43,75.35,11.0977,-49.7925,281.538,0,-1
2018-03-16,2,12.8333,0.0,2.0,86,45.18,71.63,11.0977,-60.7925,240.0,0,-1
2018-03-16,3,13.0,0.0,1.66667,84,43.64,64.86,11.0977,-61.7925,248.88,0,-1
2018-03-16,4,12.8333,0.0,1.33333,82,56.22,64.76,5.35752,-51.9343,277.114,0,-1
2018-03-16,5,13.6667,0.0,1.0,83,53.48,75.28,0.0,-53.0,259.418,0,-1
2018-03-16,6,14.5,0.23,1.16667,84,55.21,67.33,0.0,-57.0,239.4,0,-1
2018-03-16,7,16.0,0.23,1.0,91,56.57,63.78,0.0,-62.0,196.114,0,-1
2018-03-16,8,17.5,0.23,1.0,85,53.25,60.38,0.0,-54.0,200.08,0,-1
2018-03-16,9,19.3333,0.23,1.16667,77,67.82,58.61,8.80164,-60.2492,162.0,0,-1
2018-03-16,10,20.1667,0.74,1.33333,78,57.32,52.82,18.3686,-64.3462,131.04,0,-1
2018-03-16,11,21.5,1.35,1.5,79,75.01,61.72,18.3686,-63.3462,151.93,0,-1
2018-03-16,12,22.1667,1.12,1.66667,73,52.74,50.99,9.567,-65.097,161.472,0,-1
2018-03-16,13,22.1667,1.12,2.16667,85,51.04,48.41,0.0,-65.0,143.242,0,1
2018-03-16,14,21.3333,2.49,2.0,99,46.27,47.76,7.6536,-64.4776,157.617,0,0
2018-03-16,15,20.8333,3.53,1.66667,91,48.23,62.02,14.5418,-58.1074,187.617,0,-1
2018-03-16,16,22.3333,3.93,1.16667,84,75.33,74.96,22.9608,-55.4328,180.0,0,-3
2018-03-16,17,22.5,4.11,0.666667,81,63.26,53.97,26.0222,-62.8238,120.0,0,-4
2018-03-16,18,23.0,4.11,0.0,81,55.27,50.81,19.8994,-48.0418,175.886,0,-4
2018-03-16,19,23.8333,4.11,-0.833333,80,41.22,46.81,29.849,-72.0626,120.0,0,-5
2018-03-16,20,24.8333,2.74,-1.16667,76,35.51,48.08,19.5167,-47.1179,176.538,0,-6
2018-03-16,21,24.6667,1.9,-1.5,79,32.95,53.87,28.701,-69.291,124.754,0,-6
2018-03-16,22,23.1667,1.19,-1.83333,77,34.48,55.71,26.7876,-64.6716,145.2,0,-6
2018-03-16,23,22.6667,0.58,-2.16667,76,35.24,49.74,24.4915,-59.1283,174.0,0,-7
2018-03-17,0,21.3333,0.58,-2.66667,80,26.45,40.15,23.3435,-56.3567,178.286,1,-7
2018-03-17,1,20.1667,0.68,-3.0,81,18.825,44.43,28.0352,-49.6832,188.779,1,-7
2018-03-17,2,19.1667,0.68,-3.5,78,26.67,45.18,33.4922,-44.8574,204.8,1,-8
2018-03-17,3,18.6667,0.48,-4.0,77,22.72,43.64,38.1839,-38.1839,213.333,1,-9
2018-03-17,4,18.3333,0.28,-4.5,75,16.85,56.22,38.1839,-38.1839,213.333,1,-9
2018-03-17,8,19.1667,0.08,-5.83333,73,34.77,53.25,22.1954,-53.585,184.0,1,-10
2018-03-17,9,19.6667,0.23,-6.0,70,48.28,67.82,23.7262,-57.2806,167.04,1,-10
2018-03-17,10,20.3333,0.23,-5.83333,66,51.4,57.32,24.1088,-58.2044,160.74,1,-10
2018-03-17,11,21.3333,0.15,-5.5,59,53.83,75.01,24.4915,-59.1283,164.509,1,-11
2018-03-17,12,21.6667,0.15,-5.16667,56,60.65,52.74,25.2569,-60.9761,147.714,1,-11
2018-03-17,13,22.0,0.15,-4.66667,53,55.82,51.04,17.2206,-63.5746,141.943,1,-11
2018-03-17,14,21.5,0.15,-4.16667,54,58.49,46.27,9.18432,-66.1731,151.2,1,-11
2018-03-17,15,22.1667,0.0,-3.83333,54,54.83,48.23,0.0,-63.0,170.564,1,-12
2018-03-17,16,22.6667,0.05,-3.83333,64,77.84,75.33,9.567,-64.097,152.727,1,-11
2018-03-17,17,23.0,0.05,-4.0,56,59.94,63.26,18.7513,-64.2701,125.621,1,-12
2018-03-17,18,23.0,0.05,-4.16667,51,58.76,55.27,18.7513,-71.2701,120.0,1,-14
2018-03-17,19,23.0,0.05,-4.5,52,46.52,41.22,9.18432,-70.1731,130.0,1,-13
2018-03-17,20,23.1667,0.05,-4.83333,52,38.11,35.51,0.0,-70.0,149.908,1,-14
2018-03-17,21,22.5,0.05,-5.16667,47,36.59,32.95,7.6536,-62.4776,164.509,1,-15
2018-03-17,22,21.6667,0.0,-5.33333,49,36.93,34.48,15.6899,-59.8791,170.564,1,-15
2018-03-17,23,20.6667,0.0,-5.66667,50,31.15,35.24,22.9608,-55.4328,180.0,1,-16
2018-03-18,0,21.1667,0.0,-6.16667,48,35.05,26.45,15.3072,-56.9552,184.743,1,-17
2018-03-18,1,21.1667,0.0,-6.66667,51,30.4,18.825,16.8379,-60.6507,149.368,1,-16
2018-03-18,2,21.5,0.0,-7.33333,55,32.44,26.67,9.567,-65.097,136.74,1,-17
2018-03-18,8,22.1667,0.0,-9.5,56,42.56,34.77,9.18432,-66.1731,146.348,1,-16
2018-03-18,9,23.5,0.0,-9.16667,58,33.19,48.28,9.18432,-67.1731,145.75,1,-14
2018-03-18,10,23.6667,0.0,-8.66667,51,29.27,51.4,11.0977,-50.7925,159.75,1,-15
2018-03-18,11,23.6667,0.0,-7.83333,50,27.69,53.83,11.0977,-71.7925,120.0,1,-14
2018-03-18,12,23.5,0.0,-6.83333,48,26.39,60.65,11.0977,-70.7925,148.303,1,-14
2018-03-18,13,24.3333,0.0,-5.83333,43,29.88,55.82,0.0,-67.0,141.943,1,-15
2018-03-18,14,24.6667,0.0,-5.0,45,28.43,58.49,0.0,-72.0,125.061,1,-14
2018-03-18,16,26.5,0.0,-4.0,43,28.99,77.84,0.0,-57.0,143.308,1,-14
2018-03-18,17,25.5,0.0,-3.83333,46,40.5,59.94,0.0,-61.0,138.194,1,-14
2018-03-18,18,24.5,0.0,-4.0,50,58.2,58.76,0.0,-78.0,133.355,1,-14
2018-03-18,19,22.8333,0.0,-4.33333,53,57.95,46.52,0.0,-64.0,200.64,1,-14
2018-03-18,20,21.6667,0.03,-4.83333,56,34.535,38.11,0.0,-80.0,180.0,1,-14
2018-03-18,21,19.3333,0.03,-5.33333,57,26.92,36.59,7.27092,-50.5537,224.824,1,-14
2018-03-18,22,17.0,0.06,-6.0,58,26.83,36.93,7.27092,-50.5537,220.8,1,-14
2018-03-18,23,16.5,0.06,-6.66667,58,29.33,31.15,7.27092,-50.5537,232.737,1,-14
2018-03-19,8,11.6667,0.0,-10.1667,70,19.06,42.56,29.3329,-48.8161,271.745,0,-14
2018-03-19,10,13.3333,0.0,-9.0,56,38.84,29.27,31.9534,-54.1426,240.0,0,-13
2018-03-19,11,13.6667,0.0,-8.0,55,30.31,27.69,28.5093,-45.8277,238.255,0,-13
2018-03-19,12,15.0,0.0,-6.66667,51,41.1,26.39,26.854,-52.8316,197.6,0,-12
2018-03-19,13,15.6667,0.0,-5.5,53,34.8,29.88,19.5167,-47.1179,229.125,0,-12
2018-03-19,16,14.1667,0.0,-2.66667,49,38.71,28.99,17.6033,-54.4985,261.979,0,-10
2018-03-19,17,13.3333,0.0,-2.16667,52,39.11,40.5,21.8128,-64.6612,240.0,0,-11
2018-03-19,18,12.0,0.0,-2.16667,54,43.83,58.2,18.7513,-57.2701,276.48,0,-11
2018-03-19,19,11.1667,0.0,-2.33333,57,58.36,57.95,17.2206,-53.5746,291.5,0,-11
2018-03-19,20,10.3333,0.0,-2.66667,61,68.32,34.535,16.4552,-51.7268,313.5,0,-11
2018-03-19,21,9.66667,0.0,-3.33333,61,56.52,26.92,19.134,-58.194,300.0,0,-11
2018-03-19,22,9.16667,0.0,-4.0,59,52.9,26.83,22.1954,-53.585,335.345,0,-12
2018-03-19,23,8.5,0.0,-4.5,63,51.17,29.33,21.0474,-50.8134,372.655,0,-11
2018-03-20,8,5.66667,0.0,-5.33333,50,61.54,19.06,24.4957,-36.1465,540.0,0,-12
2018-03-20,11,7.83333,0.0,-3.16667,34,42.25,30.31,39.4594,-7.74503,505.44,0,-15
2018-03-20,12,8.83333,0.0,-2.33333,31,46.27,41.1,51.6298,-6.88824,413.4,0,-16
2018-03-20,13,9.83333,0.0,-1.5,30,50.4,34.8,52.0866,-4.59216,349.8,0,-16
2018-03-20,16,10.5,0.0,0.166667,46,74.08,38.71,50.7925,-11.0977,336.3,0,-9
2018-03-20,17,10.3333,0.0,0.5,61,53.36,39.11,48.9448,-10.3324,359.9,0,-6
2018-03-20,18,9.83333,0.0,0.5,58,77.08,43.83,59.9448,-10.3324,300.0,0,-8
2018-03-20,19,9.0,0.0,0.166667,65,95.86,58.36,54.3088,-2.01744,333.9,0,-7
2018-03-20,20,8.5,0.0,-0.333333,76,88.35,68.32,39.63,4.44972,366.667,0,-6
2018-03-20,21,8.66667,0.0,-1.16667,89,78.27,56.52,27.0724,12.1365,401.85,0,-5
2018-03-20,22,8.66667,0.0,-1.83333,71,69.14,52.9,19.6814,24.1979,403.68,0,-7
2018-03-20,23,8.83333,0.0,-2.5,84,58.13,51.17,17.5137,37.2635,411.927,0,-5
2018-03-21,1,10.8333,0.0,-2.66667,84,22.75,47.57,20.6454,42.4088,300.0,0,-5
2018-03-21,2,12.5,0.0,-2.66667,85,21.47,31.47,42.5669,31.699,240.0,0,-5
2018-03-21,3,13.3333,0.0,-2.5,80,17.05,33.95,51.4958,13.4602,235.2,0,-6
2018-03-21,4,14.3333,0.0,-2.83333,80,13.88,30.19,57.0104,4.97484,223.385,0,-7
2018-03-21,5,14.1667,0.0,-3.16667,84,12.48,37.33,61.0,0.0,211.68,0,-7
2018-03-21,7,14.8333,0.0,-3.66667,70,19.16,55.02,56.0,0.0,248.571,0,-9
2018-03-21,8,14.0,0.0,-3.66667,70,23.19,61.54,59.0,0.0,235.125,0,-8
2018-03-21,9,14.1667,0.0,-3.5,62,15.47,52.83,54.0,0.0,248.727,0,-9
2018-03-21,11,14.6667,0.0,-2.33333,49,21.1,42.25,56.8582,5.7402,249.882,0,-10
2018-03-21,12,14.6667,0.0,-1.83333,48,25.07,46.27,54.8582,5.7402,228.0,0,-10
2018-03-21,13,14.1667,0.0,-1.16667,45,19.45,50.4,58.8582,5.7402,220.0,0,-10
2018-03-21,14,14.6667,0.0,-0.5,41,43.02,57.5,59.0,0.0,228.48,0,-11
2018-03-21,16,14.1667,0.0,0.333333,49,35.41,74.08,53.9343,5.35752,264.0,0,-8
2018-03-21,17,14.0,0.0,0.666667,50,72.85,53.36,52.7925,11.0977,257.914,0,-9
2018-03-21,18,12.5,0.0,0.5,53,75.84,77.08,48.6921,24.032,257.914,0,-9
2018-03-21,19,11.6667,0.0,0.333333,59,75.48,95.86,54.2353,26.3281,268.029,0,-8
2018-03-21,20,11.1667,0.0,-0.166667,62,83.3,88.35,47.665,27.3346,302.4,0,-8
2018-03-21,21,10.8333,0.0,-0.666667,60,66.57,78.27,43.4432,35.1128,336.0,0,-8
2018-03-21,22,10.1667,0.0,-1.0,54,83.18,69.14,43.4432,45.1128,300.0,0,-9
2018-03-21,23,9.5,0.0,-1.5,59,60.22,58.13,25.3755,49.5353,331.629,0,-9
2018-03-22,6,13.0,0.0,-3.66667,83,54.75,21.73,-20.282,48.9656,271.385,0,-6
2018-03-22,7,13.3333,0.0,-3.66667,77,46.51,19.16,-24.4996,46.1476,277.114,0,-7
2018-03-22,8,14.0,0.0,-3.33333,65,47.43,23.19,-29.0416,43.1129,271.385,0,-7
2018-03-22,9,14.5,0.0,-2.66667,57,37.44,15.47,-36.0877,43.1233,232.615,0,-8
2018-03-22,10,14.6667,0.0,-1.83333,47,42.29,15.68,-43.1337,43.1337,196.8,0,-8
2018-03-22,11,15.3333,0.0,-0.666667,46,45.65,21.1,-43.8408,43.8408,196.114,0,-8
2018-03-22,12,15.5,0.0,0.5,45,35.31,25.07,-45.9622,45.9622,194.541,0,-8
2018-03-22,13,15.8333,0.0,1.66667,42,46.35,19.45,-43.8408,43.8408,217.412,0,-8
2018-03-22,14,15.1667,0.0,2.66667,43,56.26,43.02,-43.1337,43.1337,204.429,0,-7
2018-03-22,15,14.6667,0.0,3.33333,39,62.75,39.33,-45.2446,38.209,233.365,0,-9
2018-03-22,16,14.3333,0.0,3.5,57,43.73,35.41,-43.1233,36.0877,239.4,0,-4
2018-03-22,17,13.1667,0.0,3.66667,53,50.24,72.85,-33.2237,38.1881,269.925,0,-4
2018-03-22,18,13.3333,0.0,3.66667,60,55.29,75.84,-37.0505,47.4269,248.625,0,-4
2018-03-22,19,12.6667,0.0,3.33333,68,66.495,75.48,-19.4665,44.9965,297.0,0,-4
2018-03-22,20,12.1667,0.0,2.66667,75,57.33,83.3,-19.4665,56.9965,249.171,0,-4
2018-03-22,21,11.5,0.0,2.0,74,64.175,66.57,-9.567,57.097,270.3,0,-4
2018-03-22,22,11.3333,0.0,1.5,72,67.1,83.18,-13.3938,54.3358,273.48,0,-5
2018-03-23,0,9.66667,0.0,0.166667,80,59.325,58.91,-18.7262,60.2094,300.0,0,-3
2018-03-23,6,8.16667,0.0,-0.5,80,65.63,54.75,-32.1945,45.7245,360.0,0,-3
2018-03-23,7,8.16667,0.0,-0.333333,89,66.14,46.51,-29.9235,47.2419,374.85,0,-2
2018-03-23,8,7.83333,0.05,-0.333333,85,72.97,47.43,-33.2261,46.2149,374.0,0,-2
2018-03-23,11,6.16667,0.33,1.0,76,67.81,45.65,-26.5817,39.1585,436.05,0,-1
2018-03-23,12,6.16667,0.33,1.66667,75,64.43,35.31,-24.4604,37.0372,486.0,0,0
2018-03-23,13,6.33333,0.33,2.5,73,85.23,46.35,-24.0777,36.1133,515.2,0,0
2018-03-23,14,6.5,0.28,3.33333,69,61.9,56.26,-17.7137,39.7493,472.457,0,0
2018-03-23,15,7.0,0.79,4.0,72,83.66,62.75,-10.0852,39.7493,498.667,0,0
2018-03-23,16,7.33333,0.51,4.16667,85,65.95,43.73,1.93566,40.7764,477.0,0,0
2018-03-23,17,7.33333,0.51,4.0,89,87.6,50.24,12.4287,43.4301,440.64,0,1
2018-03-23,18,7.0,0.51,3.66667,94,87.06,55.29,12.0481,45.3435,440.64,0,1
2018-03-23,19,6.0,0.51,3.16667,97,79.74,66.495,18.5809,38.8107,440.64,0,1
2018-03-23,20,5.5,0.51,2.5,97,82.51,57.33,22.1165,31.2751,490.629,0,1
2018-03-23,21,4.83333,0.0,1.66667,96,92.28,64.175,22.1165,27.2751,480.0,0,0
2018-03-23,22,3.83333,0.0,1.16667,97,90.36,67.1,23.2645,17.1124,577.92,0,0
2018-03-24,0,3.5,0.0,0.166667,100,95.63,59.325,25.7103,19.017,618.12,1,-1
2018-03-24,1,3.0,0.0,-0.5,100,87.42,59.68,29.7103,9.01701,685.029,1,-2
2018-03-24,2,3.16667,0.0,-1.0,100,77.01,57.5,30.7103,9.01701,726.857,1,-2
2018-03-24,4,3.33333,0.0,-1.33333,96,80.52,59.68,31.4174,9.94089,787.05,1,-1
2018-03-24,6,4.0,0.0,-1.33333,95,80.38,65.63,34.0754,5.99397,804.343,1,-2
2018-03-24,7,4.66667,0.0,-1.0,96,83.68,66.14,34.6689,-1.25188,780.0,1,0
2018-03-24,8,4.83333,0.0,-0.333333,94,80.57,72.97,30.0495,-8.16528,780.0,1,1
2018-03-24,11,6.5,0.0,2.0,63,79.99,67.81,17.2692,-13.954,627.3,1,-2
2018-03-24,18,10.1667,0.0,6.16667,59,58.34,87.06,-39.1674,-33.7554,324.8,1,-3
2018-03-24,19,9.5,0.0,5.5,66,85.68,79.74,-45.6345,-36.4341,311.1,1,-3
2018-03-24,20,8.66667,0.0,4.66667,78,92.11,82.51,-37.1492,-35.9488,347.564,1,-3
2018-03-24,21,8.66667,0.0,3.5,81,94.7,92.28,-32.9397,-31.7861,395.2,1,-3
2018-03-24,22,8.33333,0.0,2.33333,78,103.07,90.36,-24.6248,-37.342,420.0,1,-3
2018-03-24,23,8.16667,0.0,1.16667,78,95.54,90.31,-28.4516,-46.5808,360.0,1,-4
2018-03-25,0,8.16667,0.0,0.333333,87,91.86,95.63,-23.729,-48.3526,373.32,1,-3
2018-03-25,1,8.0,0.0,-0.166667,84,80.56,87.42,-21.6077,-46.2313,375.943,1,-4
2018-03-25,3,7.66667,0.0,-0.666667,83,66.83,80.13,-25.6336,-42.7984,395.2,1,-4
2018-03-25,4,7.66667,0.0,-1.0,81,78.74,80.52,-32.1008,-39.4772,417.6,1,-4
2018-03-25,5,7.5,0.0,-1.0,89,64.06,83.795,-41.3396,-34.304,414.72,1,-3
2018-03-25,6,7.83333,0.0,-1.16667,100,62.43,80.38,-44.9038,-28.1266,432.667,1,-2
2018-03-25,9,10.6667,0.0,-0.333333,80,54.94,76.04,-27.2017,6.18924,346.92,1,-1
2018-03-25,19,13.6667,0.0,8.5,60,50.91,85.68,-24.803,16.0726,242.031,1,-1
2018-03-25,20,13.5,0.0,7.83333,71,59.52,92.11,-24.803,16.0726,242.031,1,0
2018-03-25,21,13.0,0.0,6.83333,79,89.78,94.7,-21.2778,19.583,269.925,1,0
2018-03-25,22,13.0,0.0,5.66667,69,66.78,103.07,-30.5166,23.4098,248.625,1,-2
2018-03-25,23,12.1667,0.0,4.66667,68,58.99,95.54,-27.745,22.2618,258.514,1,-3
2018-03-26,0,11.8333,0.0,3.66667,76,61.47,91.86,-51.9077,26.4713,279.138,0,-2
2018-03-26,1,11.5,0.0,2.83333,78,60.19,80.56,-50.9838,26.0886,280.8,0,-2
2018-03-26,4,10.6667,0.0,1.16667,80,57.15,78.74,-44.847,26.4462,329.018,0,-4
2018-03-26,5,10.6667,0.0,0.5,90,57.31,64.06,-44.847,26.4462,336.3,0,-2
2018-03-26,6,10.5,0.0,0.0,100,59.36,62.43,-41.5387,29.6323,341.127,0,-1
2018-03-26,16,10.3333,0.23,7.66667,51,76.41,41.39,-35.2309,46.0549,333.9,0,0
2018-03-26,19,10.8333,0.23,8.16667,67,103.76,50.91,-7.6536,54.4776,275.6,0,1
2018-03-26,20,10.3333,0.23,7.83333,72,76.41,59.52,2.15451,52.5267,294.0,0,1
2018-03-26,22,8.0,0.23,6.5,76,82.47,66.78,15.5564,54.3744,373.92,0,1
2018-03-26,23,7.66667,0.23,5.83333,75,81.88,58.99,13.643,58.9938,382.72,0,1
2018-03-27,0,7.33333,0.23,5.33333,79,81.76,61.47,10.1989,52.3088,412.364,0,1
2018-03-27,1,7.66667,0.23,4.83333,81,83.48,60.19,10.1989,49.3088,443.52,0,1
2018-03-27,2,8.16667,0.23,4.33333,82,65.12,57.695,17.9771,49.4714,417.6,0,1
2018-03-27,4,9.16667,0.23,3.66667,98,61.52,57.15,15.1487,47.7268,375.84,0,2
2018-03-27,5,9.0,0.23,3.33333,91,50.89,57.31,23.4261,51.4224,352.8,0,1
2018-03-27,6,9.16667,0.0,3.0,91,49.64,59.36,34.2612,46.1689,356.4,0,1
2018-03-27,7,9.0,0.0,2.66667,91,57.6,53.02,40.6252,44.5329,372.655,0,1
2018-03-27,8,9.66667,0.0,2.33333,94,52.22,56.03,42.0858,38.197,366.667,0,0
2018-03-27,10,10.6667,0.48,2.16667,84,50.6,59.36,40.6716,30.93,319.2,0,0
2018-03-27,12,12.3333,0.48,2.33333,74,59.62,58.78,51.0031,26.0967,240.0,0,-1
2018-03-27,15,12.1667,0.48,3.5,62,39.25,58.78,51.0,0.0,291.877,0,-2
2018-03-27,16,11.8333,0.0,4.0,57,39.25,76.41,61.0,0.0,259.2,0,-2
2018-03-27,19,9.66667,0.0,3.66667,68,57.26,103.76,62.0,0.0,320.914,0,-4
2018-03-27,20,9.5,0.0,3.16667,75,50.12,76.41,57.2388,-3.8268,324.48,0,-3
2018-03-27,22,8.5,0.0,1.66667,78,56.27,82.47,50.5035,-12.2207,376.32,0,-3
2018-03-27,23,7.66667,0.0,0.666667,87,75.69,81.88,45.4533,-17.1705,417.72,0,-3
2018-03-28,7,6.33333,0.0,-2.33333,93,58.78,57.6,7.21276,-28.8273,540.0,0,-2
2018-03-28,8,7.0,0.23,-2.0,91,75.69,52.22,-6.51358,-28.1665,524.16,0,-1
2018-03-28,9,8.0,0.23,-2.0,100,75.89,39.1,-10.3404,-27.4053,461.76,0,-2
2018-03-28,10,9.16667,0.23,-0.833333,72,59.45,50.6,-16.4884,-41.2635,416.0,0,-2
2018-03-28,11,10.3333,0.48,0.0,65,56.54,40.43,-20.2901,-48.985,316.2,0,-4
2018-03-28,16,14.8333,1.01,4.33333,55,56.48,39.25,-32.6937,-48.9297,220.0,0,-3
2018-03-28,17,15.3333,0.76,4.83333,82,60.16,62.97,-36.8691,-44.4459,211.68,0,2
2018-03-28,18,15.6667,0.76,5.16667,89,52.83,55.47,-42.4427,-41.9015,203.52,0,4
2018-03-28,19,17.0,0.38,5.33333,81,54.62,57.26,-43.208,-43.7492,187.68,0,2
2018-03-28,20,17.6667,1.12,5.33333,81,61.64,50.12,-26.621,-48.269,189.0,0,2
2018-03-28,22,18.5,0.74,4.5,87,65.98,56.27,-22.1954,-53.585,206.87,0,2
2018-03-28,23,19.1667,1.48,4.33333,83,60.28,75.69,-21.0474,-50.8134,210.189,0,1
2018-03-29,7,17.3333,2.91,3.33333,93,75.35,58.78,-36.0626,-36.0626,225.28,0,4
2018-03-29,16,21.0,0.0,8.16667,55,56.985,56.48,44.5479,58.2044,150.333,0,-1
2018-03-29,17,21.0,0.0,8.16667,50,45.65,60.16,31.82,63.5746,151.93,0,-2
2018-03-29,18,19.6667,0.0,7.83333,60,54.21,52.83,28.2844,58.9552,176.727,0,0
2018-03-29,19,18.1667,0.0,7.5,68,50.29,54.62,23.3346,52.488,222.927,0,0
2018-03-29,22,9.66667,0.0,5.33333,79,92.56,65.98,32.5271,47.6314,387.2,0,-1
2018-03-29,23,8.16667,0.0,4.5,78,97.19,60.28,26.9838,49.9275,400.0,0,-1
2018-03-30,0,7.16667,0.0,3.83333,74,59.71,57.54,35.9838,49.9275,370.6,0,-1
2018-03-30,1,7.33333,0.0,3.33333,70,55.84,59.41,32.2558,33.2976,442.32,0,-2
2018-03-30,2,7.83333,0.0,2.83333,71,57.44,62.9,31.6492,19.4394,448.0,0,-2
2018-03-30,3,8.33333,0.0,2.5,78,55.32,60.64,18.818,13.8033,429.3,0,-2
2018-03-30,4,8.83333,0.0,2.16667,78,55.845,71.07,7.67464,14.419,360.0,0,-2
2018-03-30,6,8.83333,0.0,1.33333,100,58.72,63.9,4.903,9.567,380.8,0,0
2018-03-30,7,8.5,0.0,1.0,95,50.63,75.35,-12.4119,13.0111,389.88,0,0
2018-03-30,18,7.5,0.0,11.0,47,49.17,54.21,2.12133,54.1213,399.514,0,0
2018-03-30,22,7.33333,0.0,9.0,59,52.695,92.56,17.7386,-1.43239,453.6,0,0
2018-03-31,2,9.33333,0.0,6.66667,66,56.22,57.44,4.48797,-40.7655,357.5,1,1
2018-03-31,22,12.8333,2.54,11.6667,91,77.58,52.695,-26.0222,-62.8238,248.021,1,8
