data,timeofday,windspeed6,opady6,temp6,rhumid,index_avg,prev_index_avg,wind_dir_ns,wind_dir_ew,dispel50,is_weekend
2017-11-01,1,14.1667,0.0,5.5,82,33.5467,14.3933,-11.0977,55.7925,230.4,1
2017-11-01,2,14.6667,0.0,5.66667,81,28.084,11.1533,-11.0977,56.7925,228.48,1
2017-11-01,3,15.1667,0.51,5.83333,81,27.4667,9.66667,-11.0977,56.7925,221.571,1
2017-11-01,4,15.6667,0.51,6.0,80,28.3017,9.22333,-12.2458,59.5642,203.52,1
2017-11-01,5,16.1667,0.51,6.0,80,27.42,11.6583,-19.134,61.194,180.0,1
2017-11-01,6,16.3333,0.51,6.0,80,26.4017,14.7083,-19.8994,48.0418,224.824,1
2017-11-01,7,16.3333,0.51,6.0,80,26.9283,18.6433,-19.5167,47.1179,236.733,1
2017-11-01,8,16.5,1.48,6.0,81,29.3883,19.492,-25.2569,60.9761,194.133,1
2017-11-01,9,16.6667,0.97,6.0,79,46.2967,25.5233,-24.4915,59.1283,202.024,1
2017-11-01,10,16.6667,0.97,6.16667,79,58.5217,31.7517,-24.8742,60.0522,187.425,1
2017-11-01,11,17.1667,0.97,6.33333,79,61.428,28.71,-19.8994,48.0418,220.8,1
2017-11-01,12,17.5,1.45,6.5,80,59.2183,34.845,-21.4301,51.7373,198.4,1
2017-11-01,13,18.1667,2.06,6.66667,82,54.18,44.0067,-21.4301,51.7373,198.4,1
2017-11-01,14,18.8333,1.09,7.0,83,56.185,41.6833,-21.8128,52.6612,200.34,1
2017-11-01,15,19.3333,1.09,7.33333,83,50.8417,50.2033,-21.8128,52.6612,191.133,1
2017-11-01,16,19.6667,1.7,7.5,87,51.06,55.51,-22.9608,55.4328,175.137,1
2017-11-01,17,19.5,1.7,7.83333,89,46.5617,74.0067,-23.3435,56.3567,173.46,1
2017-11-01,18,19.6667,1.22,8.16667,92,52.8217,63.2833,-22.9608,55.4328,184.743,1
2017-11-01,19,19.8333,0.61,8.5,96,50.1917,61.3383,-22.1954,53.585,193.44,1
2017-11-01,20,19.8333,0.61,8.66667,94,50.4017,63.15,-22.1954,53.585,188.779,1
2017-11-01,21,19.6667,0.61,8.83333,94,46.4667,55.805,-22.5781,54.5089,181.895,1
2017-11-02,1,20.1667,0.46,9.66667,84,47.6917,33.5467,-23.3435,56.3567,173.46,0
2017-11-02,2,20.1667,1.65,9.83333,86,47.1217,28.084,-23.3435,56.3567,173.46,0
2017-11-02,3,20.3333,2.84,10.0,86,45.5433,27.4667,-23.3435,56.3567,178.286,0
2017-11-02,4,20.3333,4.03,10.0,87,41.4967,28.3017,-23.3435,56.3567,173.46,0
2017-11-02,5,20.6667,4.99,9.83333,89,37.2367,27.42,-23.3435,56.3567,173.46,0
2017-11-02,6,20.8333,4.76,9.66667,88,37.25,26.4017,-24.1088,58.2044,165.714,0
2017-11-02,7,21.1667,6.31,9.5,88,38.58,26.9283,-24.4915,59.1283,154.56,0
2017-11-02,8,21.5,6.67,9.33333,87,35.9867,29.3883,-25.2569,60.9761,152.727,0
2017-11-02,9,21.3333,7.03,9.16667,85,42.2533,46.2967,-25.2569,60.9761,152.727,0
2017-11-02,10,21.1667,8.0,9.0,82,45.35,58.5217,-24.4915,59.1283,164.509,0
2017-11-02,11,21.0,8.97,9.16667,81,50.7133,61.428,-23.3435,56.3567,183.0,0
2017-11-02,12,20.6667,8.97,9.33333,82,53.8383,59.2183,-22.9608,55.4328,180.0,0
2017-11-02,13,20.1667,8.16,9.5,81,46.6833,54.18,-22.9608,55.4328,175.137,0
2017-11-02,14,20.0,6.61,9.66667,80,43.19,56.185,-29.125,51.3142,184.743,0
2017-11-02,15,19.6667,5.06,9.66667,79,43.8267,50.8417,-35.938,46.762,180.0,0
2017-11-02,16,19.5,3.64,9.66667,79,55.1875,51.06,-41.0124,41.0124,188.779,0
2017-11-02,17,18.8333,2.22,9.5,79,66.2583,46.5617,-34.4655,44.2071,204.8,0
2017-11-02,18,17.8333,2.22,9.33333,79,55.175,52.8217,-26.1218,45.0638,221.0,0
2017-11-02,19,16.8333,1.48,9.16667,79,51.72,50.1917,-31.4793,57.9981,187.0,0
2017-11-02,20,16.0,1.48,9.0,79,52.5667,50.4017,-18.7513,58.2701,224.0,0
2017-11-02,21,15.6667,1.48,8.83333,79,47.8033,46.4667,-11.8631,57.6403,233.365,0
2017-11-03,1,16.5,1.27,8.16667,75,37.86,47.6917,0.0,51.0,232.941,0
2017-11-03,2,16.6667,1.27,8.0,74,30.65,47.1217,0.0,67.0,180.0,0
2017-11-03,3,16.8333,1.27,7.83333,73,26.0217,45.5433,0.0,67.0,180.0,0
2017-11-03,4,16.8333,1.27,7.66667,73,28.1083,41.4967,0.0,67.0,180.0,0
2017-11-03,5,16.6667,0.0,7.5,73,28.895,37.2367,0.0,51.0,232.941,0
2017-11-03,6,16.1667,0.0,7.33333,75,34.7833,37.25,0.0,67.0,180.0,0
2017-11-03,7,15.6667,0.51,7.16667,77,39.0417,38.58,9.89954,62.9343,202.024,0
2017-11-03,8,15.0,0.51,7.16667,78,33.2733,35.9867,19.092,57.9448,233.365,0
2017-11-03,9,14.5,0.51,7.33333,77,33.225,42.2533,28.2844,52.9552,261.0,0
2017-11-03,10,14.0,0.51,7.83333,84,32.94,45.35,28.2844,50.9552,267.429,0
2017-11-03,11,13.5,0.51,8.33333,80,30.1967,50.7133,18.3849,52.0209,261.415,0
2017-11-03,12,13.5,0.51,9.0,78,29.9417,53.8383,9.19243,53.0104,261.415,0
2017-11-03,13,13.6667,0.0,9.5,76,39.7033,46.6833,0.0,55.0,257.914,0
2017-11-03,14,13.6667,0.0,9.83333,76,42.87,43.19,0.0,55.0,257.914,0
2017-11-03,15,13.0,0.0,10.1667,77,45.9683,43.8267,0.0,54.0,261.415,0
2017-11-03,16,12.0,0.0,10.0,83,56.9417,55.1875,0.0,51.0,297.0,0
2017-11-03,17,11.1667,0.0,9.83333,83,72.2533,66.2583,5.65688,58.391,287.571,0
2017-11-03,18,10.1667,0.0,9.5,82,64.0867,55.175,5.65688,52.391,350.314,0
2017-11-03,19,9.16667,0.0,9.33333,80,51.9333,51.72,5.65688,60.391,331.629,0
2017-11-03,20,8.0,0.0,9.0,80,53.0833,52.5667,5.65688,54.391,390.831,0
2017-11-03,21,7.83333,0.0,8.66667,81,54.8833,47.8033,3.3608,59.9343,384.0,0
2017-11-04,1,7.5,0.0,7.66667,88,51.7167,37.86,-20.4398,48.3462,405.45,1
2017-11-04,2,7.83333,0.0,7.33333,89,51.095,30.65,-25.9831,42.6423,437.25,1
2017-11-04,3,7.66667,0.0,7.0,90,41.97,26.0217,-33.3741,37.7038,413.4,1
2017-11-04,4,7.66667,0.0,6.5,91,41.1767,28.1083,-38.4691,35.2219,417.6,1
2017-11-04,5,7.66667,0.0,6.0,93,45.17,28.895,-28.025,26.907,425.829,1
2017-11-04,6,7.5,0.0,5.5,94,46.08,34.7833,-32.7373,17.3784,421.2,1
2017-11-04,7,8.0,0.0,5.0,94,53.1933,39.0417,-34.4714,8.66007,432.667,1
2017-11-04,8,8.16667,0.0,4.83333,93,56.5133,33.2733,-36.4224,-1.14804,395.2,1
2017-11-04,9,8.66667,0.0,5.0,85,55.408,33.225,-39.194,-6.88824,374.85,1
2017-11-04,10,9.33333,0.0,5.5,82,53.7867,32.94,-34.5746,-17.2206,377.143,1
2017-11-04,11,10.1667,0.0,6.33333,74,51.9917,30.1967,-51.7373,-21.4301,327.6,1
2017-11-04,12,11.1667,0.0,7.5,68,52.36,29.9417,-48.9656,-20.282,313.6,1
2017-11-04,13,12.3333,0.0,8.66667,67,49.97,39.7033,-53.585,-22.1954,251.6,1
2017-11-04,14,13.1667,0.0,9.66667,68,47.705,42.87,-49.8895,-20.6647,248.727,1
2017-11-04,15,13.0,0.0,10.3333,73,53.0283,45.9683,-52.6612,-21.8128,232.615,1
2017-11-04,16,12.6667,0.0,10.8333,73,71.5217,56.9417,-49.8895,-20.6647,267.429,1
2017-11-04,17,12.3333,0.0,10.8333,87,84.6417,72.2533,-58.2044,-24.1088,249.171,1
2017-11-04,18,12.1667,0.0,10.6667,87,89.1283,64.0867,-55.4328,-22.9608,294.0,1
2017-11-04,19,11.8333,0.0,10.3333,85,70.2667,51.9333,-52.6612,-21.8128,307.8,1
2017-11-04,20,11.6667,0.0,10.0,85,62.875,53.0833,-52.6612,-21.8128,273.48,1
2017-11-04,21,12.1667,0.0,9.5,84,59.255,54.8833,-47.1179,-19.5167,281.455,1
2017-11-05,1,12.6667,0.0,8.16667,85,53.4933,51.7167,-21.1074,-14.5418,281.538,1
2017-11-05,2,12.5,0.0,8.0,85,51.0117,51.095,-31.2701,-18.7513,240.0,1
2017-11-05,3,12.3333,0.0,7.83333,80,51.03,41.97,-7.25968,-13.7765,240.0,1
2017-11-05,4,12.3333,0.0,7.66667,82,50.8017,41.1767,15.8269,-9.18432,249.508,1
2017-11-05,5,12.3333,0.0,7.5,86,50.5667,45.17,39.8373,-4.20948,268.029,1
2017-11-05,6,11.8333,0.0,7.33333,91,52.2217,46.08,38.8373,-4.20948,250.364,1
2017-11-05,7,11.6667,0.0,7.0,97,53.1767,53.1933,60.0,0.0,260.0,1
2017-11-05,8,11.3333,0.0,7.0,87,53.26,56.5133,58.0,0.0,280.8,1
2017-11-05,9,11.1667,0.0,7.33333,77,54.415,55.408,36.7612,-3.8268,302.4,1
2017-11-05,10,11.3333,0.0,7.83333,65,54.94,53.7867,14.5985,-8.03628,321.231,1
2017-11-05,11,11.5,0.0,8.5,59,51.7917,51.9917,14.5985,-8.03628,305.455,1
2017-11-05,12,11.8333,0.0,9.33333,54,43.6333,52.36,-9.3358,-13.3938,262.08,1
2017-11-05,13,12.3333,0.0,10.5,53,43.2367,49.97,-22.1074,-14.5418,281.455,1
2017-11-05,14,12.5,0.0,11.3333,55,44.9883,47.705,1.05524,-10.3324,271.385,1
2017-11-05,15,12.1667,0.0,12.0,64,47.7,53.0283,-22.1074,-14.5418,297.0,1
2017-11-05,16,11.8333,0.0,12.3333,73,66.2133,71.5217,-30.4224,-17.986,277.714,1
2017-11-05,17,11.3333,0.0,12.5,95,70.2733,84.6417,-25.2662,-20.4067,299.815,1
2017-11-05,18,11.0,0.0,12.3333,95,67.1767,89.1283,-23.4185,-19.6413,321.231,1
2017-11-05,19,10.1667,0.0,11.8333,94,66.2033,70.2667,-46.5812,-23.8508,329.018,1
2017-11-05,20,10.0,0.0,11.1667,92,59.32,62.875,-52.238,-29.5077,300.0,1
2017-11-05,21,10.1667,0.0,10.5,89,61.8417,59.255,-40.8316,-28.9251,353.455,1
2017-11-06,1,8.83333,0.0,7.66667,91,58.0467,53.4933,-42.3594,-33.7002,341.85,0
2017-11-06,2,8.33333,0.0,7.16667,93,58.35,51.0117,-30.7025,-28.0433,389.88,0
2017-11-06,3,8.33333,0.0,6.66667,93,56.41,51.03,-37.1697,-25.3645,360.0,0
2017-11-06,4,8.66667,0.0,6.5,93,55.54,50.8017,-39.3373,-14.4666,360.0,0
2017-11-06,5,8.66667,0.0,6.5,93,56.06,50.5667,-36.4985,5.35752,395.2,0
2017-11-06,6,8.83333,0.0,6.5,93,57.6783,52.2217,-34.5476,15.1656,377.143,0
2017-11-06,7,9.16667,0.0,6.66667,93,59.5767,53.1767,-31.1418,25.2354,349.8,0
2017-11-06,8,9.33333,0.99,6.83333,93,55.705,53.26,-40.2033,32.6265,329.829,0
2017-11-06,9,9.83333,0.99,7.16667,88,41.2167,54.415,-33.7361,37.9477,349.92,0
2017-11-06,10,9.33333,0.99,7.33333,80,27.4833,54.94,-15.3049,46.1313,343.938,0
2017-11-06,11,10.1667,0.99,7.66667,78,27.9483,51.7917,3.77666,48.2276,339.2,0
2017-11-06,12,11.0,0.99,8.0,76,39.8017,43.6333,23.1016,44.3721,305.25,0
2017-11-06,13,11.6667,1.47,8.5,75,44.7033,43.2367,35.3555,46.1735,240.0,0
2017-11-06,14,12.0,0.48,8.83333,76,47.9967,44.9883,43.8408,46.6588,249.508,0
2017-11-06,15,11.0,0.48,9.0,78,51.8,47.7,41.7195,41.7195,250.92,0
2017-11-06,16,10.5,0.48,9.0,83,55.195,66.2133,39.5982,39.5982,318.171,0
2017-11-06,17,9.5,0.48,8.83333,83,78.385,70.2733,44.5479,44.5479,310.371,0
2017-11-06,18,8.83333,0.48,8.66667,83,65.895,67.1767,42.0394,37.7098,367.015,0
2017-11-06,19,8.33333,0.0,8.33333,83,60.9967,66.2033,39.211,34.8814,407.1,0
2017-11-06,20,8.16667,0.0,8.16667,83,59.54,59.32,45.575,41.2454,360.0,0
2017-11-06,21,8.66667,0.0,7.83333,82,65.54,61.8417,43.4536,39.1241,373.32,0
2017-11-07,1,9.16667,0.0,6.83333,83,43.5067,58.0467,43.7168,33.434,339.2,0
2017-11-07,2,9.0,0.0,6.5,85,45.11,58.35,44.7438,30.1314,352.8,0
2017-11-07,3,8.5,0.0,6.33333,85,42.065,56.41,46.3798,23.7675,376.32,0
2017-11-07,4,8.5,0.0,6.16667,85,36.376,55.54,46.3088,16.6964,409.867,0
2017-11-07,5,8.33333,0.0,5.83333,85,34.8683,56.06,48.2597,6.88824,409.867,0
2017-11-07,6,8.33333,0.0,5.66667,85,32.615,57.6783,55.6507,3.8268,360.0,0
2017-11-07,7,8.33333,0.0,5.5,86,37.04,59.5767,56.5746,-3.44412,360.0,0
2017-11-07,8,8.66667,0.0,5.5,83,45.63,55.705,52.9927,-12.9278,360.0,0
2017-11-07,9,9.66667,0.0,5.5,80,48.2867,41.2167,46.8404,-19.816,377.143,0
2017-11-07,10,10.3333,0.0,5.66667,74,50.9733,27.4833,49.0329,-29.0085,312.8,0
2017-11-07,11,11.3333,0.0,6.16667,73,54.0467,27.9483,38.3018,-34.5133,309.12,0
2017-11-07,12,12.0,0.23,6.66667,71,54.5217,39.8017,34.4205,-43.6209,240.0,0
2017-11-07,13,13.0,0.23,7.16667,71,53.545,44.7033,24.8823,-47.0715,261.415,0
2017-11-07,14,13.5,0.23,7.5,72,54.6817,47.9967,25.5894,-47.7786,251.631,0
2017-11-07,15,13.3333,0.23,8.0,73,56.2367,51.8,25.5894,-47.7786,257.914,0
2017-11-07,16,13.1667,0.23,8.16667,84,60.83,55.195,24.8241,-45.9309,277.114,0
2017-11-07,17,12.8333,0.23,8.16667,85,59.4433,78.385,24.0587,-44.0831,297.0,0
2017-11-07,18,12.8333,0.23,8.16667,86,59.015,65.895,28.6509,-55.1697,249.171,0
2017-11-07,19,12.8333,0.23,8.16667,87,57.29,60.9967,24.1088,-58.2044,240.0,0
2017-11-07,20,13.0,0.23,8.16667,88,57.6167,59.54,19.8994,-48.0418,276.0,0
2017-11-07,21,13.0,0.23,8.0,86,58.56,65.54,15.3072,-50.9552,255.2,0
2017-11-08,1,12.3333,0.0,7.0,84,51.195,43.5067,0.0,-62.0,258.514,0
2017-11-08,2,11.6667,0.0,6.5,86,51.5683,45.11,0.0,-60.0,260.0,0
2017-11-08,3,11.6667,0.0,6.0,85,50.155,42.065,-3.8268,-57.2388,289.385,0
2017-11-08,4,11.6667,0.0,5.5,84,44.288,36.376,-3.8268,-56.2388,282.764,0
2017-11-08,5,11.6667,0.0,5.16667,80,44.6317,34.8683,-8.80164,-57.2492,270.3,0
2017-11-08,6,11.3333,0.0,5.0,80,46.8567,32.615,-8.80164,-56.2492,280.8,0
2017-11-08,7,11.3333,0.0,4.83333,77,49.95,37.04,-12.6284,-53.488,285.12,0
2017-11-08,8,11.5,0.0,4.83333,77,48.015,45.63,-13.3938,-55.3358,280.8,0
2017-11-08,9,11.5,0.0,5.0,72,49.905,48.2867,-17.6033,-53.4985,299.815,0
2017-11-08,10,11.5,0.0,5.33333,74,51.9017,50.9733,-17.2206,-52.5746,294.0,0
2017-11-08,11,12.5,0.0,5.66667,69,53.3933,54.0467,-22.1954,-53.585,262.08,0
2017-11-08,12,13.5,0.0,6.16667,65,54.75,54.5217,-20.282,-48.9656,259.418,0
2017-11-08,13,13.8333,0.0,7.0,63,55.98,53.545,-22.1954,-53.585,216.0,0
2017-11-08,14,13.8333,0.0,7.66667,63,56.8883,54.6817,-22.9608,-55.4328,205.477,0
2017-11-08,15,13.8333,0.0,8.16667,67,59.955,56.2367,-22.1954,-53.585,249.882,0
2017-11-08,16,13.5,0.0,8.33333,73,62.125,60.83,-20.282,-48.9656,288.225,0
2017-11-08,17,12.3333,0.0,8.33333,79,63.0717,59.4433,-24.4915,-59.1283,257.4,0
2017-11-08,18,11.5,0.0,8.16667,81,64.815,59.015,-22.1954,-53.585,297.6,0
2017-11-08,19,11.0,0.0,7.66667,83,60.2967,57.29,-21.0474,-50.8134,305.455,0
2017-11-08,20,10.8333,0.0,7.16667,84,61.8583,57.6167,-21.0474,-50.8134,313.5,0
2017-11-08,21,10.6667,0.0,6.5,85,61.636,58.56,-20.282,-48.9656,329.018,0
2017-11-09,1,9.5,0.0,4.66667,90,52.0733,51.195,-19.134,-57.194,300.0,0
2017-11-09,2,8.83333,0.0,4.33333,85,51.4117,51.5683,-17.6033,-53.4985,337.08,0
2017-11-09,3,8.0,0.0,4.16667,84,52.455,50.155,-16.0726,-49.803,398.618,0
2017-11-09,4,7.5,0.0,4.0,85,54.745,44.288,-18.3686,-55.3462,385.745,0
2017-11-09,5,7.0,0.0,4.0,86,56.37,44.6317,-17.2206,-52.5746,426.0,0
2017-11-09,6,6.83333,0.0,3.83333,87,58.465,46.8567,-19.8994,-48.0418,473.28,0
2017-11-09,7,6.16667,0.0,3.66667,86,62.75,49.95,-19.8994,-55.0418,434.52,0
2017-11-09,8,5.83333,0.0,3.66667,84,66.46,48.015,-18.8442,-46.951,520.8,0
2017-11-09,9,5.5,0.0,3.83333,79,62.27,49.905,-20.3749,-50.6465,514.8,0
2017-11-09,10,5.5,0.0,4.16667,76,65.7967,51.9017,-20.1419,-46.0839,575.143,0
2017-11-09,11,5.5,0.0,4.66667,72,66.1217,53.3933,-23.12,-33.9599,540.6,0
2017-11-09,12,5.66667,0.0,5.33333,71,72.2233,54.75,-13.824,-28.4166,520.0,0
2017-11-09,13,6.66667,0.0,6.16667,72,74.3417,55.98,-18.9189,-19.8119,514.8,0
2017-11-09,14,7.5,0.0,6.83333,73,75.4317,56.8883,-24.1724,-8.97672,480.0,0
2017-11-09,15,8.66667,0.0,7.16667,75,77.1767,59.955,-27.8576,10.8544,448.8,0
2017-11-09,16,9.16667,0.0,7.33333,74,72.9083,62.125,-28.505,26.3046,386.4,0
2017-11-09,17,9.83333,0.0,7.16667,78,60.3025,63.0717,-27.0576,30.8104,329.829,0
2017-11-09,18,10.0,0.0,6.83333,86,66.9167,64.815,-30.8761,37.9117,340.267,0
2017-11-09,19,9.5,0.0,6.33333,83,67.6633,60.2967,-22.5612,43.4676,340.267,0
2017-11-09,20,9.16667,0.0,5.83333,84,67.5383,61.8583,-22.5612,49.4676,325.867,0
2017-11-09,21,8.83333,0.0,5.5,82,65.795,61.636,-18.8759,49.5707,372.655,0
2017-11-10,1,11.0,0.0,5.33333,82,64.1933,52.0733,-34.4987,38.2871,311.143,0
2017-11-10,2,11.6667,0.0,5.33333,79,62.985,51.4117,-41.7195,41.7195,240.0,0
2017-11-10,3,12.3333,0.0,5.5,80,62.465,52.455,-43.1337,43.1337,240.0,0
2017-11-10,4,13.0,0.0,5.66667,81,62.7967,54.745,-36.0626,36.0626,291.877,0
2017-11-10,5,13.3333,0.0,5.83333,81,61.17,56.37,-37.4768,37.4768,277.114,0
2017-11-10,6,13.8333,0.0,5.66667,82,60.3917,58.465,-37.4768,37.4768,259.418,0
2017-11-10,7,14.1667,0.84,5.5,82,60.5333,62.75,-41.0124,41.0124,223.385,0
2017-11-10,8,14.6667,0.84,5.5,79,57.6683,66.46,-43.1337,43.1337,211.68,0
2017-11-10,9,15.3333,0.84,5.5,80,54.375,62.27,-42.4266,42.4266,212.914,0
2017-11-10,10,15.6667,0.84,5.5,80,54.2033,65.7967,-44.5479,44.5479,202.725,0
2017-11-10,11,16.3333,0.84,5.5,79,55.5983,66.1217,-39.7397,48.9401,195.0,0
2017-11-10,12,16.8333,1.53,5.83333,77,52.8333,72.2233,-31.2544,40.4548,224.824,0
2017-11-10,13,17.5,0.69,6.16667,76,53.9817,74.3417,-32.6686,41.869,209.012,0
2017-11-10,14,18.3333,0.69,6.5,74,54.405,75.4317,-40.3053,40.3053,191.133,0
2017-11-10,15,18.6667,1.58,6.66667,75,60.0667,77.1767,-41.0124,41.0124,188.779,0
2017-11-10,16,18.5,1.58,6.66667,82,64.5667,72.9083,-41.0124,41.0124,193.44,0
2017-11-10,17,18.3333,1.58,6.66667,82,57.595,60.3025,-38.1839,38.1839,217.579,0
2017-11-10,18,18.1667,0.89,6.5,80,56.8383,66.9167,-36.7697,36.7697,232.737,0
2017-11-10,19,18.5,1.78,6.33333,79,57.1367,67.6633,-39.9645,30.2229,229.125,0
2017-11-10,20,19.5,2.67,6.16667,79,47.48,67.5383,-48.9761,27.3281,186.353,0
2017-11-11,1,23.8333,0.89,5.66667,74,10.1467,64.1933,-49.4977,49.4977,140.4,1
2017-11-11,2,23.3333,0.0,5.5,78,5.875,62.985,-41.3287,53.7763,145.75,1
2017-11-11,3,23.5,0.0,5.16667,79,7.08667,62.465,-32.777,57.131,147.0,1
2017-11-11,4,24.0,0.97,4.83333,80,6.65167,62.7967,-17.2206,67.5746,130.226,1
2017-11-11,5,23.8333,0.97,4.5,81,6.07833,61.17,0.0,53.0,165.092,1
2017-11-11,6,23.6667,0.97,4.16667,81,5.52333,60.3917,0.0,76.0,120.0,1
2017-11-11,7,23.8333,1.66,3.83333,81,7.81,60.5333,-8.03628,69.4015,149.333,1
2017-11-11,8,24.0,1.66,3.5,78,11.8333,57.6683,-8.03628,66.4015,146.348,1
2017-11-11,9,23.6667,1.66,3.5,74,17.625,54.375,-16.8379,64.6507,136.286,1
2017-11-11,10,23.0,0.69,3.5,69,25.725,54.2033,-17.986,67.4224,135.15,1
2017-11-11,11,23.1667,1.27,3.66667,67,31.6017,55.5983,-17.986,66.4224,135.496,1
2017-11-11,12,23.8333,1.27,4.0,67,36.0867,52.8333,-18.3686,67.3462,135.15,1
2017-11-11,13,24.3333,0.58,4.5,66,43.6233,53.9817,-18.7513,68.2701,125.061,1
2017-11-11,14,24.5,0.58,5.0,63,39.8133,54.405,-19.8994,48.0418,168.192,1
2017-11-11,15,24.5,1.49,5.16667,63,43.9533,60.0667,-19.5167,47.1179,179.022,1
2017-11-11,16,23.8333,1.49,5.16667,75,46.96,64.5667,-28.701,69.291,129.422,1
2017-11-11,17,22.8333,1.82,5.0,75,42.1217,57.595,-25.6396,61.9,156.75,1
2017-11-11,18,21.5,1.82,4.83333,75,35.9117,56.8383,-23.3435,56.3567,192.15,1
2017-11-11,19,20.1667,1.82,4.5,75,32.9533,57.1367,-20.6647,49.8895,217.579,1
2017-11-11,20,19.0,1.82,4.16667,75,33.4717,47.48,-20.6647,49.8895,213.333,1
2017-11-12,1,14.3333,1.47,3.5,79,24.5217,10.1467,-36.4704,44.0472,230.4,1
2017-11-12,2,13.5,1.47,3.33333,78,14.675,5.875,-30.7803,44.3103,264.0,1
2017-11-12,3,13.5,1.47,3.16667,78,11.4717,7.08667,-24.7658,44.7902,292.32,1
2017-11-12,4,13.8333,0.0,2.83333,78,12.8017,6.65167,-19.5167,47.1179,297.0,1
2017-11-12,5,14.0,0.0,2.66667,80,14.365,6.07833,-14.1592,51.1836,248.727,1
2017-11-12,6,14.3333,0.0,2.5,79,12.7267,5.52333,-9.94968,57.0209,206.7,1
2017-11-12,7,14.8333,0.0,2.33333,78,19.2817,7.81,-5.35752,61.9343,187.971,1
2017-11-12,8,15.1667,0.0,2.33333,78,27.6167,11.8333,-5.35752,61.9343,209.647,1
2017-11-12,9,15.1667,0.0,2.33333,76,30.0883,17.625,-5.35752,58.9343,226.8,1
2017-11-12,10,15.0,0.0,2.66667,80,38.1383,25.725,-10.715,55.8686,243.6,1
2017-11-12,11,15.1667,0.0,3.16667,72,37.2983,31.6017,-16.8379,54.6507,230.4,1
2017-11-12,12,15.3333,0.0,3.66667,65,36.0233,36.0867,-17.986,57.4224,204.429,1
2017-11-12,13,15.8333,0.0,4.33333,61,43.0283,43.6233,-30.0068,55.4432,180.0,1
2017-11-12,14,15.8333,0.0,4.83333,59,42.645,39.8133,-25.032,43.4328,232.941,1
2017-11-12,15,15.6667,0.0,5.33333,61,59.665,43.9533,-30.3895,56.3671,194.541,1
2017-11-12,16,14.5,0.0,5.5,68,70.5183,46.96,-33.0764,49.8536,225.318,1
2017-11-12,17,13.0,0.0,5.5,73,77.4933,42.1217,-27.4195,44.1967,293.647,1
2017-11-12,18,11.3333,0.0,5.33333,74,79.315,35.9117,-34.8105,47.2581,292.518,1
2017-11-12,19,9.5,0.0,5.0,75,77.1717,32.9533,-34.7721,34.2309,372.6,1
2017-11-12,20,8.5,0.0,4.66667,75,70.79,33.4717,-28.7721,34.2309,376.2,1
2017-11-13,1,8.5,0.0,3.16667,80,49.075,24.5217,-15.4086,-35.903,385.0,0
2017-11-13,2,8.33333,0.0,3.0,91,50.395,14.675,-21.4086,-41.903,401.85,0
2017-11-13,3,8.33333,0.3,3.0,91,51.0583,11.4717,-21.4086,-48.903,360.0,0
2017-11-13,4,8.16667,0.6,2.83333,92,51.57,12.8017,-10.5735,-54.1565,360.0,0
2017-11-13,5,8.16667,0.6,2.66667,92,52.7083,14.365,4.10544,-51.2366,373.32,0
2017-11-13,6,8.33333,0.9,2.5,92,54.9883,12.7267,15.0033,-32.759,373.32,0
2017-11-13,7,9.0,0.9,2.33333,94,57.495,19.2817,27.1451,-20.0761,360.0,0
2017-11-13,8,9.5,0.9,2.16667,91,63.7517,27.6167,36.3839,-2.24932,345.257,0
2017-11-13,9,9.66667,0.6,2.16667,87,64.7383,30.0883,43.455,11.8218,325.867,0
2017-11-13,10,10.0,0.3,2.33333,78,65.69,38.1383,47.0819,29.3755,312.8,0
2017-11-13,11,10.3333,0.3,2.66667,73,57.1617,37.2983,46.5452,40.5978,300.0,0
2017-11-13,12,11.0,0.0,3.16667,69,53.2467,36.0233,39.6445,39.0015,321.48,0
2017-11-13,13,11.6667,0.0,3.83333,69,53.5167,43.0283,39.5982,47.1851,285.12,0
2017-11-13,14,12.5,0.0,4.5,68,58.73,42.645,42.4266,53.0483,240.0,0
2017-11-13,15,13.1667,0.0,4.83333,72,54.765,59.665,38.1839,49.8895,255.2,0
2017-11-13,16,13.6667,0.0,5.0,78,61.6783,70.5183,39.5982,51.7373,242.031,0
2017-11-13,17,13.3333,0.0,5.0,87,64.8383,77.4933,40.3053,52.6612,239.4,0
2017-11-13,18,13.1667,0.0,4.83333,84,62.1167,79.315,37.4768,48.9656,282.72,0
2017-11-13,19,12.8333,0.0,4.5,82,66.296,77.1717,45.9622,60.0522,240.0,0
2017-11-13,20,12.1667,0.0,4.16667,82,56.6767,70.79,43.8408,57.2806,258.514,0
2017-11-13,21,11.6667,0.0,3.83333,83,58.63,61.99,41.7195,54.5089,287.571,0
2017-11-14,1,9.83333,0.0,2.66667,83,39.415,49.075,30.4057,58.7268,300.0,0
2017-11-14,2,9.33333,0.0,2.16667,83,35.4233,50.395,28.2844,55.9552,323.345,0
2017-11-14,3,9.16667,0.0,1.83333,82,31.2,51.0583,26.1631,53.1836,360.0,0
2017-11-14,4,9.0,0.0,1.33333,86,35.27,51.57,25.456,52.2597,363.0,0
2017-11-14,5,8.83333,0.0,1.0,86,46.455,52.7083,25.456,51.2597,366.667,0
2017-11-14,6,8.33333,0.0,0.666667,90,50.7567,54.9883,25.456,50.2597,380.8,0
2017-11-14,7,9.0,0.0,0.5,93,60.0,57.495,25.456,56.2597,360.0,0
2017-11-14,8,9.33333,0.0,0.5,93,47.875,63.7517,12.728,52.6298,356.4,0
2017-11-14,9,9.16667,0.0,0.666667,84,44.425,64.7383,7.0711,55.2388,349.92,0
2017-11-14,10,9.5,0.0,1.16667,79,44.6033,65.69,-3.44412,54.3149,352.8,0
2017-11-14,11,9.83333,0.0,1.83333,71,53.71,57.1617,-7.6536,55.4776,313.65,0
2017-11-14,12,11.0,0.0,2.5,66,57.95,53.2467,-14.7247,48.5487,343.385,0
2017-11-14,13,11.3333,0.0,3.16667,64,55.9583,53.5167,-23.9171,44.7411,321.48,0
2017-11-14,14,12.1667,0.0,3.83333,64,59.93,58.73,-34.5238,45.3478,251.6,0
2017-11-14,15,12.6667,0.0,4.33333,66,60.085,54.765,-37.4768,37.4768,253.08,0
2017-11-14,16,12.6667,0.0,4.5,71,71.4483,61.6783,-38.891,38.891,251.631,0
2017-11-14,17,13.0,0.0,4.5,79,88.2,64.8383,-37.4768,37.4768,282.72,0
2017-11-14,18,12.6667,0.0,4.33333,81,84.12,62.1167,-45.9622,45.9622,240.0,0
2017-11-14,19,12.0,0.0,4.0,83,77.2233,66.296,-43.1337,43.1337,276.48,0
2017-11-15,1,14.8333,0.0,2.83333,69,31.7633,39.415,-50.1271,34.4324,188.308,0
2017-11-15,2,15.5,0.0,3.0,73,30.18,35.4233,-48.7234,40.0642,195.0,0
2017-11-15,3,15.5,0.0,3.16667,73,31.0667,31.2,-40.0642,48.7234,202.024,0
2017-11-15,4,15.1667,0.0,3.33333,76,36.995,35.27,-33.0181,48.7129,226.8,0
2017-11-15,5,14.6667,0.0,3.5,79,40.7567,46.455,-27.0619,50.3335,237.12,0
2017-11-15,6,14.1667,0.0,3.83333,81,44.195,50.7567,-21.8128,52.6612,252.225,0
2017-11-15,7,13.6667,0.0,4.16667,82,52.095,60.0,-20.6647,49.8895,261.415,0
2017-11-15,8,12.8333,0.0,4.33333,82,52.105,47.875,-20.282,48.9656,277.114,0
2017-11-15,9,12.5,0.0,4.5,80,55.9333,44.425,-20.282,59.9656,240.0,0
2017-11-15,10,12.0,0.0,4.66667,81,63.2583,44.6033,-19.134,57.194,268.029,0
2017-11-15,11,12.0,0.0,5.0,76,61.7067,53.71,-17.986,54.4224,289.385,0
2017-11-15,12,12.3333,0.0,5.5,74,59.9383,57.95,-18.3686,55.3462,270.3,0
2017-11-15,13,12.6667,0.0,5.83333,74,57.6133,55.9583,-24.3831,43.8663,281.455,0
2017-11-15,14,13.0,0.0,6.16667,76,66.265,59.93,-30.0732,43.6032,248.727,0
2017-11-15,15,12.6667,0.0,6.5,78,70.3433,60.085,-30.8386,45.451,248.571,0
2017-11-15,16,12.3333,0.0,6.83333,83,73.4667,71.4483,-28.9251,40.8316,302.08,0
2017-11-15,17,11.5,0.0,7.0,88,71.72,88.2,-32.3693,49.1465,286.0,0
2017-11-15,18,10.6667,0.36,6.83333,87,74.0733,84.12,-25.2067,46.8547,339.429,0
2017-11-16,1,8.33333,0.0,5.5,84,53.1417,31.7633,-38.0135,33.1427,401.85,0
2017-11-16,2,7.83333,0.0,5.33333,86,54.4583,30.18,-42.9633,38.0925,360.0,0
2017-11-16,3,7.33333,0.0,5.16667,85,53.5983,31.0667,-41.5491,36.6783,402.8,0
2017-11-16,4,7.16667,0.0,4.83333,87,56.2483,36.995,-37.4812,35.8576,448.0,0
2017-11-16,5,6.83333,0.0,4.66667,85,57.3767,40.7567,-31.845,38.8806,470.25,0
2017-11-16,6,6.16667,0.0,4.5,88,58.42,44.195,-34.5238,45.3478,420.0,0
2017-11-16,7,5.66667,0.0,4.5,86,59.3683,52.095,-28.8669,43.6909,498.667,0
2017-11-16,8,5.5,0.0,4.5,87,62.938,52.105,-30.3976,47.3864,496.4,0
2017-11-16,9,5.33333,0.0,4.66667,87,64.9767,55.9333,-25.947,36.403,550.8,0
2017-11-16,10,5.5,0.0,5.16667,91,66.3483,63.2583,-23.8257,27.2106,595.2,0
2017-11-16,11,5.66667,0.0,5.66667,86,66.6767,61.7067,-26.267,25.3223,561.6,0
2017-11-16,12,6.66667,0.0,6.33333,83,67.355,59.9383,-14.0243,21.0796,520.0,0
2017-11-16,13,7.5,0.0,6.83333,82,67.1567,57.6133,-18.2883,5.24237,528.0,0
2017-11-16,15,8.83333,0.0,7.66667,85,68.29,70.3433,-13.3937,-12.3644,379.44,0
2017-11-16,16,9.0,0.0,7.66667,89,79.13,73.4667,1.05524,-4.20948,371.25,0
2017-11-16,17,9.0,0.0,7.5,93,83.5567,71.72,17.4463,-7.27092,356.4,0
2017-11-16,18,8.83333,0.0,7.0,94,83.9533,74.0733,17.4463,-7.27092,376.32,0
2017-11-17,1,7.66667,0.0,3.66667,95,77.3867,53.1417,-9.3358,-13.3938,374.0,0
2017-11-17,2,7.33333,0.0,3.16667,93,76.8017,54.4583,-22.9552,-15.3072,421.2,0
2017-11-17,3,7.33333,0.0,2.83333,95,73.3933,53.5983,-36.4985,-17.6033,453.6,0
2017-11-17,4,7.33333,0.0,2.33333,99,71.7817,56.2483,-20.1074,-14.5418,448.0,0
2017-11-17,5,7.16667,0.0,2.16667,100,74.1317,57.3767,-3.79252,-11.0977,453.6,0
2017-11-17,6,7.5,0.0,2.0,100,76.9217,58.42,12.5985,-8.03628,458.28,0
2017-11-17,7,8.16667,0.25,2.0,95,73.7233,59.3683,14.4463,-1.14804,451.0,0
2017-11-17,8,8.83333,0.5,2.16667,97,69.03,62.938,5.00216,7.16688,379.44,0
2017-11-17,9,9.16667,0.5,2.33333,95,65.66,64.9767,5.92604,15.2032,380.8,0
2017-11-17,10,9.83333,0.5,2.83333,86,61.37,66.3483,-10.8522,22.9814,341.85,0
2017-11-17,11,10.5,0.8,3.33333,81,57.2917,66.6767,-18.8522,34.9814,300.0,0
2017-11-17,12,11.1667,0.8,4.0,81,47.9333,67.355,-20.4611,44.9199,288.0,0
2017-11-17,13,11.6667,0.55,4.5,81,44.6417,67.1567,-17.017,48.605,262.08,0
2017-11-17,15,11.6667,0.3,5.5,83,62.6167,68.29,0.0,59.0,270.3,0
2017-11-17,16,11.5,0.3,5.83333,81,70.4883,79.13,7.77821,57.1627,289.385,0
2017-11-17,17,10.8333,0.0,5.83333,82,86.22,83.5567,15.5564,51.9409,302.4,0
2017-11-17,18,10.3333,0.0,5.5,83,80.2867,83.9533,21.9204,46.3049,336.3,0
2017-11-18,1,6.5,0.0,1.83333,96,70.15,77.3867,12.6778,49.6832,435.2,1
2017-11-18,2,6.66667,0.0,1.16667,100,66.9283,76.8017,1.36408,48.269,466.4,1
2017-11-18,3,7.0,0.0,0.5,99,61.4375,73.3933,-9.94968,46.8547,486.0,1
2017-11-18,4,7.33333,0.0,0.0,96,57.2767,71.7817,-20.5563,44.4135,477.0,1
2017-11-18,5,7.66667,0.0,-0.5,94,53.3533,74.1317,-30.4559,44.5271,420.0,1
2017-11-18,6,7.83333,0.0,-1.0,94,56.842,76.9217,-32.6104,40.7284,425.829,1
2017-11-18,7,9.16667,0.0,-0.833333,93,55.8883,73.7233,-38.2465,37.7053,405.45,1
2017-11-18,8,10.3333,0.0,-0.666667,93,60.925,69.03,-40.842,35.9712,329.829,1
2017-11-18,9,12.1667,0.0,-0.333333,87,62.9833,65.66,-40.842,35.9712,278.25,1
2017-11-18,10,13.1667,0.0,0.166667,77,64.1833,61.37,-45.451,30.8386,212.0,1
2017-11-18,11,14.5,0.0,0.833333,71,53.295,57.2917,-47.0356,37.294,211.68,1
2017-11-18,12,16.1667,0.0,1.83333,65,51.1533,47.9333,-48.4498,38.7082,187.971,1
2017-11-18,13,16.8333,0.0,2.66667,63,51.9433,44.6417,-56.104,36.0796,180.0,1
2017-11-18,14,17.5,0.0,3.66667,60,53.4467,57.44,-43.0097,32.7269,201.318,1
2017-11-18,15,17.3333,0.0,4.33333,63,52.8317,62.6167,-43.7168,33.434,202.926,1
2017-11-18,16,17.8333,0.51,4.66667,64,47.9433,70.4883,-38.1839,38.1839,217.579,1
2017-11-18,17,18.1667,0.51,4.83333,66,48.3067,86.22,-36.7697,36.7697,228.8,1
2017-11-18,18,18.6667,1.02,4.66667,61,48.7667,80.2867,-37.4768,37.4768,216.847,1
2017-11-19,1,21.3333,0.69,2.16667,76,25.095,70.15,-31.629,54.3594,164.509,1
2017-11-19,2,20.3333,0.69,2.0,76,24.435,66.9283,-22.9608,55.4328,184.743,1
2017-11-19,3,19.8333,0.48,2.0,76,21.9717,61.4375,-21.8128,52.6612,204.8,1
2017-11-19,4,19.5,0.48,1.83333,76,17.6483,57.2767,-21.0474,50.8134,205.8,1
2017-11-19,5,19.8333,0.48,1.66667,77,17.0067,53.3533,-21.8128,52.6612,191.133,1
2017-11-19,6,19.6667,0.96,1.66667,74,16.7117,56.842,-23.7262,57.2806,162.0,1
2017-11-19,7,20.1667,0.96,1.66667,73,17.585,55.8883,-24.1088,58.2044,160.74,1
2017-11-19,8,20.8333,0.96,1.66667,73,17.9183,60.925,-24.4915,59.1283,169.304,1
2017-11-19,9,21.3333,0.96,1.66667,71,21.6567,62.9833,-24.1088,58.2044,160.74,1
2017-11-19,10,21.3333,0.96,2.0,70,28.21,64.1833,-24.8742,60.0522,153.6,1
2017-11-19,11,21.3333,0.96,2.33333,66,28.6083,53.295,-24.4915,59.1283,164.509,1
2017-11-19,12,22.3333,0.48,2.66667,63,28.3033,51.1533,-24.8742,60.0522,158.564,1
2017-11-19,13,23.3333,1.42,3.0,67,27.93,51.9433,-26.4049,63.7477,125.46,1
2017-11-19,14,24.1667,1.42,3.33333,68,27.9683,53.4467,-20.282,48.9656,165.092,1
2017-11-19,15,24.6667,1.88,3.66667,74,27.7017,52.8317,-29.4243,44.0367,162.222,1
2017-11-19,16,25.0,1.88,3.66667,79,26.625,47.9433,-28.659,42.189,173.333,1
2017-11-19,17,24.5,1.88,3.66667,80,33.445,48.3067,-44.2154,57.7454,134.267,1
2017-11-19,18,23.3333,1.88,3.5,79,37.02,48.7667,-39.2656,52.7956,161.472,1
2017-11-20,1,24.8333,0.76,2.16667,81,5.165,25.095,0.0,69.0,145.75,0
2017-11-20,2,26.6667,1.27,2.0,80,3.96,24.435,0.0,57.0,137.35,0
2017-11-20,3,27.6667,1.27,2.0,80,4.124,21.9717,0.0,66.0,121.818,0
2017-11-20,4,28.6667,1.27,2.16667,80,5.65,17.6483,0.0,64.0,130.473,0
2017-11-20,5,29.5,1.27,2.16667,78,5.18667,17.0067,0.0,61.0,138.194,0
2017-11-20,6,29.3333,0.51,2.16667,76,5.78833,16.7117,18.3849,54.0209,159.84,0
2017-11-20,7,27.3333,0.51,2.0,76,13.5567,17.585,34.6484,75.2701,124.44,0
2017-11-20,8,25.6667,0.0,1.83333,75,17.462,17.9183,49.4977,64.6716,149.908,0
2017-11-20,9,24.0,0.0,1.83333,74,23.325,21.6567,47.3764,61.9,151.93,0
2017-11-20,10,22.3333,0.0,1.66667,70,28.285,28.21,45.9622,60.0522,153.6,0
2017-11-20,11,21.5,0.0,1.66667,63,21.75,28.6083,45.255,59.1283,169.304,0
2017-11-20,12,21.0,0.0,1.83333,57,27.31,28.3033,28.9915,58.8791,171.943,0
2017-11-20,13,20.8333,0.0,2.33333,53,34.16,27.93,14.1422,59.4776,173.46,0
2017-11-20,14,20.1667,0.0,2.83333,55,33.6367,27.9683,0.0,61.0,178.286,0
2017-11-20,15,19.5,0.0,3.16667,62,54.57,27.7017,0.0,59.0,186.66,0
2017-11-20,16,19.0,0.48,3.33333,72,52.66,26.625,0.0,56.0,207.36,0
2017-11-20,17,17.6667,0.48,3.5,86,55.0783,33.445,0.0,53.0,225.095,0
2017-11-20,18,16.0,0.48,3.5,85,54.904,37.02,0.0,66.0,200.842,0
2017-11-21,1,8.33333,0.0,1.0,82,36.4967,5.165,4.00966,52.6298,376.32,0
2017-11-21,2,8.0,0.0,0.833333,84,32.95,3.96,1.71358,58.1731,360.0,0
2017-11-21,3,7.5,0.0,1.0,85,35.6083,4.124,-1.34786,55.5642,386.88,0
2017-11-21,4,7.16667,0.0,1.16667,85,38.7367,5.65,-10.715,51.8686,432.667,0
2017-11-21,5,6.83333,0.0,1.5,85,36.4167,5.18667,-13.3938,49.3358,463.6,0
2017-11-21,6,6.5,0.0,1.66667,86,43.83,5.78833,-17.6365,53.5785,435.2,0
2017-11-21,7,6.83333,0.0,1.83333,85,50.9217,13.5567,-21.8791,48.8211,469.05,0
2017-11-21,8,6.66667,0.0,2.0,84,52.3667,17.462,-29.2702,37.7597,469.05,0
2017-11-21,9,7.0,0.0,2.0,82,54.35,23.325,-19.2087,30.3686,457.6,0
2017-11-21,10,7.33333,0.0,2.16667,84,52.4225,28.285,-24.3037,21.7639,452.4,0
2017-11-21,11,8.0,0.0,2.33333,80,52.5767,21.75,-27.2611,5.38548,460.8,0
2017-11-21,12,8.66667,0.0,2.66667,76,46.36,27.31,-14.5823,-1.08168,395.2,0
2017-11-21,13,9.16667,0.0,3.0,74,46.9667,34.16,3.903,-9.567,386.4,0
2017-11-21,14,9.5,0.0,3.33333,74,44.2533,33.6367,22.294,-6.50556,329.829,0
2017-11-21,15,9.16667,0.0,3.66667,77,48.6683,54.57,24.294,-6.50556,313.65,0
2017-11-21,16,8.83333,0.0,3.66667,86,56.8133,52.66,26.1418,-5.7402,352.8,0
2017-11-21,17,8.16667,0.0,3.66667,90,59.9167,55.0783,27.9896,-4.97484,389.88,0
2017-11-21,18,8.0,0.0,3.5,94,60.9183,54.904,22.4463,-7.27092,373.32,0
2017-11-22,1,8.33333,0.0,2.83333,90,57.9617,36.4967,-41.7195,-41.7195,360.0,0
2017-11-22,2,8.33333,0.0,2.83333,92,54.9217,32.95,-39.1823,-44.5943,360.0,0
2017-11-22,3,8.5,0.0,2.83333,92,51.0317,35.6083,-35.5553,-45.8381,360.0,0
2017-11-22,4,9.16667,1.12,2.83333,92,49.1933,38.7367,-29.8984,-40.1812,393.6,0
2017-11-22,5,9.83333,2.24,2.83333,92,46.6217,36.4167,-32.7269,-43.0097,341.85,0
2017-11-22,6,10.5,2.24,3.0,92,44.94,43.83,-29.8984,-40.1812,346.92,0
2017-11-22,7,11.0,2.24,3.16667,92,44.9267,50.9217,-34.557,-39.4278,313.6,0
2017-11-22,8,11.5,2.24,3.33333,92,51.2575,52.3667,-40.3053,-40.3053,263.467,0
2017-11-22,9,11.8333,2.24,3.66667,92,52.7683,54.35,-42.4266,-42.4266,250.364,0
2017-11-22,10,11.6667,1.37,4.0,90,63.095,52.4225,-42.4266,-42.4266,260.0,0
2017-11-22,11,11.5,0.25,4.5,90,50.4067,52.5767,-43.1801,-37.7681,280.8,0
2017-11-22,12,11.6667,0.25,5.16667,85,47.5467,46.36,-23.6948,-29.2828,299.815,0
2017-11-22,13,11.6667,0.25,5.83333,84,48.2433,46.9667,-1.50233,-20.0903,291.5,0
2017-11-22,14,11.5,0.25,6.5,82,55.02,44.2533,19.983,-11.605,271.745,0
2017-11-22,15,11.5,0.25,7.0,83,62.1817,48.6683,17.5985,0.38268,262.08,0
2017-11-22,16,11.5,0.0,7.33333,91,64.0033,56.8133,16.6746,8.41896,260.945,0
2017-11-22,17,11.1667,0.0,7.5,93,72.3733,59.9167,-1.39646,15.4901,289.385,0
2017-11-22,18,10.6667,0.0,7.5,94,70.1367,60.9183,-20.7604,21.854,332.215,0
2017-11-23,1,9.83333,0.0,6.0,91,51.4533,57.9617,-51.2006,25.7642,335.345,0
2017-11-23,2,10.1667,0.0,5.83333,93,46.6717,54.9217,-54.5089,22.5781,300.0,0
2017-11-23,3,10.1667,0.0,5.66667,91,48.5833,51.0317,-25.9552,15.3072,340.267,0
2017-11-23,4,10.3333,0.0,5.5,90,52.0317,49.1933,-7.64028,11.8631,326.8,0
2017-11-23,5,10.5,0.0,5.33333,90,53.6567,46.6217,10.6746,8.41896,321.48,0
2017-11-23,6,10.6667,0.0,5.0,90,54.935,44.94,29.9134,4.59216,336.3,0
2017-11-23,7,10.3333,0.0,4.83333,90,55.8167,44.9267,52.0,0.0,341.127,0
2017-11-23,8,10.3333,0.0,4.5,89,55.6817,51.2575,51.0,0.0,346.92,0
2017-11-23,9,10.6667,0.0,4.5,83,54.3825,52.7683,52.0,0.0,334.08,0
2017-11-23,10,11.0,0.0,4.83333,75,52.6517,63.095,54.0,0.0,309.12,0
2017-11-23,11,11.5,0.0,5.33333,66,50.6933,50.4067,56.0,0.0,294.0,0
2017-11-23,12,12.0,0.0,6.33333,57,45.7467,47.5467,58.0,0.0,262.08,0
2017-11-23,13,12.8333,0.0,7.5,52,45.4083,48.2433,51.0,0.0,286.7,0
2017-11-23,14,13.5,0.0,8.83333,52,46.3867,55.02,54.0,0.0,255.2,0
2017-11-23,15,13.3333,0.0,9.83333,59,55.71,62.1817,57.0,0.0,232.615,0
2017-11-23,16,13.1667,0.0,10.6667,60,65.46,64.0033,55.0,0.0,257.914,0
2017-11-23,17,12.8333,0.0,11.0,80,58.8083,72.3733,52.0,0.0,292.32,0
2017-11-23,18,12.3333,0.0,10.8333,75,62.14,70.1367,63.0,0.0,257.92,0
2017-11-24,1,12.8333,0.0,7.33333,76,51.4967,51.4533,-20.1074,14.5418,282.72,0
2017-11-24,2,12.5,0.0,6.83333,82,49.2067,46.6717,-30.2701,18.7513,248.88,0
2017-11-24,3,11.6667,0.0,6.5,82,46.7417,48.5833,-55.4328,22.9608,277.714,0
2017-11-24,4,11.0,0.0,6.33333,82,47.8933,52.0317,-51.7373,21.4301,302.4,0
2017-11-24,5,10.6667,0.0,6.16667,83,49.26,53.6567,-49.8895,20.6647,324.8,0
2017-11-24,6,10.1667,0.0,5.83333,84,51.1917,54.935,-48.0418,19.8994,341.127,0
2017-11-24,7,10.0,0.0,5.83333,85,50.9833,55.8167,-39.0418,19.8994,300.0,0
2017-11-24,8,9.83333,0.0,5.83333,85,54.5067,55.6817,-38.1179,19.5167,311.564,0
2017-11-24,9,9.83333,0.0,6.0,81,53.91,54.3825,-17.9552,15.3072,312.12,0
2017-11-24,10,10.3333,0.0,6.33333,76,53.4683,52.6517,1.2836,11.4804,312.12,0
2017-11-24,11,10.8333,0.0,7.0,71,47.9367,50.6933,32.7612,3.8268,326.8,0
2017-11-24,12,12.0,0.0,8.0,68,43.565,45.7467,36.7612,3.8268,285.12,0
2017-11-24,13,13.3333,0.0,9.0,67,41.2467,45.4083,21.2179,-6.12288,264.48,0
2017-11-24,14,15.0,0.0,10.0,66,45.0233,46.3867,29.2179,-6.12288,205.477,0
2017-11-24,15,16.3333,0.0,10.8333,69,46.82,55.71,23.2179,-6.12288,204.6,0
2017-11-24,16,16.6667,0.0,11.3333,71,50.2975,65.46,56.0,0.0,198.4,0
2017-11-24,17,17.0,0.0,11.3333,72,58.0833,58.8083,53.0,0.0,229.14,0
2017-11-24,18,16.8333,0.0,11.1667,71,62.88,62.14,39.1418,5.7402,193.44,0
2017-11-25,1,12.1667,0.23,8.5,87,43.3367,51.4967,-52.4725,33.5305,248.625,1
2017-11-25,2,11.5,0.23,8.33333,91,41.6667,49.2067,-40.7519,34.7987,323.025,1
2017-11-25,3,10.6667,0.46,8.16667,91,40.7533,46.7417,-30.5619,39.7623,343.385,1
2017-11-25,4,10.5,0.46,8.0,90,37.53,47.8933,-18.5515,45.7875,346.92,1
2017-11-25,5,10.3333,0.46,7.83333,91,37.8717,49.26,-2.99508,49.803,321.48,1
2017-11-25,6,9.66667,0.23,7.66667,93,46.506,51.1917,7.19571,48.8791,319.2,1
2017-11-25,7,10.1667,0.23,7.5,92,50.3733,50.9833,11.4384,54.4224,300.0,1
2017-11-25,8,9.66667,0.23,7.16667,95,52.74,54.5067,4.33713,42.8218,311.1,1
2017-11-25,9,9.83333,0.0,7.0,88,53.9933,53.91,5.48517,23.4204,335.345,1
2017-11-25,10,10.0,0.0,7.0,79,54.0317,53.4683,10.0773,1.3338,333.9,1
2017-11-25,11,11.1667,0.0,7.33333,75,51.8467,47.9367,8.22802,-18.0677,319.0,1
2017-11-25,12,13.0,0.0,7.66667,69,48.7433,43.565,-7.3284,-34.9247,240.0,1
2017-11-25,13,13.8333,0.0,8.0,68,44.035,41.2467,-0.22716,-38.1063,216.0,1
2017-11-25,14,14.5,0.0,8.5,69,49.3117,45.0233,-16.1331,-38.3335,188.308,1
2017-11-25,15,14.5,0.0,8.66667,73,53.9333,46.82,-38.3255,-47.5259,210.6,1
2017-11-25,16,13.8333,0.0,8.5,79,55.135,50.2975,-35.4971,-44.6975,249.882,1
2017-11-25,17,13.0,0.0,8.16667,81,52.93,58.0833,-26.4971,-44.6975,240.0,1
2017-11-26,1,21.6667,1.12,5.0,82,13.7283,43.3367,-8.41896,66.3254,141.382,1
2017-11-26,2,22.1667,1.12,4.16667,83,18.735,41.6667,0.0,69.0,140.87,1
2017-11-26,3,21.8333,0.0,3.5,83,21.5183,40.7533,15.5564,66.3254,146.348,1
2017-11-26,4,20.6667,0.0,2.83333,83,21.2983,37.53,28.2844,59.9552,175.304,1
2017-11-26,5,19.1667,0.0,2.33333,82,19.858,37.8717,28.2844,51.9552,222.927,1
2017-11-26,6,17.8333,0.0,2.0,81,23.1133,46.506,28.2844,65.9552,199.473,1
2017-11-26,7,16.6667,0.0,1.83333,80,28.6583,50.3733,12.728,60.6298,224.0,1
2017-11-26,8,15.5,0.0,1.83333,78,33.2083,52.74,0.0,60.0,220.0,1
2017-11-26,9,14.8333,0.0,1.83333,76,37.0733,53.9933,0.0,60.0,212.914,1
2017-11-26,10,14.8333,0.0,2.0,69,35.79,54.0317,0.0,60.0,220.0,1
2017-11-26,11,15.5,0.0,2.16667,64,42.5017,51.8467,0.0,60.0,226.8,1
2017-11-26,12,16.0,0.0,2.66667,60,45.5817,48.7433,-6.88824,60.6298,203.52,1
2017-11-26,13,16.5,0.0,3.0,59,53.0183,44.035,-13.7765,48.2597,225.28,1
2017-11-26,14,16.6667,0.0,3.33333,60,54.86,49.3117,-13.7765,52.2597,205.8,1
2017-11-26,15,16.5,0.0,3.5,62,51.7833,53.9333,-13.0111,50.4119,221.0,1
2017-11-26,16,16.0,0.0,3.5,66,58.18,55.135,-17.986,62.4224,194.133,1
2017-11-26,17,15.0,0.0,3.5,67,70.696,52.93,-15.6899,56.8791,245.937,1
2017-11-27,1,12.3333,0.0,1.66667,71,42.945,13.7283,-43.1337,43.1337,249.9,0
2017-11-27,2,12.1667,0.0,1.33333,75,34.3617,18.735,-43.8408,43.8408,240.0,0
2017-11-27,3,12.0,0.0,1.0,72,34.482,21.5183,-43.1337,43.1337,249.9,0
2017-11-27,4,12.1667,0.0,0.833333,69,24.0367,21.2983,-42.4266,42.4266,269.077,0
2017-11-27,5,12.0,0.0,0.833333,69,21.2533,19.858,-42.4266,42.4266,260.0,0
2017-11-27,6,12.3333,0.0,1.0,68,24.8067,23.1133,-42.4266,42.4266,269.077,0
2017-11-27,7,12.8333,0.0,1.16667,69,30.3217,28.6583,-43.1337,43.1337,240.0,0
2017-11-27,8,13.5,0.0,1.5,70,34.1167,33.2083,-33.7002,42.3594,251.631,0
2017-11-27,9,14.1667,0.0,1.83333,68,36.0833,37.0733,-30.2479,47.0251,225.5,0
2017-11-27,10,14.6667,0.0,2.16667,71,35.2633,35.79,-32.3693,49.1465,212.914,0
2017-11-27,11,15.5,0.0,2.5,67,30.97,42.5017,-28.5926,54.029,210.6,0
2017-11-27,12,15.8333,0.0,2.83333,64,30.1517,45.5817,-28.9753,54.9529,195.52,0
2017-11-27,13,15.6667,0.0,3.16667,61,37.5517,53.0183,-34.5489,52.4084,187.68,0
2017-11-27,14,15.6667,0.0,3.5,60,49.8817,54.86,-34.5489,52.4084,195.0,0
2017-11-27,15,15.8333,0.0,3.66667,60,54.7783,51.7833,-39.0326,48.233,209.647,0
2017-11-27,16,15.3333,0.0,3.66667,65,65.826,58.18,-43.8408,43.8408,210.6,0
2017-11-27,17,14.8333,0.0,3.33333,66,66.6567,70.696,-44.5375,37.5019,228.48,0
2017-11-28,1,19.6667,0.0,1.66667,65,29.7167,42.945,62.0,0.0,167.04,0
2017-11-28,2,20.1667,0.0,2.0,71,30.37,34.3617,63.0,0.0,165.714,0
2017-11-28,3,20.3333,0.0,2.33333,69,28.7383,34.482,62.0,0.0,171.943,0
2017-11-28,4,20.1667,0.0,2.83333,68,30.575,24.0367,60.0,0.0,184.743,0
2017-11-28,5,19.6667,0.0,3.16667,67,30.3767,21.2533,58.0,0.0,193.44,0
2017-11-28,6,19.3333,0.0,3.5,67,32.4033,24.8067,56.0,0.0,202.926,0
2017-11-28,7,18.8333,0.0,3.66667,67,30.3783,30.3217,56.0,0.0,202.926,0
2017-11-28,8,18.5,0.53,3.83333,68,34.995,34.1167,20.3702,6.88824,205.8,0
2017-11-28,9,18.3333,1.06,4.0,69,37.0483,36.0833,20.3702,6.88824,210.189,0
2017-11-28,10,17.8333,1.36,4.16667,70,35.7017,35.2633,19.3702,6.88824,213.333,0
2017-11-28,11,17.6667,1.36,4.33333,71,39.8217,30.97,21.2179,6.12288,228.8,0
2017-11-28,12,17.3333,1.66,4.5,71,47.6867,30.1517,20.2179,6.12288,236.733,0
2017-11-28,13,17.0,2.07,4.66667,71,47.8767,37.5517,37.2179,6.12288,180.0,0
2017-11-28,14,16.3333,1.54,4.83333,69,49.34,49.8817,4.43584,12.2458,180.0,0
2017-11-28,15,15.5,1.01,5.0,69,54.6467,54.7783,6.2836,11.4804,202.024,0
2017-11-28,16,15.0,0.71,4.83333,83,61.8917,65.826,-22.7268,16.4552,233.365,0
2017-11-28,17,14.1667,0.71,4.66667,83,60.9383,66.6567,-51.7373,21.4301,261.0,0
2017-11-29,1,9.33333,0.0,3.16667,84,52.555,29.7167,-48.5425,27.9769,337.08,0
2017-11-29,2,9.16667,0.0,2.83333,92,51.1767,30.37,-49.7864,24.3499,349.92,0
2017-11-29,3,8.66667,0.0,2.5,91,51.9567,28.7383,-48.8625,23.9673,372.655,0
2017-11-29,4,8.5,0.0,2.16667,90,52.035,30.575,-46.0908,22.8192,395.2,0
2017-11-29,5,8.33333,0.51,1.83333,93,51.3733,30.3767,-31.7268,16.4552,409.867,0
2017-11-29,6,8.33333,1.02,1.5,92,53.29,32.4033,-39.1179,19.5167,360.0,0
2017-11-29,7,8.0,1.02,1.5,93,53.34,30.3783,-22.803,16.0726,360.0,0
2017-11-29,8,8.0,1.02,1.5,93,52.855,34.995,-8.41192,13.0111,388.267,0
2017-11-29,9,8.0,1.02,1.5,88,57.6483,37.0483,8.903,9.567,388.267,0
2017-11-29,10,7.83333,1.02,1.83333,81,59.4467,35.7017,25.2179,6.12288,390.0,0
2017-11-29,11,7.66667,0.51,2.33333,75,60.9283,39.8217,26.1418,5.7402,405.45,0
2017-11-29,12,7.33333,0.0,2.83333,70,58.4717,47.6867,11.6746,8.41896,421.2,0
2017-11-29,13,7.33333,0.0,3.33333,69,58.3317,47.8767,13.5224,3.06144,453.6,0
2017-11-29,14,6.83333,0.0,3.66667,69,62.1817,49.34,12.5224,3.06144,460.8,0
2017-11-29,15,6.33333,0.0,4.0,72,68.9417,54.6467,8.27974,7.3041,420.0,0
2017-11-29,16,6.0,0.0,4.0,80,78.47,61.8917,-3.33966,9.2175,482.4,0
2017-11-29,17,5.5,0.0,3.83333,82,82.9367,60.9383,-15.8752,12.753,538.65,0
2017-11-30,1,4.0,0.0,1.0,92,78.304,52.555,-9.02745,12.753,726.857,0
2017-11-30,2,4.33333,0.89,0.666667,93,76.94,51.1767,-11.7848,8.51039,731.4,0
2017-11-30,3,4.83333,1.7,0.333333,93,77.754,51.9567,-5.24605,-1.27555,711.36,0
2017-11-30,4,5.5,2.51,0.333333,92,78.948,52.035,-0.62665,-9.18895,685.44,0
2017-11-30,5,5.83333,2.51,0.333333,91,79.075,51.3733,6.60442,-20.2552,699.84,0
2017-11-30,7,6.0,2.51,0.666667,90,80.01,53.34,12.6233,-35.2426,600.0,0
2017-11-30,10,6.83333,1.27,1.16667,81,69.4575,59.4467,6.53874,-51.8725,499.8,0
2017-11-30,11,7.83333,1.27,1.33333,79,65.05,60.9283,3.8268,-51.3254,477.0,0
2017-11-30,13,10.0,1.27,1.66667,80,57.87,58.3317,6.12288,-51.7821,349.8,0
2017-11-30,15,11.6667,1.17,1.66667,83,52.555,68.9417,17.287,-53.7346,250.92,0
2017-11-30,22,14.5,1.37,0.0,86,53.06,77.53,55.7925,11.0977,230.4,0
2018-10-01,0,9.83333,0.0,9.66667,67,31.87,69.285,1.35972,-11.8631,300.0,0
2018-10-01,1,9.5,0.0,8.83333,70,30.705,57.395,-0.640279,-11.8631,323.345,0
2018-10-01,2,9.33333,0.0,8.16667,73,31.585,41.58,1.20748,-4.20948,337.08,0
2018-10-01,3,9.16667,0.0,7.5,78,30.465,32.735,2.13136,3.06144,349.92,0
2018-10-01,4,9.0,0.0,6.83333,81,26.725,31.805,3.05524,10.3324,363.0,0
2018-10-01,5,8.83333,0.0,6.33333,83,25.7,31.045,-15.2597,13.7765,366.667,0
2018-10-01,6,8.66667,0.0,5.5,87,32.26,32.715,-31.6507,16.8379,380.8,0
2018-10-01,7,8.5,0.0,5.0,91,41.095,32.39,-48.0418,19.8994,395.2,0
2018-10-01,8,8.16667,0.0,4.83333,90,45.805,34.075,-47.1179,19.5167,409.867,0
2018-10-01,9,7.83333,0.0,5.16667,79,35.825,35.305,-53.585,22.1954,374.0,0
2018-10-01,10,7.66667,0.0,6.0,66,21.915,29.88,-51.7373,21.4301,402.8,0
2018-10-01,11,7.66667,0.23,7.16667,56,18.185,27.46,-49.0792,23.6428,417.6,0
2018-10-01,12,7.83333,0.23,9.0,49,17.175,21.375,-43.8258,27.5898,421.2,0
2018-10-01,13,8.16667,0.23,10.8333,45,14.64,13.14,-39.8788,32.8432,405.45,0
2018-10-01,14,8.83333,0.23,12.5,43,16.57,11.37,-36.3146,39.0206,374.85,0
2018-10-01,15,9.5,0.46,14.0,41,18.175,11.775,-22.4564,44.2804,361.029,0
2018-10-01,16,10.1667,0.46,15.0,40,22.98,15.675,-15.9892,52.6016,313.65,0
2018-10-01,17,11.0,0.23,15.5,43,52.74,13.63,-7.27092,51.5537,313.6,0
2018-10-01,18,11.5,0.23,15.5,47,50.885,21.105,5.36563,55.2492,273.48,0
2018-10-01,19,11.6667,0.23,15.1667,52,50.03,45.075,9.19243,58.0104,260.945,0
2018-10-01,20,11.6667,0.23,14.5,58,26.82,42.995,9.19243,58.0104,260.945,0
2018-10-01,21,11.8333,0.0,13.5,63,29.935,42.045,4.98295,57.1731,270.3,0
2018-10-01,22,12.1667,0.0,12.5,66,33.585,53.76,4.98295,57.1731,279.138,0
2018-10-01,23,12.5,0.0,11.6667,70,35.93,45.13,-4.20948,59.1627,260.0,0
2018-10-02,0,13.0,0.0,10.8333,75,25.09,31.87,-4.20948,51.1627,270.327,0
2018-10-02,1,13.6667,0.0,10.1667,80,15.63,30.705,10.6066,54.8582,235.2,0
2018-10-02,2,14.3333,0.0,9.66667,85,14.12,31.585,21.2133,56.7164,221.571,0
2018-10-02,3,15.0,0.0,9.16667,89,14.11,30.465,31.82,56.5746,220.0,0
2018-10-02,4,15.3333,0.0,8.83333,89,12.75,26.725,43.1337,56.3567,211.68,0
2018-10-02,5,15.6667,0.0,8.33333,88,26.565,25.7,43.8408,57.2806,203.52,0
2018-10-02,6,16.0,0.0,8.0,93,24.725,32.26,33.2342,60.4224,187.68,0
2018-10-02,7,16.5,0.0,7.5,100,19.095,41.095,22.6275,63.5642,180.0,0
2018-10-02,8,17.1667,0.0,7.16667,95,13.14,45.805,0.0,52.0,224.824,0
2018-10-02,9,17.8333,0.0,7.16667,84,16.525,35.825,0.0,54.0,209.012,0
2018-10-02,10,18.1667,0.0,7.16667,66,21.84,21.915,0.0,57.0,191.133,0
2018-10-02,11,18.5,0.0,7.5,59,11.29,18.185,0.0,57.0,195.789,0
2018-10-02,12,19.1667,0.0,8.0,52,9.46,17.175,0.0,57.0,200.34,0
2018-10-02,13,19.8333,0.0,8.83333,46,8.13,14.64,0.0,58.0,184.0,0
2018-10-02,14,20.5,0.0,9.66667,43,16.225,16.57,-8.41896,60.3254,162.0,0
2018-10-02,15,21.1667,0.0,10.3333,40,16.555,18.175,-17.2206,62.5746,147.714,0
2018-10-02,16,22.3333,0.0,11.0,39,22.12,22.98,-26.4049,63.7477,135.873,0
2018-10-02,17,23.5,0.0,11.3333,41,32.38,52.74,-27.553,66.5194,125.061,0
2018-10-02,18,24.5,0.0,11.3333,42,27.97,50.885,-19.5167,47.1179,174.048,0
2018-10-02,19,25.1667,0.0,11.0,43,25.055,50.03,-20.282,48.9656,165.092,0
2018-10-02,20,25.6667,0.0,10.5,47,19.895,26.82,-20.282,48.9656,167.733,0
2018-10-02,21,26.0,0.0,10.0,51,10.555,29.935,-19.8994,48.0418,170.769,0
2018-10-02,22,26.1667,0.48,9.33333,57,9.215,33.585,-19.8994,48.0418,170.769,0
2018-10-02,23,26.1667,0.48,8.83333,62,12.92,35.93,-19.8994,48.0418,170.769,0
2018-10-03,0,25.8333,0.48,8.5,64,14.44,25.09,-19.8994,48.0418,170.769,0
2018-10-03,1,25.1667,2.39,8.33333,65,19.07,15.63,-9.94968,49.0209,176.538,0
2018-10-03,2,24.3333,2.39,8.16667,75,18.075,14.12,-9.94968,71.0209,134.538,0
2018-10-03,3,23.8333,2.39,8.0,64,14.17,14.11,0.0,68.0,155.952,0
2018-10-03,4,23.5,1.91,7.83333,67,11.8,12.75,0.0,66.0,152.727,0
2018-10-03,5,23.5,1.91,7.83333,65,6.28,26.565,0.0,68.0,136.286,0
2018-10-03,6,23.8333,1.91,7.83333,66,12.345,24.725,0.0,73.0,120.0,0
2018-10-03,7,24.8333,0.0,7.83333,67,4.41,19.095,0.0,53.0,165.092,0
2018-10-03,8,26.1667,0.0,7.83333,67,5.945,13.14,0.0,55.0,156.8,0
2018-10-03,9,27.5,1.35,8.0,67,10.59,16.525,0.0,57.0,149.1,0
2018-10-03,10,28.8333,1.35,8.33333,72,18.14,21.84,0.0,60.0,137.048,0
2018-10-03,11,30.0,1.35,8.5,69,10.08,11.29,0.0,63.0,128.981,0
2018-10-03,12,31.1667,1.35,8.83333,65,5.38,9.46,0.0,65.0,123.113,0
2018-10-03,13,32.1667,2.09,9.33333,60,5.9,8.13,0.0,67.0,117.6,0
2018-10-03,14,32.8333,2.09,10.0,58,5.39,16.225,24.0417,65.4119,116.471,0
2018-10-03,15,33.0,0.74,10.5,55,9.56,16.555,47.3764,61.9,120.6,0
2018-10-03,16,32.5,0.74,10.8333,53,33.73,22.12,45.9622,60.0522,126.109,0
2018-10-03,17,31.5,0.74,11.1667,46,6.06,32.38,43.1337,56.3567,141.113,0
2018-10-03,18,29.6667,0.74,11.1667,45,13.71,27.97,39.5982,51.7373,157.076,0
2018-10-03,19,27.0,0.0,10.8333,45,9.72,25.055,55.8617,72.9865,120.0,0
2018-10-03,20,24.0,0.0,10.3333,46,15.81,19.895,48.0835,62.8238,165.2,0
2018-10-03,21,21.1667,0.0,9.66667,47,19.06,10.555,39.5982,51.7373,220.226,0
2018-10-03,22,18.8333,0.0,9.16667,50,12.2,9.215,50.2048,65.5955,192.626,0
2018-10-03,23,17.0,0.0,8.5,52,8.07,12.92,33.9413,59.3462,216.333,0
2018-10-04,0,15.6667,0.0,8.0,54,7.63,14.44,21.2133,58.7164,211.68,0
2018-10-04,1,15.1667,0.0,7.66667,56,9.66,19.07,10.6066,59.8582,211.68,0
2018-10-04,2,15.1667,0.0,7.33333,57,5.62,18.075,0.0,61.0,211.68,0
2018-10-04,3,15.3333,0.0,7.0,59,4.58,14.17,0.0,61.0,218.625,0
2018-10-04,4,15.5,0.0,6.66667,61,13.77,11.8,0.0,61.0,211.68,0
2018-10-04,5,15.5,0.0,6.5,62,13.72,6.28,0.0,62.0,203.52,0
2018-10-04,6,15.6667,0.0,6.16667,65,15.83,12.345,0.0,63.0,195.52,0
2018-10-04,7,15.8333,0.0,5.83333,67,16.96,4.41,0.0,64.0,195.0,0
2018-10-04,8,16.0,0.0,5.66667,70,16.86,5.945,0.0,64.0,195.0,0
2018-10-04,9,16.1667,0.0,5.83333,65,6.82,10.59,0.0,64.0,195.0,0
2018-10-04,10,16.1667,0.0,6.5,68,7.17,18.14,0.0,65.0,187.425,0
2018-10-04,11,16.3333,0.0,7.33333,61,10.41,10.08,11.3138,63.7821,187.425,0
2018-10-04,12,16.6667,0.0,8.5,57,7.82,5.38,23.3346,63.488,180.0,0
2018-10-04,13,17.0,0.0,9.83333,58,6.89,5.9,36.0626,47.1179,229.125,0
2018-10-04,14,17.3333,0.0,11.1667,58,9.06,5.39,24.7488,50.3358,216.847,0
2018-10-04,15,17.3333,0.0,12.3333,56,12.46,9.56,12.728,52.6298,213.333,0
2018-10-04,16,17.1667,0.0,13.0,56,17.99,33.73,0.0,53.0,221.0,0
2018-10-04,17,16.6667,0.0,13.3333,55,16.42,6.06,0.0,68.0,180.0,0
2018-10-04,18,15.6667,0.0,13.3333,59,42.43,13.71,0.0,64.0,208.8,0
2018-10-04,19,14.3333,0.0,13.0,65,35.06,9.72,0.0,58.0,249.882,0
2018-10-04,20,12.8333,0.0,12.3333,68,35.31,15.81,-3.8268,50.2388,302.08,0
2018-10-04,21,11.5,0.0,11.6667,74,41.61,19.06,-10.1908,56.6028,286.0,0
2018-10-04,22,10.5,0.0,10.8333,77,36.95,12.2,-16.5548,47.9668,339.429,0
2018-10-04,23,9.66667,0.0,10.1667,79,37.16,8.07,-22.9188,54.3308,310.371,0
2018-10-05,0,9.16667,0.0,9.5,82,31.03,7.63,-29.2828,46.6948,345.6,0
2018-10-05,1,9.0,0.0,9.0,84,28.92,9.66,-35.6467,41.0588,363.0,0
2018-10-05,2,9.0,0.0,8.66667,84,27.96,5.62,-38.1839,38.1839,366.667,0
2018-10-05,3,9.0,0.0,8.16667,84,26.04,4.58,-38.1839,38.1839,366.667,0
2018-10-05,4,9.16667,0.0,7.83333,83,26.89,13.77,-40.1349,35.2641,366.667,0
2018-10-05,5,9.33333,0.0,7.5,82,28.91,13.72,-43.0097,32.7269,352.8,0
2018-10-05,6,9.5,0.0,7.16667,84,33.34,15.83,-45.8845,30.1897,339.2,0
2018-10-05,7,9.5,0.0,7.0,87,34.02,16.96,-48.7593,27.6525,325.867,0
2018-10-05,8,9.5,0.0,7.0,85,33.75,16.86,-50.7102,24.7326,325.867,0
2018-10-05,9,9.5,0.0,7.5,75,36.44,6.82,-52.6612,21.8128,325.867,0
2018-10-05,10,9.5,0.0,8.33333,63,35.73,7.17,-52.6612,21.8128,337.08,0
2018-10-05,11,9.66667,0.0,9.5,55,28.69,10.41,-52.6612,21.8128,337.08,0
2018-10-05,12,9.83333,0.0,11.1667,49,32.91,7.82,-53.585,22.1954,324.48,0
2018-10-05,13,10.3333,0.0,12.8333,45,24.53,6.89,-54.5089,22.5781,300.0,0
2018-10-05,14,10.8333,0.0,14.5,43,12.695,9.06,-48.9656,20.282,313.6,0
2018-10-05,15,11.3333,0.0,16.0,43,11.065,12.46,-28.6507,16.8379,285.12,0
2018-10-05,16,11.5,0.0,17.0,43,9.14,17.99,-7.41192,13.0111,271.745,0
2018-10-05,17,11.3333,0.0,17.3333,47,11.775,16.42,13.7508,8.80164,271.745,0
2018-10-05,18,11.3333,0.0,17.1667,54,28.115,42.43,33.9134,4.59216,291.5,0
2018-10-05,19,11.0,0.0,16.5,63,42.185,35.06,56.0,0.0,302.4,0
2018-10-05,20,10.6667,0.0,15.5,72,58.13,35.31,34.7612,-3.8268,324.8,0
2018-10-05,21,10.3333,0.0,14.3333,75,48.105,41.61,13.5224,-7.6536,341.127,0
2018-10-05,22,10.3333,0.0,13.1667,78,41.435,36.95,-6.7164,-11.4804,346.92,0
2018-10-05,23,10.5,0.0,12.1667,79,37.035,37.16,-5.7164,-11.4804,341.127,0
2018-10-06,0,10.6667,0.0,11.3333,79,35.66,31.03,-5.7164,-11.4804,334.08,1
2018-10-06,1,11.0,0.0,10.8333,81,35.745,28.92,15.5224,-7.6536,309.12,1
2018-10-06,2,11.3333,0.0,10.3333,82,31.16,27.96,36.7612,-3.8268,285.12,1
2018-10-06,3,11.6667,0.0,9.83333,81,30.915,26.04,58.0,0.0,271.745,1
2018-10-06,4,11.8333,0.0,9.5,82,29.3,26.89,59.0,0.0,260.945,1
2018-10-06,5,11.8333,0.0,9.33333,82,27.775,28.91,60.0,0.0,260.0,1
2018-10-06,6,11.6667,0.0,9.0,86,27.87,33.34,59.0,0.0,270.3,1
2018-10-06,7,11.6667,0.0,8.66667,87,27.5,34.02,58.0,0.0,280.8,1
2018-10-06,8,11.6667,0.0,8.83333,84,27.72,33.75,58.0,0.0,280.8,1
2018-10-06,9,11.6667,0.0,9.16667,74,26.915,36.44,58.0,0.0,280.8,1
2018-10-06,10,12.0,0.0,9.83333,62,24.95,35.73,58.0,0.0,271.745,1
2018-10-06,11,12.6667,0.0,10.8333,52,28.335,28.69,34.0657,5.35752,240.0,1
2018-10-06,12,13.5,0.0,12.3333,46,28.805,32.91,-2.79252,11.0977,265.5,1
2018-10-06,13,14.0,0.0,14.1667,43,26.66,24.53,-29.5746,17.2206,225.5,1
2018-10-06,14,14.5,0.0,15.8333,42,25.615,12.695,-55.4328,22.9608,212.914,1
2018-10-06,15,14.8333,0.0,17.5,42,30.765,11.065,-56.3567,23.3435,211.68,1
2018-10-06,16,14.5,0.0,18.6667,43,34.375,9.14,-55.4328,22.9608,226.8,1
2018-10-06,17,13.8333,0.0,19.5,45,38.9,11.775,-28.6507,16.8379,254.88,1
2018-10-06,18,13.0,0.0,19.6667,53,49.295,28.115,-3.79252,11.0977,292.32,1
2018-10-06,19,12.3333,0.0,19.1667,61,76.265,42.185,-13.9552,15.3072,257.92,1
2018-10-06,20,11.6667,0.0,18.3333,68,69.175,58.13,-10.2597,13.7765,287.571,1
2018-10-06,21,11.0,0.0,17.1667,73,73.565,48.105,-7.48804,12.6284,302.4,1
2018-10-06,22,10.5,0.0,16.0,77,58.91,41.435,-28.7268,16.4552,317.127,1
2018-10-06,23,10.0,0.0,14.6667,80,50.84,37.035,-48.0418,19.8994,341.127,1
2018-10-07,0,9.5,0.0,13.6667,81,51.505,35.66,-55.4328,22.9608,311.564,1
2018-10-07,1,9.0,0.0,13.0,81,51.905,35.745,-52.6612,21.8128,347.564,1
2018-10-07,2,8.5,0.0,12.1667,87,52.825,31.16,-49.8895,20.6647,385.527,1
2018-10-07,3,8.16667,0.0,11.6667,85,51.365,30.915,-47.1179,19.5167,417.72,1
2018-10-07,4,8.16667,0.0,11.1667,95,50.95,29.3,-54.5089,22.5781,373.32,1
2018-10-07,5,8.33333,0.0,11.1667,94,49.76,27.775,-53.585,22.1954,374.0,1
2018-10-07,6,8.5,0.0,11.1667,99,50.17,27.87,-53.585,22.1954,360.0,1
2018-10-07,7,8.5,0.0,11.1667,100,50.05,27.5,-47.1179,19.5167,401.85,1
2018-10-07,8,8.5,0.0,11.5,100,46.935,27.72,-47.1179,19.5167,401.85,1
2018-10-07,9,8.66667,0.0,12.0,90,43.225,26.915,-47.1179,19.5167,401.85,1
2018-10-07,10,8.83333,0.0,12.8333,69,42.14,24.95,-46.0908,22.8192,395.2,1
2018-10-07,11,9.33333,0.0,13.6667,59,39.095,28.335,-41.6027,28.6139,380.8,1
2018-10-07,12,10.1667,0.0,14.8333,53,36.62,28.805,-37.8799,36.2563,339.2,1
2018-10-07,13,11.3333,0.0,16.1667,51,34.65,26.66,-22.174,43.7508,305.25,1
2018-10-07,14,12.8333,0.0,17.5,52,23.815,25.615,-8.41896,49.3254,276.12,1
2018-10-07,15,14.5,0.0,18.3333,54,29.03,30.765,7.42871,55.7925,216.0,1
2018-10-07,16,16.1667,0.0,18.8333,58,17.315,34.375,25.456,48.2597,225.28,1
2018-10-07,17,17.6667,0.0,18.5,61,6.7,38.9,39.5982,47.4019,193.765,1
2018-10-07,18,18.8333,0.0,17.6667,61,11.59,49.295,42.4266,46.5452,175.137,1
2018-10-07,19,19.3333,0.0,16.5,62,14.975,76.265,48.393,37.0278,167.04,1
2018-10-07,20,19.1667,0.0,15.1667,62,12.295,69.175,50.8806,29.7738,184.743,1
2018-10-07,21,18.3333,0.0,13.8333,61,16.345,73.565,50.8134,21.0474,218.743,1
2018-10-07,22,17.1667,0.0,12.5,62,14.07,58.91,63.7477,26.4049,193.143,1
2018-10-07,23,15.5,0.0,11.5,61,9.665,50.84,57.3462,18.3686,231.8,1
2018-10-08,0,13.8333,0.0,10.6667,63,3.825,51.505,51.7164,11.4804,279.0,0
2018-10-08,1,12.5,0.0,9.83333,64,2.665,51.905,62.7164,11.4804,248.625,0
2018-10-08,2,11.5,0.0,9.16667,64,1.525,52.825,57.9343,5.35752,287.571,0
2018-10-08,3,10.6667,0.0,8.16667,76,1.63,51.365,55.0,0.0,321.231,0
2018-10-08,4,9.83333,0.0,7.33333,76,3.46,50.95,51.0,0.0,353.455,0
2018-10-08,5,9.16667,0.0,6.66667,77,14.9,49.76,59.0,0.0,323.345,0
2018-10-08,6,8.33333,0.0,5.66667,81,16.44,50.17,55.0,0.0,372.655,0
2018-10-08,7,7.66667,0.0,5.0,81,20.98,50.05,60.5433,-2.29608,360.0,0
2018-10-08,8,7.0,0.0,4.5,81,15.955,46.935,55.0866,-4.59216,414.72,0
2018-10-08,9,6.66667,0.0,4.83333,75,12.455,43.225,50.6298,-6.88824,473.28,0
2018-10-08,10,6.5,0.0,5.66667,70,14.115,42.14,55.5796,-11.838,434.52,0
2018-10-08,11,6.5,0.0,6.66667,60,7.125,39.095,40.6298,-16.7878,466.4,0
2018-10-08,12,6.83333,0.0,8.16667,54,7.005,36.62,26.6801,-21.7375,486.0,0
2018-10-08,13,7.16667,0.0,9.66667,51,6.64,34.65,11.289,-24.799,472.457,0
2018-10-08,14,7.5,0.0,11.1667,50,6.435,23.815,-3.10201,-27.8604,438.6,0
2018-10-08,15,7.66667,0.0,12.5,48,10.06,29.03,-21.5796,-26.3297,451.0,0
2018-10-08,16,7.83333,0.0,13.1667,46,11.91,17.315,-34.5139,-27.0951,425.829,0
2018-10-08,17,8.0,0.0,13.6667,44,19.125,6.7,-46.8547,-25.2067,408.857,0
2018-10-08,18,8.0,0.0,13.6667,53,25.515,11.59,-47.5618,-25.9138,392.229,0
2018-10-08,19,8.0,0.0,13.3333,63,40.835,14.975,-48.269,-26.621,390.0,0
2018-10-08,20,7.83333,0.0,12.5,74,55.325,12.295,-46.5348,-29.2164,390.0,0
2018-10-08,21,7.83333,0.0,11.5,78,56.625,16.345,-44.0935,-31.1047,405.45,0
2018-10-08,22,7.83333,0.0,10.5,78,61.45,14.07,-42.3594,-33.7002,405.45,0
2018-10-08,23,7.83333,0.0,9.33333,79,64.28,9.665,-40.6252,-36.2956,405.45,0
2018-10-09,0,7.66667,0.0,8.5,79,50.715,3.825,-40.6252,-36.2956,405.45,0
2018-10-09,1,7.5,0.0,7.83333,79,45.26,2.665,-41.4355,-33.3175,421.2,0
2018-10-09,2,7.33333,0.0,7.5,81,47.125,1.525,-42.2458,-30.3394,437.25,0
2018-10-09,3,7.0,0.0,7.0,82,43.7,1.63,-42.1322,-26.9786,460.8,0
2018-10-09,4,6.66667,0.0,6.66667,85,44.03,3.46,-47.6754,-29.2747,420.0,0
2018-10-09,5,6.33333,0.0,6.33333,91,48.535,14.9,-48.269,-26.621,452.4,0
2018-10-09,6,6.16667,0.0,6.16667,96,49.685,16.44,-48.1554,-23.2602,486.0,0
2018-10-09,7,6.0,0.0,6.0,100,51.995,20.98,-48.0418,-19.8994,520.8,0
2018-10-09,8,6.0,0.0,6.0,100,54.015,15.955,-42.0418,-19.8994,480.0,0
2018-10-09,9,6.0,0.0,6.5,95,56.0,12.455,-28.6507,-16.8379,498.343,0
2018-10-09,10,6.33333,0.0,7.5,81,59.13,14.115,-16.1836,-14.1592,517.029,0
2018-10-09,11,6.66667,0.0,9.0,69,59.225,7.125,-17.1074,-8.41896,480.0,0
2018-10-09,12,7.16667,0.0,10.6667,62,49.295,7.005,-11.6778,1.83008,496.8,0
2018-10-09,13,7.83333,0.0,12.6667,58,47.05,6.64,-12.4985,10.4901,438.6,0
2018-10-09,14,8.5,0.0,14.6667,59,41.59,6.435,-8.48301,22.1534,413.4,0
2018-10-09,15,9.0,0.0,16.3333,59,42.085,10.06,-27.5541,29.2245,385.0,0
2018-10-09,16,9.0,0.0,17.5,59,41.035,11.91,-36.9982,37.5394,356.4,0
2018-10-09,17,8.83333,0.0,18.1667,63,45.27,19.125,-32.6686,41.869,356.4,0
2018-10-09,18,8.33333,0.0,18.3333,73,55.72,25.515,-29.6905,42.6793,380.8,0
2018-10-09,19,7.66667,0.0,17.8333,82,94.74,40.835,-33.9332,46.922,360.0,0
2018-10-09,20,7.0,0.0,16.8333,91,98.065,55.325,-21.5692,40.558,414.72,0
2018-10-09,21,6.66667,0.0,15.8333,92,101.12,56.625,-20.0414,31.1908,473.28,0
2018-10-09,22,6.5,0.0,14.6667,89,93.45,61.45,-26.5085,28.512,434.52,0
2018-10-09,23,6.5,0.0,13.6667,89,89.18,64.28,-25.9046,18.7622,466.4,0
2018-10-10,0,6.5,0.0,12.6667,90,89.01,50.715,-28.9276,7.7685,486.0,0
2018-10-10,1,6.5,0.0,12.0,91,84.27,45.26,-31.4095,-1.91862,509.143,0
2018-10-10,2,6.5,0.0,11.5,92,81.175,47.125,-34.274,-10.6819,517.0,0
2018-10-10,3,6.33333,0.0,11.0,93,77.745,43.7,-35.5746,-17.2206,517.0,0
2018-10-10,4,6.16667,0.0,10.5,92,73.575,44.03,-47.1179,-19.5167,517.0,0
2018-10-10,5,6.0,0.0,10.0,91,67.245,48.535,-47.1179,-19.5167,528.0,0
2018-10-10,6,6.0,0.0,9.5,91,67.06,49.685,-52.6612,-21.8128,480.0,0
2018-10-10,7,6.16667,0.0,9.16667,97,68.015,51.995,-50.4367,-23.3767,498.343,0
2018-10-10,8,6.33333,0.0,9.16667,100,72.65,54.015,-48.9193,-25.6477,498.343,0
2018-10-10,9,6.66667,0.0,9.5,92,68.035,56.0,-47.4019,-27.9187,480.0,0
2018-10-10,10,6.83333,0.0,10.5,82,59.855,59.13,-41.9722,-28.9834,496.8,0
2018-10-10,11,7.33333,0.0,11.8333,70,45.78,59.225,-41.3787,-31.6371,477.0,0
2018-10-10,12,8.0,0.0,13.6667,60,29.285,49.295,-42.1994,-35.705,420.0,0
2018-10-10,13,8.66667,0.0,15.5,53,24.835,47.05,-38.1839,-38.1839,395.2,0
2018-10-10,14,9.5,0.0,17.5,50,25.62,41.59,-36.7697,-36.7697,377.143,0
2018-10-10,15,10.0,0.0,19.1667,47,24.915,42.085,-40.3053,-40.3053,313.65,0
2018-10-10,16,10.5,0.0,20.1667,48,21.865,41.035,-33.9081,-39.8613,313.6,0
2018-10-10,17,10.6667,0.0,20.6667,60,24.635,45.27,-31.3709,-42.7361,309.12,0
2018-10-10,18,10.8333,0.0,20.5,68,33.1,55.72,-28.1266,-44.9038,317.127,0
2018-10-10,19,10.8333,0.0,20.0,77,43.36,94.74,-24.5579,-47.2883,324.8,0
2018-10-10,20,10.6667,0.0,18.8333,84,50.1267,98.065,-20.282,-48.9656,329.018,0
2018-10-10,21,10.6667,0.0,17.6667,86,51.045,101.12,-20.282,-48.9656,321.48,0
2018-10-10,22,10.8333,0.0,16.5,89,49.16,93.45,-20.6647,-49.8895,309.12,0
2018-10-10,23,11.0,0.0,15.3333,89,50.985,89.18,-21.0474,-50.8134,305.455,0
2018-10-11,0,11.0,0.0,14.5,90,49.705,89.01,-21.0474,-50.8134,305.455,0
2018-10-11,1,10.8333,0.0,13.6667,91,49.71,84.27,-21.0474,-50.8134,305.455,0
2018-10-11,2,10.6667,0.0,13.1667,91,51.32,81.175,-20.6647,-49.8895,317.127,0
2018-10-11,3,10.5,0.0,12.6667,88,51.56,77.745,-20.282,-48.9656,329.018,0
2018-10-11,4,10.3333,0.0,12.1667,88,50.43,73.575,-19.8994,-48.0418,341.127,0
2018-10-11,5,10.3333,0.0,11.8333,87,47.87,67.245,-19.5167,-47.1179,353.455,0
2018-10-11,6,10.3333,0.0,11.3333,88,48.4,67.06,-19.5167,-47.1179,346.92,0
2018-10-11,7,10.6667,0.0,11.0,89,46.075,68.015,-19.8994,-48.0418,334.08,0
2018-10-11,8,11.0,0.0,10.8333,91,50.44,72.65,-20.6647,-49.8895,309.12,0
2018-10-11,9,11.5,0.0,11.0,86,52.8,68.035,-21.4301,-51.7373,285.12,0
2018-10-11,10,12.1667,0.0,11.6667,71,47.18,59.855,-22.5781,-54.5089,260.945,0
2018-10-11,11,12.8333,0.0,12.6667,61,45.125,45.78,-19.5167,-47.1179,286.7,0
2018-10-11,12,13.6667,0.0,14.1667,54,42.405,29.285,-20.6647,-49.8895,255.2,0
2018-10-11,13,14.5,0.0,16.0,49,39.97,24.835,-22.1954,-53.585,223.385,0
2018-10-11,14,15.3333,0.0,17.8333,49,38.525,25.62,-23.7262,-57.2806,196.114,0
2018-10-11,15,16.0,0.0,19.3333,47,37.825,24.915,-24.8742,-60.0522,180.0,0
2018-10-11,16,16.3333,0.0,20.5,48,35.985,21.865,-19.5167,-47.1179,232.941,0
2018-10-11,17,16.3333,0.0,21.3333,51,34.525,24.635,-25.6396,-61.9,180.0,0
2018-10-11,18,16.0,0.0,21.5,66,33.805,33.1,-24.8742,-60.0522,194.541,0
2018-10-11,19,15.5,0.0,21.0,75,39.61,43.36,-23.7262,-57.2806,217.412,0
2018-10-11,20,14.8333,0.0,20.1667,78,45.115,50.1267,-22.5781,-54.5089,235.125,0
2018-10-11,21,14.0,0.0,19.1667,80,44.81,51.045,-21.4301,-51.7373,254.88,0
2018-10-11,22,13.3333,0.0,18.0,80,42.84,49.16,-24.1752,-46.3644,277.114,0
2018-10-11,23,12.6667,0.0,16.5,79,42.585,50.985,-27.303,-41.9154,297.0,0
2018-10-12,0,12.0,0.0,15.3333,81,42.67,49.705,-35.0812,-49.6936,258.514,0
2018-10-12,1,11.3333,0.0,14.3333,82,44.675,49.71,-36.7948,-43.8304,289.385,0
2018-10-12,2,10.6667,0.0,13.5,84,45.8,51.32,-38.891,-38.891,313.5,0
2018-10-12,3,10.1667,0.0,12.8333,85,46.805,51.56,-36.7697,-36.7697,348.0,0
2018-10-12,4,9.66667,0.0,12.3333,88,48.775,50.43,-43.1337,-43.1337,311.1,0
2018-10-12,5,9.33333,0.0,12.0,90,49.695,47.87,-41.0124,-41.0124,335.345,0
2018-10-12,6,9.16667,0.0,11.5,94,50.21,48.4,-39.5982,-39.5982,349.92,0
2018-10-12,7,9.0,0.0,11.3333,97,51.005,46.075,-38.891,-38.891,363.0,0
2018-10-12,8,9.0,0.0,11.3333,96,50.735,50.44,-38.1839,-38.1839,366.667,0
2018-10-12,9,9.16667,0.0,11.6667,84,52.57,52.8,-40.1349,-35.2641,366.667,0
2018-10-12,10,9.5,0.0,12.5,68,43.84,47.18,-43.0097,-32.7269,352.8,0
2018-10-12,11,10.0,0.0,13.8333,55,43.755,45.125,-46.8084,-30.5724,325.867,0
2018-10-12,12,10.8333,0.0,15.6667,46,43.18,42.405,-45.167,-22.4366,340.267,0
2018-10-12,13,11.8333,0.0,17.5,41,36.585,39.97,-24.803,-16.0726,275.6,0
2018-10-12,14,13.0,0.0,19.3333,40,36.055,38.525,7.75076,-8.80164,270.327,0
2018-10-12,15,13.6667,0.0,20.8333,39,36.235,37.825,33.9134,-4.59216,225.5,0
2018-10-12,16,13.8333,0.0,21.6667,41,37.075,35.985,59.0,0.0,221.571,0
2018-10-12,17,13.5,0.0,22.0,46,38.115,34.525,33.9134,-4.59216,245.92,0
2018-10-12,18,12.8333,0.0,21.6667,53,47.135,33.805,9.67464,-8.41896,297.6,0
2018-10-12,19,11.8333,0.0,21.0,63,65.915,39.61,0.435841,-12.2458,275.4,0
2018-10-12,20,10.6667,0.0,19.8333,70,54.375,45.115,-23.8791,-15.6899,328.714,0
2018-10-12,21,9.83333,0.0,18.5,73,53.89,44.81,-32.194,-19.134,300.0,0
2018-10-12,22,9.33333,0.0,17.1667,77,50.7,42.84,-54.5089,-22.5781,333.9,0
2018-10-12,23,9.16667,0.0,15.8333,78,48.26,42.585,-34.4224,-17.986,349.92,0
2018-10-13,0,9.0,0.0,14.8333,80,47.065,42.67,-16.1836,-14.1592,363.0,1
2018-10-13,1,9.0,0.0,13.8333,81,46.885,44.675,2.05524,-10.3324,366.667,1
2018-10-13,2,9.0,0.0,13.1667,83,45.535,45.8,19.3702,-6.88824,366.667,1
2018-10-13,3,9.0,0.0,12.6667,82,48.175,46.805,36.6851,-3.44412,366.667,1
2018-10-13,4,9.0,0.0,12.3333,84,48.39,48.775,36.6851,-3.44412,366.667,1
2018-10-13,5,8.83333,0.0,12.0,86,48.525,49.695,19.3702,-6.88824,366.667,1
2018-10-13,6,8.66667,0.0,11.5,92,49.77,50.21,2.97912,-9.94968,380.8,1
2018-10-13,7,8.5,0.0,11.3333,96,50.33,51.005,-13.4119,-13.0111,395.2,1
2018-10-13,8,8.33333,0.0,11.3333,98,59.6,50.735,-29.803,-16.0726,409.867,1
2018-10-13,9,8.33333,0.0,11.5,87,51.735,52.57,-37.194,-19.134,360.0,1
2018-10-13,10,8.33333,0.0,12.1667,69,47.525,43.84,-54.5089,-22.5781,360.0,1
2018-10-13,11,8.66667,0.0,13.5,56,43.51,43.755,-54.5089,-22.5781,360.0,1
2018-10-13,12,9.16667,0.0,15.1667,46,36.365,43.18,-48.0418,-19.8994,386.4,1
2018-10-13,13,9.83333,0.0,17.0,41,34.855,36.585,-50.8134,-21.0474,341.85,1
2018-10-13,14,10.6667,0.0,18.8333,40,32.05,36.055,-47.1179,-19.5167,340.267,1
2018-10-13,15,11.1667,0.0,20.5,37,30.09,36.235,-50.8134,-21.0474,288.0,1
2018-10-13,16,11.5,0.0,21.5,39,29.805,37.075,-53.585,-22.1954,262.08,1
2018-10-13,17,11.5,0.0,22.0,45,31.46,38.115,-52.1245,-26.1469,260.945,1
2018-10-13,18,11.3333,0.0,22.1667,59,36.12,47.135,-49.0329,-29.0085,280.8,1
2018-10-13,19,11.0,0.0,21.5,67,50.19,65.915,-45.0174,-31.4874,310.431,1
2018-10-13,20,10.5,0.0,20.5,70,57.58,54.375,-40.0781,-33.5837,336.3,1
2018-10-13,21,10.1667,0.0,19.3333,73,53.84,53.89,-36.0626,-36.0626,353.455,1
2018-10-13,22,9.83333,0.0,18.0,77,50.8,50.7,-43.1337,-43.1337,300.0,1
2018-10-13,23,9.66667,0.0,16.5,78,49.79,48.26,-41.7195,-41.7195,312.12,1
2018-10-14,0,9.5,0.0,15.0,82,51.775,47.065,-41.0124,-41.0124,324.48,1
2018-10-14,1,9.33333,0.0,14.0,84,52.655,46.885,-40.3053,-40.3053,337.08,1
2018-10-14,2,9.16667,0.0,13.0,86,53.85,45.535,-39.5982,-39.5982,349.92,1
2018-10-14,3,9.0,0.0,12.3333,86,55.485,48.175,-38.891,-38.891,363.0,1
2018-10-14,4,9.0,0.0,11.8333,88,58.025,48.39,-38.1839,-38.1839,366.667,1
2018-10-14,5,9.0,0.0,11.5,89,60.58,48.525,-38.1839,-38.1839,366.667,1
2018-10-14,6,9.0,0.0,11.1667,92,58.825,49.77,-38.1839,-38.1839,366.667,1
2018-10-14,7,9.0,0.0,11.0,95,57.88,50.33,-38.1839,-38.1839,366.667,1
2018-10-14,8,9.16667,0.0,11.1667,94,59.07,59.6,-38.1839,-38.1839,366.667,1
2018-10-14,9,9.5,0.0,11.5,81,57.77,51.735,-38.891,-38.891,352.8,1
2018-10-14,10,10.3333,0.0,12.3333,61,50.965,47.525,-40.3053,-40.3053,325.867,1
2018-10-14,11,11.6667,0.0,13.6667,47,48.105,43.51,-37.4768,-37.4768,313.6,1
2018-10-14,12,13.3333,0.0,15.5,38,38.205,36.365,-40.4548,-31.2544,264.48,1
2018-10-14,13,15.3333,0.0,17.3333,34,29.925,34.855,-50.9374,-31.4542,180.0,1
2018-10-14,14,17.1667,0.0,19.1667,32,22.76,32.05,-52.6612,-21.8128,186.353,1
2018-10-14,15,18.6667,0.0,20.6667,31,20.115,30.09,-56.3567,-23.3435,168.505,1
2018-10-14,16,19.1667,0.0,21.6667,33,19.695,29.805,-57.2806,-23.7262,171.943,1
2018-10-14,17,18.8333,0.0,22.0,37,20.89,31.46,-53.585,-22.1954,198.0,1
2018-10-14,18,18.0,0.0,21.6667,42,22.6,36.12,-48.0418,-19.8994,236.64,1
2018-10-14,19,16.6667,0.0,21.0,47,33.03,50.19,-60.9761,-25.2569,207.36,1
2018-10-14,20,15.1667,0.0,20.0,51,32.575,57.58,-54.5089,-22.5781,241.553,1
2018-10-14,21,13.8333,0.0,18.8333,55,31.13,53.84,-49.8895,-20.6647,273.28,1
2018-10-14,22,12.8333,0.0,17.6667,57,33.71,50.8,-47.1179,-19.5167,297.0,1
2018-10-14,23,12.1667,0.0,16.6667,57,34.845,49.79,-57.2806,-23.7262,258.514,1
2018-10-15,0,11.6667,0.0,15.8333,55,32.205,51.775,-54.5089,-22.5781,279.138,0
2018-10-15,1,11.3333,0.0,15.0,51,25.72,52.655,-52.6612,-21.8128,291.5,0
2018-10-15,2,11.0,0.0,14.3333,49,29.8,53.85,-51.7373,-21.4301,302.4,0
2018-10-15,3,10.6667,0.0,13.8333,48,29.9,55.485,-49.8895,-20.6647,317.127,0
2018-10-15,4,10.5,0.0,13.5,51,29.43,58.025,-48.9656,-20.282,329.018,0
2018-10-15,5,10.3333,0.0,13.0,55,32.09,60.58,-48.0418,-19.8994,341.127,0
2018-10-15,6,10.1667,0.0,12.6667,61,32.875,58.825,-47.1179,-19.5167,353.455,0
2018-10-15,7,10.0,0.0,12.3333,65,41.915,57.88,-56.3567,-23.3435,300.0,0
2018-10-15,8,10.0,0.0,12.1667,66,36.79,59.07,-55.4328,-22.9608,300.0,0
2018-10-15,9,10.1667,0.0,12.3333,61,35.805,57.77,-55.4328,-22.9608,300.0,0
2018-10-15,10,10.8333,0.0,12.8333,48,32.96,50.965,-47.1179,-19.5167,346.92,0
2018-10-15,11,11.8333,0.0,14.0,38,30.245,48.105,-50.8134,-21.0474,297.0,0
2018-10-15,12,13.0,0.0,15.3333,32,25.565,38.205,-16.3358,-13.3938,276.12,0
2018-10-15,13,14.3333,0.0,17.1667,29,21.91,29.925,9.903,-9.567,208.145,0
2018-10-15,14,15.5,0.0,19.0,29,20.535,22.76,51.0,0.0,229.125,0
2018-10-15,15,16.3333,0.0,20.3333,29,21.295,20.115,52.0,0.0,224.824,0
2018-10-15,16,16.5,0.0,21.3333,31,22.595,19.695,20.2179,-6.12288,236.733,0
2018-10-15,17,16.0,0.0,21.5,33,25.745,20.89,6.35972,-11.8631,194.133,0
2018-10-15,18,15.3333,0.0,21.3333,36,33.055,22.6,-23.6507,-16.8379,225.318,0
2018-10-15,19,14.3333,0.0,20.6667,40,36.16,33.03,-52.6612,-21.8128,252.225,0
2018-10-15,20,13.5,0.0,19.6667,41,36.335,32.575,-48.9656,-20.282,282.72,0
2018-10-15,21,12.6667,0.0,18.6667,42,43.91,31.13,-60.0522,-24.8742,240.0,0
2018-10-15,22,12.0,0.0,17.5,43,36.375,33.71,-56.3567,-23.3435,259.2,0
2018-10-15,23,11.6667,0.0,16.5,44,33.865,34.845,-54.5089,-22.5781,279.138,0
2018-10-16,0,11.1667,0.0,15.6667,47,34.175,32.205,-52.6612,-21.8128,291.5,0
2018-10-16,1,10.8333,0.0,14.8333,50,36.57,25.72,-31.5746,-17.2206,313.5,0
2018-10-16,2,10.3333,0.0,14.0,54,36.61,29.8,-10.488,-12.6284,329.018,0
2018-10-16,3,10.0,0.0,13.3333,57,36.04,29.9,8.67464,-8.41896,353.455,0
2018-10-16,4,9.66667,0.0,12.6667,61,36.21,29.43,17.6746,-8.41896,311.564,0
2018-10-16,5,9.33333,0.0,12.1667,64,37.71,32.09,36.8373,-4.20948,335.345,0
2018-10-16,6,9.16667,0.0,11.5,67,36.83,32.875,38.6851,-3.44412,349.92,0
2018-10-16,7,9.0,0.0,10.8333,71,42.44,41.915,20.3702,-6.88824,363.0,0
2018-10-16,8,9.0,0.0,10.5,71,41.275,36.79,2.05524,-10.3324,366.667,0
2018-10-16,9,9.0,0.0,10.5,63,39.795,35.805,-15.2597,-13.7765,366.667,0
2018-10-16,10,9.16667,0.0,11.1667,53,42.21,32.96,-32.5746,-17.2206,366.667,0
2018-10-16,11,9.5,0.0,12.1667,41,34.78,30.245,-50.8134,-21.0474,352.8,0
2018-10-16,12,10.0,0.0,13.6667,35,31.8667,25.565,-52.6612,-21.8128,325.867,0
2018-10-16,13,10.5,0.0,15.5,32,28.4,21.91,-47.1179,-19.5167,340.267,0
2018-10-16,14,11.0,0.0,17.3333,32,29.7333,20.535,-49.8895,-20.6647,300.667,0
2018-10-16,15,11.5,0.0,19.0,33,29.235,21.295,-52.6612,-21.8128,273.48,0
2018-10-16,16,11.6667,0.0,20.0,34,30.44,22.595,-54.5089,-22.5781,260.945,0
2018-10-16,17,11.5,0.0,20.5,41,34.925,25.745,-54.5089,-22.5781,270.3,0
2018-10-16,18,11.1667,0.0,20.3333,46,47.605,33.055,-52.6612,-21.8128,291.5,0
2018-10-16,19,10.6667,0.0,19.6667,51,54.39,36.16,-50.8134,-21.0474,313.5,0
2018-10-16,20,10.1667,0.0,18.8333,54,58.455,36.335,-48.0418,-19.8994,348.0,0
2018-10-16,21,9.66667,0.0,17.6667,56,52.78,43.91,-56.3567,-23.3435,311.1,0
2018-10-16,22,9.33333,0.0,16.5,59,45.82,36.375,-53.585,-22.1954,335.345,0
2018-10-16,23,9.0,0.0,15.3333,62,41.655,33.865,-51.7373,-21.4301,349.92,0
2018-10-17,0,8.66667,0.0,14.3333,66,41.07,34.175,-34.4985,-17.6033,376.32,0
2018-10-17,1,8.33333,0.0,13.5,69,40.705,36.57,-17.2597,-13.7765,395.2,0
2018-10-17,2,8.0,0.0,12.6667,72,40.425,36.61,-10.2597,-13.7765,360.0,0
2018-10-17,3,7.66667,0.0,12.0,70,38.27,36.04,-8.41192,-13.0111,388.267,0
2018-10-17,4,7.33333,0.0,11.5,70,37.615,36.21,-6.56416,-12.2458,417.6,0
2018-10-17,5,7.16667,0.0,11.0,71,39.655,37.71,-4.7164,-11.4804,448.0,0
2018-10-17,6,7.0,0.0,10.6667,73,42.56,36.83,-2.86864,-10.715,470.25,0
2018-10-17,7,7.0,0.0,10.3333,77,47.87,42.44,-9.3358,-13.3938,420.0,0
2018-10-17,8,6.83333,0.0,10.1667,79,50.795,41.275,-23.803,-16.0726,436.05,0
2018-10-17,9,6.83333,0.0,10.3333,75,49.8767,39.795,-37.3462,-18.3686,454.629,0
2018-10-17,10,7.0,0.0,10.6667,60,51.855,42.21,-50.8134,-21.0474,454.629,0
2018-10-17,11,7.33333,0.0,11.6667,51,45.885,34.78,-51.7373,-21.4301,437.143,0
2018-10-17,12,7.66667,0.0,13.0,44,38.6367,31.8667,-47.1179,-19.5167,460.8,0
2018-10-17,13,8.0,0.0,14.6667,40,36.215,28.4,-48.9656,-20.282,425.829,0
2018-10-17,14,8.66667,0.0,16.3333,38,38.305,29.7333,-50.8134,-21.0474,392.229,0
2018-10-17,15,9.0,0.0,17.8333,36,33.95,29.235,-48.0418,-19.8994,377.143,0
2018-10-17,16,9.0,0.0,19.0,37,32.64,30.44,-49.8895,-20.6647,356.4,0
2018-10-17,17,8.83333,0.0,19.5,43,36.185,34.925,-49.8895,-20.6647,366.667,0
2018-10-17,18,8.66667,0.0,19.3333,49,40.435,47.605,-48.9656,-20.282,380.8,0
2018-10-17,19,8.5,0.0,18.8333,54,48.465,54.39,-46.3076,-22.4948,395.2,0
2018-10-17,20,8.16667,0.0,18.0,58,54.23,58.455,-43.6496,-24.7076,417.72,0
2018-10-17,21,8.0,0.0,16.8333,63,56.05,52.78,-49.3064,-30.3644,373.32,0
2018-10-17,22,8.0,0.0,15.6667,69,54.715,45.82,-45.7245,-32.1945,388.267,0
2018-10-17,23,8.0,0.0,14.5,72,55.765,41.655,-43.0665,-34.4073,390.0,0
2018-10-18,0,8.16667,0.0,13.6667,76,57.54,41.07,-41.3323,-37.0027,390.0,0
2018-10-18,1,8.33333,0.0,12.8333,79,60.1,40.705,-40.3053,-40.3053,374.85,0
2018-10-18,2,8.5,0.0,12.1667,82,60.955,40.425,-42.9633,-38.0925,360.0,0
2018-10-18,3,8.5,0.0,11.5,85,63.305,38.27,-39.9645,-30.2229,401.85,0
2018-10-18,4,8.33333,0.0,11.0,86,63.45,37.615,-41.6986,-27.6274,401.85,0
2018-10-18,5,8.0,0.0,10.5,86,64.435,39.655,-34.6986,-27.6274,360.0,0
2018-10-18,6,7.5,0.0,9.83333,92,68.875,42.56,-23.0417,-21.9706,390.0,0
2018-10-18,9,6.16667,0.0,9.5,91,75.61,49.8767,-27.6507,-3.06144,450.667,0
2018-10-18,10,6.16667,0.0,10.0,72,65.75,51.855,-24.8791,2.67876,498.667,0
2018-10-18,11,6.33333,0.0,11.0,60,62.71,45.885,-21.5139,11.0726,520.8,0
2018-10-18,12,6.5,0.0,12.5,51,58.9575,38.6367,-19.0727,19.0839,528.0,0
2018-10-18,13,6.66667,0.0,14.0,46,54.73,36.215,-28.7514,25.551,517.0,0
2018-10-18,14,6.83333,0.0,15.6667,45,51.93,38.305,-34.7514,32.551,496.8,0
2018-10-18,15,7.0,0.0,17.1667,42,54.285,33.95,-29.2081,37.2549,477.0,0
2018-10-18,16,7.16667,0.0,18.1667,42,52.81,32.64,-18.7151,41.426,457.6,0
2018-10-18,18,7.5,0.0,18.5,57,60.6767,40.435,8.635,43.1978,460.8,0
2018-10-18,19,7.5,0.0,17.8333,67,76.89,48.465,20.9758,41.3095,443.143,0
2018-10-18,20,7.5,0.0,16.6667,77,81.215,54.23,30.1217,37.5211,443.143,0
2018-10-18,21,7.5,0.0,15.3333,82,78.28,56.05,36.5889,33.1999,443.143,0
2018-10-18,22,7.33333,0.0,14.0,84,80.64,54.715,43.056,28.8786,443.143,0
2018-10-18,23,7.16667,0.0,12.6667,85,77.6,55.765,44.5734,25.0902,453.6,0
2018-10-19,0,7.0,0.0,11.6667,87,75.89,57.54,45.3837,22.1121,470.25,0
2018-10-19,1,7.0,0.0,10.8333,90,75.14,60.1,51.8509,24.7909,420.0,0
2018-10-19,2,7.16667,0.0,10.1667,93,74.37,60.955,52.6612,21.8128,436.05,0
2018-10-19,3,7.33333,0.0,9.66667,94,73.85,63.305,52.6612,21.8128,420.0,0
2018-10-19,9,7.66667,0.0,9.0,97,55.155,75.61,49.8895,20.6647,421.2,0
2018-10-19,10,7.5,0.0,9.5,86,52.48,65.75,49.8895,20.6647,421.2,0
2018-10-19,11,7.33333,0.0,10.3333,80,52.55,62.71,48.9656,20.282,437.25,0
2018-10-19,12,7.33333,0.0,11.1667,73,53.915,58.9575,48.0418,19.8994,453.6,0
2018-10-19,13,7.66667,0.0,12.1667,68,55.3,54.73,48.0418,19.8994,453.6,0
2018-10-19,14,8.0,0.0,13.1667,66,50.67,51.93,48.9656,20.282,425.829,0
2018-10-19,15,8.16667,0.0,14.1667,64,51.0567,54.285,50.8134,21.0474,392.229,0
2018-10-19,16,8.5,0.0,14.6667,64,62.935,52.81,52.6612,21.8128,374.85,0
2018-10-19,18,8.33333,0.0,15.0,79,65.5667,60.6767,47.1179,19.5167,401.85,0
2018-10-19,19,8.0,0.0,14.6667,84,80.54,76.89,53.585,22.1954,360.0,0
2018-10-19,20,7.5,0.0,14.1667,88,69.95,81.215,52.6612,21.8128,388.267,0
2018-10-19,21,7.0,0.0,13.5,90,66.065,78.28,48.5889,22.6113,432.667,0
2018-10-19,22,6.66667,0.0,12.8333,89,61.495,80.64,44.5166,23.4098,479.467,0
2018-10-19,23,6.66667,0.0,12.1667,89,56.875,77.6,49.4664,28.3596,435.2,0
2018-10-20,0,6.5,0.0,11.6667,90,56.68,75.89,47.6186,27.5942,466.4,1
2018-10-20,1,6.33333,0.0,11.3333,89,50.02,75.14,43.5464,28.3928,490.629,1
2018-10-20,2,6.16667,0.0,11.0,89,40.58,74.37,41.3219,29.9567,509.143,1
2018-10-20,3,6.33333,0.0,10.6667,87,32.4,73.85,44.8574,33.4922,480.0,1
2018-10-20,8,9.33333,0.0,9.33333,80,38.965,52.53,36.0626,46.034,375.84,1
2018-10-20,9,10.0,0.0,9.16667,69,32.765,55.155,39.5982,51.7373,314.743,1
2018-10-20,10,10.5,0.0,9.16667,73,29.655,52.48,36.0626,47.1179,346.92,1
2018-10-20,11,11.1667,0.0,9.33333,65,24.645,52.55,37.4768,46.3644,321.48,1
2018-10-20,12,12.0,0.51,9.83333,57,16.605,53.915,40.3053,47.0251,273.48,1
2018-10-20,13,13.0,0.51,10.3333,50,13.785,55.3,36.7697,39.1542,270.327,1
2018-10-20,14,14.0,0.51,11.0,46,11.965,50.67,40.3053,40.3053,225.5,1
2018-10-20,15,14.8333,0.51,11.5,45,23.955,51.0567,43.1337,43.1337,204.429,1
2018-10-20,16,15.3333,0.51,11.6667,48,15.365,62.935,44.5479,44.5479,195.52,1
2018-10-20,17,15.3333,0.51,11.5,47,48.91,65.245,44.5479,44.5479,202.725,1
2018-10-20,18,15.1667,0.0,11.1667,48,43.1,65.5667,43.1337,43.1337,218.625,1
2018-10-20,19,14.6667,0.0,10.6667,49,67.98,80.54,41.7195,41.7195,235.125,1
2018-10-20,20,14.1667,0.0,10.1667,51,43.01,69.95,39.5982,39.5982,254.88,1
2018-10-20,21,13.5,0.0,9.5,55,29.755,66.065,41.0019,33.9664,267.429,1
2018-10-20,22,12.8333,0.0,9.0,59,32.75,61.495,42.189,28.659,286.971,1
2018-10-20,23,12.1667,0.0,8.66667,63,30.835,56.875,52.3517,32.8685,249.171,1
2018-10-21,0,11.3333,0.0,8.16667,67,29.13,56.68,49.5232,30.04,279.138,1
2018-10-21,1,10.6667,0.0,7.83333,71,26.52,50.02,46.6948,27.2116,321.231,1
2018-10-21,2,9.83333,0.0,7.5,74,23.345,40.58,41.0483,28.6007,359.9,1
2018-10-21,3,9.0,0.0,7.16667,74,23.265,32.4,46.7052,34.2576,333.9,1
2018-10-21,4,8.33333,0.0,6.83333,76,23.8,28.015,40.5684,34.6152,385.527,1
2018-10-21,5,7.66667,0.0,6.33333,77,22.075,35.06,47.0356,37.294,360.0,1
2018-10-21,6,7.16667,0.0,6.0,79,26.31,34.085,42.4162,35.3806,414.72,1
2018-10-21,7,6.5,0.0,5.33333,93,27.555,35.84,40.8883,30.6055,463.6,1
2018-10-21,8,6.0,0.0,5.0,93,30.435,38.965,45.5077,32.519,450.667,1
2018-10-21,9,5.66667,0.0,5.0,88,32.355,32.765,42.6793,29.6905,515.2,1
2018-10-21,10,5.33333,0.0,5.33333,87,35.955,29.655,46.2149,33.2261,496.4,1
2018-10-21,11,5.33333,0.0,6.0,81,37.88,24.645,43.3864,31.4815,550.8,1
2018-10-21,12,5.33333,0.0,7.0,73,33.715,16.605,41.9722,31.3679,575.143,1
2018-10-21,13,5.5,0.0,8.5,66,25.18,13.785,37.0224,32.4181,595.2,1
2018-10-21,14,5.66667,0.0,9.66667,61,32.3033,11.965,34.7263,37.9614,540.0,1
2018-10-21,15,6.0,0.0,10.8333,58,31.88,23.955,25.9631,40.8259,540.0,1
2018-10-21,16,6.33333,0.0,11.6667,57,32.935,15.365,12.1978,42.7009,570.24,1
2018-10-21,17,6.5,0.0,12.0,58,33.59,48.91,7.57839,47.7875,524.16,1
2018-10-21,18,6.66667,0.0,11.6667,71,39.465,43.1,4.04284,51.2519,480.0,1
2018-10-21,19,6.66667,0.0,11.0,81,60.505,67.98,-3.02826,50.097,496.8,1
2018-10-21,20,6.66667,0.0,10.1667,90,80.675,43.01,-9.567,50.097,496.8,1
2018-10-21,21,6.66667,0.0,9.0,93,94.99,29.755,-13.8097,48.3397,496.8,1
2018-10-21,22,6.66667,0.0,7.83333,91,83.195,32.75,-16.4634,47.7462,477.0,1
2018-10-21,23,6.66667,0.0,6.83333,89,62.52,30.835,-19.117,47.1526,472.457,1
2018-10-22,0,6.66667,0.0,6.16667,90,54.075,29.13,-22.9054,43.3642,472.457,0
2018-10-22,1,7.0,0.0,5.66667,91,48.425,26.52,-27.8552,41.314,472.457,0
2018-10-22,2,7.33333,0.0,5.33333,92,47.36,23.345,-33.5121,39.9709,454.629,0
2018-10-22,3,7.5,0.0,5.0,97,46.55,23.265,-39.169,38.6278,420.0,0
2018-10-22,4,7.66667,0.0,4.66667,99,42.865,23.8,-38.2871,34.4987,443.143,0
2018-10-22,5,7.83333,0.0,4.33333,100,47.71,22.075,-38.9942,35.2058,425.829,0
2018-10-22,6,8.0,0.0,4.0,100,56.385,26.31,-39.7013,35.9129,408.857,0
2018-10-22,7,8.0,0.0,3.83333,100,59.07,27.555,-38.891,38.891,392.229,0
2018-10-22,8,8.0,0.0,3.66667,100,63.48,30.435,-39.5982,39.5982,390.0,0
2018-10-22,9,8.16667,0.0,3.83333,96,61.48,32.355,-39.5982,39.5982,390.0,0
2018-10-22,10,8.5,0.0,4.33333,76,50.86,35.955,-40.3053,40.3053,374.85,0
2018-10-22,11,9.0,0.0,5.33333,64,45.93,37.88,-36.0626,36.0626,401.85,0
2018-10-22,12,9.83333,0.0,6.66667,54,45.925,33.715,-34.6152,40.5684,356.4,0
2018-10-22,13,10.8333,0.0,8.0,50,48.585,25.18,-28.2763,41.2651,333.45,0
2018-10-22,14,12.1667,1.02,9.5,52,48.13,32.3033,-27.9769,48.5425,263.467,0
2018-10-22,15,13.5,1.02,10.8333,59,46.7,31.88,-14.5418,51.1074,248.727,0
2018-10-22,16,14.6667,1.02,11.6667,66,50.6,32.935,-10.3324,57.9448,205.477,0
2018-10-22,17,15.6667,2.04,12.0,75,66.74,33.59,6.66335,61.6403,180.0,0
2018-10-22,18,16.3333,2.04,12.0,87,59.565,39.465,24.0417,48.4119,232.941,0
2018-10-22,19,16.5,2.04,11.6667,89,39.885,60.505,36.0626,43.4328,232.941,0
2018-10-22,20,16.1667,1.02,11.1667,87,34.895,80.675,49.9208,49.173,187.2,0
2018-10-22,21,15.5,1.02,10.5,85,32.9,94.99,50.8343,38.8246,209.647,0
2018-10-22,22,14.6667,1.02,9.66667,81,30.155,83.195,48.0058,32.311,241.553,0
2018-10-22,23,13.6667,0.0,8.83333,78,29.965,62.52,44.4703,28.7755,273.28,0
2018-10-23,0,12.6667,0.0,8.0,76,25.11,54.075,52.2485,38.9381,240.0,0
2018-10-23,1,12.0,0.0,7.16667,76,23.37,48.425,46.1685,43.3606,268.029,0
2018-10-23,2,11.5,0.0,6.33333,77,25.89,47.36,41.0124,48.1658,289.385,0
2018-10-23,3,11.1667,0.0,5.5,77,21.365,46.55,31.82,49.9734,302.4,0
2018-10-23,4,11.1667,0.0,5.0,76,22.72,42.865,23.3346,52.488,305.455,0
2018-10-23,5,11.5,0.0,4.66667,73,21.21,47.71,15.5564,54.3254,294.0,0
2018-10-23,6,12.0,0.0,4.16667,71,26.505,56.385,7.77821,57.1627,271.745,0
2018-10-23,7,13.0,0.0,4.0,65,23.595,59.07,-5.35752,59.9343,240.0,0
2018-10-23,8,14.5,0.97,3.83333,62,23.0,63.48,-11.8631,53.6403,235.2,0
2018-10-23,9,16.5,1.94,4.0,63,28.855,61.48,-11.8631,48.6403,221.4,0
2018-10-23,10,18.6667,2.8,4.33333,68,23.93,50.86,-6.50556,58.706,164.965,0
2018-10-23,11,21.5,3.66,4.66667,67,18.09,45.93,-9.567,66.097,131.04,0
2018-10-23,12,24.8333,4.52,5.33333,69,22.685,45.925,-21.0474,50.8134,151.2,0
2018-10-23,13,27.6667,4.52,5.83333,73,28.235,48.585,-24.4915,59.1283,121.44,0
2018-10-23,14,30.0,4.39,6.33333,75,31.11,48.13,-26.0222,62.8238,116.471,0
2018-10-23,15,33.8333,4.26,6.66667,74,32.83,46.7,-26.0222,62.8238,116.471,0
2018-10-23,16,38.8333,3.4,7.0,71,33.995,50.6,-30.6144,73.9104,72.4235,0
2018-10-23,17,43.0,3.38,7.33333,72,30.505,66.74,-21.0474,50.8134,109.091,0
2018-10-23,18,45.8333,3.36,7.5,73,34.125,59.565,-21.0474,50.8134,109.091,0
2018-10-23,19,47.8333,3.36,7.66667,73,27.765,39.885,-19.5167,47.1179,117.647,0
2018-10-23,20,50.0,3.26,7.83333,73,19.75,34.895,-37.12,89.6164,69.8824,0
2018-10-23,21,49.3333,2.42,8.0,73,13.225,32.9,-35.5892,85.9208,67.7478,0
2018-10-23,22,46.3333,2.42,8.0,73,6.575,30.155,-34.0585,82.2253,81.4468,0
2018-10-23,23,43.8333,1.58,8.16667,68,4.885,29.965,-16.0726,75.803,99.0,0
2018-10-24,0,42.5,1.48,8.33333,76,2.7,25.11,0.0,77.0,91.4595,0
2018-10-24,1,41.6667,2.01,8.5,73,2.4,23.37,0.0,83.0,80.37,0
2018-10-24,2,42.6667,1.27,8.5,72,2.925,25.89,28.9915,80.8791,85.6186,0
2018-10-24,3,43.8333,1.8,8.5,69,1.45,21.365,37.4768,48.9656,113.208,0
2018-10-24,4,46.1667,1.8,8.33333,67,1.385,22.72,72.1252,94.2358,62.3547,0
2018-10-24,5,47.8333,1.8,7.83333,64,1.21,21.21,36.0626,47.1179,117.647,0
2018-10-24,6,48.8333,1.06,7.33333,63,1.175,26.505,71.4181,93.3119,60.0,0
2018-10-24,7,49.8333,1.04,6.66667,61,1.445,23.595,70.0039,80.8424,62.424,0
2018-10-24,8,48.3333,1.04,6.16667,60,2.86,23.0,67.8826,67.8826,67.4939,0
2018-10-24,9,47.1667,0.51,5.83333,58,5.05,28.855,64.347,64.347,75.7787,0
2018-10-24,10,45.3333,0.51,5.83333,53,4.385,23.93,60.8115,60.8115,82.2545,0
2018-10-24,11,44.5,0.51,6.16667,45,1.825,18.09,57.983,57.983,89.1429,0
2018-10-24,12,44.3333,0.51,6.5,38,1.575,22.685,60.1043,60.1043,74.25,0
2018-10-24,13,44.6667,0.0,7.16667,35,2.965,28.235,65.7612,65.7612,65.1733,0
2018-10-24,14,46.1667,0.0,7.83333,35,5.665,31.11,68.5897,68.5897,62.475,0
2018-10-24,15,47.8333,0.0,8.33333,34,11.2,32.83,37.4768,37.4768,113.208,0
2018-10-24,16,47.8333,0.0,8.5,36,11.725,33.995,36.7697,36.7697,115.385,0
2018-10-24,17,45.6667,0.0,8.5,35,9.075,30.505,65.0541,65.0541,85.8462,0
2018-10-24,18,42.1667,0.0,8.33333,45,26.345,34.125,50.9119,50.9119,118.32,0
2018-10-24,19,37.8333,0.0,8.0,51,21.955,27.765,41.7195,41.7195,150.562,0
2018-10-24,20,32.3333,0.0,7.5,56,18.2933,19.75,57.983,57.983,120.0,0
2018-10-24,21,26.5,0.0,6.83333,59,16.2633,13.225,49.4977,49.4977,154.533,0
2018-10-24,22,22.6667,0.0,6.16667,62,15.4367,6.575,42.4266,42.4266,193.93,0
2018-10-24,23,20.1667,0.0,5.5,63,11.4633,4.885,38.1839,41.869,221.76,0
2018-10-25,0,18.5,0.0,5.0,65,12.05,2.7,36.0626,43.4328,232.941,0
2018-10-25,1,17.3333,0.0,4.33333,67,11.6833,2.4,36.0626,47.1179,232.941,0
2018-10-25,2,16.5,0.0,3.83333,69,11.16,2.925,36.0626,63.1179,180.0,0
2018-10-25,3,16.1667,1.12,3.5,68,10.4933,1.45,24.0417,62.4119,194.541,0
2018-10-25,4,15.8333,1.12,3.5,70,15.3733,1.385,12.0209,61.706,209.647,0
2018-10-25,5,15.6667,2.24,3.66667,73,11.76,1.21,0.0,61.0,218.625,0
2018-10-25,6,15.6667,2.24,3.83333,78,14.3967,1.175,-6.12288,59.7821,211.68,0
2018-10-25,7,16.1667,2.24,4.33333,87,12.8333,1.445,-12.6284,60.488,195.52,0
2018-10-25,8,17.1667,2.24,4.83333,93,16.12,2.86,-19.8994,48.0418,220.8,0
2018-10-25,9,18.6667,1.63,5.83333,86,17.88,5.05,-21.8128,52.6612,186.353,0
2018-10-25,10,20.3333,2.16,6.66667,83,16.49,4.385,-15.3072,60.9552,149.368,0
2018-10-25,11,22.1667,1.04,7.5,83,15.4567,1.825,-8.03628,68.4015,125.314,0
2018-10-25,12,24.1667,1.04,8.5,82,12.65,1.575,19.092,49.9448,168.192,0
2018-10-25,13,26.0,2.03,9.33333,80,15.5733,2.965,39.5982,51.7373,151.467,0
2018-10-25,14,27.5,2.03,10.3333,77,14.3067,5.665,20.5062,56.7925,141.931,0
2018-10-25,15,28.5,1.52,10.8333,73,16.55,11.2,0.0,60.0,140.0,0
2018-10-25,16,29.1667,0.99,11.1667,65,14.3133,11.725,21.2133,57.7164,140.0,0
2018-10-25,17,29.5,0.99,11.3333,69,10.9767,9.075,41.7195,54.5089,144.84,0
2018-10-25,18,29.0,1.98,11.1667,65,20.92,26.345,41.0124,53.585,146.897,0
2018-10-25,19,28.0,1.47,11.0,63,13.69,21.955,38.891,50.8134,162.29,0
2018-10-25,20,26.6667,1.95,10.5,61,12.24,18.2933,55.8617,72.9865,120.0,0
2018-10-25,21,25.1667,1.95,10.0,62,6.24333,16.2633,50.9119,66.5194,139.569,0
2018-10-25,22,23.8333,1.95,9.5,64,4.74333,15.4367,47.3764,61.9,156.75,0
2018-10-25,23,22.3333,1.95,9.0,65,5.44,11.4633,45.255,59.1283,164.509,0
