data,timeofday,windspeed6,opady6,temp6,rhumid,index_avg,prev_index_avg,wind_dir_ns,wind_dir_ew,dispel50,is_weekend
2017-11-01,0,10.1667,0.0,4.0,76,20.0,14.975,-2.82033,56.488,300.0,1
2017-11-01,1,10.6667,0.0,4.0,77,42.1779,25.622,-16.9625,47.9513,305.25,1
2017-11-01,2,11.3333,0.0,4.0,78,38.4,21.0762,-21.172,50.114,285.12,1
2017-11-01,3,11.8333,0.0,4.0,78,37.5486,21.1982,-25.7642,51.2006,280.8,1
2017-11-01,4,12.0,0.0,4.0,78,35.8825,21.0775,-26.1469,52.1245,270.3,1
2017-11-01,5,12.1667,0.0,4.0,78,35.2339,28.2927,-26.5295,53.0483,250.364,1
2017-11-01,6,12.6667,0.0,4.0,80,37.5443,40.0758,-23.7343,44.2999,286.7,1
2017-11-01,7,13.1667,0.48,3.83333,82,35.6989,45.9754,-29.0416,43.1129,271.385,1
2017-11-01,8,13.6667,0.48,3.83333,77,37.2961,41.52,-33.9664,41.0019,261.415,1
2017-11-01,9,13.8333,0.48,4.0,78,35.5854,34.7367,-39.5982,39.5982,242.031,1
2017-11-01,10,14.8333,0.96,4.33333,69,34.3812,23.7738,-40.3053,40.3053,239.4,1
2017-11-01,11,16.0,0.96,4.83333,64,30.5978,19.4204,-43.8408,43.8408,196.114,1
2017-11-01,12,17.3333,1.44,5.33333,61,33.2173,18.5389,-37.4768,37.4768,203.914,1
2017-11-01,13,18.6667,0.96,6.16667,60,31.4,21.4664,-43.1337,43.1337,168.505,1
2017-11-01,14,19.5,0.96,6.83333,63,33.6638,34.4787,-45.255,45.255,154.56,1
2017-11-01,15,20.1667,1.7,7.16667,68,35.8492,37.7411,-45.255,45.255,164.509,1
2017-11-01,16,20.1667,1.22,7.33333,74,35.8796,49.7336,-42.4266,42.4266,189.382,1
2017-11-01,17,19.8333,1.96,7.33333,76,38.3042,60.9579,-40.3053,40.3053,200.34,1
2017-11-01,18,19.0,1.48,7.33333,77,39.1277,65.5908,-38.891,38.891,205.8,1
2017-11-01,19,18.5,1.48,7.0,78,42.4758,61.5546,-38.1839,38.1839,217.579,1
2017-11-01,20,18.1667,1.48,6.83333,77,43.9569,59.055,-38.1839,38.1839,213.333,1
2017-11-01,21,18.0,0.74,6.83333,78,41.5915,55.9014,-38.1839,38.1839,209.012,1
2017-11-02,1,15.8333,0.0,7.0,80,35.4031,42.1779,-43.1337,43.1337,225.318,0
2017-11-02,2,15.6667,0.0,7.0,82,34.5073,38.4,-42.4266,42.4266,220.0,0
2017-11-02,3,15.5,0.0,7.0,84,32.73,37.5486,-43.8408,43.8408,196.114,0
2017-11-02,4,15.3333,0.0,7.0,85,29.33,35.8825,-45.255,45.255,187.68,0
2017-11-02,5,15.1667,0.0,7.0,84,29.8485,35.2339,-44.5479,44.5479,202.725,0
2017-11-02,6,15.3333,0.0,7.0,83,30.4768,37.5443,-42.4266,42.4266,233.365,0
2017-11-02,7,15.1667,0.0,7.0,82,31.5817,35.6989,-41.7195,41.7195,235.125,0
2017-11-02,8,15.1667,0.0,7.0,78,32.125,37.2961,-44.2639,36.1459,230.4,0
2017-11-02,9,15.5,0.0,7.16667,70,31.6221,35.5854,-46.3853,38.2673,196.8,0
2017-11-02,10,16.5,0.0,7.5,64,29.7243,34.3812,-49.9208,41.8028,180.0,0
2017-11-02,11,17.6667,0.0,7.83333,62,30.0019,30.5978,-38.891,38.891,201.318,0
2017-11-02,12,18.1667,0.33,8.33333,61,34.7261,33.2173,-41.0124,41.0124,184.0,0
2017-11-02,13,19.0,0.33,8.83333,62,44.0274,31.4,-41.7195,41.7195,186.66,0
2017-11-02,14,19.3333,0.33,9.33333,65,47.5487,33.6638,-46.0549,35.2309,186.66,0
2017-11-02,15,19.5,0.33,9.66667,67,49.76,35.8492,-49.4664,28.3596,188.779,0
2017-11-02,16,19.1667,0.33,9.83333,73,46.2004,35.8796,-53.585,22.1954,193.44,0
2017-11-02,17,18.6667,0.33,10.0,74,48.3025,38.3042,-51.7373,21.4301,202.926,0
2017-11-02,18,18.1667,0.91,9.83333,75,56.8988,39.1277,-49.8895,20.6647,217.579,0
2017-11-02,19,16.8333,0.91,9.66667,77,68.8735,42.4758,-47.1179,19.5167,236.733,0
2017-11-02,20,15.6667,1.32,9.5,78,70.4969,43.9569,-55.6032,28.002,216.333,0
2017-11-02,21,13.6667,1.32,9.16667,79,62.3687,41.5915,-43.5655,32.2003,258.353,0
2017-11-03,1,10.0,0.82,7.83333,78,48.57,35.4031,7.57839,47.9552,359.9,0
2017-11-03,2,9.16667,0.41,7.5,82,46.5896,34.5073,13.9424,56.2701,322.4,0
2017-11-03,3,9.33333,1.15,7.16667,82,44.6104,32.73,23.4843,51.6507,329.829,0
2017-11-03,4,8.83333,1.15,6.83333,84,43.1886,29.33,31.82,52.5746,360.0,0
2017-11-03,5,8.5,1.48,6.5,82,42.1352,29.8485,31.82,49.5746,398.618,0
2017-11-03,6,8.16667,1.48,6.33333,80,45.4346,30.4768,24.0417,48.4119,417.72,0
2017-11-03,7,8.0,1.48,6.16667,79,49.8836,31.5817,24.0417,56.4119,373.32,0
2017-11-03,8,8.16667,1.48,6.16667,77,48.5918,32.125,16.9706,55.1731,388.267,0
2017-11-03,9,8.16667,0.74,6.33333,80,37.4747,31.6221,10.6066,54.8582,375.943,0
2017-11-03,10,8.33333,0.74,6.66667,78,40.6904,29.7243,11.3138,55.7821,374.85,0
2017-11-03,11,8.33333,0.0,7.0,76,38.9643,30.0019,12.0209,56.706,360.0,0
2017-11-03,12,8.16667,0.0,7.5,75,36.6296,34.7261,18.3849,57.0209,360.0,0
2017-11-03,13,8.16667,0.0,8.0,75,35.28,44.0274,23.3346,54.488,374.85,0
2017-11-03,14,8.0,0.0,8.33333,75,34.7033,47.5487,28.9915,53.8791,374.85,0
2017-11-03,15,7.66667,0.0,8.66667,75,41.235,49.76,33.9413,52.3462,390.0,0
2017-11-03,16,6.66667,0.0,8.66667,78,56.3507,46.2004,38.1839,48.5889,421.2,0
2017-11-03,17,5.83333,0.0,8.66667,79,63.1927,48.3025,40.3053,50.7102,436.05,0
2017-11-03,18,5.83333,0.0,8.33333,81,74.2462,56.8988,34.6484,47.3192,515.2,0
2017-11-03,19,6.0,0.0,8.0,84,78.7765,68.8735,28.2844,46.0043,549.067,0
2017-11-03,20,6.16667,0.0,7.66667,84,80.9029,70.4969,18.4763,46.0043,528.0,0
2017-11-03,21,6.16667,0.0,7.16667,86,81.84,62.3687,10.4651,46.9282,520.8,0
2017-11-03,23,6.83333,0.0,6.33333,90,56.945,31.31,1.27265,49.0727,517.029,0
2017-11-04,0,6.83333,0.0,5.83333,89,47.94,28.505,-9.2204,44.9016,520.0,1
2017-11-04,1,6.33333,0.0,5.16667,88,79.0639,48.57,-22.0515,41.2164,468.0,1
2017-11-04,2,6.0,0.0,4.33333,91,77.8157,46.5896,-27.5948,34.9203,472.457,1
2017-11-04,3,6.33333,0.0,3.5,93,74.6468,44.6104,-33.1381,25.6242,515.2,1
2017-11-04,4,6.83333,0.0,2.83333,93,68.4189,43.1886,-37.085,14.2478,520.8,1
2017-11-04,5,7.5,0.0,2.5,99,67.2921,42.1352,-41.4146,3.79535,496.8,1
2017-11-04,6,7.83333,0.0,2.33333,100,71.8568,45.4346,-47.1179,-9.567,451.0,1
2017-11-04,7,8.33333,0.0,2.33333,100,76.3293,49.8836,-49.8895,-15.3072,408.857,1
2017-11-04,8,9.0,0.0,2.66667,100,70.8064,48.5918,-51.7373,-21.4301,360.0,1
2017-11-04,9,9.5,0.0,3.5,84,53.3987,37.4747,-49.8895,-20.6647,356.4,1
2017-11-04,10,10.3333,0.0,4.66667,72,24.4363,40.6904,-31.4985,-17.6033,313.65,1
2017-11-04,11,11.0,0.0,5.83333,63,19.1587,38.9643,-26.8791,-15.6899,326.8,1
2017-11-04,12,12.0,0.0,7.16667,58,18.9219,36.6296,-31.4985,-17.6033,263.467,1
2017-11-04,13,13.5,0.0,8.66667,58,20.5363,35.28,-27.803,-16.0726,259.418,1
2017-11-04,14,14.5,0.0,10.0,57,21.9036,34.7033,-55.4328,-22.9608,205.477,1
2017-11-04,15,15.1667,0.0,10.8333,61,27.7856,41.235,-58.2044,-24.1088,187.971,1
2017-11-04,16,15.5,0.0,10.8333,64,40.5236,56.3507,-30.2701,-18.7513,187.68,1
2017-11-04,17,15.5,0.0,10.5,66,50.561,63.1927,-1.41192,-13.0111,208.8,1
2017-11-04,18,15.5,0.0,10.0,67,63.9954,74.2462,2.2836,-0.76536,226.8,1
2017-11-04,19,15.0,0.0,9.16667,66,74.2296,78.7765,3.20748,11.0977,228.48,1
2017-11-04,20,14.8333,0.0,8.33333,67,71.975,80.9029,3.20748,11.0977,228.48,1
2017-11-04,21,15.1667,0.0,7.66667,68,67.9026,81.84,3.20748,11.0977,221.571,1
2017-11-04,23,15.5,0.0,7.16667,67,31.27,56.945,63.0,0.0,195.52,1
2017-11-05,0,15.6667,0.0,7.0,67,27.455,47.94,63.0,0.0,195.52,1
2017-11-05,1,16.0,0.0,7.0,67,39.7511,79.0639,64.0,0.0,202.024,1
2017-11-05,2,16.0,0.0,7.0,66,39.6825,77.8157,64.0,0.0,195.0,1
2017-11-05,3,15.5,0.0,6.83333,64,39.3993,74.6468,63.0,0.0,195.52,1
2017-11-05,4,15.0,0.0,6.66667,62,41.2993,68.4189,62.0,0.0,210.6,1
2017-11-05,5,14.6667,0.0,6.5,62,42.63,67.2921,59.0,0.0,241.553,1
2017-11-05,6,14.1667,0.0,6.16667,63,46.9648,71.8568,55.0,0.0,264.0,1
2017-11-05,7,13.6667,0.0,6.0,67,46.4539,76.3293,53.0,0.0,277.114,1
2017-11-05,8,13.3333,0.0,6.0,67,49.0996,70.8064,53.0,0.0,271.385,1
2017-11-05,9,13.1667,0.0,6.5,60,42.3079,53.3987,53.0,0.0,271.385,1
2017-11-05,10,13.1667,0.0,7.33333,59,33.2325,24.4363,53.0,0.0,271.385,1
2017-11-05,11,13.5,0.0,8.33333,52,27.605,19.1587,53.0,0.0,277.114,1
2017-11-05,12,14.1667,0.0,9.66667,50,22.8279,18.9219,25.1418,-5.7402,261.415,1
2017-11-05,13,14.8333,0.0,11.0,51,21.5107,20.5363,-3.56416,-12.2458,223.385,1
2017-11-05,14,15.6667,0.0,12.0,53,23.6686,21.9036,1.43584,-12.2458,180.0,1
2017-11-05,15,15.3333,0.0,12.5,57,26.9921,27.7856,20.294,-6.50556,216.847,1
2017-11-05,16,14.8333,0.0,12.6667,69,39.2771,40.5236,31.294,-6.50556,202.024,1
2017-11-05,17,14.1667,0.0,12.5,77,58.4582,50.561,57.0,0.0,264.333,1
2017-11-05,18,13.1667,0.0,12.0,83,67.6165,63.9954,68.0,0.0,240.0,1
2017-11-05,19,12.1667,0.0,11.3333,83,74.1996,74.2296,61.0,0.0,300.2,1
2017-11-05,20,11.1667,0.0,10.8333,75,76.5412,71.975,55.0,0.0,305.455,1
2017-11-05,21,11.1667,0.0,10.5,68,78.2425,67.9026,56.0,0.0,285.12,1
2017-11-05,23,10.8333,0.0,9.33333,72,37.635,31.27,55.0,0.0,305.455,1
2017-11-06,0,10.8333,0.0,8.83333,75,19.33,27.455,54.0,0.0,324.8,0
2017-11-06,1,10.8333,0.0,8.33333,73,73.6982,39.7511,53.0,0.0,336.3,0
2017-11-06,2,11.0,0.0,8.0,72,66.0954,39.6825,53.0,0.0,329.018,0
2017-11-06,3,11.0,0.0,7.5,77,61.6526,39.3993,29.9896,4.97484,288.0,0
2017-11-06,4,11.3333,0.0,7.33333,81,60.7567,41.2993,10.8269,9.18432,273.48,0
2017-11-06,5,11.1667,0.0,7.0,83,63.8679,42.63,-9.3358,13.3938,271.745,0
2017-11-06,6,10.8333,0.0,6.83333,84,69.4007,46.9648,-28.6507,16.8379,302.4,0
2017-11-06,7,9.66667,0.0,6.66667,88,65.4631,46.4539,-48.9656,20.282,343.385,0
2017-11-06,8,8.66667,0.0,6.5,84,77.8332,49.0996,-43.9656,20.282,355.385,0
2017-11-06,9,7.66667,0.0,6.66667,78,71.2232,42.3079,-38.4224,17.986,411.927,0
2017-11-06,10,6.66667,0.0,7.0,64,55.4071,33.2325,-43.0418,19.8994,412.364,0
2017-11-06,11,6.33333,0.0,7.66667,58,51.2482,27.605,-36.4146,19.2254,497.455,0
2017-11-06,12,6.5,0.0,8.5,55,48.8786,22.8279,-41.3644,24.1752,462.545,0
2017-11-06,13,7.33333,0.0,9.33333,57,42.1693,21.5107,-35.0285,29.2045,450.667,0
2017-11-06,14,7.5,0.0,10.0,61,39.9857,23.6686,-26.7136,35.7604,435.2,0
2017-11-06,15,8.0,0.0,10.3333,67,48.0514,26.9921,-17.7418,37.9732,443.143,0
2017-11-06,16,8.66667,0.0,10.3333,71,61.6243,39.2771,-3.8836,38.3558,399.36,0
2017-11-06,17,9.0,0.0,10.1667,88,65.2217,58.4582,13.2713,32.9069,377.143,0
2017-11-06,18,8.5,0.0,9.83333,90,62.2085,67.6165,27.2211,27.9571,376.32,0
2017-11-06,19,8.0,0.0,9.33333,88,60.8674,74.1996,37.5151,21.3971,417.72,0
2017-11-06,20,7.83333,0.0,8.83333,84,63.1133,76.5412,44.5151,21.3971,386.88,0
2017-11-06,21,7.66667,0.0,8.5,79,66.4009,78.2425,51.5151,11.3971,405.45,0
2017-11-07,1,6.83333,0.0,7.33333,72,57.2925,73.6982,56.4672,2.67876,450.667,0
2017-11-07,2,6.66667,0.0,7.0,75,55.8446,66.0954,53.9343,0.0,454.629,0
2017-11-07,3,6.5,0.0,6.66667,74,55.6396,61.6526,53.0104,-4.97484,472.457,0
2017-11-07,4,6.66667,0.0,6.5,73,56.9015,60.7567,51.5537,-7.27092,490.629,0
2017-11-07,5,7.0,0.0,6.33333,73,56.4296,63.8679,51.9448,-10.3324,472.457,0
2017-11-07,6,7.33333,0.0,6.16667,74,57.3942,69.4007,50.6016,-15.9892,454.629,0
2017-11-07,7,7.66667,0.0,5.83333,75,65.1114,65.4631,43.9656,-22.3532,460.8,0
2017-11-07,8,8.33333,0.0,5.83333,75,61.9112,77.8332,43.3296,-28.7172,425.829,0
2017-11-07,9,9.16667,0.0,6.0,72,60.5258,71.2232,43.9336,-33.1096,360.0,0
2017-11-07,10,9.66667,0.0,6.5,75,56.3723,55.4071,40.6252,-36.2956,341.85,0
2017-11-07,11,10.6667,0.0,7.0,68,56.0142,51.2482,37.4436,-43.3969,300.0,0
2017-11-07,12,11.5,0.0,7.66667,63,53.8775,48.8786,30.7803,-44.3103,288.0,0
2017-11-07,13,12.1667,0.0,8.5,62,52.6671,42.1693,29.7738,-50.8806,240.0,0
2017-11-07,14,12.6667,0.0,9.16667,63,52.3636,39.9857,19.8994,-48.0418,270.327,0
2017-11-07,15,12.8333,0.0,9.5,66,51.1996,48.0514,20.6647,-49.8895,267.429,0
2017-11-07,16,13.0,0.0,9.16667,74,55.1407,61.6243,19.8994,-48.0418,286.971,0
2017-11-07,17,12.6667,0.0,8.83333,78,60.0525,65.2217,24.4915,-59.1283,240.0,0
2017-11-07,18,12.1667,0.0,8.16667,82,59.5319,62.2085,23.7262,-57.2806,249.508,0
2017-11-07,19,11.8333,0.0,7.33333,84,58.2785,60.8674,22.9608,-55.4328,269.077,0
2017-11-07,20,11.1667,0.0,6.5,85,59.7868,63.1133,22.1954,-53.585,280.8,0
2017-11-07,21,10.5,0.0,5.66667,86,62.04,66.4009,21.0474,-50.8134,313.5,0
2017-11-07,22,9.66667,0.0,5.16667,87,60.4677,46.43,19.5167,-47.1179,359.9,0
2017-11-08,1,7.83333,0.0,3.66667,85,57.0914,57.2925,12.2458,-57.4985,360.0,0
2017-11-08,2,7.5,0.0,3.16667,97,55.2346,55.8446,8.03628,-55.3358,398.945,0
2017-11-08,3,7.0,0.0,2.83333,96,55.3125,55.6396,3.8268,-52.1731,432.667,0
2017-11-08,4,6.83333,0.0,2.5,95,57.13,56.9015,1.9134,-56.7925,420.0,0
2017-11-08,5,6.83333,0.0,2.16667,97,58.6529,56.4296,-5.77338,-52.7203,452.4,0
2017-11-08,6,6.83333,0.0,2.0,96,56.9036,57.3942,-11.5136,-51.7964,454.629,0
2017-11-08,7,6.5,0.0,1.83333,99,57.5793,65.1114,-14.575,-52.1874,437.143,0
2017-11-08,8,6.5,0.0,1.83333,97,59.4332,61.9112,-11.8963,-51.7203,469.05,0
2017-11-08,9,6.66667,0.0,2.16667,89,59.2946,60.5258,-11.8963,-50.7203,486.0,0
2017-11-08,10,6.83333,0.0,2.66667,84,54.505,56.3723,-9.60018,-48.2635,509.143,0
2017-11-08,11,7.16667,0.0,3.5,78,49.9279,56.0142,-4.65041,-46.2133,483.36,0
2017-11-08,12,7.16667,0.0,4.33333,73,48.4625,53.8775,0.70711,-49.9088,420.0,0
2017-11-08,13,7.66667,0.0,5.33333,71,51.0136,52.6671,10.69,-46.59,470.25,0
2017-11-08,14,7.83333,0.0,6.5,70,52.8096,52.3636,17.1955,-47.5139,432.0,0
2017-11-08,15,8.0,0.0,7.16667,73,53.9379,51.1996,20.257,-48.905,408.857,0
2017-11-08,16,8.0,0.0,7.5,78,56.8368,55.1407,25.2067,-46.8547,395.2,0
2017-11-08,17,7.33333,0.0,7.66667,91,58.8231,60.0525,27.8604,-46.2612,392.229,0
2017-11-08,18,6.66667,0.0,7.5,94,59.4346,59.5319,26.4462,-44.847,448.0,0
2017-11-08,19,5.5,1.02,7.16667,94,64.2265,58.2785,27.9769,-48.5425,450.667,0
2017-11-08,20,4.66667,1.05,6.66667,91,65.7427,59.7868,28.7423,-50.3903,480.0,0
2017-11-08,21,3.83333,1.05,6.33333,88,64.3648,62.04,26.4462,-44.847,569.25,0
2017-11-08,23,3.16667,3.09,6.0,86,65.205,72.745,24.5328,-49.4664,600.0,0
2017-11-09,0,3.16667,3.09,5.83333,89,63.35,60.095,17.9358,-45.6109,676.8,0
2017-11-09,1,3.83333,2.07,5.66667,90,66.7025,57.0914,14.2403,-47.1416,660.0,0
2017-11-09,2,4.16667,2.42,5.33333,92,64.5075,55.2346,5.2529,-41.1228,702.0,0
2017-11-09,3,4.83333,2.8,5.0,92,63.4968,55.3125,-2.42794,-35.6452,749.829,0
2017-11-09,4,5.16667,2.16,4.66667,91,62.3496,57.13,-12.921,-32.9915,773.143,0
2017-11-09,5,5.33333,1.14,4.5,88,65.72,58.6529,-17.5404,-34.9049,720.0,0
2017-11-09,6,5.66667,1.14,4.5,87,66.9582,56.9036,-31.569,-28.7156,747.3,0
2017-11-09,7,5.66667,1.14,4.5,88,74.2907,57.5793,-27.8651,-23.1723,665.6,0
2017-11-09,8,5.83333,0.76,4.66667,87,77.0589,59.4332,-22.2477,-18.5529,571.2,0
2017-11-09,9,5.66667,0.38,5.0,82,78.4807,59.2946,-15.0997,-15.7813,540.0,0
2017-11-09,10,5.83333,0.0,5.33333,75,78.3311,54.505,-12.488,-8.80164,583.0,0
2017-11-09,11,6.0,0.48,5.66667,72,75.495,49.9279,-9.24084,-0.96228,570.24,0
2017-11-09,12,6.5,0.48,6.16667,69,62.4932,48.4625,-11.0886,3.62988,540.6,0
2017-11-09,13,6.83333,0.48,6.83333,68,53.355,51.0136,8.07408,7.83936,517.0,0
2017-11-09,14,7.33333,0.48,7.5,67,53.6568,52.8096,6.22632,13.1969,477.0,0
2017-11-09,15,8.0,0.48,8.0,72,55.4036,53.9379,-8.0886,16.641,420.0,0
2017-11-09,16,8.5,0.96,8.33333,75,57.69,56.8368,-28.4035,20.0851,399.36,0
2017-11-09,17,8.83333,0.48,8.5,84,63.3585,58.8231,-29.803,16.0726,393.6,0
2017-11-09,18,8.66667,0.96,8.33333,86,60.3854,59.4346,-31.6507,16.8379,380.8,0
2017-11-09,19,8.83333,0.96,7.83333,86,65.2069,64.2265,-48.0418,19.8994,386.4,0
2017-11-09,20,8.83333,0.96,7.33333,84,58.0582,65.7427,-48.9656,20.282,380.8,0
2017-11-09,21,8.83333,0.96,6.83333,81,41.515,64.3648,-47.0147,23.2019,380.8,0
2017-11-09,23,9.16667,0.48,5.83333,78,34.57,65.205,-44.5271,30.4559,352.8,0
2017-11-10,0,9.33333,0.0,5.5,79,33.355,63.35,-42.5761,33.3757,341.85,0
2017-11-10,1,9.16667,0.0,5.16667,82,47.0225,66.7025,-41.5491,36.6783,339.2,0
2017-11-10,2,9.0,0.0,5.0,80,44.8371,64.5075,-38.891,38.891,352.8,0
2017-11-10,3,9.0,0.0,4.83333,80,44.4936,63.4968,-38.1839,38.1839,366.667,0
2017-11-10,4,8.83333,0.0,4.83333,74,41.3187,62.3496,-38.1839,38.1839,385.527,0
2017-11-10,5,9.16667,0.0,4.83333,76,39.9489,65.72,-37.4768,37.4768,380.8,0
2017-11-10,6,9.5,0.0,4.83333,79,39.7557,66.9582,-38.891,38.891,352.8,0
2017-11-10,7,10.0,0.0,5.0,78,40.96,74.2907,-40.3053,40.3053,313.65,0
2017-11-10,8,10.3333,0.0,5.0,77,43.2,77.0589,-39.1542,33.201,326.8,0
2017-11-10,9,11.0,0.0,5.16667,73,45.255,78.4807,-39.8613,33.9081,321.48,0
2017-11-10,10,12.0,0.48,5.66667,73,48.6054,78.3311,-41.9826,36.0294,294.0,0
2017-11-10,11,13.3333,0.48,6.16667,67,44.0054,75.495,-45.5182,39.565,240.0,0
2017-11-10,12,14.8333,0.96,6.83333,62,42.3846,62.4932,-41.0124,41.0124,199.68,0
2017-11-10,13,16.3333,0.96,7.5,60,40.5554,53.355,-38.891,38.891,196.725,0
2017-11-10,14,18.0,0.96,8.16667,60,39.2538,53.6568,-41.7195,41.7195,181.895,0
2017-11-10,15,19.0,0.96,8.5,63,39.6077,55.4036,-42.4266,42.4266,180.0,0
2017-11-10,16,19.1667,0.96,8.5,67,42.6185,57.69,-41.7195,41.7195,186.66,0
2017-11-10,17,18.8333,0.96,8.33333,67,46.2642,63.3585,-39.5982,39.5982,207.36,0
2017-11-10,18,18.5,0.96,8.16667,66,42.2146,60.3854,-37.4768,37.4768,225.095,0
2017-11-10,19,18.5,0.96,8.0,63,41.9429,65.2069,-36.7697,36.7697,224.824,0
2017-11-10,20,18.8333,0.96,7.66667,65,39.5533,58.0582,-43.2264,32.4025,201.318,0
2017-11-10,21,19.6667,0.96,7.5,69,14.895,41.515,-51.5309,28.8005,170.133,0
2017-11-10,23,22.1667,0.96,7.0,75,16.605,34.57,-65.5955,27.1703,125.182,0
2017-11-11,0,23.1667,0.48,6.66667,74,18.92,33.355,-67.4432,27.9356,124.95,1
2017-11-11,1,23.8333,0.96,6.33333,75,29.2796,47.0225,-67.4432,27.9356,129.792,1
2017-11-11,2,23.5,0.96,6.16667,80,29.3042,44.8371,-66.5194,27.553,130.0,1
2017-11-11,3,22.0,0.96,6.0,80,27.17,44.4936,-62.8238,26.0222,151.2,1
2017-11-11,4,20.1667,0.96,6.0,80,18.7683,41.3187,-51.2574,27.4446,204.75,1
2017-11-11,5,18.5,0.48,6.0,84,17.5321,39.9489,-61.1569,37.3441,186.15,1
2017-11-11,6,17.3333,0.48,5.66667,80,15.5133,39.7557,-48.8833,38.0593,229.14,1
2017-11-11,7,16.5,0.0,5.16667,84,17.4946,40.96,-30.4057,47.4057,220.0,1
2017-11-11,8,16.3333,0.0,4.83333,78,19.3725,43.2,-27.07,54.3528,180.0,1
2017-11-11,9,17.0,0.0,4.66667,69,20.4875,45.255,-14.5418,52.1074,201.318,1
2017-11-11,10,17.8333,0.0,4.5,56,24.2342,48.6054,-21.8128,52.6612,195.789,1
2017-11-11,11,19.1667,0.48,4.5,48,22.4504,44.0054,-21.8128,52.6612,195.789,1
2017-11-11,12,20.3333,0.48,5.0,42,19.2167,42.3846,-22.9608,55.4328,175.137,1
2017-11-11,13,20.8333,0.96,5.66667,40,24.7146,40.5554,-24.8742,60.0522,143.242,1
2017-11-11,14,21.1667,0.96,6.16667,44,24.5438,39.2538,-26.0222,62.8238,141.382,1
2017-11-11,15,21.3333,0.96,6.33333,50,31.68,39.6077,-25.6396,61.9,156.75,1
2017-11-11,16,21.3333,0.96,6.33333,62,29.6988,42.6185,-24.1088,58.2044,170.564,1
2017-11-11,17,20.5,0.48,6.16667,62,31.9975,46.2642,-22.9608,55.4328,184.743,1
2017-11-11,18,19.5,0.96,5.83333,58,35.54,42.2146,-21.4301,51.7373,207.36,1
2017-11-11,19,18.6667,0.48,5.5,57,40.0438,41.9429,-20.6647,49.8895,217.579,1
2017-11-11,20,17.6667,0.48,5.16667,58,35.9348,39.5533,-25.4147,44.3567,224.824,1
2017-11-11,21,16.8333,0.48,5.0,59,8.19,14.895,-36.0213,54.9633,180.0,1
2017-11-11,23,16.5,0.48,5.0,69,1.82,16.605,-52.1917,34.8733,202.024,1
2017-11-12,0,16.8333,0.0,5.0,75,7.9,18.92,-55.8768,29.358,187.68,1
2017-11-12,1,17.1667,1.19,5.0,77,16.315,29.2796,-49.8895,20.6647,209.012,1
2017-11-12,2,17.3333,1.19,5.0,85,18.7712,29.3042,-47.6186,27.5942,193.765,1
2017-11-12,3,16.6667,1.19,5.0,80,20.5128,27.17,-43.2264,32.4025,214.5,1
2017-11-12,4,15.1667,1.19,5.0,76,21.5912,18.7683,-51.0047,40.1807,207.36,1
2017-11-12,5,13.6667,1.19,4.83333,78,22.225,17.5321,-38.1839,38.1839,295.579,1
2017-11-12,6,11.6667,2.38,4.5,83,21.5952,15.5133,-41.2454,45.575,298.8,1
2017-11-12,7,9.83333,1.19,4.0,86,33.2156,17.4946,-30.8717,39.5309,385.125,1
2017-11-12,8,8.83333,1.19,3.66667,83,41.5904,19.3725,-30.8717,47.5309,371.925,1
2017-11-12,9,8.0,1.67,3.5,74,32.5462,20.4875,-19.558,46.2172,398.618,1
2017-11-12,10,8.16667,1.67,3.33333,68,23.4981,24.2342,-19.558,52.2172,385.745,1
2017-11-12,11,8.5,1.67,3.5,61,23.6085,22.4504,-20.0947,47.8831,374.85,1
2017-11-12,12,9.0,0.48,4.0,55,20.1681,19.2167,-18.4475,41.9063,401.85,1
2017-11-12,13,9.5,0.48,4.83333,51,19.4788,24.7146,-23.1642,42.2934,356.4,1
2017-11-12,14,9.33333,0.48,5.5,51,20.9573,24.5438,-33.3269,38.5029,337.08,1
2017-11-12,15,9.83333,0.0,5.83333,57,32.79,31.68,-41.6418,31.947,300.0,1
2017-11-12,16,9.66667,0.0,6.16667,61,53.0308,29.6988,-49.9567,29.3911,300.0,1
2017-11-12,17,9.5,0.53,6.33333,72,66.4296,31.9975,-33.6418,25.947,324.48,1
2017-11-12,18,9.5,1.06,6.16667,76,61.2912,35.54,-17.5707,18.8759,347.564,1
2017-11-12,19,9.16667,3.27,5.83333,80,52.7625,40.0438,1.20748,11.0977,347.564,1
2017-11-12,20,9.33333,3.27,5.5,83,53.2458,35.9348,3.05524,3.44412,352.8,1
2017-11-12,21,9.66667,3.27,5.33333,83,52.6921,8.19,4.29906,-7.0711,339.2,1
2017-11-12,23,10.1667,2.74,5.16667,82,32.41,1.82,-24.7114,-18.9342,341.127,1
2017-11-13,0,9.5,4.42,5.33333,83,30.51,7.9,-33.0263,-22.3783,300.0,0
2017-11-13,1,9.16667,2.74,5.5,84,57.3992,16.315,-48.9761,-27.3281,325.867,0
2017-11-13,2,8.66667,2.74,5.66667,87,56.6923,18.7712,-40.6611,-30.8839,363.0,0
2017-11-13,3,8.16667,2.74,5.83333,94,53.0004,20.5128,-38.5398,-28.7626,411.927,0
2017-11-13,4,7.83333,3.27,6.0,90,46.2807,21.5912,-32.8829,-21.3716,372.764,0
2017-11-13,5,7.83333,3.27,5.83333,91,46.035,22.225,-16.3563,-10.7981,398.945,0
2017-11-13,6,8.66667,1.06,5.5,95,38.9754,21.5952,-9.63771,1.72629,402.8,0
2017-11-13,7,9.83333,0.53,5.16667,97,40.7216,33.2156,3.62698,22.1202,377.143,0
2017-11-13,8,11.3333,0.53,4.66667,94,42.3938,41.5904,21.5111,39.4275,319.2,0
2017-11-13,9,12.5,0.53,4.16667,88,46.02,32.5462,20.804,40.4545,270.667,0
2017-11-13,10,13.6667,0.0,3.66667,80,47.6619,23.4981,34.8547,42.7463,225.5,0
2017-11-13,11,15.0,1.7,3.33333,76,48.6073,23.6085,49.6368,36.8691,204.429,0
2017-11-13,12,15.5,3.4,3.16667,75,48.6073,20.1681,48.7234,43.5325,195.0,0
2017-11-13,13,15.5,3.4,3.0,74,48.7146,19.4788,48.0163,39.357,195.52,0
2017-11-13,14,15.1667,3.4,3.0,72,52.5904,20.9573,50.3439,34.1079,210.6,0
2017-11-13,15,14.6667,3.4,3.16667,72,53.9715,32.79,48.4962,33.3426,233.365,0
2017-11-13,16,13.8333,3.4,3.33333,78,55.9996,53.0308,47.5618,25.9138,264.0,0
2017-11-13,17,12.8333,1.7,3.5,81,60.1521,66.4296,47.1179,19.5167,297.0,0
2017-11-13,18,12.1667,0.0,3.5,81,60.4571,61.2912,57.2806,23.7262,258.514,0
2017-11-13,19,11.6667,0.08,3.5,81,57.6195,52.7625,54.5089,22.5781,287.571,0
2017-11-13,20,11.0,0.08,3.5,82,57.8013,53.2458,51.7373,21.4301,302.4,0
2017-11-13,21,10.5,0.08,3.33333,82,53.9071,52.6921,47.7218,23.909,317.127,0
2017-11-13,23,10.0,0.08,3.0,82,18.455,32.41,50.2871,32.4275,300.0,0
2017-11-14,0,10.0,0.08,3.0,82,20.41,30.51,47.1955,35.2891,311.564,0
2017-11-14,1,10.1667,0.0,3.0,81,45.1004,57.3992,44.8111,38.8579,311.564,0
2017-11-14,2,10.1667,0.0,2.83333,77,41.8865,56.6923,36.0626,36.0626,340.267,0
2017-11-14,3,10.3333,0.0,2.66667,77,40.0535,53.0004,36.7697,36.7697,326.8,0
2017-11-14,4,10.5,0.05,2.5,78,38.1677,46.2807,39.6445,34.2325,321.48,0
2017-11-14,5,10.6667,0.08,2.33333,74,39.6881,46.035,41.8122,30.9882,329.018,0
2017-11-14,6,10.5,0.08,2.0,76,39.3212,38.9754,44.1967,27.4195,336.3,0
2017-11-14,7,9.83333,0.08,1.83333,76,37.8473,40.7216,44.9502,22.761,346.92,0
2017-11-14,8,9.66667,0.08,1.83333,72,45.2581,42.3938,52.3412,25.8224,312.12,0
2017-11-14,9,9.5,0.08,1.83333,67,48.1954,46.02,53.585,22.1954,324.48,0
2017-11-14,10,9.5,0.03,2.0,63,44.9304,47.6619,52.6612,21.8128,337.08,0
2017-11-14,11,9.16667,0.0,2.33333,57,43.9077,48.6073,52.6612,21.8128,347.564,0
2017-11-14,12,9.0,0.36,3.0,60,40.7429,48.6073,50.8134,21.0474,363.0,0
2017-11-14,13,9.0,0.59,3.33333,60,40.6596,48.7146,47.9386,23.5846,356.4,0
2017-11-14,14,9.0,0.59,3.66667,60,39.5008,52.5904,47.9386,23.5846,366.667,0
2017-11-14,15,8.5,0.59,3.83333,62,42.2346,53.9715,45.9877,26.5045,366.667,0
2017-11-14,16,7.66667,0.59,3.83333,64,64.7012,55.9996,41.9154,27.303,417.72,0
2017-11-14,17,7.0,0.59,3.5,69,84.9408,60.1521,45.451,30.8386,414.72,0
2017-11-14,18,6.66667,0.23,2.83333,75,100.889,60.4571,40.8316,28.9251,479.467,0
2017-11-14,19,6.5,0.0,2.33333,77,104.046,57.6195,45.7813,35.3923,435.2,0
2017-11-14,20,6.33333,0.0,1.83333,77,90.39,57.8013,37.4664,38.9482,466.4,0
2017-11-14,21,6.66667,0.0,1.33333,77,81.25,53.9071,25.4455,38.2411,469.05,0
2017-11-14,23,7.16667,0.0,0.166667,75,57.135,18.455,3.67929,41.1565,477.0,0
2017-11-15,0,7.16667,0.0,-0.166667,76,56.785,20.41,-0.56337,42.9138,461.76,0
2017-11-15,1,7.16667,0.0,-0.5,79,72.8027,45.1004,-9.04869,44.328,420.0,0
2017-11-15,2,7.0,0.0,-0.833333,78,67.58,41.8865,-18.6179,47.3644,420.0,0
2017-11-15,3,7.16667,0.0,-1.0,79,64.2531,40.0535,-28.5174,45.847,420.0,0
2017-11-15,4,7.33333,0.0,-1.0,82,62.0608,38.1677,-29.2245,39.5541,470.25,0
2017-11-15,5,7.83333,0.0,-1.16667,89,63.9443,39.6881,-29.2245,39.5541,460.8,0
2017-11-15,6,8.16667,0.0,-1.16667,90,62.4292,39.3212,-32.5897,38.0485,413.4,0
2017-11-15,7,8.16667,0.0,-1.16667,93,71.5073,37.8473,-40.9046,35.4926,375.943,0
2017-11-15,8,8.33333,0.0,-1.16667,91,72.5456,45.2581,-42.422,33.2216,375.943,0
2017-11-15,9,8.0,0.0,-0.833333,79,63.6696,48.1954,-43.1291,22.6149,360.0,0
2017-11-15,10,7.83333,0.0,-0.333333,74,56.395,44.9304,-40.8581,11.198,388.267,0
2017-11-15,11,7.5,0.0,0.666667,66,54.5233,43.9077,-40.9612,7.51276,405.45,0
2017-11-15,12,6.83333,0.0,1.66667,61,51.8662,40.7429,-44.367,-2.55704,432.667,0
2017-11-15,13,6.5,0.0,2.83333,59,46.5542,40.6596,-47.9025,-6.09259,420.0,0
2017-11-15,14,5.83333,0.0,4.16667,58,43.2144,39.5008,-39.5876,-14.5367,482.4,0
2017-11-15,15,5.5,0.0,5.0,63,42.4133,42.2346,-39.5876,-18.5367,480.0,0
2017-11-15,16,5.33333,0.0,5.5,77,64.3763,64.7012,-31.2727,-26.9808,517.029,0
2017-11-15,17,5.0,0.0,5.5,93,77.6892,84.9408,-29.0482,-33.9022,550.8,0
2017-11-15,18,5.16667,0.0,5.16667,99,96.0317,100.889,-25.3047,-32.8648,595.2,0
2017-11-15,20,5.5,0.0,3.66667,100,44.11,90.39,-29.1647,-36.1835,559.543,0
2017-11-15,21,5.33333,0.0,2.83333,100,88.045,81.25,-22.6975,-43.8623,599.657,0
2017-11-15,23,5.5,0.0,1.5,99,76.16,57.135,-12.5451,-46.9436,586.56,0
2017-11-16,0,5.5,0.0,1.0,99,80.205,56.785,-12.5451,-46.9436,566.1,0
2017-11-16,1,5.5,0.0,0.666667,100,92.3823,72.8027,-14.8412,-48.4869,540.0,0
2017-11-16,2,5.33333,0.0,0.333333,98,91.5408,67.58,-17.1373,-49.0302,540.0,0
2017-11-16,3,5.5,0.0,0.166667,94,90.5592,64.2531,-14.4253,-48.483,563.04,0
2017-11-16,4,5.16667,0.0,0.0,92,91.1492,62.0608,-16.0475,-47.3992,582.4,0
2017-11-16,5,5.16667,0.0,0.0,93,92.4542,63.9443,-13.7182,-47.7759,604.2,0
2017-11-16,6,5.0,0.0,-0.166667,98,99.9842,62.4292,-13.3356,-46.852,610.56,0
2017-11-16,7,5.16667,0.0,-0.166667,100,106.731,71.5073,-13.3356,-46.852,592.8,0
2017-11-16,8,5.16667,0.0,0.0,100,114.762,72.5456,-18.8428,-50.4907,579.429,0
2017-11-16,9,5.0,0.0,0.333333,93,119.806,63.6696,-17.6947,-47.7191,610.56,0
2017-11-16,10,5.16667,0.0,1.0,74,113.096,56.395,-19.2254,-46.4146,649.0,0
2017-11-16,11,5.33333,0.0,1.83333,62,94.1231,54.5233,-16.9293,-46.8713,649.0,0
2017-11-16,12,5.83333,0.0,3.0,56,71.7904,51.8662,-14.6333,-47.3281,620.1,0
2017-11-16,13,5.66667,0.0,4.16667,56,48.5443,46.5542,-13.1025,-51.6325,540.0,0
2017-11-16,14,6.16667,0.0,5.16667,60,55.585,43.2144,-7.6536,-49.4776,570.24,0
2017-11-16,15,6.83333,0.0,5.83333,70,52.9992,42.4133,-5.7402,-51.8582,524.16,0
2017-11-16,16,7.0,0.0,6.0,69,64.2346,64.3763,-5.7402,-54.8582,498.343,0
2017-11-16,17,7.0,0.0,6.0,97,77.5079,77.6892,1.14804,-51.1627,468.0,0
2017-11-16,18,6.5,0.0,5.66667,98,88.7058,96.0317,0.38268,-53.0104,457.6,0
2017-11-16,21,6.16667,0.0,3.83333,88,76.02,88.045,-12.2405,-44.5513,496.8,0
2017-11-16,23,6.5,0.51,3.0,81,72.235,76.16,0.75946,-31.5513,520.8,0
2017-11-17,0,6.83333,0.51,2.83333,80,65.53,80.205,8.75946,-23.5513,509.143,0
2017-11-17,1,7.0,0.51,2.83333,79,110.548,92.3823,13.0807,-17.0841,496.8,0
2017-11-17,2,6.83333,0.51,2.83333,78,107.073,91.5408,22.3768,-11.5408,461.76,0
2017-11-17,3,6.83333,0.76,2.83333,80,100.817,90.5592,30.2902,-6.92142,457.6,0
2017-11-17,4,7.0,0.25,2.83333,81,81.5842,91.1492,40.5328,-2.67876,472.457,0
2017-11-17,5,7.0,0.5,3.0,83,64.5892,92.4542,55.0,0.0,438.6,0
2017-11-17,6,7.5,0.5,3.0,85,57.5358,99.9842,41.609,3.06144,420.0,0
2017-11-17,7,8.0,0.5,3.0,86,56.93,106.731,19.5379,10.1325,443.143,0
2017-11-17,8,8.33333,0.5,3.0,84,58.4881,114.762,5.46676,17.2036,392.229,0
2017-11-17,9,8.5,0.25,3.0,79,58.0462,119.806,-7.19012,22.8605,360.0,0
2017-11-17,10,8.66667,0.25,3.16667,77,57.7827,113.096,-24.1399,27.8103,401.85,0
2017-11-17,11,8.83333,0.0,3.5,74,60.2038,94.1231,-35.584,36.1252,386.4,0
2017-11-17,12,8.66667,0.0,3.83333,71,59.9462,71.7904,-34.557,39.4278,389.88,0
2017-11-17,13,8.5,0.0,4.16667,71,60.7012,48.5443,-30.93,40.6716,403.68,0
2017-11-17,14,8.5,0.0,4.5,73,64.2719,55.585,-27.303,41.9154,401.85,0
2017-11-17,15,8.5,0.0,4.66667,78,65.3017,52.9992,-21.6461,44.2585,393.6,0
2017-11-17,16,8.16667,0.0,4.5,86,72.7267,64.2346,-16.6964,46.3088,409.867,0
2017-11-17,17,7.66667,0.23,4.16667,87,76.5817,77.5079,-16.6964,53.3088,374.0,0
2017-11-17,18,7.16667,0.23,3.83333,86,79.2054,88.7058,-15.5483,50.5371,417.6,0
2017-11-17,21,6.5,0.92,3.0,87,48.12,76.02,2.74512,51.6441,482.4,0
2017-11-17,23,7.33333,1.38,3.0,89,36.945,72.235,20.161,44.4302,454.629,0
2017-11-18,0,7.83333,1.38,3.0,88,28.975,65.53,28.476,40.8743,420.0,1
2017-11-18,1,8.33333,1.38,3.0,87,49.9135,110.548,39.087,31.7752,413.4,1
2017-11-18,2,9.0,0.92,3.0,85,45.5696,107.073,47.4019,29.2193,360.0,1
2017-11-18,3,9.33333,0.92,3.0,86,44.085,100.817,48.1554,23.2602,356.4,1
2017-11-18,4,9.16667,0.23,3.0,86,42.8523,81.5842,51.7373,21.4301,339.2,1
2017-11-18,5,8.66667,0.23,2.83333,86,45.2719,64.5892,50.8134,21.0474,352.8,1
2017-11-18,6,8.33333,0.46,2.66667,86,47.328,57.5358,48.0418,19.8994,395.2,1
2017-11-18,7,7.83333,0.46,2.33333,86,53.3819,56.93,54.5089,22.5781,360.0,1
2017-11-18,8,7.16667,0.23,2.16667,84,58.8,58.4881,51.7373,21.4301,402.8,1
2017-11-18,9,6.66667,0.23,2.0,81,61.1108,58.0462,47.665,22.2286,458.28,1
2017-11-18,10,6.5,0.23,2.0,74,57.2454,57.7827,52.6148,27.1784,420.0,1
2017-11-18,11,6.66667,0.23,2.16667,67,53.3569,60.2038,48.3258,29.8188,464.28,1
2017-11-18,12,6.83333,0.0,2.5,60,41.0165,59.9462,39.087,32.992,486.0,1
2017-11-18,13,7.5,0.0,3.0,55,34.8935,60.7012,28.6345,37.3215,457.6,1
2017-11-18,14,8.16667,0.0,3.5,55,35.9616,64.2719,12.7972,41.5855,451.0,1
2017-11-18,15,8.83333,0.0,3.83333,61,43.7142,65.3017,3.42716,48.5282,377.4,1
2017-11-18,16,10.0,0.0,4.0,66,51.6108,72.7267,-13.5435,47.114,361.029,1
2017-11-18,17,10.8333,0.0,4.0,71,49.2137,76.5817,-23.8508,46.5812,305.25,1
2017-11-18,18,11.8333,0.0,3.83333,74,51.5679,79.2054,-25.3815,50.2767,273.48,1
2017-11-18,21,14.0,0.0,3.16667,80,26.405,48.12,-30.8386,45.451,235.2,1
2017-11-18,23,15.0,0.48,2.83333,78,16.28,36.945,-36.1459,44.2639,237.12,1
2017-11-19,0,15.6667,0.96,2.66667,72,16.25,28.975,-38.2673,46.3853,211.68,1
2017-11-19,1,16.3333,0.96,2.5,71,36.8058,49.9135,-45.255,45.255,180.0,1
2017-11-19,2,16.6667,0.96,2.33333,73,34.1873,45.5696,-32.7269,43.0097,205.8,1
2017-11-19,3,16.8333,0.96,2.16667,75,29.5931,44.085,-26.5045,45.9877,213.333,1
2017-11-19,4,16.6667,0.48,2.0,78,29.9254,42.8523,-19.5167,47.1179,240.505,1
2017-11-19,5,15.8333,0.48,1.83333,73,31.9212,45.2719,-24.4915,59.1283,215.368,1
2017-11-19,6,15.3333,0.0,1.66667,78,30.7342,47.328,-22.1954,53.585,249.882,1
2017-11-19,7,14.1667,0.53,1.5,78,38.79,53.3819,-21.4301,51.7373,254.88,1
2017-11-19,8,13.6667,0.53,1.33333,75,44.8123,58.8,-24.1752,46.3644,271.385,1
2017-11-19,9,13.6667,0.53,1.33333,67,42.6273,61.1108,-29.0999,44.2535,261.415,1
2017-11-19,10,14.0,0.53,1.5,60,37.8292,57.2454,-34.7317,42.8497,254.88,1
2017-11-19,11,14.6667,1.01,2.0,54,33.5219,53.3569,-34.7317,42.8497,235.2,1
2017-11-19,12,15.1667,1.01,2.5,50,30.6358,41.0165,-38.2673,46.3853,204.429,1
2017-11-19,13,16.3333,0.48,3.16667,49,27.015,34.8935,-41.0957,49.2137,180.0,1
2017-11-19,14,16.8333,0.48,3.66667,53,25.2329,35.9616,-38.1839,38.1839,209.012,1
2017-11-19,15,16.8333,0.96,4.0,60,29.6321,43.7142,-38.1839,38.1839,213.333,1
2017-11-19,16,16.8333,0.96,4.0,72,40.5329,51.6108,-31.1962,39.3142,240.505,1
2017-11-19,17,16.6667,0.48,3.66667,73,40.2029,49.2137,-36.9364,53.1724,200.842,1
2017-11-19,18,16.5,0.96,3.33333,71,35.515,51.5679,-29.6241,54.5193,209.647,1
2017-11-19,21,17.5,1.32,2.33333,76,12.765,26.405,-21.0474,50.8134,201.318,1
2017-11-19,23,18.6667,2.16,2.5,81,5.205,16.28,-34.1411,44.4239,195.789,1
2017-11-20,0,19.0,1.68,2.66667,83,3.95,16.25,-34.1411,44.4239,195.789,0
2017-11-20,1,18.8333,1.68,2.83333,83,15.192,36.8058,-27.9769,48.5425,195.789,0
2017-11-20,2,18.5,1.42,3.0,80,16.9812,34.1873,-21.4301,51.7373,202.926,0
2017-11-20,3,18.0,1.42,2.83333,80,12.1227,29.5931,-20.6647,49.8895,217.579,0
2017-11-20,4,16.6667,1.42,2.66667,80,11.3735,29.9254,-13.3938,48.3358,236.733,0
2017-11-20,5,15.0,0.58,2.5,77,17.2858,31.9212,-13.3938,59.3358,224.0,0
2017-11-20,6,14.1667,1.14,2.16667,80,23.8681,30.7342,-6.50556,51.706,293.647,0
2017-11-20,7,13.1667,1.62,2.0,76,33.2188,38.79,-6.50556,65.706,240.0,0
2017-11-20,8,13.1667,1.04,1.83333,74,35.2914,44.8123,0.0,62.0,275.4,0
2017-11-20,9,13.8333,1.04,1.83333,69,29.3917,42.6273,0.0,52.0,258.4,0
2017-11-20,10,14.3333,1.04,1.83333,59,28.5258,37.8292,0.0,63.0,187.971,0
2017-11-20,11,15.5,1.52,2.0,52,24.3984,33.5219,9.89954,49.9343,232.941,0
2017-11-20,12,15.5,0.96,2.5,46,22.4862,30.6358,9.89954,65.9343,180.0,0
2017-11-20,13,15.5,0.96,2.83333,45,33.7523,27.015,19.7991,61.8686,221.76,0
2017-11-20,14,14.5,0.96,3.16667,51,45.2704,25.2329,19.7991,53.8686,248.571,0
2017-11-20,15,13.0,0.96,3.33333,60,51.0983,29.6321,9.89954,51.9343,288.225,0
2017-11-20,16,12.6667,0.96,3.33333,71,56.6017,40.5329,9.89954,62.9343,257.4,0
2017-11-20,17,12.5,0.48,3.16667,71,61.4125,40.2029,5.30738,58.0209,277.714,0
2017-11-20,18,12.1667,0.96,2.83333,70,60.6625,35.515,-10.3324,58.9448,249.9,0
2017-11-20,21,12.1667,0.63,2.0,77,36.31,12.765,-19.5167,47.1179,302.08,0
2017-11-20,23,11.3333,0.63,2.0,82,28.845,5.205,-21.8128,52.6612,291.5,0
2017-11-21,0,11.3333,0.15,2.0,82,21.015,3.95,-24.9988,49.3528,302.4,0
2017-11-21,1,11.3333,0.15,2.0,83,39.3992,15.192,-24.9988,49.3528,302.4,0
2017-11-21,2,11.1667,0.0,2.0,79,37.4108,16.9812,-24.9988,49.3528,285.12,0
2017-11-21,3,11.0,0.0,2.0,83,34.4919,12.1227,-25.3815,50.2767,282.764,0
2017-11-21,4,10.6667,0.0,2.0,85,32.4542,11.3735,-24.6161,48.4289,305.455,0
2017-11-21,5,10.3333,0.0,2.0,91,32.9996,17.2858,-23.2019,47.0147,336.3,0
2017-11-21,6,9.83333,0.0,2.0,92,36.2608,23.8681,-29.5659,53.3787,300.0,0
2017-11-21,7,9.33333,0.38,1.83333,87,37.3338,33.2188,-31.3377,48.6561,333.9,0
2017-11-21,8,9.0,0.38,1.66667,82,39.8192,35.2914,-17.7456,37.5696,360.0,0
2017-11-21,9,9.0,0.38,1.66667,77,40.41,29.3917,-19.9001,33.7709,366.667,0
2017-11-21,10,9.5,0.38,1.83333,74,43.2688,28.5258,-24.7709,28.9001,366.667,0
2017-11-21,11,10.1667,0.71,2.0,72,37.5612,24.3984,-29.4935,27.1283,325.867,0
2017-11-21,12,10.8333,1.04,2.33333,73,35.7219,22.4862,-28.7759,19.3751,326.8,0
2017-11-21,13,11.6667,1.35,2.83333,76,38.3911,33.7523,-49.7864,24.3499,275.6,0
2017-11-21,14,12.6667,2.04,3.33333,78,36.7336,45.2704,-48.0418,19.8994,276.0,0
2017-11-21,15,13.6667,2.73,3.66667,82,42.5457,51.0983,-50.8134,21.0474,251.631,0
2017-11-21,16,13.8333,3.42,3.83333,82,49.9869,56.6017,-52.6612,21.8128,232.615,0
2017-11-21,17,14.0,3.09,4.0,82,54.3658,61.4125,-52.6612,21.8128,239.4,0
2017-11-21,18,14.0,2.76,4.0,84,60.6073,60.6625,-52.6612,21.8128,245.92,0
2017-11-21,21,12.5,0.69,4.33333,87,38.69,36.31,-41.9154,27.303,297.0,0
2017-11-21,23,12.3333,2.24,4.66667,91,27.26,28.845,-37.7827,43.1947,269.077,0
2017-11-22,0,12.5,2.24,5.0,90,20.0,21.015,-31.1298,51.1542,259.2,0
2017-11-22,1,12.3333,2.24,5.33333,90,41.445,39.3992,-24.0587,44.0831,281.455,0
2017-11-22,2,12.3333,2.24,5.5,88,37.7142,37.4108,-24.4414,45.007,276.0,0
2017-11-22,3,12.3333,2.24,5.66667,88,33.7796,34.4919,-27.6274,41.6986,297.0,0
2017-11-22,4,12.3333,1.12,5.83333,88,30.6542,32.4542,-35.4056,49.4768,258.514,0
2017-11-22,5,12.0,0.0,6.0,87,31.5062,32.9996,-38.5334,45.0278,277.714,0
2017-11-22,6,11.5,0.0,6.0,88,35.8038,36.2608,-37.1192,43.6136,280.8,0
2017-11-22,7,11.3333,0.0,6.0,87,37.5507,37.3338,-42.6897,36.7365,282.764,0
2017-11-22,8,11.5,0.0,6.0,86,40.0694,39.8192,-45.0742,33.1678,282.764,0
2017-11-22,9,12.0,0.0,6.16667,83,40.9814,40.41,-48.3826,29.9818,280.8,0
2017-11-22,10,12.3333,0.0,6.33333,76,37.3164,43.2688,-52.8316,26.854,260.0,0
2017-11-22,11,13.0,0.0,6.66667,70,32.5275,37.5612,-47.1179,19.5167,281.455,0
2017-11-22,12,14.0,0.0,7.0,65,37.548,35.7219,-48.269,26.621,235.2,0
2017-11-22,13,15.5,0.0,7.5,66,42.8368,38.3911,-49.2033,34.0497,204.429,0
2017-11-22,14,16.8333,0.0,7.83333,66,47.28,36.7336,-37.4768,37.4768,212.625,0
2017-11-22,15,17.3333,0.0,8.0,68,52.6208,42.5457,-40.3053,40.3053,186.353,0
2017-11-22,16,16.3333,0.0,8.0,70,59.2519,49.9869,-40.3053,40.3053,200.34,0
2017-11-22,17,14.8333,0.0,7.66667,74,60.3196,54.3658,-43.3667,47.6963,214.5,0
2017-11-22,18,13.5,0.0,7.33333,76,61.4108,60.6073,-31.9033,40.0213,318.24,0
2017-11-22,21,9.83333,0.0,5.66667,81,42.62,38.69,-37.4687,50.4575,329.224,0
2017-11-22,23,9.66667,0.0,5.0,80,41.6333,27.26,-35.584,36.1252,326.8,0
2017-11-23,0,9.33333,0.0,4.66667,83,37.845,20.0,-29.584,36.1252,312.8,0
2017-11-23,1,9.16667,0.0,4.5,87,56.0037,41.445,-19.1399,27.8103,360.0,0
2017-11-23,2,9.16667,0.0,4.33333,90,49.0944,37.7142,-1.36168,20.0321,381.9,0
2017-11-23,3,9.0,0.0,4.16667,90,46.4227,33.7796,19.1236,11.5468,381.9,0
2017-11-23,4,9.16667,0.0,4.0,90,44.165,30.6542,38.609,3.06144,356.4,0
2017-11-23,5,10.0,0.0,3.66667,91,46.4419,31.5062,55.0,0.0,316.2,0
2017-11-23,6,10.3333,0.0,3.33333,95,55.1719,35.8038,31.8373,-4.20948,321.48,0
2017-11-23,7,10.5,0.0,3.16667,98,61.5418,37.5507,13.5224,-7.6536,348.0,0
2017-11-23,8,10.3333,0.0,3.0,100,62.2986,40.0694,12.5224,-7.6536,353.455,0
2017-11-23,9,10.3333,0.0,3.33333,87,53.9406,40.9814,12.5224,-7.6536,340.267,0
2017-11-23,10,10.6667,0.0,4.0,80,46.9528,37.3164,14.5224,-7.6536,329.018,0
2017-11-23,11,10.8333,0.0,5.16667,66,39.6039,32.5275,14.5224,0.76536,313.6,0
2017-11-23,12,11.1667,0.0,6.66667,64,37.7446,37.548,34.8373,4.20948,294.0,0
2017-11-23,13,11.1667,0.0,8.16667,65,38.3419,42.8368,34.8373,4.20948,294.0,0
2017-11-23,14,11.3333,0.0,9.5,68,41.8296,47.28,34.8373,4.20948,294.0,0
2017-11-23,15,11.5,0.0,10.0,75,46.215,52.6208,12.7508,8.80164,282.764,0
2017-11-23,16,11.8333,0.0,10.5,65,55.6758,59.2519,11.8269,9.18432,280.8,0
2017-11-23,17,11.6667,0.0,10.5,87,59.2727,60.3196,-12.1836,14.1592,260.945,0
2017-11-23,18,12.1667,0.0,10.1667,89,57.6708,61.4108,-33.3462,18.3686,260.945,0
2017-11-23,21,13.3333,0.0,8.33333,94,29.82,42.62,-47.7786,25.5894,238.255,0
2017-11-23,23,12.6667,0.0,6.66667,89,29.41,41.6333,-44.0831,24.0587,307.125,0
2017-11-24,0,12.0,0.0,5.83333,90,30.57,37.845,-54.2458,28.2682,275.4,0
2017-11-24,1,11.5,0.0,5.16667,94,46.1133,56.0037,-48.7025,25.9721,318.171,0
2017-11-24,2,11.1667,0.0,4.83333,92,45.36,49.0944,-47.9954,25.265,313.5,0
2017-11-24,3,11.0,0.0,4.5,94,44.3211,46.4227,-45.3941,29.1581,288.0,0
2017-11-24,4,11.3333,0.0,4.33333,96,45.2563,44.165,-41.2887,35.8767,282.764,0
2017-11-24,5,11.1667,0.0,4.16667,99,47.1386,46.4419,-35.3355,41.8299,273.48,0
2017-11-24,6,11.6667,0.0,4.16667,96,46.9818,55.1719,-29.9235,47.2419,299.815,0
2017-11-24,7,11.0,0.0,4.16667,96,50.2286,61.5418,-25.7059,50.0599,291.5,0
2017-11-24,8,10.8333,0.0,4.0,93,47.4904,62.2986,-25.5355,45.0187,317.127,0
2017-11-24,9,11.0,0.0,4.16667,85,46.3611,53.9406,-21.326,45.856,317.127,0
2017-11-24,10,11.5,0.0,4.5,76,46.249,46.9528,-25.6019,44.1787,297.0,0
2017-11-24,11,12.5,0.0,5.16667,66,42.2589,39.6039,-34.7094,40.2974,279.138,0
2017-11-24,12,12.8333,0.0,6.0,57,43.1834,37.7446,-36.2017,30.9657,259.418,0
2017-11-24,13,14.0,0.0,7.0,53,44.3907,38.3419,-50.0599,25.7059,225.5,0
2017-11-24,14,14.5,0.0,8.16667,55,45.528,41.8296,-56.3567,23.3435,204.429,0
2017-11-24,15,14.8333,0.0,9.0,65,54.9852,46.215,-29.4224,17.986,218.625,0
2017-11-24,16,14.8333,0.0,9.5,75,64.5906,55.6758,-0.640279,11.8631,228.48,0
2017-11-24,17,14.1667,0.0,9.5,99,65.6062,59.2727,0.283601,11.4804,243.6,0
2017-11-24,18,14.1667,0.0,9.33333,97,66.3307,57.6708,3.97912,9.94968,267.429,0
2017-11-24,21,14.0,0.0,7.5,91,40.115,29.82,-51.7373,21.4301,235.2,0
2017-11-24,23,13.8333,0.0,6.33333,85,36.305,29.41,-48.2122,24.9406,257.914,0
2017-11-25,0,13.1667,0.0,5.83333,83,31.015,30.57,-44.4703,28.7755,273.28,1
2017-11-25,1,12.8333,0.0,5.5,82,50.5404,46.1133,-54.6329,32.985,240.0,1
2017-11-25,2,12.0,0.0,5.16667,86,47.4129,45.36,-49.2601,35.7301,258.514,1
2017-11-25,3,11.8333,0.0,5.0,88,42.69,44.3211,-43.3969,37.4436,280.8,1
2017-11-25,4,11.8333,0.0,5.0,92,40.1675,45.2563,-46.922,33.9332,279.138,1
2017-11-25,5,11.8333,0.0,4.83333,93,44.5571,47.1386,-46.2149,33.2261,271.745,1
2017-11-25,6,11.8333,0.0,4.66667,92,50.885,46.9818,-45.2446,38.209,260.0,1
2017-11-25,7,11.1667,0.0,4.5,93,59.3814,50.2286,-46.922,33.9332,250.92,1
2017-11-25,8,11.0,0.0,4.5,93,70.39,47.4904,-47.2419,29.9235,299.815,1
2017-11-25,9,11.0,0.0,4.66667,86,69.7721,46.3611,-26.2315,24.9487,336.3,1
2017-11-25,10,10.8333,0.0,5.0,76,62.92,46.249,-29.7566,21.4382,332.215,1
2017-11-25,11,11.0,0.0,5.66667,69,49.719,42.2589,-9.56416,12.2458,341.127,1
2017-11-25,12,11.6667,0.0,6.5,64,43.5196,43.1834,14.5985,8.03628,278.25,1
2017-11-25,13,13.1667,0.0,7.5,62,31.4232,44.3907,27.9896,4.97484,271.385,1
2017-11-25,14,14.3333,0.0,8.5,61,32.5172,45.528,57.0,0.0,217.964,1
2017-11-25,15,14.3333,0.0,9.16667,65,34.9065,54.9852,62.0,0.0,196.114,1
2017-11-25,16,14.6667,0.0,9.5,69,39.6973,64.5906,61.0,0.0,211.68,1
2017-11-25,17,15.3333,0.0,9.66667,70,45.3183,65.6062,59.0,0.0,241.553,1
2017-11-25,18,16.8333,0.0,9.66667,71,58.89,66.3307,60.0,0.0,226.8,1
2017-11-25,21,17.6667,0.0,8.83333,75,18.705,40.115,-12.9552,15.3072,174.0,1
2017-11-25,23,16.6667,1.12,8.33333,79,14.15,36.305,-52.5116,30.8636,254.609,1
2017-11-26,0,14.8333,2.24,8.0,83,10.19,31.015,-41.1619,31.9615,293.647,1
2017-11-26,1,13.5,2.24,7.5,86,40.2489,50.5404,-46.1368,43.972,248.4,1
2017-11-26,2,12.5,2.24,6.83333,82,32.5893,47.4129,-28.3928,43.5464,259.418,1
2017-11-26,3,12.6667,3.36,6.33333,84,18.2793,42.69,-24.8241,45.9309,277.114,1
2017-11-26,4,12.8333,2.24,5.66667,85,17.7136,40.1675,-19.5167,47.1179,291.877,1
2017-11-26,5,13.0,2.24,5.16667,86,19.1312,44.5571,-19.5167,59.1179,240.0,1
2017-11-26,6,13.3333,2.24,4.5,86,22.7682,50.885,-3.93519,60.9656,240.0,1
2017-11-26,7,13.0,2.24,4.0,88,26.3943,59.3814,16.6211,47.5514,255.2,1
2017-11-26,8,13.0,2.24,3.66667,85,31.7639,70.39,30.4057,45.6573,245.1,1
2017-11-26,9,12.8333,1.12,3.33333,84,36.4256,69.7721,38.1839,41.4355,273.28,1
2017-11-26,10,12.6667,1.12,3.16667,77,38.1554,62.92,45.9622,49.2137,240.0,1
2017-11-26,11,12.0,1.12,3.0,69,42.5314,49.719,45.5182,39.565,276.48,1
2017-11-26,12,11.5,0.0,3.16667,62,45.4175,43.5196,45.0742,33.1678,299.815,1
2017-11-26,13,11.1667,0.0,3.33333,61,46.0007,31.4232,46.9683,28.5675,294.0,1
2017-11-26,14,11.1667,0.0,3.5,58,51.075,32.5172,50.1901,20.7893,294.0,1
2017-11-26,15,10.6667,0.0,3.66667,60,57.5331,34.9065,53.4119,13.0111,294.0,1
2017-11-26,16,9.83333,0.0,3.66667,63,67.3881,39.6973,50.6403,11.8631,329.018,1
2017-11-26,17,9.0,0.0,3.66667,66,76.3494,45.3183,56.1836,14.1592,323.345,1
2017-11-26,21,6.16667,0.0,2.0,71,115.02,18.705,48.2074,19.2814,433.964,1
2017-11-26,23,6.16667,0.0,1.0,74,70.415,14.15,35.3998,29.7744,538.65,1
2017-11-27,0,6.5,0.0,0.5,75,63.96,10.19,33.1038,35.3177,497.25,0
2017-11-27,1,6.66667,0.0,-0.166667,78,91.3161,40.2489,23.034,38.7234,480.0,0
2017-11-27,2,6.66667,0.0,-0.5,79,81.3161,32.5893,11.4907,43.4273,505.44,0
2017-11-27,3,6.83333,0.0,-0.833333,79,74.4919,18.2793,6.87128,48.5139,477.0,0
2017-11-27,4,7.0,0.0,-1.0,79,66.9971,17.7136,6.10592,50.3617,454.629,0
2017-11-27,5,7.16667,0.0,-1.16667,79,64.8326,19.1312,-1.52261,50.3617,454.629,0
2017-11-27,6,7.16667,0.0,-1.0,79,62.0793,22.7682,-11.4221,50.3617,438.6,0
2017-11-27,7,7.5,0.0,-0.666667,78,62.6364,26.3943,-22.132,47.4972,420.0,0
2017-11-27,8,7.83333,0.0,-0.5,76,64.3964,31.7639,-25.472,38.9309,443.143,0
2017-11-27,9,7.83333,0.0,-0.333333,71,63.7836,36.4256,-16.472,31.9308,408.857,0
2017-11-27,10,8.33333,0.0,0.0,62,59.9882,38.1554,-16.472,32.9309,405.45,0
2017-11-27,11,8.66667,0.0,0.5,56,55.8282,42.5314,-20.4817,32.6109,360.0,0
2017-11-27,12,9.16667,0.0,1.0,50,51.7496,45.4175,-19.2172,27.558,377.143,0
2017-11-27,13,9.16667,0.0,1.66667,48,48.4104,46.0007,-19.8211,31.9503,352.8,0
2017-11-27,14,9.33333,0.0,2.33333,48,47.6231,51.075,-14.9503,36.8211,352.8,0
2017-11-27,15,9.5,0.0,3.0,54,51.9204,57.5331,-33.1891,40.6479,327.6,0
2017-11-27,16,9.5,0.0,3.16667,65,62.2123,67.3881,-39.5531,39.0119,337.08,0
2017-11-27,17,9.66667,0.0,3.16667,80,71.0736,76.3494,-41.7208,35.7676,325.867,0
2017-11-27,21,10.3333,0.0,1.16667,74,45.54,115.02,-46.0549,35.2309,300.0,0
2017-11-27,23,11.3333,0.0,0.166667,70,27.285,70.415,-45.5541,27.1533,309.12,0
2017-11-28,0,12.0,0.0,-0.333333,67,23.745,63.96,-51.4173,25.4397,262.08,0
2017-11-28,1,12.6667,0.0,-0.5,65,44.3839,91.3161,-21.1074,14.5418,276.0,0
2017-11-28,2,13.5,0.0,-0.5,65,37.7343,81.3161,3.97912,9.94968,255.2,0
2017-11-28,3,13.8333,0.0,-0.5,64,31.6064,74.4919,30.0657,5.35752,239.4,0
2017-11-28,4,14.1667,0.0,-0.333333,63,27.2389,66.9971,57.0,0.0,239.4,0
2017-11-28,5,14.1667,0.0,0.0,61,31.3385,64.8326,57.0,0.0,239.4,0
2017-11-28,6,14.3333,0.0,0.333333,62,34.8031,62.0793,57.0,0.0,245.92,0
2017-11-28,7,14.5,0.0,0.5,56,39.8021,62.6364,57.0,0.0,239.4,0
2017-11-28,8,14.8333,0.0,0.666667,55,40.0911,64.3964,29.1418,5.7402,230.4,0
2017-11-28,9,15.0,0.0,1.0,52,39.4015,63.7836,-0.564159,12.2458,204.429,0
2017-11-28,10,15.5,0.0,1.5,46,31.9696,59.9882,-28.4224,17.986,203.52,0
2017-11-28,11,16.3333,0.0,2.0,42,31.8177,55.8282,-59.1283,24.4915,187.68,0
2017-11-28,12,17.3333,0.0,2.66667,39,33.7527,51.7496,-10.5642,12.2458,225.28,0
2017-11-28,13,18.0,0.0,3.5,44,30.8264,48.4104,-16.1074,14.5418,186.353,0
2017-11-28,14,18.5,0.0,4.33333,44,35.778,47.6231,-17.9552,15.3072,181.895,0
2017-11-28,15,18.8333,0.0,4.83333,46,43.9619,51.9204,-55.4328,22.9608,184.743,0
2017-11-28,16,18.5,0.0,5.0,48,58.2827,62.2123,-51.7373,21.4301,202.926,0
2017-11-28,17,17.6667,0.0,5.0,56,71.8404,71.0736,-19.1836,14.1592,236.64,0
2017-11-28,18,16.5,0.0,4.66667,58,82.88,70.69,-32.1179,19.5167,207.36,0
2017-11-28,21,13.0,0.0,2.83333,62,31.865,45.54,25.0657,5.35752,286.971,0
2017-11-28,23,12.3333,0.0,1.83333,63,27.2,27.285,36.0657,5.35752,249.171,0
2017-11-29,0,11.5,0.28,1.66667,63,23.505,23.745,11.903,9.567,260.0,0
2017-11-29,1,10.8333,0.28,1.66667,64,50.1481,44.3839,-6.46099,15.931,291.5,0
2017-11-29,2,10.3333,0.28,1.5,74,41.9886,37.7343,-25.852,18.9924,329.018,0
2017-11-29,3,10.5,0.28,1.33333,78,39.8493,31.6064,-45.167,22.4366,372.6,0
2017-11-29,4,9.83333,0.28,1.33333,81,33.9604,27.2389,-33.167,22.4366,310.371,0
2017-11-29,5,9.5,1.35,1.33333,83,41.1252,31.3385,-29.4714,20.9058,323.345,0
2017-11-29,6,9.33333,1.07,1.16667,83,52.8283,34.8031,-27.6237,13.2522,325.867,0
2017-11-29,7,9.16667,1.07,1.0,83,59.005,39.8021,-28.6507,3.8268,327.6,0
2017-11-29,8,9.16667,1.07,1.0,80,71.6856,40.0911,-27.7268,-1.9134,352.8,0
2017-11-29,9,8.66667,1.55,1.0,75,78.4685,39.4015,-27.7268,-8.80164,381.9,0
2017-11-29,10,8.66667,1.55,1.16667,67,83.3867,31.9696,-48.0418,-12.2458,403.68,0
2017-11-29,11,9.5,0.51,1.5,62,79.4029,31.8177,-48.0418,-12.2458,395.2,0
2017-11-29,12,10.1667,0.94,1.83333,58,62.7946,33.7527,-25.7268,-8.80164,313.65,0
2017-11-29,13,11.0,0.94,2.33333,57,56.8682,30.8264,0.131361,-3.06144,300.667,0
2017-11-29,14,11.8333,0.94,2.83333,57,57.6196,35.778,20.4463,0.38268,263.467,0
2017-11-29,15,12.1667,0.46,3.16667,61,59.9069,43.9619,52.0,0.0,286.971,0
2017-11-29,16,12.3333,0.97,3.16667,68,61.8181,58.2827,41.8373,4.20948,249.171,0
2017-11-29,17,11.5,0.94,3.0,75,71.6842,71.8404,17.6746,8.41896,260.0,0
2017-11-29,20,8.66667,4.73,1.83333,83,17.36,34.505,-28.4985,17.6033,342.514,0
2017-11-29,21,8.0,4.73,1.5,82,60.425,31.865,-36.4985,17.6033,411.927,0
2017-11-30,0,7.0,8.16,0.833333,90,68.005,23.505,-7.64028,6.50556,463.6,0
2017-11-30,1,6.83333,6.05,0.833333,85,83.3668,50.1481,-14.1074,3.8268,420.0,0
2017-11-30,2,6.66667,6.18,0.833333,83,79.6523,41.9886,-10.0352,-3.85998,452.4,0
2017-11-30,3,6.83333,11.08,0.833333,85,76.8271,39.8493,-7.26354,-8.83482,490.629,0
2017-11-30,4,7.0,11.08,0.833333,85,75.8827,33.9604,-8.18742,-14.575,457.6,0
2017-11-30,5,7.33333,7.14,0.833333,86,72.5019,41.1252,-20.5514,-20.939,420.0,0
2017-11-30,7,7.66667,7.14,1.0,91,76.6846,59.005,-35.5898,-33.9662,443.143,0
2017-11-30,10,7.66667,3.33,1.0,90,94.69,83.3867,-16.4722,-41.2773,405.45,0
2017-11-30,11,7.66667,3.33,1.0,91,91.7,79.4029,-1.69011,-41.2773,417.6,0
2017-11-30,13,8.5,4.85,0.833333,91,79.15,56.8682,23.504,-37.1136,390.0,0
2017-11-30,15,9.0,4.29,0.5,92,52.08,59.9069,41.0159,-24.4035,361.029,0
2017-11-30,16,9.16667,3.3,0.333333,90,48.2033,61.8181,48.4069,-14.342,356.4,0
2017-11-30,17,9.5,3.3,0.166667,88,35.49,71.6842,47.3798,-4.91659,352.8,0
2017-11-30,20,11.5,1.17,0.0,86,55.6204,17.36,39.9181,41.2245,291.6,0
2017-11-30,21,12.5,0.56,0.0,86,53.1525,60.425,36.7697,45.6573,270.327,0
2018-10-01,0,8.83333,0.0,7.66667,67,68.5857,87.0364,21.0282,9.101,386.4,0
2018-10-01,1,8.83333,0.0,6.66667,70,69.5936,83.6843,18.3702,0.0,380.8,0
2018-10-01,2,8.83333,0.0,6.0,71,74.3042,90.3092,18.3702,-6.88824,380.8,0
2018-10-01,3,9.0,0.0,5.66667,73,68.0821,78.1379,1.05524,-10.3324,371.25,0
2018-10-01,4,9.0,0.0,5.5,74,68.3457,80.9008,-15.2597,-13.7765,366.667,0
2018-10-01,5,9.0,0.0,5.5,79,69.0008,72.8964,-32.5746,-17.2206,366.667,0
2018-10-01,6,9.0,0.0,5.83333,88,61.3836,69.8564,-49.8895,-20.6647,366.667,0
2018-10-01,7,9.0,0.0,6.16667,100,67.1883,78.495,-49.8895,-20.6647,366.667,0
2018-10-01,8,8.83333,0.0,6.66667,100,65.2821,69.1179,-49.8895,-20.6647,366.667,0
2018-10-01,9,8.83333,0.0,7.16667,91,61.0514,56.7521,-48.9656,-20.282,380.8,0
2018-10-01,10,9.0,0.0,8.16667,70,43.9314,41.7517,-48.9656,-20.282,380.8,0
2018-10-01,11,9.33333,0.0,9.5,59,31.4229,21.2321,-30.6507,-16.8379,366.667,0
2018-10-01,12,9.83333,0.0,11.0,50,28.5425,13.6671,-32.4985,-9.18432,339.2,0
2018-10-01,13,10.3333,0.0,12.6667,48,29.8164,9.52583,-35.2701,-1.14804,300.0,0
2018-10-01,14,11.0,0.0,14.1667,46,32.1343,9.20357,-28.0495,13.8428,300.667,0
2018-10-01,15,11.5,0.0,15.5,47,35.21,8.70917,-28.2199,25.7723,273.48,0
2018-10-01,16,11.6667,0.0,16.1667,52,39.3107,14.1329,-46.7052,34.2576,260.945,0
2018-10-01,17,11.6667,0.0,16.1667,59,42.19,14.43,-44.3207,37.8263,270.3,0
2018-10-01,18,11.5,0.0,15.8333,61,46.0985,23.8293,-41.0124,41.0124,280.8,0
2018-10-01,19,11.3333,0.0,15.1667,63,51.5386,39.8643,-40.3053,40.3053,291.5,0
2018-10-01,20,11.1667,0.0,14.3333,65,60.5879,50.4414,-41.9826,36.0294,302.4,0
2018-10-01,21,11.0,0.0,13.5,67,49.6942,65.7383,-43.66,31.7536,305.455,0
2018-10-01,22,11.0,0.0,12.6667,70,24.595,68.1836,-43.66,31.7536,305.455,0
2018-10-01,23,11.0,0.0,12.0,72,22.4057,71.0823,-28.1036,34.1381,305.455,0
2018-10-02,0,10.8333,0.51,11.3333,73,24.1086,68.5857,-12.5471,34.1381,305.455,0
2018-10-02,1,10.3333,0.51,10.6667,74,26.4307,69.5936,4.68663,36.9997,317.127,0
2018-10-02,2,9.66667,0.51,10.1667,75,27.6617,74.3042,20.5062,40.1812,353.455,0
2018-10-02,3,9.16667,0.51,9.5,77,26.5321,68.0821,25.456,46.6484,335.345,0
2018-10-02,4,8.66667,0.51,9.0,79,27.8229,68.3457,38.891,46.2612,372.655,0
2018-10-02,5,8.33333,0.51,8.66667,81,31.4717,69.0008,36.7697,43.4896,411.927,0
2018-10-02,6,8.33333,0.0,8.33333,83,29.1564,61.3836,43.1337,51.8045,360.0,0
2018-10-02,7,8.83333,0.0,8.0,85,28.8125,67.1883,42.4266,51.0974,360.0,0
2018-10-02,8,9.5,0.0,7.66667,86,24.9664,65.2821,37.4768,44.4135,361.029,0
2018-10-02,9,10.0,0.0,7.66667,84,28.1136,61.0514,40.3053,45.7245,313.65,0
2018-10-02,10,10.3333,0.0,7.66667,81,31.2992,43.9314,36.7697,38.7206,326.8,0
2018-10-02,11,10.6667,0.25,7.66667,77,30.1493,31.4229,37.4768,37.4768,321.48,0
2018-10-02,12,10.8333,0.25,7.83333,69,28.305,28.5425,38.1839,38.1839,317.127,0
2018-10-02,13,10.8333,0.25,8.33333,61,25.0567,29.8164,38.1839,38.1839,317.127,0
2018-10-02,14,10.6667,0.25,8.83333,54,18.9829,32.1343,30.4057,41.4057,317.127,0
2018-10-02,15,10.8333,0.25,9.33333,51,21.3567,35.21,22.6275,43.6275,321.48,0
2018-10-02,16,11.5,0.25,9.83333,51,26.3043,39.3107,10.9643,47.643,305.455,0
2018-10-02,17,12.1667,0.0,10.1667,58,31.3043,42.19,-2.17147,52.7991,271.745,0
2018-10-02,18,13.0,0.0,10.3333,53,32.2907,46.0985,-15.6899,47.8791,276.12,0
2018-10-02,19,13.8333,0.0,10.1667,52,36.5629,51.5386,-21.8128,52.6612,225.5,0
2018-10-02,20,14.8333,0.0,9.83333,49,34.9956,60.5879,-28.5344,52.8884,204.429,0
2018-10-02,21,15.8333,0.0,9.16667,49,38.6217,49.6942,-34.4906,51.2678,195.52,0
2018-10-02,22,16.8333,0.0,8.66667,47,26.88,24.595,-41.4784,50.1376,180.0,0
2018-10-02,23,17.8333,0.0,8.33333,48,15.6958,22.4057,-38.1839,38.1839,204.6,0
2018-10-03,0,18.6667,0.0,8.0,48,11.3036,24.1086,-41.7195,41.7195,177.0,0
2018-10-03,1,19.3333,0.0,7.83333,51,10.4508,26.4307,-43.8408,43.8408,167.04,0
2018-10-03,2,20.0,0.0,7.83333,53,9.73,27.6617,-43.8408,43.8408,171.943,0
2018-10-03,3,20.3333,0.0,8.0,57,10.4358,26.5321,-36.6451,47.4691,178.286,0
2018-10-03,4,20.5,0.51,8.0,60,10.208,27.8229,-29.4494,51.0974,180.0,0
2018-10-03,5,20.5,0.51,8.16667,63,12.6658,31.4717,-23.3435,56.3567,173.46,0
2018-10-03,6,20.3333,0.51,8.33333,69,12.545,29.1564,-23.7262,57.2806,167.04,0
2018-10-03,7,20.3333,0.51,8.5,72,17.0483,28.8125,-23.7262,57.2806,171.943,0
2018-10-03,8,20.1667,0.51,8.83333,74,15.2618,24.9664,-15.6899,57.8791,178.286,0
2018-10-03,9,20.1667,1.5,9.16667,70,14.9564,28.1136,-7.6536,57.4776,186.66,0
2018-10-03,10,20.5,0.99,9.66667,59,11.2667,31.2992,0.0,59.0,186.66,0
2018-10-03,11,21.0,0.99,10.1667,52,9.205,30.1493,0.0,62.0,162.0,0
2018-10-03,12,21.6667,0.99,10.8333,47,6.60714,28.305,0.0,67.0,136.74,0
2018-10-03,13,22.1667,1.65,11.5,43,8.53286,25.0567,0.0,71.0,130.226,0
2018-10-03,14,22.6667,1.65,12.1667,44,4.575,18.9829,0.0,71.0,135.15,0
2018-10-03,15,23.0,0.66,12.6667,46,7.66214,21.3567,15.5564,67.3254,145.75,0
2018-10-03,16,22.6667,0.66,12.8333,50,9.66308,26.3043,31.1128,63.6507,151.93,0
2018-10-03,17,22.0,0.66,12.8333,49,15.3821,31.3043,45.9622,60.0522,158.564,0
2018-10-03,18,21.1667,0.66,12.3333,53,17.2364,32.2907,44.5479,58.2044,170.564,0
2018-10-03,19,20.0,0.23,11.8333,57,29.0386,36.5629,42.4266,55.4328,184.743,0
2018-10-03,20,18.6667,0.23,11.0,61,25.9514,34.9956,38.891,50.8134,214.5,0
2018-10-03,21,17.3333,0.23,10.3333,64,24.2933,38.6217,48.7906,63.7477,186.66,0
2018-10-03,22,16.1667,0.23,9.66667,67,17.6121,26.88,44.5479,58.2044,222.821,0
2018-10-03,23,15.0,0.23,9.0,69,14.2275,15.6958,31.1128,54.6507,243.6,0
2018-10-04,0,13.8333,0.23,8.5,71,18.0764,11.3036,19.7991,52.8686,257.914,0
2018-10-04,1,13.1667,0.0,8.0,72,17.0929,10.4508,9.89954,51.9343,277.114,0
2018-10-04,2,12.6667,0.0,7.66667,73,17.4183,9.73,0.0,51.0,297.0,0
2018-10-04,3,12.1667,0.0,7.16667,74,17.2836,10.4358,0.0,62.0,258.514,0
2018-10-04,4,11.6667,0.0,6.83333,74,16.2757,10.208,-4.20948,58.1627,279.138,0
2018-10-04,5,11.1667,0.0,6.33333,77,15.815,12.6658,-8.41896,55.3254,291.5,0
2018-10-04,6,10.8333,0.23,6.16667,78,19.4564,12.545,-15.4901,50.3965,313.5,0
2018-10-04,7,10.5,0.23,6.0,83,27.6167,17.0483,-22.5612,45.4676,329.018,0
2018-10-04,8,10.3333,0.23,6.0,81,30.3564,15.2618,-29.6323,41.5387,341.127,0
2018-10-04,9,10.1667,0.23,6.33333,70,25.52,14.9564,-32.4939,38.4471,353.455,0
2018-10-04,10,10.1667,0.23,6.83333,62,16.4631,11.2667,-36.3207,47.6859,300.0,0
2018-10-04,11,10.5,0.23,7.83333,51,8.70583,9.205,-17.2619,40.6148,346.92,0
2018-10-04,12,10.6667,0.0,8.66667,45,8.46286,6.60714,-1.70547,44.6302,321.48,0
2018-10-04,13,10.6667,0.0,9.66667,43,7.915,8.53286,13.1438,47.7218,309.12,0
2018-10-04,14,10.5,0.0,10.5,44,11.3767,4.575,27.286,49.8895,309.12,0
2018-10-04,15,10.1667,0.0,11.3333,44,14.1229,7.66214,31.1128,49.6507,329.018,0
2018-10-04,16,9.66667,0.0,12.0,46,21.535,9.66308,31.1128,57.6507,300.0,0
2018-10-04,17,8.83333,0.0,12.1667,50,29.6557,15.3821,23.3346,55.488,345.6,0
2018-10-04,18,8.16667,0.0,12.1667,57,42.9036,17.2364,14.8493,51.4015,398.618,0
2018-10-04,19,8.0,0.0,11.8333,65,58.0543,29.0386,9.89954,56.3512,372.764,0
2018-10-04,20,8.0,0.0,11.3333,73,72.5993,25.9514,11.1213,46.1886,386.88,0
2018-10-04,21,8.16667,0.0,10.5,77,84.4533,24.2933,-4.26469,33.5056,388.267,0
2018-10-04,22,8.5,0.0,9.66667,80,83.8808,17.6121,-12.5796,21.0615,374.85,0
2018-10-04,23,9.0,0.0,8.83333,81,70.1786,14.2275,-2.57961,5.06153,393.6,0
2018-10-05,0,9.5,0.0,8.0,83,63.3257,18.0764,7.42039,-1.93847,345.257,0
2018-10-05,1,9.5,0.0,7.33333,82,54.8993,17.0929,22.3702,-6.88824,325.867,0
2018-10-05,2,9.5,0.0,6.83333,82,56.5542,17.4183,22.3702,-6.88824,325.867,0
2018-10-05,3,9.5,0.0,6.33333,85,51.0071,17.2836,39.6851,-3.44412,325.867,0
2018-10-05,4,9.33333,0.0,5.66667,88,54.1492,16.2757,57.0,0.0,337.08,0
2018-10-05,5,9.16667,0.0,5.33333,91,50.8793,15.815,56.0,0.0,349.92,0
2018-10-05,6,9.0,0.0,5.16667,98,47.855,19.4564,55.0,0.0,363.0,0
2018-10-05,7,9.16667,0.0,5.16667,100,52.9992,27.6167,54.0,0.0,366.667,0
2018-10-05,8,9.16667,0.0,5.33333,97,55.155,30.3564,55.0,0.0,352.8,0
2018-10-05,9,9.33333,0.0,6.0,81,53.2625,25.52,55.0,0.0,352.8,0
2018-10-05,10,9.33333,0.0,7.16667,58,31.3421,16.4631,56.0,0.0,339.2,0
2018-10-05,11,9.33333,0.0,8.66667,48,20.9583,8.70583,56.0,0.0,339.2,0
2018-10-05,12,9.5,0.0,10.3333,43,14.5407,8.46286,38.6851,3.44412,339.2,0
2018-10-05,13,9.66667,0.0,12.0,41,13.1983,7.915,20.4463,7.27092,337.08,0
2018-10-05,14,10.0,0.0,13.6667,41,15.8393,11.3767,0.283601,11.4804,312.8,0
2018-10-05,15,10.1667,0.0,15.1667,42,14.9192,14.1229,-18.8791,15.6899,300.0,0
2018-10-05,16,10.5,0.0,16.1667,41,18.4743,21.535,-48.0418,19.8994,326.8,0
2018-10-05,17,10.6667,0.0,16.5,45,19.7857,29.6557,-49.8895,20.6647,309.12,0
2018-10-05,18,10.6667,0.0,16.3333,53,26.9764,42.9036,-49.8895,20.6647,317.127,0
2018-10-05,19,10.3333,0.0,15.8333,61,45.5007,58.0543,-48.9656,20.282,329.018,0
2018-10-05,20,10.0,0.0,14.8333,70,60.7093,72.5993,-29.803,16.0726,353.455,0
2018-10-05,21,9.66667,0.0,13.5,71,65.9542,84.4533,-20.803,16.0726,311.564,0
2018-10-05,22,9.33333,0.0,12.1667,69,62.0936,83.8808,-1.64028,11.8631,335.345,0
2018-10-05,23,9.33333,0.0,10.8333,68,65.8779,70.1786,17.5224,7.6536,349.92,0
2018-10-06,0,9.33333,0.0,9.83333,68,61.6429,63.3257,17.5224,0.0,349.92,1
2018-10-06,1,9.5,0.0,8.83333,66,61.8892,54.8993,17.5224,-7.6536,339.2,1
2018-10-06,2,9.66667,0.0,8.0,73,56.0607,56.5542,-0.716399,-11.4804,325.867,1
2018-10-06,3,9.83333,0.0,7.66667,64,57.9633,51.0071,-18.9552,-15.3072,312.8,1
2018-10-06,4,10.0,0.0,7.5,60,54.6479,54.1492,-37.194,-19.134,300.0,1
2018-10-06,5,10.0,0.0,7.5,57,55.3542,50.8793,-55.4328,-22.9608,300.0,1
2018-10-06,6,10.0,0.0,7.5,59,55.6814,47.855,-55.4328,-22.9608,300.0,1
2018-10-06,7,10.0,0.0,7.66667,63,59.025,52.9992,-55.4328,-22.9608,300.0,1
2018-10-06,8,10.0,0.0,8.16667,63,63.0793,55.155,-55.4328,-22.9608,300.0,1
2018-10-06,9,10.3333,0.0,8.66667,53,60.7692,53.2625,-55.4328,-22.9608,300.0,1
2018-10-06,10,11.1667,0.0,9.83333,49,45.1864,31.3421,-24.9552,-15.3072,334.08,1
2018-10-06,11,12.5,0.0,11.5,40,37.4267,20.9583,-0.716399,-11.4804,273.48,1
2018-10-06,12,14.0,0.0,13.3333,37,35.1793,14.5407,1.13136,3.06144,231.0,1
2018-10-06,13,15.6667,0.0,15.5,36,31.1458,13.1983,-19.1836,14.1592,216.72,1
2018-10-06,14,17.3333,0.0,17.6667,39,23.9771,15.8393,-52.6612,21.8128,191.133,1
2018-10-06,15,18.3333,0.0,19.5,39,22.44,14.9192,-54.5089,22.5781,181.895,1
2018-10-06,16,18.3333,0.0,20.5,41,21.97,18.4743,-53.585,22.1954,193.44,1
2018-10-06,17,17.5,0.0,20.8333,46,23.6786,19.7857,-48.9656,20.282,229.14,1
2018-10-06,18,16.3333,0.0,20.8333,49,27.425,26.9764,-60.9761,25.2569,207.36,1
2018-10-06,19,14.8333,0.0,20.3333,53,40.5857,45.5007,-53.585,22.1954,256.0,1
2018-10-06,20,13.1667,0.0,19.5,54,53.1543,60.7093,-25.9552,15.3072,302.08,1
2018-10-06,21,12.0,0.0,18.5,54,47.3308,65.9542,-15.9552,15.3072,276.48,1
2018-10-06,22,11.3333,0.0,17.6667,54,49.0193,62.0936,-12.2597,5.35752,299.815,1
2018-10-06,23,11.0,0.0,16.8333,53,45.5071,65.8779,-10.4119,-3.8268,313.5,1
2018-10-07,0,10.8333,0.0,16.1667,54,39.5193,61.6429,-9.48804,-12.6284,317.127,1
2018-10-07,1,10.6667,0.0,15.6667,55,36.225,61.8892,-30.6507,-16.8379,309.12,1
2018-10-07,2,10.6667,0.0,15.1667,56,34.8886,56.0607,-49.8895,-20.6647,317.127,1
2018-10-07,3,10.5,0.0,14.8333,58,34.4275,57.9633,-48.9656,-20.282,329.018,1
2018-10-07,4,10.3333,0.0,14.5,60,39.0564,54.6479,-48.0418,-19.8994,341.127,1
2018-10-07,5,10.0,0.51,14.3333,63,37.3167,55.3542,-27.8791,-15.6899,353.455,1
2018-10-07,6,9.66667,0.51,14.1667,65,41.4093,55.6814,-18.8791,-15.6899,311.564,1
2018-10-07,7,9.33333,0.51,14.0,67,41.9992,59.025,0.283601,-11.4804,324.48,1
2018-10-07,8,8.83333,0.51,14.1667,67,45.4064,63.0793,17.5224,-7.6536,349.92,1
2018-10-07,9,8.66667,0.51,14.5,62,50.0992,60.7692,33.7612,-3.8268,389.88,1
2018-10-07,10,9.33333,0.51,15.0,56,40.8514,45.1864,34.6851,3.44412,403.68,1
2018-10-07,11,10.5,0.0,15.8333,49,40.9083,37.4267,11.7508,8.80164,339.2,1
2018-10-07,12,11.8333,0.0,16.8333,46,34.0343,35.1793,-17.563,20.1154,291.6,1
2018-10-07,13,13.3333,0.0,17.8333,45,34.2167,31.1458,-44.5839,32.1363,212.0,1
2018-10-07,14,14.8333,0.0,18.8333,46,34.3664,23.9771,-48.2898,40.713,180.0,1
2018-10-07,15,15.6667,0.0,19.6667,47,34.6467,22.44,-46.6693,46.6693,180.0,1
2018-10-07,16,15.5,0.0,20.1667,48,36.0364,21.97,-40.713,48.2898,202.024,1
2018-10-07,17,14.6667,0.0,20.1667,55,36.9657,23.6786,-33.667,48.2794,233.365,1
2018-10-07,18,13.6667,0.0,20.0,69,40.2093,27.425,-25.8556,46.4212,279.0,1
2018-10-07,19,12.5,0.0,19.6667,71,48.3521,40.5857,-30.0651,56.5839,248.625,1
2018-10-07,20,11.5,0.0,19.0,72,52.9057,53.1543,-25.8224,52.3412,287.571,1
2018-10-07,21,11.0,0.0,18.1667,71,45.9125,47.3308,-27.536,46.478,321.231,1
2018-10-07,22,10.6667,0.0,17.1667,70,31.4536,49.0193,-22.5612,45.4676,329.018,1
2018-10-07,23,10.8333,1.78,16.1667,67,23.1979,45.5071,-10.5735,43.0831,329.018,1
2018-10-08,0,10.8333,1.78,15.0,76,13.8836,39.5193,4.72257,37.5126,309.12,0
2018-10-08,1,10.8333,1.78,13.8333,73,10.6517,36.225,21.9564,34.651,297.0,0
2018-10-08,2,10.8333,1.78,12.8333,71,11.5043,34.8886,38.2663,31.4067,305.455,0
2018-10-08,3,10.6667,1.78,11.8333,67,12.2217,34.4275,47.5051,24.2334,317.127,0
2018-10-08,4,10.5,1.78,11.1667,68,14.77,39.0564,48.9656,20.282,336.3,0
2018-10-08,5,10.1667,0.0,10.5,69,16.8458,37.3167,47.1179,19.5167,353.455,0
2018-10-08,6,9.83333,0.51,10.0,72,21.5871,41.4093,56.3567,23.3435,300.0,0
2018-10-08,7,9.66667,0.51,9.5,73,26.6243,41.9992,55.194,19.134,312.12,0
2018-10-08,8,9.33333,0.51,9.0,74,23.9692,45.4064,54.9552,15.3072,324.48,0
2018-10-08,9,9.16667,0.51,9.0,70,28.7514,50.0992,53.7164,11.4804,349.92,0
2018-10-08,10,9.0,0.51,9.16667,65,26.5457,40.8514,52.7925,4.20948,363.0,0
2018-10-08,11,8.83333,0.51,9.66667,60,22.4525,40.9083,49.9177,-5.98131,376.32,0
2018-10-08,12,8.83333,0.0,10.5,55,24.2693,34.0343,47.0429,-16.1721,380.8,0
2018-10-08,13,8.83333,0.0,11.6667,52,24.2742,34.2167,44.4069,-22.5361,380.8,0
2018-10-08,14,9.0,0.0,12.8333,51,26.7229,34.3664,43.7218,-25.9802,371.25,0
2018-10-08,15,9.0,0.0,13.8333,49,25.4625,34.6467,44.0367,-29.4243,366.667,0
2018-10-08,16,9.0,0.0,14.6667,48,32.8636,36.0364,44.0367,-29.4243,366.667,0
2018-10-08,17,9.0,0.0,14.8333,65,36.0321,36.9657,45.9877,-26.5045,366.667,0
2018-10-08,18,8.83333,0.0,14.6667,66,44.6764,40.2093,48.6237,-20.1405,366.667,0
2018-10-08,19,8.5,0.0,14.3333,72,56.505,48.3521,49.6507,-16.8379,380.8,0
2018-10-08,20,8.0,0.0,13.8333,79,69.5643,52.9057,47.803,-16.0726,409.867,0
2018-10-08,21,7.5,0.0,13.0,82,77.4575,45.9125,53.3462,-18.3686,388.267,0
2018-10-08,22,6.83333,0.0,12.0,83,76.3543,31.4536,49.274,-19.1672,432.667,0
2018-10-08,23,6.16667,0.0,11.3333,83,79.1121,23.1979,51.1874,-23.7866,420.0,0
2018-10-09,0,5.66667,0.0,10.6667,84,79.8629,13.8836,40.9591,-24.9619,482.4,0
2018-10-09,1,5.5,0.0,9.83333,80,81.2777,10.6517,28.0247,-23.4311,549.067,0
2018-10-09,2,5.5,0.0,9.16667,80,74.7436,11.5043,22.4815,-25.7272,513.067,0
2018-10-09,3,5.5,0.0,8.33333,88,78.2233,12.2217,7.93818,-28.0233,550.8,0
2018-10-09,4,5.66667,0.0,7.83333,90,68.8929,14.77,-4.99614,-27.2579,575.143,0
2018-10-09,5,5.83333,0.0,7.5,98,67.375,16.8458,-17.0066,-26.8753,583.0,0
2018-10-09,6,6.0,0.0,7.33333,100,65.0393,21.5871,-28.0931,-26.8753,583.0,0
2018-10-09,7,6.0,0.0,7.33333,100,63.5671,26.6243,-37.8791,-24.9287,570.24,0
2018-10-09,8,6.0,0.0,7.5,100,63.8758,23.9692,-45.3358,-22.6054,546.96,0
2018-10-09,9,5.83333,0.0,8.33333,97,59.45,28.7514,-48.9656,-20.282,524.16,0
2018-10-09,10,5.5,0.0,9.16667,84,56.72,26.5457,-48.9656,-20.282,540.6,0
2018-10-09,11,4.83333,0.0,10.3333,74,54.3057,22.4525,-47.1179,-16.4552,583.0,0
2018-10-09,12,4.33333,0.0,11.6667,66,50.6729,24.2693,-47.1179,-14.4552,604.2,0
2018-10-09,13,4.0,0.0,13.3333,57,50.115,24.2742,-44.9965,-12.3339,600.0,0
2018-10-09,14,3.83333,0.0,15.0,52,46.1943,26.7229,-35.7577,-8.50711,644.8,0
2018-10-09,15,4.0,0.0,16.5,51,41.1758,25.4625,-25.2145,-6.21103,667.8,0
2018-10-09,16,4.5,0.0,17.8333,52,41.8129,32.8636,-14.1279,-6.21103,667.8,0
2018-10-09,17,5.33333,0.0,18.5,57,41.975,36.0321,-2.11747,-6.59371,644.8,0
2018-10-09,18,6.16667,0.0,18.6667,64,49.2929,44.6764,8.37558,-9.2474,622.2,0
2018-10-09,19,6.83333,0.0,18.3333,70,64.4857,56.505,22.5236,-12.0463,635.04,0
2018-10-09,20,7.33333,0.0,17.5,75,71.5879,69.5643,27.143,-18.1329,540.0,0
2018-10-09,21,7.5,0.0,16.3333,77,84.0108,77.4575,25.6557,-31.176,443.7,0
2018-10-09,22,7.5,0.0,15.0,78,81.6486,76.3543,12.0104,-37.6565,451.0,0
2018-10-09,23,7.5,0.0,13.8333,77,84.6879,79.1121,0.0,-38.0391,443.143,0
2018-10-10,0,7.33333,0.0,12.8333,76,85.8957,79.8629,-12.9343,-38.0391,443.143,0
2018-10-10,1,7.16667,0.0,12.0,75,85.1871,81.2777,-24.3512,-35.7681,453.6,0
2018-10-10,2,7.0,0.0,11.5,75,88.3233,74.7436,-33.8798,-31.0558,470.25,0
2018-10-10,3,7.0,0.0,10.8333,74,81.195,78.2233,-40.347,-33.7346,420.0,0
2018-10-10,4,7.0,0.0,10.5,76,80.8364,68.8929,-46.8142,-28.4134,436.05,0
2018-10-10,5,6.83333,0.0,10.3333,83,79.4971,67.375,-50.2199,-23.7011,437.143,0
2018-10-10,6,6.66667,0.0,10.1667,91,78.6829,65.0393,-50.8134,-21.0474,454.629,0
2018-10-10,7,6.5,0.0,10.0,98,82.8275,63.5671,-49.8895,-20.6647,472.457,0
2018-10-10,8,6.33333,0.0,10.0,98,74.9507,63.8758,-48.9656,-20.282,490.629,0
2018-10-10,9,6.16667,0.0,10.6667,86,76.1575,59.45,-48.0418,-19.8994,509.143,0
2018-10-10,10,6.0,0.0,11.5,74,62.0214,56.72,-45.8173,-21.4633,528.0,0
2018-10-10,11,6.0,0.0,12.8333,62,52.2136,54.3057,-50.0599,-25.7059,480.0,0
2018-10-10,12,6.16667,0.0,14.3333,52,47.5992,50.6729,-45.8888,-28.5704,498.343,0
2018-10-10,13,6.33333,0.0,16.1667,46,40.0443,50.115,-39.4217,-32.8917,498.343,0
2018-10-10,14,6.66667,0.0,18.0,44,36.6567,46.1943,-32.9545,-37.2129,480.0,0
2018-10-10,15,7.0,0.0,19.5,43,33.1214,41.1758,-18.8065,-40.0118,496.8,0
2018-10-10,16,7.5,0.0,20.5,45,33.8129,41.8129,-10.2018,-45.1068,457.6,0
2018-10-10,17,8.0,0.0,20.8333,53,36.1943,41.975,3.02826,-46.8829,451.0,0
2018-10-10,18,8.33333,0.0,21.0,68,38.7507,49.2929,10.715,-50.9552,395.2,0
2018-10-10,19,8.66667,0.0,20.5,73,43.1729,64.4857,16.4552,-53.7268,360.0,0
2018-10-10,20,8.83333,0.0,19.5,79,45.9336,71.5879,16.4552,-48.7268,386.4,0
2018-10-10,21,8.83333,0.0,18.3333,82,51.6733,84.0108,9.94968,-49.6507,371.25,0
2018-10-10,22,8.5,0.0,17.0,84,52.4186,81.6486,3.8268,-49.6507,380.8,0
2018-10-10,23,8.0,0.0,15.6667,84,54.7364,84.6879,-4.56709,-46.2856,409.867,0
2018-10-11,0,7.5,0.0,14.1667,88,56.4857,85.8957,-8.80975,-50.5282,388.267,0
2018-10-11,1,7.0,0.0,13.0,89,59.5438,85.1871,-17.7971,-44.5094,432.667,0
2018-10-11,2,6.5,0.0,12.1667,88,58.6377,88.3233,-26.7845,-38.4906,479.467,0
2018-10-11,3,6.16667,0.0,11.3333,91,57.4171,81.195,-32.3278,-40.7866,450.667,0
2018-10-11,4,6.0,0.0,10.5,91,58.0843,80.8364,-37.8711,-34.0827,498.667,0
2018-10-11,5,6.0,0.0,10.1667,93,58.3729,79.4971,-38.6697,-30.0105,538.65,0
2018-10-11,6,6.0,0.0,10.0,100,59.8307,78.6829,-42.9123,-34.2531,497.25,0
2018-10-11,7,6.0,0.0,9.83333,100,63.3483,82.8275,-44.0935,-31.1047,517.029,0
2018-10-11,8,6.0,0.0,9.83333,100,60.1343,74.9507,-44.687,-28.451,520.0,0
2018-10-11,9,6.0,0.0,10.3333,92,58.7079,76.1575,-45.9877,-26.5045,520.0,0
2018-10-11,10,6.16667,0.0,11.6667,67,61.8233,62.0214,-45.9877,-26.5045,520.0,0
2018-10-11,11,6.5,0.0,13.0,56,47.0964,52.2136,-46.9115,-26.8871,499.8,0
2018-10-11,12,6.83333,0.0,14.6667,48,39.4921,47.5992,-41.4819,-27.9519,517.0,0
2018-10-11,13,7.33333,0.0,16.6667,45,33.9775,40.0443,-44.6302,-26.7706,477.0,0
2018-10-11,14,7.83333,0.0,18.6667,45,34.01,36.6567,-48.7025,-25.9721,420.0,0
2018-10-11,15,8.16667,0.0,20.1667,44,30.85,33.1214,-47.2315,-22.8775,413.4,0
2018-10-11,16,8.16667,0.0,21.0,46,35.2907,33.8129,-49.0792,-23.6428,377.4,0
2018-10-11,17,8.0,0.0,21.5,51,36.405,36.1943,-48.4857,-26.2965,375.943,0
2018-10-11,18,8.0,0.0,21.5,74,45.0236,38.7507,-46.9683,-28.5675,390.0,0
2018-10-11,19,7.83333,0.0,20.8333,77,53.5864,43.1729,-46.9683,-28.5675,390.0,0
2018-10-11,20,7.66667,0.0,19.6667,82,58.8079,45.9336,-46.9683,-28.5675,402.8,0
2018-10-11,21,7.66667,0.0,18.5,82,63.8467,51.6733,-46.0445,-28.1849,417.6,0
2018-10-11,22,8.0,0.0,17.1667,79,69.33,52.4186,-29.7295,-24.7407,421.2,0
2018-10-11,23,8.33333,0.0,15.6667,75,65.6329,54.7364,-13.3385,-21.6793,392.229,0
2018-10-12,0,8.5,0.0,14.3333,74,66.8721,56.4857,0.61127,-16.7295,360.0,0
2018-10-12,1,8.66667,0.0,13.1667,71,65.5007,59.5438,20.2179,-6.12288,401.85,0
2018-10-12,2,8.83333,0.0,12.3333,72,71.1225,58.6377,19.294,-6.50556,386.4,0
2018-10-12,3,9.0,0.0,11.3333,81,62.6136,57.4171,18.3702,-6.88824,371.25,0
2018-10-12,4,9.0,0.0,10.8333,81,64.0025,58.0843,2.05524,-10.3324,366.667,0
2018-10-12,5,9.0,0.0,10.5,88,60.0479,58.3729,-15.2597,-13.7765,366.667,0
2018-10-12,6,8.83333,0.0,10.3333,92,58.2208,59.8307,-32.5746,-17.2206,366.667,0
2018-10-12,7,8.5,0.0,10.3333,94,55.2236,63.3483,-48.9656,-20.282,380.8,0
2018-10-12,8,8.16667,0.0,10.5,90,55.1043,60.1343,-47.1179,-19.5167,409.867,0
2018-10-12,9,7.83333,0.0,11.3333,77,48.7875,58.7079,-53.585,-22.1954,374.0,0
2018-10-12,10,7.66667,0.0,12.3333,63,42.5821,61.8233,-51.7373,-21.4301,402.8,0
2018-10-12,11,7.66667,0.0,13.8333,53,37.6633,47.0964,-35.4224,-17.986,417.6,0
2018-10-12,12,7.83333,0.0,15.3333,46,39.57,39.4921,-35.4224,-11.0977,417.6,0
2018-10-12,13,8.33333,0.0,17.0,43,36.4058,33.9775,-35.4224,-4.20948,405.45,0
2018-10-12,14,8.83333,0.0,18.6667,42,38.0157,34.01,-37.2701,2.67876,360.0,0
2018-10-12,15,9.16667,0.0,20.0,41,39.21,30.85,-33.5746,11.8631,361.029,0
2018-10-12,16,9.16667,0.0,20.8333,44,34.1025,35.2907,-35.4224,17.986,341.85,0
2018-10-12,17,8.83333,0.0,20.8333,53,39.9236,36.405,-50.8134,21.0474,352.8,0
2018-10-12,18,8.5,0.0,20.3333,66,48.4521,45.0236,-48.9656,20.282,380.8,0
2018-10-12,19,8.0,0.0,19.5,73,58.8625,53.5864,-47.1179,19.5167,417.72,0
2018-10-12,20,7.5,0.0,18.3333,81,69.83,58.8079,-53.585,22.1954,386.88,0
2018-10-12,21,7.16667,0.0,16.8333,85,73.275,63.8467,-37.3462,18.3686,429.0,0
2018-10-12,22,7.0,0.0,15.3333,85,74.4414,69.33,-21.1074,14.5418,463.6,0
2018-10-12,23,7.0,0.0,14.0,84,74.6629,65.6329,-14.1074,14.5418,420.0,0
2018-10-13,0,7.0,0.0,12.8333,86,74.1779,66.8721,1.20748,11.0977,436.05,1
2018-10-13,1,7.0,0.0,11.8333,88,72.6443,65.5007,15.5985,8.03628,437.143,1
2018-10-13,2,7.0,0.0,11.0,89,75.6575,71.1225,29.0657,5.35752,437.143,1
2018-10-13,3,7.0,0.0,10.3333,92,70.22,62.6136,29.0657,0.0,437.143,1
2018-10-13,4,7.0,0.0,9.83333,92,71.1775,64.0025,29.0657,-5.35752,437.143,1
2018-10-13,5,7.0,0.0,9.33333,97,67.81,60.0479,15.5985,-8.03628,437.143,1
2018-10-13,6,7.0,0.0,9.16667,100,72.5155,58.2208,2.13136,-10.715,437.143,1
2018-10-13,7,6.83333,0.0,9.0,100,68.7243,55.2236,-11.3358,-13.3938,437.143,1
2018-10-13,8,6.66667,0.0,9.0,100,70.7692,55.1043,-23.8791,-15.6899,454.629,1
2018-10-13,9,6.66667,0.0,9.5,94,62.795,48.7875,-36.4224,-17.986,472.457,1
2018-10-13,10,6.5,0.0,10.5,70,54.5675,42.5821,-49.8895,-20.6647,472.457,1
2018-10-13,11,6.16667,0.0,12.1667,56,43.6329,37.6633,-37.4224,-17.986,490.629,1
2018-10-13,12,5.83333,0.0,13.8333,45,40.5108,39.57,-25.9552,-15.3072,528.0,1
2018-10-13,13,5.66667,0.0,15.8333,38,37.48,36.4058,-30.5746,-17.2206,498.343,1
2018-10-13,14,5.5,0.0,17.8333,37,31.1042,38.0157,-26.0208,-19.1612,536.057,1
2018-10-13,15,5.33333,0.0,19.3333,37,34.2236,39.21,-19.5537,-21.4825,575.143,1
2018-10-13,16,5.5,0.0,20.3333,41,36.1636,34.1025,-10.7904,-24.347,583.0,1
2018-10-13,17,5.83333,0.0,20.6667,50,41.8107,39.9236,-2.5684,-28.5181,561.6,1
2018-10-13,18,6.16667,0.0,20.6667,68,51.98,48.4521,5.65364,-32.6892,555.429,1
2018-10-13,19,6.66667,0.0,20.0,76,63.0129,58.8625,12.1208,-37.0104,540.6,1
2018-10-13,20,7.0,0.0,18.8333,82,68.8529,69.83,0.46392,-42.6673,480.0,1
2018-10-13,21,7.16667,0.0,17.6667,84,78.815,73.275,-4.86645,-45.7036,483.36,1
2018-10-13,22,7.16667,0.0,16.1667,85,78.0843,74.4414,-9.42021,-43.763,440.64,1
2018-10-13,23,7.16667,0.0,14.6667,83,87.2215,74.6629,-2.42021,-38.763,420.0,1
2018-10-14,0,7.16667,0.0,13.1667,83,82.665,74.1779,2.28371,-33.2197,420.0,1
2018-10-14,1,7.0,0.0,12.0,78,87.4925,72.6443,6.60495,-26.7526,420.0,1
2018-10-14,2,7.0,0.0,11.0,75,79.1879,75.6575,10.9262,-20.2854,420.0,1
2018-10-14,3,7.0,0.0,10.1667,80,85.76,70.22,4.45903,-15.9642,436.05,1
2018-10-14,4,7.0,0.0,9.33333,85,76.1229,71.1775,3.64875,-12.986,437.143,1
2018-10-14,5,7.16667,0.0,9.0,86,73.9771,67.81,2.13136,-10.715,437.143,1
2018-10-14,6,7.33333,0.0,8.83333,93,72.6829,72.5155,1.20748,-11.0977,420.0,1
2018-10-14,7,7.5,0.0,8.66667,98,69.8971,68.7243,-20.1836,-14.1592,460.8,1
2018-10-14,8,7.66667,0.0,8.83333,94,75.7675,70.7692,-34.5746,-17.2206,443.143,1
2018-10-14,9,7.83333,0.0,9.5,79,60.5807,62.795,-48.9656,-20.282,425.829,1
2018-10-14,10,8.0,0.0,10.8333,58,56.9483,54.5675,-49.8895,-20.6647,408.857,1
2018-10-14,11,8.16667,0.0,12.3333,45,39.2564,43.6329,-50.8134,-21.0474,392.229,1
2018-10-14,12,8.5,0.0,14.1667,39,25.2583,40.5108,-52.6612,-21.8128,374.85,1
2018-10-14,13,9.0,0.0,16.1667,37,17.7414,37.48,-47.1179,-19.5167,401.85,1
2018-10-14,14,9.5,0.0,18.1667,38,15.6836,31.1042,-28.7268,-16.4552,356.4,1
2018-10-14,15,10.0,0.0,19.6667,37,13.6217,34.2236,-10.3358,-13.3938,313.65,1
2018-10-14,16,10.3333,0.0,20.5,39,18.6114,36.1636,15.4463,-7.27092,326.8,1
2018-10-14,17,10.5,0.0,20.6667,43,20.7429,41.8107,33.7612,-3.8268,321.48,1
2018-10-14,18,10.3333,0.0,20.1667,51,31.2279,51.98,33.7612,3.8268,329.018,1
2018-10-14,19,10.0,0.0,19.3333,59,46.5221,63.0129,31.7612,3.8268,353.455,1
2018-10-14,20,9.66667,0.0,18.0,67,55.18,68.8529,40.7612,3.8268,311.564,1
2018-10-14,21,9.33333,0.0,16.5,71,65.3925,78.815,38.7612,3.8268,335.345,1
2018-10-14,22,9.16667,0.0,15.0,73,61.8171,78.0843,36.7612,3.8268,349.92,1
2018-10-14,23,8.83333,0.0,13.5,74,62.955,87.2215,35.7612,3.8268,363.0,1
2018-10-15,0,8.66667,0.0,12.3333,75,62.0025,82.665,37.609,-3.06144,380.8,0
2018-10-15,1,8.5,0.0,11.1667,73,58.1842,87.4925,21.2179,-6.12288,395.2,0
2018-10-15,2,8.33333,0.0,10.0,83,57.7075,79.1879,4.82688,-9.18432,409.867,0
2018-10-15,3,8.16667,0.0,9.33333,77,50.8321,85.76,-2.56416,-12.2458,360.0,0
2018-10-15,4,8.0,0.0,9.0,81,48.7758,76.1229,-18.9552,-15.3072,374.0,0
2018-10-15,5,8.0,0.0,9.0,84,43.5107,73.9771,-35.3462,-18.3686,388.267,0
2018-10-15,6,8.0,0.0,9.0,88,40.4379,72.6829,-51.7373,-21.4301,390.0,0
2018-10-15,7,7.83333,0.0,9.16667,90,38.1375,69.8971,-51.7373,-21.4301,390.0,0
2018-10-15,8,7.66667,0.0,9.66667,85,38.6029,75.7675,-50.8134,-21.0474,405.45,0
2018-10-15,9,7.66667,0.0,10.1667,70,37.9125,60.5807,-49.8895,-20.6647,421.2,0
2018-10-15,10,7.83333,0.0,11.1667,49,31.8829,56.9483,-49.8895,-20.6647,421.2,0
2018-10-15,11,8.16667,0.0,12.3333,39,30.61,39.2564,-33.4985,-17.6033,405.45,0
2018-10-15,12,8.5,0.0,13.8333,33,28.2125,25.2583,-35.3462,-10.715,374.85,0
2018-10-15,13,9.0,0.0,15.5,31,28.335,17.7414,-29.803,-0.76536,393.6,0
2018-10-15,14,9.5,0.0,17.3333,33,27.4533,15.6836,-13.3358,1.9134,345.257,0
2018-10-15,15,9.83333,0.0,18.8333,33,28.625,13.6217,3.13136,4.59216,313.65,0
2018-10-15,16,9.83333,0.0,19.6667,37,35.3379,18.6114,20.5224,7.6536,300.0,0
2018-10-15,17,9.66667,0.0,20.0,45,37.4,20.7429,3.20748,11.0977,312.12,0
2018-10-15,18,9.5,0.0,19.6667,54,46.21,31.2279,4.13136,10.715,324.48,0
2018-10-15,19,9.33333,0.0,18.8333,62,65.5,46.5221,22.3702,6.88824,337.08,0
2018-10-15,20,9.16667,0.0,17.6667,67,73.9329,55.18,21.3702,6.88824,349.92,0
2018-10-15,21,9.0,0.0,16.1667,67,82.8742,65.3925,20.3702,6.88824,363.0,0
2018-10-15,22,9.0,0.0,14.6667,64,81.5529,61.8171,2.05524,3.44412,366.667,0
2018-10-15,23,9.16667,0.0,13.1667,61,81.1129,62.955,2.05524,-3.44412,366.667,0
2018-10-16,0,9.16667,0.0,11.8333,61,80.1371,62.0025,1.13136,-10.715,352.8,0
2018-10-16,1,9.16667,0.0,10.8333,58,83.5325,58.1842,-16.1836,-14.1592,352.8,0
2018-10-16,2,9.16667,0.0,10.0,60,74.9736,57.7075,-33.4985,-17.6033,352.8,0
2018-10-16,3,9.16667,0.0,9.16667,65,76.8475,50.8321,-50.8134,-21.0474,352.8,0
2018-10-16,4,9.33333,0.0,8.66667,57,68.3021,48.7758,-50.8134,-21.0474,352.8,0
2018-10-16,5,9.33333,0.0,8.33333,56,64.625,43.5107,-51.7373,-21.4301,349.92,0
2018-10-16,6,9.33333,0.0,8.16667,58,66.6767,40.4379,-51.7373,-21.4301,339.2,0
2018-10-16,7,9.33333,0.0,8.16667,68,64.8436,38.1375,-51.7373,-21.4301,339.2,0
2018-10-16,8,9.33333,0.0,8.16667,57,63.5714,38.6029,-51.7373,-21.4301,339.2,0
2018-10-16,9,9.33333,0.0,8.66667,48,61.7892,37.9125,-51.7373,-21.4301,339.2,0
2018-10-16,10,9.33333,0.0,9.66667,45,45.45,31.8829,-51.7373,-21.4301,349.92,0
2018-10-16,11,9.5,0.0,11.1667,36,27.3286,30.61,-51.7373,-21.4301,349.92,0
2018-10-16,12,10.0,0.0,13.0,30,21.3592,28.2125,-31.4985,-17.6033,325.867,0
2018-10-16,13,10.5,0.0,14.8333,29,23.4529,28.335,-2.86864,-10.715,340.267,0
2018-10-16,14,11.1667,0.0,16.8333,30,24.1357,27.4533,17.4463,-7.27092,300.667,0
2018-10-16,15,11.6667,0.0,18.5,31,19.9917,28.625,38.7612,-3.8268,262.08,0
2018-10-16,16,11.6667,0.0,19.3333,35,28.5514,35.3379,60.0,0.0,250.364,0
2018-10-16,17,11.3333,0.0,19.5,42,36.19,37.4,59.0,0.0,270.3,0
2018-10-16,18,10.8333,0.0,19.0,48,52.8693,46.21,56.0,0.0,302.4,0
2018-10-16,19,10.3333,0.0,18.3333,49,61.4986,65.5,53.0,0.0,343.385,0
2018-10-16,20,9.66667,0.0,17.1667,51,68.3386,73.9329,62.0,0.0,310.708,0
2018-10-16,21,9.0,0.0,16.1667,53,75.4533,82.8742,58.0,0.0,345.6,0
2018-10-16,22,8.5,0.0,15.3333,57,71.8743,81.5529,54.0,0.0,376.32,0
2018-10-16,23,8.33333,0.0,14.5,55,70.0471,81.1129,37.5328,-2.67876,409.867,0
2018-10-17,0,8.0,0.0,14.0,56,69.7943,80.1371,30.1418,-5.7402,360.0,0
2018-10-17,1,7.66667,0.0,13.3333,59,69.4657,83.5325,14.6746,-8.41896,388.267,0
2018-10-17,2,7.16667,0.0,13.0,63,74.2608,74.9736,-0.792519,-11.0977,417.6,0
2018-10-17,3,6.83333,0.0,12.6667,65,67.0257,76.8475,-14.0352,-15.3404,463.6,0
2018-10-17,4,6.66667,0.0,12.1667,68,66.925,68.3021,-19.5785,-17.6365,435.2,0
2018-10-17,5,6.33333,0.0,11.8333,70,68.4217,64.625,-34.1217,-19.9325,469.05,0
2018-10-17,6,6.16667,0.0,11.3333,71,67.0407,66.6767,-47.665,-22.2286,490.629,0
2018-10-17,7,6.0,0.0,11.1667,74,64.215,64.8436,-46.7411,-21.8459,520.8,0
2018-10-17,8,6.0,0.0,11.1667,72,65.1579,63.5714,-52.2844,-24.142,480.0,0
2018-10-17,9,6.0,0.0,11.5,64,65.295,61.7892,-50.4367,-23.3767,498.343,0
2018-10-17,10,6.0,0.0,12.1667,56,62.8557,45.45,-49.5128,-22.994,517.029,0
2018-10-17,11,5.83333,0.0,13.0,49,62.5715,27.3286,-47.2883,-24.5579,520.0,0
2018-10-17,12,5.66667,0.0,14.3333,43,52.358,21.3592,-47.665,-22.2286,540.6,0
2018-10-17,13,5.66667,0.0,15.6667,38,38.668,23.4529,-37.1217,-19.9325,561.6,0
2018-10-17,14,5.66667,0.0,16.8333,37,40.6933,24.1357,-31.5785,-11.6365,561.6,0
2018-10-17,15,5.5,0.0,17.6667,39,44.7569,19.9917,-21.7925,-3.7971,561.6,0
2018-10-17,16,5.16667,0.0,18.3333,44,50.076,28.5514,-12.7137,3.11838,583.0,0
2018-10-17,17,5.0,0.0,18.5,56,60.0893,36.19,-9.88525,6.8139,561.0,0
2018-10-17,18,4.83333,0.0,18.1667,61,75.2014,52.8693,-4.34197,13.11,604.2,0
2018-10-17,19,4.66667,0.0,17.5,59,83.5867,61.4986,-0.32941,19.1016,649.0,0
2018-10-17,20,4.5,0.0,16.8333,59,91.104,68.3386,-3.86496,22.6371,600.0,0
2018-10-17,21,4.66667,0.0,16.0,59,95.1485,75.4533,-2.94108,26.8466,622.2,0
2018-10-17,22,5.16667,0.0,15.1667,61,97.2386,71.8743,-2.94108,35.3319,600.0,0
2018-10-17,23,5.66667,0.0,14.5,60,96.3687,70.0471,-3.32168,44.2453,626.4,0
2018-10-18,0,6.16667,0.0,14.0,62,95.7273,69.7943,-3.32168,45.2453,604.2,0
2018-10-18,1,6.33333,0.0,13.6667,66,100.096,69.4657,-7.56434,46.702,563.04,0
2018-10-18,2,6.33333,0.0,13.1667,71,98.4246,74.2608,-7.92833,38.3871,556.5,0
2018-10-18,3,6.16667,0.0,12.8333,79,96.0823,67.0257,-11.4639,30.8516,530.4,0
2018-10-18,4,5.83333,0.0,12.5,81,90.0113,66.925,-14.5526,25.2427,524.16,0
2018-10-18,5,5.66667,0.0,12.3333,80,90.3623,68.4217,-15.6364,19.7937,524.16,0
2018-10-18,6,5.5,0.0,12.1667,80,87.3677,67.0407,-16.5603,15.5842,520.0,0
2018-10-18,7,5.66667,0.0,11.8333,80,59.305,64.215,-17.8609,9.04549,536.057,0
2018-10-18,8,6.0,0.0,11.8333,82,58.53,65.1579,-24.3281,-0.63327,536.057,0
2018-10-18,9,6.33333,0.0,11.8333,81,79.9292,65.295,-30.7952,-10.312,536.057,0
2018-10-18,10,6.5,0.0,12.1667,73,71.9173,62.8557,-37.2624,-19.9908,520.0,0
2018-10-18,11,6.66667,0.0,12.6667,68,76.08,62.5715,-48.8057,-22.2869,501.84,0
2018-10-18,12,6.83333,0.0,13.3333,62,61.9269,52.358,-47.1179,-19.5167,505.44,0
2018-10-18,13,6.83333,0.0,14.3333,57,55.5058,38.668,-47.4482,-22.553,477.0,0
2018-10-18,14,6.66667,0.0,15.1667,56,52.9413,40.6933,-46.8547,-25.2067,457.6,0
2018-10-18,15,6.5,0.0,16.1667,56,50.5,44.7569,-45.5541,-27.1533,472.457,0
2018-10-18,16,6.5,0.0,16.6667,59,56.3607,50.076,-43.3296,-28.7172,490.629,0
2018-10-18,17,6.33333,0.0,16.8333,62,89.07,60.0893,-39.1585,-31.5817,509.143,0
2018-10-18,18,6.16667,0.0,16.6667,67,74.9913,75.2014,-34.9875,-34.4463,517.0,0
2018-10-18,19,6.0,0.0,16.1667,70,85.6033,83.5867,-31.7403,-37.6935,528.0,0
2018-10-18,20,6.0,0.0,15.6667,70,94.6,91.104,-35.9829,-41.9361,480.0,0
2018-10-18,21,6.0,0.0,14.8333,75,100.232,95.1485,-35.059,-41.5534,498.343,0
2018-10-18,22,5.66667,0.0,14.0,79,99.7885,97.2386,-24.1093,-36.6037,517.029,0
2018-10-18,23,5.33333,0.0,13.1667,84,103.975,96.3687,-21.9879,-28.8255,561.6,0
2018-10-19,0,5.0,0.0,12.5,91,105.91,95.7273,-21.9879,-24.8255,540.0,0
2018-10-19,1,4.66667,0.0,11.8333,96,106.282,100.096,-17.7453,-16.5828,582.4,0
2018-10-19,2,4.5,0.0,11.1667,99,98.4233,98.4246,-10.6742,-8.64462,626.4,0
2018-10-19,3,4.33333,0.0,10.5,98,92.9962,96.0823,-4.84255,1.51806,649.0,0
2018-10-19,4,4.5,0.0,10.0,96,76.14,90.0113,-1.307,6.13746,600.0,0
2018-10-19,5,4.66667,0.0,9.66667,94,68.005,90.3623,4.52463,15.2163,622.2,0
2018-10-19,6,4.83333,0.0,9.16667,95,64.825,87.3677,10.3563,24.2951,644.8,0
2018-10-19,7,5.0,0.0,9.0,99,68.905,59.305,18.1345,32.0733,667.8,0
2018-10-19,8,5.16667,0.51,8.83333,100,76.1413,58.53,27.2133,37.905,691.2,0
2018-10-19,9,5.33333,0.51,9.0,97,77.272,79.9292,25.456,42.1476,655.2,0
2018-10-19,10,5.66667,0.51,9.33333,81,75.0713,71.9173,33.8277,41.6153,600.0,0
2018-10-19,11,6.0,0.51,9.83333,75,73.8527,76.08,40.2948,36.294,566.1,0
2018-10-19,12,6.5,0.51,10.6667,67,73.3653,61.9269,40.398,30.6579,570.24,0
2018-10-19,13,7.16667,0.51,11.5,61,72.7933,55.5058,44.2535,29.0999,501.84,0
2018-10-19,14,7.83333,0.0,12.5,58,70.6087,52.9413,45.4973,25.4729,461.76,0
2018-10-19,15,8.5,0.0,13.3333,56,69.9493,50.5,47.665,22.2286,413.4,0
2018-10-19,16,9.0,0.23,14.0,59,70.3207,56.3607,47.1179,19.5167,393.6,0
2018-10-19,17,9.5,0.23,14.0,75,71.4407,89.07,49.8895,20.6647,345.257,0
2018-10-19,18,9.66667,0.23,13.8333,79,74.3436,74.9913,52.6612,21.8128,313.65,0
2018-10-19,19,9.5,0.23,13.5,79,74.7807,85.6033,53.585,22.1954,312.8,0
2018-10-19,20,9.16667,0.23,13.0,78,75.8,94.6,52.6612,21.8128,337.08,0
2018-10-19,21,8.83333,0.23,12.5,77,77.1831,100.232,50.8134,21.0474,363.0,0
2018-10-19,22,8.33333,0.0,11.8333,78,73.4173,99.7885,47.2315,22.8775,389.88,0
2018-10-19,23,7.66667,0.51,11.6667,79,70.0077,103.975,52.1812,27.8272,360.0,0
2018-10-20,0,7.16667,0.51,11.3333,80,68.1647,105.91,48.4857,26.2965,414.72,1
2018-10-20,1,6.83333,0.51,11.0,81,68.1923,106.282,44.7902,24.7658,463.6,1
2018-10-20,2,6.33333,0.51,10.6667,81,68.662,98.4233,50.3335,27.0619,435.2,1
2018-10-20,3,5.66667,0.51,10.3333,76,68.5473,92.9962,46.638,25.5312,486.0,1
2018-10-20,4,5.16667,0.51,10.1667,76,68.5327,76.14,50.3335,27.0619,480.0,1
2018-10-20,5,4.83333,0.0,10.0,77,65.345,68.005,46.638,25.5312,550.8,1
2018-10-20,6,4.66667,0.25,9.83333,78,64.0393,64.825,50.3335,27.0619,540.0,1
2018-10-20,7,4.66667,0.25,9.66667,78,63.7787,68.905,46.478,27.536,596.25,1
2018-10-20,8,5.0,0.25,9.66667,79,66.7813,76.1413,45.0638,26.1218,620.229,1
2018-10-20,9,5.5,0.25,9.66667,75,68.43,77.272,45.0638,26.1218,604.2,1
2018-10-20,10,5.83333,0.25,9.83333,72,66.5073,75.0713,44.4703,28.7755,582.4,1
2018-10-20,11,6.33333,0.25,10.1667,66,60.3133,73.8527,44.4703,28.7755,582.4,1
2018-10-20,12,6.83333,0.0,10.8333,64,57.0727,73.3653,45.3941,29.1581,540.0,1
2018-10-20,13,7.5,0.0,11.3333,64,54.7413,72.7933,44.4703,28.7755,480.0,1
2018-10-20,14,8.16667,0.25,11.6667,66,52.9586,70.6087,42.7825,26.0053,451.0,1
2018-10-20,15,8.83333,0.5,11.8333,67,40.6307,69.9493,48.7025,25.9721,375.943,1
2018-10-20,16,9.5,0.5,11.8333,68,47.0053,70.3207,48.9656,20.282,349.8,1
2018-10-20,17,10.0,0.75,11.5,69,49.2413,71.4407,52.6612,21.8128,300.0,1
2018-10-20,18,10.3333,0.75,11.0,67,56.5157,74.3436,48.0418,19.8994,334.08,1
2018-10-20,19,10.5,0.75,10.5,64,55.6927,74.7807,48.0418,19.8994,341.127,1
2018-10-20,20,10.5,0.5,10.0,61,48.0857,75.8,48.0418,19.8994,341.127,1
2018-10-20,21,10.3333,0.25,9.5,61,43.3469,77.1831,48.0418,19.8994,334.08,1
2018-10-20,22,10.3333,0.76,8.83333,60,45.9615,73.4173,48.0418,19.8994,334.08,1
2018-10-20,23,10.1667,0.51,8.16667,59,42.8253,70.0077,48.0418,19.8994,334.08,1
2018-10-21,0,10.0,0.51,7.5,59,42.4577,68.1647,47.1179,19.5167,353.455,1
2018-10-21,1,9.66667,0.51,7.0,57,37.4607,68.1923,55.4328,22.9608,311.564,1
2018-10-21,2,9.16667,1.25,6.5,57,36.9569,68.662,53.585,22.1954,335.345,1
2018-10-21,3,8.83333,1.25,6.16667,61,36.016,68.5473,50.8134,21.0474,363.0,1
2018-10-21,4,8.5,0.74,6.0,63,31.7987,68.5327,48.9656,20.282,389.88,1
2018-10-21,5,8.5,0.74,6.0,66,31.818,65.345,47.1179,19.5167,409.867,1
2018-10-21,6,8.5,0.74,6.0,70,33.4213,64.0393,47.1179,19.5167,409.867,1
2018-10-21,7,8.5,0.74,6.0,73,37.3536,63.7787,47.803,16.0726,409.867,1
2018-10-21,8,8.66667,0.0,5.83333,74,40.4453,66.7813,48.488,12.6284,401.85,1
2018-10-21,9,9.0,0.0,5.83333,72,45.0414,68.43,50.097,9.567,386.4,1
2018-10-21,10,9.66667,0.0,5.83333,77,47.822,66.5073,52.706,6.50556,356.4,1
2018-10-21,11,10.1667,0.53,6.0,72,42.6521,60.3133,57.3149,3.44412,312.8,1
2018-10-21,12,10.6667,0.53,6.33333,66,36.4153,57.0727,51.0866,-4.59216,326.8,1
2018-10-21,13,11.0,0.53,6.66667,59,37.9327,54.7413,53.1731,-9.18432,288.0,1
2018-10-21,14,11.1667,0.53,7.33333,54,44.406,52.9586,51.9513,-16.9625,273.48,1
2018-10-21,15,11.0,0.53,8.0,49,46.49,40.6307,49.0224,-24.0336,291.5,1
2018-10-21,16,10.3333,0.53,8.5,48,46.4164,47.0053,43.3864,-30.3976,324.8,1
2018-10-21,17,9.5,0.0,8.5,58,53.062,49.2413,49.0433,-36.0545,300.0,1
2018-10-21,18,8.66667,0.0,8.33333,61,56.5315,56.5157,44.4239,-34.1411,357.5,1
2018-10-21,19,7.83333,0.0,8.16667,65,70.7867,55.6927,38.2871,-34.4987,411.927,1
2018-10-21,20,7.16667,0.0,7.83333,69,72.9713,48.0857,42.5298,-38.7414,398.945,1
2018-10-21,21,6.66667,0.0,7.33333,72,80.45,43.3469,38.9942,-35.2058,458.28,1
2018-10-21,22,6.33333,0.0,6.83333,74,84.0136,45.9615,43.2369,-39.4485,434.52,1
2018-10-21,23,6.0,0.0,6.66667,75,87.0536,42.8253,40.4084,-36.62,482.4,1
2018-10-22,0,5.66667,0.0,6.33333,77,84.0785,42.4577,37.58,-33.7916,538.65,0
2018-10-22,1,5.66667,0.0,6.0,80,80.1693,37.4607,41.1156,-37.3271,514.8,0
2018-10-22,2,5.66667,0.0,5.5,81,81.9569,36.9569,39.7013,-35.9129,536.057,0
2018-10-22,3,5.5,0.0,5.0,91,76.9927,36.016,37.4768,-37.4768,555.429,0
2018-10-22,4,5.16667,0.0,4.66667,90,75.1747,31.7987,36.0626,-36.0626,583.0,0
2018-10-22,5,5.0,0.0,4.16667,89,72.2933,31.818,37.5933,-39.7581,561.0,0
2018-10-22,6,4.66667,0.0,3.83333,88,74.0447,33.4213,31.82,-39.211,604.2,0
2018-10-22,7,4.0,0.0,3.33333,88,71.1327,37.3536,29.6986,-41.3323,600.0,0
2018-10-22,8,3.33333,0.0,3.16667,90,68.3862,40.4453,23.6082,-37.855,691.2,0
2018-10-22,9,3.16667,0.0,3.16667,87,61.6433,45.0414,21.7604,-38.6204,707.2,0
2018-10-22,10,3.16667,0.0,3.5,84,57.7693,47.822,20.3462,-37.2062,756.0,0
2018-10-22,11,3.33333,0.0,4.16667,76,54.5133,42.6521,24.3462,-37.2062,720.0,0
2018-10-22,12,3.66667,0.0,5.16667,65,55.182,36.4153,24.723,-31.0501,720.0,0
2018-10-22,13,4.16667,0.0,6.66667,56,55.4753,37.9327,25.8068,-25.6011,720.0,0
2018-10-22,14,4.66667,0.0,8.16667,52,53.8747,44.406,26.8907,-20.1522,744.6,0
2018-10-22,15,4.83333,0.0,9.5,49,51.94,46.49,27.2674,-13.9961,769.6,0
2018-10-22,16,5.16667,0.0,10.3333,50,54.492,46.4164,27.6441,-7.84008,773.76,0
2018-10-22,17,5.33333,0.0,11.0,60,53.1433,53.062,28.3512,-0.0618699,720.0,0
2018-10-22,18,5.5,0.0,11.1667,74,59.0621,56.5315,32.5939,11.5718,693.6,0
2018-10-22,19,5.66667,0.0,10.8333,79,73.3987,70.7867,42.6534,20.7672,620.1,0
2018-10-22,20,5.83333,0.0,10.1667,81,76.712,72.9713,34.2817,25.8917,566.1,0
2018-10-22,21,6.16667,0.79,9.33333,81,89.0308,80.45,24.7384,28.1878,540.0,0
2018-10-22,22,6.5,0.79,8.83333,75,69.4369,84.0136,12.8209,30.8281,546.96,0
2018-10-22,23,6.83333,0.79,8.33333,73,44.7147,87.0536,13.8583,36.3058,480.0,0
2018-10-23,0,7.33333,1.58,7.83333,76,32.4771,84.0785,10.2764,39.87,477.0,0
2018-10-23,1,8.0,2.06,7.5,73,22.1367,80.1693,12.3977,41.9913,420.0,0
2018-10-23,2,8.66667,2.06,7.33333,78,23.896,81.9569,10.9835,39.2765,395.2,0
2018-10-23,3,9.16667,1.75,7.16667,76,22.6787,76.9927,29.1412,41.7554,377.143,0
2018-10-23,4,9.33333,1.75,6.66667,75,25.0893,75.1747,38.891,42.3594,341.85,0
2018-10-23,5,9.5,1.75,6.16667,73,28.154,72.2933,39.5982,41.3323,327.6,0
2018-10-23,6,9.5,0.96,5.66667,73,32.148,74.0447,40.3053,40.3053,325.867,0
2018-10-23,7,9.33333,0.48,5.0,72,41.4813,71.1327,40.3053,42.2562,337.08,0
2018-10-23,8,9.16667,0.48,4.5,73,43.674,68.3862,33.2342,44.1851,349.92,0
2018-10-23,9,9.0,0.0,4.33333,70,40.544,61.6433,32.5271,43.478,363.0,0
2018-10-23,10,9.0,0.23,4.66667,77,29.2427,57.7693,31.82,42.7709,366.667,0
2018-10-23,11,9.0,0.23,5.0,67,21.3993,54.5133,31.82,42.7709,366.667,0
2018-10-23,12,9.16667,0.46,5.66667,57,24.3633,55.182,31.82,42.7709,366.667,0
2018-10-23,13,9.33333,0.46,6.66667,50,23.1607,55.4753,32.5271,43.6948,352.8,0
2018-10-23,14,10.5,0.46,7.5,49,22.5867,53.8747,32.5271,44.6948,339.2,0
2018-10-23,15,12.0,0.46,8.16667,54,21.822,51.94,19.7991,47.9668,300.667,0
2018-10-23,16,13.8333,2.14,8.33333,64,24.472,54.492,0.18286,51.8686,241.92,0
2018-10-23,17,16.0,2.14,8.33333,75,26.5467,53.1433,-14.5418,51.1074,204.6,0
2018-10-23,18,18.6667,3.82,8.33333,82,32.6946,59.0621,-22.9608,55.4328,170.133,0
2018-10-23,19,21.8333,3.82,8.33333,81,30.664,73.3987,-26.0222,62.8238,131.04,0
2018-10-23,20,24.6667,3.82,8.33333,80,28.382,76.712,-30.4559,44.5271,154.015,0
2018-10-23,21,27.8333,4.58,8.33333,77,32.2062,89.0308,-43.8408,43.8408,127.531,0
2018-10-23,22,31.1667,2.67,8.5,76,22.3393,69.4369,-49.4977,49.4977,105.382,0
2018-10-23,23,35.1667,3.43,9.0,74,16.448,44.7147,-54.4475,54.4475,91.4595,0
2018-10-24,0,39.3333,2.28,9.33333,75,12.8113,32.4771,-45.8877,70.7829,71.28,0
2018-10-24,1,43.3333,4.57,9.5,74,10.8593,22.1367,-19.5167,47.1179,117.647,0
2018-10-24,2,47.0,6.86,9.66667,76,7.36,23.896,-20.282,48.9656,113.208,0
2018-10-24,3,49.0,6.1,9.66667,84,6.18,22.6787,-21.0474,50.8134,109.091,0
2018-10-24,4,49.0,8.39,9.66667,83,4.718,25.0893,-21.0474,99.8134,62.3127,0
2018-10-24,5,47.1667,9.92,9.33333,81,4.862,28.154,0.0,89.0,86.6939,0
2018-10-24,6,44.8333,9.16,9.0,81,5.99067,32.148,24.7488,72.3358,107.25,0
2018-10-24,7,42.3333,7.56,8.5,81,8.27385,41.4813,50.9119,66.5194,103.68,0
2018-10-24,8,39.6667,5.27,7.83333,83,10.7753,43.674,53.0332,61.0537,98.5297,0
2018-10-24,9,38.1667,5.27,7.66667,75,12.958,40.544,54.4475,54.4475,94.3895,0
2018-10-24,10,38.3333,2.98,7.33333,61,9.64133,29.2427,55.8617,55.8617,90.4615,0
2018-10-24,11,40.0,0.69,7.16667,58,6.54,21.3993,57.2759,57.2759,86.73,0
2018-10-24,12,41.8333,0.69,7.16667,54,6.62,24.3633,60.8115,60.8115,74.0488,0
2018-10-24,13,43.8333,0.0,7.33333,51,5.958,23.1607,76.1662,50.1886,65.1733,0
2018-10-24,14,46.5,0.0,7.66667,50,6.004,22.5867,79.7017,53.7241,60.0,0
2018-10-24,15,48.3333,0.0,7.83333,48,7.61133,21.822,38.891,38.891,109.091,0
2018-10-24,16,49.0,0.0,8.0,49,9.756,24.472,36.0626,36.0626,117.647,0
2018-10-24,17,47.8333,0.0,8.16667,44,14.8967,26.5467,67.8826,67.8826,72.4706,0
2018-10-24,18,45.1667,0.0,8.0,49,19.7933,32.6946,58.6901,58.6901,94.24,0
2018-10-24,19,41.3333,0.0,7.83333,49,30.1892,30.664,49.4977,49.4977,120.253,0
2018-10-24,20,36.0,0.0,7.5,50,26.208,28.382,41.7195,41.7195,150.562,0
2018-10-24,21,30.5,0.0,7.0,52,31.0162,32.2062,57.983,57.983,120.0,0
2018-10-24,22,25.8333,0.0,6.5,53,24.698,22.3393,48.0835,48.0835,165.2,0
2018-10-24,23,22.1667,0.0,5.83333,55,26.4773,16.448,41.0124,41.0124,206.87,0
2018-10-25,0,19.1667,0.0,5.33333,57,29.8869,12.8113,36.0626,36.0626,236.733,0
2018-10-25,1,16.8333,0.0,4.83333,60,27.7633,10.8593,45.9622,45.9622,201.4,0
2018-10-25,2,14.8333,0.0,4.33333,61,28.0867,7.36,42.4266,45.2446,233.365,0
2018-10-25,3,13.5,0.0,3.66667,62,23.3027,6.18,38.1839,43.3864,279.0,0
2018-10-25,4,12.3333,1.12,3.33333,64,18.4153,4.718,38.1839,53.3864,257.4,0
2018-10-25,5,11.5,2.24,3.16667,70,16.4647,4.862,23.0434,51.3115,297.6,0
2018-10-25,6,11.1667,2.24,3.0,76,17.6307,5.99067,5.36563,49.1901,321.231,0
2018-10-25,7,11.1667,2.24,3.0,82,18.1267,8.27385,-12.3121,45.665,317.127,0
2018-10-25,8,11.8333,3.36,3.33333,86,24.432,10.7753,-32.1008,40.4772,285.12,0
2018-10-25,9,12.8333,4.48,4.0,87,24.6667,12.958,-42.1322,26.9786,281.455,0
2018-10-25,10,14.1667,3.61,4.83333,75,27.278,9.64133,-49.136,25.3232,235.2,0
2018-10-25,11,15.5,2.49,6.0,70,23.4987,6.54,-47.539,33.4678,188.308,0
2018-10-25,12,16.6667,2.49,7.33333,69,19.084,6.62,-21.6703,41.7527,212.625,0
2018-10-25,13,17.3333,2.49,8.5,69,20.1913,5.958,-6.88824,54.6298,198.4,0
2018-10-25,14,17.6667,1.37,9.66667,70,18.928,6.004,0.0,55.0,210.189,0
2018-10-25,15,17.6667,0.71,10.6667,72,26.232,7.61133,0.0,53.0,225.095,0
2018-10-25,16,17.1667,0.46,11.3333,70,20.5987,9.756,0.0,69.0,180.0,0
2018-10-25,17,16.3333,0.46,11.6667,68,24.166,14.8967,0.0,65.0,194.541,0
2018-10-25,18,15.5,0.92,11.8333,73,29.636,19.7933,0.0,62.0,217.412,0
2018-10-25,19,15.0,1.55,12.0,75,34.1673,30.1892,0.0,59.0,235.125,0
2018-10-25,20,14.3333,1.55,11.8333,75,22.3713,26.208,0.0,57.0,245.92,0
2018-10-25,21,13.8333,1.72,11.5,78,23.6962,31.0162,0.0,55.0,257.914,0
2018-10-25,22,13.5,1.72,11.0,78,19.2933,24.698,0.0,54.0,267.429,0
2018-10-25,23,13.3333,1.72,10.5,76,24.706,26.4773,9.19243,52.0104,277.114,0
