data,timeofday,windspeed6,opady6,temp6,rhumid,index_avg,prev_index_avg,wind_dir_ns,wind_dir_ew,dispel50,is_weekend
2017-11-01,1,14.8333,0.0,3.0,76,21.375,8.33,0.0,60.0,189.164,1
2017-11-01,3,14.5,0.0,3.5,76,13.33,2.755,0.0,60.0,239.733,1
2017-11-01,4,13.8333,0.23,3.5,78,23.33,3.65,0.0,53.0,282.72,1
2017-11-01,5,13.0,0.23,3.66667,85,20.0,6.515,0.0,65.0,240.0,1
2017-11-01,6,12.8333,0.23,4.0,81,16.67,4.115,0.0,63.0,257.92,1
2017-11-01,7,12.6667,0.23,4.33333,82,28.33,4.84,0.0,62.0,240.0,1
2017-11-01,8,12.8333,0.23,4.5,83,28.33,3.52,0.0,53.0,265.5,1
2017-11-01,9,13.5,0.23,4.83333,90,23.685,4.03,0.0,54.0,261.415,1
2017-11-01,10,13.6667,0.0,5.16667,88,22.925,7.16,0.0,56.0,248.571,1
2017-11-01,11,14.0,0.23,5.66667,86,18.835,3.77,0.0,55.0,257.914,1
2017-11-01,12,14.5,0.23,6.0,85,16.955,8.85667,0.0,56.0,242.031,1
2017-11-01,13,15.5,0.23,6.5,88,14.015,8.165,0.0,60.0,220.0,1
2017-11-01,14,15.8333,0.23,7.0,83,25.095,12.6667,0.0,52.0,216.72,1
2017-11-01,15,16.0,0.23,7.16667,86,25.095,11.415,0.0,52.0,224.824,1
2017-11-01,16,17.3333,0.23,7.33333,90,25.24,11.1767,0.0,51.0,244.26,1
2017-11-01,17,18.0,0.0,7.33333,92,29.055,12.505,0.0,52.0,216.72,1
2017-11-01,18,17.8333,0.0,7.33333,92,41.29,12.74,0.0,56.0,189.0,1
2017-11-01,19,17.3333,0.0,7.0,93,31.52,11.18,0.0,56.0,211.714,1
2017-11-01,20,17.5,0.0,6.83333,91,23.61,12.4433,-6.50556,50.706,232.737,1
2017-11-01,21,17.3333,0.0,6.83333,93,25.68,11.805,-12.6284,65.488,186.821,1
2017-11-01,22,17.0,0.0,6.83333,91,12.995,14.42,-18.3686,60.3462,195.0,1
2017-11-02,1,20.3333,0.0,7.5,91,12.025,21.375,-7.27092,65.5537,131.368,0
2017-11-02,3,22.1667,1.93,8.33333,90,11.155,13.33,-17.2206,67.5746,144.692,0
2017-11-02,4,22.5,1.93,8.83333,86,10.085,23.33,-17.2206,62.5746,162.4,0
2017-11-02,5,22.8333,3.86,9.16667,84,17.4933,20.0,-8.03628,61.4015,165.714,0
2017-11-02,6,21.5,3.86,9.5,89,9.7,16.67,0.0,66.0,147.714,0
2017-11-02,7,21.0,3.86,9.83333,85,23.14,28.33,0.0,63.0,165.714,0
2017-11-02,8,20.1667,1.93,10.0,86,21.525,28.33,0.0,63.0,179.95,0
2017-11-02,9,19.8333,1.93,9.83333,80,17.46,23.685,0.0,55.0,205.8,0
2017-11-02,10,19.1667,3.05,9.66667,81,17.215,22.925,-7.27092,54.5537,211.714,0
2017-11-02,11,18.1667,1.12,9.66667,74,18.435,18.835,-7.27092,50.5537,220.8,0
2017-11-02,12,17.6667,2.24,9.66667,75,22.01,16.955,-14.1592,51.1836,217.579,0
2017-11-02,13,16.6667,3.36,9.66667,79,20.25,14.015,-19.8994,65.0418,180.0,0
2017-11-02,14,16.5,3.36,9.66667,75,13.065,25.095,-18.3686,61.3462,194.541,0
2017-11-02,15,16.3333,3.36,9.66667,77,18.545,25.095,-24.1088,58.2044,216.333,0
2017-11-02,16,16.3333,2.65,9.66667,84,15.085,25.24,-17.2206,59.5746,195.52,0
2017-11-02,17,16.1667,3.06,9.5,80,15.14,29.055,-11.4804,62.7164,180.0,0
2017-11-02,18,16.8333,2.35,9.33333,78,16.455,41.29,0.0,52.0,228.8,0
2017-11-02,19,17.1667,2.42,9.0,79,16.195,31.52,0.0,53.0,216.847,0
2017-11-02,20,17.1667,2.42,8.66667,85,19.88,23.61,0.0,53.0,216.847,0
2017-11-02,21,16.5,3.61,8.5,80,23.82,25.68,0.0,51.0,240.505,0
2017-11-02,22,16.0,3.2,8.33333,80,17.21,12.995,0.0,65.0,208.042,0
2017-11-03,1,14.3333,1.19,8.0,81,17.21,12.025,0.0,57.0,239.4,0
2017-11-03,3,12.8333,0.0,8.0,80,9.295,11.155,0.0,53.0,277.114,0
2017-11-03,4,12.0,0.0,8.0,85,7.0375,10.085,0.0,63.0,249.171,0
2017-11-03,5,11.1667,0.51,8.0,90,6.04,17.4933,0.0,58.0,305.52,0
2017-11-03,6,10.1667,0.51,8.0,87,9.13667,9.7,0.0,52.0,361.371,0
2017-11-03,7,9.0,0.51,7.83333,96,10.44,23.14,0.0,61.0,331.629,0
2017-11-03,8,8.5,0.51,7.83333,86,9.615,21.525,4.94977,53.4672,376.32,0
2017-11-03,9,8.66667,0.99,8.0,80,10.515,17.46,9.89954,49.9343,417.72,0
2017-11-03,10,8.83333,0.99,8.16667,81,11.6967,17.215,17.6777,50.097,395.2,0
2017-11-03,11,9.5,0.48,8.33333,77,13.415,18.435,24.7488,48.1681,380.8,0
2017-11-03,12,10.1667,1.7,8.66667,76,14.84,22.01,33.9413,51.1785,325.867,0
2017-11-03,13,11.3333,1.7,9.16667,75,11.65,20.25,38.1839,47.7218,281.657,0
2017-11-03,14,12.0,1.7,9.5,79,9.38,13.065,43.1337,54.189,240.0,0
2017-11-03,15,11.8333,1.22,9.5,84,9.195,18.545,36.0626,47.1179,291.877,0
2017-11-03,16,11.3333,1.22,9.5,81,12.6717,15.085,36.0626,57.1179,259.2,0
2017-11-03,17,10.3333,1.22,9.5,83,14.835,15.14,26.8702,52.1074,321.231,0
2017-11-03,18,9.33333,0.0,9.16667,83,11.7733,16.455,26.8702,59.1074,310.708,0
2017-11-03,19,8.33333,0.0,8.83333,82,13.085,16.195,17.6777,54.097,387.771,0
2017-11-03,20,7.83333,0.0,8.5,82,20.675,19.88,23.3346,61.488,360.0,0
2017-11-03,21,6.83333,0.0,8.33333,87,20.745,23.82,19.092,54.2106,398.945,0
2017-11-03,22,6.83333,0.0,8.0,82,12.14,17.21,14.1422,46.8764,488.52,0
2017-11-04,1,5.33333,0.0,7.16667,82,11.965,17.21,19.092,52.3435,480.0,1
2017-11-04,3,5.16667,0.0,6.83333,80,20.16,9.295,14.0257,45.5746,575.143,1
2017-11-04,4,5.0,0.0,6.83333,78,11.615,7.0375,8.48242,40.8707,607.05,1
2017-11-04,5,5.5,0.0,6.83333,80,21.3333,6.04,4.23976,45.1133,558.45,1
2017-11-04,6,5.5,0.0,6.83333,86,20.54,9.13667,-8.80816,40.7837,558.45,1
2017-11-04,7,5.66667,0.0,6.83333,87,26.225,10.44,-17.2935,37.9553,566.1,1
2017-11-04,8,5.83333,0.0,6.83333,87,28.715,9.615,-23.6575,38.6624,599.657,1
2017-11-04,9,6.33333,0.0,6.83333,92,50.0,10.515,-32.8499,36.4379,586.56,1
2017-11-04,10,7.0,0.0,7.0,87,47.335,11.6967,-41.1648,30.882,504.9,1
2017-11-04,11,7.33333,0.0,7.33333,82,39.805,13.415,-43.1697,30.722,457.6,1
2017-11-04,12,8.5,0.0,7.66667,72,35.89,14.84,-42.6225,28.0101,453.6,1
2017-11-04,13,9.5,0.0,8.33333,68,25.9375,11.65,-40.1812,29.8984,375.84,1
2017-11-04,14,10.5,0.0,8.66667,67,30.12,9.38,-36.6125,32.2829,340.267,1
2017-11-04,15,10.1667,0.0,8.83333,72,25.0667,9.195,-36.7829,37.3241,309.12,1
2017-11-04,16,9.5,0.0,8.66667,78,25.52,12.6717,-34.6616,35.2028,346.92,1
2017-11-04,17,9.16667,0.0,8.33333,86,33.198,14.835,-38.9042,39.4454,337.08,1
2017-11-04,18,8.33333,0.0,8.0,78,38.295,11.7733,-37.0565,38.6801,372.655,1
2017-11-04,19,7.66667,0.0,7.33333,80,41.7,13.085,-42.5998,40.9762,360.0,1
2017-11-04,20,6.83333,0.0,6.5,100,39.715,20.675,-41.2887,30.5192,412.364,1
2017-11-04,21,7.16667,0.0,6.0,98,36.24,20.745,-43.5464,17.6777,477.9,1
2017-11-04,22,7.66667,0.0,5.66667,95,27.23,12.14,-51.8613,14.2336,420.0,1
2017-11-05,1,8.83333,0.0,4.5,97,25.1967,11.965,-47.1179,-19.5167,393.6,1
2017-11-05,3,9.16667,0.0,4.66667,95,28.805,20.16,-33.4985,-17.6033,352.8,1
2017-11-05,4,9.66667,0.0,4.5,95,27.14,11.615,-16.1836,-14.1592,352.8,1
2017-11-05,5,10.0,0.0,4.33333,97,25.685,21.3333,4.13136,-10.715,324.48,1
2017-11-05,6,10.0,0.0,4.33333,98,32.635,20.54,33.6851,-3.44412,340.267,1
2017-11-05,7,10.0,0.0,4.33333,100,34.675,26.225,51.0,0.0,340.267,1
2017-11-05,8,10.1667,0.0,4.33333,97,31.922,28.715,51.0,0.0,340.267,1
2017-11-05,9,11.0,0.0,4.5,85,33.36,50.0,52.0,0.0,348.0,1
2017-11-05,10,11.3333,0.0,5.0,82,25.882,47.335,54.0,0.0,324.8,1
2017-11-05,11,11.6667,0.0,5.66667,76,23.17,39.805,56.0,0.0,275.6,1
2017-11-05,12,12.8333,0.0,6.5,73,23.1433,35.89,52.0,0.0,264.48,1
2017-11-05,13,13.8333,0.0,7.5,74,20.895,25.9375,58.0,0.0,230.4,1
2017-11-05,14,14.1667,0.0,8.33333,74,20.5933,30.12,59.0,0.0,221.571,1
2017-11-05,15,14.1667,0.0,8.83333,79,23.26,25.0667,33.9134,-4.59216,239.4,1
2017-11-05,16,14.5,0.0,9.0,87,28.005,25.52,33.9134,-4.59216,252.225,1
2017-11-05,17,13.8333,0.0,8.83333,88,20.59,33.198,3.13136,-10.715,245.92,1
2017-11-05,18,13.0,0.0,8.5,88,22.37,38.295,-21.1074,-14.5418,276.0,1
2017-11-05,19,12.5,0.0,8.0,87,34.045,41.7,-20.1836,-14.1592,297.0,1
2017-11-05,20,11.8333,0.0,7.5,88,35.735,39.715,-31.2701,-18.7513,249.171,1
2017-11-05,21,11.1667,0.0,7.0,89,30.55,36.24,-52.6612,-21.8128,323.025,1
2017-11-05,22,9.83333,0.0,6.66667,89,26.26,27.23,-47.1179,-19.5167,346.92,1
2017-11-06,1,9.66667,0.0,6.0,91,26.26,25.1967,-56.3567,-23.3435,311.1,0
2017-11-06,3,9.83333,0.0,5.5,92,23.115,28.805,-45.167,-22.4366,333.45,0
2017-11-06,4,9.83333,0.0,5.33333,91,25.028,27.14,-45.167,-22.4366,359.9,0
2017-11-06,5,9.16667,0.0,5.0,92,26.495,25.685,-50.8238,-28.0934,333.9,0
2017-11-06,6,8.66667,0.0,4.66667,91,26.012,32.635,-45.3941,-29.1581,372.655,0
2017-11-06,7,8.5,0.0,4.5,98,26.86,34.675,-42.6225,-28.0101,395.2,0
2017-11-06,8,8.0,0.0,4.5,93,30.966,31.922,-41.9154,-27.303,425.455,0
2017-11-06,9,8.33333,0.0,4.83333,81,28.99,33.36,-33.9154,-27.303,385.745,0
2017-11-06,10,9.16667,0.0,5.33333,76,32.2175,25.882,-13.7527,-23.0935,360.0,0
2017-11-06,11,9.83333,0.0,6.33333,69,32.27,23.17,12.2952,-14.3752,341.85,0
2017-11-06,12,10.3333,0.0,7.5,66,35.7925,23.1433,37.3431,-5.65688,333.45,0
2017-11-06,13,10.3333,0.0,8.66667,68,35.485,20.895,54.0,0.0,291.6,0
2017-11-06,14,10.6667,0.0,9.66667,76,39.7267,20.5933,54.0,0.0,309.12,0
2017-11-06,15,10.0,0.0,10.1667,83,36.585,23.26,54.0,0.0,332.215,0
2017-11-06,16,8.83333,0.0,10.3333,93,40.7,28.005,48.4567,2.29608,332.677,0
2017-11-06,17,8.0,0.0,10.0,100,48.0,20.59,41.4567,2.29608,407.1,0
2017-11-06,18,7.5,0.0,9.5,96,66.9733,22.37,48.4567,2.29608,384.8,0
2017-11-06,19,7.0,0.0,8.66667,100,77.36,34.045,29.0657,5.35752,426.0,0
2017-11-06,20,6.0,0.0,7.83333,100,57.58,35.735,24.4463,7.27092,420.0,0
2017-11-06,21,5.83333,0.0,7.33333,98,66.52,30.55,17.4463,7.27092,486.0,0
2017-11-06,22,6.0,0.0,7.16667,92,65.105,26.26,7.53288,11.8903,559.32,0
2017-11-07,1,5.33333,0.0,7.16667,91,65.105,26.26,-2.46712,26.8903,540.0,0
2017-11-07,3,5.83333,0.0,7.33333,90,36.505,23.115,6.42856,31.7818,559.543,0
2017-11-07,4,6.0,0.0,7.16667,84,22.468,25.028,7.42856,31.7818,558.45,0
2017-11-07,5,6.66667,0.0,7.0,81,21.87,26.495,27.439,26.807,530.4,0
2017-11-07,6,7.5,0.0,6.83333,88,25.3975,26.012,34.3524,22.1876,509.143,0
2017-11-07,7,7.5,0.0,6.83333,88,19.82,26.86,41.7434,12.1262,461.76,0
2017-11-07,8,7.66667,0.0,6.83333,82,28.06,30.966,49.7434,4.12616,437.25,0
2017-11-07,9,7.66667,0.0,6.83333,80,26.725,28.99,54.7434,4.12616,420.0,0
2017-11-07,10,7.83333,0.0,7.0,79,38.03,32.2175,53.391,-3.06144,421.2,0
2017-11-07,11,7.83333,0.0,7.33333,72,34.125,32.27,51.755,-9.42543,405.45,0
2017-11-07,12,8.0,0.23,7.83333,75,40.838,35.7925,50.119,-15.7894,402.8,0
2017-11-07,13,8.0,0.23,8.16667,75,47.82,35.485,44.5631,-24.1043,390.0,0
2017-11-07,14,8.5,0.23,8.5,70,51.595,39.7267,40.2335,-28.4339,390.0,0
2017-11-07,15,8.5,0.23,8.83333,77,40.075,36.585,30.295,-35.825,401.85,0
2017-11-07,16,8.33333,0.23,8.83333,87,55.725,40.7,22.295,-43.825,409.867,0
2017-11-07,17,8.0,0.23,8.5,86,55.21,48.0,22.295,-51.825,360.0,0
2017-11-07,18,7.83333,0.23,8.0,90,63.8633,66.9733,13.2522,-51.9282,388.267,0
2017-11-07,19,7.33333,0.23,7.5,88,64.88,77.36,6.88824,-53.5642,402.8,0
2017-11-07,20,7.33333,0.23,6.83333,94,63.92,57.58,1.53072,-49.8686,453.6,0
2017-11-07,21,7.5,0.23,6.16667,91,62.4,66.52,-4.59216,-49.8686,453.6,0
2017-11-07,22,7.16667,0.23,5.66667,92,42.6433,65.105,-7.6536,-51.4776,437.25,0
2017-11-08,1,8.33333,0.0,5.0,93,40.2,65.105,-8.41896,-52.3254,421.2,0
2017-11-08,3,8.5,0.0,4.83333,86,35.525,36.505,-6.88824,-49.6298,409.867,0
2017-11-08,4,9.0,0.0,4.66667,85,29.105,22.468,-10.3324,-48.9448,385.0,0
2017-11-08,5,9.16667,0.0,4.33333,86,33.022,21.87,-13.7765,-51.2597,366.667,0
2017-11-08,6,9.33333,0.0,4.0,87,33.555,25.3975,-13.7765,-52.2597,352.8,0
2017-11-08,7,9.66667,0.0,3.66667,87,33.755,19.82,-14.1592,-53.1836,339.2,0
2017-11-08,8,10.0,0.0,3.5,75,35.675,28.06,-18.3686,-54.3462,312.8,0
2017-11-08,9,10.5,0.0,3.5,77,23.306,26.725,-11.4804,-48.7164,340.267,0
2017-11-08,10,11.6667,0.0,3.83333,64,24.805,38.03,-12.6284,-51.488,309.12,0
2017-11-08,11,12.8333,0.0,4.33333,62,20.7,34.125,-23.9422,-52.8018,240.0,0
2017-11-08,12,14.1667,0.0,5.0,62,15.42,40.838,-22.4115,-49.1063,228.0,0
2017-11-08,13,15.1667,0.0,5.66667,62,20.055,47.82,-30.5473,-39.7477,229.125,0
2017-11-08,14,15.5,0.0,6.0,66,18.91,51.595,-25.7391,-44.1399,224.824,0
2017-11-08,15,15.5,0.0,6.16667,73,22.4225,40.075,-34.9315,-53.3323,194.541,0
2017-11-08,16,14.8333,0.0,5.83333,79,23.205,55.725,-33.0181,-48.7129,239.733,0
2017-11-08,17,14.1667,0.0,5.33333,86,24.8367,55.21,-24.8823,-47.0715,284.612,0
2017-11-08,18,12.6667,0.0,4.66667,87,21.68,63.8633,-29.8571,-59.0819,240.0,0
2017-11-08,19,12.3333,0.0,3.83333,89,27.26,64.88,-23.3516,-52.376,279.138,0
2017-11-08,20,12.0,0.0,3.16667,90,31.2,63.92,-24.7658,-53.7902,249.9,0
2017-11-08,22,10.6667,0.0,2.16667,94,33.755,42.6433,-22.8524,-49.1708,310.431,0
2017-11-09,1,8.83333,0.0,2.0,89,33.755,40.2,-27.4446,-51.2574,362.88,0
2017-11-09,3,9.0,0.0,2.33333,75,27.895,35.525,-16.0726,-47.803,401.85,0
2017-11-09,4,9.5,0.0,2.66667,82,24.95,29.105,-20.7893,-48.1901,356.4,0
2017-11-09,5,9.83333,0.0,2.83333,80,26.715,33.022,-21.9374,-50.9618,325.867,0
2017-11-09,6,10.0,0.0,2.66667,87,16.148,33.555,-23.21,-43.034,340.267,0
2017-11-09,7,10.8333,0.0,2.66667,92,17.24,33.755,-26.6541,-42.3489,340.267,0
2017-11-09,8,11.1667,0.0,2.66667,84,21.17,35.675,-33.1096,-43.9336,294.0,0
2017-11-09,9,11.1667,0.0,2.83333,81,16.105,23.306,-33.1096,-43.9336,294.0,0
2017-11-09,10,10.8333,0.0,3.0,85,14.865,24.805,-36.6783,-41.5491,294.0,0
2017-11-09,11,10.5,0.0,3.33333,84,21.535,20.7,-37.215,-37.215,300.667,0
2017-11-09,12,10.5,0.0,3.66667,90,19.2,15.42,-42.0858,-32.3442,339.429,0
2017-11-09,13,9.66667,0.0,4.16667,91,24.935,20.055,-48.4498,-38.7082,310.371,0
2017-11-09,14,9.33333,0.0,4.5,89,16.205,18.91,-44.9142,-35.1726,335.345,0
2017-11-09,15,8.83333,0.0,4.66667,88,18.995,22.4225,-45.451,-30.8386,360.0,0
2017-11-09,16,8.66667,0.0,4.83333,89,24.705,23.205,-43.3296,-28.7172,380.8,0
2017-11-09,17,8.0,0.0,5.0,87,21.6,24.8367,-42.4057,-28.3345,395.2,0
2017-11-09,18,7.33333,0.0,5.33333,83,24.73,21.68,-37.4057,-28.3345,388.267,0
2017-11-09,19,6.83333,0.48,5.16667,100,25.6,27.26,-24.0908,-24.8904,448.0,0
2017-11-09,20,6.33333,0.48,5.0,100,39.515,31.2,-29.6341,-22.5943,420.0,0
2017-11-09,22,6.5,0.48,4.83333,94,36.65,33.755,-3.90612,-9.86636,498.667,0
2017-11-10,1,8.0,0.48,4.33333,87,39.5617,33.755,2.903,-4.97484,440.64,0
2017-11-10,2,8.33333,0.48,4.33333,90,26.63,36.67,-7.75388,0.68204,395.2,0
2017-11-10,3,8.66667,0.96,4.33333,84,50.78,27.895,-7.86748,4.04284,360.0,0
2017-11-10,4,8.83333,0.96,4.16667,82,45.385,24.95,-20.8675,13.0428,403.68,0
2017-11-10,5,9.16667,1.44,4.0,82,44.45,26.715,-11.6287,27.8696,380.8,0
2017-11-10,6,9.66667,0.96,4.0,84,42.315,16.148,-3.31376,42.3138,341.85,0
2017-11-10,7,9.66667,0.96,4.0,83,41.325,17.24,-15.5232,52.4764,300.0,0
2017-11-10,8,10.0,0.96,4.0,84,37.8,21.17,-15.5232,52.4764,300.0,0
2017-11-10,9,10.3333,0.99,4.16667,86,47.395,16.105,-16.9375,44.8907,353.455,0
2017-11-10,10,10.8333,0.99,4.33333,84,50.21,14.865,-24.7157,41.6689,353.455,0
2017-11-10,11,11.3333,0.74,4.66667,76,50.405,21.535,-34.6152,40.5684,317.127,0
2017-11-10,12,11.8333,0.74,5.16667,73,50.18,19.2,-43.34,35.7632,252.45,0
2017-11-10,13,12.6667,0.74,5.66667,75,58.035,24.935,-40.5116,32.9348,259.418,0
2017-11-10,14,13.0,0.74,6.16667,73,58.845,16.205,-41.9258,34.349,257.914,0
2017-11-10,15,13.1667,0.23,6.5,75,53.56,18.995,-43.1129,29.0416,277.114,0
2017-11-10,16,12.8333,0.23,6.66667,83,58.065,24.705,-18.1785,23.6841,297.0,0
2017-11-10,17,12.6667,1.22,6.66667,82,59.435,21.6,-29.2651,28.2763,249.171,0
2017-11-10,18,11.8333,1.22,6.5,85,58.875,24.73,-31.376,23.3516,249.508,0
2017-11-10,19,12.1667,1.22,6.33333,82,51.895,25.6,-28.5475,20.5231,280.8,0
2017-11-10,20,12.3333,2.08,6.16667,89,49.93,39.515,-31.3192,21.6712,249.9,0
2017-11-10,22,13.6667,2.97,6.0,81,42.855,36.65,-16.2326,17.079,246.4,0
2017-11-10,23,14.8333,2.61,6.0,89,40.0,26.63,6.13136,10.715,220.0,0
2017-11-11,1,17.6667,3.47,5.83333,84,42.855,39.5617,-20.9552,15.3072,189.0,1
2017-11-11,3,19.8333,2.58,5.66667,91,20.33,50.78,-58.2044,24.1088,160.74,1
2017-11-11,4,20.6667,2.58,5.5,88,14.68,45.385,-19.7268,16.4552,165.714,1
2017-11-11,5,20.5,1.72,5.33333,87,10.96,44.45,-19.7268,16.4552,170.564,1
2017-11-11,6,19.8333,2.58,5.0,87,6.18,42.315,-12.8366,21.4714,180.0,1
2017-11-11,7,21.3333,2.35,4.83333,84,5.62,41.325,-44.1503,32.7851,211.714,1
2017-11-11,8,19.6667,2.35,4.5,88,7.2,37.8,-36.2292,52.4652,143.242,1
2017-11-11,9,19.1667,2.35,4.33333,80,8.42,47.395,-27.3863,50.1167,174.0,1
2017-11-11,10,18.5,1.49,4.33333,76,8.24,50.21,-22.5781,54.5089,230.04,1
2017-11-11,11,18.1667,1.49,4.33333,66,3.32,50.405,-29.0837,70.2149,203.04,1
2017-11-11,12,19.1667,0.63,4.5,67,8.33,50.18,-25.032,43.4328,232.941,1
2017-11-11,13,17.1667,0.0,4.66667,67,10.96,58.035,-26.9454,48.0522,193.765,1
2017-11-11,14,18.0,0.0,4.83333,64,19.9033,58.845,-27.3281,48.9761,186.353,1
2017-11-11,15,18.3333,0.0,4.83333,67,4.03,53.56,-21.8128,52.6612,209.182,1
2017-11-11,16,18.0,0.48,4.66667,67,8.32,58.065,-20.6647,49.8895,213.333,1
2017-11-11,17,17.0,0.48,4.5,70,12.84,59.435,-19.5167,47.1179,232.941,1
2017-11-11,18,14.8333,0.48,4.33333,69,12.86,58.875,-23.7262,57.2806,217.412,1
2017-11-11,19,13.6667,0.48,4.0,71,10.8,51.895,-23.5846,47.9386,295.579,1
2017-11-11,20,13.1667,0.48,3.66667,72,14.73,49.93,-33.7473,52.1481,272.842,1
2017-11-11,22,12.5,0.84,3.5,78,11.05,42.855,-44.9842,37.4074,240.0,1
2017-11-12,1,13.1667,0.84,3.0,79,11.05,42.855,-37.3838,37.3838,269.925,1
2017-11-12,3,11.8333,1.32,3.0,73,5.21,20.33,-45.4715,34.1063,277.714,1
2017-11-12,4,11.3333,0.48,2.66667,77,5.93,14.68,-50.2767,25.3815,282.764,1
2017-11-12,5,10.8333,0.48,2.66667,85,4.15,10.96,-52.6612,21.8128,307.8,1
2017-11-12,6,10.0,0.48,2.66667,80,9.42667,6.18,-45.3837,22.1121,346.92,1
2017-11-12,7,10.0,0.48,2.66667,84,11.41,5.62,-48.8278,30.427,300.0,1
2017-11-12,8,10.0,0.48,2.5,84,9.60333,7.2,-46.6601,33.6713,311.564,1
2017-11-12,9,9.83333,0.48,2.5,76,9.36,8.42,-44.2757,37.2401,311.564,1
2017-11-12,10,10.6667,0.48,2.83333,77,10.2,8.24,-41.1841,40.1017,323.345,1
2017-11-12,11,11.8333,0.96,3.0,68,8.33,3.32,-31.4874,45.0174,275.6,1
2017-11-12,12,12.6667,0.96,3.33333,62,9.91,8.33,-26.7124,43.4896,270.327,1
2017-11-12,13,13.1667,0.96,3.83333,70,10.07,10.96,-24.2917,48.6457,231.0,1
2017-11-12,14,13.3333,0.48,4.33333,70,9.47,19.9033,-26.413,50.767,243.6,1
2017-11-12,15,13.6667,0.48,4.5,68,10.58,4.03,-24.8823,47.0715,273.28,1
2017-11-12,16,12.5,0.48,4.33333,76,10.76,8.32,-23.7343,44.2999,297.0,1
2017-11-12,17,11.3333,0.0,4.16667,74,12.21,12.84,-27.1784,52.6148,277.714,1
2017-11-12,18,10.6667,0.0,3.83333,75,9.3,12.86,-24.8823,47.0715,332.215,1
2017-11-12,19,9.66667,0.0,3.33333,75,21.65,10.8,-22.761,44.9502,359.9,1
2017-11-12,20,9.0,0.0,2.83333,76,42.09,14.73,-27.7108,49.8999,345.6,1
2017-11-12,22,7.0,0.0,1.5,85,28.72,11.05,-34.3187,42.1742,384.8,1
2017-11-13,1,6.0,0.0,0.333333,79,28.72,11.05,-19.0541,21.6247,520.8,0
2017-11-13,3,6.5,0.0,0.666667,82,19.68,5.21,-26.4753,-0.10839,490.629,0
2017-11-13,4,7.16667,0.0,1.0,88,16.35,5.93,-18.8468,-11.5253,503.25,0
2017-11-13,5,7.83333,0.0,1.16667,85,11.75,4.15,-15.8686,-23.6494,496.8,0
2017-11-13,6,8.5,0.0,1.5,83,13.38,9.42667,-10.9978,-28.5202,419.76,0
2017-11-13,7,8.83333,0.0,1.5,84,13.1867,11.41,-24.442,-36.8351,409.867,0
2017-11-13,8,8.83333,0.0,1.5,82,13.65,9.60333,-11.9176,-43.5536,389.88,0
2017-11-13,9,9.33333,0.0,1.5,79,16.51,9.36,1.14804,-48.9656,361.029,0
2017-11-13,10,9.66667,0.86,1.66667,79,16.42,10.2,-1.53072,-52.4985,314.743,0
2017-11-13,11,9.66667,1.72,1.83333,82,16.2933,8.33,4.59216,-54.3462,312.8,0
2017-11-13,12,10.0,1.72,2.0,80,19.255,9.91,11.4804,-54.3462,312.8,0
2017-11-13,13,9.66667,1.72,2.33333,80,22.9575,10.07,19.134,-56.194,311.564,0
2017-11-13,14,9.0,1.72,2.5,83,23.825,9.47,21.2885,-52.3953,324.48,0
2017-11-13,15,8.83333,1.95,2.33333,96,21.555,10.58,21.7044,-47.3992,376.32,0
2017-11-13,16,8.33333,1.09,2.33333,93,27.885,10.76,30.0193,-40.8433,380.8,0
2017-11-13,17,7.83333,0.23,2.16667,100,26.43,12.21,35.5626,-43.1394,360.0,0
2017-11-13,18,7.33333,1.14,1.83333,98,31.1183,9.3,38.1185,-34.8244,402.8,0
2017-11-13,19,7.66667,1.14,1.5,98,31.5375,21.65,42.0654,-23.4481,439.855,0
2017-11-13,20,8.16667,1.14,1.16667,96,26.815,42.09,45.6341,-5.5072,417.6,0
2017-11-13,22,8.0,0.91,1.0,98,16.435,28.72,46.3412,16.4132,402.8,0
2017-11-14,1,7.5,0.0,0.666667,100,26.6975,28.72,41.3323,38.5201,390.0,0
2017-11-14,3,7.83333,0.0,0.833333,86,30.315,19.68,38.1839,43.3864,432.667,0
2017-11-14,4,8.5,0.0,1.0,88,31.44,16.35,31.82,46.0224,408.857,0
2017-11-14,5,8.66667,0.0,1.16667,92,33.8875,11.75,21.9204,47.1229,393.6,0
2017-11-14,6,8.83333,0.0,1.5,91,30.1529,13.38,16.9706,48.6557,377.143,0
2017-11-14,7,8.83333,0.0,1.66667,86,21.7437,13.1867,12.0209,51.706,371.25,0
2017-11-14,8,8.83333,0.0,2.16667,77,19.3713,13.65,6.36399,52.3149,380.8,0
2017-11-14,9,9.33333,0.0,2.5,73,18.92,16.51,0.0,53.0,380.8,0
2017-11-14,10,9.5,0.0,2.83333,81,18.31,16.42,0.0,56.0,360.0,0
2017-11-14,11,10.3333,0.0,3.33333,71,16.9525,16.2933,8.48532,56.0866,313.65,0
2017-11-14,12,11.5,0.0,3.83333,65,14.7975,19.255,8.48532,53.0866,291.6,0
2017-11-14,13,12.1667,0.0,4.66667,62,14.9462,22.9575,8.48532,51.0866,276.0,0
2017-11-14,14,13.0,0.0,4.83333,64,15.4663,23.825,8.48532,51.0866,276.0,0
2017-11-14,15,12.5,0.0,4.66667,74,16.8312,21.555,0.0,54.0,261.415,0
2017-11-14,16,12.0,0.0,4.5,78,23.635,27.885,0.0,63.0,240.0,0
2017-11-14,17,11.0,0.0,4.0,74,26.9188,26.43,0.0,59.0,295.68,0
2017-11-14,18,9.83333,0.0,3.5,73,30.84,31.1183,-2.67876,50.4672,359.9,0
2017-11-14,19,9.33333,0.0,2.83333,72,34.09,31.5375,-8.33564,56.124,333.9,0
2017-11-14,22,8.83333,0.0,1.83333,78,30.835,16.435,-30.3024,37.6788,395.2,0
2017-11-15,1,10.0,0.0,1.33333,77,41.5013,26.6975,-45.3478,34.5238,312.8,0
2017-11-15,2,10.8333,0.0,1.33333,83,51.0125,35.574,-42.7825,26.0053,346.92,0
2017-11-15,3,11.5,0.0,1.33333,78,42.47,30.315,-43.4432,32.078,297.0,0
2017-11-15,4,12.1667,0.0,1.5,80,40.515,31.44,-46.2717,34.9065,250.92,0
2017-11-15,5,12.6667,0.0,1.66667,86,40.365,33.8875,-39.8613,33.9081,259.418,0
2017-11-15,6,12.5,0.0,2.0,81,43.1613,30.1529,-38.891,38.891,257.914,0
2017-11-15,7,12.6667,0.0,2.33333,82,44.6613,21.7437,-42.3352,47.206,240.0,0
2017-11-15,8,12.3333,0.0,2.5,85,42.8325,19.3713,-37.0278,48.393,258.514,0
2017-11-15,9,11.6667,0.0,2.83333,82,44.5262,18.92,-31.7204,49.58,277.714,0
2017-11-15,10,11.5,0.53,3.33333,88,41.5525,18.31,-25.6477,48.9193,310.431,0
2017-11-15,11,11.6667,0.53,3.83333,82,40.0078,16.9525,-21.4301,51.7373,275.6,0
2017-11-15,12,12.5,0.53,4.33333,77,42.365,14.7975,-23.3435,56.3567,249.9,0
2017-11-15,13,12.3333,0.83,4.83333,77,39.44,14.9462,-19.5167,47.1179,276.12,0
2017-11-15,14,12.0,0.83,5.33333,83,40.39,15.4663,-19.8994,48.0418,281.538,0
2017-11-15,15,11.8333,0.83,5.5,79,43.1125,16.8312,-23.7262,57.2806,249.508,0
2017-11-15,16,11.6667,0.3,5.5,86,40.5563,23.635,-22.1954,53.585,297.6,0
2017-11-15,17,10.8333,0.3,5.5,78,42.6875,26.9188,-21.4301,51.7373,318.171,0
2017-11-15,18,10.6667,0.3,5.33333,79,45.1171,30.84,-19.5167,47.1179,353.455,0
2017-11-15,22,10.8333,0.0,4.33333,85,40.275,30.835,-25.3232,49.136,275.6,0
2017-11-16,1,9.5,0.0,4.0,84,45.1325,41.5013,-27.6193,54.6793,310.708,0
2017-11-16,2,9.83333,0.0,4.16667,80,49.715,51.0125,-25.7059,50.0599,325.867,0
2017-11-16,3,9.66667,0.0,4.16667,78,44.6675,42.47,-22.2618,52.745,333.9,0
2017-11-16,4,9.5,0.0,4.16667,86,42.58,40.515,-13.7765,55.2597,312.8,0
2017-11-16,5,9.5,0.0,4.16667,92,46.3213,40.365,-13.3938,54.3358,313.65,0
2017-11-16,6,9.0,0.0,4.16667,90,48.52,43.1613,-15.9892,52.6016,347.564,0
2017-11-16,7,8.5,0.0,4.16667,84,50.035,44.6613,-14.8412,49.83,356.4,0
2017-11-16,8,8.0,0.0,4.0,88,53.655,42.8325,-13.6932,47.0584,425.455,0
2017-11-16,9,7.66667,0.0,4.0,84,54.8071,44.5262,-16.7546,54.4494,385.745,0
2017-11-16,10,8.16667,0.0,4.16667,81,49.672,41.5525,-20.1987,51.7643,412.364,0
2017-11-16,11,8.33333,0.0,4.5,70,49.7475,40.0078,-24.4082,50.927,374.85,0
2017-11-16,12,8.33333,0.0,4.83333,65,45.9889,42.365,-24.7909,51.8509,360.0,0
2017-11-16,13,9.16667,0.0,5.33333,69,41.692,39.44,-22.1954,53.585,360.0,0
2017-11-16,15,8.5,0.0,6.0,75,45.3763,43.1125,-14.1592,51.1836,366.667,0
2017-11-16,16,7.66667,0.0,6.0,91,51.14,40.5563,-13.0111,48.4119,425.455,0
2017-11-16,17,7.0,0.0,5.83333,90,57.0129,42.6875,-15.3072,53.9552,412.364,0
2017-11-16,18,6.5,0.0,5.66667,97,59.7029,45.1171,-15.7171,45.7059,479.467,0
2017-11-16,22,4.83333,0.0,3.83333,95,56.85,40.275,-5.67872,32.6787,630.12,0
2017-11-17,1,6.5,0.0,3.0,85,58.1738,45.1325,6.1502,7.45668,583.0,0
2017-11-17,2,7.5,0.0,3.0,82,51.9475,49.715,17.4463,1.9134,501.84,0
2017-11-17,3,8.16667,0.0,3.0,86,48.1263,44.6675,26.0657,0.0,461.76,0
2017-11-17,4,8.33333,0.0,3.16667,74,42.3763,42.58,31.8373,-1.14804,382.5,0
2017-11-17,5,9.0,0.0,3.16667,75,36.0887,46.3213,28.1418,0.38268,360.0,0
2017-11-17,6,9.0,0.0,3.16667,79,34.8262,48.52,17.4463,7.27092,366.667,0
2017-11-17,7,9.0,0.0,3.16667,74,36.6413,50.035,0.131361,10.715,366.667,0
2017-11-17,8,9.0,0.0,3.33333,71,42.484,53.655,0.131361,10.715,366.667,0
2017-11-17,9,9.16667,0.0,3.5,75,44.6937,54.8071,0.131361,10.715,356.4,0
2017-11-17,10,9.5,0.0,3.5,74,45.6025,49.672,1.13136,10.715,341.85,0
2017-11-17,11,9.33333,0.0,3.83333,69,45.3563,49.7475,-0.716399,11.4804,347.564,0
2017-11-17,12,9.83333,0.23,4.16667,67,44.545,45.9889,0.207481,11.0977,339.2,0
2017-11-17,13,10.1667,0.23,4.66667,62,44.1825,41.692,-2.56416,12.2458,300.0,0
2017-11-17,15,9.66667,0.59,5.16667,70,49.3963,45.3763,-42.9992,25.6808,346.92,0
2017-11-17,16,9.16667,0.59,5.16667,85,48.6787,51.14,-47.949,30.6306,324.48,0
2017-11-17,17,8.66667,0.95,5.0,93,50.2525,57.0129,-43.66,31.7536,363.0,0
2017-11-17,18,7.83333,0.72,4.83333,91,51.3563,59.7029,-39.371,32.8766,420.0,0
2017-11-17,22,7.16667,0.36,3.83333,88,43.05,56.85,-35.309,42.309,420.0,0
2017-11-18,1,7.0,0.0,3.33333,86,41.9212,58.1738,-19.7526,47.7526,420.0,1
2017-11-18,2,6.66667,0.0,3.16667,83,39.1225,51.9475,-14.8028,49.8028,420.0,1
2017-11-18,3,6.33333,0.0,2.83333,86,39.105,48.1263,-8.33564,52.124,469.05,1
2017-11-18,4,6.0,0.0,2.66667,81,35.6022,42.3763,-4.59216,51.0866,509.143,1
2017-11-18,5,6.16667,0.0,2.5,81,30.1075,36.0887,-8.12771,54.6221,480.0,1
2017-11-18,6,6.33333,0.0,2.33333,90,26.305,34.8262,-8.51039,48.546,528.0,1
2017-11-18,7,6.16667,0.0,2.0,90,25.4862,36.6413,-11.5718,48.937,509.143,1
2017-11-18,8,6.33333,0.0,1.66667,85,23.7857,42.484,-13.8679,47.4803,528.0,1
2017-11-18,9,7.16667,0.0,1.66667,81,25.5788,44.6937,-16.164,53.0236,480.0,1
2017-11-18,10,8.16667,0.0,2.0,81,23.6325,45.6025,-23.2351,46.0947,461.76,1
2017-11-18,11,8.66667,0.0,2.33333,73,22.6875,45.3563,-29.0999,44.2535,379.44,1
2017-11-18,12,9.5,0.0,2.83333,68,26.1688,44.545,-32.6656,37.5364,386.4,1
2017-11-18,13,10.5,0.0,3.5,60,24.7675,44.1825,-39.3185,29.5769,319.0,1
2017-11-18,14,11.3333,0.0,4.16667,68,28.2738,46.6688,-48.109,28.6258,273.48,1
2017-11-18,15,10.8333,0.0,4.33333,76,27.9487,49.3963,-48.8161,29.3329,271.745,1
2017-11-18,16,10.1667,0.0,4.0,90,30.5875,48.6787,-47.5051,24.2334,317.127,1
2017-11-18,17,9.83333,0.0,3.66667,96,30.0938,50.2525,-50.1838,30.7006,300.0,1
2017-11-18,18,9.0,0.0,3.0,89,32.78,51.3563,-48.336,29.9352,343.938,1
2017-11-18,22,11.1667,0.0,1.16667,70,29.815,43.05,38.6851,3.44412,275.6,1
2017-11-19,1,12.5,0.51,1.0,67,34.5112,41.9212,51.0,0.0,297.0,1
2017-11-19,2,12.0,0.87,1.16667,80,38.2,39.1225,61.0,0.0,268.029,1
2017-11-19,3,12.0,1.2,1.33333,80,35.93,39.105,58.0,0.0,271.745,1
2017-11-19,4,12.5,1.2,1.5,76,35.26,35.6022,61.0,0.0,259.2,1
2017-11-19,5,12.5,0.69,1.66667,79,31.0525,30.1075,62.0,0.0,249.508,1
2017-11-19,6,12.5,1.05,1.83333,80,21.2138,26.305,26.9896,4.97484,270.327,1
2017-11-19,7,12.8333,1.05,2.0,81,18.5763,25.4862,3.97912,9.94968,267.429,1
2017-11-19,8,13.1667,0.69,2.0,77,21.7887,23.7857,-14.613,21.0362,286.971,1
2017-11-19,9,13.6667,0.36,2.0,78,24.1675,25.5788,-33.5879,33.0467,291.877,1
2017-11-19,10,13.1667,0.36,2.16667,78,26.9387,23.6325,-28.083,43.7778,251.631,1
2017-11-19,11,13.0,0.36,2.33333,70,26.8137,22.6875,-23.8508,46.5812,265.5,1
2017-11-19,12,13.1667,0.0,2.66667,69,29.5588,26.1688,-27.7439,43.9799,271.385,1
2017-11-19,13,13.5,0.0,3.0,74,29.5462,24.7675,-32.6686,41.869,284.612,1
2017-11-19,14,13.1667,0.0,3.33333,74,30.6938,28.2738,-36.0626,36.0626,281.455,1
2017-11-19,15,12.3333,0.0,3.5,71,24.5763,27.9487,-32.4939,38.4471,286.7,1
2017-11-19,16,12.8333,0.3,3.5,79,24.6663,30.5875,-32.4939,38.4471,297.0,1
2017-11-19,17,12.8333,0.3,3.5,78,26.6325,30.0938,-32.4939,38.4471,297.0,1
2017-11-19,18,12.5,0.3,3.16667,77,28.755,32.78,-43.5804,43.0392,249.171,1
2017-11-19,22,12.8333,0.48,2.5,71,20.58,29.815,-22.1074,14.5418,286.7,1
2017-11-20,1,12.3333,1.01,2.33333,77,24.0287,34.5112,-33.194,19.134,240.0,0
2017-11-20,2,12.0,0.53,2.33333,87,28.0275,38.2,-56.3567,23.3435,259.2,0
2017-11-20,3,11.6667,0.53,2.16667,84,19.8117,35.93,-33.3462,18.3686,287.571,0
2017-11-20,4,10.8333,0.53,2.0,81,18.1213,35.26,-9.41192,13.0111,275.6,0
2017-11-20,5,10.5,0.53,2.0,82,12.175,31.0525,-9.41192,13.0111,318.171,0
2017-11-20,6,9.16667,0.53,1.83333,87,13.0525,21.2138,-15.8791,15.6899,310.371,0
2017-11-20,7,8.5,0.0,1.5,84,17.215,18.5763,-7.18742,14.575,372.655,0
2017-11-20,8,8.5,0.0,1.33333,78,18.6367,21.7887,-3.4919,13.0443,425.455,0
2017-11-20,9,8.33333,0.0,1.33333,77,20.2938,24.1675,-24.6546,17.2538,425.455,0
2017-11-20,10,8.33333,0.0,1.33333,73,24.1213,26.9387,-33.8934,21.0806,360.0,0
2017-11-20,11,8.83333,0.03,1.5,68,22.5475,26.8137,-53.2083,24.5247,360.0,0
2017-11-20,12,9.33333,0.44,1.83333,72,23.675,29.5588,-47.665,22.2286,349.8,0
2017-11-20,13,9.33333,0.44,2.33333,71,23.4387,29.5462,-51.7373,21.4301,314.743,0
2017-11-20,14,9.5,0.44,2.66667,73,26.8263,30.6938,-51.7373,21.4301,360.0,0
2017-11-20,15,10.3333,0.44,2.66667,77,15.5087,24.5763,-46.1668,28.3072,337.08,0
2017-11-20,16,11.6667,0.97,2.33333,79,16.6712,24.6663,-34.3532,34.8944,321.48,0
2017-11-20,17,12.3333,1.45,2.16667,78,17.6275,26.6325,-23.3051,43.3295,259.2,0
2017-11-20,18,13.3333,1.04,1.83333,76,13.9475,28.755,-16.8379,54.6507,216.0,0
2017-11-20,22,12.6667,0.51,1.0,72,16.965,20.58,0.0,51.0,302.08,0
2017-11-21,1,11.6667,0.13,0.833333,74,16.5125,24.0287,0.0,60.0,250.364,0
2017-11-21,2,11.6667,0.13,0.666667,75,17.3,28.0275,0.0,59.0,260.945,0
2017-11-21,3,11.3333,0.13,0.833333,75,15.4362,19.8117,0.0,59.0,260.945,0
2017-11-21,4,11.0,0.13,0.833333,75,16.9525,18.1213,0.0,57.0,291.5,0
2017-11-21,5,10.1667,0.13,0.666667,78,14.3188,12.175,0.0,54.0,346.48,0
2017-11-21,6,9.0,0.0,0.5,84,15.5588,13.0525,0.0,61.0,341.28,0
2017-11-21,7,9.0,0.0,0.166667,88,17.5725,17.215,5.65688,53.391,376.32,0
2017-11-21,8,8.83333,0.0,0.166667,80,19.4412,18.6367,5.65688,53.391,385.527,0
2017-11-21,9,9.0,0.0,0.166667,72,22.3825,20.2938,12.728,51.6298,380.8,0
2017-11-21,10,8.66667,0.0,0.166667,75,20.73,24.1213,12.728,52.6298,366.667,0
2017-11-21,11,9.16667,0.1,0.5,64,20.5238,22.5475,17.6777,50.097,377.143,0
2017-11-21,12,9.16667,0.1,1.0,62,17.5925,23.675,17.6777,53.097,341.85,0
2017-11-21,13,8.83333,0.1,1.66667,63,19.3843,23.4387,12.0209,53.706,363.0,0
2017-11-21,14,8.33333,0.1,2.16667,67,14.0225,26.8263,12.0209,51.706,389.88,0
2017-11-21,15,7.66667,0.35,2.16667,74,25.9443,15.5087,12.0209,58.706,360.0,0
2017-11-21,16,7.0,0.35,2.0,84,32.4575,16.6712,2.65369,55.0104,414.72,0
2017-11-21,17,7.0,0.25,1.66667,91,35.1488,17.6275,0.53236,57.1318,434.52,0
2017-11-21,18,7.0,0.25,1.16667,88,36.9437,13.9475,-8.24421,49.9034,473.28,0
2017-11-21,22,7.5,0.2,-0.666667,85,33.15,16.965,-23.2351,48.0947,454.629,0
2017-11-22,1,6.33333,0.28,-1.5,86,33.9463,16.5125,-23.4098,53.5166,420.0,0
2017-11-22,2,5.83333,0.28,-1.66667,86,32.1225,17.3,-21.8791,49.8211,452.4,0
2017-11-22,3,5.66667,0.28,-1.83333,86,30.2525,15.4362,-19.0507,46.9927,542.88,0
2017-11-22,4,5.16667,0.08,-2.0,86,38.385,16.9525,-19.0507,49.9927,561.0,0
2017-11-22,5,4.83333,0.08,-2.16667,85,41.3817,14.3188,-21.8223,51.1407,574.08,0
2017-11-22,6,4.33333,0.08,-2.33333,83,37.85,15.5588,-13.9955,41.9019,641.143,0
2017-11-22,7,4.33333,0.0,-2.66667,84,26.6712,17.5725,-16.86,33.1387,620.1,0
2017-11-22,8,4.66667,0.0,-2.83333,83,27.2362,19.4412,-8.0316,30.3102,604.2,0
2017-11-22,9,5.16667,0.0,-2.83333,81,25.6238,22.3825,-9.97818,20.5243,604.2,0
2017-11-22,10,6.33333,0.0,-2.66667,84,26.0987,20.73,-11.9248,10.7384,649.6,0
2017-11-22,11,7.33333,0.0,-2.33333,80,29.9163,20.5238,-21.1636,-2.08844,582.4,0
2017-11-22,12,8.0,0.0,-1.83333,77,25.8275,17.5925,-23.1101,-20.5313,478.4,0
2017-11-22,13,9.0,0.0,-1.0,74,31.7237,19.3843,-31.4096,-28.7504,395.2,0
2017-11-22,14,10.0,0.0,-0.333333,70,34.5075,14.0225,-42.9529,-31.0465,332.8,0
2017-11-22,15,10.3333,1.55,0.166667,73,33.9212,25.9443,-42.9529,-31.0465,309.12,0
2017-11-22,16,10.0,1.55,0.333333,92,37.5288,32.4575,-39.371,-32.8766,334.08,0
2017-11-22,17,9.66667,1.55,0.5,92,36.3675,35.1488,-45.0278,-38.5334,300.0,0
2017-11-22,18,9.5,1.55,0.5,84,38.435,36.9437,-37.9567,-39.4623,324.48,0
2017-11-22,22,9.83333,0.15,-0.166667,81,42.08,33.15,-31.7926,-43.581,300.0,0
2017-11-23,1,11.1667,0.15,-0.166667,85,42.8763,33.9463,-46.5812,-23.8508,329.018,0
2017-11-23,2,11.3333,0.15,-0.166667,85,42.87,32.1225,-48.7025,-25.9721,302.4,0
2017-11-23,3,11.1667,0.0,0.0,88,41.5788,30.2525,-48.7025,-25.9721,275.6,0
2017-11-23,4,11.5,0.0,0.0,89,42.9325,38.385,-50.5503,-26.7375,262.08,0
2017-11-23,5,11.6667,0.0,0.166667,88,42.7513,41.3817,-51.4741,-27.1201,260.945,0
2017-11-23,6,11.6667,0.0,0.333333,90,43.5887,37.85,-51.4741,-27.1201,287.571,0
2017-11-23,7,10.8333,0.0,0.5,92,45.5013,26.6712,-51.7373,-21.4301,302.4,0
2017-11-23,8,11.3333,0.0,0.666667,92,47.4688,27.2362,-48.9656,-20.282,329.018,0
2017-11-23,9,11.5,0.0,1.0,92,49.2212,25.6238,-52.6612,-21.8128,282.764,0
2017-11-23,10,12.1667,0.0,1.5,93,48.3563,26.0987,-53.585,-22.1954,271.745,0
2017-11-23,11,12.5,0.0,2.0,92,48.22,29.9163,-47.1179,-19.5167,270.667,0
2017-11-23,12,12.8333,0.0,2.66667,90,46.0975,25.8275,-50.8134,-21.0474,264.0,0
2017-11-23,13,13.5,0.0,3.33333,90,45.1725,31.7237,-48.9656,-20.282,265.5,0
2017-11-23,14,12.6667,0.0,4.16667,91,45.5525,34.5075,-49.8895,-20.6647,273.28,0
2017-11-23,15,12.8333,0.0,4.66667,94,44.125,33.9212,-59.1283,-24.4915,248.88,0
2017-11-23,16,12.3333,0.0,4.83333,92,44.0283,37.5288,-57.2806,-23.7262,249.508,0
2017-11-23,17,12.6667,0.0,4.83333,98,44.9683,36.3675,-56.3567,-23.3435,259.2,0
2017-11-23,18,13.1667,0.0,4.66667,98,43.0175,38.435,-58.2044,-24.1088,240.0,0
2017-11-23,22,15.5,0.0,3.5,97,42.235,42.08,34.2179,-6.12288,187.425,0
2017-11-24,0,14.5,0.0,3.33333,97,42.945,39.435,57.0,0.0,239.4,0
2017-11-24,1,13.5,0.0,3.33333,98,45.12,42.8763,31.9134,-4.59216,275.718,0
2017-11-24,2,13.1667,0.0,3.33333,94,47.4033,42.87,43.9134,-4.59216,240.0,0
2017-11-24,3,11.8333,0.0,3.16667,96,47.6763,41.5788,38.9134,-4.59216,249.508,0
2017-11-24,4,11.1667,0.0,3.0,97,47.7783,42.9325,34.9134,-4.59216,289.385,0
2017-11-24,5,10.0,0.0,2.66667,99,50.0638,42.7513,30.9134,-4.59216,324.8,0
2017-11-24,6,9.0,0.0,2.33333,100,53.2687,43.5887,36.9134,-4.59216,322.4,0
2017-11-24,7,7.83333,0.0,2.16667,94,52.6738,45.5013,42.4567,-2.29608,394.4,0
2017-11-24,8,6.66667,0.0,2.0,91,52.6525,47.4688,47.4567,-2.29608,397.5,0
2017-11-24,9,6.5,0.0,2.0,86,54.575,49.2212,40.4567,-2.29608,492.0,0
2017-11-24,10,6.33333,0.0,2.33333,79,52.7687,48.3563,33.0657,-5.35752,447.2,0
2017-11-24,11,6.83333,0.0,3.0,70,52.1237,48.22,29.0657,-5.35752,466.4,0
2017-11-24,12,7.33333,0.0,4.0,69,53.6738,46.0975,29.0657,-5.35752,466.4,0
2017-11-24,13,8.0,0.0,5.0,68,51.6375,45.1725,29.0657,-5.35752,420.0,0
2017-11-24,14,8.66667,0.0,5.83333,75,54.5283,45.5525,37.609,-3.06144,399.36,0
2017-11-24,15,8.83333,0.0,6.33333,82,55.425,44.125,36.609,-3.06144,386.4,0
2017-11-24,16,9.0,0.0,6.66667,95,57.9167,44.0283,53.0,0.0,371.25,0
2017-11-24,17,9.0,0.0,6.5,94,57.6133,44.9683,54.0,0.0,366.667,0
2017-11-24,18,9.16667,0.0,6.16667,93,59.215,43.0175,36.6851,-3.44412,366.667,0
2017-11-24,22,11.0,0.0,4.66667,93,46.22,42.235,-6.56416,-12.2458,288.0,0
2017-11-25,0,11.0,0.0,4.66667,93,46.28,42.945,29.9896,-4.97484,321.231,1
2017-11-25,1,10.1667,0.0,4.83333,95,49.2637,45.12,53.0,0.0,336.3,1
2017-11-25,2,9.5,0.0,5.0,99,50.2817,47.4033,61.0,0.0,311.1,1
2017-11-25,3,9.0,0.0,5.0,100,48.5175,47.6763,57.0,0.0,347.564,1
2017-11-25,4,8.5,0.0,5.0,100,47.5988,47.7783,54.0,0.0,385.527,1
2017-11-25,5,8.33333,0.0,5.16667,93,50.2775,50.0638,51.0,0.0,401.85,1
2017-11-25,6,7.16667,0.0,5.33333,94,49.3217,53.2687,58.0,0.0,360.0,1
2017-11-25,7,7.0,0.0,5.5,96,51.3814,52.6738,54.0,0.0,453.927,1
2017-11-25,8,6.33333,0.0,5.66667,97,53.7675,52.6525,61.0,0.0,420.0,1
2017-11-25,9,6.0,0.0,5.83333,99,54.0537,54.575,54.0,0.0,486.0,1
2017-11-25,10,5.83333,0.0,6.16667,91,54.6425,52.7687,40.4567,2.29608,520.8,1
2017-11-25,11,6.0,0.0,6.5,86,55.28,52.1237,39.4567,2.29608,538.65,1
2017-11-25,12,7.16667,0.0,6.83333,82,54.6325,53.6738,39.4567,2.29608,538.65,1
2017-11-25,13,7.83333,0.0,7.33333,81,54.4675,51.6375,21.294,-1.9134,472.457,1
2017-11-25,14,9.5,0.0,7.66667,82,55.2137,54.5283,0.131361,-6.12288,408.857,1
2017-11-25,15,10.5,0.0,7.83333,89,54.8717,55.425,-18.2597,-13.7765,326.4,1
2017-11-25,16,11.6667,0.0,7.83333,87,52.575,57.9167,-33.745,-22.2618,265.2,1
2017-11-25,17,13.0,0.0,7.66667,84,49.0025,57.6133,-41.4819,-27.9519,281.455,1
2017-11-25,22,15.5,1.12,7.33333,83,37.705,46.22,-25.8779,-23.5595,202.725,1
2017-11-26,0,15.0,2.24,7.16667,84,44.33,46.28,29.2179,-6.12288,226.8,1
2017-11-26,1,14.6667,2.24,7.0,86,43.9975,49.2637,58.0,0.0,237.12,1
2017-11-26,2,14.1667,1.12,7.0,88,45.985,50.2817,57.0,0.0,239.4,1
2017-11-26,3,13.3333,2.24,7.0,87,40.9412,48.5175,56.0,0.0,254.88,1
2017-11-26,4,12.5,2.24,7.0,86,31.3933,47.5988,51.0,0.0,297.0,1
2017-11-26,5,11.3333,2.24,6.83333,91,21.975,50.2775,60.0,0.0,277.714,1
2017-11-26,6,10.6667,2.24,6.5,91,10.5183,49.3217,40.3431,5.65688,339.429,1
2017-11-26,7,10.5,2.24,6.16667,92,8.05429,51.3814,33.272,12.728,300.0,1
2017-11-26,8,10.8333,2.24,5.66667,80,6.62,53.7675,14.2972,24.7384,300.0,1
2017-11-26,9,11.6667,1.12,5.33333,78,6.385,54.0537,-8.70282,39.7384,288.0,1
2017-11-26,10,12.1667,1.6,5.0,77,6.87714,54.6425,-12.0459,49.0815,253.08,1
2017-11-26,11,13.0,1.6,5.0,70,7.505,55.28,-4.97484,54.0104,251.631,1
2017-11-26,12,13.3333,0.96,5.16667,64,10.3357,54.6325,0.0,55.0,264.0,1
2017-11-26,13,13.0,0.96,5.33333,66,11.3886,54.4675,8.48532,51.0866,292.32,1
2017-11-26,14,12.6667,0.96,5.5,66,12.4967,55.2137,16.2635,61.2492,257.92,1
2017-11-26,15,11.0,0.96,5.5,76,15.452,54.8717,25.456,58.2597,249.9,1
2017-11-26,16,9.66667,0.48,5.16667,77,16.1283,52.575,28.9915,50.8791,332.215,1
2017-11-26,17,8.83333,0.48,4.83333,70,17.12,49.0025,31.82,54.5746,355.385,1
2017-11-26,22,7.33333,0.0,3.0,74,31.67,37.705,21.2133,57.7164,459.877,1
2017-11-27,0,6.16667,0.0,2.33333,71,23.595,44.33,8.48532,51.0866,468.0,0
2017-11-27,1,5.5,0.0,2.16667,69,29.4438,43.9975,4.12616,51.0866,520.8,0
2017-11-27,2,4.5,0.0,1.66667,88,33.345,45.985,4.12616,55.0866,514.8,0
2017-11-27,3,4.33333,0.0,1.33333,89,30.815,40.9412,4.12616,57.0866,540.0,0
2017-11-27,4,4.33333,0.0,0.833333,87,33.3387,31.3933,-1.53072,55.6955,559.543,0
2017-11-27,5,4.66667,0.0,0.333333,79,35.2887,21.975,-3.8268,54.2388,596.25,0
2017-11-27,6,4.83333,0.0,-0.166667,83,36.2486,10.5183,2.1732,46.2388,635.25,0
2017-11-27,7,5.33333,0.0,-0.666667,92,42.795,8.05429,-1.36235,49.7743,600.0,0
2017-11-27,8,6.0,0.0,-0.666667,82,46.5125,6.62,-4.04111,48.2415,600.0,0
2017-11-27,9,6.66667,0.0,-0.5,74,49.6225,6.385,-8.28377,45.4842,600.0,0
2017-11-27,10,6.83333,0.0,-0.166667,71,49.215,6.87714,-10.5799,41.0275,530.4,0
2017-11-27,11,7.33333,0.0,0.333333,65,48.4087,7.505,-17.047,37.7062,477.0,0
2017-11-27,12,7.5,0.0,1.0,61,47.9229,10.3357,-25.3619,35.1503,420.0,0
2017-11-27,13,7.83333,0.0,1.66667,59,48.4575,11.3886,-17.0658,29.607,420.0,0
2017-11-27,14,8.16667,0.0,2.16667,66,50.4463,12.4967,-25.8943,32.4355,408.857,0
2017-11-27,15,7.83333,0.0,2.33333,75,50.6483,15.452,-15.2155,25.9683,377.4,0
2017-11-27,16,7.83333,0.0,2.5,84,53.45,16.1283,-18.3639,24.7871,400.68,0
2017-11-27,17,7.66667,0.0,2.5,81,54.905,17.12,-19.4869,20.4981,408.857,0
2017-11-27,22,7.16667,0.0,1.16667,76,48.34,31.67,-43.8663,24.3831,470.25,0
2017-11-28,0,7.83333,0.0,1.0,78,44.28,23.595,-15.5255,16.3719,453.6,0
2017-11-28,1,7.83333,0.0,1.0,78,49.0,29.4438,0.86552,13.3105,413.4,0
2017-11-28,2,8.16667,0.0,0.666667,87,51.3583,33.345,15.4088,11.0144,402.8,0
2017-11-28,3,9.0,0.0,0.333333,90,53.182,30.815,33.7237,7.57028,374.85,0
2017-11-28,4,9.66667,0.0,0.0,85,48.89,33.3387,54.0,0.0,345.257,0
2017-11-28,5,10.5,0.0,-0.333333,81,50.7088,35.2887,36.8373,-4.20948,312.8,0
2017-11-28,6,11.3333,0.0,-0.666667,88,51.9325,36.2486,32.8373,-4.20948,300.667,0
2017-11-28,7,12.6667,0.0,-1.0,86,47.0,42.795,37.8373,-4.20948,250.92,0
2017-11-28,8,13.8333,0.0,-1.0,81,45.5175,46.5125,2.13136,-10.715,228.0,0
2017-11-28,9,14.6667,0.0,-0.833333,77,42.1813,49.6225,-3.41192,-13.0111,196.114,0
2017-11-28,10,15.5,0.0,-0.5,70,38.1857,49.215,-31.2701,-18.7513,187.971,0
2017-11-28,11,16.1667,0.0,0.0,66,32.6437,48.4087,-60.0522,-24.8742,194.541,0
2017-11-28,12,16.5,0.0,0.666667,62,28.2917,47.9229,-60.9761,-25.2569,187.2,0
2017-11-28,13,16.3333,0.0,1.33333,56,29.6375,48.4575,-60.0522,-24.8742,180.0,0
2017-11-28,14,16.5,0.0,2.0,63,32.1843,50.4463,-60.9761,-25.2569,180.0,0
2017-11-28,15,16.5,0.0,2.33333,70,36.1767,50.6483,-62.8238,-26.0222,180.0,0
2017-11-28,16,16.1667,0.0,2.33333,83,39.035,53.45,-60.0522,-24.8742,187.425,0
2017-11-28,17,15.5,0.0,2.16667,84,41.9367,54.905,-58.2044,-24.1088,202.725,0
2017-11-28,22,14.5,0.0,1.0,80,21.525,48.34,-54.5089,-22.5781,228.48,0
2017-11-29,0,14.0,0.0,1.0,86,23.555,44.28,-51.7373,-21.4301,254.88,0
2017-11-29,1,13.6667,0.0,0.833333,83,28.6012,49.0,-49.8895,-20.6647,267.429,0
2017-11-29,2,13.3333,0.0,0.833333,83,30.815,51.3583,-48.9656,-20.282,277.114,0
2017-11-29,3,13.0,0.0,0.666667,85,30.2362,53.182,-48.0418,-19.8994,281.538,0
2017-11-29,4,12.1667,0.0,0.5,86,30.7162,48.89,-24.0313,-14.9245,291.877,0
2017-11-29,5,11.5,0.0,0.333333,88,34.26,50.7088,-15.0313,-14.9245,269.077,0
2017-11-29,6,10.5,0.0,0.166667,89,32.9767,51.9325,-11.3358,-13.3938,310.431,0
2017-11-29,7,9.5,0.0,0.0,90,38.18,47.0,-17.803,-16.0726,300.0,0
2017-11-29,8,8.83333,0.0,-0.166667,88,37.06,45.5175,-12.2597,-13.7765,367.015,0
2017-11-29,9,8.83333,0.0,-0.166667,84,38.8733,42.1813,-8.56416,-12.2458,407.1,0
2017-11-29,10,9.16667,0.0,0.0,82,41.9467,38.1857,-31.6507,-16.8379,380.8,0
2017-11-29,11,9.5,0.0,0.166667,75,39.16,32.6437,-48.4289,-24.6161,352.8,0
2017-11-29,12,10.0,0.0,0.5,75,42.9983,28.2917,-50.2767,-25.3815,300.0,0
2017-11-29,13,10.0,0.0,1.0,74,45.81,29.6375,-46.5812,-23.8508,313.6,0
2017-11-29,14,10.1667,0.41,1.33333,76,44.9888,32.1843,-44.7334,-23.0854,359.9,0
2017-11-29,15,9.66667,0.84,1.5,86,47.3033,36.1767,-53.9722,-26.9122,311.1,0
2017-11-29,16,9.0,0.84,1.5,90,49.105,39.035,-51.2006,-25.7642,335.345,0
2017-11-29,17,8.5,0.84,1.5,94,45.745,41.9367,-48.3721,-22.9357,385.527,0
2017-11-29,22,7.16667,0.38,1.0,83,46.595,21.525,-52.1812,-27.8272,420.0,0
2017-11-30,0,7.66667,1.14,0.833333,88,57.2,23.555,-12.6778,-15.6066,470.25,0
2017-11-30,1,8.16667,1.85,0.666667,93,51.7012,28.6012,0.97912,-9.94968,440.64,0
2017-11-30,2,8.16667,1.88,0.666667,89,54.652,30.815,13.5985,-8.03628,379.44,0
2017-11-30,3,7.66667,1.88,0.666667,90,53.9583,30.2362,25.2179,-6.12288,375.943,0
2017-11-30,4,6.83333,2.67,0.666667,90,54.2325,30.7162,37.6851,-3.44412,417.6,0
2017-11-30,5,7.33333,2.67,0.5,89,55.0217,34.26,41.6851,-3.44412,420.0,0
2017-11-30,7,7.66667,1.48,0.5,90,52.6933,38.18,35.6851,-3.44412,437.25,0
2017-11-30,16,13.8333,2.11,0.666667,92,12.25,49.105,-9.94968,-51.0209,265.5,0
2017-11-30,17,13.3333,1.8,0.666667,88,12.19,45.745,-5.35752,-55.9343,239.4,0
2017-11-30,22,9.66667,2.93,0.166667,84,13.8733,46.595,3.44412,-63.3149,319.8,0
2018-10-01,0,6.33333,0.0,5.16667,94,23.41,25.7167,-3.79252,11.0977,463.6,0
2018-10-01,1,5.83333,0.0,4.16667,94,21.995,22.76,2.20748,11.0977,435.2,0
2018-10-01,2,6.0,0.0,3.5,95,18.98,15.9167,4.97912,5.35752,507.055,0
2018-10-01,3,6.0,0.0,3.0,100,18.02,20.52,0.736461,1.11486,480.0,0
2018-10-01,4,6.0,0.0,2.66667,95,18.1833,13.535,5.35586,-5.3907,530.0,0
2018-10-01,5,5.83333,0.0,2.5,100,22.2867,11.2633,9.42812,-13.0775,524.16,0
2018-10-01,6,5.83333,0.0,2.0,100,17.3267,20.3067,2.51472,-17.6969,540.6,0
2018-10-01,7,6.0,0.0,1.83333,100,23.09,17.6667,-5.78136,-23.2402,540.6,0
2018-10-01,8,6.16667,0.0,2.0,100,23.24,17.71,-14.4601,-29.7073,520.0,0
2018-10-01,9,6.5,0.0,2.0,100,19.74,15.8333,-23.1389,-36.1745,499.8,0
2018-10-01,10,7.33333,0.0,3.33333,76,21.21,11.905,-26.657,-41.2694,517.0,0
2018-10-01,11,8.0,0.0,5.0,60,16.3967,10.2,-11.4144,-37.0268,420.0,0
2018-10-01,12,8.66667,0.0,7.33333,55,16.7233,8.05333,-7.99243,-36.852,399.36,0
2018-10-01,13,9.16667,0.0,9.5,49,18.0933,7.65667,-10.854,-33.7604,377.143,0
2018-10-01,14,10.1667,0.0,11.5,47,14.87,8.36333,-17.4141,-31.1201,329.829,0
2018-10-01,15,10.3333,0.0,13.8333,47,15.6767,7.34667,1.32611,-17.2619,329.018,0
2018-10-01,16,9.5,0.0,14.8333,48,17.1633,7.40333,-0.67389,-17.2619,340.267,0
2018-10-01,17,9.0,0.0,15.1667,53,18.1467,7.91667,-6.21717,-14.9658,325.867,0
2018-10-01,18,8.5,0.0,14.8333,62,22.9833,8.53,6.14682,-8.60182,376.32,0
2018-10-01,19,7.66667,0.0,14.1667,71,24.8633,14.65,20.2179,-1.53072,417.72,0
2018-10-01,20,6.5,0.0,13.0,82,31.8267,16.5367,15.5985,-3.44412,414.72,0
2018-10-01,21,6.0,0.0,11.6667,84,35.7233,16.66,19.294,2.67876,501.138,0
2018-10-01,22,5.83333,0.0,10.0,95,40.875,15.18,25.294,2.67876,487.385,0
2018-10-01,23,5.66667,0.0,8.66667,98,33.7733,22.73,30.294,2.67876,480.0,0
2018-10-02,0,5.33333,0.0,7.83333,91,32.945,23.41,12.6746,4.59216,547.2,0
2018-10-02,1,5.33333,0.0,7.0,90,31.4367,21.995,8.67464,4.59216,583.0,0
2018-10-02,2,5.16667,0.0,6.33333,95,36.4067,18.98,4.05524,6.50556,540.0,0
2018-10-02,3,5.0,0.0,5.83333,96,37.185,18.02,4.97912,6.12288,561.0,0
2018-10-02,4,5.0,0.0,5.5,100,40.5467,18.1833,-4.55643,9.65843,599.657,0
2018-10-02,5,5.16667,0.0,5.33333,99,43.4367,22.2867,-6.55643,9.65843,610.56,0
2018-10-02,6,5.66667,0.0,5.0,100,42.72,17.3267,4.06297,11.5718,604.2,0
2018-10-02,7,6.16667,0.0,4.5,100,44.6633,23.09,17.6063,9.27575,561.0,0
2018-10-02,8,7.0,0.0,4.33333,100,41.2767,23.24,14.6063,9.27575,546.96,0
2018-10-02,9,8.16667,0.0,4.5,97,37.17,19.74,24.2257,7.36235,483.36,0
2018-10-02,10,9.5,0.0,5.5,68,34.1833,21.21,45.4645,3.53555,379.44,0
2018-10-02,11,11.1667,0.0,6.66667,63,28.8767,16.3967,38.0,13.0,333.45,0
2018-10-02,12,12.6667,0.0,8.0,57,20.0767,16.7233,22.0,29.0,276.12,0
2018-10-02,13,14.3333,0.0,9.66667,58,12.6167,18.0933,12.0,46.0,216.0,0
2018-10-02,14,15.6667,0.0,11.3333,49,10.9067,14.87,0.0,51.0,229.125,0
2018-10-02,15,16.6667,0.0,12.5,47,9.42333,15.6767,0.0,53.0,216.847,0
2018-10-02,16,16.3333,0.0,13.0,52,11.7433,17.1633,0.0,54.0,213.333,0
2018-10-02,17,15.5,0.0,12.8333,51,13.28,18.1467,0.0,65.0,201.4,0
2018-10-02,18,14.5,0.0,12.3333,57,18.6633,22.9833,0.0,58.0,256.0,0
2018-10-02,19,14.1667,0.0,11.6667,58,18.37,24.8633,-4.20948,50.1627,317.133,0
2018-10-02,20,13.8333,0.0,10.6667,62,23.1233,31.8267,-4.20948,66.1627,248.2,0
2018-10-02,21,13.8333,0.0,9.83333,59,20.0133,35.7233,-4.20948,53.1627,248.727,0
2018-10-02,22,14.1667,0.0,8.66667,67,18.1,40.875,-11.0977,58.7925,180.0,0
2018-10-02,23,14.3333,0.0,7.83333,60,14.5333,33.7733,-18.8987,53.6047,202.725,0
2018-10-03,0,14.5,0.0,7.33333,57,13.7433,32.945,-29.9852,42.1968,235.125,0
2018-10-03,1,14.5,0.0,7.0,60,14.985,31.4367,-38.4706,34.6822,281.4,0
2018-10-03,2,15.0,0.0,6.83333,59,16.3767,36.4067,-46.3644,24.1752,271.385,0
2018-10-03,3,15.6667,0.94,6.66667,57,19.18,37.185,-51.9077,26.4713,206.7,0
2018-10-03,4,16.5,0.94,6.83333,72,17.8067,40.5467,-52.6612,21.8128,181.425,0
2018-10-03,5,18.0,0.94,7.0,68,17.32,43.4367,-50.6071,28.4179,181.895,0
2018-10-03,6,19.6667,0.94,7.16667,66,16.7533,42.72,-47.9026,35.9963,183.0,0
2018-10-03,7,19.8333,0.94,7.33333,78,11.86,44.6633,-43.1337,43.1337,163.4,0
2018-10-03,8,19.8333,3.05,7.5,73,9.31333,41.2767,-42.4266,42.4266,184.743,0
2018-10-03,9,20.5,4.22,7.66667,83,11.84,37.17,-41.0124,41.0124,202.473,0
2018-10-03,10,22.0,4.75,8.0,68,9.72667,34.1833,-35.4056,49.4768,151.412,0
2018-10-03,11,21.8333,4.75,8.33333,79,6.54667,28.8767,-20.282,48.9656,165.092,0
2018-10-03,12,21.6667,4.75,8.5,72,4.81,20.0767,-34.4242,63.1078,134.538,0
2018-10-03,13,22.5,5.23,8.83333,64,5.96,12.6167,-39.3239,53.9363,165.2,0
2018-10-03,14,23.1667,3.12,9.16667,64,6.56,10.9067,-37.4105,49.3169,160.74,0
2018-10-03,15,22.6667,1.49,9.5,65,6.23,9.42333,-32.0699,56.4239,147.714,0
2018-10-03,16,23.3333,0.96,10.0,52,4.91667,11.7433,-26.0222,62.8238,141.382,0
2018-10-03,17,24.0,0.96,10.0,78,3.81333,13.28,-8.80164,52.2492,151.2,0
2018-10-03,18,24.5,0.96,10.0,83,4.65,18.6633,0.0,55.0,167.69,0
2018-10-03,19,24.6667,0.48,9.83333,70,3.355,18.37,0.0,79.0,128.826,0
2018-10-03,20,24.0,0.48,9.5,68,3.165,23.1233,0.0,71.0,135.15,0
2018-10-03,21,23.8333,0.48,9.16667,74,4.15333,20.0133,0.0,66.0,162.4,0
2018-10-03,22,21.6667,0.96,8.33333,69,2.445,18.1,0.0,64.0,169.304,0
2018-10-03,23,20.3333,0.96,8.0,66,3.18333,14.5333,0.0,59.0,181.895,0
2018-10-04,0,19.5,0.96,7.66667,68,3.77333,13.7433,11.3138,54.7821,216.0,0
2018-10-04,1,18.5,0.96,7.16667,66,3.55,14.985,24.7488,50.3358,221.0,0
2018-10-04,2,18.0,1.44,6.83333,64,3.10333,16.3767,24.7488,49.3358,220.8,0
2018-10-04,3,17.0,0.96,6.5,66,3.415,19.18,13.4351,50.5537,232.737,0
2018-10-04,4,16.6667,0.96,6.33333,68,5.23,17.8067,13.4351,66.5537,186.821,0
2018-10-04,5,16.6667,0.96,6.16667,67,4.01333,17.32,0.0,65.0,194.541,0
2018-10-04,6,16.1667,0.96,6.0,74,7.815,16.7533,0.0,64.0,195.0,0
2018-10-04,7,16.1667,0.96,5.83333,81,9.56,11.86,0.0,64.0,195.0,0
2018-10-04,8,16.3333,0.48,5.83333,76,8.285,9.31333,0.0,65.0,187.425,0
2018-10-04,9,16.1667,0.48,6.0,70,5.86333,11.84,0.0,66.0,180.0,0
2018-10-04,10,17.0,0.0,6.5,67,6.68,9.72667,0.0,65.0,187.425,0
2018-10-04,11,17.6667,0.0,7.16667,60,7.08,6.54667,14.8493,51.4015,216.847,0
2018-10-04,12,18.6667,0.0,8.0,56,2.48,4.81,14.8493,54.4015,184.08,0
2018-10-04,13,19.0,0.0,9.16667,48,3.13333,5.96,14.8493,61.4015,165.714,0
2018-10-04,14,18.6667,0.0,10.1667,47,2.47,6.56,13.4351,59.5537,173.46,0
2018-10-04,15,19.1667,0.0,11.1667,44,2.98,6.23,24.0417,53.4119,216.0,0
2018-10-04,16,17.3333,0.0,11.6667,45,7.89,4.91667,24.0417,49.4119,232.737,0
2018-10-04,17,15.5,0.0,11.8333,50,13.07,3.81333,31.1128,58.6507,230.4,0
2018-10-04,18,13.8333,0.0,11.6667,50,12.27,4.65,24.0417,49.4119,292.32,0
2018-10-04,19,12.6667,0.0,11.1667,55,19.005,3.355,24.0417,61.4119,248.88,0
2018-10-04,20,11.1667,0.0,10.3333,67,20.8533,3.165,13.4351,59.5537,300.2,0
2018-10-04,21,9.33333,0.0,9.33333,72,23.5767,4.15333,13.4351,65.5537,309.4,0
2018-10-04,22,8.83333,0.0,8.33333,73,16.62,2.445,13.4351,54.5537,349.92,0
2018-10-04,23,8.0,0.0,7.33333,83,22.33,3.18333,6.36399,52.3149,380.8,0
2018-10-05,0,7.0,0.0,6.33333,85,23.515,3.77333,4.83327,56.0104,388.267,0
2018-10-05,1,6.5,0.0,5.5,88,26.9267,3.55,-3.8268,53.2388,464.0,0
2018-10-05,2,6.5,0.0,5.16667,79,25.67,3.10333,-7.27092,49.5537,506.3,0
2018-10-05,3,6.33333,0.0,4.83333,78,27.2233,3.415,-9.567,55.097,489.5,0
2018-10-05,4,6.16667,0.0,4.83333,81,29.87,5.23,-11.8631,48.6403,517.0,0
2018-10-05,5,6.5,0.0,5.0,76,34.14,4.01333,-14.1592,48.1836,528.0,0
2018-10-05,6,7.0,0.0,5.33333,84,34.8767,7.815,-18.4018,52.4262,480.0,0
2018-10-05,7,7.33333,0.0,5.66667,91,33.95,9.56,-24.7658,44.7902,468.0,0
2018-10-05,8,8.5,0.0,6.0,87,37.28,8.285,-28.7172,43.3296,448.0,0
2018-10-05,9,9.5,0.0,6.66667,83,32.9433,5.86333,-32.1694,38.6638,385.0,0
2018-10-05,10,11.0,0.0,7.5,76,32.875,6.68,-36.0626,36.0626,319.0,0
2018-10-05,11,12.0,0.0,8.66667,68,28.1433,7.08,-31.1962,39.3142,281.455,0
2018-10-05,12,13.1667,0.0,10.0,61,26.5267,2.48,-31.9033,40.0213,281.538,0
2018-10-05,13,14.0,0.0,11.6667,58,21.43,3.13333,-34.0246,42.1426,245.1,0
2018-10-05,14,13.8333,0.0,13.1667,55,26.01,2.47,-36.853,44.971,228.48,0
2018-10-05,15,13.5,0.0,14.5,49,23.9833,2.98,-39.5982,39.5982,235.2,0
2018-10-05,16,12.3333,0.0,15.3333,51,24.8933,7.89,-38.1839,38.1839,279.0,0
2018-10-05,17,12.0,0.0,15.5,60,21.77,13.07,-43.8408,43.8408,275.4,0
2018-10-05,18,10.5,0.0,15.3333,68,27.3533,12.27,-39.5982,39.5982,333.0,0
2018-10-05,19,9.0,0.0,14.6667,71,27.135,19.005,-46.0653,42.2769,329.925,0
2018-10-05,20,8.16667,0.0,13.6667,76,29.36,20.8533,-41.2187,33.6419,394.4,0
2018-10-05,21,7.83333,0.0,12.5,76,31.7267,23.5767,-47.6859,36.3207,372.3,0
2018-10-05,22,7.5,0.0,11.3333,75,38.495,16.62,-46.5916,30.8968,400.68,0
2018-10-05,23,7.0,0.0,10.3333,79,34.99,22.33,-33.5205,23.8257,437.25,0
2018-10-06,0,6.83333,0.0,9.16667,85,30.5533,23.515,-20.8636,18.1688,473.28,1
2018-10-06,1,6.66667,0.0,8.16667,86,29.91,26.9267,-14.8636,18.1688,449.28,1
2018-10-06,2,6.5,0.0,7.5,91,32.98,25.67,-1.79252,11.0977,472.457,1
2018-10-06,3,6.16667,0.0,6.66667,94,32.26,27.2233,10.6746,8.41896,490.629,1
2018-10-06,4,6.16667,0.0,6.0,91,29.61,29.87,23.1418,5.7402,509.143,1
2018-10-06,5,6.0,0.0,5.16667,100,32.7667,34.14,35.609,3.06144,538.65,1
2018-10-06,6,6.16667,0.0,4.83333,100,34.5033,34.8767,41.609,3.06144,497.25,1
2018-10-06,7,6.33333,0.0,4.66667,100,30.3233,33.95,44.0502,-4.94977,480.0,1
2018-10-06,8,6.5,0.0,4.83333,95,34.6167,37.28,31.5831,-7.62853,480.0,1
2018-10-06,9,6.83333,0.0,5.5,89,29.71,32.9433,12.1159,-10.3073,517.0,1
2018-10-06,10,8.0,0.0,6.66667,71,27.4333,32.875,-1.27513,-13.3687,477.0,1
2018-10-06,11,8.83333,0.0,8.5,60,25.28,28.1433,-0.275129,-13.3687,395.2,1
2018-10-06,12,10.0,0.0,10.5,56,23.5167,26.5267,-1.27513,-13.3687,361.029,1
2018-10-06,13,10.8333,0.0,12.5,52,23.0267,21.43,24.1418,-5.7402,296.229,1
2018-10-06,14,12.0,0.0,14.3333,52,18.7367,26.01,42.609,-3.06144,240.0,1
2018-10-06,15,12.5,0.0,15.8333,52,15.72,23.9833,51.0,0.0,281.455,1
2018-10-06,16,12.3333,0.0,16.8333,53,17.0133,24.8933,51.0,0.0,297.0,1
2018-10-06,17,12.3333,0.0,17.1667,58,18.3733,21.77,63.0,0.0,249.171,1
2018-10-06,18,12.1667,0.0,16.8333,69,22.3667,27.3533,60.0,0.0,260.0,1
2018-10-06,19,11.3333,0.0,16.0,77,29.095,27.135,35.9896,-4.97484,268.029,1
2018-10-06,20,9.83333,0.0,14.8333,84,33.675,29.36,28.9896,-4.97484,317.127,1
2018-10-06,21,9.0,0.0,13.3333,95,36.04,31.7267,24.3702,-6.88824,323.345,1
2018-10-06,22,8.16667,0.0,11.8333,92,35.75,38.495,19.3702,-6.88824,394.4,1
2018-10-06,23,7.66667,0.0,10.5,91,33.8333,34.99,26.3702,-6.88824,372.3,1
2018-10-07,0,6.83333,0.0,9.5,93,34.195,30.5533,22.3702,-6.88824,412.364,1
2018-10-07,1,7.33333,0.0,9.0,90,35.67,29.91,19.3702,-6.88824,473.815,1
2018-10-07,2,8.0,0.0,8.66667,88,32.18,32.98,41.3806,-1.9134,460.8,1
2018-10-07,3,8.5,0.0,8.83333,87,36.23,32.26,43.3806,-1.9134,399.36,1
2018-10-07,4,8.83333,0.0,9.0,86,36.7733,29.61,33.6851,3.44412,393.6,1
2018-10-07,5,8.83333,0.0,9.16667,98,34.0133,32.7667,35.6851,3.44412,371.25,1
2018-10-07,6,8.83333,0.0,9.33333,100,37.3333,34.5033,35.6851,3.44412,371.25,1
2018-10-07,7,8.66667,0.0,9.5,94,35.8633,30.3233,35.6851,3.44412,389.88,1
2018-10-07,8,8.66667,0.0,9.83333,96,35.8,34.6167,17.3702,6.88824,395.2,1
2018-10-07,9,9.0,0.0,10.3333,86,33.5967,29.71,0.0552405,10.3324,395.2,1
2018-10-07,10,9.83333,0.48,11.1667,71,35.7067,27.4333,-1.79252,11.0977,366.667,1
2018-10-07,11,10.3333,0.48,12.3333,65,33.26,25.28,-28.6921,20.9973,333.45,1
2018-10-07,12,10.8333,0.48,13.6667,60,34.8967,23.5167,-44.4703,28.7755,300.667,1
2018-10-07,13,11.1667,0.48,15.0,58,36.3167,23.0267,-46.318,29.5408,275.6,1
2018-10-07,14,11.5,0.71,16.3333,64,34.7633,18.7367,-45.7813,33.8749,271.745,1
2018-10-07,15,11.3333,0.71,17.3333,58,37.8533,15.72,-45.7813,33.8749,297.6,1
2018-10-07,16,10.5,0.23,18.0,60,38.39,17.0133,-45.1206,27.8022,317.127,1
2018-10-07,17,10.0,0.46,18.3333,73,29.2733,18.3733,-45.6573,23.4681,341.127,1
2018-10-07,18,9.5,0.46,18.1667,88,31.6067,22.3667,-53.0483,26.5295,311.564,1
2018-10-07,19,9.16667,0.46,17.6667,81,38.025,29.095,-48.5425,27.9769,347.564,1
2018-10-07,20,8.83333,0.23,16.8333,80,15.77,33.675,-47.1283,26.5627,372.655,1
2018-10-07,21,9.16667,0.23,16.0,84,6.50667,36.04,-43.3296,28.7172,389.88,1
2018-10-07,22,9.66667,0.23,14.8333,73,7.615,35.75,-34.0908,36.8904,352.8,1
2018-10-07,23,10.3333,0.0,13.8333,75,2.465,33.8333,-17.2906,44.5329,300.0,1
2018-10-08,0,10.8333,0.0,13.0,78,0.805,34.195,4.24266,44.2999,300.667,0
2018-10-08,1,11.0,0.0,11.8333,84,1.93333,35.67,18.3849,45.7141,275.6,0
2018-10-08,2,11.1667,0.0,10.8333,78,3.41667,32.18,31.82,46.4212,291.5,0
2018-10-08,3,10.5,0.0,9.66667,79,2.585,36.23,41.0588,38.248,313.5,0
2018-10-08,4,10.0,0.0,8.83333,86,2.07333,36.7733,38.2303,32.8183,359.9,0
2018-10-08,5,9.5,0.0,8.0,84,1.55333,34.0133,46.5452,36.2624,322.4,0
2018-10-08,6,9.16667,0.0,7.16667,80,2.19,37.3333,47.0599,27.7771,347.564,0
2018-10-08,7,8.5,0.0,6.83333,88,3.46667,35.8633,47.5966,23.443,363.0,0
2018-10-08,8,8.33333,0.0,6.66667,72,4.40333,35.8,46.0688,18.668,417.72,0
2018-10-08,9,8.5,0.0,6.83333,72,5.84333,33.5967,54.3837,22.1121,360.0,0
2018-10-08,10,8.5,0.0,7.0,73,9.10667,35.7067,47.803,16.0726,409.867,0
2018-10-08,11,8.16667,0.0,7.5,61,7.21667,33.26,45.852,6.26445,409.867,0
2018-10-08,12,7.83333,0.0,8.33333,57,5.865,34.8967,50.8018,1.31468,374.0,0
2018-10-08,13,7.66667,0.0,9.16667,54,8.53,36.3167,48.269,3.99344,402.8,0
2018-10-08,14,7.0,0.0,10.0,57,7.09333,34.7633,44.954,0.54932,432.0,0
2018-10-08,15,6.66667,0.0,10.8333,57,6.65667,37.8533,44.0302,0.16664,479.467,0
2018-10-08,16,5.83333,0.0,11.5,62,6.74333,38.39,44.0302,7.16664,435.2,0
2018-10-08,17,5.83333,0.0,11.6667,66,9.98,29.2733,32.0197,5.25324,515.2,0
2018-10-08,18,5.33333,0.0,11.5,72,14.5033,31.6067,30.7048,1.80912,549.067,0
2018-10-08,19,5.33333,0.0,11.0,75,16.215,38.025,34.7048,1.80912,547.2,0
2018-10-08,20,5.33333,0.0,10.1667,81,25.81,15.77,23.7214,10.0865,595.2,0
2018-10-08,21,5.0,0.0,8.66667,100,20.4067,6.50667,19.102,11.9999,559.543,0
2018-10-08,22,4.83333,0.0,7.33333,100,17.59,7.615,9.53284,18.8631,599.657,0
2018-10-08,23,4.66667,0.0,6.16667,96,20.91,2.465,6.7612,20.0111,600.0,0
2018-10-09,0,4.83333,0.0,5.0,100,20.3267,0.805,-10.2492,19.6284,635.04,0
2018-10-09,1,4.33333,0.0,4.0,100,21.0833,1.93333,-19.488,19.6284,662.4,0
2018-10-09,2,4.33333,0.0,3.33333,100,20.7133,3.41667,-21.3358,20.3938,685.029,0
2018-10-09,3,4.33333,0.0,3.16667,100,22.53,2.585,-16.3358,13.3938,683.7,0
2018-10-09,4,4.66667,0.0,3.0,100,22.5467,2.07333,-7.64028,11.8631,707.143,0
2018-10-09,5,4.5,0.0,2.33333,100,22.8033,1.55333,-2.64028,11.8631,660.0,0
2018-10-09,6,4.16667,0.0,2.16667,100,24.65,2.19,-17.1758,8.32753,699.84,0
2018-10-09,7,4.66667,0.0,2.33333,100,25.9767,3.46667,-19.2972,6.2062,685.44,0
2018-10-09,8,4.16667,0.0,2.66667,100,27.2567,4.40333,-19.2972,2.3794,685.44,0
2018-10-09,9,4.5,0.0,2.5,100,30.0967,5.84333,-16.5255,-0.29936,764.64,0
2018-10-09,10,5.16667,0.0,3.5,81,26.8067,9.10667,-16.8559,-7.16253,660.0,0
2018-10-09,11,5.5,0.0,5.16667,73,24.9067,7.21667,0.45903,-10.6066,648.96,0
2018-10-09,12,6.66667,0.0,6.66667,70,24.2,5.865,0.45903,-15.9642,586.56,0
2018-10-09,13,7.33333,0.0,8.5,57,23.0,8.53,0.45903,-15.9642,524.16,0
2018-10-09,14,8.5,0.0,10.1667,57,23.69,7.09333,7.99458,-12.4286,448.8,0
2018-10-09,15,8.66667,0.0,12.3333,54,26.7067,6.65667,10.2191,-1.26454,393.6,0
2018-10-09,16,8.33333,0.0,13.1667,60,26.13,6.74333,7.77781,6.74667,395.2,0
2018-10-09,17,8.16667,0.0,13.6667,67,26.66,9.98,1.31065,9.42543,360.0,0
2018-10-09,18,7.16667,0.0,13.6667,76,34.8733,14.5033,-11.932,13.6681,375.943,0
2018-10-09,19,6.5,0.0,13.0,83,39.23,16.215,-9.16037,17.8776,458.28,0
2018-10-09,20,5.33333,0.0,11.8333,92,46.795,25.81,-13.7798,19.791,449.28,0
2018-10-09,21,4.5,0.0,10.1667,100,49.3367,20.4067,-15.6275,20.5563,480.0,0
2018-10-09,22,3.83333,0.0,8.66667,100,53.145,17.59,-28.3992,21.7044,582.4,0
2018-10-09,23,3.5,0.0,7.33333,100,43.1667,20.91,-31.1708,22.8524,593.6,0
2018-10-10,0,3.83333,0.0,6.16667,100,43.495,20.3267,-43.8663,24.3831,688.267,0
2018-10-10,1,3.83333,0.0,5.16667,100,46.0233,21.0833,-49.4096,26.6792,637.867,0
2018-10-10,2,4.33333,0.0,4.5,100,42.87,20.7133,-47.665,22.2286,701.25,0
2018-10-10,3,4.16667,0.0,4.5,100,46.065,22.53,-52.2844,24.142,660.0,0
2018-10-10,4,4.33333,0.0,4.16667,100,43.7333,22.5467,-46.7411,21.8459,773.143,0
2018-10-10,5,4.5,0.0,3.83333,100,41.63,22.8033,-49.5696,19.0175,743.143,0
2018-10-10,6,4.5,0.0,3.66667,100,45.3,24.65,-46.638,12.8032,769.6,0
2018-10-10,7,4.16667,0.0,3.5,100,48.8367,25.9767,-46.638,4.31787,720.0,0
2018-10-10,8,4.0,0.0,3.66667,100,49.49,27.2567,-45.7141,1.63911,773.76,0
2018-10-10,9,4.33333,0.0,4.16667,98,48.32,30.0967,-37.0947,-0.27429,720.0,0
2018-10-10,10,4.83333,0.0,5.5,87,45.82,26.8067,-36.1708,-0.65697,728.0,0
2018-10-10,11,5.0,0.0,7.16667,76,43.0333,24.9067,-36.1708,-0.65697,715.0,0
2018-10-10,12,4.83333,0.0,9.16667,68,42.29,24.2,-36.1708,-5.24913,699.84,0
2018-10-10,13,5.16667,0.0,11.3333,63,38.3233,23.0,-35.087,-10.6981,699.84,0
2018-10-10,14,5.33333,0.0,13.3333,65,36.32,23.69,-32.381,-7.99208,642.6,0
2018-10-10,15,5.5,0.0,15.0,61,36.9433,26.7067,-35.1526,-6.84404,600.0,0
2018-10-10,16,5.0,0.0,16.0,64,43.14,26.13,-27.3242,-4.0156,600.0,0
2018-10-10,17,4.5,0.0,16.5,61,48.15,26.66,-27.4841,1.05067,644.8,0
2018-10-10,18,3.83333,0.0,16.3333,73,52.33,34.8733,-25.3628,7.41466,665.6,0
2018-10-10,19,3.33333,0.0,15.6667,82,54.615,39.23,-26.0699,8.12177,693.6,0
2018-10-10,20,2.83333,0.0,14.5,90,69.115,46.795,-24.7125,10.684,747.3,0
2018-10-10,21,2.5,0.0,12.6667,100,81.6,49.3367,-22.7125,10.684,749.7,0
2018-10-10,22,2.33333,0.0,11.0,100,89.185,53.145,-28.8338,8.5627,780.0,0
2018-10-10,23,2.83333,0.0,9.5,96,74.4967,43.1667,-27.2596,4.91065,864.0,0
2018-10-11,0,3.16667,0.0,8.16667,100,71.4733,43.495,-24.9635,-0.63263,780.0,0
2018-10-11,1,3.66667,0.0,7.16667,100,73.0267,46.0233,-17.3483,-6.08303,858.6,0
2018-10-11,2,4.16667,0.0,6.5,100,61.0367,42.87,-9.89167,-8.40635,864.96,0
2018-10-11,3,4.5,0.0,6.16667,100,53.7,46.065,-2.82057,-8.40635,864.96,0
2018-10-11,4,5.0,0.0,5.83333,100,51.0233,43.7333,2.62838,-16.5613,864.96,0
2018-10-11,5,5.0,0.0,5.5,100,50.3567,41.63,9.54386,-24.018,836.16,0
2018-10-11,6,5.66667,0.0,5.33333,100,50.2167,45.3,6.83994,-29.5613,780.0,0
2018-10-11,7,5.16667,0.0,5.16667,93,49.87,48.8367,14.7781,-42.3346,642.6,0
2018-10-11,8,4.83333,0.0,5.0,100,47.99,49.49,12.0128,-44.1824,665.6,0
2018-10-11,9,4.66667,0.0,5.33333,100,46.63,48.32,12.986,-44.8327,665.6,0
2018-10-11,10,5.16667,0.0,6.5,84,45.5733,45.82,13.5767,-46.4069,691.2,0
2018-10-11,11,5.5,0.0,8.33333,70,41.5833,43.0333,6.68842,-46.4069,610.56,0
2018-10-11,12,6.0,0.0,10.3333,61,36.49,42.29,7.83646,-49.1785,540.0,0
2018-10-11,13,7.33333,0.0,12.6667,56,35.2267,38.3233,0.76536,-52.1074,499.8,0
2018-10-11,14,8.33333,0.0,15.0,61,34.7533,36.32,-7.6536,-50.2597,490.629,0
2018-10-11,15,9.16667,0.0,17.1667,56,33.6033,36.9433,-10.3324,-49.7268,360.0,0
2018-10-11,16,9.0,0.0,18.1667,58,40.4933,43.14,-14.0176,-49.6237,352.8,0
2018-10-11,17,8.83333,0.0,18.3333,76,36.1133,48.15,-13.6349,-48.6998,356.4,0
2018-10-11,18,8.5,0.0,18.0,94,41.3367,52.33,-16.6964,-48.3088,389.88,0
2018-10-11,19,8.33333,0.0,17.0,94,49.64,54.615,-19.7578,-45.6998,417.72,0
2018-10-11,20,7.33333,0.0,15.6667,92,72.235,69.115,-19.7578,-54.6998,360.0,0
2018-10-11,21,6.83333,0.0,13.8333,100,60.26,81.6,-15.931,-48.461,448.0,0
2018-10-11,22,6.5,0.0,12.3333,100,48.465,89.185,-15.931,-54.461,420.0,0
2018-10-11,23,6.33333,0.0,11.0,100,42.54,74.4967,-12.4869,-52.1461,466.4,0
2018-10-12,0,6.16667,0.0,9.66667,100,43.425,71.4733,-10.3655,-50.0247,503.25,0
2018-10-12,1,5.83333,0.0,8.66667,100,39.2,73.0267,-9.98286,-49.1009,509.143,0
2018-10-12,2,6.33333,0.0,8.0,100,36.59,61.0367,-12.6616,-48.568,520.8,0
2018-10-12,3,7.16667,0.0,8.0,94,38.26,53.7,-14.9577,-54.1113,480.0,0
2018-10-12,4,8.0,0.0,8.0,91,38.06,51.0233,-16.1057,-47.8829,448.8,0
2018-10-12,5,8.83333,0.0,7.83333,95,41.385,50.3567,-20.3152,-49.0456,395.2,0
2018-10-12,6,9.0,0.0,8.0,97,39.31,50.2167,-23.8508,-46.5812,361.029,0
2018-10-12,7,8.66667,0.0,8.0,100,38.57,49.87,-24.2334,-47.5051,345.257,0
2018-10-12,8,9.16667,0.0,8.33333,99,38.67,47.99,-23.4681,-45.6573,367.2,0
2018-10-12,9,8.83333,0.0,8.66667,94,34.3733,46.63,-24.6161,-48.4289,372.655,0
2018-10-12,10,9.16667,0.0,9.5,79,32.1867,45.5733,-23.8508,-46.5812,398.618,0
2018-10-12,11,9.16667,0.0,10.8333,69,31.0733,41.5833,-28.8337,-45.6109,372.655,0
2018-10-12,12,9.66667,0.0,12.3333,60,30.58,36.49,-25.265,-47.9954,341.85,0
2018-10-12,13,11.0,0.0,14.3333,55,31.5633,35.2267,-28.0684,-43.7632,313.6,0
2018-10-12,14,11.6667,0.0,16.0,55,31.44,34.7533,-33.8167,-44.6407,263.467,0
2018-10-12,15,12.1667,0.0,17.3333,55,30.6867,33.6033,-39.565,-45.5182,259.2,0
2018-10-12,16,11.6667,0.0,18.0,58,37.07,40.4933,-38.8579,-44.8111,250.364,0
2018-10-12,17,11.3333,0.0,18.1667,73,40.0367,36.1133,-41.7195,-41.7195,260.945,0
2018-10-12,18,10.6667,0.0,17.8333,91,41.29,41.3367,-40.3053,-40.3053,299.815,0
2018-10-12,19,9.83333,0.0,16.8333,96,46.745,49.64,-36.0626,-36.0626,366.277,0
2018-10-12,20,9.0,0.0,15.6667,87,47.235,72.235,-39.1241,-43.4536,343.938,0
2018-10-12,21,8.33333,0.0,14.0,100,43.43,60.26,-32.9931,-41.6523,394.4,0
2018-10-12,22,8.0,0.0,12.5,100,44.14,48.465,-38.6499,-47.3091,360.0,0
2018-10-12,23,7.83333,0.0,11.0,100,41.7533,42.54,-35.8215,-44.4807,386.88,0
2018-10-13,0,7.83333,0.0,9.83333,100,43.425,43.425,-34.4073,-43.0665,402.8,1
2018-10-13,1,7.66667,0.0,9.16667,94,41.07,39.2,-30.722,-43.1697,408.857,1
2018-10-13,2,7.16667,0.0,8.5,95,41.52,36.59,-32.2394,-40.8986,421.2,1
2018-10-13,3,6.5,0.0,8.16667,100,40.77,38.26,-33.7974,-35.421,470.25,1
2018-10-13,4,6.0,0.0,7.83333,100,38.2167,38.06,-36.6258,-38.2494,469.05,1
2018-10-13,5,5.5,0.0,7.66667,100,41.775,41.385,-38.1838,-32.7718,520.8,1
2018-10-13,6,5.66667,0.0,7.5,100,40.5333,39.31,-42.8032,-34.6852,497.25,1
2018-10-13,7,5.5,0.0,7.0,95,43.4967,38.57,-34.0849,-36.4194,497.25,1
2018-10-13,8,5.66667,0.0,6.66667,100,42.96,38.67,-28.428,-36.7625,532.65,1
2018-10-13,9,6.5,0.0,7.0,100,40.47,34.3733,-25.0672,-36.6489,555.429,1
2018-10-13,10,7.33333,0.0,8.0,82,40.3533,32.1867,-28.7524,-36.5457,517.029,1
2018-10-13,11,8.16667,0.0,9.5,68,39.3233,31.0733,-7.66587,-31.9536,443.7,1
2018-10-13,12,8.33333,0.0,11.0,64,39.96,30.58,-9.45683,-31.0385,379.44,1
2018-10-13,13,8.0,0.0,13.0,59,36.8133,31.5633,-11.2014,-35.4891,360.0,1
2018-10-13,14,8.0,0.0,15.1667,58,35.9233,31.44,-10.2629,-28.0981,395.2,1
2018-10-13,15,7.33333,0.0,17.1667,51,38.6567,30.6867,-15.8061,-24.3941,395.2,1
2018-10-13,16,7.0,0.0,18.1667,58,50.51,37.07,-13.5101,-23.8509,448.0,1
2018-10-13,17,6.66667,0.0,18.3333,73,53.6867,40.0367,-14.5371,-20.5483,473.28,1
2018-10-13,18,6.5,0.0,18.1667,100,59.86,41.29,-6.53711,-20.5483,420.0,1
2018-10-13,19,6.66667,0.0,17.3333,100,64.145,46.745,-23.9282,-23.6098,449.28,1
2018-10-13,20,6.5,0.0,16.1667,85,71.37,47.235,-19.3088,-21.6964,515.2,1
2018-10-13,21,6.0,0.0,14.1667,100,72.95,43.43,-14.6893,-23.6098,496.4,1
2018-10-13,22,5.5,0.0,12.5,100,70.645,44.14,-6.91114,-18.66,556.5,1
2018-10-13,23,4.66667,0.0,11.1667,99,64.26,41.7533,-10.9111,-23.66,561.6,1
2018-10-14,0,4.33333,0.0,9.83333,100,59.9133,43.425,-10.9111,-26.66,561.0,1
2018-10-14,1,4.5,0.0,8.83333,100,59.7133,41.07,0.63214,-24.3639,540.0,1
2018-10-14,2,4.66667,0.0,8.0,100,51.0033,41.52,-3.61052,-23.6066,577.2,1
2018-10-14,3,5.66667,0.0,7.5,100,49.74,40.77,8.02318,-24.7878,615.6,1
2018-10-14,4,5.83333,0.0,7.0,100,48.95,38.2167,5.68006,-30.4447,615.6,1
2018-10-14,5,6.33333,0.0,6.66667,100,50.14,41.775,13.0711,-33.3832,610.56,1
2018-10-14,6,5.83333,0.0,6.16667,100,48.6467,40.5333,21.9332,-35.7125,586.56,1
2018-10-14,7,6.33333,0.0,6.0,100,48.4533,43.4967,19.4351,-35.9204,581.4,1
2018-10-14,8,6.33333,0.0,6.16667,100,45.1667,42.96,21.465,-37.8211,480.0,1
2018-10-14,9,6.33333,0.0,6.16667,100,45.14,40.47,19.1689,-40.3644,480.0,1
2018-10-14,10,7.33333,0.0,7.33333,75,37.71,40.3533,17.4116,-44.1217,496.8,1
2018-10-14,11,7.83333,0.0,8.83333,60,33.3267,39.3233,4.68359,-48.3644,420.0,1
2018-10-14,12,9.33333,0.0,11.0,49,25.35,39.96,-0.97329,-45.7075,413.4,1
2018-10-14,13,10.1667,0.0,13.1667,39,23.18,36.8133,-15.8226,-47.8288,339.2,1
2018-10-14,14,11.5,0.0,15.0,40,20.21,35.9233,-29.905,-39.3282,278.25,1
2018-10-14,15,12.8333,0.0,17.1667,42,18.3667,38.6567,-39.8045,-41.2277,249.9,1
2018-10-14,16,13.0,0.0,18.0,43,25.4533,50.51,-42.6329,-35.0561,235.2,1
2018-10-14,17,13.5,0.0,17.8333,56,23.9567,53.6867,-43.34,-35.7632,239.4,1
2018-10-14,18,13.1667,0.0,17.5,65,36.1133,59.86,-38.891,-38.891,257.914,1
2018-10-14,19,12.1667,0.0,16.5,73,38.705,64.145,-38.2303,-32.8183,307.125,1
2018-10-14,20,10.8333,0.0,15.0,76,42.295,71.37,-41.2917,-40.2094,303.525,1
2018-10-14,21,9.66667,0.0,13.5,72,40.18,72.95,-45.5344,-44.452,309.825,1
2018-10-14,22,8.5,0.0,11.6667,88,38.42,70.645,-40.5846,-39.5022,355.385,1
2018-10-14,23,7.5,0.0,10.3333,82,36.7733,64.26,-35.6349,-34.5525,433.1,1
2018-10-15,0,7.33333,0.0,8.83333,82,37.785,59.9133,-39.8775,-38.7951,423.5,0
2018-10-15,1,7.5,0.0,7.66667,82,37.06,59.7133,-37.7562,-36.6738,443.52,0
2018-10-15,2,8.0,0.0,6.83333,82,36.325,51.0033,-36.8323,-36.2911,437.25,0
2018-10-15,3,7.5,0.0,6.0,85,35.89,49.74,-42.0858,-32.3442,395.2,0
2018-10-15,4,7.5,0.0,5.66667,84,36.645,48.95,-43.3864,-30.3976,432.667,0
2018-10-15,5,7.5,0.0,5.16667,85,37.7467,50.14,-42.5657,-26.3297,451.0,0
2018-10-15,6,7.0,0.0,4.83333,81,37.6,48.6467,-42.5657,-26.3297,451.0,0
2018-10-15,7,7.16667,0.0,4.16667,100,39.06,48.4533,-40.6191,-27.6303,479.467,0
2018-10-15,8,6.83333,0.0,4.0,97,36.6967,45.1667,-34.2551,-31.2663,463.6,0
2018-10-15,9,7.0,0.0,4.33333,86,37.0033,45.14,-36.9339,-37.7335,420.0,0
2018-10-15,10,7.83333,0.0,5.33333,68,33.8933,37.71,-31.2977,-40.7565,450.667,0
2018-10-15,11,8.5,0.0,7.0,54,29.33,33.3267,-27.6022,-39.2258,413.4,0
2018-10-15,12,8.66667,0.0,9.0,50,27.26,25.35,-24.8874,-39.7582,385.0,0
2018-10-15,13,8.66667,0.0,11.6667,48,31.13,23.18,-29.0585,-36.8937,403.68,0
2018-10-15,14,9.0,0.0,14.1667,49,25.09,20.21,-38.2973,-30.7205,377.143,0
2018-10-15,15,9.83333,0.0,16.0,51,25.9567,18.3667,-41.9825,-30.6173,345.257,0
2018-10-15,16,10.0,0.0,16.8333,56,24.42,25.4533,-47.789,-32.6354,323.345,0
2018-10-15,17,10.1667,0.0,17.1667,59,39.2433,23.9567,-46.1117,-36.9113,300.0,0
2018-10-15,18,10.1667,0.0,16.8333,69,37.16,36.1133,-40.3516,-34.9396,309.12,0
2018-10-15,19,9.33333,0.0,15.8333,82,49.01,38.705,-37.58,-33.7916,340.267,0
2018-10-15,20,8.83333,0.0,14.3333,88,49.645,42.295,-42.1994,-35.705,339.2,0
2018-10-15,21,7.66667,0.0,12.5,99,50.6533,40.18,-38.1315,-34.8843,407.1,0
2018-10-15,22,6.66667,0.0,11.0,100,44.33,38.42,-41.667,-38.4198,410.4,0
2018-10-15,23,5.83333,0.0,9.5,97,42.92,36.7733,-38.725,-32.2306,492.0,0
2018-10-16,0,5.66667,0.0,8.16667,97,45.2767,37.785,-44.2683,-34.5267,475.2,0
2018-10-16,1,5.83333,0.0,7.16667,98,44.88,37.06,-41.3262,-28.3374,553.527,0
2018-10-16,2,5.83333,0.0,6.5,98,45.0967,36.325,-46.8695,-30.6335,526.145,0
2018-10-16,3,5.83333,0.0,6.5,89,46.15,35.89,-44.6346,-25.1514,555.429,0
2018-10-16,4,5.33333,0.0,6.16667,100,49.23,36.645,-42.7868,-24.386,570.24,0
2018-10-16,5,5.16667,0.0,5.83333,100,50.34,37.7467,-45.5585,-25.5341,563.04,0
2018-10-16,6,5.0,0.0,5.66667,100,53.75,37.6,-45.5585,-25.5341,582.4,0
2018-10-16,7,4.83333,0.0,5.5,100,53.8633,39.06,-45.1758,-24.6102,586.56,0
2018-10-16,8,4.66667,0.0,5.33333,100,53.03,36.6967,-43.5536,-25.694,604.2,0
2018-10-16,9,4.83333,0.0,5.33333,99,53.0767,37.0033,-42.6298,-25.3114,626.4,0
2018-10-16,10,5.66667,0.0,6.33333,74,47.82,33.8933,-39.3826,-28.5586,626.4,0
2018-10-16,11,5.83333,0.0,7.66667,62,43.6333,29.33,-41.2303,-29.3239,582.4,0
2018-10-16,12,6.5,0.0,9.5,54,41.97,27.26,-35.687,-33.0278,582.4,0
2018-10-16,13,7.16667,0.0,11.6667,48,39.89,31.13,-33.8393,-32.2625,510.0,0
2018-10-16,14,7.83333,0.0,14.0,50,41.9833,25.09,-32.8122,-35.565,461.76,0
2018-10-16,15,8.16667,0.0,16.0,50,43.77,25.9567,-37.3004,-29.7703,419.76,0
2018-10-16,16,8.5,0.0,17.1667,56,42.44,24.42,-40.072,-30.9184,377.4,0
2018-10-16,17,9.0,0.0,17.5,65,46.0667,39.2433,-37.456,-29.3848,385.0,0
2018-10-16,18,8.66667,0.0,17.0,75,47.105,37.16,-40.9001,-31.6997,366.667,0
2018-10-16,19,7.83333,0.0,15.8333,86,62.5967,49.01,-35.2639,-34.7227,395.2,0
2018-10-16,20,6.66667,0.0,14.1667,89,86.66,49.645,-38.0924,-37.5512,402.8,0
2018-10-16,21,5.66667,0.0,12.1667,100,83.6633,50.6533,-39.5066,-38.9654,435.2,0
2018-10-16,22,4.66667,0.0,10.1667,100,73.785,44.33,-34.5568,-34.0156,549.067,0
2018-10-16,23,3.5,0.0,8.66667,100,68.2233,42.92,-31.7284,-36.8441,547.2,0
2018-10-17,0,2.83333,0.0,7.33333,100,66.255,45.2767,-30.3142,-38.2583,575.467,0
2018-10-17,1,2.83333,0.0,6.33333,100,60.3933,44.88,-20.8512,-37.5858,675.45,0
2018-10-17,2,3.0,0.0,5.66667,100,58.5633,45.0967,-20.8512,-41.5858,659.85,0
2018-10-17,3,3.0,0.0,5.16667,100,55.36,46.15,-21.9992,-44.3574,660.0,0
2018-10-17,4,2.66667,0.0,4.83333,100,54.89,49.23,-16.456,-42.0614,821.28,0
2018-10-17,5,2.83333,0.0,4.16667,100,56.9933,50.34,-18.3037,-42.8267,846.72,0
2018-10-17,6,2.83333,0.0,3.83333,100,52.33,53.75,-21.0754,-43.9748,845.88,0
2018-10-17,7,2.66667,0.0,3.66667,100,60.21,53.8633,-23.847,-45.1228,840.0,0
2018-10-17,8,2.66667,0.0,3.33333,100,59.5967,53.03,-19.5475,-39.1997,985.6,0
2018-10-17,9,2.83333,0.0,3.5,100,54.0,53.0767,-22.3192,-40.3478,975.2,0
2018-10-17,10,3.66667,0.0,4.66667,84,53.865,47.82,-25.0908,-41.4958,960.0,0
2018-10-17,11,4.16667,0.0,6.66667,67,49.1667,43.6333,-28.1139,-35.8597,960.0,0
2018-10-17,12,4.5,0.0,8.83333,57,44.835,41.97,-20.3106,-32.1073,900.0,0
2018-10-17,13,4.83333,0.0,11.5,46,36.4467,39.89,-17.4821,-34.2789,872.1,0
2018-10-17,14,5.16667,0.0,14.5,44,33.4733,41.9833,-26.3442,-31.9496,816.0,0
2018-10-17,15,6.0,0.0,17.0,51,37.2567,43.77,-32.1116,-31.0914,780.0,0
2018-10-17,16,6.16667,0.0,18.1667,58,43.7033,42.44,-32.925,-28.4459,665.6,0
2018-10-17,17,6.5,0.0,19.0,47,52.2967,46.0667,-33.0386,-31.8067,540.0,0
2018-10-17,18,6.83333,0.0,19.0,60,50.88,47.105,-27.7851,-35.7536,509.143,0
2018-10-17,19,6.83333,0.0,17.8333,80,54.9467,62.5967,-21.3179,-40.0749,496.8,0
2018-10-17,20,6.66667,0.0,16.0,86,70.12,86.66,-25.5274,-39.151,505.44,0
2018-10-17,21,5.66667,0.0,13.8333,100,75.26,83.6633,-25.5274,-43.151,480.0,0
2018-10-17,22,4.66667,0.0,12.0,100,85.195,73.785,-25.5274,-40.151,546.96,0
2018-10-17,23,4.16667,0.0,10.0,96,60.6467,68.2233,-25.5274,-42.151,563.04,0
2018-10-18,0,4.0,0.0,8.33333,96,62.86,66.255,-16.2886,-42.151,563.04,0
2018-10-18,1,4.0,0.0,7.16667,96,57.8133,60.3933,-7.42654,-44.4803,596.25,0
2018-10-18,2,3.83333,0.0,6.33333,100,51.695,58.5633,2.84974,-40.7368,655.2,0
2018-10-18,3,4.33333,0.0,6.0,100,53.21,55.36,5.62138,-41.8848,659.85,0
2018-10-18,4,4.16667,0.0,5.66667,100,52.895,54.89,13.1917,-40.8473,722.4,0
2018-10-18,5,4.16667,0.0,5.16667,99,52.1767,56.9933,13.5743,-41.7712,767.25,0
2018-10-18,6,4.16667,0.0,4.5,100,52.77,52.33,17.1099,-45.3068,720.0,0
2018-10-18,8,4.5,0.0,4.33333,100,65.0,59.5967,24.414,-40.1584,746.64,0
2018-10-18,9,4.66667,0.0,4.16667,100,55.8133,54.0,28.2408,-40.1584,720.0,0
2018-10-18,10,5.83333,0.0,5.33333,84,52.92,53.865,32.4834,-36.4011,674.16,0
2018-10-18,11,5.5,0.0,7.33333,66,33.33,49.1667,35.864,-34.4876,622.2,0
2018-10-18,12,5.5,0.0,10.0,57,41.9433,44.835,34.6214,-30.245,674.16,0
2018-10-18,13,5.5,0.0,12.5,51,39.3275,36.4467,24.4587,-30.6277,600.0,0
2018-10-18,14,6.0,0.0,14.8333,51,34.3333,33.4733,26.6871,-29.4796,600.0,0
2018-10-18,15,5.83333,0.0,17.5,50,38.2567,37.2567,13.4644,-23.4622,561.6,0
2018-10-18,16,5.16667,0.0,18.5,54,47.71,43.7033,14.2217,-19.2196,570.24,0
2018-10-18,17,5.33333,0.0,18.8333,62,75.91,52.2967,10.5262,-17.6889,540.0,0
2018-10-18,18,5.0,0.0,18.5,73,48.045,50.88,8.9955,-8.99334,563.04,0
2018-10-18,19,4.83333,0.0,17.5,87,73.49,54.9467,11.0821,-4.37394,604.2,0
2018-10-18,20,3.83333,0.0,15.8333,95,84.265,70.12,9.66788,3.56424,675.45,0
2018-10-18,21,3.33333,0.0,13.8333,98,95.0867,75.26,11.0821,5.412,701.25,0
2018-10-18,22,3.0,0.0,12.1667,100,91.99,85.195,12.4963,7.25976,723.45,0
2018-10-18,23,3.16667,0.0,10.5,96,95.61,60.6467,13.9105,9.10752,742.05,0
2018-10-19,0,2.83333,0.0,9.0,95,93.39,62.86,6.44609,13.7269,781.0,0
2018-10-19,1,2.66667,0.0,8.0,95,92.185,57.8133,7.86031,15.5747,795.0,0
2018-10-19,2,2.83333,0.0,7.5,96,92.58,51.695,9.98164,18.3463,780.0,0
2018-10-19,3,3.0,0.0,7.16667,100,87.825,53.21,17.6462,22.7637,836.16,0
2018-10-19,4,3.0,0.0,6.83333,100,76.36,52.895,15.4179,23.9118,949.05,0
2018-10-19,5,2.66667,0.0,6.5,100,64.0,52.1767,17.4179,23.9118,965.25,0
2018-10-19,6,3.33333,0.0,6.33333,100,64.0,52.77,20.4179,23.9118,951.6,0
2018-10-19,8,4.0,0.0,5.66667,100,63.41,65.0,25.1382,35.8353,900.0,0
2018-10-19,9,4.5,0.0,6.0,100,61.9967,55.8133,33.9,34.1446,938.1,0
2018-10-19,10,5.5,0.0,7.0,76,61.9967,52.92,29.9,40.1446,872.1,0
2018-10-19,11,6.0,0.0,8.33333,67,62.8967,33.33,30.8289,30.9058,764.64,0
2018-10-19,12,6.0,0.0,10.0,61,58.8267,41.9433,31.536,30.529,660.0,0
2018-10-19,13,7.16667,0.0,12.0,59,59.8633,39.3275,33.5437,23.6136,600.0,0
2018-10-19,14,8.33333,0.0,13.8333,56,58.53,34.3333,32.1361,31.4307,457.6,0
2018-10-19,15,9.16667,0.0,15.3333,58,57.2033,38.2567,38.2921,33.6553,360.0,0
2018-10-19,16,9.0,0.0,15.1667,85,56.28,47.71,45.7566,24.1197,341.85,0
2018-10-19,17,9.0,0.0,15.1667,73,57.4167,75.91,44.2237,21.4409,332.8,0
2018-10-19,18,8.66667,0.0,14.3333,89,51.9,48.045,45.5244,19.4944,332.8,0
2018-10-19,19,8.0,0.0,13.3333,91,49.2733,73.49,43.6766,23.3212,420.0,0
2018-10-19,20,7.5,0.0,12.1667,93,52.335,84.265,51.0676,26.3826,384.8,0
2018-10-19,21,6.66667,0.0,11.0,92,44.9733,95.0867,51.5823,15.296,423.5,0
2018-10-19,22,6.16667,0.0,10.6667,93,44.61,91.99,49.097,4.20948,497.455,0
2018-10-19,23,5.83333,0.0,9.66667,94,38.8133,95.61,53.097,4.20948,507.055,0
2018-10-20,0,5.83333,0.0,9.33333,93,30.74,93.39,56.7925,5.7402,510.545,1
2018-10-20,1,5.33333,0.0,9.0,92,30.0033,92.185,49.488,7.27092,575.143,1
2018-10-20,2,4.83333,0.0,8.66667,86,31.82,92.58,53.0236,10.8065,540.0,1
2018-10-20,3,4.66667,0.0,8.16667,88,38.435,87.825,50.7991,17.7279,540.0,1
2018-10-20,4,4.83333,0.0,7.83333,97,33.6367,76.36,46.1797,15.8145,607.05,1
2018-10-20,5,5.0,0.0,7.5,92,36.0467,64.0,49.7152,19.35,577.2,1
2018-10-20,6,5.16667,0.0,6.83333,95,31.2533,64.0,45.8597,20.908,649.6,1
2018-10-20,7,5.66667,0.0,6.33333,100,32.72,68.0,45.8597,25.908,618.8,1
2018-10-20,8,5.83333,0.0,6.0,99,31.05,63.41,30.8597,33.908,620.1,1
2018-10-20,9,6.33333,0.0,6.0,87,29.0633,61.9967,31.8095,40.3752,540.0,1
2018-10-20,10,6.66667,0.0,6.16667,69,21.6567,61.9967,24.4185,45.3137,501.84,1
2018-10-20,11,7.16667,0.0,6.66667,70,22.5133,62.8967,25.8327,46.7279,480.0,1
2018-10-20,12,7.33333,0.0,7.33333,62,23.3933,58.8267,16.9706,48.5719,461.76,1
2018-10-20,13,7.5,0.0,8.16667,59,18.1267,59.8633,17.6777,49.279,440.64,1
2018-10-20,14,7.83333,0.0,9.16667,59,13.3867,58.53,20.5062,47.9745,437.25,1
2018-10-20,15,7.83333,0.0,9.83333,62,11.72,57.2033,28.8211,43.4186,408.857,1
2018-10-20,16,8.16667,0.0,10.1667,57,18.0533,56.28,29.5282,42.6083,405.45,1
2018-10-20,17,7.33333,0.0,10.1667,64,27.1167,57.4167,35.8922,42.9233,375.943,1
2018-10-20,18,7.5,0.0,10.0,64,37.865,51.9,33.0638,40.7451,453.6,1
2018-10-20,19,6.83333,0.97,9.5,69,48.4367,49.2733,38.0135,39.2123,451.0,1
2018-10-20,20,5.66667,0.97,8.5,79,43.73,52.335,42.6329,41.1257,420.0,1
2018-10-20,21,5.0,0.97,7.33333,86,50.69,44.9733,40.238,37.6484,532.0,1
2018-10-20,22,4.33333,0.97,6.16667,83,46.89,44.61,40.238,41.6484,530.0,1
2018-10-20,23,5.0,0.97,5.16667,87,54.6667,38.8133,33.8741,38.3335,600.4,1
2018-10-21,0,4.66667,0.97,4.33333,86,49.735,30.74,33.8741,45.3335,540.0,1
2018-10-21,1,4.16667,0.0,3.5,80,46.4133,30.0033,20.9397,39.976,596.25,1
2018-10-21,2,4.33333,0.0,2.83333,80,48.3,31.82,19.092,39.2106,619.65,1
2018-10-21,3,4.33333,0.0,2.5,84,42.9833,38.435,16.4351,33.5537,737.2,1
2018-10-21,4,4.16667,0.0,2.5,78,35.48,33.6367,16.4351,37.5537,720.8,1
2018-10-21,5,3.83333,0.0,2.0,100,30.5433,36.0467,6.37558,27.7081,728.0,1
2018-10-21,6,3.83333,0.0,1.66667,100,26.6433,31.2533,4.25425,29.9364,749.829,1
2018-10-21,7,4.16667,0.0,2.0,93,22.53,32.72,2.84003,28.0887,764.64,1
2018-10-21,8,4.33333,0.0,2.5,85,26.6033,31.05,5.66847,31.7842,720.0,1
2018-10-21,9,4.5,0.0,3.16667,73,28.11,29.0633,2.02975,32.801,717.6,1
2018-10-21,10,5.0,0.0,4.0,76,28.58,21.6567,6.64915,30.7144,711.36,1
2018-10-21,11,5.0,0.0,5.33333,73,31.8033,22.5133,13.6491,25.7144,704.229,1
2018-10-21,12,5.0,0.0,6.66667,66,28.02,23.3933,18.2685,20.6278,711.36,1
2018-10-21,13,5.66667,0.0,7.66667,59,26.4367,18.1267,28.2713,27.9259,665.6,1
2018-10-21,14,6.33333,0.0,8.83333,58,30.3067,13.3867,30.9281,31.317,592.8,1
2018-10-21,15,6.66667,0.0,9.66667,57,31.9133,11.72,34.6237,35.8477,570.24,1
2018-10-21,16,6.33333,0.0,9.66667,69,29.2333,18.0533,31.0881,38.2283,504.9,1
2018-10-21,17,6.33333,0.0,10.0,76,34.9367,27.1167,28.2597,39.5328,480.0,1
2018-10-21,18,6.0,0.0,9.83333,89,40.18,37.865,25.4312,40.8372,480.0,1
2018-10-21,19,5.16667,0.0,9.33333,86,38.5567,48.4367,20.8118,41.9238,555.429,1
2018-10-21,20,4.5,0.0,8.33333,91,37.315,43.73,19.6638,44.6955,559.543,1
2018-10-21,21,4.0,0.0,7.33333,98,40.2,50.69,12.6638,48.6955,586.56,1
2018-10-21,22,3.5,0.0,7.0,84,53.455,46.89,4.34887,48.3128,610.56,1
2018-10-21,23,3.5,0.0,6.16667,82,40.4233,54.6667,2.50111,49.0782,624.24,1
2018-10-22,0,4.0,0.0,5.66667,88,46.025,49.735,-1.03444,49.4588,680.4,0
2018-10-22,1,4.5,0.0,5.16667,90,33.66,46.4133,-10.934,46.3104,722.4,0
2018-10-22,2,4.83333,0.0,5.0,81,38.405,48.3,-16.4773,48.6065,660.0,0
2018-10-22,3,5.0,0.0,5.0,82,37.37,42.9833,-22.0205,42.9025,681.943,0
2018-10-22,4,5.5,0.0,4.66667,81,33.3833,35.48,-25.5561,39.4381,685.44,0
2018-10-22,5,5.5,0.0,4.5,85,34.89,30.5433,-29.0916,37.9736,685.44,0
2018-10-22,6,5.5,0.0,4.33333,84,35.3,26.6433,-24.0916,29.9736,665.6,0
2018-10-22,7,5.33333,0.0,4.33333,99,36.5033,22.53,-16.9436,27.202,600.0,0
2018-10-22,8,5.33333,0.0,4.5,83,35.3133,26.6033,-16.7836,25.2068,581.4,0
2018-10-22,9,5.66667,0.0,4.83333,70,41.105,28.11,-14.9359,30.4415,540.0,0
2018-10-22,10,6.66667,0.0,5.5,75,32.0633,28.58,-13.372,27.666,583.0,0
2018-10-22,11,7.83333,0.0,6.33333,72,24.52,31.8033,-12.0382,35.5326,480.0,0
2018-10-22,12,8.83333,0.0,7.33333,62,20.8867,28.02,-4.01595,37.2519,419.76,0
2018-10-22,13,10.5,0.0,8.5,58,21.6667,26.4367,-23.5013,45.7373,336.96,0
2018-10-22,14,11.8333,0.0,9.66667,56,14.9267,30.3067,-30.5724,46.8084,240.0,0
2018-10-22,15,12.8333,0.0,10.6667,50,15.0433,31.9133,-29.0416,43.1129,265.5,0
2018-10-22,16,12.8333,0.51,11.3333,52,26.41,29.2333,-29.4243,44.0367,255.2,0
2018-10-22,17,12.6667,0.51,11.5,71,30.3267,34.9367,-28.7172,43.3296,282.72,0
2018-10-22,18,12.5,0.51,11.3333,83,30.565,40.18,-32.9267,53.4923,248.88,0
2018-10-22,19,12.0,0.51,11.0,82,40.2733,38.5567,-26.5295,53.0483,277.714,0
2018-10-22,20,11.3333,1.73,10.1667,78,43.385,37.315,-25.7642,51.2006,289.385,0
2018-10-22,21,11.6667,1.73,9.33333,89,37.3333,40.2,-24.6161,48.4289,305.455,0
2018-10-22,22,12.1667,1.22,8.33333,96,37.79,53.455,-16.8379,55.6507,260.945,0
2018-10-22,23,12.0,1.22,7.66667,97,37.3567,40.4233,-8.41896,49.3254,286.7,0
2018-10-23,0,11.3333,1.22,7.16667,92,37.66,46.025,-8.41896,59.3254,249.9,0
2018-10-23,1,10.5,1.22,6.5,90,29.19,33.66,-3.8268,55.2388,285.12,0
2018-10-23,2,10.3333,0.0,6.0,92,26.1567,38.405,4.94977,52.4672,357.12,0
2018-10-23,3,9.0,0.0,5.33333,86,28.585,37.37,4.94977,61.4672,330.72,0
2018-10-23,4,8.16667,0.0,5.16667,85,20.07,33.3833,4.94977,53.4672,411.429,0
2018-10-23,5,8.5,0.0,4.83333,86,15.7533,34.89,4.94977,62.4672,371.571,0
2018-10-23,6,8.83333,0.0,4.5,81,16.3133,35.3,4.94977,50.4672,393.6,0
2018-10-23,7,9.66667,0.0,4.33333,86,19.54,36.5033,4.94977,52.4672,361.029,0
2018-10-23,8,10.1667,0.0,4.16667,85,17.2867,35.3133,0.0,58.0,312.8,0
2018-10-23,9,11.1667,0.0,4.33333,78,19.6167,41.105,-4.59216,53.0866,300.667,0
2018-10-23,10,11.8333,0.0,4.33333,80,16.61,32.0633,-9.567,56.097,280.8,0
2018-10-23,11,13.0,1.27,4.5,86,14.5367,24.52,-18.7594,53.2894,240.0,0
2018-10-23,12,15.1667,2.54,4.66667,81,13.16,20.8867,-36.3131,39.5603,225.5,0
2018-10-23,13,17.1667,3.71,4.83333,77,10.6033,21.6667,-42.3026,32.0198,190.615,0
2018-10-23,14,17.6667,4.88,5.0,73,11.56,14.9267,-42.2945,45.0005,143.242,0
2018-10-23,15,20.8333,4.88,5.0,77,10.6933,15.0433,-30.4809,51.5877,183.0,0
2018-10-23,16,26.0,6.05,5.0,79,11.3167,26.41,-37.552,58.6588,135.15,0
2018-10-23,17,27.1667,5.75,5.0,86,10.3367,30.3267,-53.7404,53.7404,79.8,0
2018-10-23,18,27.6667,5.45,5.0,82,11.845,30.565,-49.4977,49.4977,137.236,0
2018-10-23,19,27.5,4.28,5.0,83,10.6033,40.2733,-36.0626,36.0626,176.538,0
2018-10-23,20,29.0,4.23,5.0,84,11.1533,43.385,-52.3261,52.3261,129.6,0
2018-10-23,21,28.5,4.23,5.16667,83,8.92,37.3333,-43.1256,56.1144,134.832,0
2018-10-23,22,25.6667,4.18,5.33333,81,6.665,37.79,-9.18432,51.1731,159.75,0
2018-10-23,23,25.8333,3.21,5.5,79,4.44333,37.3567,0.0,56.0,157.076,0
2018-10-24,0,25.5,2.24,5.66667,87,3.69333,37.66,0.0,54.0,162.222,0
2018-10-24,1,24.8333,2.24,5.66667,87,2.22333,29.19,-8.80164,75.2492,120.0,0
2018-10-24,2,23.8333,1.12,5.66667,83,0.43,26.1567,-8.80164,67.2492,159.822,0
2018-10-24,3,22.0,1.63,5.66667,82,12.815,28.585,-8.80164,58.2492,193.93,0
2018-10-24,4,19.8333,0.51,5.66667,78,0.66,20.07,0.0,55.0,210.189,0
2018-10-24,5,18.1667,1.02,5.5,83,2.69667,15.7533,0.0,69.0,180.0,0
2018-10-24,6,19.1667,1.02,5.33333,89,1.28667,16.3133,0.0,67.0,187.0,0
2018-10-24,7,21.0,1.02,5.16667,85,3.43667,19.54,0.0,60.0,148.114,0
2018-10-24,8,23.1667,1.93,5.16667,82,3.93,17.2867,0.0,59.0,141.931,0
2018-10-24,9,25.5,2.33,5.0,80,3.81,19.6167,21.9204,58.6403,135.24,0
2018-10-24,10,29.0,2.33,4.83333,70,3.57,16.61,44.5479,58.2044,128.981,0
2018-10-24,11,31.6667,2.76,5.0,77,3.21667,14.5367,47.3764,61.9,114.562,0
2018-10-24,12,33.0,3.7,5.16667,76,4.90333,13.16,48.0835,62.8238,119.451,0
2018-10-24,13,34.5,3.7,5.5,74,5.29667,10.6033,49.4977,64.6716,105.382,0
2018-10-24,14,34.3333,3.6,5.66667,76,4.49,11.56,53.7404,70.2149,94.9622,0
2018-10-24,15,33.8333,2.69,6.0,74,4.64667,10.6933,27.5773,66.0313,127.077,0
2018-10-24,16,33.5,3.5,6.33333,70,2.53,11.3167,20.5062,56.7925,144.84,0
2018-10-24,17,33.8333,3.37,6.33333,79,3.29333,10.3367,43.8408,57.2806,127.531,0
2018-10-24,18,32.8333,3.24,6.33333,80,3.945,11.845,48.0835,62.8238,113.455,0
2018-10-24,19,30.6667,3.72,6.16667,77,5.38,10.6033,46.6693,60.9761,127.749,0
2018-10-24,20,29.0,2.91,6.0,76,6.395,11.1533,40.3053,52.6612,157.548,0
2018-10-24,21,26.8333,2.91,5.66667,78,3.69,8.92,54.4475,71.1388,137.961,0
2018-10-24,22,24.0,2.58,5.33333,75,2.08,6.665,43.8408,57.2806,194.954,0
2018-10-24,23,21.0,1.77,5.16667,69,1.71667,4.44333,36.7697,48.0418,236.64,0
2018-10-25,0,18.8333,0.96,4.83333,73,1.67,3.69333,48.7906,60.0626,186.66,0
2018-10-25,1,17.5,0.48,4.66667,68,2.07,2.22333,36.0626,39.5309,229.125,0
2018-10-25,2,16.3333,0.48,4.5,71,2.58667,0.43,37.4768,37.4768,216.847,0
2018-10-25,3,15.3333,0.48,4.16667,76,4.16,12.815,46.6693,46.6693,187.2,0
2018-10-25,4,14.5,0.0,3.83333,76,5.15667,0.66,41.7195,41.7195,247.8,0
2018-10-25,5,13.5,0.0,3.5,71,4.96667,2.69667,36.7697,39.1542,308.0,0
2018-10-25,6,12.0,0.0,3.16667,80,4.52,1.28667,44.5479,49.3169,282.333,0
2018-10-25,7,10.5,0.0,3.0,79,8.10667,3.43667,31.82,45.5889,332.215,0
2018-10-25,8,9.83333,0.0,2.83333,71,11.9133,3.93,31.82,54.5889,300.0,0
2018-10-25,9,9.83333,0.0,3.0,75,10.0833,3.81,22.6275,54.3965,312.12,0
2018-10-25,10,10.5,0.99,3.33333,72,16.2167,3.57,15.5564,57.3254,323.345,0
2018-10-25,11,10.6667,1.98,3.66667,79,8.24,3.21667,-5.7402,50.8582,326.8,0
2018-10-25,12,11.1667,1.98,4.16667,80,14.78,4.90333,-10.3324,52.9448,288.0,0
2018-10-25,13,11.8333,2.72,4.5,80,15.3967,5.29667,-18.8177,52.4301,251.6,0
2018-10-25,14,12.1667,2.72,4.66667,86,15.0667,4.49,-28.0101,42.6225,292.32,0
2018-10-25,15,12.5,3.46,4.83333,82,17.7633,4.64667,-35.7883,50.4007,257.92,0
2018-10-25,16,12.1667,3.21,5.16667,72,17.4733,2.53,-41.1347,41.1347,260.0,0
2018-10-25,17,12.3333,2.22,5.5,84,21.0867,3.29333,-48.553,35.023,249.9,0
2018-10-25,18,12.3333,2.22,5.83333,81,17.4433,3.945,-27.0676,26.5376,249.508,0
2018-10-25,19,12.1667,1.48,6.16667,81,10.1267,5.38,-22.4674,28.4318,240.0,0
2018-10-25,20,12.8333,1.48,6.66667,86,11.925,6.395,-14.6892,32.6536,240.0,0
2018-10-25,21,13.1667,1.22,7.0,83,12.765,3.69,8.40784,38.0866,281.538,0
2018-10-25,22,13.0,0.48,7.0,78,5.045,2.08,5.30738,51.0209,265.5,0
2018-10-25,23,12.3333,0.96,6.83333,83,5.485,1.71667,18.3849,48.4196,265.5,0
