data,timeofday,windspeed6,opady6,temp6,rhumid,index_avg,prev_index_avg,wind_dir_ns,wind_dir_ew,dispel50,is_weekend
2017-11-01,1,13.1667,0.0,5.33333,90,24.74,14.95,-20.282,48.9656,246.4,1
2017-11-01,4,15.5,0.61,6.0,92,22.48,6.45,-24.1088,58.2044,195.52,1
2017-11-01,5,16.0,0.61,6.0,86,20.87,5.91,-24.1088,58.2044,209.647,1
2017-11-01,6,16.3333,0.61,6.0,88,18.47,5.56,-24.4915,59.1283,180.0,1
2017-11-01,7,16.3333,0.61,6.0,93,17.72,5.91,-25.6396,61.9,180.0,1
2017-11-01,8,16.8333,1.09,6.0,89,19.65,4.69,-19.8994,48.0418,228.8,1
2017-11-01,9,17.0,0.48,6.0,80,18.38,9.06,-25.032,43.4328,232.941,1
2017-11-01,10,17.5,0.48,6.16667,77,12.58,16.5967,-25.4147,44.3567,224.824,1
2017-11-01,11,17.8333,0.48,6.33333,81,27.05,25.02,-31.6371,41.3787,216.847,1
2017-11-01,12,19.1667,1.04,6.5,84,21.71,18.67,-33.7584,43.5,198.4,1
2017-11-01,14,21.3333,0.56,7.0,84,29.45,20.84,-32.8935,59.4123,125.46,1
2017-11-01,15,22.1667,0.56,7.33333,86,27.4,21.84,-35.0149,61.5336,134.832,1
2017-11-01,16,22.8333,1.35,7.5,91,14.63,19.02,-34.2495,59.6859,140.4,1
2017-11-01,17,22.6667,2.14,7.66667,86,26.32,25.24,-33.4841,57.8381,146.348,1
2017-11-01,18,21.8333,1.58,7.83333,89,21.65,16.72,-24.4915,59.1283,169.304,1
2017-11-01,19,20.8333,1.83,8.0,93,22.64,35.03,-29.8321,52.0213,183.0,1
2017-11-01,20,20.1667,1.83,8.16667,97,28.45,46.36,-34.1411,44.4239,195.789,1
2017-11-01,21,20.0,1.83,8.33333,95,25.12,48.55,-40.3053,40.3053,200.34,1
2017-11-01,22,20.0,1.04,8.5,93,27.71,24.74,-34.582,46.4884,177.0,1
2017-11-02,1,21.6667,1.04,9.33333,89,27.71,24.74,-41.3287,53.7763,135.873,0
2017-11-02,4,21.8333,2.62,9.66667,86,33.76,22.48,-31.5707,53.2187,160.74,0
2017-11-02,5,21.8333,2.37,9.66667,89,29.44,20.87,-31.9534,54.1426,169.304,0
2017-11-02,6,21.1667,3.16,9.5,86,29.28,18.47,-24.8742,60.0522,148.5,0
2017-11-02,7,21.0,2.37,9.33333,85,11.02,17.72,-30.6557,55.0097,159.6,0
2017-11-02,8,20.3333,3.72,9.16667,90,26.8933,19.65,-40.1731,42.8791,186.0,0
2017-11-02,9,20.1667,2.93,9.0,79,23.62,18.38,-48.5425,27.9769,195.789,0
2017-11-02,10,20.3333,4.45,9.0,84,35.64,12.58,-42.3784,32.0956,195.789,0
2017-11-02,11,20.0,6.76,9.0,83,24.36,27.05,-40.3811,40.3811,175.137,0
2017-11-02,13,20.1667,9.02,9.0,90,25.12,33.64,-45.255,45.255,164.509,0
2017-11-02,14,19.8333,7.67,9.16667,82,22.16,29.45,-43.1337,43.1337,183.0,0
2017-11-02,15,19.8333,8.41,9.33333,79,25.71,27.4,-39.5982,39.5982,207.36,0
2017-11-02,16,20.3333,6.1,9.5,84,21.28,14.63,-38.891,38.891,210.189,0
2017-11-02,17,20.0,3.79,9.66667,78,19.35,26.32,-48.553,35.023,158.118,0
2017-11-02,18,19.1667,2.47,9.66667,79,15.31,21.65,-55.0097,30.6557,149.368,0
2017-11-02,19,18.6667,1.73,9.66667,79,18.11,22.64,-47.3148,31.0788,202.8,0
2017-11-02,20,18.5,1.73,9.5,79,23.92,28.45,-30.3407,36.2939,244.26,0
2017-11-02,21,18.0,0.99,9.33333,79,30.73,25.12,-36.4636,51.076,200.34,0
2017-11-02,22,16.6667,2.08,9.16667,78,23.09,27.71,-17.986,59.4224,195.52,0
2017-11-03,1,16.8333,1.09,9.0,75,23.09,27.71,0.0,52.0,224.824,0
2017-11-03,4,17.1667,0.41,8.5,77,21.94,33.76,-6.50556,49.706,232.941,0
2017-11-03,5,17.0,0.82,8.33333,73,25.93,29.44,-6.50556,49.706,232.941,0
2017-11-03,6,17.0,0.82,8.16667,77,14.91,29.28,-6.50556,49.706,232.941,0
2017-11-03,7,16.1667,0.82,8.0,80,24.81,11.02,0.0,51.0,232.941,0
2017-11-03,8,15.6667,0.82,8.0,79,15.34,26.8933,0.0,63.0,209.647,0
2017-11-03,9,15.1667,0.41,8.16667,77,18.07,23.62,0.0,60.0,233.365,0
2017-11-03,10,14.6667,0.41,8.33333,89,21.17,35.64,0.0,57.0,258.353,0
2017-11-03,11,14.6667,0.0,8.5,83,21.3,24.36,0.0,54.0,255.2,0
2017-11-03,13,15.3333,0.0,9.16667,81,19.38,25.12,0.0,62.0,196.114,0
2017-11-03,14,15.3333,0.0,9.5,75,15.02,22.16,0.0,64.0,180.0,0
2017-11-03,15,15.1667,0.0,9.5,78,14.8,25.71,0.0,64.0,202.024,0
2017-11-03,16,14.5,0.0,9.5,91,19.03,21.28,0.0,60.0,233.365,0
2017-11-03,17,13.5,0.0,9.33333,88,19.25,19.35,0.0,53.0,288.225,0
2017-11-03,18,12.0,0.0,9.0,87,28.3,15.31,0.0,64.0,257.4,0
2017-11-03,19,10.3333,0.0,8.66667,92,22.63,18.11,0.0,56.0,318.171,0
2017-11-03,20,9.16667,0.0,8.33333,86,19.37,23.92,0.0,62.0,320.914,0
2017-11-03,22,8.33333,0.0,8.0,88,31.8,23.09,-6.50556,50.706,403.68,0
2017-11-04,1,9.16667,0.0,7.16667,98,31.8,23.09,-30.64,35.0164,385.0,1
2017-11-04,4,8.5,0.0,6.0,91,18.67,21.94,-47.3628,30.5856,373.32,1
2017-11-04,5,8.0,0.0,5.66667,94,18.7,25.93,-47.1179,11.8631,417.72,1
2017-11-04,6,7.83333,0.0,5.5,95,28.97,14.91,-52.0676,6.91331,386.88,1
2017-11-04,7,7.83333,0.0,5.33333,91,30.98,24.81,-49.1928,-3.27748,400.68,1
2017-11-04,8,8.5,0.0,5.16667,93,33.05,15.34,-43.7808,-16.3431,400.68,1
2017-11-04,9,9.66667,0.0,5.16667,90,25.52,18.07,-32.2844,-33.0113,365.7,1
2017-11-04,10,10.1667,0.0,5.66667,69,51.44,21.17,-17.5888,-34.542,324.48,1
2017-11-04,11,11.6667,0.0,6.5,65,50.93,21.3,-15.4107,-30.7403,300.667,1
2017-11-04,12,12.6667,0.0,7.33333,67,53.15,20.8,-20.002,-21.2604,281.455,1
2017-11-04,13,13.5,0.0,8.33333,62,45.22,19.38,-29.6507,-16.8379,238.255,1
2017-11-04,14,13.5,0.0,9.33333,62,46.56,15.02,-54.5089,-22.5781,214.338,1
2017-11-04,15,13.6667,0.0,10.3333,72,30.07,14.8,-50.2767,-25.3815,252.225,1
2017-11-04,16,13.8333,0.0,10.5,79,48.01,19.03,-46.5812,-23.8508,282.72,1
2017-11-04,17,13.3333,0.0,10.3333,88,33.03,19.25,-42.6225,-28.0101,292.32,1
2017-11-04,18,13.0,0.0,10.1667,91,46.89,28.3,-51.8149,-37.2025,240.0,1
2017-11-04,19,12.6667,0.0,9.83333,88,39.03,22.63,-35.1534,-35.6946,276.0,1
2017-11-04,20,13.1667,0.0,9.33333,87,44.55,19.37,-36.0772,-36.0772,277.114,1
2017-11-04,22,13.1667,0.0,8.33333,85,42.55,31.8,-40.0823,-26.5523,291.877,1
2017-11-05,1,13.8333,0.0,7.33333,85,42.55,31.8,-50.8134,-21.0474,238.255,1
2017-11-05,4,13.1667,0.0,7.0,86,36.23,18.67,-48.9656,-20.282,277.114,1
2017-11-05,5,12.5,0.0,7.0,88,35.36,18.7,-59.1283,-24.4915,240.0,1
2017-11-05,6,12.0,0.0,7.0,90,34.37,28.97,-56.3567,-23.3435,268.029,1
2017-11-05,8,11.5,0.0,6.83333,85,28.34,33.05,-51.2006,-25.7642,297.6,1
2017-11-05,9,11.3333,0.0,7.0,75,29.56,25.52,-48.4289,-24.6161,305.455,1
2017-11-05,10,11.8333,0.0,7.5,65,34.2233,51.44,-47.4587,-29.5991,282.764,1
2017-11-05,11,12.6667,0.0,8.16667,61,41.41,50.93,-50.2303,-30.7471,250.364,1
2017-11-05,12,13.5,0.0,9.0,58,37.84,53.15,-47.0715,-24.8823,248.727,1
2017-11-05,15,14.5,0.0,12.0,66,28.98,30.07,-55.4328,-22.9608,226.8,1
2017-11-05,16,14.6667,0.0,12.3333,79,24.46,48.01,-52.6612,-21.8128,252.225,1
2017-11-05,17,14.0,0.0,12.1667,98,29.76,33.03,-51.7373,-21.4301,248.571,1
2017-11-05,18,12.8333,0.0,11.6667,94,18.21,46.89,-49.8895,-20.6647,267.429,1
2017-11-05,19,12.1667,0.0,11.0,84,30.39,39.03,-56.2535,-27.0287,249.171,1
2017-11-05,20,11.5,0.0,10.1667,87,31.06,44.55,-50.3903,-28.7423,279.138,1
2017-11-05,21,11.5,0.0,9.33333,90,41.4,50.83,-45.451,-30.8386,325.68,1
2017-11-05,22,10.6667,0.0,8.66667,86,56.66,42.55,-43.6032,-30.0732,324.8,1
2017-11-06,1,9.83333,0.0,7.83333,86,56.66,42.55,-48.9297,-32.6937,300.0,0
2017-11-06,4,9.16667,0.0,7.5,89,59.7,36.23,-47.4019,-6.12288,349.92,0
2017-11-06,5,9.5,0.0,7.5,91,50.84,35.36,-48.6457,4.39234,329.829,0
2017-11-06,6,9.33333,0.0,7.33333,94,51.79,34.37,-50.4935,10.5152,337.08,0
2017-11-06,8,8.83333,0.0,7.33333,91,54.3,28.34,-46.7979,23.5263,389.88,0
2017-11-06,9,8.83333,0.0,7.5,87,56.63,29.56,-46.7979,23.5263,389.88,0
2017-11-06,10,9.33333,0.0,7.66667,85,49.45,34.2233,-48.9656,20.282,380.8,0
2017-11-06,11,10.1667,0.0,8.0,80,42.5,41.41,-49.136,25.3232,339.2,0
2017-11-06,12,10.3333,0.0,8.5,80,29.66,37.84,-42.4057,28.3345,302.4,0
2017-11-06,15,10.3333,0.0,9.66667,72,12.64,28.98,-22.9188,43.0097,313.5,0
2017-11-06,16,10.1667,0.0,9.83333,88,15.16,24.46,-17.969,49.4768,300.0,0
2017-11-06,17,9.5,0.36,9.83333,90,17.46,29.76,-1.70547,48.7697,331.629,0
2017-11-06,18,9.33333,0.36,9.66667,88,15.53,18.21,15.2652,45.9413,337.08,0
2017-11-06,19,9.16667,0.36,9.5,86,25.93,30.39,28.7003,45.2342,349.92,0
2017-11-06,20,9.16667,0.36,9.33333,89,48.29,31.06,38.891,42.3594,352.8,0
2017-11-06,21,9.5,0.36,9.16667,83,39.73,41.4,40.842,37.4886,329.829,0
2017-11-06,22,8.83333,0.36,8.83333,86,42.78,56.66,44.2071,34.4655,347.564,0
2017-11-07,1,8.16667,0.0,8.33333,83,42.78,56.66,48.9938,13.2522,380.8,0
2017-11-07,4,7.5,0.0,7.5,86,54.13,59.7,52.3149,3.44412,448.0,0
2017-11-07,5,7.66667,0.0,7.33333,84,49.54,50.84,52.0,0.0,443.143,0
2017-11-07,6,8.5,0.0,7.0,84,43.26,51.79,57.0,0.0,412.364,0
2017-11-07,7,10.1667,0.0,6.66667,91,36.21,57.55,50.0104,-4.97484,375.84,0
2017-11-07,8,11.5,0.0,6.66667,89,39.54,54.3,55.0104,-4.97484,265.2,0
2017-11-07,9,12.3333,0.0,6.83333,79,41.23,56.63,52.0104,-4.97484,265.5,0
2017-11-07,10,13.0,0.0,7.0,89,29.77,49.45,52.0209,-9.94968,261.415,0
2017-11-07,11,13.1667,0.0,7.33333,81,21.75,42.5,48.4958,-13.4602,282.72,0
2017-11-07,12,13.0,0.23,7.83333,78,40.84,29.66,42.6882,-22.6526,291.877,0
2017-11-07,13,12.5,0.23,8.5,82,33.79,31.94,47.2803,-33.7392,240.0,0
2017-11-07,14,12.3333,0.23,9.0,76,30.2,15.71,38.8725,-44.8257,249.508,0
2017-11-07,15,12.5,0.23,9.16667,77,36.64,12.64,35.3474,-48.3362,249.9,0
2017-11-07,16,12.8333,0.23,9.33333,90,34.64,15.16,36.7616,-49.7504,240.0,0
2017-11-07,17,13.0,0.23,9.33333,87,42.33,17.46,32.8766,-39.371,276.0,0
2017-11-07,18,13.3333,0.23,9.33333,91,39.98,15.53,38.1839,-38.1839,255.2,0
2017-11-07,19,13.3333,0.23,9.0,88,54.57,25.93,35.0561,-42.6329,248.571,0
2017-11-07,20,13.5,0.23,8.66667,85,54.25,48.29,29.7488,-43.82,267.429,0
2017-11-07,21,13.3333,0.23,8.33333,87,57.45,39.73,24.8241,-45.9309,277.114,0
2017-11-07,22,12.6667,0.23,8.0,82,37.475,42.78,19.8994,-48.0418,286.971,0
2017-11-08,1,11.3333,0.0,6.5,83,24.41,42.78,9.94968,-60.0209,249.508,0
2017-11-08,4,10.6667,0.0,5.33333,93,33.29,54.13,0.0,-53.0,343.385,0
2017-11-08,5,9.83333,0.0,5.0,97,34.01,49.54,0.0,-51.0,366.277,0
2017-11-08,6,9.5,0.0,5.0,77,39.28,43.26,0.0,-59.0,343.938,0
2017-11-08,7,9.83333,0.0,4.83333,82,38.31,36.21,-4.20948,-50.1627,346.92,0
2017-11-08,8,9.5,0.0,5.0,80,48.12,39.54,-4.20948,-58.1627,312.12,0
2017-11-08,9,9.66667,0.0,5.16667,76,45.42,41.23,-4.20948,-56.1627,347.564,0
2017-11-08,10,10.5,0.0,5.66667,66,36.45,29.77,-4.20948,-57.1627,335.345,0
2017-11-08,11,12.1667,0.0,6.33333,64,46.65,21.75,-10.3324,-52.9448,305.455,0
2017-11-08,12,12.6667,0.0,6.83333,66,35.07,40.84,-13.0111,-51.4119,226.8,0
2017-11-08,13,13.0,0.0,7.33333,64,41.14,33.79,-13.0111,-57.4119,197.6,0
2017-11-08,14,13.6667,0.0,7.83333,63,44.34,30.2,-13.0111,-55.4119,243.6,0
2017-11-08,15,13.5,0.0,8.16667,73,46.82,36.64,-11.4804,-51.7164,290.133,0
2017-11-08,16,12.3333,0.0,7.83333,89,37.77,34.64,-11.4804,-62.7164,265.0,0
2017-11-08,17,11.0,0.0,7.5,94,54.88,42.33,-4.59216,-55.0866,318.171,0
2017-11-08,18,10.8333,0.0,7.0,94,63.3,39.98,-4.59216,-51.0866,334.08,0
2017-11-08,19,11.1667,0.0,6.5,88,57.16,54.57,-9.567,-53.097,313.5,0
2017-11-08,20,10.6667,0.0,5.66667,94,55.31,54.25,-9.567,-53.097,305.455,0
2017-11-08,21,10.0,0.0,5.0,95,52.04,57.45,-9.567,-51.097,313.6,0
2017-11-08,22,9.66667,0.0,4.5,95,53.34,37.475,-9.567,-49.097,346.92,0
2017-11-09,1,7.66667,0.0,3.5,90,53.34,24.41,-6.88824,-60.5642,360.0,0
2017-11-09,4,6.16667,0.0,3.66667,80,56.02,33.29,3.8268,-55.2388,466.4,0
2017-11-09,5,6.16667,0.0,3.66667,84,58.21,34.01,3.8268,-50.2388,528.0,0
2017-11-09,6,5.5,0.0,3.66667,100,56.2,39.28,6.50556,-49.706,528.0,0
2017-11-09,7,5.16667,0.0,3.5,100,58.16,38.31,8.03628,-53.4015,517.029,0
2017-11-09,8,4.83333,0.0,3.66667,81,58.54,48.12,10.3324,-51.9448,536.057,0
2017-11-09,9,5.16667,0.0,3.83333,81,61.51,45.42,4.11805,-49.0131,588.0,0
2017-11-09,10,5.83333,0.0,4.16667,74,60.16,36.45,9.11805,-49.0131,558.45,0
2017-11-09,11,6.0,0.0,4.66667,66,64.98,46.65,1.72701,-37.9517,558.45,0
2017-11-09,12,6.66667,0.0,5.5,59,66.48,35.07,-3.92987,-24.2948,540.0,0
2017-11-09,13,7.5,0.0,6.5,63,59.87,41.14,-12.4689,-7.46175,528.0,0
2017-11-09,14,9.0,0.0,7.16667,65,61.2,44.34,-26.8411,6.91041,451.0,0
2017-11-09,15,9.66667,0.0,7.66667,68,75.75,46.82,-35.5012,25.8888,318.24,0
2017-11-09,16,9.83333,0.0,7.66667,87,77.87,37.77,-43.9453,34.2037,300.0,0
2017-11-09,17,9.5,0.0,7.5,88,68.28,54.88,-34.3415,33.8003,333.45,0
2017-11-09,18,9.66667,0.0,7.16667,89,69.55,63.3,-36.6376,39.3436,313.65,0
2017-11-09,19,10.3333,0.0,6.83333,90,72.99,57.16,-32.6907,44.5971,335.345,0
2017-11-09,20,10.1667,0.0,6.33333,87,54.49,55.31,-28.2682,54.2458,320.914,0
2017-11-09,22,10.8333,0.0,6.0,80,76.04,53.34,-11.4804,53.7164,240.0,0
2017-11-10,1,11.5,0.0,5.66667,84,70.9433,53.34,-21.9204,47.9204,299.815,0
2017-11-10,4,11.8333,0.0,5.66667,88,60.75,56.02,-38.6638,32.1694,291.877,0
2017-11-10,5,12.6667,0.0,5.66667,88,67.83,58.21,-48.8265,36.3789,249.508,0
2017-11-10,6,13.3333,0.0,5.83333,89,66.42,56.2,-41.0483,28.6007,286.7,0
2017-11-10,7,14.0,0.0,5.83333,84,68.28,58.16,-45.6677,30.5141,248.571,0
2017-11-10,8,14.5,0.0,5.83333,81,59.92,58.54,-50.5503,26.7375,208.145,0
2017-11-10,9,15.8333,0.48,6.0,76,54.88,61.51,-54.2458,28.2682,196.114,0
2017-11-10,10,17.6667,1.47,6.16667,82,58.08,60.16,-48.9656,20.282,212.625,0
2017-11-10,11,18.6667,1.47,6.33333,77,43.15,64.98,-54.5089,22.5781,161.28,0
2017-11-10,12,19.5,1.47,6.66667,74,33.54,66.48,-59.1283,24.4915,164.509,0
2017-11-10,13,20.1667,1.47,7.16667,77,34.16,59.87,-54.3594,31.629,164.509,0
2017-11-10,14,21.6667,1.47,7.5,77,27.01,61.2,-48.1762,37.3522,167.04,0
2017-11-10,15,21.3333,1.55,7.66667,75,20.68,75.75,-46.6693,46.6693,152.727,0
2017-11-10,16,20.1667,0.56,7.66667,80,36.74,77.87,-49.5904,38.7664,154.56,0
2017-11-10,17,19.6667,0.56,7.66667,78,48.41,68.28,-49.3064,30.3644,204.75,0
2017-11-10,18,18.8333,1.12,7.5,83,54.12,69.55,-48.0418,19.8994,236.64,0
2017-11-10,19,18.5,1.12,7.33333,82,48.48,72.99,-63.7477,26.4049,186.66,0
2017-11-10,20,18.3333,2.11,7.0,79,40.7,54.49,-13.4119,13.0111,224.824,0
2017-11-10,22,20.3333,2.54,6.5,79,11.1,76.04,63.0,0.0,150.333,0
2017-11-11,1,24.8333,2.46,6.0,78,11.1,70.9433,-69.291,28.701,120.0,1
2017-11-11,4,26.5,0.48,5.5,86,9.1,60.75,-29.7488,43.82,164.914,1
2017-11-11,5,26.1667,0.48,5.16667,92,7.48,67.83,-19.8994,48.0418,170.769,1
2017-11-11,6,25.3333,0.48,4.83333,79,7.85333,66.42,-28.701,69.291,124.754,1
2017-11-11,7,25.0,0.0,4.5,78,6.51,68.28,-32.8935,59.4123,155.215,1
2017-11-11,8,24.0,0.0,4.16667,82,6.8,59.92,-22.9438,62.3914,135.496,1
2017-11-11,9,24.6667,0.0,4.16667,70,6.7,54.88,-22.5612,61.4676,125.46,1
2017-11-11,11,25.3333,0.76,4.5,66,9.24,43.15,-30.7803,44.3103,165.0,1
2017-11-11,12,26.6667,1.52,4.83333,65,14.04,33.54,-20.282,48.9656,162.432,1
2017-11-11,13,26.6667,1.52,5.16667,63,10.7,34.16,-21.4301,51.7373,154.286,1
2017-11-11,14,26.3333,1.52,5.5,62,10.62,27.01,-21.0474,50.8134,159.557,1
2017-11-11,15,25.5,1.52,5.66667,64,15.1,20.68,-35.1896,64.9556,134.014,1
2017-11-11,16,24.6667,1.55,5.66667,75,15.39,36.74,-42.1523,56.7647,144.222,1
2017-11-11,17,23.0,1.55,5.66667,76,15.13,48.41,-39.4735,50.2976,148.5,1
2017-11-11,18,21.5,1.58,5.5,72,18.47,54.12,-38.0593,48.8833,184.512,1
2017-11-11,19,20.1667,1.58,5.33333,74,16.55,48.48,-33.8167,44.6407,200.34,1
2017-11-11,20,20.3333,1.58,5.0,81,15.86,40.7,-43.7168,33.434,198.4,1
2017-11-11,22,19.0,2.87,4.66667,71,12.53,11.1,-45.131,34.8482,188.779,1
2017-11-12,1,17.3333,2.08,4.16667,73,12.53,11.1,-54.8033,38.0261,180.0,1
2017-11-12,4,14.5,0.0,4.0,78,5.64,9.1,-39.0148,38.4736,245.92,1
2017-11-12,5,14.6667,0.0,3.83333,82,11.36,7.48,-30.5141,45.6677,254.88,1
2017-11-12,6,14.8333,0.0,3.83333,75,10.33,7.85333,-19.9075,52.0611,223.385,1
2017-11-12,7,14.5,0.0,3.66667,75,7.63,6.51,-10.715,58.8686,204.429,1
2017-11-12,8,15.0,0.0,3.66667,81,1.92,6.8,-10.3324,57.9448,212.914,1
2017-11-12,9,15.5,0.0,3.66667,74,3.56,6.7,-11.0977,59.7925,217.412,1
2017-11-12,11,16.1667,0.0,4.0,73,7.4,9.24,-24.1088,58.2044,180.0,1
2017-11-12,12,16.8333,0.0,4.33333,66,10.41,14.04,-25.7391,44.1399,224.824,1
2017-11-12,13,17.6667,0.0,4.83333,68,12.17,10.7,-26.8871,46.9115,201.318,1
2017-11-12,14,17.6667,0.0,5.16667,64,11.77,10.62,-33.1096,43.9336,198.4,1
2017-11-12,15,16.8333,0.0,5.33333,67,11.63,15.1,-35.1637,37.3285,221.76,1
2017-11-12,16,15.5,0.0,5.33333,74,10.99,15.39,-46.2502,41.9206,207.36,1
2017-11-12,17,14.1667,0.0,5.16667,73,27.53,15.13,-46.9115,26.8871,281.4,1
2017-11-12,18,12.0,0.0,4.83333,72,39.82,18.47,-56.1503,30.7139,265.0,1
2017-11-12,19,10.3333,0.0,4.5,76,53.58,16.55,-36.4224,17.986,353.4,1
2017-11-12,20,9.16667,0.76,4.0,74,57.18,15.86,-39.4838,10.5949,340.2,1
2017-11-12,22,9.16667,0.76,3.5,80,45.45,12.53,-13.6152,-18.1201,395.2,1
2017-11-13,1,9.66667,1.52,3.0,86,45.45,12.53,6.12288,-55.5642,300.0,0
2017-11-13,4,10.6667,1.14,2.83333,91,27.65,5.64,29.8209,-37.8209,348.0,0
2017-11-13,5,10.3333,0.38,2.66667,93,26.79,11.36,36.3153,-31.3265,319.2,0
2017-11-13,6,10.6667,0.76,2.5,98,22.14,10.33,46.3153,-23.3265,291.6,0
2017-11-13,7,11.8333,0.76,2.33333,95,51.08,7.63,47.7295,-10.5985,302.4,0
2017-11-13,8,12.1667,0.76,2.16667,94,42.24,1.92,50.5012,-0.26618,270.3,0
2017-11-13,9,13.1667,0.38,2.16667,88,41.37,3.56,51.9154,18.1187,249.9,0
2017-11-13,10,14.0,0.38,2.5,82,36.88,8.7,43.5568,35.4388,209.88,0
2017-11-13,11,14.1667,0.38,2.83333,74,46.6,7.4,48.5066,40.3886,187.68,0
2017-11-13,12,13.8333,0.0,3.33333,69,48.8533,10.41,42.4266,42.4266,212.914,0
2017-11-13,13,13.0,0.0,4.0,69,45.46,12.17,38.1839,39.9181,290.133,0
2017-11-13,14,12.3333,0.0,4.66667,68,32.69,11.77,45.255,49.1569,273.6,0
2017-11-13,15,11.1667,0.0,5.0,67,37.16,11.63,39.5982,45.6677,340.165,0
2017-11-13,17,10.6667,0.0,5.0,87,30.51,27.53,43.1337,53.9722,300.0,0
2017-11-13,18,11.8333,0.0,4.83333,84,29.2267,39.82,39.5982,51.7373,285.12,0
2017-11-13,19,13.0,0.0,4.5,80,34.505,53.58,25.456,48.2597,281.455,0
2017-11-13,20,13.6667,0.0,4.16667,85,44.0,57.18,17.6777,55.097,217.964,0
2017-11-13,22,14.6667,0.0,3.83333,79,43.23,45.45,0.0,59.0,228.48,0
2017-11-14,1,12.8333,0.0,3.33333,79,43.6625,45.45,0.0,54.0,261.415,0
2017-11-14,4,9.66667,0.0,2.5,83,37.71,27.65,11.3138,49.7821,378.88,0
2017-11-14,5,8.16667,0.0,2.16667,78,41.275,26.79,16.2635,56.2492,373.92,0
2017-11-14,6,7.33333,0.0,1.83333,88,33.295,22.14,13.9675,61.7925,371.28,0
2017-11-14,7,7.33333,0.0,1.66667,95,31.7925,51.08,8.42417,49.0886,439.855,0
2017-11-14,8,7.33333,0.0,1.66667,90,36.6225,42.24,8.42417,47.0886,448.0,0
2017-11-14,9,7.66667,0.0,1.66667,81,34.2525,41.37,2.06018,47.7737,448.0,0
2017-11-14,10,8.0,0.0,2.0,78,30.6125,36.88,2.06018,47.7737,425.829,0
2017-11-14,11,9.66667,0.0,2.66667,69,19.4225,46.6,-2.88959,50.3065,392.229,0
2017-11-14,12,11.8333,0.0,3.33333,62,18.47,48.8533,0.0,52.0,326.8,0
2017-11-14,13,13.1667,0.0,4.0,60,22.0775,45.46,-7.27092,51.5537,246.4,0
2017-11-14,14,14.1667,0.0,4.5,61,23.36,32.69,-13.7765,49.2597,220.8,0
2017-11-14,15,14.8333,0.0,4.83333,69,34.13,37.16,-19.5167,47.1179,240.505,0
2017-11-14,17,15.0,0.0,4.33333,76,38.32,30.51,-26.0303,49.8431,258.353,0
2017-11-14,18,13.8333,0.0,4.0,71,44.02,29.2267,-24.8823,47.0715,273.28,0
2017-11-14,19,12.8333,0.0,3.33333,77,59.49,34.505,-23.7343,44.2999,291.877,0
2017-11-14,22,12.5,0.0,2.83333,76,46.31,43.23,2.88764,28.2304,277.714,0
2017-11-15,1,15.5,0.0,3.0,77,49.03,43.6625,-48.9656,20.282,208.32,0
2017-11-15,2,15.8333,0.0,3.16667,76,34.325,45.245,-50.8134,21.0474,205.8,0
2017-11-15,3,15.8333,0.0,3.33333,76,33.845,36.79,-60.0058,30.2398,180.0,0
2017-11-15,4,15.8333,0.0,3.66667,75,27.09,37.71,-54.4625,27.9438,236.64,0
2017-11-15,5,15.3333,0.0,4.0,80,30.5675,41.275,-46.5916,30.8968,258.353,0
2017-11-15,6,14.1667,0.0,4.16667,84,29.7,33.295,-36.6258,38.2494,251.631,0
2017-11-15,7,13.5,0.0,4.33333,81,33.05,31.7925,-32.4082,41.0674,245.1,0
2017-11-15,8,13.3333,0.0,4.5,81,36.105,36.6225,-26.2965,48.4857,254.88,0
2017-11-15,9,13.1667,0.0,4.66667,84,37.49,34.2525,-20.282,48.9656,282.72,0
2017-11-15,10,13.1667,0.0,4.66667,87,38.0625,30.6125,-24.4915,59.1283,248.88,0
2017-11-15,11,13.1667,0.0,4.83333,78,55.87,19.4225,-19.5167,47.1179,291.877,0
2017-11-15,12,13.3333,0.23,5.33333,76,42.53,18.47,-25.1485,45.7141,265.5,0
2017-11-15,13,13.6667,0.23,5.83333,75,49.98,22.0775,-30.4559,44.5271,238.255,0
2017-11-15,14,13.5,0.23,6.16667,78,47.2133,23.36,-40.1046,40.1046,228.48,0
2017-11-15,15,12.8333,0.23,6.33333,84,44.475,34.13,-44.5271,30.4559,264.0,0
2017-11-15,16,12.1667,0.23,6.5,92,41.075,33.0125,-49.4768,35.4056,267.12,0
2017-11-15,17,11.1667,0.46,6.5,94,45.865,38.32,-46.6484,32.5772,297.6,0
2017-11-15,18,9.83333,0.23,6.33333,93,46.075,44.02,-43.1129,29.0416,357.12,0
2017-11-15,22,8.33333,0.23,5.33333,88,57.48,46.31,-39.9645,30.2229,425.455,0
2017-11-16,1,9.33333,0.25,5.0,85,61.065,49.03,-9.81841,15.6648,314.743,0
2017-11-16,2,9.0,0.25,5.0,87,64.75,34.325,-11.3358,13.3938,327.6,0
2017-11-16,3,8.33333,0.25,5.0,86,63.205,33.845,-9.48804,12.6284,376.32,0
2017-11-16,4,7.83333,0.48,5.0,86,56.115,27.09,-13.7307,16.8711,360.0,0
2017-11-16,5,7.16667,0.48,5.0,87,56.215,30.5675,-10.9591,15.7231,400.68,0
2017-11-16,6,6.33333,0.23,5.0,85,58.0325,29.7,-25.9088,20.6728,453.927,0
2017-11-16,7,6.5,0.23,5.0,92,58.3475,33.05,-29.4444,24.2084,448.145,0
2017-11-16,8,6.33333,0.23,5.0,94,59.5,36.105,-47.8354,27.2698,479.52,0
2017-11-16,9,6.16667,0.23,5.33333,84,53.4625,37.49,-42.1322,26.9786,528.0,0
2017-11-16,10,6.0,0.0,5.66667,88,56.21,38.0625,-46.7516,28.892,498.343,0
2017-11-16,11,5.83333,0.0,6.16667,79,54.95,55.87,-45.8277,28.5093,499.8,0
2017-11-16,12,6.33333,0.0,6.66667,76,56.5875,42.53,-42.5805,31.7565,499.8,0
2017-11-16,13,6.83333,0.0,7.33333,80,65.7567,49.98,-45.7289,24.4524,480.0,0
2017-11-16,15,8.0,0.0,7.83333,87,55.55,44.475,-2.38535,10.2269,440.64,0
2017-11-16,16,8.0,0.0,7.66667,97,68.2567,41.075,-5.31696,9.37008,399.36,0
2017-11-16,17,8.0,0.0,7.16667,100,77.1575,45.865,-6.24084,9.75276,395.2,0
2017-11-16,18,7.83333,0.0,6.83333,92,85.8133,46.075,-4.94022,3.21402,395.2,0
2017-11-16,22,8.0,0.0,5.33333,82,78.51,57.48,-38.5605,-20.4929,460.8,0
2017-11-17,1,7.66667,0.0,4.66667,86,76.98,61.065,-40.0316,-33.5372,408.857,0
2017-11-17,2,7.83333,0.0,4.0,92,70.09,64.75,-43.82,-29.7488,421.2,0
2017-11-17,3,7.66667,0.0,3.5,90,68.655,63.205,-47.4019,-27.9187,402.8,0
2017-11-17,4,7.33333,0.0,3.0,86,73.1425,56.115,-44.0367,-29.4243,421.2,0
2017-11-17,5,7.66667,0.0,2.66667,90,74.63,56.215,-41.4413,-31.1585,443.52,0
2017-11-17,6,8.16667,0.0,2.33333,98,73.79,58.0325,-37.1523,-32.2815,440.64,0
2017-11-17,7,8.83333,0.0,2.0,99,76.78,58.3475,-42.8555,-32.5727,375.943,0
2017-11-17,8,8.66667,0.0,2.0,97,81.91,59.5,-41.6013,-29.1537,389.88,0
2017-11-17,9,9.0,0.0,2.16667,96,81.435,53.4625,-40.6774,-28.771,377.143,0
2017-11-17,10,9.83333,0.36,2.5,87,74.35,56.21,-26.7276,-23.8212,356.4,0
2017-11-17,11,10.3333,0.72,3.0,86,68.89,54.95,-27.9088,-2.28797,334.08,0
2017-11-17,12,11.1667,0.72,3.5,93,57.8167,56.5875,-27.9088,5.36563,341.127,0
2017-11-17,13,12.0,0.95,4.0,92,51.06,65.7567,-28.3528,20.1818,275.6,0
2017-11-17,15,13.0,1.18,5.16667,86,42.8325,55.55,-19.8454,42.4334,253.08,0
2017-11-17,16,12.3333,0.82,5.5,93,39.3225,68.2567,-10.6066,50.6067,264.0,0
2017-11-17,17,12.1667,0.46,5.5,92,48.5625,77.1575,-10.6066,59.6067,248.88,0
2017-11-17,18,10.6667,0.46,5.5,92,57.985,85.8133,0.0,58.0,313.2,0
2017-11-17,22,8.33333,0.0,4.16667,91,75.12,78.51,0.0,51.0,409.867,0
2017-11-18,1,7.33333,0.0,2.66667,91,70.555,76.98,-3.53555,52.5355,395.2,1
2017-11-18,2,6.83333,0.0,2.0,100,64.48,70.09,-5.06627,50.2311,453.6,1
2017-11-18,3,6.5,0.0,1.5,100,57.19,68.655,-9.68567,52.1445,436.05,1
2017-11-18,4,6.66667,0.0,1.0,89,56.19,73.1425,-16.0497,50.5085,420.0,1
2017-11-18,5,7.0,0.0,0.666667,93,44.9525,74.63,-24.3646,45.9526,448.145,1
2017-11-18,6,8.5,0.0,0.333333,94,39.1867,73.79,-33.6034,38.7794,420.0,1
2017-11-18,7,9.5,0.0,0.0,93,33.3275,76.78,-43.0021,24.6013,365.7,1
2017-11-18,8,11.0,0.0,0.166667,90,43.345,81.91,-26.852,18.9924,326.8,1
2017-11-18,9,12.1667,0.0,0.333333,86,35.3775,81.435,-33.4224,17.986,263.467,1
2017-11-18,10,12.8333,0.0,0.666667,77,32.52,74.35,-30.6507,16.8379,267.429,1
2017-11-18,11,12.6667,0.0,1.33333,64,33.93,68.89,-29.7268,16.4552,253.08,1
2017-11-18,12,13.3333,0.0,2.16667,60,35.8675,57.8167,-48.0418,13.0111,286.971,1
2017-11-18,13,15.0,0.0,3.0,60,26.12,51.06,-51.7373,14.5418,261.0,1
2017-11-18,14,15.8333,0.0,3.83333,60,32.065,46.91,-55.4328,16.0726,205.477,1
2017-11-18,15,15.8333,0.48,4.5,66,30.4975,42.8325,-52.6612,21.8128,191.133,1
2017-11-18,16,16.6667,0.48,4.83333,77,35.0675,39.3225,-50.8134,21.0474,214.5,1
2017-11-18,17,18.1667,0.96,4.83333,71,41.5175,48.5625,-48.9656,20.282,225.095,1
2017-11-18,18,18.0,0.96,4.66667,63,38.16,57.985,-48.0418,19.8994,220.8,1
2017-11-18,22,21.6667,1.86,3.33333,75,18.42,75.12,-63.7477,26.4049,130.743,1
2017-11-19,1,23.1667,0.69,3.0,78,20.9975,70.555,-56.5479,42.4767,139.569,1
2017-11-19,2,23.0,0.69,3.0,74,22.73,64.48,-39.798,50.0808,177.369,1
2017-11-19,3,21.8333,0.0,3.0,76,21.345,57.19,-29.4494,51.0974,180.0,1
2017-11-19,4,21.1667,0.48,3.0,80,19.435,56.19,-22.5781,54.5089,181.895,1
2017-11-19,5,20.1667,0.48,2.83333,79,20.3675,44.9525,-23.7262,57.2806,171.943,1
2017-11-19,6,20.1667,0.96,2.66667,74,15.735,39.1867,-29.8321,52.0213,168.505,1
2017-11-19,7,19.6667,0.96,2.5,80,18.15,33.3275,-36.7034,48.6098,176.727,1
2017-11-19,8,19.6667,0.96,2.33333,78,18.295,43.345,-34.4073,43.0665,207.36,1
2017-11-19,9,20.1667,1.44,2.5,68,18.445,35.3775,-35.1144,43.7736,200.34,1
2017-11-19,10,20.1667,1.44,2.5,76,14.4475,32.52,-36.5286,45.1878,166.725,1
2017-11-19,11,21.5,1.44,2.83333,66,12.126,33.93,-45.9622,45.9622,153.6,1
2017-11-19,12,22.1667,1.44,3.16667,64,13.3675,35.8675,-50.9119,50.9119,120.0,1
2017-11-19,13,24.1667,1.44,3.66667,64,15.05,26.12,-36.7697,36.7697,175.886,1
2017-11-19,14,25.0,2.48,4.16667,68,13.2125,32.065,-36.7697,36.7697,165.6,1
2017-11-19,15,25.1667,3.04,4.16667,75,22.87,30.4975,-38.1839,38.1839,164.914,1
2017-11-19,16,25.6667,2.56,4.33333,74,18.9725,35.0675,-54.4475,54.4475,124.586,1
2017-11-19,17,25.5,2.56,4.33333,71,16.5575,41.5175,-52.3261,52.3261,129.6,1
2017-11-19,22,24.8333,0.94,3.5,74,4.61,18.42,-52.3261,52.3261,129.6,1
2017-11-20,1,22.3333,0.0,2.33333,89,6.295,20.9975,-23.6509,51.0985,200.348,0
2017-11-20,2,23.1667,0.0,2.16667,87,6.485,22.73,-33.9413,48.9413,133.12,0
2017-11-20,3,24.0,0.0,2.16667,81,3.90667,21.345,-40.3053,40.3053,146.222,0
2017-11-20,4,25.5,0.79,2.16667,82,6.07333,19.435,-31.9283,47.0819,149.76,0
2017-11-20,5,28.3333,0.79,2.33333,76,5.1025,20.3675,-10.715,57.8686,134.057,0
2017-11-20,6,29.8333,0.79,2.5,74,3.7475,15.735,0.0,64.0,127.5,0
2017-11-20,7,30.1667,1.27,2.83333,78,4.90667,18.15,0.0,62.0,136.5,0
2017-11-20,8,29.5,1.27,2.83333,73,6.595,18.295,0.0,59.0,144.84,0
2017-11-20,9,29.0,1.27,2.83333,69,4.6025,18.445,0.0,55.0,162.29,0
2017-11-20,10,28.0,0.96,2.83333,72,7.83,14.4475,0.0,51.0,176.538,0
2017-11-20,11,26.6667,0.96,2.83333,66,11.42,12.126,0.0,51.0,174.048,0
2017-11-20,12,26.0,0.96,3.0,55,9.89,13.3675,0.0,75.0,120.0,0
2017-11-20,13,24.8333,0.48,3.16667,58,13.9125,15.05,0.0,76.0,120.0,0
2017-11-20,14,24.0,0.48,3.5,63,14.725,13.2125,0.0,72.0,130.0,0
2017-11-20,15,22.8333,0.48,3.66667,71,17.685,22.87,0.0,69.0,155.215,0
2017-11-20,16,21.3333,0.74,3.66667,70,19.0575,18.9725,-6.88824,59.6298,183.0,0
2017-11-20,17,19.3333,0.74,3.66667,100,25.43,16.5575,-13.3938,53.3358,211.714,0
2017-11-20,22,10.0,0.0,2.33333,82,20.06,4.61,-10.8566,61.8895,309.6,0
2017-11-21,1,9.33333,0.0,1.66667,81,24.105,6.295,-3.58569,53.3358,339.2,0
2017-11-21,2,8.83333,0.0,1.66667,85,20.475,6.485,-16.3137,51.3849,339.2,0
2017-11-21,3,9.5,0.0,1.66667,85,25.61,3.90667,-18.4128,45.366,361.029,0
2017-11-21,4,9.0,0.0,1.83333,79,27.6125,6.07333,-19.9436,49.0616,347.564,0
2017-11-21,5,8.33333,0.0,2.0,86,27.0275,5.1025,-23.005,45.4526,376.32,0
2017-11-21,6,7.83333,0.0,2.0,90,28.3175,3.7475,-23.005,51.4526,360.0,0
2017-11-21,7,7.66667,0.0,2.0,80,28.64,4.90667,-29.4721,44.1313,400.68,0
2017-11-21,8,7.83333,0.0,2.0,84,35.36,6.595,-31.3022,40.5494,417.6,0
2017-11-21,9,6.83333,0.0,2.16667,82,40.83,4.6025,-17.9382,34.1854,413.4,0
2017-11-21,10,7.0,0.0,2.33333,84,32.925,7.83,-7.39496,31.8894,482.727,0
2017-11-21,11,7.5,0.0,2.66667,83,35.112,11.42,1.60504,31.8894,420.0,0
2017-11-21,12,8.0,0.0,3.0,74,40.7425,9.89,17.876,14.3356,451.0,0
2017-11-21,13,8.66667,0.0,3.5,72,28.548,13.9125,27.876,8.33564,392.229,0
2017-11-21,14,9.33333,0.0,4.0,79,36.79,14.725,52.0,0.0,377.143,0
2017-11-21,15,9.5,0.0,4.16667,78,42.7,17.685,51.0,0.0,340.267,0
2017-11-21,16,9.0,0.0,4.16667,93,32.77,19.0575,45.4567,-2.29608,325.867,0
2017-11-21,17,8.16667,0.0,4.0,93,53.455,25.43,32.2141,-6.53874,366.667,0
2017-11-21,18,7.66667,0.0,3.83333,88,50.99,35.0,29.3856,-9.36718,374.0,0
2017-11-21,22,7.0,0.0,2.83333,88,66.05,20.06,-14.8998,-35.441,462.545,0
2017-11-22,1,6.83333,0.0,2.33333,93,53.9325,24.105,-15.9642,-46.541,443.143,0
2017-11-22,2,6.83333,1.12,2.16667,98,39.45,20.475,-15.9642,-51.541,420.0,0
2017-11-22,3,7.33333,1.12,2.0,96,41.22,25.61,-16.3468,-52.4649,435.2,0
2017-11-22,4,7.83333,2.24,2.0,97,42.4325,27.6125,-10.69,-47.808,460.8,0
2017-11-22,5,8.5,2.24,2.16667,95,41.205,27.0275,-9.567,-52.097,408.857,0
2017-11-22,6,9.16667,2.24,2.33333,94,37.5775,28.3175,-14.6664,-46.4081,393.6,0
2017-11-22,7,10.0,2.24,2.5,93,41.585,28.64,-22.4447,-47.1863,300.0,0
2017-11-22,8,10.3333,1.12,2.66667,96,42.74,35.36,-23.21,-44.034,334.08,0
2017-11-22,9,10.1667,1.12,3.0,93,39.98,40.83,-27.0368,-43.2728,334.08,0
2017-11-22,10,10.1667,1.98,3.5,93,49.0625,32.925,-26.6541,-42.3489,353.455,0
2017-11-22,11,10.1667,1.98,4.0,93,51.685,35.112,-16.6541,-42.3489,300.0,0
2017-11-22,12,10.3333,1.98,4.66667,88,50.285,40.7425,-16.6541,-42.3489,300.0,0
2017-11-22,13,10.1667,1.98,5.5,86,42.29,28.548,-16.1357,-29.9241,334.08,0
2017-11-22,14,10.3333,1.98,6.33333,87,33.77,36.79,-20.6238,-24.1294,340.267,0
2017-11-22,15,10.5,1.98,7.0,86,31.6925,42.7,-6.17969,-15.8145,321.48,0
2017-11-22,16,10.0,0.0,7.33333,95,34.4825,32.77,-23.2508,-8.74339,329.018,0
2017-11-22,17,9.83333,0.0,7.5,95,35.325,53.455,-28.2006,-3.79362,311.564,0
2017-11-22,18,9.5,0.0,7.5,94,39.19,50.99,-29.6611,7.81139,333.9,0
2017-11-22,22,9.5,0.0,6.83333,96,53.6,66.05,-32.4444,24.2084,314.743,0
2017-11-23,1,9.16667,0.0,6.33333,90,54.0725,53.9325,-1.33193,8.16089,385.527,0
2017-11-23,2,9.66667,0.0,6.0,88,53.86,39.45,-4.64028,-4.20948,341.85,0
2017-11-23,3,9.83333,0.0,5.66667,90,54.1933,41.22,-22.803,-8.41896,324.48,0
2017-11-23,4,10.6667,0.0,5.5,97,56.3925,42.4325,-31.7268,-16.4552,333.45,0
2017-11-23,5,11.5,0.0,5.16667,89,55.845,41.205,-51.7373,-21.4301,275.6,0
2017-11-23,6,11.6667,0.0,4.83333,92,57.11,37.5775,-55.4328,-22.9608,260.0,0
2017-11-23,7,12.0,0.0,4.5,100,59.54,41.585,-53.585,-22.1954,271.745,0
2017-11-23,8,12.5,0.0,4.33333,95,59.39,42.74,-53.3219,-27.8855,240.0,0
2017-11-23,9,12.6667,0.0,4.33333,92,61.4375,39.98,-44.0831,-24.0587,291.877,0
2017-11-23,10,12.8333,0.0,4.5,79,58.8375,49.0625,-52.5684,-32.544,240.0,0
2017-11-23,11,13.5,0.0,5.16667,66,53.8833,51.685,-44.2535,-29.0999,267.429,0
2017-11-23,12,14.6667,0.0,6.0,65,49.1075,50.285,-50.0599,-25.7059,239.4,0
2017-11-23,13,14.5,0.0,7.0,63,35.6167,42.29,-52.8316,-26.854,197.6,0
2017-11-23,14,14.1667,0.0,8.16667,64,40.9925,33.77,-56.3567,-23.3435,204.429,0
2017-11-23,15,14.3333,0.0,9.0,71,41.49,31.6925,-31.4224,-17.986,241.553,0
2017-11-23,16,14.1667,0.0,9.66667,78,39.14,34.4825,-27.7268,-16.4552,275.718,0
2017-11-23,17,13.6667,0.0,9.83333,92,47.6333,35.325,-24.0313,-14.9245,291.877,0
2017-11-23,18,13.5,0.0,9.83333,86,48.825,39.19,1.97912,-9.94968,276.0,0
2017-11-23,22,12.6667,0.0,7.5,72,47.48,53.6,-46.3644,-24.1752,288.225,0
2017-11-24,1,11.1667,0.0,6.5,73,42.15,54.0725,-10.6584,-17.6696,302.4,0
2017-11-24,2,11.0,0.0,6.33333,75,36.3967,53.86,-7.35009,-20.8557,313.5,0
2017-11-24,3,10.3333,0.0,6.33333,76,31.64,54.1933,-6.64298,-20.1486,300.667,0
2017-11-24,4,11.0,0.0,6.33333,76,36.0233,56.3925,-21.2999,-25.8055,329.018,0
2017-11-24,5,10.6667,0.0,6.16667,82,34.615,55.845,-44.3103,-30.7803,313.5,0
2017-11-24,6,10.6667,0.0,6.16667,71,32.8867,57.11,-24.2237,-26.1881,341.127,0
2017-11-24,7,11.0,0.0,6.16667,83,37.81,59.54,-4.44553,-18.4099,329.018,0
2017-11-24,8,11.0,0.0,6.33333,77,40.5825,59.39,16.3327,-10.6317,278.25,0
2017-11-24,9,11.5,0.0,6.66667,77,44.465,61.4375,32.9896,-4.97484,289.385,0
2017-11-24,10,11.6667,0.0,7.16667,71,40.58,58.8375,34.8373,-4.20948,275.6,0
2017-11-24,11,12.6667,0.0,7.83333,69,41.0975,53.8833,39.8373,-4.20948,249.9,0
2017-11-24,12,13.3333,0.0,8.5,68,35.585,49.1075,0.97912,-9.94968,281.455,0
2017-11-24,13,13.6667,0.0,9.33333,69,40.33,35.6167,-24.803,-16.0726,228.0,0
2017-11-24,14,14.6667,0.0,10.1667,70,42.13,40.9925,-28.4985,-17.6033,212.914,0
2017-11-24,15,15.5,0.0,10.6667,72,36.4567,41.49,-58.2044,-24.1088,195.52,0
2017-11-24,16,15.8333,0.0,10.8333,78,45.3533,39.14,-28.3462,-18.3686,195.0,0
2017-11-24,17,15.8333,0.0,10.8333,83,48.3667,47.6333,-28.3462,-18.3686,187.68,0
2017-11-24,18,16.6667,0.0,10.5,85,49.29,48.825,-28.3462,-18.3686,202.024,0
2017-11-24,22,14.6667,0.0,8.83333,75,41.67,47.48,-31.2701,-18.7513,235.314,0
2017-11-25,1,11.8333,0.0,8.16667,82,40.1767,42.15,17.5985,-8.03628,297.6,1
2017-11-25,2,11.6667,0.0,8.0,82,39.34,36.3967,-5.59391,1.15615,282.764,1
2017-11-25,3,11.1667,0.0,7.83333,81,44.3267,31.64,-4.62366,14.5581,250.92,1
2017-11-25,4,11.3333,0.0,7.66667,83,47.5933,36.0233,-22.0147,11.4966,273.48,1
2017-11-25,5,11.0,0.0,7.33333,90,43.595,34.615,-1.7759,15.3234,289.385,1
2017-11-25,6,10.0,0.0,7.0,92,50.9867,32.8867,-6.7759,15.3234,343.385,1
2017-11-25,7,9.33333,0.0,6.66667,84,48.15,37.81,0.2241,15.3234,332.677,1
2017-11-25,8,9.0,0.0,6.33333,88,47.31,40.5825,1.10161,2.68687,378.831,1
2017-11-25,9,10.0,0.0,6.33333,87,44.38,44.465,2.51583,-14.2838,356.4,1
2017-11-25,10,9.66667,0.0,6.33333,85,43.5133,40.58,0.00733048,-21.1219,311.564,1
2017-11-25,11,10.8333,0.0,6.66667,76,40.9267,41.0975,-19.3076,-24.566,300.0,1
2017-11-25,12,13.1667,0.0,7.16667,68,34.2925,35.585,-44.9142,-35.1726,251.6,1
2017-11-25,13,16.1667,0.0,7.83333,66,29.5667,40.33,-36.8574,-43.3518,221.571,1
2017-11-25,14,18.5,0.0,8.5,67,32.8167,42.13,-37.7349,-49.1001,133.12,1
2017-11-25,15,19.3333,0.0,8.83333,73,32.4967,36.4567,-42.189,-28.659,173.333,1
2017-11-25,16,21.1667,0.0,9.0,85,31.6367,45.3533,-23.189,-28.659,149.333,1
2017-11-25,22,19.5,1.12,7.16667,96,6.24,41.67,-44.1503,32.7851,211.714,1
2017-11-26,1,22.5,1.12,5.66667,80,9.1175,40.1767,-42.0941,55.6241,125.182,1
2017-11-26,2,23.8333,1.12,4.83333,90,10.6767,39.34,-9.567,52.097,156.768,1
2017-11-26,3,24.3333,1.12,4.33333,87,17.2733,44.3267,0.0,54.0,167.586,1
2017-11-26,4,23.6667,1.12,4.0,85,18.76,47.5933,0.0,75.0,138.538,1
2017-11-26,5,22.5,1.12,3.66667,89,16.63,43.595,0.0,64.0,178.608,1
2017-11-26,6,21.0,0.0,3.33333,85,18.3775,50.9867,0.0,56.0,211.714,1
2017-11-26,7,18.5,0.0,3.0,81,17.0875,48.15,0.0,51.0,236.733,1
2017-11-26,8,17.1667,0.0,3.0,77,23.35,47.31,0.0,65.0,201.4,1
2017-11-26,9,16.1667,0.0,3.0,78,24.8175,44.38,0.0,64.0,202.024,1
2017-11-26,10,16.3333,0.0,3.16667,66,23.075,43.5133,0.0,62.0,210.6,1
2017-11-26,11,16.1667,0.0,3.33333,58,27.0825,40.9267,-7.27092,49.5537,232.941,1
2017-11-26,12,16.3333,0.0,3.66667,49,25.6325,34.2925,-13.3938,64.3358,180.0,1
2017-11-26,13,16.6667,0.0,4.0,46,27.155,29.5667,-19.8994,48.0418,232.737,1
2017-11-26,14,16.1667,0.0,4.33333,48,30.78,32.8167,-26.0222,62.8238,186.821,1
2017-11-26,15,15.5,0.0,4.5,67,32.9067,32.4967,-24.1088,58.2044,202.725,1
2017-11-26,16,14.0,0.0,4.33333,68,32.6033,31.6367,-17.986,54.4224,249.882,1
2017-11-26,22,9.83333,0.0,1.83333,74,40.4,6.24,-27.7932,47.5348,300.0,1
2017-11-27,1,9.83333,0.0,1.0,71,37.88,9.1175,-48.5557,28.5313,323.345,0
2017-11-27,2,10.0,0.0,1.16667,69,35.71,10.6767,-47.1179,19.5167,333.45,0
2017-11-27,3,10.1667,0.0,1.33333,70,33.335,17.2733,-48.0418,19.8994,326.8,0
2017-11-27,4,10.1667,0.0,1.16667,81,31.8275,18.76,-48.0418,19.8994,348.0,0
2017-11-27,5,10.1667,0.0,1.16667,78,29.7233,16.63,-56.3567,23.3435,311.1,0
2017-11-27,6,10.3333,0.0,1.33333,74,30.1333,18.3775,-56.3567,23.3435,300.0,0
2017-11-27,7,10.3333,0.0,1.66667,70,33.5667,17.0875,-47.1179,19.5167,340.267,0
2017-11-27,8,10.8333,0.0,1.83333,68,31.8875,23.35,-43.0124,26.2352,313.6,0
2017-11-27,9,11.5,0.0,2.0,66,32.66,24.8175,-45.7841,27.3833,275.6,0
2017-11-27,10,12.1667,0.0,2.5,77,29.2133,23.075,-49.4796,28.914,260.0,0
2017-11-27,11,12.3333,0.0,3.0,67,27.1333,27.0825,-47.5855,33.5143,249.9,0
2017-11-27,12,12.8333,0.0,3.5,64,23.0767,25.6325,-44.2999,23.7343,286.7,0
2017-11-27,13,13.8333,0.0,3.83333,62,18.635,27.155,-43.82,29.7488,261.415,0
2017-11-27,14,14.8333,0.0,4.0,64,20.0,30.78,-43.8304,36.7948,223.385,0
2017-11-27,15,15.5,0.0,4.16667,67,24.67,32.9067,-47.3659,40.3303,180.0,0
2017-11-27,16,15.5,0.0,4.33333,78,32.845,32.6033,-36.7697,36.7697,224.824,0
2017-11-27,17,15.3333,0.0,4.16667,75,44.2067,33.49,-45.9622,45.9622,194.541,0
2017-11-27,22,16.0,0.0,1.33333,69,48.67,40.4,52.0,0.0,220.8,0
2017-11-28,1,18.0,0.0,1.16667,60,40.475,37.88,-15.2597,-13.7765,221.76,0
2017-11-28,2,18.0,0.0,1.33333,68,38.13,35.71,21.2179,-6.12288,220.8,0
2017-11-28,3,18.3333,0.0,1.5,68,27.755,33.335,18.4463,-7.27092,205.8,0
2017-11-28,4,17.6667,0.0,2.0,64,28.7175,31.8275,-17.1074,-14.5418,198.4,0
2017-11-28,5,18.0,0.0,2.33333,70,19.93,29.7233,-49.8895,-20.6647,217.579,0
2017-11-28,6,18.0,0.0,2.5,66,23.965,30.1333,-48.9656,-20.282,225.095,0
2017-11-28,7,18.1667,0.0,2.83333,66,26.5667,33.5667,-48.0418,-19.8994,220.8,0
2017-11-28,8,18.1667,0.0,2.83333,80,27.6175,31.8875,-50.8134,-21.0474,205.8,0
2017-11-28,9,18.1667,0.0,3.0,71,29.4925,32.66,-15.1836,-14.1592,198.4,0
2017-11-28,10,18.5,0.0,3.33333,69,30.3475,29.2133,-16.1074,-14.5418,195.789,0
2017-11-28,11,18.1667,0.0,3.5,66,32.615,27.1333,19.4463,-7.27092,202.926,0
2017-11-28,12,18.3333,0.0,3.83333,63,32.2625,23.0767,-14.3358,-13.3938,225.095,0
2017-11-28,13,18.1667,0.0,4.16667,61,32.965,18.635,-14.3358,-13.3938,221.0,0
2017-11-28,14,17.3333,0.0,4.83333,58,37.7075,20.0,-48.9656,-20.282,212.625,0
2017-11-28,15,16.5,0.0,5.33333,58,41.15,24.67,-47.1179,-19.5167,240.505,0
2017-11-28,16,15.8333,0.0,5.16667,76,39.4833,32.845,-60.0522,-24.8742,208.042,0
2017-11-28,17,14.8333,0.0,5.16667,72,50.65,44.2067,-55.4328,-22.9608,239.733,0
2017-11-29,1,10.1667,0.91,3.66667,81,47.7333,40.475,16.3702,-6.88824,353.455,0
2017-11-29,2,10.0,0.91,3.33333,94,45.0233,38.13,7.13136,-10.715,300.0,0
2017-11-29,3,10.0,0.91,3.0,93,42.5,27.755,-13.1074,-14.5418,311.564,0
2017-11-29,4,10.0,1.82,2.66667,88,39.1825,28.7175,-31.8856,-22.32,311.564,0
2017-11-29,5,10.3333,1.82,2.33333,89,38.9725,19.93,-45.6573,-23.4681,334.08,0
2017-11-29,6,10.3333,1.82,2.16667,90,39.6,23.965,-45.6573,-23.4681,334.08,0
2017-11-29,7,10.8333,0.91,2.0,87,35.945,26.5667,-45.6573,-23.4681,334.08,0
2017-11-29,8,11.3333,0.91,2.0,85,39.7033,27.6175,-48.4289,-24.6161,305.455,0
2017-11-29,9,11.1667,0.91,2.0,89,41.54,29.4925,-52.6612,-21.8128,282.764,0
2017-11-29,10,11.1667,0.0,2.16667,83,40.2767,30.3475,-51.7373,-21.4301,285.12,0
2017-11-29,11,11.6667,0.0,2.33333,76,42.4533,32.615,-31.4985,-17.6033,273.48,0
2017-11-29,12,11.5,0.0,2.66667,74,47.6567,32.2625,-9.25968,-13.7765,269.077,0
2017-11-29,13,10.6667,0.0,3.0,69,44.8767,32.965,-5.56416,-12.2458,310.431,0
2017-11-29,14,9.5,0.0,3.33333,76,44.66,37.7075,-0.944759,-10.3324,346.92,0
2017-11-29,15,9.33333,0.0,3.66667,79,46.0767,41.15,-6.48804,-12.6284,337.08,0
2017-11-29,16,8.5,0.0,3.5,93,45.36,39.4833,11.7508,-8.80164,360.0,0
2017-11-29,17,7.5,0.0,3.33333,92,61.705,50.65,6.75076,-8.80164,440.677,0
2017-11-30,1,6.5,0.91,1.33333,89,78.2733,47.7333,15.1998,-5.0412,490.629,0
2017-11-30,2,5.83333,0.91,1.16667,95,74.8733,45.0233,2.54288,-10.6981,486.0,0
2017-11-30,3,5.83333,1.8,1.16667,92,65.995,42.5,-0.45712,-10.6981,528.0,0
2017-11-30,4,6.16667,2.66,1.16667,94,65.31,39.1825,1.45628,-15.3175,498.343,0
2017-11-30,5,6.66667,2.66,1.16667,100,72.9533,38.9725,-5.54372,-22.3175,530.0,0
2017-11-30,7,6.0,1.75,1.0,97,70.5933,35.945,-4.90756,-37.2288,501.84,0
2017-11-30,16,14.1667,2.21,1.83333,91,43.31,45.36,49.2883,-26.6291,221.571,0
2017-11-30,22,16.6667,2.06,0.666667,83,46.4725,81.24,48.488,12.6284,236.733,0
2018-10-01,0,8.5,0.0,9.0,67,36.212,67.27,-19.4954,-26.6246,381.9,0
2018-10-01,1,8.0,0.0,8.0,74,32.4625,65.1525,-37.1523,-32.2815,425.455,0
2018-10-01,2,8.66667,0.0,7.33333,73,30.744,57.592,-42.8091,-37.9383,385.745,0
2018-10-01,3,9.16667,0.0,6.66667,75,29.3175,51.89,-34.1743,-38.5039,377.143,0
2018-10-01,4,9.5,0.0,6.16667,76,32.756,52.966,-36.2956,-40.6252,341.85,0
2018-10-01,5,9.33333,0.0,5.66667,77,37.11,53.84,-42.473,-37.061,347.564,0
2018-10-01,6,9.66667,0.0,5.16667,77,42.378,51.11,-41.7659,-36.3539,327.6,0
2018-10-01,7,9.66667,0.0,4.66667,92,32.772,46.86,-45.3478,-34.5238,300.0,0
2018-10-01,8,9.5,0.0,4.5,91,29.666,41.83,-47.0819,-31.9283,324.48,0
2018-10-01,9,9.33333,0.0,4.83333,76,24.358,41.174,-48.3258,-28.3014,337.08,0
2018-10-01,10,9.33333,0.0,5.66667,66,17.996,32.208,-49.5696,-24.6744,349.92,0
2018-10-01,11,9.66667,0.0,6.83333,55,14.534,23.896,-49.5696,-17.0208,349.92,0
2018-10-01,12,10.3333,0.0,8.5,52,12.962,17.36,-30.4985,-9.94968,324.48,0
2018-10-01,13,11.6667,0.0,10.3333,48,14.46,11.84,-26.803,2.29608,300.667,0
2018-10-01,14,11.6667,0.0,12.3333,46,14.468,9.178,-21.4869,20.4981,264.48,0
2018-10-01,15,11.6667,0.0,14.0,43,12.776,7.842,-15.6922,24.9862,286.7,0
2018-10-01,16,11.6667,0.0,15.1667,40,19.35,8.388,-22.0562,31.3502,260.0,0
2018-10-01,17,11.8333,0.0,15.6667,46,30.612,17.956,-37.883,40.589,297.6,0
2018-10-01,18,12.0,0.0,15.6667,47,36.57,22.03,-29.9235,47.2419,323.025,0
2018-10-01,19,11.6667,0.0,15.5,53,43.7575,45.12,-18.6098,50.9282,275.6,0
2018-10-01,20,12.8333,0.0,14.5,56,43.26,53.425,-8.80164,50.2492,264.48,0
2018-10-01,21,14.1667,0.0,13.5,66,43.924,48.19,-4.97484,57.0104,223.385,0
2018-10-01,22,14.6667,0.0,12.3333,64,40.1525,42.1125,0.0,62.0,203.52,0
2018-10-01,23,14.3333,0.0,11.5,68,33.932,36.92,0.0,60.0,212.914,0
2018-10-02,0,14.5,0.0,10.6667,78,38.7575,36.212,0.0,57.0,252.225,0
2018-10-02,1,14.8333,0.0,10.0,80,29.782,32.4625,-6.12288,55.7821,258.353,0
2018-10-02,2,14.8333,0.0,9.66667,84,22.9375,30.744,-12.2458,53.5642,242.031,0
2018-10-02,3,14.6667,0.0,9.16667,92,20.022,29.3175,-12.2458,56.5642,198.545,0
2018-10-02,4,15.1667,0.0,8.83333,87,21.524,32.756,-12.2458,61.5642,195.0,0
2018-10-02,5,16.0,0.0,8.5,86,22.496,37.11,-6.12288,62.7821,195.0,0
2018-10-02,6,16.1667,0.0,8.33333,84,25.6675,42.378,0.0,64.0,195.0,0
2018-10-02,7,16.3333,0.0,8.0,98,21.962,32.772,0.0,65.0,187.425,0
2018-10-02,8,16.8333,0.0,7.66667,88,20.394,29.666,0.0,66.0,180.0,0
2018-10-02,9,17.3333,0.0,7.66667,83,16.888,24.358,0.0,53.0,216.847,0
2018-10-02,10,17.5,0.0,7.83333,67,15.62,17.996,0.0,55.0,201.318,0
2018-10-02,11,18.0,0.0,8.0,61,12.33,14.534,0.0,55.0,210.189,0
2018-10-02,12,18.5,0.0,8.33333,55,13.814,12.962,0.0,55.0,210.189,0
2018-10-02,13,20.3333,0.0,9.0,56,9.71,14.46,0.0,56.0,193.765,0
2018-10-02,14,21.6667,0.0,9.83333,50,11.026,14.468,-10.715,64.8686,131.368,0
2018-10-02,15,22.8333,0.0,10.5,44,11.912,12.776,-21.0474,50.8134,159.557,0
2018-10-02,16,24.6667,0.0,11.0,45,12.234,19.35,-20.282,48.9656,167.733,0
2018-10-02,17,26.0,0.0,11.3333,43,11.304,30.612,-9.94968,52.0209,159.508,0
2018-10-02,18,26.6667,0.0,11.3333,47,11.5025,36.57,0.0,55.0,159.557,0
2018-10-02,19,25.3333,0.0,11.1667,56,18.674,43.7575,0.0,51.0,179.022,0
2018-10-02,20,23.8333,0.0,10.6667,52,19.52,43.26,-14.1422,65.1422,149.333,0
2018-10-02,21,22.8333,0.0,10.1667,50,16.072,43.924,-26.8702,50.8702,186.0,0
2018-10-02,22,23.0,0.0,9.66667,56,14.5675,40.1525,-41.0124,41.0124,193.44,0
2018-10-02,23,23.3333,0.0,9.33333,64,10.588,33.932,-53.6627,37.9679,125.8,0
2018-10-03,0,24.5,0.99,9.16667,64,14.348,38.7575,-47.2987,31.6039,146.897,0
2018-10-03,1,25.8333,0.99,9.0,76,13.9175,29.782,-42.4266,42.4266,137.048,0
2018-10-03,2,27.1667,2.9,9.16667,73,12.09,22.9375,-41.7195,41.7195,147.716,0
2018-10-03,3,28.0,2.9,9.16667,77,10.62,20.022,-38.1839,38.1839,164.914,0
2018-10-03,4,27.3333,2.9,9.16667,79,9.648,21.524,-36.0626,36.0626,176.538,0
2018-10-03,5,26.6667,2.9,9.16667,68,10.54,22.496,-45.6296,59.1596,120.0,0
2018-10-03,6,25.8333,1.91,9.16667,59,7.462,25.6675,-36.8117,63.8717,120.0,0
2018-10-03,7,26.5,1.91,9.16667,66,6.0025,21.962,-19.5167,47.1179,174.048,0
2018-10-03,8,27.5,0.0,9.0,64,5.002,20.394,-9.94968,56.0209,138.092,0
2018-10-03,9,29.1667,0.0,9.0,73,7.212,16.888,0.0,64.0,127.5,0
2018-10-03,10,30.5,0.0,9.0,73,7.516,15.62,-13.3938,64.3358,114.562,0
2018-10-03,11,32.8333,0.0,9.16667,78,8.734,12.33,-13.3938,65.3358,119.451,0
2018-10-03,12,35.1667,0.0,9.33333,70,7.09,13.814,-14.9245,69.0313,97.6,0
2018-10-03,13,36.3333,0.0,9.66667,64,8.844,9.71,-30.2317,72.9865,90.4615,0
2018-10-03,14,37.1667,0.61,10.1667,58,6.288,11.026,-30.2317,72.9865,93.33,0
2018-10-03,15,37.1667,0.61,10.6667,60,5.064,11.912,-29.0837,70.2149,100.8,0
2018-10-03,16,37.5,0.61,11.1667,59,7.442,12.234,-27.553,66.5194,109.622,0
2018-10-03,17,35.0,0.61,11.3333,63,10.472,11.304,-13.3938,67.3358,111.429,0
2018-10-03,18,32.3333,0.61,11.3333,67,10.335,11.5025,0.0,59.0,158.949,0
2018-10-03,19,29.3333,0.61,11.0,58,15.942,18.674,0.0,83.0,128.366,0
2018-10-03,20,25.5,0.0,10.5,55,20.0975,19.52,0.0,69.0,145.75,0
2018-10-03,21,22.6667,0.0,9.83333,58,17.474,16.072,0.0,59.0,204.75,0
2018-10-03,22,19.3333,0.0,9.16667,58,16.9825,14.5675,12.728,47.728,233.143,0
2018-10-03,23,18.1667,0.0,8.5,60,13.908,10.588,12.728,62.728,199.886,0
2018-10-04,0,17.0,0.0,8.0,62,10.8625,14.348,12.728,58.728,180.0,0
2018-10-04,1,16.8333,0.0,7.66667,64,10.148,13.9175,12.728,61.728,187.0,0
2018-10-04,2,17.3333,0.0,7.33333,64,9.02,12.09,0.0,54.0,209.012,0
2018-10-04,3,17.1667,0.0,7.16667,65,9.2475,10.62,-6.50556,52.706,209.012,0
2018-10-04,4,17.6667,0.0,7.0,65,9.19,9.648,-13.0111,51.4119,221.76,0
2018-10-04,5,17.8333,0.0,7.0,63,8.66,10.54,-13.0111,49.4119,224.824,0
2018-10-04,6,18.0,0.0,6.83333,65,9.27,7.462,-13.3938,50.3358,216.847,0
2018-10-04,7,17.6667,0.0,6.66667,79,10.792,6.0025,-13.7765,51.2597,213.333,0
2018-10-04,8,17.8333,0.0,6.66667,80,12.1375,5.002,-13.7765,51.2597,213.333,0
2018-10-04,9,17.5,0.0,6.83333,67,11.204,7.212,-13.7765,51.2597,213.333,0
2018-10-04,10,17.3333,0.0,7.16667,67,11.184,7.516,-12.6284,48.488,236.733,0
2018-10-04,11,18.0,0.0,7.83333,62,12.295,8.734,-0.60757,64.194,180.0,0
2018-10-04,12,18.6667,0.0,8.83333,57,9.652,7.09,6.28067,51.5642,200.08,0
2018-10-04,13,19.1667,0.0,10.0,58,9.414,8.844,12.0209,59.706,158.118,0
2018-10-04,14,19.5,0.0,11.1667,58,8.586,6.288,0.0,65.0,158.564,0
2018-10-04,15,20.1667,0.0,12.1667,58,8.998,5.064,0.0,63.0,170.564,0
2018-10-04,16,20.3333,0.0,13.0,57,12.014,7.442,0.0,60.0,184.743,0
2018-10-04,17,20.0,0.0,13.3333,67,22.288,10.472,0.0,57.0,200.34,0
2018-10-04,18,18.5,0.0,13.3333,71,24.244,10.335,0.0,57.0,195.789,0
2018-10-04,19,16.3333,0.0,13.0,73,44.205,15.942,0.0,51.0,236.733,0
2018-10-04,20,14.0,0.0,12.3333,80,41.982,20.0975,0.0,59.0,247.8,0
2018-10-04,21,11.8333,0.0,11.5,87,37.406,17.474,-2.29608,64.5433,265.0,0
2018-10-04,22,10.3333,0.0,10.8333,74,36.8825,16.9825,-7.83936,48.8394,389.94,0
2018-10-04,23,8.66667,0.0,10.1667,73,34.37,13.908,-16.1543,52.2835,375.84,0
2018-10-05,0,8.33333,0.0,9.66667,76,33.26,10.8625,-6.15428,32.2835,427.938,0
2018-10-05,1,8.66667,0.0,9.33333,77,32.54,10.148,4.84572,32.2835,360.0,0
2018-10-05,2,8.83333,0.0,9.0,75,35.7,9.02,-4.39308,15.1103,367.2,0
2018-10-05,3,9.16667,0.0,8.83333,82,38.026,9.2475,4.903,9.567,349.8,0
2018-10-05,4,9.5,0.0,8.33333,82,36.426,9.19,18.4463,7.27092,352.8,0
2018-10-05,5,9.16667,0.0,8.0,79,33.888,8.66,37.7612,3.8268,337.08,0
2018-10-05,6,9.16667,0.0,7.66667,80,35.21,9.27,35.7612,3.8268,372.655,0
2018-10-05,7,9.33333,0.0,7.33333,90,37.726,10.792,35.7612,3.8268,363.0,0
2018-10-05,8,10.0,0.0,7.33333,85,34.996,12.1375,56.0,0.0,314.743,0
2018-10-05,9,10.5,0.0,7.66667,78,33.638,11.204,52.0,0.0,341.127,0
2018-10-05,10,10.5,0.0,8.5,69,28.474,11.184,52.0,0.0,319.2,0
2018-10-05,11,10.8333,0.0,9.66667,56,23.712,12.295,33.8373,4.20948,305.455,0
2018-10-05,12,11.1667,0.0,10.8333,55,15.442,9.652,32.8373,4.20948,317.127,0
2018-10-05,13,11.8333,0.0,12.6667,48,9.662,9.414,34.8373,4.20948,294.0,0
2018-10-05,14,12.8333,0.0,14.5,44,7.72,8.586,38.8373,4.20948,250.364,0
2018-10-05,15,13.6667,0.0,16.1667,41,9.136,8.998,55.0,0.0,231.0,0
2018-10-05,16,13.3333,0.0,17.1667,43,10.036,12.014,30.2179,6.12288,196.8,0
2018-10-05,17,13.5,0.0,17.6667,52,20.336,22.288,26.2179,6.12288,245.92,0
2018-10-05,18,12.8333,0.0,17.8333,60,27.6625,24.244,1.05524,1.9134,293.647,0
2018-10-05,19,12.0,0.0,17.0,71,48.012,44.205,-7.25968,-1.53072,283.412,0
2018-10-05,20,11.0,0.0,15.6667,85,53.095,41.982,-33.4985,-5.35752,343.125,0
2018-10-05,21,9.83333,0.0,14.1667,85,46.038,37.406,-43.6612,-9.567,300.0,0
2018-10-05,22,9.83333,0.0,13.0,77,39.79,36.8825,-32.3232,-24.0048,300.0,0
2018-10-05,23,10.0,0.0,12.0,75,39.956,34.37,-44.7673,-32.3197,323.345,0
2018-10-06,0,10.5,0.0,11.1667,76,38.31,33.26,-30.8819,-35.7527,346.92,1
2018-10-06,1,10.6667,0.0,10.5,78,36.826,32.54,-30.1284,-40.4112,329.018,1
2018-10-06,2,11.1667,0.0,10.1667,81,38.395,35.7,-30.1284,-40.4112,313.6,1
2018-10-06,3,11.5,0.0,9.83333,82,39.376,38.026,-39.6186,-37.4538,251.6,1
2018-10-06,4,12.3333,0.0,9.33333,83,34.962,36.426,-46.3372,-33.3484,260.0,1
2018-10-06,5,12.6667,0.0,8.83333,83,36.338,33.888,-54.6793,-27.6193,240.0,1
2018-10-06,6,13.0,0.0,8.5,81,36.03,35.21,-48.9656,-20.282,277.114,1
2018-10-06,7,13.0,0.0,8.16667,92,37.684,37.726,-48.9656,-20.282,259.418,1
2018-10-06,8,12.6667,0.0,8.0,89,35.344,34.996,-46.5812,-23.8508,277.114,1
2018-10-06,9,13.0,0.0,8.33333,77,31.036,33.638,-42.1322,-26.9786,297.0,1
2018-10-06,10,13.3333,0.0,9.16667,61,31.762,28.474,-54.1426,-31.9534,240.0,1
2018-10-06,11,14.0,0.0,10.5,51,27.064,23.712,-12.274,-21.2384,270.327,1
2018-10-06,12,15.0,0.0,12.0,45,26.294,15.442,-21.1256,-20.3484,206.7,1
2018-10-06,13,16.3333,0.0,13.8333,42,26.69,9.662,19.3702,-6.88824,204.6,1
2018-10-06,14,16.8333,0.0,15.6667,46,29.446,7.72,22.3702,-6.88824,191.133,1
2018-10-06,15,17.5,0.0,17.1667,44,36.318,9.136,54.0,0.0,221.76,1
2018-10-06,16,17.6667,0.0,18.3333,43,36.012,10.036,51.0,0.0,240.505,1
2018-10-06,17,16.5,0.0,19.1667,44,45.384,20.336,68.0,0.0,186.821,1
2018-10-06,18,14.8333,0.0,19.5,53,49.4425,27.6625,60.0,0.0,220.0,1
2018-10-06,19,13.0,0.0,19.3333,61,62.428,48.012,55.0,0.0,275.718,1
2018-10-06,20,11.6667,0.0,18.6667,70,64.4075,53.095,63.0,0.0,274.447,1
2018-10-06,21,10.0,0.0,17.8333,71,61.154,46.038,53.0,0.0,370.447,1
2018-10-06,22,8.66667,0.0,16.8333,73,59.98,39.79,46.5328,-2.67876,370.165,1
2018-10-06,23,8.83333,0.0,15.5,75,54.07,39.956,21.2179,-6.12288,411.927,1
2018-10-07,0,9.0,0.0,14.3333,78,49.915,38.31,-0.868639,-10.715,389.88,1
2018-10-07,1,9.16667,0.0,13.5,82,48.412,36.826,-21.0313,-14.9245,356.4,1
2018-10-07,2,9.5,0.0,12.8333,85,46.615,38.395,-37.3462,-18.3686,329.829,1
2018-10-07,3,10.0,0.0,12.3333,81,51.584,39.376,-52.6612,-21.8128,300.0,1
2018-10-07,4,10.1667,0.0,11.8333,86,50.302,34.962,-47.1179,-19.5167,359.9,1
2018-10-07,5,9.83333,0.0,11.5,93,46.496,36.338,-54.189,-26.5878,311.1,1
2018-10-07,6,9.66667,0.0,11.3333,100,46.018,36.03,-52.3412,-25.8224,323.345,1
2018-10-07,7,9.66667,0.0,11.0,100,46.846,37.684,-51.4173,-25.4397,312.8,1
2018-10-07,8,9.66667,0.0,11.0,95,48.042,35.344,-51.4173,-25.4397,312.8,1
2018-10-07,9,9.5,0.0,11.1667,88,43.138,31.036,-49.4664,-28.3596,324.48,1
2018-10-07,10,9.5,0.0,12.0,70,40.982,31.762,-46.5916,-30.8968,337.08,1
2018-10-07,11,9.33333,0.0,13.1667,59,38.348,27.064,-43.3473,-14.5869,337.08,1
2018-10-07,12,10.3333,0.0,14.6667,56,34.638,26.294,-25.1085,-10.7601,349.92,1
2018-10-07,13,12.1667,0.0,16.5,53,32.714,26.69,-22.3369,2.6337,313.6,1
2018-10-07,14,13.8333,0.0,18.3333,53,30.094,29.446,-17.2625,33.8393,231.0,1
2018-10-07,15,15.8333,0.0,19.8333,51,26.272,36.318,-35.8708,38.0356,196.725,1
2018-10-07,16,17.1667,0.0,20.6667,52,27.63,36.012,-21.0887,52.9127,180.0,1
2018-10-07,17,19.3333,0.0,21.1667,46,23.484,45.384,-13.4351,52.4351,188.779,1
2018-10-07,18,19.8333,0.0,21.1667,47,18.23,49.4425,15.5564,54.5564,178.286,1
2018-10-07,19,19.0,0.0,20.0,58,13.238,62.428,28.9915,46.9915,177.0,1
2018-10-07,20,19.0,0.0,18.5,58,10.635,64.4075,39.5982,42.8497,216.0,1
2018-10-07,21,19.0,0.0,17.0,59,8.97,61.154,37.4768,40.7284,225.095,1
2018-10-07,22,18.0,0.0,15.1667,61,5.1475,59.98,43.4432,35.3296,192.0,1
2018-10-07,23,16.0,0.0,13.1667,63,8.85,54.07,43.9231,26.0635,232.737,1
2018-10-08,0,14.8333,0.0,11.3333,67,11.6325,49.915,50.9942,33.1346,230.4,0
2018-10-08,1,13.8333,0.0,10.3333,70,12.376,48.412,48.6457,24.2917,297.943,0
2018-10-08,2,11.3333,0.0,9.5,69,15.2275,46.615,57.6457,24.2917,296.4,0
2018-10-08,3,8.66667,0.0,8.5,73,14.382,51.584,61.3412,25.8224,327.086,0
2018-10-08,4,7.83333,0.0,7.83333,78,18.818,50.302,45.4753,22.4055,420.0,0
2018-10-08,5,7.33333,0.0,7.5,84,20.608,46.496,51.9424,25.0843,397.5,0
2018-10-08,6,6.66667,0.0,7.16667,87,26.142,46.018,47.323,23.1709,443.52,0
2018-10-08,7,7.0,0.0,7.0,83,29.714,46.846,47.643,19.1612,492.0,0
2018-10-08,8,7.33333,0.0,6.83333,90,30.298,48.042,47.5564,14.5691,479.467,0
2018-10-08,9,7.5,0.0,7.0,83,26.584,43.138,53.5564,14.5691,450.667,0
2018-10-08,10,7.5,0.0,7.5,77,15.532,40.982,50.5564,14.5691,420.0,0
2018-10-08,11,7.83333,0.0,8.16667,68,12.178,38.348,40.6466,1.9518,443.143,0
2018-10-08,12,7.33333,0.0,9.0,60,7.586,34.638,34.1794,-9.72696,408.857,0
2018-10-08,13,6.83333,0.0,9.83333,54,7.632,32.714,23.0929,-14.3191,453.6,0
2018-10-08,14,7.16667,0.0,10.8333,57,7.344,30.094,12.6404,-24.7716,482.727,0
2018-10-08,15,7.0,0.0,11.8333,51,8.028,26.272,6.98352,-30.4285,433.964,0
2018-10-08,16,7.0,0.0,12.6667,46,10.66,27.63,-4.01648,-35.4285,457.6,0
2018-10-08,17,6.33333,0.0,13.1667,46,17.052,23.484,-10.0165,-42.4285,438.6,0
2018-10-08,18,6.33333,0.0,13.0,61,35.5075,18.23,-17.9299,-37.8091,472.457,0
2018-10-08,19,5.66667,0.0,12.6667,70,63.208,13.238,-19.8705,-29.4285,532.0,0
2018-10-08,20,5.16667,0.0,12.0,77,66.85,10.635,-23.566,-27.8978,530.0,0
2018-10-08,21,5.66667,0.0,10.8333,85,66.05,8.97,-28.1854,-16.9844,546.96,0
2018-10-08,22,6.0,0.0,9.66667,84,65.575,5.1475,-26.6275,-22.462,532.65,0
2018-10-08,23,6.5,0.0,8.5,80,55.0,8.85,-23.566,-24.071,514.8,0
2018-10-09,0,6.83333,0.0,7.66667,82,58.0675,11.6325,-17.9092,-21.4141,528.0,0
2018-10-09,1,7.16667,0.0,7.0,85,52.982,12.376,-20.5879,-20.8813,505.44,0
2018-10-09,2,7.66667,0.0,6.33333,91,54.475,15.2275,-20.9706,-31.044,483.36,0
2018-10-09,3,7.33333,0.0,6.0,90,55.178,14.382,-15.7171,-41.8791,440.64,0
2018-10-09,4,6.5,0.0,5.66667,92,50.574,18.818,-13.3938,-49.3358,453.6,0
2018-10-09,5,6.66667,0.0,5.33333,92,53.41,20.608,-13.3938,-53.3358,452.4,0
2018-10-09,6,6.66667,0.0,5.16667,100,52.588,26.142,-16.6964,-52.3088,450.667,0
2018-10-09,7,6.66667,0.0,4.83333,100,56.144,29.714,-21.6461,-48.2585,469.05,0
2018-10-09,8,6.83333,0.0,4.83333,100,54.634,30.298,-27.1894,-42.5546,490.629,0
2018-10-09,9,7.33333,0.0,5.33333,100,57.926,26.584,-30.8746,-42.4514,438.6,0
2018-10-09,10,7.83333,0.0,6.16667,93,55.11,15.532,-34.9425,-43.2721,420.0,0
2018-10-09,11,8.16667,0.0,7.5,72,51.3425,12.178,-36.0522,-27.6591,429.3,0
2018-10-09,12,8.5,0.0,9.16667,65,44.45,7.586,-46.2149,-27.8685,374.0,0
2018-10-09,13,8.83333,0.0,11.1667,65,38.79,7.632,-43.216,-19.9989,385.0,0
2018-10-09,14,9.0,0.0,13.1667,67,35.79,7.344,-29.6727,-17.7028,380.8,0
2018-10-09,15,8.5,0.0,14.8333,61,30.326,8.028,-13.3087,-11.3388,366.667,0
2018-10-09,16,8.33333,0.0,16.3333,57,37.02,10.66,-12.488,-2.67876,393.6,0
2018-10-09,17,7.5,0.0,17.1667,63,44.756,17.052,-18.0313,-0.38268,360.0,0
2018-10-09,18,6.5,0.0,17.1667,76,48.1075,35.5075,-17.1074,-0.76536,426.0,0
2018-10-09,19,6.16667,0.0,16.8333,79,68.504,63.208,-19.2288,1.35597,448.145,0
2018-10-09,20,5.16667,0.0,16.3333,78,81.9225,66.85,-3.06609,5.56545,498.667,0
2018-10-09,21,5.5,0.0,15.3333,87,91.868,66.05,-5.89453,2.73701,496.4,0
2018-10-09,22,5.83333,0.0,13.8333,97,84.4275,65.575,-0.64105,-1.20991,497.25,0
2018-10-09,23,6.5,0.0,12.5,96,79.004,55.0,-14.2979,-6.86679,527.88,0
2018-10-10,0,7.5,0.0,11.8333,91,76.08,58.0675,-22.5814,-18.4017,517.0,0
2018-10-10,1,7.5,0.0,11.1667,93,78.934,52.982,-23.4022,-27.0617,457.6,0
2018-10-10,2,8.33333,0.0,10.3333,95,74.1425,54.475,-19.9802,-35.7218,451.0,0
2018-10-10,3,8.0,0.0,9.83333,95,69.774,55.178,-32.3442,-42.0858,360.0,0
2018-10-10,4,8.16667,0.0,9.5,95,69.622,50.574,-33.7584,-43.5,390.0,0
2018-10-10,5,7.83333,0.0,9.16667,95,69.3,53.41,-37.061,-42.473,374.85,0
2018-10-10,6,7.66667,0.0,8.5,95,67.63,52.588,-37.061,-42.473,400.68,0
2018-10-10,7,7.66667,0.0,8.0,100,68.406,56.144,-38.891,-38.891,417.6,0
2018-10-10,8,7.16667,0.0,7.83333,99,70.27,54.634,-34.8231,-38.0703,432.0,0
2018-10-10,9,7.33333,0.0,8.16667,96,59.942,57.926,-32.8766,-39.371,463.6,0
2018-10-10,10,7.16667,0.0,9.0,85,52.448,55.11,-35.5553,-45.8381,420.0,0
2018-10-10,11,7.83333,0.0,10.5,66,45.816,51.3425,-30.6055,-40.8883,463.6,0
2018-10-10,12,8.5,0.0,12.5,56,37.632,44.45,-32.7269,-43.0097,405.45,0
2018-10-10,13,9.5,0.0,14.6667,50,31.144,38.79,-29.8984,-40.1812,385.0,0
2018-10-10,14,10.5,0.0,16.8333,49,27.734,35.79,-33.7916,-37.58,326.4,0
2018-10-10,15,11.1667,0.0,18.6667,49,25.214,30.326,-39.5982,-39.5982,265.2,0
2018-10-10,16,11.5,0.0,20.0,48,27.322,37.02,-41.7195,-41.7195,270.3,0
2018-10-10,17,11.1667,0.0,20.5,68,32.5,44.756,-40.3053,-40.3053,291.5,0
2018-10-10,18,10.8333,0.0,20.1667,94,50.9375,48.1075,-35.6467,-41.0588,313.5,0
2018-10-10,19,10.5,0.0,19.5,88,64.396,68.504,-30.9882,-41.8122,336.3,0
2018-10-10,20,10.1667,0.0,18.6667,80,64.955,81.9225,-26.3297,-42.5657,353.455,0
2018-10-10,21,10.0,0.0,17.5,90,61.056,91.868,-30.1565,-51.8045,300.0,0
2018-10-10,22,10.1667,0.0,16.1667,99,55.5325,84.4275,-26.2051,-53.2651,300.0,0
2018-10-10,23,10.3333,0.0,14.8333,95,53.748,79.004,-19.5167,-47.1179,346.92,0
2018-10-11,0,10.3333,0.0,14.0,85,51.23,76.08,-19.8994,-48.0418,334.08,0
2018-10-11,1,10.3333,0.0,13.3333,91,58.3,78.934,-19.8994,-48.0418,334.08,0
2018-10-11,2,10.3333,0.0,12.5,91,54.6025,74.1425,-19.8994,-48.0418,334.08,0
2018-10-11,3,10.3333,0.0,11.6667,92,50.626,69.774,-19.8994,-48.0418,341.127,0
2018-10-11,4,10.1667,0.0,11.1667,92,55.796,69.622,-19.5167,-47.1179,353.455,0
2018-10-11,5,10.0,0.0,10.6667,92,53.542,69.3,-23.3435,-56.3567,300.0,0
2018-10-11,6,10.1667,0.0,10.1667,93,53.542,67.63,-22.9608,-55.4328,300.0,0
2018-10-11,7,10.5,0.0,9.83333,90,53.69,68.406,-19.5167,-47.1179,346.92,0
2018-10-11,8,10.8333,0.0,9.5,97,53.998,70.27,-20.282,-48.9656,321.48,0
2018-10-11,9,11.3333,0.0,9.66667,96,52.924,59.942,-21.0474,-50.8134,297.0,0
2018-10-11,10,11.8333,0.0,10.3333,78,53.738,52.448,-22.1954,-53.585,262.08,0
2018-10-11,11,12.5,0.0,11.5,63,47.816,45.816,-27.5611,-53.5387,240.0,0
2018-10-11,12,12.8333,0.0,13.0,57,44.658,37.632,-28.659,-42.189,276.0,0
2018-10-11,13,12.8333,0.0,14.5,58,39.594,31.144,-29.0416,-43.1129,271.385,0
2018-10-11,14,12.8333,0.0,16.3333,59,38.09,27.734,-28.659,-42.189,281.538,0
2018-10-11,15,12.6667,0.0,18.1667,49,31.828,25.214,-19.4665,-44.9965,297.0,0
2018-10-11,16,12.3333,0.0,19.3333,50,32.536,27.322,-19.4665,-56.9965,249.171,0
2018-10-11,17,11.8333,0.0,20.0,64,40.092,32.5,-9.567,-58.097,269.077,0
2018-10-11,18,12.0,0.0,20.0,86,50.225,50.9375,-4.59216,-57.0866,280.8,0
2018-10-11,19,12.3333,0.0,19.6667,80,49.968,64.396,0.0,-60.0,260.0,0
2018-10-11,20,12.1667,0.0,18.8333,81,46.1,64.955,0.0,-62.0,240.0,0
2018-10-11,21,12.0,0.0,17.5,81,45.546,61.056,0.0,-61.0,240.0,0
2018-10-11,22,11.8333,0.0,16.1667,82,46.81,55.5325,0.0,-61.0,240.0,0
2018-10-11,23,11.6667,0.0,14.8333,80,48.336,53.748,-3.8268,-59.2388,277.714,0
2018-10-12,0,11.0,0.0,13.8333,82,46.845,51.23,-3.8268,-55.2388,318.171,0
2018-10-12,1,10.5,0.0,13.0,92,48.256,58.3,-7.6536,-50.4776,341.127,0
2018-10-12,2,9.83333,0.0,12.3333,90,50.0875,54.6025,-7.6536,-50.4776,341.127,0
2018-10-12,3,9.0,0.0,11.8333,91,48.392,50.626,-10.3324,-56.9448,323.345,0
2018-10-12,4,8.5,0.0,11.5,93,52.084,55.796,-12.6284,-51.488,376.32,0
2018-10-12,5,9.0,0.0,11.3333,92,56.478,53.542,-11.4804,-48.7164,417.72,0
2018-10-12,6,9.5,0.0,11.0,100,52.826,53.542,-16.4552,-50.7268,376.32,0
2018-10-12,7,9.83333,0.0,10.6667,100,53.66,53.69,-12.6284,-54.488,347.564,0
2018-10-12,8,10.3333,0.0,10.5,95,54.36,53.998,-14.9245,-49.0313,302.4,0
2018-10-12,9,11.0,0.0,10.8333,96,52.992,52.924,-16.4552,-52.7268,253.543,0
2018-10-12,10,11.8333,0.0,11.6667,74,48.144,53.738,-17.6033,-55.4985,279.138,0
2018-10-12,11,12.1667,0.0,13.0,51,44.048,47.816,-23.715,-48.0802,289.385,0
2018-10-12,12,12.3333,0.0,14.8333,47,40.016,44.658,-34.3216,-45.6868,269.077,0
2018-10-12,13,13.1667,0.0,16.8333,43,39.134,39.594,-11.52,-24.4376,276.12,0
2018-10-12,14,14.3333,0.0,19.0,42,37.572,38.09,-24.323,-22.087,206.7,0
2018-10-12,15,14.6667,0.0,20.6667,38,34.038,31.828,3.76351,-17.4949,187.68,0
2018-10-12,16,14.5,0.0,21.8333,40,39.368,32.536,3.2836,-11.4804,204.429,0
2018-10-12,17,14.3333,0.0,22.1667,47,43.654,40.092,0.283601,-11.4804,256.0,0
2018-10-12,18,14.3333,0.0,21.6667,55,50.876,50.225,3.97912,-9.94968,284.612,0
2018-10-12,19,13.3333,0.0,20.8333,61,65.028,49.968,-25.9552,-15.3072,286.7,0
2018-10-12,20,11.6667,0.0,19.8333,62,62.74,46.1,-25.9552,-15.3072,281.455,0
2018-10-12,21,10.6667,0.0,18.5,69,60.452,45.546,-32.4224,-17.986,271.745,0
2018-10-12,22,9.83333,0.0,17.0,76,54.96,46.81,-47.665,-22.2286,350.314,0
2018-10-12,23,8.66667,0.0,15.5,81,59.222,48.336,-51.9077,-26.4713,353.571,0
2018-10-13,0,7.66667,0.0,14.5,84,54.895,46.845,-43.9231,-26.0635,435.771,1
2018-10-13,1,7.0,0.0,13.6667,83,59.986,48.256,-46.9846,-33.4546,407.314,1
2018-10-13,2,7.5,0.0,12.8333,86,57.81,50.0875,-37.1117,-35.4881,464.0,1
2018-10-13,3,8.0,0.0,12.1667,90,64.384,48.392,-33.0962,-37.967,443.143,1
2018-10-13,4,8.66667,0.0,11.5,92,63.694,52.084,-32.9931,-41.6523,395.2,1
2018-10-13,5,9.16667,0.0,11.1667,94,62.656,56.478,-31.5788,-40.238,377.143,1
2018-10-13,6,9.33333,0.0,10.8333,94,62.436,52.826,-33.7002,-42.3594,341.85,1
2018-10-13,7,9.5,0.0,10.3333,100,62.758,53.66,-37.0027,-41.3323,327.6,1
2018-10-13,8,9.0,0.0,10.0,97,64.854,54.36,-37.3854,-42.2562,337.08,1
2018-10-13,9,9.16667,0.0,10.3333,90,59.158,52.992,-35.2641,-40.1349,366.667,1
2018-10-13,10,9.0,0.0,11.1667,74,53.178,48.144,-35.9712,-40.842,363.0,1
2018-10-13,11,8.83333,0.0,12.5,52,45.85,44.048,-19.9001,-33.7709,376.32,1
2018-10-13,12,9.0,0.0,14.1667,46,40.974,40.016,-19.193,-33.0638,380.8,1
2018-10-13,13,10.0,0.0,16.3333,44,37.686,39.134,-19.9001,-33.7709,366.667,1
2018-10-13,14,11.1667,0.0,18.5,40,34.27,37.572,-25.3644,-26.2464,321.48,1
2018-10-13,15,11.8333,0.0,20.1667,38,33.2725,34.038,-31.2276,-24.5328,263.467,1
2018-10-13,16,12.3333,0.0,21.5,39,32.8075,39.368,-19.8636,-18.1688,253.08,1
2018-10-13,17,12.3333,0.0,22.0,53,41.84,43.654,-23.8791,-15.6899,264.0,1
2018-10-13,18,12.1667,0.0,21.6667,76,50.085,50.876,-30.2431,-22.0539,248.88,1
2018-10-13,19,11.3333,0.0,20.8333,76,62.54,65.028,-22.7489,-22.6777,297.6,1
2018-10-13,20,10.3333,0.0,19.8333,73,56.52,62.74,-13.6413,-26.5589,339.429,1
2018-10-13,21,9.83333,0.0,18.5,83,58.224,60.452,-13.6413,-34.5589,320.914,1
2018-10-13,22,9.16667,0.0,16.8333,83,54.7575,54.96,-27.6413,-45.5589,333.9,1
2018-10-13,23,9.5,0.0,15.3333,85,57.944,59.222,-19.6162,-48.3578,352.8,1
2018-10-14,0,9.33333,0.0,14.5,82,62.48,54.895,-17.4617,-52.1565,325.867,1
2018-10-14,1,9.0,0.0,13.6667,85,59.188,59.986,-11.0977,-53.7925,349.92,1
2018-10-14,2,9.33333,0.0,12.8333,87,59.9875,57.81,-7.27092,-52.5537,356.4,1
2018-10-14,3,8.83333,0.0,12.1667,90,61.062,64.384,-7.27092,-54.5537,360.0,1
2018-10-14,4,8.83333,0.0,11.8333,92,64.408,63.694,-10.3324,-50.9448,371.25,1
2018-10-14,5,8.83333,0.0,11.5,92,61.264,62.656,-10.3324,-50.9448,398.618,1
2018-10-14,6,9.16667,0.0,11.0,100,60.724,62.436,-6.12288,-51.7821,371.25,1
2018-10-14,7,9.5,0.0,10.5,100,61.048,62.758,-6.12288,-53.7821,341.85,1
2018-10-14,8,9.66667,0.0,10.1667,98,60.404,64.854,-9.94968,-55.0209,337.08,1
2018-10-14,9,10.8333,0.0,10.5,87,53.63,59.158,-9.94968,-56.0209,300.0,1
2018-10-14,10,11.8333,0.0,11.1667,65,46.914,53.178,-3.8268,-56.2388,282.764,1
2018-10-14,11,13.1667,0.0,12.5,50,38.86,45.85,-16.7611,-50.5963,240.0,1
2018-10-14,12,14.5,0.0,14.1667,45,33.506,40.974,-20.2052,-48.9112,198.545,1
2018-10-14,13,16.6667,0.0,16.3333,35,30.422,37.686,-32.9332,-35.6392,221.4,1
2018-10-14,14,18.8333,0.0,18.5,36,26.538,34.27,-41.2481,-39.0833,175.137,1
2018-10-14,15,19.5,0.0,20.3333,33,22.846,33.2725,-56.1503,-30.7139,137.8,1
2018-10-14,16,19.3333,0.0,21.5,32,22.01,32.8075,-60.9761,-25.2569,157.617,1
2018-10-14,17,18.6667,0.0,22.0,38,26.926,41.84,-51.7373,-21.4301,224.4,1
2018-10-14,18,18.0,0.0,21.6667,46,31.025,50.085,-65.5955,-27.1703,198.75,1
2018-10-14,19,16.0,0.0,20.8333,53,42.98,62.54,-56.3567,-23.3435,238.105,1
2018-10-14,20,13.6667,0.0,19.8333,54,49.9975,56.52,-48.9656,-20.282,271.385,1
2018-10-14,21,11.8333,0.0,18.5,62,49.944,58.224,-56.0367,-27.3531,240.0,1
2018-10-14,22,11.0,0.0,17.1667,68,44.695,54.7575,-49.6832,-28.0352,305.52,1
2018-10-14,23,10.3333,0.0,15.6667,69,41.354,57.944,-41.4819,-27.9519,372.6,1
2018-10-15,0,10.0,0.0,14.6667,67,39.055,62.48,-49.2601,-35.7301,320.914,0
2018-10-15,1,10.1667,0.0,14.0,63,36.7175,59.188,-40.9179,-41.4591,311.564,0
2018-10-15,2,10.5,0.0,13.3333,60,34.0425,59.9875,-32.1694,-38.6638,333.45,0
2018-10-15,3,11.0,0.0,12.6667,61,33.395,61.062,-34.9979,-41.4923,278.25,0
2018-10-15,4,11.8333,0.0,12.5,60,33.6825,64.408,-39.5037,-40.0449,271.745,0
2018-10-15,5,12.1667,0.0,12.6667,60,36.618,61.264,-40.9179,-41.4591,260.0,0
2018-10-15,6,12.8333,0.0,12.6667,66,37.552,60.724,-48.3362,-35.3474,249.9,0
2018-10-15,7,12.6667,0.0,12.5,66,39.188,61.048,-46.1476,-24.4996,259.418,0
2018-10-15,8,12.5,0.0,12.5,68,42.848,60.404,-46.1476,-24.4996,271.385,0
2018-10-15,9,13.1667,0.0,12.8333,62,36.768,53.63,-44.7334,-23.0854,291.877,0
2018-10-15,10,14.1667,0.0,13.3333,52,33.168,46.914,-46.5812,-23.8508,288.225,0
2018-10-15,11,15.5,0.0,14.1667,41,30.102,38.86,-12.7991,-17.7279,228.0,0
2018-10-15,12,16.5,0.0,15.3333,37,27.902,33.506,-14.2597,-13.7765,192.0,0
2018-10-15,13,18.5,0.0,16.8333,31,28.108,30.422,-20.7268,-16.4552,162.0,0
2018-10-15,14,20.1667,0.0,18.3333,32,26.438,26.538,-16.7268,-16.4552,147.714,0
2018-10-15,15,20.8333,0.0,19.8333,29,25.984,22.846,-16.7268,-16.4552,152.727,0
2018-10-15,16,20.0,0.0,20.8333,30,26.2425,22.01,22.5985,-8.03628,175.304,0
2018-10-15,17,18.8333,0.0,21.1667,34,32.792,26.926,-13.3358,-13.3938,225.886,0
2018-10-15,18,17.5,0.0,21.0,41,41.4,31.025,-26.2701,-18.7513,199.886,0
2018-10-15,19,15.6667,0.0,20.5,41,47.038,42.98,-19.803,-16.0726,238.105,0
2018-10-15,20,14.1667,0.0,19.5,49,40.215,49.9975,-49.8895,-20.6647,267.429,0
2018-10-15,21,12.6667,0.0,18.0,58,47.072,49.944,-48.0418,-19.8994,286.971,0
2018-10-15,22,12.0,0.0,16.5,63,47.665,44.695,-55.1129,-26.9705,258.514,0
2018-10-15,23,11.3333,0.0,15.3333,62,46.968,41.354,-49.2496,-28.684,297.6,0
2018-10-16,0,10.1667,0.0,14.5,67,46.46,39.055,-43.3864,-30.3976,324.8,0
2018-10-16,1,9.5,0.0,13.5,70,45.516,36.7175,-43.3864,-37.3976,311.1,0
2018-10-16,2,9.33333,0.0,12.6667,72,48.875,34.0425,-37.9567,-38.4623,357.5,0
2018-10-16,3,9.0,0.0,12.1667,70,48.688,33.395,-34.6484,-41.6484,349.92,0
2018-10-16,4,8.66667,0.0,11.8333,69,49.032,33.6825,-30.6387,-41.9683,376.32,0
2018-10-16,5,8.33333,0.0,11.3333,68,49.604,36.618,-29.2245,-40.5541,403.68,0
2018-10-16,6,8.0,0.0,10.8333,69,49.754,37.552,-29.2245,-48.5541,360.0,0
2018-10-16,7,8.33333,0.0,10.3333,71,50.08,39.188,-25.689,-45.0186,392.229,0
2018-10-16,8,7.83333,0.0,10.1667,73,50.938,42.848,-32.7601,-45.0897,360.0,0
2018-10-16,9,8.5,0.0,10.1667,65,52.386,36.768,-34.4942,-42.4942,398.945,0
2018-10-16,10,9.0,0.0,10.6667,53,44.288,33.168,-32.1399,-35.8103,401.85,0
2018-10-16,11,9.83333,0.0,11.8333,42,39.288,30.102,-36.6457,-34.3629,356.4,0
2018-10-16,12,11.3333,0.0,13.0,39,36.302,27.902,-42.3026,-32.0198,309.12,0
2018-10-16,13,12.0,0.0,14.6667,35,35.59,28.108,-45.131,-34.8482,240.0,0
2018-10-16,14,12.5,0.0,16.3333,34,31.692,26.438,-15.2546,-23.3014,270.327,0
2018-10-16,15,12.1667,0.0,18.3333,29,29.638,25.984,-15.2546,-23.3014,281.538,0
2018-10-16,16,12.1667,0.0,19.5,30,33.31,26.2425,-24.4935,-27.1283,249.508,0
2018-10-16,17,12.1667,0.0,20.0,39,38.754,32.792,-25.4637,-22.1453,277.714,0
2018-10-16,18,11.5,0.0,20.1667,42,42.9075,41.4,-24.7566,-21.4382,287.571,0
2018-10-16,19,10.5,0.0,19.6667,50,60.52,47.038,-45.8277,-28.5093,305.455,0
2018-10-16,20,9.83333,0.0,18.8333,53,55.9225,40.215,-41.3219,-29.9567,334.08,0
2018-10-16,21,9.83333,0.0,17.5,53,49.214,47.072,-41.3219,-36.9567,312.12,0
2018-10-16,22,9.66667,0.0,16.5,56,45.62,47.665,-35.9099,-42.3687,323.345,0
2018-10-16,23,9.16667,0.0,15.5,55,51.27,46.968,-29.574,-47.398,355.385,0
2018-10-17,0,8.66667,0.0,14.6667,59,52.7025,46.46,-27.4527,-45.2767,363.0,0
2018-10-17,1,8.83333,0.0,14.1667,66,51.182,45.516,-25.3314,-43.1553,386.4,0
2018-10-17,2,9.0,0.0,13.6667,63,48.57,48.875,-23.1186,-45.8134,361.029,0
2018-10-17,3,9.0,0.0,13.0,66,54.72,48.688,-28.7755,-44.4703,376.32,0
2018-10-17,4,9.16667,0.0,12.3333,70,53.948,49.032,-34.1875,-39.0583,376.32,0
2018-10-17,5,9.33333,0.0,11.8333,67,54.202,49.604,-38.1389,-37.5977,363.0,0
2018-10-17,6,9.83333,0.0,11.5,68,53.7975,49.754,-35.2773,-40.6893,314.743,0
2018-10-17,7,9.83333,0.0,11.0,85,56.968,50.08,-34.1543,-44.9783,300.0,0
2018-10-17,8,10.0,0.0,10.8333,79,59.898,50.938,-28.4974,-39.3214,346.92,0
2018-10-17,9,10.0,0.0,11.0,69,61.704,52.386,-34.8614,-45.6854,300.0,0
2018-10-17,10,9.66667,0.0,11.3333,60,47.415,44.288,-32.6937,-48.9297,311.564,0
2018-10-17,11,10.0,0.0,12.1667,47,45.19,39.288,-15.9155,-41.1515,335.345,0
2018-10-17,12,10.5,0.0,13.3333,40,43.812,36.302,-20.8984,-40.1812,300.0,0
2018-10-17,13,11.0,0.0,15.0,38,38.052,35.59,-22.82,-31.82,300.667,0
2018-10-17,14,12.0,0.0,16.6667,38,35.718,31.692,-27.5425,-30.0481,273.48,0
2018-10-17,15,13.0,0.0,18.1667,34,37.56,29.638,-43.3296,-28.7172,271.385,0
2018-10-17,16,12.8333,0.0,19.5,37,41.294,33.31,-18.1372,-19.5248,242.031,0
2018-10-17,17,11.8333,0.0,20.1667,39,47.332,38.754,-0.944759,-10.3324,286.7,0
2018-10-17,18,11.5,0.0,20.1667,43,51.686,42.9075,-7.41192,-13.0111,280.8,0
2018-10-17,19,10.8333,0.0,19.5,53,59.9,60.52,-4.10357,-16.1972,315.52,0
2018-10-17,20,9.33333,0.0,18.3333,64,64.052,55.9225,-4.10357,-24.1972,300.0,0
2018-10-17,21,7.83333,0.0,17.0,69,70.324,49.214,7.45855,-24.0002,405.0,0
2018-10-17,22,7.66667,0.0,15.8333,68,72.2225,45.62,4.77979,-30.4674,393.525,0
2018-10-17,23,7.5,0.0,14.6667,70,71.938,51.27,-16.17,-35.4172,421.2,0
2018-10-18,0,7.0,0.0,13.8333,70,74.5925,52.7025,-26.4661,-40.9605,443.143,0
2018-10-18,1,7.5,0.43,13.1667,77,71.744,51.182,-19.9989,-46.2817,468.218,0
2018-10-18,2,8.33333,0.43,12.8333,76,66.335,48.57,-16.4302,-48.6662,437.25,0
2018-10-18,3,8.66667,0.43,12.3333,84,65.9875,54.72,-24.2084,-48.4444,360.0,0
2018-10-18,4,8.66667,0.43,11.6667,88,68.7375,53.948,-22.6777,-44.7489,377.143,0
2018-10-18,5,8.16667,0.43,11.1667,82,71.486,54.202,-20.4067,-46.2663,367.2,0
2018-10-18,6,7.83333,0.43,10.8333,85,69.216,53.7975,-17.4067,-46.2663,377.4,0
2018-10-18,8,6.83333,0.0,10.3333,89,77.99,59.898,-27.0178,-41.383,426.0,0
2018-10-18,9,6.66667,0.0,10.8333,79,70.392,61.704,-29.2755,-33.8991,482.727,0
2018-10-18,10,6.66667,0.0,11.3333,81,70.616,47.415,-34.9324,-39.556,433.964,0
2018-10-18,11,7.0,0.0,12.3333,64,73.82,45.19,-32.104,-26.828,466.4,0
2018-10-18,12,7.33333,0.0,13.3333,58,59.28,43.812,-23.6598,-18.5131,509.143,0
2018-10-18,13,7.16667,0.0,14.6667,55,56.46,38.052,-24.0425,-4.6549,420.0,0
2018-10-18,14,7.16667,0.0,16.0,49,53.234,35.718,-24.5607,5.03222,463.6,0
2018-10-18,15,6.5,0.0,17.3333,45,53.668,37.56,-27.2394,11.4994,420.0,0
2018-10-18,16,6.0,0.0,18.3333,49,56.38,41.294,-23.7039,20.6918,472.457,0
2018-10-18,17,6.16667,0.0,18.6667,55,90.09,47.332,-20.9322,24.9013,538.65,0
2018-10-18,18,6.0,0.0,18.5,64,61.175,51.686,-25.1749,29.1439,497.25,0
2018-10-18,19,6.0,0.0,18.0,66,77.77,59.9,-24.4678,39.7506,498.343,0
2018-10-18,20,5.66667,0.0,17.0,73,81.23,64.052,-31.9091,37.8623,520.8,0
2018-10-18,21,5.66667,0.0,15.3333,88,93.695,70.324,-31.9091,42.8623,497.25,0
2018-10-18,22,5.66667,0.0,14.0,85,90.57,72.2225,-30.3783,39.1667,569.25,0
2018-10-18,23,5.5,0.0,12.8333,82,89.736,71.938,-31.9091,42.8623,558.45,0
2018-10-19,0,5.66667,0.0,11.8333,87,85.7,74.5925,-28.8476,40.4712,599.657,0
2018-10-19,1,5.33333,0.0,11.0,88,84.3175,71.744,-23.3404,39.1756,556.5,0
2018-10-19,2,5.5,0.0,10.3333,92,82.19,66.335,-15.4022,41.8876,540.6,0
2018-10-19,3,6.16667,0.0,10.0,95,80.3525,65.9875,-11.1596,43.6449,555.429,0
2018-10-19,4,6.66667,0.0,9.66667,99,78.4,68.7375,-6.20982,46.6951,550.8,0
2018-10-19,5,6.5,0.0,9.16667,100,75.37,71.486,6.13099,50.1009,524.16,0
2018-10-19,6,6.5,0.0,8.83333,100,75.25,69.216,8.95943,47.9293,530.4,0
2018-10-19,8,7.33333,0.0,8.16667,99,71.3,77.99,17.6777,46.1951,520.8,0
2018-10-19,9,8.16667,0.0,8.33333,97,69.412,70.392,26.1631,46.6805,420.0,0
2018-10-19,10,8.33333,0.0,8.66667,86,67.154,70.616,33.9309,41.4126,374.85,0
2018-10-19,11,9.5,0.0,9.33333,77,62.746,73.82,41.3219,36.4741,360.0,0
2018-10-19,12,10.0,0.0,10.1667,73,56.89,59.28,43.7064,31.388,313.65,0
2018-10-19,13,11.0,0.0,11.3333,72,56.014,56.46,48.2122,24.9406,313.5,0
2018-10-19,14,10.8333,0.0,12.5,67,58.114,53.234,49.8895,20.6647,332.215,0
2018-10-19,15,10.0,0.0,13.5,57,62.028,53.668,48.0418,11.4804,319.2,0
2018-10-19,16,9.5,0.0,14.3333,58,61.79,56.38,46.3076,2.76208,341.127,0
2018-10-19,17,8.5,0.0,14.8333,81,62.692,90.09,50.927,0.84868,347.564,0
2018-10-19,18,7.5,0.0,14.8333,88,65.505,61.175,42.6777,-7.9802,425.455,0
2018-10-19,19,6.83333,0.0,14.6667,84,76.572,77.77,39.1422,-4.44465,426.0,0
2018-10-19,20,6.16667,0.0,14.3333,84,76.245,81.23,28.9795,-1.65413,482.727,0
2018-10-19,21,5.66667,0.0,13.8333,83,76.892,93.695,26.3007,4.81303,448.145,0
2018-10-19,22,5.66667,0.0,13.1667,85,72.9825,90.57,14.2246,5.22295,537.818,0
2018-10-19,23,6.0,0.0,12.5,93,74.304,89.736,9.60525,7.13635,526.145,0
2018-10-20,0,5.83333,0.0,12.0,95,69.6125,85.7,-3.23619,17.813,550.8,1
2018-10-20,1,5.33333,0.0,11.5,100,71.372,84.3175,-6.06463,20.6414,540.0,1
2018-10-20,2,5.16667,0.0,11.0,99,64.5075,82.19,-15.417,27.829,563.04,1
2018-10-20,3,4.83333,0.0,10.6667,98,57.848,80.3525,-22.3325,35.2857,540.0,1
2018-10-20,4,4.66667,0.0,10.3333,93,51.974,78.4,-21.2459,39.9051,586.56,1
2018-10-20,5,4.83333,0.0,10.1667,96,42.918,75.37,-13.7104,36.3696,641.143,1
2018-10-20,6,5.66667,0.0,10.1667,91,37.896,75.25,-19.3672,35.0264,620.229,1
2018-10-20,7,6.33333,0.0,10.1667,90,41.09,65.53,-23.0525,34.9233,540.0,1
2018-10-20,8,6.83333,0.0,10.1667,94,40.218,71.3,-19.5811,35.7815,555.429,1
2018-10-20,9,8.5,0.0,10.1667,79,40.76,69.412,-20.4379,32.8499,492.9,1
2018-10-20,10,9.66667,0.0,10.5,76,38.862,67.154,-17.4463,38.7759,365.7,1
2018-10-20,11,11.1667,0.0,11.0,75,35.95,62.746,-13.6681,48.9386,300.0,1
2018-10-20,12,11.5,0.0,11.5,65,32.97,56.89,-1.64722,53.9177,240.0,1
2018-10-20,13,12.8333,0.0,12.0,52,29.404,56.014,15.5564,50.3254,281.538,1
2018-10-20,14,14.0,0.0,12.5,57,26.494,58.114,26.8702,52.1074,238.255,1
2018-10-20,15,14.3333,0.0,12.3333,64,29.26,62.028,19.092,57.9448,233.365,1
2018-10-20,16,16.1667,0.0,12.0,55,29.58,61.79,29.6986,54.803,208.145,1
2018-10-20,17,15.1667,0.0,11.5,58,31.712,62.692,10.6066,51.8582,212.625,1
2018-10-20,18,15.6667,0.0,11.0,60,35.28,65.505,18.3849,62.0209,195.0,1
2018-10-20,19,15.1667,0.0,10.5,61,43.684,76.572,18.3849,60.0209,203.52,1
2018-10-20,20,14.3333,0.0,9.83333,66,44.392,76.245,7.77821,59.1627,263.782,1
2018-10-20,21,13.6667,0.0,9.66667,68,36.708,76.892,7.77821,70.1627,247.582,1
2018-10-20,22,11.6667,0.0,9.33333,67,41.9575,72.9825,7.77821,59.1627,250.364,1
2018-10-20,23,11.3333,0.0,9.0,68,36.334,74.304,0.0,59.0,287.571,1
2018-10-21,0,9.83333,0.0,8.66667,73,41.5825,69.6125,6.36399,53.3149,332.215,1
2018-10-21,1,9.0,0.0,8.16667,81,38.216,71.372,9.89954,57.9343,343.938,1
2018-10-21,2,8.66667,0.0,7.83333,80,39.645,64.5075,15.5564,50.5912,385.527,1
2018-10-21,3,7.83333,0.0,7.5,84,33.974,57.848,21.9204,45.9552,411.927,1
2018-10-21,4,7.5,0.0,7.16667,86,34.694,51.974,21.9204,51.9552,398.945,1
2018-10-21,5,7.33333,0.0,6.66667,88,34.614,42.918,27.5773,46.6121,429.0,1
2018-10-21,6,7.16667,0.0,6.16667,84,45.978,37.896,33.2342,42.2689,448.0,1
2018-10-21,7,7.33333,0.0,5.83333,78,45.726,41.09,36.0626,45.0974,450.667,1
2018-10-21,8,6.83333,0.0,5.5,94,49.414,40.218,32.5271,38.5271,453.6,1
2018-10-21,9,6.5,0.0,5.33333,94,48.606,40.76,38.0703,40.8231,420.0,1
2018-10-21,10,6.16667,0.0,5.66667,87,44.548,38.862,28.7179,33.6355,498.667,1
2018-10-21,11,5.5,0.0,6.5,82,38.578,35.95,28.354,27.2715,517.0,1
2018-10-21,12,5.0,0.0,7.5,69,36.32,32.97,29.8847,23.576,499.8,1
2018-10-21,13,4.33333,0.0,8.5,68,34.486,29.404,30.5918,22.8689,540.0,1
2018-10-21,14,4.16667,0.0,9.66667,65,29.414,26.494,35.2112,18.7823,596.25,1
2018-10-21,15,4.16667,0.0,10.8333,56,33.198,29.26,33.0899,16.661,655.2,1
2018-10-21,16,4.16667,0.0,11.5,61,36.154,29.58,31.5591,20.3565,639.6,1
2018-10-21,17,5.0,0.0,11.6667,80,47.49,31.712,31.9023,14.6996,600.0,1
2018-10-21,18,5.33333,0.0,11.3333,86,57.886,35.28,29.0738,20.8712,600.0,1
2018-10-21,19,4.83333,0.0,10.8333,84,69.685,43.684,21.5618,17.2788,667.8,1
2018-10-21,20,4.5,0.0,10.0,93,78.74,44.392,23.4095,18.0442,683.4,1
2018-10-21,21,4.66667,0.0,8.66667,100,80.828,36.708,20.6379,14.6001,717.6,1
2018-10-21,22,5.16667,0.0,7.33333,100,84.8225,41.9575,28.9528,14.2174,731.4,1
2018-10-21,23,5.16667,0.0,6.16667,100,70.83,36.334,14.351,12.256,635.04,1
2018-10-22,0,6.0,0.0,5.33333,100,62.674,41.5825,3.36761,3.97865,540.0,0
2018-10-22,1,6.66667,0.0,4.5,100,61.264,38.216,-4.2941,-8.9093,520.0,0
2018-10-22,2,6.83333,0.0,3.66667,100,61.38,39.645,-14.5368,-13.152,564.667,0
2018-10-22,3,6.66667,0.0,3.16667,100,52.324,33.974,-18.2323,-14.6827,557.6,0
2018-10-22,4,6.33333,0.0,2.83333,100,47.954,34.694,-21.0607,-26.5111,540.0,0
2018-10-22,5,6.16667,0.0,2.5,100,49.92,34.614,-30.9992,-31.5788,483.36,0
2018-10-22,6,6.16667,0.0,2.16667,100,45.236,45.978,-43.0097,-32.7269,482.4,0
2018-10-22,7,6.0,0.0,1.83333,100,49.392,45.726,-44.0367,-29.4243,498.667,0
2018-10-22,8,7.0,0.0,2.0,96,55.822,49.414,-48.6561,-31.3377,480.0,0
2018-10-22,9,7.66667,0.0,2.5,95,52.9275,48.606,-26.6353,-19.3169,496.8,0
2018-10-22,10,8.16667,0.0,3.16667,81,42.456,44.548,-29.7836,-18.1356,420.0,0
2018-10-22,11,8.5,0.0,4.0,70,43.348,38.578,-30.3308,-6.70538,375.943,0
2018-10-22,12,9.0,0.0,5.16667,68,38.36,36.32,-6.47258,-0.96518,401.85,0
2018-10-22,13,10.3333,0.0,6.83333,65,33.836,34.486,11.9185,2.09626,318.24,0
2018-10-22,14,11.0,0.0,8.66667,53,38.28,29.414,19.5379,4.00966,319.2,0
2018-10-22,15,12.1667,0.0,10.3333,46,35.694,33.198,13.9946,12.4286,262.08,0
2018-10-22,16,12.6667,0.0,11.6667,49,34.822,36.154,5.32548,19.2157,259.418,0
2018-10-22,17,13.0,1.37,12.5,73,38.294,47.49,-10.6494,31.2262,251.631,0
2018-10-22,18,13.5,1.37,12.8333,88,48.13,57.886,-28.2415,42.3127,267.429,0
2018-10-22,19,14.1667,1.37,12.8333,83,42.682,69.685,-20.6647,49.8895,273.28,0
2018-10-22,20,15.1667,1.37,12.0,92,37.1625,78.74,-21.4301,51.7373,242.031,0
2018-10-22,21,14.0,1.37,11.0,91,35.638,80.828,-11.8631,48.6403,221.4,0
2018-10-22,22,14.5,1.37,10.0,80,35.3175,84.8225,-6.2062,56.0313,221.571,0
2018-10-22,23,13.6667,0.0,9.16667,74,34.134,70.83,10.4651,54.4108,225.318,0
2018-10-23,0,12.5,0.0,8.33333,79,35.0975,62.674,21.9204,45.172,327.06,0
2018-10-23,1,11.6667,0.0,7.33333,83,31.054,61.264,26.8702,51.6391,342.24,0
2018-10-23,2,10.8333,0.0,6.66667,79,27.62,61.38,26.8702,63.6391,300.0,0
2018-10-23,3,11.3333,0.0,5.83333,84,27.408,52.324,21.2133,51.2481,323.025,0
2018-10-23,4,10.5,0.0,5.16667,80,31.234,47.954,9.89954,50.9343,311.143,0
2018-10-23,5,11.8333,0.0,4.66667,75,29.086,49.92,4.94977,55.4672,253.543,0
2018-10-23,6,13.0,0.0,4.33333,77,29.832,45.236,-5.7402,50.8582,292.32,0
2018-10-23,7,13.3333,0.0,4.33333,75,29.19,49.392,-15.6397,45.7577,281.455,0
2018-10-23,8,14.6667,0.97,4.33333,68,28.132,55.822,-25.5393,44.6573,248.727,0
2018-10-23,9,16.6667,0.97,4.66667,66,30.912,52.9275,-36.0626,36.0626,221.4,0
2018-10-23,10,19.3333,1.76,5.0,68,22.316,42.456,-42.4266,42.4266,148.114,0
2018-10-23,11,22.0,2.55,5.5,74,19.116,43.348,-51.619,51.619,120.0,0
2018-10-23,12,25.6667,3.34,6.0,78,16.37,38.36,-41.0124,41.0124,141.067,0
2018-10-23,13,29.1667,4.08,6.33333,75,19.362,33.836,-47.3764,47.3764,111.484,0
2018-10-23,14,30.6667,3.11,6.66667,73,21.006,38.28,-50.2048,50.2048,110.5,0
2018-10-23,15,34.6667,3.11,6.83333,79,19.648,35.694,-47.3764,47.3764,123.566,0
2018-10-23,16,39.6667,2.32,7.16667,76,17.406,34.822,-40.6135,66.0499,69.5625,0
2018-10-23,17,42.8333,2.27,7.33333,84,18.67,38.294,-40.3053,40.3053,105.263,0
2018-10-23,18,44.0,2.22,7.5,82,20.34,48.13,-59.4393,86.4993,60.0,0
2018-10-23,19,44.8333,2.47,7.66667,80,20.442,42.682,-35.5892,85.9208,77.976,0
2018-10-23,20,46.8333,3.46,7.83333,87,20.342,37.1625,-31.7624,76.682,88.7442,0
2018-10-23,21,46.0,3.46,8.0,91,16.594,35.638,-32.1451,77.6059,77.28,0
2018-10-23,22,42.3333,3.46,8.0,80,10.665,35.3175,-32.9105,79.4537,82.2545,0
2018-10-23,23,40.5,2.72,8.0,78,7.302,34.134,-16.0726,73.803,105.857,0
2018-10-24,0,41.1667,1.98,8.0,79,4.35,35.0975,0.0,74.0,96.2057,0
2018-10-24,1,41.5,1.5,8.0,76,3.672,31.054,0.0,86.0,68.4923,0
2018-10-24,2,42.8333,0.51,8.0,71,3.294,27.62,0.0,89.0,81.4468,0
2018-10-24,3,44.0,1.02,8.0,67,2.392,27.408,0.0,52.0,115.385,0
2018-10-24,4,44.5,1.02,8.0,72,1.736,31.234,0.0,101.0,62.3769,0
2018-10-24,5,43.6667,1.02,7.83333,73,2.108,29.086,0.0,87.0,92.6204,0
2018-10-24,6,41.3333,1.02,7.66667,65,4.53,29.832,0.0,72.0,112.547,0
2018-10-24,7,39.0,0.51,7.33333,67,4.102,29.19,23.3346,64.488,120.6,0
2018-10-24,8,35.3333,1.02,7.0,63,5.265,28.132,43.1337,56.3567,144.0,0
2018-10-24,9,31.3333,0.51,6.83333,56,5.068,30.912,19.7991,55.8686,144.0,0
2018-10-24,10,28.6667,0.51,6.66667,54,3.462,22.316,17.6777,53.097,165.0,0
2018-10-24,11,27.6667,0.51,6.66667,50,3.246,19.116,33.2342,73.4224,133.56,0
2018-10-24,12,29.0,0.51,6.83333,43,3.782,16.37,53.0332,69.291,120.0,0
2018-10-24,13,32.0,0.51,7.16667,38,3.622,19.362,48.7906,54.8601,93.5571,0
2018-10-24,14,34.3333,0.0,7.66667,41,2.082,21.006,61.5186,61.5186,71.1219,0
2018-10-24,15,38.6667,0.0,8.0,39,2.31,19.648,63.6399,73.1778,75.9652,0
2018-10-24,16,41.5,0.0,8.16667,40,4.7,17.406,36.0626,36.0626,117.647,0
2018-10-24,17,41.3333,0.0,8.16667,48,6.74,18.67,63.6399,63.6399,88.9882,0
2018-10-24,18,39.5,0.0,7.83333,52,13.094,20.34,46.6693,46.6693,139.262,0
2018-10-24,19,35.1667,0.0,7.5,48,19.268,20.442,40.3053,40.3053,146.222,0
2018-10-24,20,29.6667,0.0,7.0,52,21.09,20.342,54.4475,58.7829,120.0,0
2018-10-24,21,22.6667,0.0,6.33333,59,17.144,16.594,43.1337,49.8536,218.04,0
2018-10-24,22,19.1667,0.0,5.83333,65,18.375,10.665,49.4977,58.1685,240.0,0
2018-10-24,23,17.8333,0.0,5.33333,63,14.978,7.302,28.2844,54.9552,267.84,0
2018-10-25,0,16.0,0.0,5.0,67,15.22,4.35,14.1422,55.4776,217.964,0
2018-10-25,1,15.3333,0.0,4.66667,68,17.534,3.672,0.0,56.0,198.4,0
2018-10-25,2,15.8333,0.0,4.16667,66,15.746,3.294,0.0,54.0,217.579,0
2018-10-25,3,16.5,0.0,4.0,68,13.44,2.392,0.0,68.0,186.821,0
2018-10-25,4,16.3333,1.12,3.83333,73,13.786,1.736,0.0,62.0,230.4,0
2018-10-25,5,16.3333,2.24,3.83333,79,19.394,2.108,0.0,60.0,226.8,0
2018-10-25,6,15.8333,2.24,4.0,79,15.546,4.53,-7.27092,61.5537,187.971,0
2018-10-25,7,16.3333,2.24,4.16667,90,17.594,4.102,-13.3938,49.3358,224.824,0
2018-10-25,8,17.1667,2.24,4.5,100,18.118,5.265,-26.8289,45.7709,217.579,0
2018-10-25,9,18.5,3.36,5.0,93,19.6775,5.068,-26.8289,45.7709,204.6,0
2018-10-25,10,19.8333,2.52,5.83333,88,16.418,3.462,-35.5553,45.8381,181.895,0
2018-10-25,11,22.1667,1.4,6.83333,91,12.5,3.246,-22.1202,57.403,143.242,0
2018-10-25,12,25.1667,1.4,7.83333,84,12.788,3.782,-12.6284,55.488,135.072,0
2018-10-25,13,27.1667,1.4,8.83333,79,12.378,3.622,-12.6284,64.488,117.6,0
2018-10-25,14,29.0,1.4,9.83333,81,12.516,2.082,-11.8631,62.6403,129.071,0
2018-10-25,15,30.8333,0.76,10.5,81,12.476,2.31,-11.8631,58.6403,138.194,0
2018-10-25,16,32.0,0.48,10.8333,74,14.766,4.7,0.0,62.0,130.56,0
2018-10-25,17,31.8333,0.48,10.8333,85,13.166,6.74,0.0,64.0,127.5,0
2018-10-25,18,29.6667,0.48,10.6667,82,12.078,13.094,0.0,64.0,127.5,0
2018-10-25,19,27.8333,0.96,10.3333,69,16.174,19.268,14.8493,51.4015,180.712,0
2018-10-25,20,25.1667,0.96,10.0,64,15.158,21.09,28.9915,65.5437,161.512,0
2018-10-25,21,22.8333,0.48,9.66667,70,13.572,17.144,38.891,46.478,218.743,0
2018-10-25,22,21.1667,0.48,9.16667,71,11.595,18.375,24.0417,45.0765,236.64,0
2018-10-25,23,20.0,1.09,8.83333,66,10.524,14.978,9.89954,52.9343,195.429,0
