data,timeofday,windspeed6,opady6,temp6,rhumid,index_avg,prev_index_avg,wind_dir_ns,wind_dir_ew,dispel50,is_weekend
2017-11-01,0,12.8333,0.0,2.83333,90,36.9233,25.95,-29.7156,49.74,279.138,1
2017-11-01,1,13.6667,0.0,3.16667,92,52.7488,35.9048,-23.8508,46.5812,259.418,1
2017-11-01,2,14.6667,0.0,3.66667,86,51.6759,27.597,-22.9608,55.4328,180.0,1
2017-11-01,3,15.6667,0.56,4.0,88,47.2156,23.46,-20.282,48.9656,221.0,1
2017-11-01,4,16.3333,0.56,4.16667,94,43.8064,27.4448,-19.8994,48.0418,228.8,1
2017-11-01,5,16.8333,0.56,4.16667,92,43.4491,27.556,-25.2569,60.9761,194.133,1
2017-11-01,6,16.5,0.56,4.16667,90,44.1787,32.0687,-24.8742,60.0522,194.541,1
2017-11-01,7,16.0,0.56,4.16667,92,44.8088,34.5706,-24.4915,59.1283,202.024,1
2017-11-01,8,16.0,0.56,4.16667,86,44.535,31.4276,-23.7262,57.2806,196.114,1
2017-11-01,9,16.1667,0.0,4.5,85,45.9391,29.7977,-24.8742,60.0522,194.541,1
2017-11-01,10,17.3333,0.48,4.83333,83,44.6168,28.1072,-31.0966,57.0742,180.0,1
2017-11-01,11,17.8333,0.48,5.33333,79,44.2292,23.0891,-34.0828,43.2832,193.765,1
2017-11-01,12,18.3333,0.96,5.83333,77,42.2727,16.0997,-41.7195,41.7195,177.0,1
2017-11-01,13,19.0,1.62,6.33333,78,43.1756,17.1129,-42.4266,42.4266,184.743,1
2017-11-01,14,20.0,1.62,6.66667,80,46.3004,36.3865,-41.0124,41.0124,193.44,1
2017-11-01,15,21.1667,1.62,6.66667,85,49.0865,44.9619,-43.1337,43.1337,168.505,1
2017-11-01,16,20.8333,1.8,6.66667,91,51.4715,55.1084,-47.3764,47.3764,131.368,1
2017-11-01,17,20.1667,1.8,6.33333,90,50.3381,68.9975,-41.2122,51.495,151.93,1
2017-11-01,18,19.8333,1.32,6.16667,83,51.0769,76.5297,-36.2624,46.5452,202.8,1
2017-11-01,19,20.1667,0.66,6.0,85,53.8396,75.8073,-30.6055,40.8883,232.737,1
2017-11-01,20,20.0,0.66,5.66667,90,54.1285,74.3028,-38.1839,38.1839,204.6,1
2017-11-01,21,19.3333,0.91,5.66667,96,54.2523,65.7393,-42.4266,42.4266,164.965,1
2017-11-02,1,20.8333,0.73,6.0,91,45.6592,52.7488,-45.9622,45.9622,163.409,0
2017-11-02,2,20.0,0.73,6.33333,91,43.6119,51.6759,-36.2042,45.4046,195.873,0
2017-11-02,3,19.8333,0.48,6.33333,91,43.0688,47.2156,-32.6686,41.869,221.76,0
2017-11-02,4,19.5,0.48,6.33333,92,41.1312,43.8064,-32.6686,41.869,209.012,0
2017-11-02,5,19.6667,0.96,6.33333,96,39.5923,43.4491,-41.0124,41.0124,179.082,0
2017-11-02,6,19.8333,0.96,6.33333,92,36.6486,44.1787,-45.255,45.255,154.56,0
2017-11-02,7,20.5,0.48,6.16667,92,35.5755,44.8088,-45.9622,45.9622,153.6,0
2017-11-02,8,21.0,1.32,6.16667,98,34.526,44.535,-45.9622,45.9622,163.409,0
2017-11-02,9,21.6667,1.32,6.5,89,30.3548,45.9391,-43.8408,43.8408,171.943,0
2017-11-02,10,22.5,1.32,7.0,86,25.8397,44.6168,-45.9622,45.9622,153.6,0
2017-11-02,11,23.1667,1.45,7.66667,83,21.8431,44.2292,-55.1337,41.0625,120.0,0
2017-11-02,12,24.1667,2.06,8.16667,86,23.5337,42.2727,-43.1129,29.0416,165.092,0
2017-11-02,13,25.1667,2.06,8.66667,87,28.6663,43.1756,-38.1839,38.1839,162.222,0
2017-11-02,14,27.1667,1.22,8.83333,96,34.3381,46.3004,-38.1839,38.1839,162.222,0
2017-11-02,15,27.6667,2.13,9.0,89,45.7106,49.0865,-41.7195,41.7195,136.0,0
2017-11-02,16,26.5,2.13,9.0,89,62.9081,51.4715,-41.7195,41.7195,150.562,0
2017-11-02,17,23.5,1.52,8.66667,93,64.2981,50.3381,-55.1546,55.1546,137.7,0
2017-11-02,18,20.1667,0.91,8.33333,95,68.5676,51.0769,-35.9712,40.842,243.2,0
2017-11-02,19,18.0,1.37,8.16667,96,70.8145,53.8396,-31.0214,47.3091,277.333,0
2017-11-02,20,15.3333,1.37,8.16667,91,63.5193,54.1285,-31.0214,61.3091,247.067,0
2017-11-02,21,13.1667,0.46,8.0,91,56.3776,54.2523,-18.0523,56.9992,272.842,0
2017-11-03,1,15.5,1.04,7.5,93,44.93,45.6592,0.0,62.0,196.114,0
2017-11-03,2,15.0,1.04,7.33333,93,46.2807,43.6119,0.0,63.0,209.647,0
2017-11-03,3,15.1667,1.04,7.0,93,44.6977,43.0688,9.19243,58.0104,228.48,0
2017-11-03,4,14.6667,1.04,6.83333,89,44.4563,41.1312,9.19243,58.0104,235.125,0
2017-11-03,5,14.8333,1.62,6.66667,100,44.0147,39.5923,9.19243,56.0104,245.92,0
2017-11-03,6,14.6667,1.16,6.5,94,44.3383,36.6486,9.19243,57.0104,223.385,0
2017-11-03,7,14.8333,0.58,6.66667,89,42.804,35.5755,0.0,60.0,220.0,0
2017-11-03,8,15.1667,0.58,6.66667,96,38.7397,34.526,0.0,61.0,204.429,0
2017-11-03,9,15.6667,0.58,7.0,93,39.2258,30.3548,10.6066,60.8582,210.6,0
2017-11-03,10,15.8333,0.58,7.33333,95,38.58,25.8397,10.6066,62.8582,187.68,0
2017-11-03,11,15.6667,0.41,7.83333,85,42.609,21.8431,21.2133,61.7164,195.0,0
2017-11-03,12,15.6667,0.41,8.33333,82,40.5053,23.5337,31.82,59.5746,195.52,0
2017-11-03,13,15.3333,0.41,8.5,83,40.5197,28.6663,31.82,59.5746,216.333,0
2017-11-03,14,15.1667,0.64,8.66667,93,41.4747,34.3381,41.7195,54.5089,228.48,0
2017-11-03,15,14.0,0.64,8.66667,93,52.4534,45.7106,41.0124,53.585,237.12,0
2017-11-03,16,13.3333,0.64,8.5,95,58.0455,62.9081,30.4057,50.7268,273.28,0
2017-11-03,17,11.8333,0.23,8.16667,91,66.6574,64.2981,38.1839,60.8895,240.0,0
2017-11-03,18,10.5,0.46,7.66667,96,70.5697,68.5676,27.5773,53.0313,318.171,0
2017-11-03,19,9.0,0.46,7.16667,96,70.6476,70.8145,27.5773,60.0313,310.371,0
2017-11-03,20,8.0,0.23,6.83333,97,71.9239,63.5193,15.7643,51.7164,411.429,0
2017-11-03,21,7.5,0.23,6.33333,95,76.2618,56.3776,12.7029,59.1074,383.314,0
2017-11-03,22,6.16667,0.23,5.83333,98,75.66,26.11,-0.25807,53.5642,426.0,0
2017-11-03,23,6.16667,0.23,5.66667,96,69.73,29.685,-1.40611,56.3358,448.145,0
2017-11-04,0,6.5,0.0,5.5,93,78.3575,28.05,-5.64877,49.5785,522.327,1
2017-11-04,1,6.66667,0.0,5.33333,88,78.0577,44.93,-19.791,45.7798,496.8,1
2017-11-04,2,6.0,0.0,5.16667,87,79.6929,46.2807,-25.3342,42.0758,509.143,1
2017-11-04,3,5.66667,0.0,5.16667,87,83.3119,44.6977,-26.865,45.7714,498.343,1
2017-11-04,4,6.66667,0.0,5.16667,86,80.6434,44.4563,-29.161,44.3146,480.0,1
2017-11-04,5,6.66667,0.0,4.66667,94,78.3597,44.0147,-15.1862,32.3042,538.65,1
2017-11-04,6,7.16667,0.0,4.33333,92,72.9003,44.3383,-15.1862,26.3042,497.25,1
2017-11-04,7,7.66667,0.0,4.16667,81,69.29,42.804,-11.3262,0.81231,463.6,1
2017-11-04,8,8.16667,0.0,4.16667,91,69.0674,38.7397,-11.3262,-11.9157,432.0,1
2017-11-04,9,9.0,0.0,4.33333,91,66.8365,39.2258,-12.2501,-16.8905,382.5,1
2017-11-04,10,9.16667,0.0,4.83333,83,47.0122,38.58,2.57669,-26.1293,366.667,1
2017-11-04,11,11.0,0.0,6.0,73,34.3066,42.609,-13.4944,-33.2004,316.2,1
2017-11-04,12,12.6667,0.0,7.33333,65,24.2769,40.5053,-24.6082,-22.6194,300.667,1
2017-11-04,13,14.5,0.0,8.5,66,24.3913,40.5197,-32.1024,-21.9956,189.164,1
2017-11-04,14,16.6667,0.0,9.83333,61,25.7784,41.4747,-16.0313,-14.9245,171.953,1
2017-11-04,15,17.8333,0.0,10.8333,64,26.9391,52.4534,19.6746,-8.41896,176.727,1
2017-11-04,16,18.6667,0.0,11.3333,55,41.5284,58.0455,58.0,0.0,193.44,1
2017-11-04,17,18.0,0.0,11.3333,65,56.3815,66.6574,53.0,0.0,229.14,1
2017-11-04,18,16.6667,0.0,10.8333,70,63.8255,70.5697,66.0,0.0,207.36,1
2017-11-04,19,15.8333,0.0,10.3333,72,67.9277,70.6476,60.0,0.0,239.733,1
2017-11-04,20,15.3333,0.0,9.33333,74,70.8143,71.9239,28.1418,-5.7402,245.92,1
2017-11-04,21,14.6667,0.0,8.5,76,73.3055,76.2618,30.1418,-5.7402,214.338,1
2017-11-04,22,15.0,0.0,7.83333,77,44.5,75.66,31.1418,-5.7402,212.914,1
2017-11-04,23,14.6667,0.0,7.16667,78,32.05,69.73,34.1418,-5.7402,195.52,1
2017-11-05,0,14.0,0.0,6.83333,80,28.0533,78.3575,59.0,0.0,241.553,1
2017-11-05,1,13.0,0.0,6.5,81,59.3006,78.0577,52.0,0.0,286.971,1
2017-11-05,2,11.5,0.0,6.16667,82,60.5894,79.6929,43.6851,-3.44412,268.029,1
2017-11-05,3,11.6667,0.0,5.83333,83,58.7435,83.3119,37.6851,-3.44412,350.118,1
2017-11-05,4,11.0,0.0,5.5,85,65.04,80.6434,35.6851,-3.44412,329.018,1
2017-11-05,5,10.6667,0.0,5.16667,92,65.8831,78.3597,12.6746,-8.41896,297.0,1
2017-11-05,6,10.3333,0.0,5.0,84,63.2918,72.9003,-5.64028,-11.8631,300.667,1
2017-11-05,7,10.6667,0.0,4.66667,88,71.3172,69.29,-4.7164,-11.4804,305.25,1
2017-11-05,8,11.0,0.0,4.83333,85,70.2177,69.0674,-22.8791,-15.6899,325.68,1
2017-11-05,9,10.8333,0.0,5.16667,80,63.325,66.8365,-44.9502,-22.761,366.277,1
2017-11-05,10,11.0,0.0,5.83333,70,48.551,47.0122,-45.8741,-23.1437,326.8,1
2017-11-05,11,11.8333,0.0,7.0,69,34.498,34.3066,-50.4935,-25.0571,252.45,1
2017-11-05,12,13.6667,0.0,8.33333,61,27.3843,24.2769,-18.9397,-17.7861,264.48,1
2017-11-05,13,15.6667,0.0,9.83333,58,26.1217,24.3913,7.13136,-10.715,204.429,1
2017-11-05,14,17.3333,0.0,11.1667,60,23.7169,25.7784,56.0,0.0,178.971,1
2017-11-05,15,19.1667,0.0,12.1667,66,29.9807,26.9391,62.0,0.0,162.0,1
2017-11-05,16,19.0,0.0,12.6667,71,40.8737,41.5284,68.0,0.0,146.348,1
2017-11-05,17,18.3333,0.0,12.6667,65,66.2503,56.3815,58.0,0.0,193.44,1
2017-11-05,18,16.1667,0.0,12.0,71,80.44,63.8255,48.7612,-3.8268,193.44,1
2017-11-05,19,14.1667,0.0,11.1667,78,82.3164,67.9277,23.2179,-6.12288,327.168,1
2017-11-05,20,12.8333,0.0,10.1667,77,89.6333,70.8143,19.0084,-16.2856,316.8,1
2017-11-05,21,10.6667,0.0,9.16667,79,94.0186,73.3055,-14.4769,-24.7709,354.738,1
2017-11-05,22,10.1667,0.0,8.33333,80,45.87,44.5,-38.5634,-29.363,346.92,1
2017-11-05,23,9.66667,0.0,7.16667,91,59.845,32.05,-38.5634,-29.363,319.0,1
2017-11-06,0,9.5,0.0,6.33333,96,66.82,28.0533,-33.0202,-34.067,341.127,0
2017-11-06,1,8.33333,0.0,5.66667,94,98.4057,59.3006,-33.0202,-39.067,347.564,0
2017-11-06,2,6.66667,0.0,5.16667,84,99.829,60.5894,-34.5509,-42.7625,360.0,0
2017-11-06,3,5.83333,0.0,4.33333,100,94.337,58.7435,-31.1068,-34.4476,492.0,0
2017-11-06,4,5.0,0.0,3.5,100,91.1416,65.04,-28.428,-40.9147,461.1,0
2017-11-06,5,5.0,0.0,3.5,98,91.2119,65.8831,-19.9427,-37.4294,564.0,0
2017-11-06,6,5.33333,0.0,3.66667,84,94.7959,63.2918,-22.6214,-43.8966,524.7,0
2017-11-06,7,6.0,0.0,3.66667,91,88.7622,71.3172,-18.002,-41.9832,577.92,0
2017-11-06,8,6.5,0.0,3.83333,89,93.573,70.2177,-11.8247,-45.5474,575.143,0
2017-11-06,9,6.33333,0.0,4.66667,85,91.8894,63.325,-6.82468,-45.5474,540.0,0
2017-11-06,10,6.66667,0.0,5.5,91,75.4509,48.551,-0.82468,-33.5474,556.5,0
2017-11-06,11,6.66667,0.0,6.33333,85,61.009,34.498,-1.20736,-21.537,509.143,0
2017-11-06,12,6.83333,0.0,7.5,68,52.5503,27.3843,-3.88612,-8.0698,483.36,0
2017-11-06,13,7.0,0.0,9.0,67,52.7971,26.1217,1.77076,4.32124,454.629,0
2017-11-06,14,7.33333,0.0,10.0,71,49.4394,23.7169,1.0054,19.1033,420.0,0
2017-11-06,15,8.5,0.0,10.5,78,52.232,29.9807,2.52279,26.7318,436.05,0
2017-11-06,16,9.0,0.0,11.0,91,59.7784,40.8737,3.77666,43.3153,393.6,0
2017-11-06,17,9.0,0.0,11.0,83,68.5006,66.2503,15.6942,40.675,345.257,0
2017-11-06,18,8.16667,0.0,10.3333,86,79.0317,80.44,20.644,38.6247,356.4,0
2017-11-06,19,7.33333,0.0,9.16667,98,73.061,82.3164,22.7653,40.7461,374.85,0
2017-11-06,20,7.16667,0.0,8.16667,100,63.7394,89.6333,19.9369,36.1835,448.0,0
2017-11-06,21,6.0,0.0,7.5,94,65.4627,94.0186,25.4802,38.4795,420.0,0
2017-11-06,22,4.5,0.0,6.83333,96,45.01,45.87,33.1669,34.4073,437.143,0
2017-11-07,0,5.66667,0.0,5.83333,98,111.45,66.82,46.8238,30.1646,553.385,0
2017-11-07,1,6.0,0.0,5.5,99,82.9732,98.4057,46.6314,20.9722,577.92,0
2017-11-07,2,5.66667,0.0,5.16667,100,82.4443,99.829,50.8741,16.7295,540.0,0
2017-11-07,3,6.0,0.0,5.16667,91,76.4796,94.337,45.6353,12.9027,599.657,0
2017-11-07,4,6.66667,0.0,5.16667,93,72.856,91.1416,45.9552,2.77019,530.4,0
2017-11-07,5,6.0,0.0,5.16667,97,70.4963,91.2119,45.0401,-4.67765,540.6,0
2017-11-07,6,5.83333,0.0,5.5,88,71.4479,94.7959,43.1924,-8.50445,583.0,0
2017-11-07,7,6.66667,0.0,6.0,91,71.4691,88.7622,45.6337,-16.5157,520.8,0
2017-11-07,8,7.33333,0.0,6.5,92,72.0929,93.573,47.7963,-20.7251,482.4,0
2017-11-07,9,8.16667,0.0,6.83333,92,66.9804,91.8894,44.4532,-26.382,457.6,0
2017-11-07,10,9.33333,0.0,7.33333,85,62.1243,75.4509,48.221,-27.1142,374.85,0
2017-11-07,11,11.0,0.0,8.0,79,58.0148,61.009,43.7064,-26.388,319.2,0
2017-11-07,12,12.1667,0.0,8.5,80,56.7993,52.5503,41.6728,-36.2608,271.745,0
2017-11-07,13,13.1667,0.0,8.66667,88,52.1874,52.7971,36.4599,-37.0011,261.415,0
2017-11-07,14,14.8333,0.0,8.83333,87,45.7993,49.4394,30.955,-47.7323,216.0,0
2017-11-07,15,15.3333,0.0,8.83333,84,47.1177,52.232,29.358,-55.8768,180.0,0
2017-11-07,16,16.8333,0.0,8.66667,75,46.4353,59.7784,19.5167,-47.1179,232.941,0
2017-11-07,17,17.5,0.0,8.16667,79,48.7066,68.5006,21.0474,-50.8134,205.8,0
2017-11-07,18,18.1667,0.0,7.5,81,50.2928,79.0317,14.1592,-52.1836,196.725,0
2017-11-07,19,19.0,0.0,7.0,83,51.5255,73.061,8.03628,-56.4015,198.0,0
2017-11-07,20,19.8333,0.0,6.5,82,49.2565,63.7394,0.0,-59.0,177.0,0
2017-11-07,21,19.5,0.0,6.0,81,49.1806,65.4627,0.0,-64.0,149.368,0
2017-11-07,22,19.1667,0.0,5.33333,88,50.8707,45.01,0.0,-59.0,195.873,0
2017-11-08,0,18.6667,0.0,4.33333,96,41.945,111.45,0.0,-73.0,180.0,0
2017-11-08,1,17.8333,0.0,4.0,97,51.096,82.9732,0.0,-53.0,225.095,0
2017-11-08,2,17.0,0.0,3.66667,95,52.9896,82.4443,0.0,-51.0,232.941,0
2017-11-08,3,17.1667,0.0,3.33333,90,49.3633,76.4796,0.0,-52.0,224.824,0
2017-11-08,4,16.0,0.0,3.16667,84,45.507,72.856,-5.7402,-65.8582,180.0,0
2017-11-08,5,15.8333,0.0,3.0,77,43.105,70.4963,-5.7402,-60.8582,217.412,0
2017-11-08,6,16.0,0.0,3.0,90,44.3071,71.4479,-5.7402,-59.8582,231.8,0
2017-11-08,7,15.6667,0.0,3.16667,88,44.2347,71.4691,-5.7402,-59.8582,211.68,0
2017-11-08,8,15.0,0.0,3.33333,85,43.7474,72.0929,0.0,-61.0,188.7,0
2017-11-08,9,15.0,0.0,3.5,88,45.449,66.9804,0.0,-63.0,202.725,0
2017-11-08,10,16.1667,0.0,4.0,88,46.1706,62.1243,0.0,-62.0,224.0,0
2017-11-08,11,16.8333,0.0,4.5,85,48.6939,58.0148,0.0,-63.0,195.52,0
2017-11-08,12,16.6667,0.0,5.0,82,48.3,56.7993,0.0,-54.0,200.08,0
2017-11-08,13,16.6667,0.0,5.5,78,49.8816,52.1874,0.0,-56.0,202.926,0
2017-11-08,14,16.5,0.0,6.16667,71,50.3787,45.7993,0.0,-52.0,236.64,0
2017-11-08,15,16.0,0.0,6.66667,76,51.5628,47.1177,0.0,-65.0,214.5,0
2017-11-08,16,14.3333,0.0,6.33333,83,53.4819,46.4353,0.0,-57.0,258.353,0
2017-11-08,17,13.0,0.0,5.83333,95,54.7187,48.7066,0.0,-66.0,248.4,0
2017-11-08,18,12.3333,0.0,5.16667,93,56.5445,50.2928,0.0,-61.0,276.48,0
2017-11-08,19,12.1667,0.0,4.33333,93,57.3703,51.5255,0.0,-59.0,279.138,0
2017-11-08,20,11.5,0.0,3.5,87,60.3328,49.2565,0.0,-60.0,260.0,0
2017-11-08,21,10.3333,0.0,2.66667,89,61.0,49.1806,0.0,-57.0,263.467,0
2017-11-08,22,9.5,0.0,2.5,90,49.135,50.8707,0.0,-53.0,336.3,0
2017-11-08,23,8.16667,0.0,2.5,86,48.44,46.61,0.0,-57.0,357.5,0
2017-11-09,0,7.0,0.0,2.66667,90,38.5933,41.945,0.0,-61.0,372.3,0
2017-11-09,1,5.5,0.0,2.83333,88,53.0603,51.096,-2.29608,-54.5433,460.431,0
2017-11-09,2,4.33333,0.0,2.83333,91,52.5438,52.9896,-2.29608,-59.5433,459.877,0
2017-11-09,3,4.0,0.0,2.83333,97,52.1519,49.3633,-1.53072,-61.391,494.308,0
2017-11-09,4,4.0,0.0,2.83333,87,52.39,45.507,-0.38268,-51.1627,658.971,0
2017-11-09,5,3.83333,0.0,2.83333,90,53.3665,43.105,1.14804,-54.8582,666.171,0
2017-11-09,6,3.66667,0.0,2.83333,96,58.2525,44.3071,1.14804,-57.8582,683.571,0
2017-11-09,7,3.66667,0.0,2.83333,91,59.4883,44.2347,1.14804,-62.8582,660.0,0
2017-11-09,8,4.16667,0.0,2.83333,94,61.9714,43.7474,1.14804,-53.8582,741.6,0
2017-11-09,9,4.33333,0.0,3.33333,91,67.6535,45.449,-0.76536,-49.4776,764.64,0
2017-11-09,10,4.66667,0.0,3.83333,91,72.7693,46.1706,-4.46088,-51.0083,720.0,0
2017-11-09,11,5.16667,0.0,4.5,86,78.6557,48.6939,-8.70354,-46.251,717.6,0
2017-11-09,12,5.33333,0.0,5.33333,78,81.6953,48.3,-10.9996,-47.7943,707.2,0
2017-11-09,13,5.33333,0.0,6.16667,81,77.4253,49.8816,-10.9996,-47.7943,685.44,0
2017-11-09,14,6.16667,0.0,7.16667,82,74.9713,50.3787,-13.6784,-45.5659,632.4,0
2017-11-09,15,7.0,0.0,7.66667,84,66.3293,51.5628,-25.5959,-32.2719,546.96,0
2017-11-09,16,7.33333,0.0,7.83333,94,62.5187,53.4819,-31.9599,-15.9079,505.44,0
2017-11-09,17,7.33333,0.0,7.83333,87,66.0185,54.7187,-35.7034,-5.63167,420.0,0
2017-11-09,18,7.33333,0.0,7.66667,85,71.1828,56.5445,-36.2505,0.14171,420.0,0
2017-11-09,19,7.66667,0.0,7.33333,87,72.8226,57.3703,-36.2505,8.62703,420.0,0
2017-11-09,20,7.5,0.0,6.83333,91,74.2317,60.3328,-31.6584,26.7136,440.64,0
2017-11-09,21,7.83333,0.0,6.66667,85,70.1433,61.0,-36.109,37.697,429.0,0
2017-11-09,22,8.16667,0.0,6.5,87,65.05,49.135,-34.6484,41.6484,402.8,0
2017-11-09,23,9.16667,0.0,6.33333,92,56.325,48.44,-35.3555,42.3555,374.85,0
2017-11-10,0,9.66667,0.0,6.0,92,53.0033,38.5933,-33.9413,40.9413,316.2,0
2017-11-10,1,9.66667,0.0,5.83333,93,62.075,53.0603,-36.0626,36.0626,340.267,0
2017-11-10,2,9.66667,0.0,5.83333,97,56.1878,52.5438,-41.0124,41.0124,312.8,0
2017-11-10,3,10.0,0.0,5.5,93,54.6363,52.1519,-41.0124,41.0124,335.345,0
2017-11-10,4,10.3333,0.0,5.33333,93,50.2431,52.39,-42.4266,42.4266,300.0,0
2017-11-10,5,10.0,0.0,5.16667,97,50.57,53.3665,-43.8408,43.8408,300.0,0
2017-11-10,6,10.6667,0.0,5.16667,96,49.1371,58.2525,-36.0626,36.0626,326.4,0
2017-11-10,7,11.8333,0.0,5.16667,93,50.8063,59.4883,-43.1233,36.0877,263.467,0
2017-11-10,8,12.5,0.0,5.0,94,48.8253,61.9714,-46.6588,39.6232,249.508,0
2017-11-10,9,13.0,0.0,5.16667,92,49.8487,67.6535,-49.4768,35.4056,240.0,0
2017-11-10,10,14.5,0.0,5.5,89,50.5184,72.7693,-48.7025,25.9721,242.031,0
2017-11-10,11,16.1667,0.36,6.0,81,50.3419,78.6557,-56.0935,29.0335,180.0,0
2017-11-10,12,17.1667,0.36,6.5,76,48.9897,81.6953,-52.6612,21.8128,181.425,0
2017-11-10,13,18.5,0.36,7.0,74,48.5756,77.4253,-55.4328,22.9608,184.743,0
2017-11-10,14,20.1667,0.36,7.5,75,45.3591,74.9713,-56.3567,23.3435,173.46,0
2017-11-10,15,21.0,0.36,7.83333,75,43.8231,66.3293,-59.1283,24.4915,149.368,0
2017-11-10,16,20.8333,0.59,7.83333,83,45.9284,62.5187,-56.4239,32.0699,152.727,0
2017-11-10,17,21.0,0.23,7.5,79,48.535,66.0185,-54.5761,31.3046,169.304,0
2017-11-10,18,21.3333,0.46,7.16667,79,49.0531,71.1828,-52.7284,30.5392,171.943,0
2017-11-10,19,21.8333,1.37,6.83333,78,45.168,72.8226,-57.2806,23.7262,167.04,0
2017-11-10,20,22.8333,1.37,6.5,78,44.701,74.2317,-61.9,25.6396,141.943,0
2017-11-10,21,24.3333,1.37,6.16667,80,12.68,70.1433,-49.8895,20.6647,156.768,0
2017-11-10,22,25.3333,2.05,5.83333,82,14.41,65.05,-54.5089,22.5781,141.931,0
2017-11-10,23,27.3333,2.05,5.66667,84,17.36,56.325,-51.7373,21.4301,159.84,0
2017-11-11,0,28.8333,1.82,5.66667,84,13.36,53.0033,-47.3555,33.2843,132.969,1
2017-11-11,1,29.0,1.52,5.5,85,34.5097,62.075,-51.051,34.815,134.909,1
2017-11-11,2,28.8333,2.13,5.33333,87,36.052,56.1878,-51.7373,21.4301,159.84,1
2017-11-11,3,28.3333,2.13,5.16667,86,28.0369,54.6363,-43.82,29.7488,159.508,1
2017-11-11,4,27.8333,1.22,5.0,86,23.4412,50.2431,-38.891,38.891,159.557,1
2017-11-11,5,25.8333,1.22,4.83333,85,27.4859,50.57,-55.1546,55.1546,120.0,1
2017-11-11,6,23.8333,1.22,4.5,84,30.3312,49.1371,-43.3918,54.757,149.333,1
2017-11-11,7,22.3333,1.09,4.16667,82,31.1609,50.8063,-24.2998,53.665,181.409,1
2017-11-11,8,20.0,0.48,4.0,83,25.3733,48.8253,-14.5418,53.1074,211.714,1
2017-11-11,9,19.3333,0.48,3.83333,81,22.9434,49.8487,-19.8994,66.0418,186.514,1
2017-11-11,10,20.0,0.48,4.0,77,23.1197,50.5184,-20.6647,49.8895,209.012,1
2017-11-11,11,21.3333,0.48,4.33333,69,26.05,50.3419,-24.4915,59.1283,120.0,1
2017-11-11,12,23.1667,0.81,4.66667,66,28.1213,48.9897,-21.4301,51.7373,151.467,1
2017-11-11,13,24.6667,0.33,5.16667,62,26.6362,48.5756,-22.1954,53.585,146.897,1
2017-11-11,14,26.6667,0.33,5.5,66,26.0312,45.3591,-21.0474,50.8134,162.29,1
2017-11-11,15,27.6667,1.04,5.83333,68,31.5516,43.8231,-19.8994,48.0418,170.769,1
2017-11-11,16,27.0,1.04,6.0,61,33.6825,45.9284,-21.0474,50.8134,154.015,1
2017-11-11,17,26.3333,1.04,5.83333,67,35.6003,48.535,-19.8994,48.0418,178.428,1
2017-11-11,18,25.0,1.42,5.66667,73,33.741,49.0531,-29.4664,71.1388,129.103,1
2017-11-11,19,25.1667,1.42,5.33333,76,34.0431,45.168,-33.2179,59.1955,140.87,1
2017-11-11,20,25.3333,1.42,5.0,76,37.2131,44.701,-43.5083,57.0383,129.792,1
2017-11-11,21,24.3333,3.02,4.66667,73,17.7233,12.68,-44.0367,29.4243,162.222,1
2017-11-11,22,24.0,5.33,4.33333,77,16.3,14.41,-65.286,38.226,120.0,1
2017-11-11,23,23.8333,5.33,4.0,81,15.655,17.36,-65.5955,27.1703,149.333,1
2017-11-12,0,23.8333,6.93,3.66667,88,16.7667,13.36,-62.8238,26.0222,146.348,1
2017-11-12,1,22.6667,7.59,3.66667,88,28.4271,34.5097,-56.4239,32.0699,147.714,1
2017-11-12,2,21.3333,7.59,3.5,89,30.1283,36.052,-55.5,31.6872,168.15,1
2017-11-12,3,20.1667,5.28,3.33333,93,28.4169,28.0369,-50.8806,29.7738,184.743,1
2017-11-12,4,19.8333,2.97,3.0,95,28.3465,23.4412,-47.3451,26.2383,214.5,1
2017-11-12,5,18.3333,2.97,3.0,91,22.7756,27.4859,-42.3026,32.0198,217.579,1
2017-11-12,6,17.3333,1.32,3.0,93,26.1875,30.3312,-48.0428,45.878,180.0,1
2017-11-12,7,16.3333,1.96,2.83333,89,23.0652,31.1609,-30.489,53.607,187.425,1
2017-11-12,8,15.0,1.96,2.83333,95,30.5053,25.3733,-9.27575,55.2276,222.821,1
2017-11-12,9,14.6667,1.96,2.83333,89,29.4439,22.9434,4.15934,52.7925,264.0,1
2017-11-12,10,14.1667,1.96,3.16667,81,30.741,23.1197,9.89954,52.9343,273.28,1
2017-11-12,11,14.3333,1.96,3.5,76,24.1932,26.05,3.77666,52.7164,257.914,1
2017-11-12,12,14.3333,1.3,3.83333,69,22.6894,28.1213,-6.12288,55.7821,217.964,1
2017-11-12,13,14.6667,0.0,4.33333,63,22.1055,26.6362,-11.8631,58.6403,204.429,1
2017-11-12,14,15.3333,0.0,4.66667,67,22.8123,26.0312,-17.986,59.4224,202.725,1
2017-11-12,15,13.6667,0.0,5.0,71,28.9053,31.5516,-22.4697,55.2469,210.6,1
2017-11-12,16,11.3333,0.0,5.0,86,51.51,33.6825,-25.2982,58.0754,240.0,1
2017-11-12,17,10.0,0.0,4.66667,73,56.1079,35.6003,-26.7124,43.4896,367.92,1
2017-11-12,18,9.5,0.0,4.33333,75,52.217,33.741,-34.1034,40.4282,352.0,1
2017-11-12,19,9.5,1.91,3.83333,81,53.6779,34.0431,-32.9554,15.4834,393.825,1
2017-11-12,20,9.83333,1.91,3.5,87,49.4439,37.2131,-32.9554,-14.0808,385.12,1
2017-11-12,21,12.3333,3.82,3.0,88,48.9612,17.7233,-18.1061,-45.9301,239.25,1
2017-11-12,22,14.1667,3.82,2.5,99,21.41,16.3,-19.558,-45.2172,220.8,1
2017-11-12,23,15.0,3.82,2.5,91,27.875,15.655,-19.558,-58.2172,187.425,1
2017-11-13,0,16.1667,3.82,2.5,91,25.09,16.7667,-13.4351,-56.4351,217.412,0
2017-11-13,1,15.5,3.08,2.66667,90,42.4081,28.4271,-13.4351,-58.4351,215.368,0
2017-11-13,2,14.1667,3.08,2.83333,92,43.57,30.1283,0.0,-57.0,232.615,0
2017-11-13,3,12.5,1.17,3.16667,93,44.8765,28.4169,3.44412,-52.3149,271.385,0
2017-11-13,4,11.8333,2.34,3.5,99,45.0239,28.3465,6.88824,-60.6298,249.508,0
2017-11-13,5,10.6667,2.34,3.66667,94,49.9694,22.7756,13.2522,-53.9938,335.179,0
2017-11-13,6,8.33333,2.34,3.83333,92,46.8458,26.1875,17.4949,-58.2365,347.368,0
2017-11-13,7,8.5,1.17,3.83333,92,37.5452,23.0652,21.0304,-61.772,360.0,0
2017-11-13,8,9.5,1.17,3.66667,91,35.7637,30.5053,9.02,-25.7972,409.867,0
2017-11-13,9,10.6667,1.17,3.5,92,33.6223,29.4439,16.1825,-3.62408,325.867,0
2017-11-13,10,12.3333,0.0,3.33333,96,38.5783,30.741,17.6882,25.8369,255.0,0
2017-11-13,11,14.5,0.0,3.0,91,43.6413,24.1932,23.3451,47.0502,180.0,0
2017-11-13,12,16.6667,0.0,2.83333,86,44.4352,22.6894,38.1839,41.6523,204.6,0
2017-11-13,13,17.6667,0.0,2.66667,84,46.2739,22.1055,39.5982,39.5982,202.926,0
2017-11-13,14,18.0,0.0,2.83333,83,50.8609,22.8123,43.7168,33.434,202.926,0
2017-11-13,15,17.5,0.0,2.83333,85,57.6026,28.9053,42.3026,32.0198,213.333,0
2017-11-13,16,16.1667,0.0,3.0,93,61.3859,51.51,54.313,36.9946,187.0,0
2017-11-13,17,15.0,0.0,3.0,91,63.5376,56.1079,49.3632,34.4293,245.937,0
2017-11-13,18,13.8333,0.0,2.83333,93,59.4106,52.217,40.2948,38.2449,293.647,0
2017-11-13,19,12.0,0.0,2.66667,96,56.5176,53.6779,48.073,48.4076,265.624,0
2017-11-13,20,11.0,0.0,2.33333,90,57.1383,49.4439,36.0522,44.3868,321.231,0
2017-11-13,21,11.1667,0.0,2.16667,92,57.6591,48.9612,24.0417,50.4119,329.018,0
2017-11-13,22,11.0,0.0,2.0,93,22.92,21.41,16.2635,54.2492,302.4,0
2017-11-13,23,11.1667,0.0,2.0,93,24.03,27.875,7.77821,53.1627,317.127,0
2017-11-14,0,11.3333,0.0,2.16667,92,18.4333,25.09,0.0,56.0,265.2,0
2017-11-14,1,11.8333,0.0,2.33333,91,43.2021,42.4081,0.0,60.0,250.364,0
2017-11-14,2,11.3333,0.0,2.33333,93,38.1186,43.57,0.0,60.0,277.714,0
2017-11-14,3,11.3333,0.0,2.33333,94,33.9151,44.8765,5.65688,53.391,309.12,0
2017-11-14,4,11.8333,0.0,2.33333,95,37.9565,45.0239,15.5564,56.3254,289.385,0
2017-11-14,5,10.6667,0.0,2.33333,95,40.1428,49.9694,24.7488,55.3358,280.8,0
2017-11-14,6,10.0,0.0,1.83333,100,43.5484,46.8458,24.7488,49.3358,341.127,0
2017-11-14,7,9.83333,0.0,1.5,96,47.5237,37.5452,24.7488,57.3358,311.564,0
2017-11-14,8,10.0,0.0,1.33333,95,50.505,35.7637,19.092,48.9448,372.6,0
2017-11-14,9,9.33333,0.0,1.33333,87,43.6776,33.6223,19.092,57.9448,342.514,0
2017-11-14,10,8.66667,0.0,1.5,88,42.2124,38.5783,16.2635,54.2492,378.831,0
2017-11-14,11,9.66667,0.0,1.83333,77,40.2859,43.6413,13.4351,50.5537,367.2,0
2017-11-14,12,10.1667,0.0,2.5,71,39.1175,44.4352,21.9204,53.039,300.0,0
2017-11-14,13,10.3333,0.0,3.0,73,44.687,46.2739,21.9204,46.039,340.267,0
2017-11-14,14,10.5,0.0,3.5,73,48.0218,50.8609,29.6986,47.2017,321.48,0
2017-11-14,15,10.5,0.0,3.83333,71,56.3475,57.6026,22.6275,47.9629,313.6,0
2017-11-14,16,10.0,0.0,3.66667,89,67.9594,61.3859,16.2635,49.648,324.8,0
2017-11-14,17,9.33333,0.0,3.16667,83,87.364,63.5376,20.5062,55.1913,322.4,0
2017-11-14,18,8.66667,0.0,2.5,88,100.726,59.4106,12.0209,54.706,360.0,0
2017-11-14,19,7.83333,0.0,1.83333,89,113.952,56.5176,12.0209,50.706,411.927,0
2017-11-14,20,7.33333,0.0,0.833333,96,114.175,57.1383,12.0209,56.706,398.945,0
2017-11-14,21,6.33333,0.0,-0.166667,100,110.55,57.6591,11.2427,46.5433,443.52,0
2017-11-14,22,7.0,0.0,-0.833333,98,68.3,22.92,8.41422,49.3717,449.28,0
2017-11-14,23,8.5,0.0,-1.16667,87,88.285,24.03,1.34312,46.4428,449.28,0
2017-11-15,0,9.83333,0.0,-1.33333,90,70.2067,18.4333,-18.6055,29.4051,393.6,0
2017-11-15,1,10.6667,0.0,-1.5,89,86.1486,43.2021,-29.2121,27.0117,296.229,0
2017-11-15,2,11.0,0.0,-1.33333,90,78.4889,38.1186,-41.1619,31.9615,253.08,0
2017-11-15,3,11.5,0.0,-1.16667,91,73.005,33.9151,-42.4057,28.3345,302.824,0
2017-11-15,4,10.8333,0.0,-1.33333,100,74.1676,37.9565,-45.0845,34.8017,311.153,0
2017-11-15,5,9.5,0.0,-1.33333,90,75.0914,40.1428,-49.3272,39.0444,319.341,0
2017-11-15,6,8.5,0.0,-1.16667,88,83.9158,43.5484,-39.9852,38.9028,385.12,0
2017-11-15,7,8.0,0.0,-1.0,86,90.1551,47.5237,-35.7425,34.6601,425.455,0
2017-11-15,8,7.83333,0.0,-0.666667,87,88.7717,50.505,-41.3994,40.317,385.745,0
2017-11-15,9,8.33333,0.0,-0.166667,85,84.2163,43.6776,-39.2781,38.1957,402.8,0
2017-11-15,10,8.83333,0.0,0.666667,86,86.4164,42.2124,-38.0343,41.8227,360.0,0
2017-11-15,11,9.0,0.0,1.33333,82,82.379,40.2859,-37.4768,37.4768,380.8,0
2017-11-15,12,9.16667,0.0,2.0,79,77.2059,39.1175,-40.3516,34.9396,366.667,0
2017-11-15,13,9.16667,0.0,2.83333,79,74.5995,44.687,-41.0588,35.6467,341.85,0
2017-11-15,14,9.0,0.0,3.5,80,68.8387,48.0218,-41.0588,35.6467,341.85,0
2017-11-15,15,8.16667,0.0,4.0,82,68.1794,56.3475,-38.0806,36.457,376.32,0
2017-11-15,16,7.66667,0.0,4.33333,79,80.1687,67.9594,-39.994,41.0764,373.32,0
2017-11-15,17,7.0,0.0,4.5,86,89.2786,87.364,-32.9229,40.0053,417.6,0
2017-11-15,18,6.0,0.0,4.33333,88,102.503,100.726,-30.8016,37.884,473.28,0
2017-11-15,20,5.5,0.0,3.83333,85,106.63,114.175,-25.0069,42.3721,559.32,0
2017-11-15,21,5.0,0.0,3.33333,89,103.125,110.55,-31.4741,39.6934,511.68,0
2017-11-15,22,4.83333,0.0,3.0,96,108.01,68.3,-33.3218,38.928,540.0,0
2017-11-15,23,4.5,0.0,2.16667,98,121.685,88.285,-28.1641,27.2375,596.25,0
2017-11-16,0,4.5,0.0,1.83333,92,94.98,70.2067,-24.038,17.8851,662.4,0
2017-11-16,1,4.33333,0.0,1.33333,91,121.669,86.1486,-25.5687,14.1896,641.829,0
2017-11-16,2,3.5,0.0,0.666667,92,122.981,78.4889,-24.4207,4.0269,674.16,0
2017-11-16,3,3.66667,0.0,-0.166667,100,119.803,73.005,-25.186,2.17914,685.44,0
2017-11-16,4,3.33333,0.0,-0.833333,100,120.173,74.1676,-25.3939,-4.56159,756.0,0
2017-11-16,5,3.16667,0.0,-0.833333,100,120.465,75.0914,-25.3939,-7.56159,744.6,0
2017-11-16,6,3.0,0.0,-1.0,94,122.14,83.9158,-25.3939,-16.5616,820.8,0
2017-11-16,7,3.5,0.0,-1.5,97,121.818,90.1551,-25.3939,-19.5616,805.8,0
2017-11-16,8,4.0,0.0,-1.33333,100,118.757,88.7717,-19.6206,-34.4998,801.36,0
2017-11-16,9,4.5,0.0,-0.5,99,112.954,84.2163,-17.7072,-44.1192,839.143,0
2017-11-16,10,6.0,0.0,0.5,79,94.0466,86.4164,-13.5361,-46.9837,765.0,0
2017-11-16,11,6.5,0.0,1.5,77,66.49,82.379,-19.3308,-42.4956,655.2,0
2017-11-16,12,7.0,0.0,2.5,78,35.9313,77.2059,-22.0427,-43.0427,600.0,0
2017-11-16,13,8.0,0.0,4.0,69,28.5555,74.5995,-21.868,-39.6208,540.8,0
2017-11-16,14,9.5,0.0,5.16667,67,43.845,68.8387,-26.8428,-42.6312,392.229,0
2017-11-16,15,10.8333,0.0,5.66667,80,38.2636,68.1794,-34.4463,-34.9875,359.9,0
2017-11-16,16,10.6667,0.0,6.0,70,63.3071,80.1687,-28.7172,-43.3296,286.2,0
2017-11-16,17,11.6667,0.0,5.83333,74,80.9583,89.2786,-24.4414,-45.007,281.538,0
2017-11-16,18,12.0,0.0,5.33333,79,98.7791,102.503,-24.0587,-44.0831,297.0,0
2017-11-16,21,8.66667,0.51,2.33333,87,51.87,103.125,-12.6012,-52.488,353.571,0
2017-11-16,22,8.16667,0.51,1.33333,89,55.0,108.01,-4.56492,-46.0208,411.927,0
2017-11-16,23,7.16667,0.51,0.666667,89,63.995,121.685,-1.50348,-53.4119,372.764,0
2017-11-17,0,7.0,1.02,0.333333,93,59.77,94.98,5.00208,-48.7925,450.3,0
2017-11-17,1,6.5,1.02,0.5,77,81.4079,121.669,7.68084,-55.2596,420.0,0
2017-11-17,2,6.83333,0.51,0.833333,81,74.9897,122.981,12.273,-50.1731,452.4,0
2017-11-17,3,6.5,0.51,1.16667,85,70.4605,119.803,10.3847,-47.7318,482.4,0
2017-11-17,4,6.0,0.51,1.5,88,72.3697,120.173,6.84912,-42.2674,505.44,0
2017-11-17,5,6.33333,0.76,2.0,82,68.3805,120.465,-1.30583,-43.8895,528.0,0
2017-11-17,6,7.0,0.5,2.33333,92,60.9811,122.14,-9.64147,-31.7655,520.8,0
2017-11-17,7,7.5,0.5,2.5,88,57.3121,121.818,-22.8656,-20.1649,438.6,0
2017-11-17,8,7.66667,0.5,2.66667,92,57.4581,118.757,-18.8404,-8.15451,451.0,0
2017-11-17,9,8.83333,0.5,2.83333,91,55.38,112.954,-26.2315,-5.21595,425.829,0
2017-11-17,10,10.3333,0.5,3.16667,93,56.4997,94.0466,-28.8327,7.86153,336.96,0
2017-11-17,11,10.8333,0.25,3.33333,89,60.8952,66.49,-29.5398,15.6397,317.127,0
2017-11-17,12,11.0,0.33,3.5,85,61.0219,35.9313,-23.5866,21.5929,300.667,0
2017-11-17,13,11.6667,0.33,3.83333,88,63.4343,28.5555,-37.1788,32.6795,252.45,0
2017-11-17,14,12.3333,0.33,4.16667,84,66.2855,43.845,-34.7626,47.7514,240.0,0
2017-11-17,15,11.8333,0.33,4.5,85,68.7326,38.2636,-23.676,55.1592,258.514,0
2017-11-17,16,11.6667,0.63,4.5,99,74.4935,63.3071,-17.2206,53.5746,282.764,0
2017-11-17,17,11.3333,0.93,4.5,95,81.1236,80.9583,-13.0111,56.4119,270.3,0
2017-11-17,18,10.3333,0.6,4.33333,98,83.599,98.7791,-11.8631,53.6403,310.431,0
2017-11-17,21,8.83333,0.6,3.83333,98,28.395,51.87,-12.6284,50.488,380.8,0
2017-11-17,22,8.5,0.3,3.83333,94,29.54,55.0,-2.82033,50.488,415.385,0
2017-11-17,23,8.5,0.0,3.83333,93,43.075,63.995,4.95788,45.2663,409.867,0
2017-11-18,0,9.83333,0.0,4.0,91,34.7733,59.77,14.766,43.3153,385.0,1
2017-11-18,1,9.5,0.0,3.83333,91,47.3064,81.4079,29.9964,43.1296,300.0,1
2017-11-18,2,9.0,0.0,3.66667,92,44.8479,74.9897,38.3903,39.7644,300.0,1
2017-11-18,3,8.16667,0.0,3.33333,92,43.1525,70.4605,41.2187,36.4599,366.667,1
2017-11-18,4,7.33333,0.0,3.0,92,41.1405,72.3697,44.0472,39.2884,374.0,1
2017-11-18,5,6.83333,0.0,2.5,98,39.0525,68.3805,43.2264,33.2695,439.855,1
2017-11-18,6,5.33333,0.0,2.0,92,43.1341,60.9811,47.4691,37.5122,420.0,1
2017-11-18,7,5.0,0.0,1.66667,92,45.2837,57.3121,43.2264,33.2695,482.4,1
2017-11-18,8,4.83333,0.0,1.5,89,48.5861,57.4581,40.398,31.5249,599.4,1
2017-11-18,9,5.33333,0.0,1.5,86,51.3772,55.38,42.5193,34.2966,627.429,1
2017-11-18,10,5.66667,0.0,1.66667,86,50.7041,56.4997,42.5193,41.2966,586.029,1
2017-11-18,11,6.16667,0.0,2.0,78,46.1313,60.8952,26.5236,43.3301,579.429,1
2017-11-18,12,7.66667,0.0,2.33333,74,39.9808,61.0219,25.1094,41.0488,504.9,1
2017-11-18,13,9.33333,0.0,2.83333,70,38.0019,63.4343,12.495,45.6816,440.64,1
2017-11-18,14,11.0,0.0,3.0,68,37.2076,66.2855,3.30255,49.755,296.229,1
2017-11-18,15,12.5,0.0,3.66667,61,49.7074,68.7326,6.36399,48.364,270.667,1
2017-11-18,16,13.3333,0.0,3.5,69,58.9181,74.4935,-11.3138,53.3138,230.4,1
2017-11-18,17,14.0,0.0,3.33333,74,61.4314,81.1236,-20.5062,48.5062,245.92,1
2017-11-18,18,13.5,0.0,3.33333,74,58.7541,83.599,-29.6986,42.6986,251.631,1
2017-11-18,21,14.3333,0.0,2.33333,83,34.39,28.395,-18.2133,19.1421,261.415,1
2017-11-18,22,15.5,0.48,2.33333,83,21.88,29.54,-26.5746,17.2206,189.164,1
2017-11-18,23,16.6667,0.48,2.33333,82,25.205,43.075,-45.5541,27.1533,200.08,1
2017-11-19,0,18.0,0.48,2.16667,81,23.42,34.7733,-45.8381,35.5553,181.895,1
2017-11-19,1,18.6667,0.96,2.0,82,37.48,47.3064,-41.7195,41.7195,186.66,1
2017-11-19,2,20.8333,1.44,2.0,86,35.7914,44.8479,-41.0124,41.0124,193.44,1
2017-11-19,3,20.0,1.44,2.0,85,35.4089,43.1525,-26.8702,54.8702,137.242,1
2017-11-19,4,19.3333,0.96,2.0,93,33.6874,41.1405,-18.7926,54.3694,168.505,1
2017-11-19,5,18.6667,0.96,1.83333,87,32.7149,39.0525,-5.35752,56.9343,228.0,1
2017-11-19,6,17.8333,0.96,1.66667,90,35.6645,43.1341,-11.4804,71.7164,203.657,1
2017-11-19,7,17.8333,0.96,1.5,89,35.2137,45.2837,-16.8379,56.6507,212.914,1
2017-11-19,8,16.6667,0.48,1.66667,80,37.5831,48.5861,-24.9155,57.1515,187.425,1
2017-11-19,9,17.5,0.48,1.83333,82,36.591,51.3772,-26.8289,45.7709,195.429,1
2017-11-19,10,18.0,0.48,2.0,82,33.6908,50.7041,-34.9065,46.2717,181.895,1
2017-11-19,11,19.0,0.48,2.5,73,32.8473,46.1313,-34.9065,46.2717,191.314,1
2017-11-19,12,20.3333,0.96,3.0,64,32.1442,39.9808,-35.2891,47.1955,175.137,1
2017-11-19,13,21.5,0.48,3.66667,63,30.1862,38.0019,-30.273,54.0858,155.621,1
2017-11-19,14,21.5,0.48,3.83333,66,30.481,37.2076,-26.7876,64.6716,130.473,1
2017-11-19,15,21.8333,1.22,4.0,67,32.6992,49.7074,-26.4049,63.7477,135.873,1
2017-11-19,16,21.8333,1.22,4.0,75,38.5262,58.9181,-26.0222,62.8238,160.615,1
2017-11-19,17,21.6667,1.22,3.66667,66,43.0114,61.4314,-23.3435,56.3567,178.286,1
2017-11-19,18,21.6667,1.48,3.33333,71,42.7436,58.7541,-23.3435,56.3567,178.286,1
2017-11-19,21,21.6667,0.74,2.33333,88,15.375,34.39,-50.9119,50.9119,120.0,1
2017-11-19,22,22.0,1.5,2.16667,83,23.98,21.88,-48.0835,48.0835,160.615,1
2017-11-19,23,22.6667,1.5,2.16667,83,10.9,25.205,-44.5479,44.5479,179.95,1
2017-11-20,0,23.3333,0.76,2.16667,89,8.86,23.42,-50.6743,37.1443,144.0,0
2017-11-20,1,23.0,0.76,2.0,85,14.4323,37.48,-47.1179,19.5167,174.048,0
2017-11-20,2,22.0,1.29,1.66667,94,15.5053,35.7914,-69.291,28.701,120.0,0
2017-11-20,3,22.6667,1.72,1.5,100,18.0213,35.4089,-46.194,37.134,160.615,0
2017-11-20,4,22.6667,0.96,1.33333,90,17.1935,33.6874,-22.1731,49.1843,174.0,0
2017-11-20,5,23.6667,0.96,1.16667,91,15.4632,32.7149,0.0,61.0,163.4,0
2017-11-20,6,24.0,0.96,1.0,90,17.4388,35.6645,0.0,52.0,157.714,0
2017-11-20,7,25.0,1.44,0.833333,89,17.2184,35.2137,0.0,59.0,147.716,0
2017-11-20,8,26.6667,0.91,1.0,89,19.845,37.5831,0.0,58.0,144.0,0
2017-11-20,9,27.3333,0.48,1.0,86,20.171,36.591,0.0,58.0,149.76,0
2017-11-20,10,28.5,0.48,1.0,91,21.8415,33.6908,0.0,54.0,164.914,0
2017-11-20,11,28.3333,0.51,1.16667,72,22.0959,32.8473,19.7991,51.8686,159.508,0
2017-11-20,12,27.8333,0.56,1.33333,73,20.8612,32.1442,19.7991,55.8686,144.0,0
2017-11-20,13,26.6667,0.08,1.66667,68,24.6956,30.1862,0.0,55.0,165.0,0
2017-11-20,14,25.6667,0.08,1.83333,78,33.9634,30.481,0.0,78.0,128.96,0
2017-11-20,15,24.5,0.44,2.0,82,47.0669,32.6992,0.0,70.0,145.2,0
2017-11-20,16,22.6667,0.44,2.16667,98,57.8241,38.5262,0.0,64.0,169.304,0
2017-11-20,17,20.8333,0.41,2.0,90,66.6643,43.0114,0.0,58.0,202.473,0
2017-11-20,18,19.0,0.36,1.83333,88,65.2333,42.7436,-7.27092,53.5537,210.189,0
2017-11-20,21,15.8333,0.0,0.833333,94,62.98,15.375,-28.9753,54.9529,222.821,0
2017-11-20,22,15.3333,0.0,0.666667,93,43.01,23.98,-27.4446,51.2574,221.571,0
2017-11-20,23,14.8333,0.15,0.666667,98,48.265,10.9,-27.4446,51.2574,228.48,0
2017-11-21,0,14.5,0.15,0.666667,92,50.025,8.86,-22.9608,55.4328,220.0,0
2017-11-21,1,13.5,0.15,0.833333,92,52.921,14.4323,-21.8128,52.6612,245.92,0
2017-11-21,2,12.3333,0.15,1.0,92,52.9718,15.5053,-19.5167,47.1179,297.0,0
2017-11-21,3,11.3333,0.15,1.0,92,50.4707,18.0213,-22.5781,54.5089,287.571,0
2017-11-21,4,10.5,0.15,0.833333,100,47.2624,17.1935,-20.6647,49.8895,353.4,0
2017-11-21,5,9.0,0.0,0.833333,96,47.0464,15.4632,-24.1088,58.2044,329.925,0
2017-11-21,6,8.16667,0.0,0.833333,97,46.2369,17.4388,-20.6647,49.8895,394.4,0
2017-11-21,7,8.0,0.0,0.833333,96,47.6673,17.2184,-25.6145,54.8393,372.3,0
2017-11-21,8,7.83333,0.0,0.833333,96,46.4944,19.845,-26.6792,49.4096,388.267,0
2017-11-21,9,7.5,0.0,0.833333,95,45.863,20.171,-16.2351,41.0947,405.45,0
2017-11-21,10,7.83333,0.0,1.16667,92,43.5272,21.8415,-6.17365,33.7036,432.667,0
2017-11-21,11,8.83333,0.0,1.33333,89,39.615,22.0959,-12.8922,29.5982,402.8,0
2017-11-21,12,10.0,0.0,1.66667,85,35.8395,20.8612,-15.9618,24.0086,361.029,0
2017-11-21,13,11.0,0.0,2.0,84,39.0237,24.6956,-18.2894,18.7594,311.143,0
2017-11-21,14,12.3333,0.0,2.33333,87,40.3805,33.9634,-45.2237,24.1169,270.327,0
2017-11-21,15,13.1667,0.0,2.66667,87,43.9081,47.0669,-48.9193,25.6477,242.031,0
2017-11-21,16,13.1667,0.0,2.83333,94,48.5075,57.8241,-50.8134,21.0474,257.914,0
2017-11-21,17,12.8333,0.0,3.0,89,52.0558,66.6643,-48.0418,19.8994,286.971,0
2017-11-21,18,11.6667,0.0,3.0,89,56.889,65.2333,-37.0418,19.8994,249.171,0
2017-11-21,21,8.66667,0.0,3.0,90,60.265,62.98,13.7508,8.80164,345.6,0
2017-11-21,22,8.16667,0.0,3.0,90,74.93,43.01,20.5947,-0.0331799,411.927,0
2017-11-21,23,6.83333,0.0,3.0,90,53.2,48.265,13.2036,-3.09462,372.764,0
2017-11-22,0,6.33333,0.0,3.16667,90,57.065,50.025,22.2183,-10.0757,482.727,0
2017-11-22,1,5.83333,0.0,3.33333,90,71.53,52.921,20.6875,-13.7713,492.0,0
2017-11-22,2,5.0,0.0,3.33333,98,69.3266,52.9718,18.7741,-18.3907,480.0,0
2017-11-22,3,4.83333,0.0,3.33333,98,65.9946,50.4707,4.07862,-19.9214,536.057,0
2017-11-22,4,4.66667,0.0,3.5,97,61.2692,47.2624,-7.54078,-18.008,588.0,0
2017-11-22,5,5.83333,0.48,3.66667,97,57.4743,47.0464,-15.5408,-25.008,618.667,0
2017-11-22,6,6.83333,0.48,3.66667,98,54.67,46.2369,-28.3676,-34.2468,561.6,0
2017-11-22,7,7.66667,0.48,3.83333,96,56.8284,47.6673,-24.1249,-40.0041,514.8,0
2017-11-22,8,8.33333,0.48,4.16667,98,56.7164,46.4944,-17.8819,-39.7143,440.64,0
2017-11-22,9,9.0,0.48,4.5,97,50.8025,45.863,-7.96852,-35.0949,360.0,0
2017-11-22,10,10.0,0.48,4.83333,97,47.6115,43.5272,9.3464,-35.4776,345.257,0
2017-11-22,11,10.6667,0.0,5.16667,95,43.5988,39.615,-2.66404,-23.5028,300.0,0
2017-11-22,12,11.8333,0.0,5.66667,92,39.1605,35.8395,-11.7716,1.09356,309.12,0
2017-11-22,13,13.0,0.0,6.0,90,46.24,39.0237,-31.6507,16.8379,246.4,0
2017-11-22,14,13.6667,0.0,6.33333,87,56.4305,40.3805,-52.6716,28.8588,196.8,0
2017-11-22,15,14.0,0.0,6.66667,87,64.1702,43.9081,-49.1465,32.3693,212.914,0
2017-11-22,16,13.3333,0.0,6.66667,93,71.1755,48.5075,-36.2122,38.0117,258.353,0
2017-11-22,17,12.3333,0.0,6.66667,93,75.9005,52.0558,-39.6563,46.3267,248.4,0
2017-11-22,18,10.8333,0.0,6.5,94,77.094,56.889,-27.0117,47.2122,330.353,0
2017-11-22,21,9.83333,0.0,5.83333,92,65.67,60.265,-27.7189,47.9193,335.345,0
2017-11-22,22,9.5,0.0,5.83333,87,56.94,74.93,-36.2042,45.4046,300.0,0
2017-11-22,23,9.33333,0.0,5.66667,92,67.54,53.2,-39.2272,39.7684,313.65,0
2017-11-23,0,9.83333,0.0,5.66667,82,59.2633,57.065,-29.1658,32.3774,327.6,0
2017-11-23,1,9.16667,0.0,5.5,82,72.7227,71.53,-33.6716,30.93,323.345,0
2017-11-23,2,8.5,0.0,5.33333,95,71.8018,69.3266,-32.3605,20.473,372.655,0
2017-11-23,3,8.33333,0.0,5.16667,88,67.0425,65.9946,-29.5321,7.74503,433.1,0
2017-11-23,4,9.33333,0.0,4.83333,89,65.2637,61.2692,-39.6948,3.53555,360.0,0
2017-11-23,5,10.5,0.0,4.66667,93,63.4449,57.4743,-33.9347,-16.821,314.743,0
2017-11-23,6,11.1667,0.0,4.16667,91,64.7753,54.67,-43.7064,-26.388,311.143,0
2017-11-23,7,12.3333,0.0,4.0,88,66.5208,56.8284,-42.8961,-29.3661,259.418,0
2017-11-23,8,12.5,0.0,3.83333,87,71.1382,56.7164,-45.6677,-30.5141,242.031,0
2017-11-23,9,12.6667,0.0,4.0,88,65.2587,50.8025,-28.4753,-21.3217,297.0,0
2017-11-23,10,12.6667,0.0,4.5,83,57.7675,47.6115,-39.5618,-25.9138,249.171,0
2017-11-23,11,12.5,0.0,5.16667,79,53.708,43.5988,-38.638,-25.5312,267.12,0
2017-11-23,12,12.0,0.0,6.16667,74,49.7043,39.1605,-40.0418,-19.8994,277.714,0
2017-11-23,13,12.0,0.0,7.16667,70,49.2185,46.24,-38.194,-19.134,240.0,0
2017-11-23,14,12.5,0.0,8.0,76,49.4959,56.4305,-21.1074,-14.5418,281.538,0
2017-11-23,15,12.8333,0.0,8.5,78,56.0894,64.1702,-10.1074,-14.5418,240.0,0
2017-11-23,16,13.5,0.0,9.33333,60,71.3203,71.1755,27.9134,-4.59216,286.7,0
2017-11-23,17,13.8333,0.0,9.5,65,76.7384,75.9005,56.0,0.0,248.571,0
2017-11-23,18,14.8333,0.0,9.16667,74,71.2812,77.094,57.0,0.0,217.964,0
2017-11-23,21,18.1667,0.0,7.83333,84,38.215,65.67,-17.8818,23.9754,156.8,0
2017-11-23,22,18.6667,0.0,6.66667,86,40.845,56.94,-49.74,29.7156,195.873,0
2017-11-23,23,19.0,0.0,6.0,88,36.105,67.54,-47.8922,28.9502,209.182,0
2017-11-24,0,18.6667,0.0,5.5,97,32.44,59.2633,-48.0418,19.8994,216.72,0
2017-11-24,1,18.6667,0.0,5.0,93,45.4762,72.7227,-45.4973,25.4729,229.14,0
2017-11-24,2,17.8333,0.0,4.66667,95,45.6367,71.8018,-42.5761,33.3757,201.318,0
2017-11-24,3,17.1667,0.0,4.33333,96,45.41,67.0425,-38.891,38.891,196.725,0
2017-11-24,4,15.3333,0.0,4.16667,97,45.1128,65.2637,-49.0537,43.1005,180.0,0
2017-11-24,5,14.8333,0.0,4.0,95,47.9625,63.4449,-46.0549,35.2309,271.473,0
2017-11-24,6,14.5,0.0,4.0,99,53.1195,64.7753,-40.398,29.574,312.141,0
2017-11-24,7,12.6667,0.0,4.0,94,57.8878,66.5208,-50.2976,39.4735,256.941,0
2017-11-24,8,11.3333,0.0,4.16667,93,61.0035,71.1382,-48.4394,31.6622,260.945,0
2017-11-24,9,11.3333,0.0,4.5,92,60.4318,65.2587,-46.5916,30.8968,263.467,0
2017-11-24,10,11.6667,0.0,4.83333,78,55.8846,57.7675,-48.4394,31.6622,287.571,0
2017-11-24,11,11.6667,0.0,5.33333,79,46.3549,53.708,-48.7025,25.9721,318.171,0
2017-11-24,12,12.3333,0.0,6.16667,85,43.8449,49.7043,-48.7025,6.17302,294.0,0
2017-11-24,13,13.3333,0.0,7.16667,75,46.198,49.2185,-12.2249,-1.48058,248.727,0
2017-11-24,14,14.3333,0.0,8.0,71,49.8164,49.4959,-17.7682,0.8155,189.164,0
2017-11-24,15,15.0,0.0,8.5,79,52.6395,56.0894,7.3945,-3.39398,180.0,0
2017-11-24,16,16.0,0.0,9.0,80,63.4725,71.3203,32.294,6.50556,201.4,0
2017-11-24,17,15.5,0.0,9.16667,73,69.1876,76.7384,31.294,6.50556,202.024,0
2017-11-24,18,14.5,0.0,9.0,79,74.9475,71.2812,58.0,0.0,237.12,0
2017-11-24,21,14.3333,0.0,7.33333,83,69.41,38.215,2.903,9.567,281.455,0
2017-11-24,22,14.1667,0.0,6.83333,83,104.94,40.845,-24.7268,16.4552,216.0,0
2017-11-24,23,14.6667,0.0,6.5,82,77.26,36.105,-24.954,23.1768,203.52,0
2017-11-25,0,14.8333,0.0,6.16667,82,78.2267,32.44,-52.8884,28.5344,196.8,1
2017-11-25,1,15.0,0.0,6.0,80,79.2329,45.4762,-52.8884,28.5344,231.8,1
2017-11-25,2,15.1667,0.0,6.0,85,77.3311,45.6367,-47.5723,32.9599,235.125,1
2017-11-25,3,13.6667,0.0,5.83333,87,77.8825,45.41,-46.1581,31.5457,239.4,1
2017-11-25,4,12.0,0.0,5.66667,88,77.196,45.1128,-41.5387,29.6323,281.538,1
2017-11-25,5,10.8333,0.0,5.5,88,77.5939,47.9625,-43.8347,35.1755,289.385,1
2017-11-25,6,9.83333,0.0,5.33333,91,80.8228,53.1195,-38.2915,32.8795,374.4,1
2017-11-25,7,9.16667,0.0,5.16667,90,81.2647,57.8878,-31.2915,32.8795,371.925,1
2017-11-25,8,8.33333,0.0,5.0,90,84.5381,61.0035,-31.0643,16.9735,399.514,1
2017-11-25,9,8.83333,0.0,5.16667,85,83.585,60.4318,-39.3792,20.4177,360.0,1
2017-11-25,10,10.1667,0.0,5.16667,90,84.8332,55.8846,-29.65,-1.41132,349.8,1
2017-11-25,11,11.1667,0.0,5.33333,86,76.009,46.3549,-33.8211,-14.9909,281.657,1
2017-11-25,12,11.8333,0.0,5.66667,82,73.9411,43.8449,-52.8316,-19.9657,260.0,1
2017-11-25,13,12.0,0.0,6.16667,78,62.0256,46.198,-51.9077,-11.1641,240.0,1
2017-11-25,14,12.6667,0.0,7.0,68,62.2435,49.8164,-44.2999,3.06955,297.0,1
2017-11-25,15,13.0,0.0,7.5,70,57.4594,52.6395,-56.3103,8.04439,240.0,1
2017-11-25,16,12.5,0.0,8.16667,82,48.4083,63.4725,-44.2999,13.0192,281.455,1
2017-11-25,17,12.8333,0.0,8.66667,72,41.4622,69.1876,-44.2999,4.60027,291.877,1
2017-11-25,21,17.1667,0.0,9.33333,94,27.7167,69.41,-44.6975,35.4971,179.082,1
2017-11-25,22,19.6667,1.12,9.0,97,19.01,104.94,-42.4266,42.4266,184.743,1
2017-11-25,23,20.1667,2.54,8.5,94,15.035,77.26,-37.527,51.5982,148.5,1
2017-11-26,0,19.5,2.54,7.66667,91,9.24333,78.2267,-23.3848,55.456,155.621,1
2017-11-26,1,18.1667,2.54,6.83333,88,32.9822,79.2329,-9.94968,55.0209,226.108,1
2017-11-26,2,17.8333,3.28,6.0,90,20.9126,77.3311,-9.94968,68.0209,217.108,1
2017-11-26,3,18.0,3.28,5.5,90,15.3377,77.8825,0.0,62.0,224.0,1
2017-11-26,4,17.3333,2.16,4.83333,86,12.6753,77.196,0.0,51.0,217.477,1
2017-11-26,5,18.0,1.48,4.33333,89,11.5521,77.5939,15.5564,58.3254,170.133,1
2017-11-26,6,18.3333,2.22,3.83333,90,14.0782,80.8228,31.1128,60.6507,154.56,1
2017-11-26,7,18.5,2.22,3.5,86,20.3921,81.2647,41.7195,54.5089,195.873,1
2017-11-26,8,17.5,1.48,3.16667,88,23.3113,84.5381,36.0626,44.0831,251.727,1
2017-11-26,9,17.0,1.48,3.0,88,30.3882,83.585,44.5479,52.5684,241.364,1
2017-11-26,10,15.1667,1.48,3.0,90,33.0966,84.8332,41.0124,44.2639,237.12,1
2017-11-26,11,13.8333,0.74,3.0,84,34.1185,76.009,38.1839,38.1839,267.429,1
2017-11-26,12,13.8333,0.0,3.16667,76,36.6228,73.9411,38.1839,41.2187,255.2,1
2017-11-26,13,13.8333,0.0,3.5,71,38.4815,62.0256,40.3053,43.34,258.353,1
2017-11-26,14,14.0,0.0,3.66667,75,40.3681,62.2435,38.1839,44.2535,248.727,1
2017-11-26,15,13.0,0.0,3.66667,79,42.6358,57.4594,39.5982,48.4857,248.571,1
2017-11-26,16,12.1667,0.0,3.5,82,50.7491,48.4083,37.4768,45.7141,282.72,1
2017-11-26,17,10.8333,0.0,3.33333,76,64.5035,41.4622,41.7195,49.9567,295.68,1
2017-11-26,21,7.16667,0.0,1.16667,93,83.8733,27.7167,14.1422,50.2728,408.738,1
2017-11-26,22,7.33333,0.0,0.666667,97,92.74,19.01,4.94977,46.2624,453.927,1
2017-11-26,23,7.5,0.0,0.0,92,80.465,15.035,4.94977,53.2624,420.0,1
2017-11-27,0,7.33333,0.0,-0.833333,92,76.0233,9.24333,-9.74986,45.3242,451.0,0
2017-11-27,1,7.0,0.0,-1.66667,92,75.5546,32.9822,-13.9925,45.7809,460.8,0
2017-11-27,2,6.66667,0.0,-1.83333,89,74.5749,20.9126,-15.9059,50.4003,437.143,0
2017-11-27,3,6.5,0.0,-1.83333,88,75.0041,15.3377,-18.5847,49.8675,437.143,0
2017-11-27,4,6.16667,0.0,-1.83333,92,72.8165,12.6753,-16.3137,51.3849,466.4,0
2017-11-27,5,6.66667,0.0,-1.5,90,69.8574,11.5521,-14.5691,46.9343,520.8,0
2017-11-27,6,7.33333,0.0,-1.0,90,71.0344,14.0782,-21.6402,46.0054,472.457,0
2017-11-27,7,7.33333,0.0,-0.5,89,67.896,20.3921,-30.879,42.8322,420.0,0
2017-11-27,8,7.83333,0.0,-0.333333,90,66.405,23.3113,-30.1136,40.9844,438.6,0
2017-11-27,9,9.33333,0.0,-0.166667,89,62.2014,30.3882,-35.2713,37.4361,408.857,0
2017-11-27,10,10.8333,0.0,0.166667,91,59.9522,33.0966,-36.6082,33.9022,346.92,0
2017-11-27,11,11.5,0.0,0.5,84,57.3012,34.1185,-39.4366,36.7306,297.0,0
2017-11-27,12,12.1667,0.1,0.833333,80,53.8507,36.6228,-38.1839,38.1839,241.92,0
2017-11-27,13,13.5,0.1,1.33333,80,54.5493,38.4815,-41.0124,41.0124,243.6,0
2017-11-27,14,14.0,0.1,1.83333,76,55.2058,40.3681,-38.891,38.891,257.914,0
2017-11-27,15,13.1667,0.1,2.33333,78,60.2169,42.6358,-33.9664,41.0019,267.429,0
2017-11-27,16,12.0,0.1,2.33333,100,73.5984,50.7491,-34.2295,35.3119,297.0,0
2017-11-27,17,11.3333,0.1,2.16667,89,80.9884,64.5035,-39.1793,40.2617,297.6,0
2017-11-27,21,11.6667,0.0,0.0,91,75.61,83.8733,21.8114,8.77657,296.229,0
2017-11-27,22,12.8333,0.0,-0.5,90,45.78,92.74,53.0,0.0,265.5,0
2017-11-27,23,14.0,0.0,-1.0,89,49.765,80.465,55.0,0.0,245.1,0
2017-11-28,0,14.8333,0.0,-1.5,90,35.2533,76.0233,60.0,0.0,197.6,0
2017-11-28,1,16.0,0.0,-2.0,89,60.7687,75.5546,65.0,0.0,194.541,0
2017-11-28,2,17.1667,0.0,-1.83333,83,57.5044,74.5749,53.0,0.0,216.847,0
2017-11-28,3,17.0,0.0,-1.83333,80,51.9949,75.0041,55.0,0.0,201.318,0
2017-11-28,4,16.6667,0.0,-1.5,81,49.1263,72.8165,54.0,0.0,217.579,0
2017-11-28,5,16.8333,0.0,-1.16667,78,53.0203,69.8574,66.0,0.0,200.842,0
2017-11-28,6,16.6667,0.0,-0.833333,77,51.6577,71.0344,65.0,0.0,208.042,0
2017-11-28,7,16.5,0.0,-0.333333,78,53.7564,67.896,31.2179,-6.12288,210.6,0
2017-11-28,8,16.6667,0.0,-0.333333,84,54.7546,66.405,21.2179,-6.12288,228.8,0
2017-11-28,9,17.5,0.0,0.333333,68,54.7641,62.2014,-15.2597,-13.7765,204.6,0
2017-11-28,10,18.6667,0.0,0.833333,71,48.107,59.9522,20.5224,-7.6536,177.0,0
2017-11-28,11,18.8333,0.0,1.5,66,42.7105,57.3012,21.5224,-7.6536,180.0,0
2017-11-28,12,19.1667,0.0,2.33333,62,37.0248,53.8507,59.0,0.0,191.314,0
2017-11-28,13,19.1667,0.0,3.33333,59,34.73,54.5493,56.0,0.0,202.926,0
2017-11-28,14,19.0,0.0,4.33333,61,37.8414,55.2058,55.0,0.0,210.189,0
2017-11-28,15,17.8333,0.0,4.5,67,41.3444,60.2169,55.0,0.0,205.8,0
2017-11-28,16,16.3333,0.0,4.5,77,51.1722,73.5984,51.0,0.0,236.733,0
2017-11-28,17,15.1667,0.0,4.33333,64,68.825,80.9884,61.0,0.0,231.8,0
2017-11-28,21,10.5,0.0,2.16667,69,80.975,75.61,26.9896,-4.97484,334.08,0
2017-11-28,22,11.6667,0.0,2.0,65,63.75,45.78,27.9896,-4.97484,336.3,0
2017-11-28,23,11.6667,0.0,1.83333,69,76.38,49.765,0.283601,1.53072,240.0,0
2017-11-29,0,12.1667,0.0,1.66667,74,57.4067,35.2533,-27.803,6.12288,271.385,0
2017-11-29,1,12.6667,0.0,1.66667,74,86.6249,60.7687,-25.9552,15.3072,281.455,0
2017-11-29,2,12.3333,0.0,1.66667,79,63.8095,57.5044,-48.0418,19.8994,302.824,0
2017-11-29,3,13.6667,0.0,1.66667,88,61.445,51.9949,-58.2044,24.1088,274.447,0
2017-11-29,4,12.8333,0.89,1.5,90,62.2066,49.1263,-44.847,26.4462,259.418,0
2017-11-29,5,12.1667,0.89,1.33333,90,57.6377,53.0203,-45.7709,26.8289,255.2,0
2017-11-29,6,11.1667,0.89,1.33333,92,56.6836,51.6577,-37.7709,26.8289,240.0,0
2017-11-29,7,10.0,0.89,1.16667,93,58.637,53.7564,-30.2199,18.7012,305.455,0
2017-11-29,8,9.33333,0.89,0.833333,95,62.6649,54.7546,-34.8393,16.7878,311.564,0
2017-11-29,9,7.5,1.37,0.833333,94,62.1483,54.7641,-31.1438,9.89954,429.726,0
2017-11-29,10,7.0,0.48,0.833333,96,61.1666,48.107,-23.1438,9.89954,413.368,0
2017-11-29,11,7.33333,0.48,0.833333,90,61.656,42.7105,-18.0236,-6.97967,464.0,0
2017-11-29,12,8.83333,0.48,1.0,84,63.4158,37.0248,3.06297,-11.5718,453.6,0
2017-11-29,13,10.1667,0.73,1.16667,86,67.3451,34.73,-14.3358,-2.67876,336.96,0
2017-11-29,14,10.8333,0.73,1.5,84,66.9342,37.8414,9.75076,1.9134,291.6,0
2017-11-29,15,11.0,0.25,1.66667,85,68.0517,41.3444,12.7508,1.9134,263.467,0
2017-11-29,16,12.0,0.25,1.83333,94,78.0531,51.1722,12.7508,8.80164,273.48,0
2017-11-29,17,12.1667,0.25,1.83333,85,89.1714,68.825,-11.1074,14.5418,258.514,0
2017-11-29,20,9.33333,4.47,1.33333,91,101.93,86.325,-28.8509,26.8621,311.564,0
2017-11-29,21,8.66667,4.47,1.0,93,100.495,80.975,-44.8006,21.9123,339.2,0
2017-11-29,22,7.16667,4.47,0.666667,92,98.87,63.75,-40.0213,14.9326,443.52,0
2017-11-30,0,7.16667,8.26,0.666667,92,78.39,57.4067,-38.1839,-2.82844,453.927,0
2017-11-30,1,6.83333,11.1,0.5,94,96.735,86.6249,-40.8627,-9.2956,420.0,0
2017-11-30,2,6.5,8.99,0.333333,96,89.6036,63.8095,-37.7039,-18.9872,454.629,0
2017-11-30,3,6.83333,8.99,0.333333,96,82.1174,61.445,-36.2897,-27.4725,490.629,0
2017-11-30,4,6.83333,8.99,0.5,96,76.0825,62.2066,-36.2897,-37.3721,490.629,0
2017-11-30,5,6.33333,7.11,0.333333,95,73.7295,57.6377,-31.3399,-38.4223,483.36,0
2017-11-30,7,6.5,2.16,0.166667,96,72.9819,58.637,-23.5617,-45.6441,492.0,0
2017-11-30,10,7.16667,3.68,0.0,98,67.13,61.1666,0.40775,-45.9552,483.36,0
2017-11-30,11,7.33333,3.45,0.0,96,67.19,61.656,10.3073,-48.7836,437.143,0
2017-11-30,13,8.16667,5.25,0.333333,92,70.61,67.3451,30.6431,-40.3491,408.857,0
2017-11-30,15,9.0,4.39,0.666667,92,71.0656,68.0517,37.8594,-32.9886,386.4,0
2017-11-30,16,9.33333,4.72,0.666667,91,50.7767,78.0531,44.7979,-25.5975,366.667,0
2017-11-30,17,10.6667,3.12,0.666667,96,42.84,89.1714,49.4339,-19.2335,339.2,0
2017-11-30,20,13.6667,0.66,0.166667,92,59.278,101.93,48.5062,20.5062,217.964,0
2017-11-30,21,15.5,0.66,0.0,92,54.3639,100.495,37.5062,35.5062,225.318,0
2017-11-30,22,17.5,0.33,0.0,92,51.8357,98.87,10.6066,46.6067,225.28,0
2018-10-01,0,6.33333,0.0,7.0,74,62.1862,70.5722,22.3702,-6.88824,423.5,0
2018-10-01,1,5.66667,0.0,5.66667,77,61.4923,67.908,18.6746,-8.41896,433.5,0
2018-10-01,2,5.5,0.0,4.5,78,61.3571,64.7447,2.05524,-10.3324,522.327,0
2018-10-01,3,4.83333,0.0,3.66667,89,59.6498,62.0475,6.2979,-14.575,495.164,0
2018-10-01,4,4.66667,0.0,3.16667,85,57.7791,60.463,-4.7021,-18.575,582.4,0
2018-10-01,5,5.16667,0.0,3.33333,85,55.5142,60.8267,-4.7021,-23.575,557.6,0
2018-10-01,6,5.83333,0.0,3.16667,89,55.91,58.9724,-13.7021,-30.575,559.543,0
2018-10-01,7,7.33333,0.0,3.5,79,56.3207,59.1191,-20.7021,-38.575,558.45,0
2018-10-01,8,8.66667,0.0,4.0,83,54.6038,57.1924,-13.9718,-41.5863,443.7,0
2018-10-01,9,8.83333,0.0,4.16667,100,41.4861,46.2633,-19.7991,-43.7991,343.2,0
2018-10-01,10,10.3333,0.0,5.5,65,30.7043,30.9344,-21.7125,-44.4185,336.96,0
2018-10-01,11,11.0,0.0,7.16667,51,24.9964,18.772,-7.71248,-32.4185,278.25,0
2018-10-01,12,11.8333,0.0,9.0,50,26.3437,14.5437,-17.8752,-20.209,297.6,0
2018-10-01,13,12.3333,0.0,11.0,47,29.2657,14.1148,5.02438,-10.3095,307.8,0
2018-10-01,14,13.0,0.0,12.8333,44,31.0291,13.368,1.13136,10.715,257.914,0
2018-10-01,15,15.3333,0.0,15.0,44,32.4489,12.8838,-25.5966,23.443,198.545,0
2018-10-01,16,15.8333,0.0,15.5,54,33.4789,13.2609,-41.869,32.6686,209.012,0
2018-10-01,17,16.0,0.0,15.6667,55,34.1747,15.2691,-38.1839,38.1839,213.333,0
2018-10-01,18,15.5,0.0,15.5,56,40.3891,20.5407,-46.6693,46.6693,194.133,0
2018-10-01,19,14.3333,0.0,15.0,60,50.3917,41.0049,-41.0124,41.0124,261.979,0
2018-10-01,20,12.6667,0.0,13.8333,68,56.613,54.5496,-44.8392,50.2512,248.021,0
2018-10-01,21,11.5,0.0,12.6667,69,62.0607,59.0387,-37.061,42.473,330.353,0
2018-10-01,22,10.5,0.0,12.0,67,58.2662,59.148,-36.1267,35.0443,348.0,0
2018-10-01,23,10.1667,0.0,11.0,67,39.8985,60.5541,-37.804,30.7684,346.92,0
2018-10-02,0,10.1667,0.51,10.1667,69,28.8519,62.1862,-30.7329,33.6973,346.92,0
2018-10-02,1,10.5,0.51,9.33333,73,27.1889,61.4923,-19.835,33.6973,333.45,0
2018-10-02,2,11.3333,0.51,9.0,74,27.268,61.3571,-5.69282,39.127,313.5,0
2018-10-02,3,11.0,0.51,8.66667,82,27.6633,59.6498,14.5862,46.5453,294.0,0
2018-10-02,4,11.0,0.51,8.16667,86,32.8585,57.7791,24.7488,52.3358,297.0,0
2018-10-02,5,11.3333,0.51,8.0,84,34.5016,55.5142,24.7488,53.3358,285.12,0
2018-10-02,6,11.8333,0.0,7.83333,86,34.73,55.91,17.6777,56.097,280.8,0
2018-10-02,7,11.6667,0.0,7.83333,82,33.192,56.3207,9.19243,58.0104,279.138,0
2018-10-02,8,11.8333,0.0,7.83333,94,32.4633,54.6038,0.0,57.0,273.48,0
2018-10-02,9,13.0,0.0,7.83333,93,32.1974,41.4861,-5.35752,59.9343,240.0,0
2018-10-02,10,14.5,0.0,8.16667,82,29.3715,30.7043,-5.35752,53.9343,251.631,0
2018-10-02,11,15.3333,0.0,8.5,75,31.9207,24.9964,8.78468,48.4119,221.4,0
2018-10-02,12,16.6667,0.0,8.83333,68,31.5128,26.3437,26.1631,51.1836,209.012,0
2018-10-02,13,17.6667,0.0,9.33333,59,29.1072,29.2657,26.1631,55.1836,193.44,0
2018-10-02,14,18.5,0.0,9.83333,54,23.1591,31.0291,24.0417,52.4119,201.318,0
2018-10-02,15,18.8333,0.0,10.3333,54,18.3487,32.4489,12.0209,55.706,204.8,0
2018-10-02,16,18.6667,0.0,10.3333,58,16.6984,33.4789,12.0209,53.706,201.318,0
2018-10-02,17,18.6667,0.0,10.3333,57,21.7542,34.1747,0.0,57.0,195.789,0
2018-10-02,18,18.6667,0.0,10.3333,53,29.0683,40.3891,12.0209,53.706,210.189,0
2018-10-02,19,18.5,0.0,9.83333,64,39.9406,50.3917,3.98459,54.1074,195.789,0
2018-10-02,20,17.1667,0.0,9.33333,61,42.5439,56.613,-2.13829,49.8895,209.012,0
2018-10-02,21,17.0,0.0,8.66667,61,39.1461,62.0607,-9.9165,57.6677,194.541,0
2018-10-02,22,17.0,0.0,8.33333,67,35.1322,58.2662,-34.6653,54.6898,213.714,0
2018-10-02,23,18.3333,0.0,7.83333,64,24.3953,39.8985,-40.0642,48.7234,195.0,0
2018-10-03,0,19.1667,0.0,7.33333,64,17.2396,28.8519,-43.8408,43.8408,156.8,0
2018-10-03,1,20.6667,0.51,7.16667,67,11.5541,27.1889,-36.0626,36.0626,174.048,0
2018-10-03,2,23.0,0.51,7.0,70,10.1417,27.268,-36.0626,36.0626,176.538,0
2018-10-03,3,23.6667,0.51,7.0,78,10.2873,27.6633,-53.7404,53.7404,120.0,0
2018-10-03,4,24.3333,0.51,7.0,82,11.424,32.8585,-50.9119,50.9119,134.832,0
2018-10-03,5,23.8333,0.51,7.0,87,14.1647,34.5016,-49.4977,49.4977,145.2,0
2018-10-03,6,22.8333,0.51,7.0,87,15.2672,34.73,-47.3764,47.3764,147.0,0
2018-10-03,7,22.3333,0.0,6.83333,93,17.2456,33.192,-39.4735,50.2976,163.409,0
2018-10-03,8,22.5,0.0,7.0,93,20.4802,32.4633,-38.7664,49.5904,164.509,0
2018-10-03,9,23.6667,0.0,7.33333,82,20.0989,32.1974,-41.5949,52.4189,131.04,0
2018-10-03,10,25.3333,0.0,7.83333,73,15.7477,29.3715,-38.891,38.891,154.015,0
2018-10-03,11,28.5,0.0,8.33333,62,7.88106,31.9207,-33.1346,50.9942,127.531,0
2018-10-03,12,30.5,0.0,9.0,67,5.83783,31.5128,16.3631,68.3671,90.1091,0
2018-10-03,13,33.0,0.0,10.0,55,7.03061,29.1072,28.9915,69.8791,117.424,0
2018-10-03,14,34.8333,0.56,10.5,56,6.86426,23.1591,0.0,69.0,106.312,0
2018-10-03,15,35.6667,0.56,10.8333,60,8.32739,18.3487,0.0,74.0,102.162,0
2018-10-03,16,34.8333,0.56,11.0,59,10.634,16.6984,0.0,71.0,113.449,0
2018-10-03,17,32.8333,0.56,10.8333,81,12.7881,21.7542,0.0,62.0,142.306,0
2018-10-03,18,32.5,1.12,11.0,55,21.1009,29.0683,0.0,57.0,149.1,0
2018-10-03,19,30.3333,1.12,10.3333,78,32.5302,39.9406,0.0,59.0,141.931,0
2018-10-03,20,27.0,0.56,9.66667,78,32.5102,42.5439,16.9706,52.1731,170.24,0
2018-10-03,21,24.1667,0.56,9.0,75,28.7193,39.1461,16.9706,69.1731,162.84,0
2018-10-03,22,22.0,0.56,8.33333,74,32.3611,35.1322,16.9706,56.1731,211.2,0
2018-10-03,23,19.6667,0.56,8.0,72,29.2242,24.3953,16.9706,71.1731,186.15,0
2018-10-04,0,17.5,0.0,7.0,73,28.7164,17.2396,0.0,64.0,202.024,0
2018-10-04,1,16.3333,0.0,6.66667,80,24.5736,11.5541,0.0,64.0,202.024,0
2018-10-04,2,16.1667,0.0,6.16667,83,24.0996,10.1417,-6.50556,62.706,187.68,0
2018-10-04,3,15.6667,0.0,5.66667,88,23.7859,10.2873,-17.8193,59.0197,180.0,0
2018-10-04,4,15.3333,0.0,5.16667,90,21.0178,11.424,-23.1768,56.954,202.024,0
2018-10-04,5,15.8333,0.0,4.83333,98,19.7207,14.1647,-28.1517,51.9645,233.365,0
2018-10-04,6,15.6667,0.0,4.66667,89,20.6676,15.2672,-28.5344,52.8884,218.625,0
2018-10-04,7,14.8333,0.0,4.5,84,20.6647,17.2456,-23.3435,56.3567,204.429,0
2018-10-04,8,14.6667,0.0,4.83333,89,21.455,20.4802,-22.5781,54.5089,214.338,0
2018-10-04,9,15.3333,0.0,5.33333,89,16.8653,20.0989,-17.6033,57.4985,231.8,0
2018-10-04,10,17.0,0.0,6.16667,71,13.2652,15.7477,-10.715,58.8686,218.625,0
2018-10-04,11,17.8333,0.0,7.0,67,10.4473,7.88106,16.2635,54.2492,184.08,0
2018-10-04,12,18.8333,0.0,8.0,58,10.0505,5.83783,16.2635,62.2492,144.0,0
2018-10-04,13,20.5,0.0,9.16667,53,9.91891,7.03061,16.2635,66.2492,146.348,0
2018-10-04,14,21.1667,0.0,10.3333,51,9.67311,6.86426,0.0,67.0,151.93,0
2018-10-04,15,21.0,0.0,11.1667,54,11.8207,8.32739,0.0,63.0,170.564,0
2018-10-04,16,19.8333,0.0,11.6667,54,13.3789,10.634,0.0,58.0,202.473,0
2018-10-04,17,18.3333,0.0,12.0,57,18.3116,12.7881,0.0,52.0,232.737,0
2018-10-04,18,15.6667,0.0,12.0,58,31.7185,21.1009,9.89954,64.9343,200.842,0
2018-10-04,19,13.1667,0.0,11.6667,65,45.6351,32.5302,14.1422,50.177,293.647,0
2018-10-04,20,10.6667,0.0,10.8333,83,60.5678,32.5102,14.1422,57.177,301.765,0
2018-10-04,21,9.0,0.0,10.0,90,68.3371,28.7193,14.1422,61.177,329.224,0
2018-10-04,22,7.5,0.0,9.0,86,74.2251,32.3611,11.4634,50.6441,427.8,0
2018-10-04,23,6.5,0.0,8.0,88,75.235,29.2242,6.51367,55.5939,416.625,0
2018-10-05,0,6.0,0.0,6.83333,93,72.6877,28.7164,-0.87737,42.6553,496.714,0
2018-10-05,1,5.33333,0.0,6.0,88,70.9555,24.5736,-3.64901,43.8034,526.971,0
2018-10-05,2,5.33333,0.0,5.16667,100,69.3549,24.0996,-6.42065,44.9514,551.571,0
2018-10-05,3,5.0,0.0,4.5,98,65.8744,23.7859,-2.72513,43.4207,555.171,0
2018-10-05,4,4.66667,0.0,4.0,95,63.6104,21.0178,-14.5381,25.867,582.4,0
2018-10-05,5,4.0,0.0,3.5,91,62.0189,19.7207,-20.6941,17.0049,620.229,0
2018-10-05,6,4.66667,0.0,3.0,100,62.5502,20.6676,-22.2248,13.3094,600.0,0
2018-10-05,7,5.33333,0.0,2.66667,98,62.904,20.6647,-22.2248,-4.69059,620.229,0
2018-10-05,8,6.33333,0.0,3.0,93,62.6677,21.455,-16.8673,-17.6249,620.229,0
2018-10-05,9,7.16667,0.0,3.83333,82,49.1757,16.8653,-11.9176,-32.5747,577.2,0
2018-10-05,10,8.66667,0.0,5.16667,65,39.4482,13.2652,1.01676,-47.9322,468.0,0
2018-10-05,11,10.0,0.0,6.83333,58,28.2828,10.4473,-11.7863,-42.5202,343.2,0
2018-10-05,12,10.6667,0.0,9.16667,51,21.3647,10.0505,-14.8477,-42.9112,296.229,0
2018-10-05,13,12.3333,0.0,11.3333,45,20.7371,9.91891,-27.6892,-40.6536,273.48,0
2018-10-05,14,13.3333,0.0,13.3333,45,22.7484,9.67311,-10.6892,-20.6536,267.429,0
2018-10-05,15,13.6667,0.0,14.8333,49,18.9783,11.8207,-12.5369,-9.17316,235.2,0
2018-10-05,16,13.6667,0.0,15.8333,50,17.6093,13.3789,4.05524,1.9134,228.0,0
2018-10-05,17,14.0,0.0,16.3333,50,21.5704,18.3116,1.2836,11.4804,241.553,0
2018-10-05,18,14.1667,0.0,16.1667,60,29.3609,31.7185,-1.7164,11.4804,261.0,0
2018-10-05,19,13.1667,0.0,15.5,68,49.8087,45.6351,1.97912,9.94968,276.0,0
2018-10-05,20,12.0,0.0,14.3333,79,60.1885,60.5678,0.97912,9.94968,297.0,0
2018-10-05,21,11.3333,0.0,13.0,87,65.4446,68.3371,-7.3358,6.50556,277.714,0
2018-10-05,22,10.3333,0.0,11.8333,76,65.8022,74.2251,-1.79252,-1.9134,339.429,0
2018-10-05,23,9.83333,0.0,10.6667,77,65.6715,75.235,-9.18356,-4.97484,320.914,0
2018-10-06,0,9.66667,0.0,9.66667,76,66.1654,72.6877,-33.3462,-9.18432,333.9,1
2018-10-06,1,9.66667,0.0,9.0,77,63.7417,70.9555,-32.4224,-17.986,335.345,1
2018-10-06,2,10.0,0.0,8.5,82,60.5855,69.3549,-53.585,-22.1954,312.8,1
2018-10-06,3,10.0,0.0,7.83333,86,59.7078,65.8744,-48.0418,-19.8994,319.2,1
2018-10-06,4,10.3333,0.0,7.16667,80,58.4778,63.6104,-48.0418,-19.8994,341.127,1
2018-10-06,5,9.83333,0.0,6.66667,81,56.0478,62.0189,-47.1179,-19.5167,353.455,1
2018-10-06,6,8.83333,0.0,6.0,85,55.6436,62.5502,-54.5089,-22.5781,323.345,1
2018-10-06,7,8.0,0.0,5.5,85,56.7196,62.904,-42.4328,-22.988,398.618,1
2018-10-06,8,7.16667,0.0,5.16667,91,58.9564,62.6677,-44.7289,-28.5313,385.745,1
2018-10-06,9,7.5,0.0,4.83333,100,48.5628,49.1757,-34.5662,-30.3218,453.927,1
2018-10-06,10,8.16667,0.0,5.83333,59,40.0049,39.4482,-20.5768,-35.3512,437.25,1
2018-10-06,11,10.0,0.0,7.33333,49,36.2211,28.2828,0.81428,-32.2897,373.32,1
2018-10-06,12,12.3333,0.0,9.5,46,34.6456,21.3647,2.09563,-34.2172,255.0,1
2018-10-06,13,15.5,0.0,11.6667,45,29.6889,20.7371,-16.9888,-20.706,212.571,1
2018-10-06,14,19.1667,0.0,14.0,45,26.2998,22.7484,-5.98881,-20.706,155.621,1
2018-10-06,15,21.5,0.0,17.1667,41,22.4534,18.9783,53.0,0.0,162.432,1
2018-10-06,16,22.0,0.0,19.0,42,21.2748,17.6093,5.82688,9.18432,175.886,1
2018-10-06,17,21.1667,0.0,20.1667,43,22.1,21.5704,-9.87908,15.6899,164.357,1
2018-10-06,18,20.6667,0.0,20.6667,44,26.663,29.3609,-50.8134,21.0474,231.15,1
2018-10-06,19,19.0,0.0,20.5,55,36.7972,49.8087,-34.8134,21.0474,198.75,1
2018-10-06,20,16.0,0.0,19.8333,67,40.8196,60.1885,2.35972,11.8631,217.412,1
2018-10-06,21,13.8333,0.0,18.5,66,41.3882,65.4446,28.0657,5.35752,257.914,1
2018-10-06,22,11.6667,0.0,17.1667,64,36.7972,65.8022,52.0,0.0,297.6,1
2018-10-06,23,9.83333,0.0,15.6667,72,37.6807,65.6715,56.0,0.0,333.0,1
2018-10-07,0,8.33333,0.0,14.3333,73,36.7768,66.1654,59.0,0.0,371.925,1
2018-10-07,1,8.0,0.0,13.6667,70,34.8984,63.7417,54.0502,-4.94977,360.0,1
2018-10-07,2,8.66667,0.0,13.3333,68,34.8047,60.5855,51.0502,-4.94977,382.72,1
2018-10-07,3,8.66667,0.0,13.0,68,36.6573,59.7078,40.0502,-4.94977,411.927,1
2018-10-07,4,8.83333,0.0,12.1667,78,37.8956,58.4778,18.8876,-0.74029,343.2,1
2018-10-07,5,9.33333,0.0,11.3333,92,37.8266,56.0478,10.2682,1.17311,300.0,1
2018-10-07,6,9.0,0.51,10.8333,87,38.4005,55.6436,7.26815,-4.82689,314.743,1
2018-10-07,7,7.83333,0.51,10.5,79,40.0709,56.7196,14.1313,-4.49652,403.015,1
2018-10-07,8,6.33333,0.51,9.83333,98,43.2086,58.9564,18.374,-8.73918,396.277,1
2018-10-07,9,6.16667,0.51,9.66667,94,43.1884,48.5628,8.90953,-12.2747,510.171,1
2018-10-07,10,8.0,0.51,10.3333,75,41.577,40.0049,18.9095,-12.2747,445.714,1
2018-10-07,11,9.83333,0.51,12.1667,56,41.473,36.2211,8.94933,-1.70213,399.36,1
2018-10-07,12,12.6667,0.0,14.0,55,40.0321,34.6456,28.6553,7.00387,270.4,1
2018-10-07,13,15.3333,0.0,15.6667,52,37.0802,29.6889,-9.44824,23.201,196.725,1
2018-10-07,14,19.6667,0.0,17.8333,49,32.6049,26.2998,-18.8818,23.9754,158.118,1
2018-10-07,15,21.6667,0.0,19.6667,51,33.7143,22.4534,-37.4768,37.4768,154.309,1
2018-10-07,16,21.8333,0.0,20.5,59,35.5789,21.2748,-37.4768,37.4768,178.142,1
2018-10-07,17,21.0,0.0,20.8333,58,37.2811,22.1,-43.9824,53.1828,172.374,1
2018-10-07,18,19.1667,0.0,20.6667,58,41.7247,26.663,-26.6541,42.3489,251.727,1
2018-10-07,19,16.8333,0.0,20.0,73,47.8346,36.7972,-30.8636,52.5116,248.727,1
2018-10-07,20,13.1667,0.0,18.8333,80,50.4521,40.8196,-30.8636,60.5116,255.273,1
2018-10-07,21,11.6667,0.0,17.3333,87,35.4217,41.3882,-18.7513,53.2701,330.353,1
2018-10-07,22,11.8333,0.0,16.3333,74,28.9138,36.7972,-12.2458,50.5642,336.3,1
2018-10-07,23,12.5,0.0,14.8333,76,18.8311,37.6807,8.97624,46.3658,260.945,1
2018-10-08,0,13.6667,0.0,13.5,77,9.32447,36.7768,27.9678,34.326,212.0,0
2018-10-08,1,14.6667,0.0,12.3333,79,7.75596,34.8984,48.0418,19.8994,228.8,0
2018-10-08,2,15.1667,0.0,11.3333,82,7.20717,34.8047,62.0418,19.8994,194.133,0
2018-10-08,3,14.5,0.0,10.5,85,8.055,36.6573,56.4985,17.6033,226.8,0
2018-10-08,4,12.0,0.0,9.5,87,9.34178,37.8956,50.0313,14.9245,299.0,0
2018-10-08,5,10.1667,0.0,8.5,98,11.8776,37.8266,52.1526,17.6962,347.2,0
2018-10-08,6,7.66667,0.0,7.5,97,14.8402,38.4005,55.6882,21.2317,368.6,0
2018-10-08,7,6.0,0.0,6.66667,96,18.2321,40.0709,55.6882,18.2317,403.2,0
2018-10-08,8,5.0,0.0,6.33333,99,19.1157,43.2086,59.3837,19.7624,420.0,0
2018-10-08,9,5.0,0.0,6.33333,87,22.3857,43.1884,48.7539,12.8742,526.971,0
2018-10-08,10,6.33333,0.0,7.0,72,25.3902,41.577,43.0688,9.43007,579.5,0
2018-10-08,11,7.5,0.0,8.0,67,22.3402,41.473,53.2315,5.22059,480.0,0
2018-10-08,12,8.5,0.0,9.16667,64,18.5043,40.0321,38.4222,-13.9023,420.0,0
2018-10-08,13,9.0,0.0,10.5,59,16.7087,37.0802,39.1293,-23.5734,365.7,0
2018-10-08,14,8.5,0.0,11.6667,56,18.3596,32.6049,38.1125,-31.5713,332.8,0
2018-10-08,15,7.16667,0.0,12.6667,58,19.8396,33.7143,33.2605,-34.3429,409.867,0
2018-10-08,16,5.83333,0.0,13.1667,58,21.6684,35.5789,33.6432,-35.2668,463.6,0
2018-10-08,17,4.83333,0.0,13.3333,63,26.3429,37.2811,35.7646,-37.3882,482.4,0
2018-10-08,18,4.0,0.0,13.3333,66,33.9417,41.7247,31.6923,-38.1867,553.527,0
2018-10-08,19,4.0,0.0,13.0,76,47.3102,47.8346,34.5207,-41.0151,558.0,0
2018-10-08,20,4.66667,0.0,12.1667,87,54.538,50.4521,19.4083,-41.7554,636.0,0
2018-10-08,21,5.33333,0.0,10.8333,97,59.6869,35.4217,19.4083,-48.7554,588.3,0
2018-10-08,22,5.33333,0.0,9.5,100,61.562,28.9138,14.8161,-42.6689,668.8,0
2018-10-08,23,4.83333,0.0,8.33333,95,61.977,18.8311,14.8161,-45.6689,676.8,0
2018-10-09,0,4.83333,0.0,7.0,98,61.1678,9.32447,16.9375,-47.7902,680.0,0
2018-10-09,1,4.33333,0.0,5.83333,96,61.1624,7.75596,12.1042,-45.1217,749.829,0
2018-10-09,2,3.83333,0.0,4.83333,100,60.6798,7.20717,14.9326,-47.9502,720.0,0
2018-10-09,3,3.66667,0.0,4.33333,100,60.6263,8.055,12.6365,-42.4069,660.0,0
2018-10-09,4,3.33333,0.0,3.83333,100,59.4649,9.34178,14.1325,-39.3617,715.0,0
2018-10-09,5,3.33333,0.0,3.0,100,58.4663,11.8776,15.1325,-39.3617,756.0,0
2018-10-09,6,3.33333,0.0,2.66667,100,57.1338,14.8402,15.1325,-42.3617,744.6,0
2018-10-09,7,3.16667,0.0,2.5,100,55.8026,18.2321,10.8899,-42.119,749.7,0
2018-10-09,8,3.33333,0.0,2.83333,93,54.3955,19.1157,10.1828,-41.4119,839.143,0
2018-10-09,9,3.5,0.0,3.66667,100,52.0422,22.3857,15.1828,-41.4119,780.0,0
2018-10-09,10,4.83333,0.0,5.16667,79,48.3951,25.3902,23.6681,-39.9977,829.029,0
2018-10-09,11,6.16667,0.0,7.33333,71,48.1704,22.3402,15.3532,-31.4418,754.8,0
2018-10-09,12,7.16667,0.0,9.5,65,47.7577,18.5043,22.7011,-22.625,627.3,0
2018-10-09,13,8.0,0.0,11.6667,58,47.4763,16.7087,7.27086,-23.1721,480.0,0
2018-10-09,14,7.5,0.0,14.0,49,42.3722,18.3596,0.61398,-21.829,416.0,0
2018-10-09,15,6.83333,0.0,15.6667,52,36.1889,19.8396,-0.80024,-23.2432,420.0,0
2018-10-09,16,5.5,0.0,16.5,59,35.3598,21.6684,-3.62868,-21.829,505.44,0
2018-10-09,17,4.16667,0.0,17.1667,54,37.0785,26.3429,-4.33579,-22.5361,546.96,0
2018-10-09,18,3.16667,0.0,17.1667,60,42.4328,33.9417,-6.45712,-24.6574,540.0,0
2018-10-09,19,2.33333,0.0,16.6667,71,60.743,47.3102,-14.2856,-27.4859,563.04,0
2018-10-09,20,2.66667,0.0,15.3333,79,72.5211,54.538,-19.9424,-26.0716,668.8,0
2018-10-09,21,3.66667,0.0,13.8333,90,76.9659,59.6869,-22.7709,-28.9001,657.2,0
2018-10-09,22,4.16667,0.0,12.5,91,75.408,61.562,-14.456,-32.456,727.527,0
2018-10-09,23,4.5,0.0,10.8333,89,73.276,61.977,-14.456,-36.456,716.945,0
2018-10-10,0,4.66667,0.0,9.66667,89,73.248,61.1678,-30.0754,-38.3694,821.28,0
2018-10-10,1,5.0,0.0,8.66667,90,71.33,61.1624,-26.5398,-41.9049,782.28,0
2018-10-10,2,4.83333,0.0,8.0,97,69.9624,60.6798,-15.9332,-38.3694,856.8,0
2018-10-10,3,4.66667,0.0,7.66667,90,67.1585,60.6263,-13.8118,-40.4907,850.65,0
2018-10-10,4,5.0,0.0,7.33333,84,65.764,59.4649,-6.74073,-39.4196,720.0,0
2018-10-10,5,4.83333,0.0,7.16667,88,64.9969,58.4663,2.3381,-38.1801,655.2,0
2018-10-10,6,4.66667,0.0,7.0,86,64.6826,57.1338,6.69726,-39.0472,632.4,0
2018-10-10,7,4.66667,0.0,7.0,81,64.7481,55.8026,11.647,-39.7543,627.3,0
2018-10-10,8,4.5,0.0,6.83333,100,65.4164,54.3955,18.011,-40.4614,663.257,0
2018-10-10,9,4.33333,0.0,7.0,96,60.9362,52.0422,19.4252,-41.8756,681.943,0
2018-10-10,10,4.66667,0.0,8.16667,69,52.5327,48.3951,24.0446,-36.789,660.0,0
2018-10-10,11,5.33333,0.0,9.83333,57,43.0328,48.1704,25.6026,-38.2667,648.96,0
2018-10-10,12,6.16667,0.0,12.0,50,36.3862,47.7577,25.9225,-34.257,603.2,0
2018-10-10,13,7.16667,0.0,14.3333,46,31.3561,47.4763,20.3571,-34.4506,583.0,0
2018-10-10,14,8.0,0.0,17.1667,42,28.4222,42.3722,5.50488,-36.2372,468.0,0
2018-10-10,15,8.5,0.0,19.5,46,27.538,36.1889,2.67644,-40.4088,420.0,0
2018-10-10,16,8.66667,0.0,20.6667,50,27.0707,35.3598,-12.5496,-39.2025,401.85,0
2018-10-10,17,8.83333,0.0,21.3333,55,27.6179,37.0785,-12.9323,-40.1264,386.4,0
2018-10-10,18,9.0,0.0,21.1667,52,32.8991,42.4328,-26.6873,-43.4289,380.8,0
2018-10-10,19,9.5,0.0,20.3333,61,43.2823,60.743,-23.2432,-45.114,385.527,0
2018-10-10,20,10.5,0.0,18.5,81,48.8277,72.5211,-15.465,-51.3358,300.0,0
2018-10-10,21,11.1667,0.0,16.8333,85,51.61,76.9659,-9.80811,-51.6789,288.0,0
2018-10-10,22,11.5,0.0,14.8333,89,51.0856,75.408,-6.36399,-55.364,251.6,0
2018-10-10,23,11.6667,0.0,12.8333,92,52.6945,73.276,0.0,-60.0,240.0,0
2018-10-11,0,11.3333,0.0,11.3333,81,51.7985,73.248,3.8268,-59.2388,277.714,0
2018-10-11,1,10.1667,0.0,10.3333,83,51.5515,71.33,6.88824,-52.6298,332.215,0
2018-10-11,2,9.5,0.0,9.83333,86,50.327,69.9624,13.3554,-55.3086,321.6,0
2018-10-11,3,8.5,0.0,9.33333,86,50.0662,67.1585,16.7995,-50.6235,357.5,0
2018-10-11,4,8.16667,0.0,9.16667,88,50.5898,65.764,19.0956,-44.1668,425.455,0
2018-10-11,5,7.33333,0.0,9.0,91,50.5555,64.9969,22.5397,-52.4817,372.764,0
2018-10-11,6,7.16667,0.0,8.5,92,52.9925,64.6826,20.6263,-46.1011,443.52,0
2018-10-11,7,6.66667,0.0,8.16667,80,54.9404,64.7481,16.7995,-43.8623,470.25,0
2018-10-11,8,6.16667,0.0,7.83333,99,55.7742,65.4164,18.3302,-47.5578,469.05,0
2018-10-11,9,6.5,0.0,8.0,94,53.7296,60.9362,17.5649,-45.7101,490.629,0
2018-10-11,10,7.16667,0.0,9.0,72,49.8911,52.5327,11.0977,-51.0313,498.667,0
2018-10-11,11,8.66667,0.0,10.3333,58,45.2371,43.0328,0.38268,-49.1836,463.6,0
2018-10-11,12,8.66667,0.0,12.1667,56,39.7866,36.3862,4.20948,-49.1836,377.143,0
2018-10-11,13,9.83333,0.0,14.1667,54,35.5123,31.3561,1.53072,-48.6507,343.2,0
2018-10-11,14,10.3333,0.0,16.8333,42,31.6596,28.4222,-10.0743,-47.1901,305.25,0
2018-10-11,15,10.5,0.0,18.8333,45,29.6317,27.538,-18.3892,-42.6343,332.215,0
2018-10-11,16,9.66667,0.0,20.0,49,29.2587,27.0707,-24.7532,-48.9982,300.0,0
2018-10-11,17,9.16667,0.0,21.0,46,32.0352,27.6179,-25.4352,-42.6447,364.8,0
2018-10-11,18,9.33333,0.0,21.3333,46,38.1641,32.8991,-38.571,-37.4886,329.829,0
2018-10-11,19,9.0,0.0,20.8333,57,48.116,43.2823,-38.9536,-38.4124,360.0,0
2018-10-11,20,10.0,0.0,19.3333,76,54.4013,48.8277,-37.5394,-36.9982,366.667,0
2018-10-11,21,10.5,0.0,17.5,92,58.1959,51.61,-28.6007,-41.0483,333.45,0
2018-10-11,22,10.1667,0.0,15.8333,89,59.6845,51.0856,-22.9438,-47.3914,305.455,0
2018-10-11,23,9.16667,0.0,13.6667,95,60.5413,52.6945,-20.6478,-52.9347,300.0,0
2018-10-12,0,8.5,0.0,11.6667,100,60.0326,51.7985,-8.25015,-43.2431,341.85,0
2018-10-12,1,7.83333,0.0,10.1667,94,58.6881,51.5515,-1.49319,-37.3828,409.867,0
2018-10-12,2,6.0,0.0,9.33333,90,58.4835,50.327,0.42021,-42.0022,402.8,0
2018-10-12,3,4.66667,0.0,8.83333,89,58.2038,50.0662,8.31492,-39.3337,532.48,0
2018-10-12,4,4.16667,0.0,8.33333,88,57.0576,50.5898,9.84564,-43.0292,552.0,0
2018-10-12,5,4.16667,0.0,8.0,92,55.6771,50.5555,10.9937,-45.8009,579.12,0
2018-10-12,6,4.33333,0.0,8.0,88,56.3972,52.9925,10.9937,-50.8009,569.92,0
2018-10-12,7,5.0,0.0,7.66667,100,57.2342,54.9404,18.6473,-41.5621,690.3,0
2018-10-12,8,5.66667,0.0,7.33333,100,57.786,55.7742,18.6473,-50.5621,600.0,0
2018-10-12,9,6.33333,0.0,7.16667,100,55.8415,53.7296,16.3512,-41.0188,610.56,0
2018-10-12,10,7.5,0.0,8.33333,68,46.6429,49.8911,11.0977,-48.7925,570.24,0
2018-10-12,11,8.0,0.0,10.1667,57,40.2935,45.2371,0.5825,-47.5487,468.0,0
2018-10-12,12,8.33333,0.0,12.3333,50,38.8058,39.7866,5.90374,-41.0815,399.36,0
2018-10-12,13,9.0,0.0,15.0,39,36.6835,35.5123,12.9037,-36.0815,360.0,0
2018-10-12,14,9.16667,0.0,17.6667,40,34.8149,31.6596,1.79791,-13.2697,356.4,0
2018-10-12,15,9.83333,0.0,20.1667,43,33.9153,29.6317,-1.64621,3.04521,341.85,0
2018-10-12,16,9.83333,0.0,21.1667,46,32.3653,29.2587,-15.7942,15.0284,312.12,0
2018-10-12,17,10.0,0.0,21.5,47,33.4055,32.0352,-25.9619,25.9263,326.4,0
2018-10-12,18,10.1667,0.0,21.0,60,42.4338,38.1641,-39.3259,19.5623,343.385,0
2018-10-12,19,9.83333,0.0,19.8333,61,50.3519,48.116,-31.3259,19.5623,321.6,0
2018-10-12,20,9.16667,0.0,18.3333,73,58.3257,54.4013,-29.9117,2.59168,300.0,0
2018-10-12,21,8.0,0.0,16.3333,91,64.7623,58.1959,-30.0031,-9.25879,381.9,0
2018-10-12,22,6.66667,0.0,14.5,86,66.1407,59.6845,-30.0031,-14.2588,384.8,0
2018-10-12,23,5.66667,0.0,12.8333,86,67.1826,60.5413,-30.0031,-16.2588,420.0,0
2018-10-13,0,5.16667,0.0,11.1667,90,68.3756,60.0326,-18.9165,-23.851,526.68,1
2018-10-13,1,3.83333,0.0,9.83333,94,66.8809,58.6881,-18.9165,-28.851,511.68,1
2018-10-13,2,3.16667,0.0,8.66667,94,65.8418,58.4835,-7.55642,-34.7991,618.667,1
2018-10-13,3,2.83333,0.0,8.16667,93,66.0876,58.2038,-6.84931,-35.5062,668.8,1
2018-10-13,4,3.16667,0.0,7.16667,100,66.9602,57.0576,-4.72798,-37.6275,676.8,1
2018-10-13,5,3.0,0.0,6.5,100,67.5441,55.6771,-4.72798,-41.6275,660.0,1
2018-10-13,6,2.83333,0.0,6.33333,91,68.6444,56.3972,1.63601,-37.2635,789.6,1
2018-10-13,7,2.66667,0.0,5.66667,100,69.2909,57.2342,1.63601,-41.2635,764.4,1
2018-10-13,8,2.66667,0.0,5.5,100,70.058,57.786,1.63601,-43.2635,780.0,1
2018-10-13,9,2.83333,0.0,5.66667,100,70.8082,55.8415,-5.65688,-43.9706,1001.45,1
2018-10-13,10,3.33333,0.0,7.5,67,63.1593,46.6429,-2.82844,-46.7991,977.455,1
2018-10-13,11,3.83333,0.0,9.16667,62,54.6259,40.2935,-1.51739,-36.3421,959.04,1
2018-10-13,12,3.5,0.0,11.3333,51,45.9724,38.8058,-1.51739,-29.271,959.04,1
2018-10-13,13,3.83333,0.0,14.5,44,40.8964,36.6835,0.48261,-29.271,960.96,1
2018-10-13,14,4.33333,0.0,17.3333,37,37.5467,34.8149,-3.21291,-25.8017,900.0,1
2018-10-13,15,4.5,0.0,19.6667,41,35.5455,33.9153,-6.04135,-23.6302,959.04,1
2018-10-13,16,4.33333,0.0,20.6667,44,37.73,32.3653,-6.04135,-13.6302,915.2,1
2018-10-13,17,5.33333,0.0,21.6667,42,40.1602,33.4055,-8.86979,-4.80173,780.0,1
2018-10-13,18,6.16667,0.0,21.6667,47,49.0498,42.4338,-10.9911,18.3196,642.6,1
2018-10-13,19,6.83333,0.0,20.8333,57,58.6802,50.3519,-19.4764,18.9054,595.2,1
2018-10-13,20,7.16667,0.0,19.5,66,66.1818,58.3257,-20.4003,13.1652,546.96,1
2018-10-13,21,7.66667,0.0,17.8333,79,71.4953,64.7623,-24.408,7.33355,492.9,1
2018-10-13,22,7.16667,0.0,15.8333,98,72.8698,66.1407,-17.8841,3.69271,440.64,1
2018-10-13,23,7.16667,0.0,13.5,98,74.5776,67.1826,-17.8841,0.69271,440.64,1
2018-10-14,0,6.83333,0.0,11.8333,83,74.4748,68.3756,-17.8841,-21.3073,453.927,1
2018-10-14,1,6.66667,0.0,10.5,88,75.4951,66.8809,-15.9707,-25.9267,448.145,1
2018-10-14,2,6.16667,0.0,9.16667,93,75.5631,65.8418,-13.2919,-43.3938,454.629,1
2018-10-14,3,5.33333,0.0,8.33333,95,74.4242,66.0876,-5.34216,-38.4441,538.65,1
2018-10-14,4,5.33333,0.0,8.0,92,74.0505,66.9602,-2.34216,-38.4441,550.8,1
2018-10-14,5,4.16667,0.0,7.66667,94,73.2774,67.5441,0.65784,-38.4441,558.45,1
2018-10-14,6,4.16667,0.0,7.0,89,71.592,68.6444,10.8773,-38.2111,604.2,1
2018-10-14,7,4.0,0.0,6.83333,81,69.415,69.2909,19.9562,-39.4506,655.2,1
2018-10-14,8,4.66667,0.0,6.83333,96,68.9604,70.058,22.2522,-44.9938,600.0,1
2018-10-14,9,5.5,0.0,7.33333,89,68.4789,70.8082,24.931,-40.461,659.127,1
2018-10-14,10,6.5,0.0,8.66667,65,60.8951,63.1593,24.931,-37.461,635.04,1
2018-10-14,11,7.0,0.0,10.5,58,49.5852,54.6259,19.5735,-41.1565,579.429,1
2018-10-14,12,7.66667,0.0,12.6667,51,36.7822,45.9724,8.94494,-39.6391,510.0,1
2018-10-14,13,8.5,0.0,15.0,38,23.7632,40.8964,-6.24749,-43.1747,440.64,1
2018-10-14,14,9.5,0.0,17.6667,35,18.7985,37.5467,-16.2886,-44.2585,393.6,1
2018-10-14,15,10.3333,0.0,19.6667,34,18.5027,35.5455,-30.9778,-42.7662,313.65,1
2018-10-14,16,10.8333,0.0,20.6667,40,17.6607,37.73,-39.5441,-31.4261,296.229,1
2018-10-14,17,12.1667,0.0,21.5,39,21.7491,40.1602,-22.5943,-26.4763,251.6,1
2018-10-14,18,12.3333,0.0,21.6667,43,31.5767,49.0498,-22.6275,-20.5563,271.385,1
2018-10-14,19,12.0,0.0,20.8333,53,47.9802,58.6802,-31.8663,-24.3831,240.0,1
2018-10-14,20,11.0,0.0,19.3333,63,57.9853,66.1818,-28.1708,-22.8524,279.138,1
2018-10-14,21,10.1667,0.0,17.3333,84,62.0553,71.4953,-18.8391,-24.3447,336.3,1
2018-10-14,22,8.83333,0.0,15.5,85,60.8257,72.8698,-18.8391,-32.3447,311.1,1
2018-10-14,23,7.16667,0.0,13.1667,90,59.0816,74.5776,-29.3084,-36.0402,431.52,1
2018-10-15,0,6.66667,0.0,11.0,93,59.1786,74.4748,-27.395,-40.6596,442.32,0
2018-10-15,1,6.16667,0.0,9.33333,92,59.6702,75.4951,-24.7162,-47.1268,420.0,0
2018-10-15,2,5.83333,0.0,8.0,94,58.707,75.5631,-9.86694,-40.7628,479.52,0
2018-10-15,3,5.66667,0.0,7.5,86,57.8616,74.4242,1.28526,-41.5554,549.067,0
2018-10-15,4,5.66667,0.0,7.0,89,55.3282,74.0505,1.28526,-48.5554,496.4,0
2018-10-15,5,5.5,0.0,6.66667,81,55.412,73.2774,9.60018,-49.1113,555.429,0
2018-10-15,6,5.5,0.0,6.66667,78,52.7243,71.592,13.6002,-49.1113,540.0,0
2018-10-15,7,5.5,0.0,5.83333,100,52.6168,69.415,16.2789,-49.6441,558.45,0
2018-10-15,8,5.16667,0.0,5.5,100,54.3017,68.9604,20.7482,-37.9486,570.24,0
2018-10-15,9,5.66667,0.0,6.16667,83,50.0143,68.4789,23.7482,-37.9486,563.04,0
2018-10-15,10,7.0,0.0,7.5,58,39.456,60.8951,29.1561,-26.8621,561.6,0
2018-10-15,11,7.5,0.0,9.33333,49,30.917,49.5852,14.5147,-26.4853,490.629,0
2018-10-15,12,8.66667,0.0,11.3333,42,27.5766,36.7822,8.04752,-22.1641,443.7,0
2018-10-15,13,10.1667,0.0,14.3333,36,25.5342,23.7632,-5.85202,-21.0636,367.2,0
2018-10-15,14,12.0,0.0,17.3333,32,23.4917,18.7985,-28.7102,-15.3234,262.08,0
2018-10-15,15,12.3333,0.0,19.0,34,20.9459,18.5027,-24.7102,-15.3234,240.0,0
2018-10-15,16,12.5,0.0,19.8333,37,21.3391,17.6607,-20.8443,-8.7515,257.914,0
2018-10-15,17,12.5,0.0,20.3333,34,27.4674,21.7491,2.05524,1.14804,273.28,0
2018-10-15,18,10.5,0.0,20.0,45,37.0063,31.5767,-0.623519,-5.31912,276.48,0
2018-10-15,19,9.33333,0.0,19.0,53,50.9321,47.9802,-2.47128,-6.08448,320.32,0
2018-10-15,20,8.83333,0.0,17.3333,60,57.8491,57.9853,3.99588,-14.8861,387.771,0
2018-10-15,21,8.16667,0.0,15.5,74,63.8304,62.0553,-10.0041,-25.8861,407.1,0
2018-10-15,22,6.83333,0.0,13.8333,78,67.1062,60.8257,-10.0041,-33.8861,372.3,0
2018-10-15,23,7.0,0.0,11.6667,83,66.9315,59.0816,1.08244,-34.294,473.815,0
2018-10-16,0,7.33333,0.0,10.0,82,66.6066,59.1786,1.08244,-42.294,433.108,0
2018-10-16,1,6.5,0.0,8.66667,87,68.705,59.6702,-11.9176,-46.294,490.629,0
2018-10-16,2,5.16667,0.0,7.66667,87,68.0006,58.707,-11.9176,-49.294,498.343,0
2018-10-16,3,4.66667,0.0,6.83333,91,68.5638,57.8616,-8.09076,-45.5984,480.0,0
2018-10-16,4,4.33333,0.0,6.0,85,68.0604,55.3282,-4.3296,-49.4525,532.65,0
2018-10-16,5,3.66667,0.0,5.16667,99,67.1649,55.412,-1.55796,-50.6005,540.0,0
2018-10-16,6,4.0,0.0,4.66667,90,66.3163,52.7243,9.5286,-49.0698,659.127,0
2018-10-16,7,5.16667,0.0,4.66667,79,66.9115,52.6168,11.8247,-54.6131,617.564,0
2018-10-16,8,5.16667,0.0,4.5,85,65.7178,54.3017,11.8247,-45.6131,635.04,0
2018-10-16,9,5.66667,0.0,4.83333,87,61.0577,50.0143,14.5963,-44.465,624.24,0
2018-10-16,10,6.66667,0.0,6.33333,56,53.1685,39.456,14.5963,-47.465,619.65,0
2018-10-16,11,7.83333,0.0,8.66667,45,38.2631,30.917,6.2814,-35.9092,540.8,0
2018-10-16,12,8.33333,0.0,11.0,41,31.7352,27.5766,-3.76116,-37.5328,429.3,0
2018-10-16,13,8.83333,0.0,13.5,30,27.0717,25.5342,-15.7716,-39.4462,360.0,0
2018-10-16,14,10.6667,0.0,16.1667,30,27.0812,23.4917,-30.0781,-28.8777,300.0,0
2018-10-16,15,11.1667,0.0,18.6667,30,26.3474,20.9459,-45.7841,-27.3833,275.6,0
2018-10-16,16,11.8333,0.0,19.8333,35,30.9134,21.3391,-26.4692,-23.9392,271.745,0
2018-10-16,17,12.3333,0.0,20.6667,36,36.1148,27.4674,-0.944759,-10.3324,291.877,0
2018-10-16,18,12.0,0.0,20.8333,41,44.8129,37.0063,25.0657,-5.35752,286.971,0
2018-10-16,19,10.3333,0.0,20.0,51,59.5855,50.9321,32.0657,-5.35752,287.571,0
2018-10-16,20,8.83333,0.0,18.8333,57,66.0164,57.8491,29.9444,-7.47885,320.914,0
2018-10-16,21,8.0,0.0,17.0,74,69.4104,63.8304,38.2593,-4.03473,398.618,0
2018-10-16,22,7.0,0.0,15.1667,73,70.878,67.1062,38.2593,-10.0347,385.745,0
2018-10-16,23,5.0,0.0,13.1667,75,69.4102,66.9315,27.2593,-17.0347,460.431,0
2018-10-17,0,4.5,0.0,11.5,75,68.7189,66.6066,27.2593,-19.0347,501.415,0
2018-10-17,1,5.33333,0.0,10.1667,77,67.9213,68.705,27.2593,-23.0347,508.8,0
2018-10-17,2,5.0,0.0,9.16667,80,68.472,68.0006,14.2593,-31.0347,596.571,0
2018-10-17,3,4.5,0.0,8.66667,78,68.0254,68.5638,16.3806,-33.1561,617.571,0
2018-10-17,4,3.83333,0.0,8.0,90,67.2706,68.0604,17.5286,-35.9277,632.914,0
2018-10-17,5,4.16667,0.0,7.5,84,65.7911,67.1649,4.67668,-38.6993,729.6,0
2018-10-17,6,3.83333,0.0,7.16667,75,66.7026,66.3163,6.2074,-42.3949,704.229,0
2018-10-17,7,3.66667,0.0,6.5,94,65.336,66.9115,6.97276,-44.2426,720.0,0
2018-10-17,8,4.33333,0.0,6.33333,86,67.1026,65.7178,2.09409,-49.1213,685.44,0
2018-10-17,9,5.0,0.0,6.5,80,62.6429,61.0577,6.71349,-54.2079,660.0,0
2018-10-17,10,6.0,0.0,7.83333,63,58.3508,53.1685,6.71349,-55.2079,660.0,0
2018-10-17,11,6.5,0.0,9.5,52,45.7512,38.2631,3.26937,-50.5228,635.25,0
2018-10-17,12,7.33333,0.0,11.5,45,38.7514,31.7352,-1.6804,-47.4726,571.2,0
2018-10-17,13,8.33333,0.0,14.1667,39,37.808,27.0717,-4.94977,-49.5796,480.0,0
2018-10-17,14,8.83333,0.0,16.6667,36,35.5098,27.0812,-17.5863,-50.4571,360.0,0
2018-10-17,15,8.33333,0.0,18.6667,38,34.4582,26.3474,-24.6574,-43.5282,361.029,0
2018-10-17,16,7.83333,0.0,19.3333,46,39.1141,30.9134,-27.4859,-46.3567,360.0,0
2018-10-17,17,7.33333,0.0,19.6667,52,47.7261,36.1148,-33.0291,-37.0606,402.8,0
2018-10-17,18,7.83333,0.0,19.1667,51,58.2696,44.8129,-26.7566,-25.9172,460.8,0
2018-10-17,19,6.33333,0.0,18.1667,67,71.0296,59.5855,-25.6336,-11.7287,408.857,0
2018-10-17,20,4.83333,0.0,16.8333,69,77.8986,66.0164,-27.1643,-1.03313,515.077,0
2018-10-17,21,4.16667,0.0,15.3333,71,80.292,69.4104,-27.1643,-2.03313,574.338,0
2018-10-17,22,3.5,0.0,14.1667,77,81.1775,70.878,-27.1643,-2.03313,647.538,0
2018-10-17,23,3.16667,0.0,13.0,78,81.2442,69.4102,-27.1643,-4.03313,686.215,0
2018-10-18,0,2.16667,0.0,12.0,72,80.4977,68.7189,-25.7501,-5.44735,720.831,0
2018-10-18,1,2.5,0.0,11.3333,79,80.5692,67.9213,-24.2194,-9.14287,714.277,0
2018-10-18,2,2.66667,0.0,10.6667,83,80.13,68.472,-15.027,-5.95044,800.28,0
2018-10-18,3,2.66667,0.0,10.3333,80,79.7385,68.0254,-15.027,-7.95044,825.0,0
2018-10-18,4,2.33333,0.0,10.1667,83,78.602,67.2706,-15.027,-7.95044,891.0,0
2018-10-18,5,2.16667,0.0,9.83333,92,78.1586,65.7911,-15.027,-7.95044,957.0,0
2018-10-18,6,1.83333,0.0,9.66667,88,77.7081,66.7026,-15.027,-6.95044,997.92,0
2018-10-18,7,1.33333,0.0,9.5,90,73.705,65.336,-13.6127,-5.10268,1010.88,0
2018-10-18,8,1.33333,0.0,9.5,91,75.5567,67.1026,-4.42031,4.74006,1065.3,0
2018-10-18,9,1.66667,0.0,9.83333,90,81.4627,62.6429,-2.42031,4.74006,1055.7,0
2018-10-18,10,2.66667,0.0,10.5,78,75.3402,58.3508,2.40813,7.5685,1177.0,0
2018-10-18,11,3.66667,0.0,11.5,71,66.736,45.7512,5.65533,10.8157,1128.9,0
2018-10-18,12,4.66667,0.0,12.8333,63,61.2483,38.7514,0.14813,14.4544,1182.72,0
2018-10-18,13,5.5,0.0,14.1667,60,57.9285,37.808,3.97493,13.2156,1092.0,0
2018-10-18,14,6.83333,0.0,15.5,59,52.3358,35.5098,-1.56545,19.5912,874.5,0
2018-10-18,15,8.16667,0.0,16.5,54,47.0051,34.4582,-6.92297,38.5255,765.0,0
2018-10-18,16,7.83333,0.0,17.0,62,45.391,39.1141,-12.4585,44.9061,397.8,0
2018-10-18,17,7.66667,0.0,17.3333,79,79.56,47.7261,-14.4585,48.9061,413.4,0
2018-10-18,18,7.33333,0.0,17.0,71,60.2788,58.2696,-12.1624,49.3628,425.829,0
2018-10-18,19,6.66667,0.0,16.3333,81,70.665,71.0296,-9.48368,48.8957,453.6,0
2018-10-18,20,5.16667,0.0,15.3333,87,78.471,77.8986,-5.48368,48.8957,452.4,0
2018-10-18,21,4.0,0.0,14.1667,95,83.472,80.292,-4.48368,48.8957,497.25,0
2018-10-18,22,4.0,0.0,13.0,94,87.162,81.1775,-1.48368,40.8957,588.0,0
2018-10-18,23,3.33333,0.0,11.6667,94,86.9061,81.2442,2.51632,40.8957,577.2,0
2018-10-19,0,3.0,0.0,10.5,97,88.2531,80.4977,3.93054,39.4815,600.0,0
2018-10-19,1,3.0,0.0,9.5,97,88.4455,80.5692,12.4159,30.9961,712.32,0
2018-10-19,2,3.33333,0.0,8.83333,95,85.8336,80.13,12.4159,34.9961,698.88,0
2018-10-19,3,3.16667,0.0,8.16667,95,83.3369,79.7385,16.2427,28.7573,842.52,0
2018-10-19,4,3.0,0.0,8.0,83,75.08,78.602,16.2427,30.7573,868.68,0
2018-10-19,5,3.33333,0.0,7.83333,87,81.71,78.1586,16.2427,33.7573,868.32,0
2018-10-19,6,3.0,0.0,7.66667,91,79.88,77.7081,13.4142,36.5858,840.0,0
2018-10-19,7,2.83333,0.0,7.66667,87,80.3867,73.705,12.0,28.0,904.8,0
2018-10-19,8,3.66667,0.0,7.66667,86,75.1662,75.5567,9.87867,21.8787,979.0,0
2018-10-19,9,5.0,0.25,8.16667,100,76.8606,81.4627,9.87867,23.8787,922.2,0
2018-10-19,10,6.5,0.25,8.66667,85,78.2926,75.3402,4.87867,27.8787,754.8,0
2018-10-19,11,8.0,0.25,9.33333,82,78.4656,66.736,2.12133,43.2079,620.1,0
2018-10-19,12,9.5,0.25,10.1667,78,77.5277,61.2483,2.12133,44.2079,405.6,0
2018-10-19,13,11.0,0.48,11.1667,72,77.0617,57.9285,16.2635,52.2492,291.6,0
2018-10-19,14,11.1667,0.48,12.3333,66,74.8838,52.3358,16.2635,56.2492,262.08,0
2018-10-19,15,11.0,0.23,13.5,57,72.602,47.0051,22.6275,54.5642,291.5,0
2018-10-19,16,11.6667,0.46,14.1667,60,72.3482,45.391,20.5062,51.7925,332.215,0
2018-10-19,17,12.3333,0.46,14.1667,82,73.7145,79.56,31.82,53.5746,282.764,0
2018-10-19,18,11.6667,0.46,14.0,90,74.201,60.2788,36.0626,43.4328,270.667,0
2018-10-19,19,10.6667,0.23,13.5,92,73.5496,70.665,41.0124,48.3826,251.6,0
2018-10-19,20,10.5,0.23,12.6667,97,69.9742,78.471,38.891,44.3103,288.0,0
2018-10-19,21,9.66667,0.23,11.5,97,67.4557,83.472,39.9181,39.0568,353.4,0
2018-10-19,22,8.16667,0.0,10.3333,92,63.118,87.162,42.7465,41.8853,382.8,0
2018-10-19,23,6.16667,0.0,9.83333,98,58.7266,86.9061,49.2137,44.564,371.025,0
2018-10-20,0,5.83333,0.0,9.5,97,54.4392,88.2531,42.5193,27.8685,511.412,1
2018-10-20,1,5.16667,0.0,9.16667,99,51.9271,88.4455,47.5193,27.8685,519.953,1
2018-10-20,2,4.5,0.0,8.83333,100,51.978,85.8336,48.2847,26.0208,561.318,1
2018-10-20,3,4.33333,0.0,8.5,99,52.5516,83.3369,45.4563,23.1923,568.941,1
2018-10-20,4,3.5,0.0,8.33333,100,54.8862,75.08,31.3141,9.05014,662.4,1
2018-10-20,5,2.83333,0.0,8.16667,100,55.7873,81.71,29.8998,7.63592,685.029,1
2018-10-20,6,2.5,0.0,8.0,100,57.6512,79.88,29.1927,8.34303,726.857,1
2018-10-20,7,2.66667,0.0,7.83333,100,60.7308,80.3867,32.1927,8.34303,720.0,1
2018-10-20,8,2.83333,0.0,7.83333,100,63.7412,75.1662,30.243,3.39326,795.0,1
2018-10-20,9,3.33333,0.0,8.16667,100,66.6786,76.8606,24.0869,3.77,856.8,1
2018-10-20,10,4.0,0.0,8.83333,89,68.7387,78.2926,28.3296,9.31328,780.0,1
2018-10-20,11,5.66667,0.0,9.5,88,68.3276,78.4656,22.3527,8.96668,839.143,1
2018-10-20,12,7.83333,0.0,10.1667,77,65.6272,77.5277,19.0444,18.364,764.64,1
2018-10-20,13,10.0,0.0,11.0,81,62.37,77.0617,8.32926,37.8895,420.0,1
2018-10-20,14,11.1667,0.0,11.5,85,61.4547,74.8838,4.94977,48.563,255.0,1
2018-10-20,15,12.0,0.25,11.8333,77,57.305,72.602,-3.53555,49.4764,238.255,1
2018-10-20,16,14.1667,0.5,11.8333,72,45.4194,72.3482,-15.5232,49.4764,269.925,1
2018-10-20,17,14.5,0.5,11.3333,85,46.78,73.7145,-4.20948,57.1627,243.6,1
2018-10-20,18,13.6667,0.75,11.0,84,49.0651,74.201,7.80096,46.1375,245.1,1
2018-10-20,19,13.3333,0.75,10.3333,81,48.4057,73.5496,15.5792,44.3002,248.727,1
2018-10-20,20,13.1667,0.75,9.83333,78,42.8592,69.9742,29.6882,44.0371,270.189,1
2018-10-20,21,13.1667,0.5,9.0,81,43.6573,67.4557,37.4664,51.8153,248.021,1
2018-10-20,22,11.0,0.25,8.0,80,43.8871,63.118,45.2446,40.5935,269.077,1
2018-10-20,23,9.83333,0.25,7.5,78,41.1504,58.7266,37.4768,41.1619,329.018,1
2018-10-21,0,9.83333,0.0,6.66667,86,37.044,54.4392,41.7195,46.7052,323.345,1
2018-10-21,1,9.83333,0.0,6.16667,88,34.6647,51.9271,33.9413,47.5425,353.571,1
2018-10-21,2,10.1667,0.0,5.5,91,33.2616,51.978,24.0417,51.643,323.345,1
2018-10-21,3,9.33333,0.0,5.0,87,31.7371,52.5516,16.2635,56.8648,300.0,1
2018-10-21,4,9.33333,0.0,4.66667,92,29.5087,54.8862,12.728,54.6298,300.0,1
2018-10-21,5,9.83333,0.0,4.33333,93,30.7008,55.7873,12.728,54.6298,300.0,1
2018-10-21,6,9.5,0.0,4.16667,93,32.3181,57.6512,14.8493,55.4506,323.345,1
2018-10-21,7,7.83333,0.0,4.0,97,34.8551,60.7308,23.1642,47.8947,376.2,1
2018-10-21,8,7.33333,0.0,4.16667,95,36.945,63.7412,26.8597,49.4254,395.229,1
2018-10-21,9,9.16667,0.0,4.66667,99,34.8698,66.6786,33.9309,42.4965,434.215,1
2018-10-21,10,10.6667,0.0,5.33333,89,34.399,68.7387,46.6882,23.9532,316.2,1
2018-10-21,11,11.6667,0.0,6.16667,83,34.1138,68.3276,49.9397,6.30574,288.0,1
2018-10-21,12,12.1667,0.0,7.16667,73,34.1698,65.6272,51.7875,-4.4093,209.88,1
2018-10-21,13,13.3333,0.0,8.16667,67,34.1679,62.37,53.2017,-19.9657,241.553,1
2018-10-21,14,13.5,0.0,9.16667,69,34.5428,61.4547,43.9799,-27.7439,282.72,1
2018-10-21,15,12.5,0.0,9.66667,65,35.5927,57.305,54.9799,-27.7439,248.88,1
2018-10-21,16,11.5,0.0,10.1667,63,35.8498,45.4194,48.8999,-29.7819,286.0,1
2018-10-21,17,10.1667,0.0,10.3333,84,39.9821,46.78,43.3567,-27.4859,324.8,1
2018-10-21,18,9.16667,0.0,10.0,78,47.8194,49.0651,48.3064,-32.4356,311.1,1
2018-10-21,19,8.16667,0.0,9.5,83,59.6765,48.4057,39.8211,-29.9503,372.655,1
2018-10-21,20,7.16667,0.0,8.66667,93,70.3473,42.8592,41.7345,-34.5697,372.764,1
2018-10-21,21,5.83333,0.0,7.83333,97,77.6404,43.6573,33.9563,-31.7915,453.927,1
2018-10-21,22,4.5,0.0,6.66667,94,82.0183,43.8871,36.9563,-31.7915,477.164,1
2018-10-21,23,3.66667,0.0,5.5,99,84.3241,41.1504,37.9563,-31.7915,526.145,1
2018-10-22,0,3.16667,0.0,4.33333,100,83.1408,37.044,39.9563,-31.7915,556.364,0
2018-10-22,1,3.0,0.0,3.16667,98,80.843,34.6647,31.9563,-31.7915,695.127,0
2018-10-22,2,2.5,0.0,2.16667,100,77.6298,33.2616,33.487,-35.487,690.0,0
2018-10-22,3,2.5,0.0,1.33333,100,78.0646,31.7371,34.2524,-37.3348,716.945,0
2018-10-22,4,3.0,0.0,0.5,98,74.7041,29.5087,33.1043,-40.1064,720.0,0
2018-10-22,5,3.16667,0.0,0.0,99,72.6282,30.7008,29.3261,-32.3282,828.667,0
2018-10-22,6,3.33333,0.0,-0.666667,100,72.7229,32.3181,29.3261,-35.3282,825.067,0
2018-10-22,7,3.5,0.0,-0.833333,100,74.2677,34.8551,21.0112,-35.8841,905.143,0
2018-10-22,8,3.5,0.0,-0.666667,100,73.6216,36.945,22.9246,-40.5035,840.0,0
2018-10-22,9,3.66667,0.0,-0.833333,100,74.2866,34.8698,19.3891,-36.9679,950.4,0
2018-10-22,10,3.83333,0.0,0.333333,81,70.1967,34.399,20.9198,-40.6635,900.0,0
2018-10-22,11,4.33333,0.0,1.16667,77,64.3649,34.1138,17.3842,-31.1279,900.0,0
2018-10-22,12,4.83333,0.0,3.0,74,58.065,34.1698,21.4708,-21.5085,915.2,0
2018-10-22,13,5.33333,0.0,5.0,64,52.561,34.1679,22.4708,-21.5085,754.8,0
2018-10-22,14,6.5,0.0,6.83333,58,50.809,34.5428,17.1747,-7.96523,665.6,0
2018-10-22,15,7.66667,0.0,9.0,54,50.1849,35.5927,10.8787,3.12133,540.0,0
2018-10-22,16,9.0,0.0,10.1667,51,48.98,35.8498,-1.19741,18.9502,420.0,0
2018-10-22,17,10.6667,0.0,11.3333,69,51.4172,39.9821,-9.79923,29.7168,332.8,0
2018-10-22,18,11.6667,0.0,11.6667,63,59.239,47.8194,-28.9221,44.4989,252.45,0
2018-10-22,19,11.5,0.0,11.1667,72,68.4031,59.6765,-30.4528,40.1944,259.418,0
2018-10-22,20,11.3333,0.0,10.3333,78,70.5929,70.3473,-30.4528,47.1944,250.364,0
2018-10-22,21,10.6667,0.76,9.5,90,70.0986,77.6404,-20.2901,50.985,299.815,0
2018-10-22,22,10.3333,0.76,8.5,92,59.0783,82.0183,-13.7765,48.2597,385.125,0
2018-10-22,23,10.0,0.76,7.5,100,47.7756,84.3241,-17.986,58.4224,340.2,0
2018-10-23,0,10.5,0.76,6.83333,100,34.6088,83.1408,-11.8631,57.6403,332.677,0
2018-10-23,1,11.6667,0.76,6.5,91,24.3118,80.843,4.42552,53.4119,265.2,0
2018-10-23,2,12.1667,0.76,6.16667,92,24.276,77.6298,17.0038,51.8791,238.255,0
2018-10-23,3,13.0,0.0,5.83333,95,22.4315,78.0646,28.9915,49.4946,257.914,0
2018-10-23,4,13.3333,0.0,5.33333,91,23.8575,74.7041,37.4768,43.9799,288.225,0
2018-10-23,5,12.6667,0.48,5.0,94,29.4796,72.6282,46.6693,55.9904,240.0,0
2018-10-23,6,11.8333,0.48,4.5,94,33.4736,72.7229,42.4266,50.4471,277.714,0
2018-10-23,7,12.5,0.48,3.83333,100,38.1752,74.2677,32.5271,48.5128,282.764,0
2018-10-23,8,14.0,0.48,3.5,96,39.6128,73.6216,28.9915,48.8791,281.538,0
2018-10-23,9,15.1667,0.48,3.5,93,37.8617,74.2866,19.7991,56.8686,189.72,0
2018-10-23,10,17.0,1.22,4.0,78,35.3388,70.1967,12.728,55.6298,191.133,0
2018-10-23,11,20.0,1.48,4.66667,69,30.0441,64.3649,-9.18432,61.1731,160.74,0
2018-10-23,12,23.0,2.22,5.5,65,26.1662,58.065,-28.9834,41.9722,165.6,0
2018-10-23,13,26.1667,2.22,6.66667,64,26.9074,52.561,-40.3053,40.3053,149.1,0
2018-10-23,14,29.1667,3.9,7.5,65,26.1818,50.809,-34.6653,54.6898,109.49,0
2018-10-23,15,32.5,5.58,8.0,73,24.316,50.1849,-28.701,69.291,98.5297,0
2018-10-23,16,34.5,6.52,8.16667,76,28.5258,48.98,-42.1191,62.6847,94.3895,0
2018-10-23,17,36.1667,7.46,8.0,87,31.1466,51.4172,-53.0332,53.0332,104.369,0
2018-10-23,18,37.5,6.72,7.83333,86,36.848,59.239,-52.3261,52.3261,99.2,0
2018-10-23,19,37.6667,6.72,7.5,92,38.8592,68.4031,-41.0293,61.0537,101.463,0
2018-10-23,20,37.8333,6.89,7.33333,93,38.7236,70.5929,-28.701,69.291,98.5297,0
2018-10-23,21,37.1667,7.06,7.16667,94,32.8331,70.0986,-42.1191,62.6847,94.3895,0
2018-10-23,22,38.3333,7.23,7.0,94,24.1578,59.0783,-40.9711,59.9131,108.0,0
2018-10-23,23,39.3333,8.45,7.0,92,20.8382,47.7756,-29.849,72.0626,82.08,0
2018-10-24,0,40.1667,8.45,7.0,91,18.1722,34.6088,-33.2932,80.3776,76.5767,0
2018-10-24,1,41.0,8.45,7.0,89,11.6629,24.3118,-32.9105,79.4537,82.2545,0
2018-10-24,2,39.0,7.34,6.83333,92,4.249,24.276,-16.0726,81.803,79.8,0
2018-10-24,3,38.3333,6.23,6.66667,88,4.25542,22.4315,19.092,67.9448,134.456,0
2018-10-24,4,37.8333,5.12,6.66667,82,5.57042,23.8575,19.092,55.9448,141.067,0
2018-10-24,5,37.1667,2.22,6.5,85,5.27875,29.4796,0.0,71.0,95.2258,0
2018-10-24,6,36.5,2.22,6.33333,81,5.07604,33.4736,0.0,80.0,90.0,0
2018-10-24,7,35.6667,2.22,6.16667,76,6.82511,38.1752,26.8702,75.1074,96.72,0
2018-10-24,8,35.5,2.17,6.16667,82,7.04,39.6128,26.8702,73.1074,97.8947,0
2018-10-24,9,34.6667,1.43,6.16667,80,7.97833,37.8617,0.0,64.0,144.884,0
2018-10-24,10,33.1667,0.69,6.0,74,7.24375,35.3388,18.3849,50.0209,170.769,0
2018-10-24,11,32.8333,0.69,6.16667,66,6.18224,30.0441,40.3053,52.6612,143.308,0
2018-10-24,12,33.8333,0.69,6.33333,57,6.0006,26.1662,48.7906,63.7477,103.2,0
2018-10-24,13,34.0,0.69,6.5,44,5.24184,26.9074,57.983,66.2203,77.8105,0
2018-10-24,14,37.5,0.0,6.83333,45,4.8372,26.1818,58.6901,58.6901,91.5,0
2018-10-24,15,40.8333,0.0,7.16667,47,5.7298,24.316,60.8115,60.8115,68.4923,0
2018-10-24,16,42.1667,0.0,7.66667,43,7.4488,28.5258,65.7612,75.7327,70.3149,0
2018-10-24,17,41.3333,0.0,7.66667,48,10.905,31.1466,60.1043,70.0758,90.7043,0
2018-10-24,18,38.5,0.0,7.5,55,15.4814,36.848,50.9119,50.9119,115.446,0
2018-10-24,19,36.6667,0.0,7.16667,58,19.8886,38.8592,42.4266,42.4266,148.655,0
2018-10-24,20,32.6667,0.0,6.5,59,19.7942,38.7236,38.891,44.9606,156.8,0
2018-10-24,21,28.6667,0.0,5.66667,66,18.1072,32.8331,36.0626,47.1179,181.5,0
2018-10-24,22,25.3333,0.0,4.66667,70,17.2469,24.1578,51.619,67.4432,143.786,0
2018-10-24,23,23.1667,0.0,3.83333,71,19.2582,20.8382,45.255,59.1283,169.304,0
2018-10-25,0,22.1667,0.0,3.16667,72,20.3345,18.1722,43.1337,52.0213,183.0,0
2018-10-25,1,20.8333,0.0,2.5,78,21.6255,11.6629,42.4266,46.5452,175.137,0
2018-10-25,2,19.5,0.0,2.0,88,22.6702,4.249,43.1337,43.1337,173.46,0
2018-10-25,3,17.8333,0.25,1.66667,82,23.7094,4.25542,28.9915,43.9915,211.714,0
2018-10-25,4,16.8333,0.25,1.5,76,24.1106,5.57042,28.9915,55.9915,199.886,0
2018-10-25,5,15.5,0.5,1.33333,85,25.2404,5.27875,14.1422,54.1422,252.0,0
2018-10-25,6,14.5,0.5,1.33333,83,25.3642,5.07604,0.0,52.0,292.32,0
2018-10-25,7,14.1667,0.5,1.66667,82,25.8002,6.82511,0.0,52.0,276.0,0
2018-10-25,8,14.3333,1.87,2.0,87,28.7367,7.04,-12.728,52.728,223.385,0
2018-10-25,9,15.3333,2.99,2.5,92,31.0186,7.97833,-24.0417,51.0417,188.7,0
2018-10-25,10,17.0,3.73,3.33333,90,30.4573,7.24375,-36.7697,36.7697,228.8,0
2018-10-25,11,19.1667,4.22,4.5,95,31.7915,6.18224,-32.8434,45.291,181.425,0
2018-10-25,12,21.6667,4.96,5.66667,91,31.0037,6.0006,-39.2074,51.655,131.733,0
2018-10-25,13,24.3333,5.77,6.83333,84,29.2854,5.24184,-38.891,38.891,151.2,0
2018-10-25,14,27.3333,4.4,8.16667,77,30.8558,4.8372,-34.2244,52.6252,121.44,0
2018-10-25,15,30.0,3.03,9.33333,77,23.8571,5.7298,-26.0222,62.8238,116.471,0
2018-10-25,16,30.8333,3.1,9.83333,84,21.4051,7.4488,-13.0111,65.4119,116.471,0
2018-10-25,17,33.0,2.36,10.1667,84,26.3469,10.905,-10.715,59.8686,142.306,0
2018-10-25,18,32.8333,1.62,10.1667,93,31.3768,15.4814,-10.715,63.8686,106.286,0
2018-10-25,19,31.3333,0.81,9.83333,92,31.3219,19.8886,0.0,67.0,132.284,0
2018-10-25,20,30.1667,1.8,9.33333,97,24.4494,19.7942,0.0,54.0,167.586,0
2018-10-25,21,28.5,1.8,8.66667,95,25.992,18.1072,0.0,52.0,168.192,0
2018-10-25,22,26.8333,1.98,8.16667,93,19.4222,17.2469,0.0,51.0,179.022,0
2018-10-25,23,23.1667,1.98,7.5,91,18.7868,19.2582,0.0,69.0,159.822,0
