data,timeofday,windspeed6,opady6,temp6,rhumid,index_avg,prev_index_avg,wind_dir_ns,wind_dir_ew,dispel50,is_weekend
2017-11-14,18,11.3333,0.0,4.0,78,119.65,67.25,-41.7195,41.7195,295.68,0
2017-11-14,19,10.1667,0.0,3.66667,75,76.38,54.97,-37.4768,37.4768,350.314,0
2017-11-15,1,12.3333,0.0,2.83333,72,63.34,37.53,-49.3632,32.0448,240.0,0
2017-11-15,2,12.6667,0.0,2.66667,78,61.915,34.98,-40.7852,34.2908,255.2,0
2017-11-15,3,12.6667,0.0,2.5,79,52.03,36.175,-38.1839,38.1839,267.429,0
2017-11-15,4,12.3333,0.0,2.5,81,48.795,36.065,-45.255,45.255,240.0,0
2017-11-15,5,11.8333,0.0,2.5,82,46.42,49.465,-39.1823,44.5943,277.714,0
2017-11-15,6,11.3333,0.0,2.5,81,52.045,52.15,-33.4922,44.8574,307.8,0
2017-11-15,7,10.5,0.0,2.83333,82,49.21,53.31,-27.8022,45.1206,324.8,0
2017-11-15,8,10.3333,0.0,3.16667,83,50.505,48.805,-22.761,44.9502,346.92,0
2017-11-15,9,10.5,0.0,3.66667,81,55.8,44.805,-19.8994,48.0418,334.08,0
2017-11-15,10,10.5,0.0,4.0,85,55.85,46.02,-20.282,48.9656,329.018,0
2017-11-15,11,10.5,0.0,4.5,81,56.185,34.925,-19.8994,48.0418,341.127,0
2017-11-15,12,10.5,0.0,5.16667,80,69.61,38.21,-23.4681,45.6573,326.8,0
2017-11-15,13,11.0,0.0,5.66667,81,90.0,45.105,-27.8022,45.1206,317.127,0
2017-11-15,14,11.1667,0.0,6.16667,82,78.825,84.775,-32.078,43.4432,305.455,0
2017-11-15,15,10.8333,0.0,6.33333,84,82.58,56.66,-36.3539,41.7659,285.12,0
2017-11-15,16,10.3333,0.0,6.33333,91,98.315,96.645,-38.891,38.891,305.455,0
2017-11-15,17,10.0,0.0,6.16667,92,116.475,131.21,-33.7916,37.58,353.455,0
2017-11-15,18,9.33333,0.0,5.66667,90,97.92,119.65,-40.1556,43.944,311.564,0
2017-11-16,1,8.16667,0.0,4.83333,80,68.99,63.34,-44.6302,26.7706,425.829,0
2017-11-16,2,8.16667,0.0,5.0,80,64.42,61.915,-46.0445,28.1849,377.4,0
2017-11-16,3,8.16667,0.23,5.0,79,58.47,52.03,-46.7516,28.892,375.943,0
2017-11-16,4,7.83333,0.23,5.0,80,58.665,48.795,-46.7516,28.892,375.943,0
2017-11-16,5,7.33333,0.23,5.0,79,67.22,46.42,-45.2342,31.163,402.8,0
2017-11-16,6,7.0,0.23,5.0,79,79.735,52.045,-41.1619,31.9615,448.0,0
2017-11-16,7,6.5,0.23,4.83333,87,77.13,49.21,-43.458,37.5048,420.0,0
2017-11-16,8,6.5,0.23,4.83333,85,69.33,50.505,-40.6864,36.3568,452.4,0
2017-11-16,9,6.5,0.0,4.83333,84,79.13,55.8,-39.7625,30.6166,482.4,0
2017-11-16,10,6.83333,0.0,4.83333,95,81.39,55.85,-39.8657,21.5738,490.629,0
2017-11-16,11,6.83333,0.0,5.0,89,82.735,56.185,-43.2308,20.0682,454.629,0
2017-11-16,12,6.5,0.0,5.33333,84,85.625,69.61,-32.281,15.1184,472.457,0
2017-11-16,13,6.33333,0.0,5.83333,85,77.42,90.0,-31.0268,8.6379,517.0,0
2017-11-16,15,6.5,0.0,6.33333,88,110.395,82.58,-22.1074,-3.06144,517.0,0
2017-11-16,16,6.16667,0.0,6.33333,87,150.53,98.315,-8.56416,-5.35752,490.629,0
2017-11-16,17,6.33333,0.0,6.16667,92,204.05,116.475,4.903,-2.67876,490.629,0
2017-11-16,18,6.66667,0.0,5.66667,96,167.145,97.92,4.903,-2.67876,515.2,0
2017-11-17,1,7.33333,0.0,2.5,92,85.765,68.99,-50.927,-24.4082,420.0,0
2017-11-17,2,7.16667,0.0,2.16667,92,78.015,64.42,-50.0031,-24.0255,420.0,0
2017-11-17,3,7.33333,0.0,2.16667,86,71.31,58.47,-45.3837,-22.1121,470.25,0
2017-11-17,4,7.16667,0.0,2.16667,85,70.775,58.665,-30.7268,-16.4552,453.6,0
2017-11-17,5,7.0,0.0,2.33333,83,75.42,67.22,-16.3358,-13.3938,470.25,0
2017-11-17,6,7.33333,0.0,2.5,87,79.985,79.735,-9.3358,-13.3938,420.0,0
2017-11-17,7,7.66667,0.0,2.83333,89,78.455,77.13,-9.3358,-7.27092,420.0,0
2017-11-17,8,8.0,0.0,3.0,87,75.635,69.33,0.53708,5.47764,432.0,0
2017-11-17,9,8.0,0.51,3.16667,81,67.7,79.13,-2.23456,11.2178,392.229,0
2017-11-17,10,8.66667,0.76,3.5,80,67.46,81.39,-2.13139,20.2606,388.267,0
2017-11-17,11,9.5,0.76,4.0,77,66.42,82.735,-18.1314,31.2606,377.143,0
2017-11-17,12,9.83333,1.01,4.5,78,58.98,85.625,-29.7235,42.3471,313.65,0
2017-11-17,13,10.5,1.01,5.0,76,50.325,77.42,-19.2711,41.8947,340.267,0
2017-11-17,15,11.6667,1.06,5.66667,86,63.08,110.395,-9.18432,56.1731,271.745,0
2017-11-17,16,11.5,0.81,5.66667,88,85.66,150.53,-0.699,56.2597,270.3,0
2017-11-17,17,11.0,0.81,5.5,100,101.9,204.05,10.9643,54.4119,273.48,0
2017-11-17,18,10.8333,0.56,5.33333,93,94.71,167.145,17.3282,52.7268,302.4,0
2017-11-18,1,7.5,0.0,4.16667,78,57.255,85.765,2.83655,53.8791,388.267,1
2017-11-18,2,7.16667,0.0,3.66667,89,49.565,78.015,-7.06299,49.0997,437.25,1
2017-11-18,3,6.66667,0.0,3.33333,89,51.605,71.31,-16.9625,45.9513,470.25,1
2017-11-18,4,6.5,0.0,2.83333,88,41.595,70.775,-20.4981,49.4869,452.4,1
2017-11-18,5,6.83333,0.0,2.33333,87,42.64,75.42,-26.155,47.1438,452.4,1
2017-11-18,6,7.33333,0.0,1.83333,85,35.91,79.985,-32.519,45.5077,450.667,1
2017-11-18,7,8.5,0.0,1.33333,83,32.46,78.455,-36.5588,34.9352,453.6,1
2017-11-18,8,9.33333,0.0,1.33333,82,33.85,75.635,-34.5539,35.0951,385.0,1
2017-11-18,9,10.6667,0.0,1.33333,80,50.29,67.7,-36.9384,31.5264,333.45,1
2017-11-18,10,11.1667,0.0,1.66667,71,78.955,67.46,-43.292,30.8443,275.6,1
2017-11-18,11,11.8333,0.0,2.16667,63,56.975,66.42,-44.7062,32.2586,271.745,1
2017-11-18,12,12.1667,0.0,2.83333,55,46.81,58.98,-46.5539,33.0239,260.0,1
2017-11-18,13,12.8333,0.0,3.5,51,48.045,50.325,-53.9722,26.9122,240.0,1
2017-11-18,14,13.6667,0.0,4.0,51,58.275,59.53,-46.5812,23.8508,259.418,1
2017-11-18,15,13.8333,0.0,4.5,57,46.815,63.08,-53.585,22.1954,223.385,1
2017-11-18,16,14.1667,0.0,4.66667,65,51.45,85.66,-51.4741,27.1201,214.338,1
2017-11-18,17,14.1667,0.48,4.66667,79,66.955,101.9,-48.6561,31.3377,235.125,1
2017-11-18,18,14.5,0.96,4.5,81,75.005,94.71,-45.8845,30.1897,261.0,1
2017-11-19,1,19.0,1.88,3.0,71,33.915,57.255,-35.5553,45.8381,191.314,1
2017-11-19,2,18.6667,0.94,3.0,69,32.84,49.565,-27.5942,47.6186,202.926,1
2017-11-19,3,18.6667,0.94,3.0,69,29.27,51.605,-20.282,48.9656,225.095,1
2017-11-19,4,18.0,1.42,3.0,69,23.82,41.595,-20.282,48.9656,221.0,1
2017-11-19,5,17.8333,0.48,2.83333,73,19.6,42.64,-19.8994,48.0418,220.8,1
2017-11-19,6,17.3333,0.48,2.66667,74,14.72,35.91,-20.6647,49.8895,217.579,1
2017-11-19,7,17.5,0.48,2.5,72,12.68,32.46,-19.5167,47.1179,232.941,1
2017-11-19,8,17.8333,0.48,2.33333,70,13.995,33.85,-20.282,48.9656,221.0,1
2017-11-19,9,18.1667,0.48,2.33333,65,67.87,50.29,-20.282,48.9656,212.625,1
2017-11-19,10,18.3333,0.0,2.33333,66,58.575,78.955,-22.1954,53.585,188.779,1
2017-11-19,11,18.6667,0.0,2.66667,61,44.805,56.975,-21.8128,52.6612,191.133,1
2017-11-19,12,20.0,0.48,3.16667,57,44.67,46.81,-29.0667,50.1735,191.314,1
2017-11-19,13,20.3333,1.47,3.66667,59,37.87,48.045,-38.0011,47.7427,156.8,1
2017-11-19,14,21.1667,1.47,4.33333,58,41.48,58.275,-45.9622,45.9622,148.5,1
2017-11-19,15,21.1667,1.47,4.66667,63,32.095,46.815,-48.0835,48.0835,151.2,1
2017-11-19,16,21.3333,1.47,4.66667,67,36.665,51.45,-39.1491,50.5143,153.6,1
2017-11-19,17,21.3333,2.46,4.5,71,51.93,66.955,-37.7349,49.1001,175.304,1
2017-11-20,1,19.6667,1.64,3.0,75,10.47,33.915,-6.50556,54.706,202.926,0
2017-11-20,2,19.8333,1.72,2.83333,80,10.03,32.84,-6.50556,56.706,193.44,0
2017-11-20,3,21.0,1.72,2.83333,79,6.19,29.27,-6.50556,59.706,158.118,0
2017-11-20,4,22.5,1.72,2.5,79,4.86,23.82,0.0,70.0,125.314,0
2017-11-20,5,24.1667,1.72,2.33333,79,10.865,19.6,0.0,54.0,159.508,0
2017-11-20,6,26.5,1.19,2.16667,74,12.655,14.72,0.0,58.0,144.0,0
2017-11-20,7,27.3333,1.09,2.16667,71,12.5,12.68,21.9204,58.6403,135.24,0
2017-11-20,8,28.0,0.48,2.16667,69,17.48,13.995,40.3053,52.6612,157.548,0
2017-11-20,9,27.3333,0.48,2.0,68,23.055,67.87,37.4768,48.9656,165.092,0
2017-11-20,10,26.1667,0.48,2.16667,63,22.93,58.575,37.4768,70.9656,124.754,0
2017-11-20,11,24.8333,0.96,2.33333,58,29.915,44.805,33.9413,66.3462,154.533,0
2017-11-20,12,23.0,0.96,2.66667,53,39.06,44.67,14.8493,63.4015,158.564,0
2017-11-20,13,21.8333,0.48,3.0,51,56.09,37.87,14.8493,61.4015,165.714,0
2017-11-20,14,20.5,0.48,3.33333,54,43.045,41.48,0.0,61.0,183.0,0
2017-11-20,15,20.0,0.48,3.66667,64,52.31,32.095,0.0,58.0,193.44,0
2017-11-20,16,19.5,0.96,3.66667,76,53.58,36.665,0.0,57.0,195.789,0
2017-11-20,17,19.5,0.48,3.66667,90,60.37,51.93,0.0,56.0,202.926,0
2017-11-21,1,8.83333,0.0,2.16667,78,48.025,10.47,-3.8268,53.2388,356.4,0
2017-11-21,2,8.66667,0.0,2.0,80,39.24,10.03,-6.50556,51.706,371.25,0
2017-11-21,3,8.16667,0.0,2.0,80,35.46,6.19,-9.18432,50.1731,395.2,0
2017-11-21,4,8.0,0.0,2.0,82,34.525,4.86,-11.4804,55.7164,374.0,0
2017-11-21,5,7.83333,0.0,2.0,84,45.33,10.865,-14.5418,54.1074,388.267,0
2017-11-21,6,7.16667,0.0,2.0,85,52.59,12.655,-20.9058,51.4714,400.68,0
2017-11-21,7,7.16667,0.0,2.0,89,59.9,12.5,-25.1485,45.7141,458.28,0
2017-11-21,8,7.0,0.0,2.0,82,59.735,17.48,-18.1485,45.7141,420.0,0
2017-11-21,9,7.33333,0.0,2.16667,80,56.06,23.055,-8.32169,36.4753,437.143,0
2017-11-21,10,7.66667,0.0,2.33333,86,40.88,22.93,2.35707,30.0081,420.0,0
2017-11-21,11,7.66667,0.0,2.66667,81,46.475,29.915,17.3319,17.9977,421.2,0
2017-11-21,12,8.16667,0.0,3.0,76,54.365,39.06,29.3934,10.6066,417.6,0
2017-11-21,13,8.66667,0.0,3.5,73,76.96,56.09,44.7573,4.24266,377.4,0
2017-11-21,14,9.33333,0.0,4.0,75,73.23,43.045,52.0,0.0,367.2,0
2017-11-21,15,9.5,0.0,4.16667,79,71.365,52.31,56.0,0.0,327.6,0
2017-11-21,16,9.16667,0.0,4.16667,84,100.7,53.58,39.6851,-3.44412,337.08,0
2017-11-21,17,8.66667,0.0,4.0,92,99.205,60.37,22.294,-6.50556,352.8,0
2017-11-21,18,8.16667,0.0,3.83333,92,101.885,73.19,7.75076,-8.80164,395.2,0
2017-11-22,1,5.83333,0.0,2.5,92,51.895,48.025,-43.9336,-33.1096,514.8,0
2017-11-22,2,5.16667,1.12,2.33333,92,50.975,39.24,-38.4559,-34.6675,540.6,0
2017-11-22,3,5.16667,1.12,2.33333,92,48.775,35.46,-34.4434,-36.067,583.0,0
2017-11-22,4,5.5,2.24,2.33333,92,51.72,34.525,-32.4968,-37.3676,583.0,0
2017-11-22,5,6.16667,2.24,2.5,92,53.335,45.33,-33.911,-38.7818,569.25,0
2017-11-22,6,6.83333,2.24,2.66667,92,72.265,52.59,-34.6181,-39.4889,520.0,0
2017-11-22,7,7.5,2.24,2.83333,92,80.775,59.9,-31.1962,-39.3142,505.44,0
2017-11-22,8,8.16667,1.12,3.16667,92,90.69,59.735,-35.9755,-39.2227,420.0,0
2017-11-22,9,9.0,1.12,3.5,90,76.115,56.06,-36.1835,-36.7247,382.5,0
2017-11-22,10,9.83333,0.0,4.0,86,54.985,40.88,-42.5193,-31.6953,356.4,0
2017-11-22,11,10.3333,0.0,4.66667,92,51.16,46.475,-48.8729,-31.0133,300.0,0
2017-11-22,12,11.0,0.0,5.5,88,79.86,54.365,-24.1449,-18.2853,313.6,0
2017-11-22,13,11.6667,0.0,6.33333,84,64.78,76.96,-27.8404,-9.86636,252.45,0
2017-11-22,14,12.1667,0.0,7.16667,83,74.45,73.23,-24.0313,4.97484,291.877,0
2017-11-22,15,11.8333,0.0,7.66667,85,61.56,71.365,-34.194,9.18432,249.508,0
2017-11-22,16,11.0,0.0,8.0,88,77.4,100.7,-28.5475,20.5231,280.8,0
2017-11-22,17,10.3333,0.0,8.0,90,77.425,99.205,-46.2044,26.18,332.215,0
2017-11-22,18,9.83333,0.0,7.83333,94,82.49,101.885,-51.8613,31.8369,310.708,0
2017-11-23,1,8.16667,0.0,5.16667,92,76.215,51.895,-5.14105,19.9406,360.0,0
2017-11-23,2,8.5,0.0,5.0,93,73.79,50.975,9.93005,12.8695,374.0,0
2017-11-23,3,9.0,0.0,4.83333,93,68.52,48.775,35.609,3.06144,401.85,0
2017-11-23,4,9.33333,0.0,4.66667,93,59.845,51.72,54.0,0.0,366.667,0
2017-11-23,5,10.0,0.0,4.5,94,60.255,53.335,56.0,0.0,314.743,0
2017-11-23,6,10.5,0.0,4.33333,94,70.42,72.265,52.0,0.0,319.2,0
2017-11-23,7,10.8333,0.0,4.0,94,84.16,80.775,55.0,0.0,305.455,0
2017-11-23,8,11.1667,0.0,3.83333,94,84.405,90.69,54.0,0.0,317.127,0
2017-11-23,9,11.6667,0.0,3.83333,89,59.635,76.115,56.0,0.0,294.0,0
2017-11-23,10,11.8333,0.0,4.33333,76,53.545,54.985,59.0,0.0,260.945,0
2017-11-23,11,12.5,0.0,5.0,67,48.44,51.16,36.9134,4.59216,250.364,0
2017-11-23,12,13.5,0.0,6.0,60,65.015,79.86,30.9134,4.59216,261.415,0
2017-11-23,13,14.3333,0.0,7.16667,57,72.975,64.78,34.9134,4.59216,230.4,0
2017-11-23,14,14.0,0.0,8.33333,58,78.975,74.45,35.9134,4.59216,206.7,0
2017-11-23,15,13.5,0.0,9.33333,66,92.61,61.56,58.0,0.0,237.12,0
2017-11-23,16,13.3333,0.0,10.0,65,101.825,77.4,54.0,0.0,284.612,0
2017-11-23,17,13.0,0.0,10.1667,86,92.935,77.425,65.0,0.0,256.941,0
2017-11-23,18,12.5,0.0,10.0,85,99.72,82.49,61.0,0.0,276.48,0
2017-11-24,1,11.6667,0.0,6.16667,78,67.87,76.215,14.6746,8.41896,291.5,0
2017-11-24,2,11.3333,0.0,5.66667,76,43.705,73.79,-9.3358,13.3938,280.8,0
2017-11-24,3,10.8333,0.0,5.33333,77,29.425,68.52,-30.5746,17.2206,294.0,0
2017-11-24,4,10.3333,0.0,5.33333,78,32.31,59.845,-49.8895,20.6647,317.127,0
2017-11-24,5,10.0,0.0,5.33333,79,36.21,60.255,-31.7268,16.4552,353.455,0
2017-11-24,6,9.66667,0.0,5.5,79,60.725,70.42,-40.0418,19.8994,311.564,0
2017-11-24,7,9.33333,0.0,5.66667,77,70.03,84.16,-20.8791,15.6899,355.385,0
2017-11-24,8,9.66667,0.0,5.83333,78,73.18,84.405,-19.0313,14.9245,349.92,0
2017-11-24,9,10.1667,0.0,6.16667,74,54.65,59.635,2.20748,11.0977,312.8,0
2017-11-24,10,11.1667,0.0,6.5,67,57.605,53.545,14.5224,7.6536,313.6,0
2017-11-24,11,12.1667,0.0,7.16667,60,55.74,48.44,9.903,9.567,251.6,0
2017-11-24,12,13.3333,0.0,8.0,55,47.635,65.015,26.0657,5.35752,265.5,0
2017-11-24,13,14.1667,0.0,9.0,54,53.67,72.975,30.0657,5.35752,225.5,0
2017-11-24,14,14.5,0.0,10.0,56,80.22,78.975,34.0657,5.35752,204.429,0
2017-11-24,15,15.0,0.0,10.6667,65,71.925,92.61,61.0,0.0,211.68,0
2017-11-24,16,15.1667,0.0,11.0,73,66.245,101.825,61.0,0.0,218.625,0
2017-11-24,17,15.0,0.0,10.8333,90,84.875,92.935,60.0,0.0,226.8,0
2017-11-24,18,15.0,0.0,10.5,88,74.46,99.72,58.0,0.0,230.4,0
2017-11-25,1,12.1667,0.0,7.66667,74,51.97,67.87,-53.9722,26.9122,284.625,1
2017-11-25,2,11.5,0.0,7.33333,83,52.695,43.705,-47.6754,29.2747,307.8,1
2017-11-25,3,11.1667,0.0,7.0,83,51.75,29.425,-39.3333,35.0037,297.0,1
2017-11-25,4,11.1667,0.0,6.66667,84,42.36,32.31,-34.6866,42.2635,273.48,1
2017-11-25,5,11.3333,0.0,6.33333,86,46.175,36.21,-25.4478,48.4366,282.764,1
2017-11-25,6,11.1667,0.0,6.16667,85,75.21,60.725,-17.6696,51.6584,291.5,1
2017-11-25,7,11.3333,0.0,5.83333,92,72.64,70.03,-2.11322,52.4119,313.5,1
2017-11-25,8,11.6667,0.0,5.66667,92,84.335,73.18,15.4789,41.3254,302.4,1
2017-11-25,9,12.3333,0.0,5.66667,88,71.085,54.65,7.13678,24.8813,262.08,1
2017-11-25,10,13.3333,0.0,5.83333,83,51.23,57.605,7.13678,-12.1187,253.08,1
2017-11-25,11,14.3333,0.0,6.16667,79,46.075,55.74,16.0657,-21.3575,214.338,1
2017-11-25,12,16.0,0.0,6.66667,77,38.725,47.635,-8.95519,-33.3784,187.971,1
2017-11-25,13,17.8333,0.0,7.5,75,43.045,53.67,-10.1631,-26.1631,212.625,1
2017-11-25,14,19.8333,0.0,8.33333,70,51.51,80.22,-43.1337,-43.1337,158.118,1
2017-11-25,15,19.5,0.0,9.0,71,48.345,71.925,-49.4977,-49.4977,120.0,1
2017-11-25,16,18.1667,0.0,9.33333,81,73.145,66.245,-45.255,-45.255,174.0,1
2017-11-26,1,17.6667,1.12,7.0,76,10.085,51.97,-13.0111,51.4119,200.08,1
2017-11-26,2,18.8333,0.0,6.33333,88,12.685,52.695,-7.27092,59.5537,168.505,1
2017-11-26,3,20.0,0.0,5.66667,88,14.54,51.75,0.0,65.0,148.5,1
2017-11-26,4,20.6667,0.0,5.0,89,15.21,42.36,0.0,66.0,152.727,1
2017-11-26,5,20.0,0.0,4.33333,89,12.37,46.175,0.0,63.0,175.304,1
2017-11-26,6,19.0,0.0,3.83333,89,13.005,75.21,0.0,55.0,218.743,1
2017-11-26,7,17.5,0.0,3.33333,86,16.27,72.64,0.0,69.0,193.143,1
2017-11-26,8,16.0,0.0,3.16667,84,65.08,84.335,9.19243,60.0104,238.105,1
2017-11-26,9,14.8333,0.0,3.0,78,86.81,71.085,9.19243,55.0104,254.88,1
2017-11-26,10,14.0,0.0,3.16667,67,64.38,51.23,9.19243,54.0104,257.914,1
2017-11-26,11,13.8333,0.0,3.33333,59,40.145,46.075,9.19243,54.0104,251.631,1
2017-11-26,12,14.0,0.0,3.66667,53,47.755,38.725,0.0,56.0,248.571,1
2017-11-26,13,14.3333,0.0,4.0,50,72.71,43.045,-5.7402,55.8582,239.4,1
2017-11-26,14,14.6667,0.0,4.33333,50,74.855,51.51,-5.7402,56.8582,230.4,1
2017-11-26,15,14.3333,0.0,4.5,54,74.155,48.345,-11.8631,57.6403,212.914,1
2017-11-26,16,13.5,0.0,4.33333,64,80.715,73.145,-16.4552,54.7268,237.12,1
2017-11-27,1,9.33333,0.0,0.833333,62,49.275,10.085,-35.5885,39.9181,356.4,0
2017-11-27,2,9.5,0.0,0.5,70,45.82,12.685,-39.5982,39.5982,339.2,0
2017-11-27,3,9.66667,0.0,0.333333,71,44.45,14.54,-40.3053,40.3053,325.867,0
2017-11-27,4,9.66667,0.0,0.333333,70,40.515,15.21,-41.0124,41.0124,312.8,0
2017-11-27,5,9.66667,0.0,0.5,71,37.6,12.37,-41.0124,41.0124,312.8,0
2017-11-27,6,9.83333,0.0,0.833333,69,36.765,13.005,-41.0124,41.0124,324.48,0
2017-11-27,7,10.0,0.0,1.16667,68,36.18,16.27,-41.7195,41.7195,312.12,0
2017-11-27,8,10.3333,0.0,1.5,67,46.64,65.08,-38.8579,44.8111,300.0,0
2017-11-27,9,10.6667,0.0,1.83333,65,57.54,86.81,-33.201,39.1542,326.8,0
2017-11-27,10,11.5,0.0,2.16667,65,61.895,64.38,-35.3223,41.2755,288.0,0
2017-11-27,11,12.1667,0.0,2.66667,58,52.005,40.145,-28.9583,48.9115,250.364,0
2017-11-27,12,12.3333,0.0,3.16667,53,53.185,47.755,-21.9455,42.9811,286.7,0
2017-11-27,13,12.8333,0.0,3.66667,57,37.775,72.71,-21.9455,42.9811,286.7,0
2017-11-27,14,13.3333,0.0,4.0,58,70.165,74.855,-23.3597,44.3953,277.114,0
2017-11-27,15,13.6667,0.0,4.16667,62,61.29,74.155,-33.9664,41.0019,261.415,0
2017-11-27,16,13.5,0.0,4.16667,72,63.05,80.715,-38.891,38.891,245.1,0
2017-11-27,17,13.1667,0.0,3.83333,77,72.0,75.09,-42.4162,35.3806,248.571,0
2017-11-28,1,16.6667,0.0,0.666667,68,47.435,49.275,51.0,0.0,229.125,0
2017-11-28,2,16.8333,0.0,0.666667,75,46.14,45.82,52.0,0.0,232.737,0
2017-11-28,3,17.0,0.0,0.666667,74,33.3,44.45,69.0,0.0,180.0,0
2017-11-28,4,17.1667,0.0,1.0,74,29.21,40.515,51.0,0.0,232.941,0
2017-11-28,5,16.8333,0.0,1.33333,72,33.97,37.6,51.0,0.0,232.941,0
2017-11-28,6,17.0,0.0,1.5,73,34.34,36.765,51.0,0.0,232.941,0
2017-11-28,7,17.1667,0.0,1.83333,72,49.005,36.18,51.0,0.0,232.941,0
2017-11-28,8,17.1667,0.0,2.16667,72,55.34,46.64,17.3702,6.88824,224.824,0
2017-11-28,9,17.0,0.0,2.5,71,73.715,57.54,17.3702,6.88824,224.824,0
2017-11-28,10,17.0,0.0,2.83333,68,80.76,61.895,16.3702,6.88824,236.733,0
2017-11-28,11,17.0,0.0,3.33333,65,62.35,52.005,0.664201,13.3938,180.0,0
2017-11-28,12,16.6667,0.0,3.83333,61,62.71,53.185,34.294,6.50556,180.0,0
2017-11-28,13,16.1667,0.0,4.33333,60,44.985,37.775,32.294,6.50556,187.425,0
2017-11-28,14,15.5,0.0,4.83333,57,34.98,70.165,31.294,6.50556,202.024,0
2017-11-28,15,14.6667,0.0,5.33333,57,52.73,61.29,60.0,0.0,233.365,0
2017-11-28,16,13.6667,0.0,5.5,66,79.125,63.05,54.0,0.0,273.28,0
2017-11-28,17,12.8333,0.0,5.33333,72,78.175,72.0,65.0,0.0,240.0,0
2017-11-29,1,10.1667,0.0,3.0,74,58.59,47.435,-47.1179,19.5167,353.455,0
2017-11-29,2,10.1667,0.0,2.66667,89,51.57,46.14,-56.3567,23.3435,300.0,0
2017-11-29,3,10.3333,0.63,2.5,87,42.54,33.3,-26.8791,15.6899,334.08,0
2017-11-29,4,10.6667,1.26,2.33333,87,39.215,29.21,-7.64028,11.8631,334.08,0
2017-11-29,5,11.1667,1.26,2.16667,89,43.74,33.97,13.5985,8.03628,317.127,0
2017-11-29,6,11.5,1.26,2.0,90,45.97,34.34,36.7612,3.8268,285.12,0
2017-11-29,7,12.0,2.0,1.83333,93,49.3,49.005,59.0,0.0,260.945,0
2017-11-29,8,12.3333,2.0,1.83333,93,65.905,55.34,25.9896,4.97484,286.7,0
2017-11-29,9,12.8333,1.37,1.83333,91,82.07,73.715,26.9896,4.97484,281.538,0
2017-11-29,10,12.6667,1.22,2.0,76,62.29,80.76,26.9896,4.97484,281.538,0
2017-11-29,11,12.0,1.22,2.16667,71,57.67,62.35,16.8269,9.18432,240.0,0
2017-11-29,12,11.3333,1.22,2.5,67,60.14,62.71,12.8269,9.18432,279.138,0
2017-11-29,13,10.6667,0.96,3.0,65,67.48,44.985,16.5224,0.76536,321.231,0
2017-11-29,14,9.66667,0.96,3.33333,68,68.42,34.98,12.5224,0.76536,366.277,0
2017-11-29,15,8.83333,0.96,3.5,71,79.89,52.73,6.05524,3.44412,355.385,0
2017-11-29,16,8.33333,0.48,3.33333,82,103.375,79.125,-14.3358,6.50556,398.618,0
2017-11-29,17,7.83333,0.48,3.16667,86,101.56,78.175,-21.7268,9.567,360.0,0
2017-11-30,1,6.16667,0.84,1.0,88,78.84,58.59,5.91073,3.73537,517.0,0
2017-11-30,2,6.16667,0.84,0.833333,92,75.495,51.57,3.99733,-0.88403,480.0,0
2017-11-30,3,6.16667,0.84,0.666667,90,69.68,42.54,7.24453,-8.72339,480.0,0
2017-11-30,4,6.16667,0.84,0.666667,88,66.49,39.215,10.109,-17.4866,480.0,0
2017-11-30,5,6.0,1.7,0.666667,89,70.815,43.74,7.89745,-26.6325,528.0,0
2017-11-30,7,6.33333,1.75,0.666667,92,84.665,49.3,-3.69471,-37.7191,498.343,0
2018-10-01,0,9.16667,0.0,8.83333,68,30.2,83.98,38.6851,-3.44412,349.92,0
2018-10-01,1,9.0,0.0,7.83333,70,35.75,70.67,37.6851,-3.44412,363.0,0
2018-10-01,2,9.0,0.0,7.16667,70,33.61,66.89,36.6851,-3.44412,366.667,0
2018-10-01,3,9.0,0.0,6.66667,73,23.51,59.64,54.0,0.0,366.667,0
2018-10-01,4,9.0,0.0,6.16667,73,26.68,58.86,54.0,0.0,366.667,0
2018-10-01,5,9.0,0.0,5.66667,73,35.0,52.3,54.0,0.0,366.667,0
2018-10-01,6,9.0,0.0,5.33333,73,28.4,51.2,54.0,0.0,366.667,0
2018-10-01,7,9.16667,0.0,5.0,87,41.11,56.64,54.0,0.0,366.667,0
2018-10-01,8,9.33333,0.0,4.83333,86,68.68,68.37,55.0,0.0,352.8,0
2018-10-01,9,9.5,0.0,5.33333,76,31.86,62.73,56.0,0.0,339.2,0
2018-10-01,10,9.83333,0.0,6.16667,65,32.42,46.56,37.7612,3.8268,325.867,0
2018-10-01,11,10.3333,0.0,7.5,52,11.62,39.68,18.5985,8.03628,300.0,0
2018-10-01,12,10.6667,0.0,9.0,46,11.06,21.05,-7.8868,16.5216,321.48,0
2018-10-01,13,10.8333,0.0,10.8333,44,10.08,10.8,-25.665,24.2998,309.12,0
2018-10-01,14,11.0,0.0,12.6667,44,11.16,17.7,-43.4432,32.078,297.0,0
2018-10-01,15,11.1667,0.0,14.1667,43,10.27,13.97,-38.4139,38.4139,294.0,0
2018-10-01,16,11.1667,0.0,15.3333,41,22.84,12.92,-32.4607,44.3671,302.4,0
2018-10-01,17,10.8333,0.0,15.8333,42,22.37,11.99,-23.9754,46.8818,305.455,0
2018-10-01,18,10.8333,0.0,16.0,46,52.64,23.6,-9.12607,48.3424,317.127,0
2018-10-01,19,11.1667,0.0,15.6667,50,37.59,74.01,6.43035,50.7268,317.127,0
2018-10-01,20,11.6667,0.0,15.0,55,43.31,76.92,19.8323,52.5746,294.0,0
2018-10-01,21,12.1667,0.0,14.0,63,21.97,60.43,33.9413,55.3462,260.945,0
2018-10-01,22,12.5,0.0,13.0,65,17.55,29.65,36.7697,48.0418,270.327,0
2018-10-01,23,12.8333,0.0,12.0,69,25.28,30.41,28.9915,50.8791,261.415,0
2018-10-02,0,13.3333,0.0,11.1667,72,29.55,30.2,19.7991,50.8686,277.114,0
2018-10-02,1,13.6667,0.0,10.5,76,25.54,35.75,9.89954,51.9343,277.114,0
2018-10-02,2,14.0,0.0,10.0,79,22.51,33.61,10.6066,52.8582,261.415,0
2018-10-02,3,14.3333,0.0,9.66667,82,18.61,23.51,21.9204,54.6403,225.5,0
2018-10-02,4,14.8333,0.0,9.33333,82,15.19,26.68,33.2342,57.4224,204.429,0
2018-10-02,5,15.6667,0.0,9.0,81,17.88,35.0,44.5479,58.2044,195.52,0
2018-10-02,6,16.1667,0.0,8.66667,81,22.19,28.4,45.9622,60.0522,187.425,0
2018-10-02,7,16.5,0.0,8.33333,90,29.08,41.11,46.6693,60.9761,180.0,0
2018-10-02,8,16.8333,0.0,8.0,88,30.32,68.68,36.0626,47.1179,232.941,0
2018-10-02,9,17.3333,0.0,7.83333,82,27.95,31.86,24.0417,49.4119,224.824,0
2018-10-02,10,17.3333,0.0,7.83333,69,22.48,32.42,12.0209,52.706,209.012,0
2018-10-02,11,17.3333,0.0,8.16667,64,18.76,11.62,0.0,53.0,221.0,0
2018-10-02,12,17.6667,0.0,8.5,58,13.09,11.06,0.0,52.0,232.737,0
2018-10-02,13,18.0,0.0,9.16667,53,10.48,10.08,0.0,52.0,220.8,0
2018-10-02,14,18.3333,0.0,10.0,49,10.37,11.16,0.0,55.0,201.318,0
2018-10-02,15,18.6667,0.0,10.6667,44,8.91,10.27,0.0,58.0,188.779,0
2018-10-02,16,19.5,0.0,11.1667,42,11.17,22.84,0.0,60.0,175.137,0
2018-10-02,17,20.1667,0.0,11.3333,41,14.75,22.37,-8.03628,60.4015,167.04,0
2018-10-02,18,20.3333,0.0,11.5,41,25.42,52.64,-16.0726,59.803,165.714,0
2018-10-02,19,20.1667,0.0,11.3333,42,29.75,37.59,-23.7262,57.2806,171.943,0
2018-10-02,20,19.6667,0.0,11.0,43,53.0,43.31,-28.4179,50.6071,191.314,0
2018-10-02,21,19.1667,0.0,10.5,43,22.98,21.97,-32.4025,43.2264,214.5,0
2018-10-02,22,19.1667,0.0,10.0,45,13.55,17.55,-37.4768,37.4768,221.0,0
2018-10-02,23,19.3333,0.48,9.66667,48,9.42,25.28,-32.7851,44.1503,193.765,0
2018-10-03,0,19.8333,0.48,9.33333,53,12.67,29.55,-29.1832,52.4548,163.4,0
2018-10-03,1,20.8333,0.48,9.16667,55,14.07,25.54,-25.2569,60.9761,147.714,0
2018-10-03,2,22.0,0.48,9.16667,58,13.58,22.51,-17.2206,65.5746,135.873,0
2018-10-03,3,22.8333,2.36,9.16667,62,13.47,18.61,-8.80164,69.2492,130.226,0
2018-10-03,4,23.0,4.24,9.16667,73,14.83,15.19,0.0,71.0,135.15,0
2018-10-03,5,23.0,3.76,9.16667,76,11.39,17.88,0.0,69.0,145.75,0
2018-10-03,6,23.0,3.76,9.33333,71,6.93,22.19,0.0,67.0,151.93,0
2018-10-03,7,23.3333,4.27,9.33333,69,7.59,29.08,0.0,67.0,147.0,0
2018-10-03,8,24.0,4.27,9.16667,67,14.15,30.32,0.0,71.0,125.182,0
2018-10-03,9,24.8333,2.39,9.16667,66,8.9,27.95,0.0,54.0,159.508,0
2018-10-03,10,26.0,1.3,9.33333,71,9.65,22.48,0.0,56.0,154.286,0
2018-10-03,11,27.5,1.3,9.5,70,8.02,18.76,0.0,57.0,149.1,0
2018-10-03,12,29.0,1.3,9.5,66,7.88,13.09,0.0,60.0,137.048,0
2018-10-03,13,30.1667,1.27,9.83333,66,7.58,10.48,0.0,63.0,128.981,0
2018-10-03,14,31.0,1.27,10.1667,58,6.93,10.37,0.0,65.0,123.113,0
2018-10-03,15,31.6667,1.27,10.6667,54,5.45,8.91,23.3346,63.488,121.818,0
2018-10-03,16,31.5,0.48,10.8333,52,7.8,11.17,45.9622,60.0522,126.109,0
2018-10-03,17,30.3333,0.48,11.0,55,18.65,14.75,42.4266,55.4328,145.8,0
2018-10-03,18,28.5,0.48,11.0,62,15.42,25.42,36.7697,48.0418,175.886,0
2018-10-03,19,26.0,0.0,10.6667,59,26.88,29.75,51.619,67.4432,143.786,0
2018-10-03,20,23.0,0.0,10.1667,57,28.83,53.0,44.5479,58.2044,179.95,0
2018-10-03,21,20.1667,0.0,9.5,54,17.42,22.98,38.1839,49.8895,225.886,0
2018-10-03,22,18.0,0.0,8.83333,53,11.05,13.55,48.7906,63.7477,193.143,0
2018-10-03,23,16.5,0.0,8.16667,53,7.91,9.42,44.5479,58.2044,216.333,0
2018-10-04,0,15.5,0.0,7.66667,54,8.98,12.67,31.82,56.5746,220.0,0
2018-10-04,1,15.0,0.0,7.33333,55,11.49,14.07,21.2133,57.7164,220.0,0
2018-10-04,2,15.0,0.0,7.16667,56,14.08,13.58,10.6066,58.8582,220.0,0
2018-10-04,3,15.1667,0.0,7.0,56,9.59,13.47,0.0,60.0,220.0,0
2018-10-04,4,15.3333,0.0,7.0,56,7.24,14.83,0.0,61.0,211.68,0
2018-10-04,5,15.5,0.0,7.0,55,10.36,11.39,0.0,62.0,203.52,0
2018-10-04,6,15.6667,0.0,7.0,55,9.76,6.93,0.0,63.0,195.52,0
2018-10-04,7,15.8333,0.0,6.83333,65,6.33,7.59,0.0,64.0,195.0,0
2018-10-04,8,16.0,0.0,6.83333,68,12.34,14.15,0.0,64.0,195.0,0
2018-10-04,9,16.0,0.0,7.0,64,17.97,8.9,0.0,64.0,195.0,0
2018-10-04,10,16.1667,0.0,7.5,69,6.52,9.65,11.3138,62.7821,195.0,0
2018-10-04,11,16.5,0.0,8.16667,59,9.62,8.02,23.3346,62.488,187.425,0
2018-10-04,12,16.8333,0.0,9.0,53,14.03,7.88,36.0626,47.1179,229.125,0
2018-10-04,13,17.1667,0.0,10.1667,51,9.7,7.58,37.4768,48.9656,216.847,0
2018-10-04,14,17.3333,0.0,11.3333,53,5.53,6.93,38.1839,49.8895,213.333,0
2018-10-04,15,17.3333,0.0,12.3333,53,12.93,5.45,37.4768,48.9656,221.0,0
2018-10-04,16,17.0,0.0,13.0,55,10.42,7.8,36.0626,47.1179,236.733,0
2018-10-04,17,16.3333,0.0,13.3333,50,23.31,18.65,36.0626,62.1179,194.133,0
2018-10-04,18,15.1667,0.0,13.1667,59,54.49,15.42,23.3346,59.488,217.412,0
2018-10-04,19,13.6667,0.0,12.8333,65,76.14,26.88,11.3138,54.7821,261.0,0
2018-10-04,20,12.0,0.0,12.0,74,55.07,28.83,7.86964,63.097,248.625,0
2018-10-04,21,10.5,0.0,11.0,81,65.06,17.42,-8.39389,53.2647,325.68,0
2018-10-04,22,9.5,0.0,10.0,80,40.12,11.05,-13.3437,58.2145,320.32,0
2018-10-04,23,8.66667,0.0,9.16667,77,49.575,7.91,-19.7076,49.5784,376.2,0
2018-10-05,0,8.33333,0.0,8.5,80,45.52,8.98,-28.0226,39.0226,411.927,0
2018-10-05,1,8.33333,0.0,7.83333,81,34.76,11.49,-36.3375,42.4667,360.0,0
2018-10-05,2,8.66667,0.0,7.5,79,37.45,14.08,-44.6524,34.9108,360.0,0
2018-10-05,5,8.83333,0.0,6.66667,84,39.85,10.36,-49.8895,20.6647,366.667,0
2018-10-05,6,8.66667,0.0,6.5,84,51.82,9.76,-48.9656,20.282,380.8,0
2018-10-05,7,8.66667,0.0,6.16667,100,50.88,6.33,-48.0418,19.8994,395.2,0
2018-10-05,8,8.66667,0.0,6.0,98,50.98,12.34,-48.0418,19.8994,395.2,0
2018-10-05,9,8.83333,0.0,6.16667,85,46.79,17.97,-48.0418,19.8994,395.2,0
2018-10-05,10,9.0,0.0,7.0,70,34.98,6.52,-48.9656,20.282,380.8,0
2018-10-05,11,9.5,0.0,8.33333,54,19.99,9.62,-49.8895,20.6647,356.4,0
2018-10-05,12,10.1667,0.0,10.0,47,12.26,14.03,-52.6612,21.8128,313.65,0
2018-10-05,13,10.6667,0.0,12.0,45,12.42,9.7,-48.0418,19.8994,326.8,0
2018-10-05,14,11.1667,0.0,14.0,45,8.54,5.53,-50.8134,21.0474,297.0,0
2018-10-05,15,11.3333,0.0,15.6667,45,11.08,12.93,-29.5746,17.2206,273.48,0
2018-10-05,16,11.3333,0.0,17.0,43,11.59,10.42,-9.3358,13.3938,271.745,0
2018-10-05,17,11.0,0.0,17.5,49,14.72,23.31,10.8269,9.18432,291.5,0
2018-10-05,18,10.6667,0.0,17.3333,58,39.85,54.49,30.9134,4.59216,324.8,0
2018-10-05,19,10.3333,0.0,16.8333,66,82.58,76.14,52.0,0.0,348.0,0
2018-10-05,20,10.1667,0.0,15.8333,77,81.09,55.07,62.0,0.0,300.0,0
2018-10-05,21,10.1667,0.0,14.6667,78,63.98,65.06,61.0,0.0,300.0,0
2018-10-05,22,10.3333,0.0,13.3333,73,46.19,40.12,51.0,0.0,340.267,0
2018-10-05,23,10.8333,0.0,12.1667,76,36.75,49.575,53.0,0.0,321.48,0
2018-10-06,0,11.1667,0.0,11.3333,75,31.29,45.52,55.0,0.0,297.0,1
2018-10-06,1,11.5,0.0,10.6667,76,28.0,34.76,57.0,0.0,282.764,1
2018-10-06,2,11.8333,0.0,10.1667,78,27.13,37.45,58.0,0.0,271.745,1
2018-10-06,5,13.0,0.0,9.33333,73,23.83,39.85,52.0,0.0,276.0,1
2018-10-06,6,13.3333,0.0,9.16667,79,21.46,51.82,54.0,0.0,261.415,1
2018-10-06,7,13.8333,0.0,8.83333,86,41.65,50.88,55.0,0.0,251.631,1
2018-10-06,8,14.1667,0.0,8.83333,81,36.52,50.98,57.0,0.0,239.4,1
2018-10-06,9,14.6667,0.0,9.16667,70,31.57,46.79,58.0,0.0,230.4,1
2018-10-06,10,15.3333,0.0,10.0,57,29.89,34.98,60.0,0.0,212.914,1
2018-10-06,11,16.1667,0.0,11.1667,48,27.38,19.99,64.0,0.0,187.68,1
2018-10-06,12,17.1667,0.0,12.6667,43,27.79,12.26,16.4463,7.27092,212.625,1
2018-10-06,13,17.8333,0.0,14.5,41,28.45,12.42,-18.0313,14.9245,191.133,1
2018-10-06,14,18.5,0.0,16.3333,41,29.33,8.54,-53.585,22.1954,188.779,1
2018-10-06,15,18.6667,0.0,18.0,42,32.72,11.08,-53.585,22.1954,193.44,1
2018-10-06,16,18.1667,0.0,19.1667,43,33.24,11.59,-47.1283,26.5627,210.189,1
2018-10-06,17,17.3333,0.0,19.8333,45,34.87,14.72,-40.1812,29.8984,240.505,1
2018-10-06,18,16.1667,0.0,19.8333,54,35.54,39.85,-50.0808,39.798,208.042,1
2018-10-06,19,14.8333,0.0,19.5,60,44.01,82.58,-44.5375,37.5019,241.553,1
2018-10-06,20,13.3333,0.0,18.6667,69,52.1,81.09,-42.6793,29.6905,282.72,1
2018-10-06,21,12.1667,0.0,17.6667,72,59.51,63.98,-51.9181,33.5173,257.92,1
2018-10-06,22,11.3333,0.0,16.5,74,50.36,46.19,-50.5503,26.7375,297.6,1
2018-10-06,23,10.6667,0.0,15.3333,77,43.57,36.75,-49.8895,20.6647,332.215,1
2018-10-07,0,10.1667,0.0,14.3333,79,41.51,31.29,-47.1179,19.5167,353.455,1
2018-10-07,1,10.0,0.51,13.5,78,50.28,28.0,-56.3567,23.3435,300.0,1
2018-10-07,2,10.0,0.51,13.0,80,46.69,27.13,-36.194,19.134,300.0,1
2018-10-07,3,10.0,0.51,12.6667,76,51.84,26.31,-16.9552,15.3072,300.0,1
2018-10-07,4,10.0,0.51,12.3333,76,50.34,24.54,2.2836,11.4804,300.0,1
2018-10-07,5,9.83333,0.51,12.1667,83,51.63,23.83,2.2836,11.4804,300.0,1
2018-10-07,6,9.66667,0.51,12.1667,91,48.1,21.46,3.20748,11.0977,312.12,1
2018-10-07,7,9.5,0.0,12.0,100,50.56,41.65,4.13136,10.715,324.48,1
2018-10-07,8,9.5,0.0,12.0,100,66.04,36.52,-14.1836,14.1592,337.08,1
2018-10-07,9,9.5,0.0,12.1667,89,60.28,31.57,-33.4224,17.986,337.08,1
2018-10-07,10,9.66667,0.0,12.8333,70,51.6,29.89,-52.6612,21.8128,337.08,1
2018-10-07,11,10.1667,0.0,13.8333,61,33.02,27.38,-51.2006,25.7642,312.8,1
2018-10-07,12,10.6667,0.0,15.1667,53,28.65,27.79,-39.1629,29.9625,326.8,1
2018-10-07,13,11.3333,0.0,16.8333,49,27.27,28.45,-35.4401,37.6049,297.0,1
2018-10-07,14,11.8333,0.0,18.5,49,27.89,29.33,-31.1762,45.7886,262.08,1
2018-10-07,15,12.3333,0.0,19.8333,45,28.06,32.72,-21.9374,54.9618,240.0,1
2018-10-07,16,12.8333,0.0,20.8333,45,26.18,33.24,-0.37457,48.1074,286.7,1
2018-10-07,17,13.1667,0.0,21.0,51,31.34,34.87,14.1171,49.9552,271.385,1
2018-10-07,18,13.8333,0.0,20.5,57,39.2,35.54,28.9915,47.8443,261.415,1
2018-10-07,19,14.5,0.0,19.6667,60,26.01,44.01,40.3053,46.1581,232.615,1
2018-10-07,20,15.3333,0.0,18.3333,65,26.17,52.1,46.8188,40.6532,204.429,1
2018-10-07,21,15.8333,0.0,16.8333,63,21.65,59.51,43.6496,24.7076,229.125,1
2018-10-07,22,15.6667,0.0,15.0,63,18.31,50.36,47.1179,19.5167,232.941,1
2018-10-07,23,15.1667,0.0,13.5,62,14.63,43.57,59.1283,24.4915,202.024,1
2018-10-08,0,14.1667,0.0,12.3333,64,19.86,41.51,53.585,22.1954,256.0,0
2018-10-08,1,12.8333,0.0,11.1667,66,18.69,50.28,62.8238,26.0222,240.0,0
2018-10-08,2,11.1667,0.0,10.3333,68,17.14,46.69,54.5089,22.5781,303.525,0
2018-10-08,3,9.83333,0.0,9.33333,78,17.64,51.84,47.1179,19.5167,366.277,0
2018-10-08,4,9.0,0.0,8.5,81,20.07,50.34,55.1179,19.5167,343.938,0
2018-10-08,5,8.5,0.0,7.83333,83,21.33,51.63,51.1074,14.5418,385.527,0
2018-10-08,6,8.16667,0.0,7.16667,82,24.64,48.1,48.3358,7.27092,417.72,0
2018-10-08,7,7.83333,0.0,6.5,94,33.15,50.56,53.9927,1.61404,373.32,0
2018-10-08,8,7.66667,0.0,6.0,93,36.14,66.04,49.7036,-7.16253,402.8,0
2018-10-08,9,7.5,0.0,6.0,87,46.65,60.28,44.0675,-17.0738,421.2,0
2018-10-08,10,7.33333,0.0,6.5,76,31.3,51.6,39.3552,-26.6024,437.25,0
2018-10-08,11,7.33333,0.0,7.16667,66,16.31,33.02,31.3552,-33.6024,453.6,0
2018-10-08,12,7.33333,0.0,8.16667,58,15.07,28.65,23.3552,-41.6024,453.6,0
2018-10-08,13,7.5,0.0,9.5,53,5.68,27.27,12.9027,-45.932,453.6,0
2018-10-08,14,7.66667,0.0,10.6667,51,5.96,27.89,4.18441,-47.6662,443.143,0
2018-10-08,15,7.83333,0.0,11.8333,46,7.15,28.06,-3.8268,-50.1074,425.829,0
2018-10-08,16,8.0,0.0,12.8333,46,10.62,26.18,-9.567,-51.0313,408.857,0
2018-10-08,17,7.83333,0.0,13.6667,46,10.1,31.34,-15.3072,-51.9552,392.229,0
2018-10-08,18,7.66667,0.0,13.6667,57,28.17,39.2,-17.986,-51.4224,405.45,0
2018-10-08,19,7.5,0.0,13.3333,67,65.94,26.01,-17.986,-50.4224,421.2,0
2018-10-08,20,7.16667,0.0,12.6667,76,81.7,26.17,-14.9245,-50.0313,437.25,0
2018-10-08,21,7.0,0.0,11.6667,84,81.32,21.65,-11.8631,-48.6403,470.25,0
2018-10-08,22,7.0,0.0,10.3333,86,60.65,18.31,-14.5418,-55.1074,420.0,0
2018-10-08,23,7.16667,0.0,8.83333,83,60.99,14.63,-14.5418,-55.1074,420.0,0
2018-10-09,0,7.16667,0.0,7.83333,83,56.48,19.86,-17.1373,-53.3733,420.0,0
2018-10-09,1,7.0,0.0,7.0,86,55.5,18.69,-19.0256,-50.932,420.0,0
2018-10-09,2,7.0,0.0,6.33333,89,54.57,17.14,-20.5895,-48.7075,437.143,0
2018-10-09,3,6.83333,0.0,5.83333,92,55.25,17.64,-24.8322,-45.9502,454.629,0
2018-10-09,4,6.5,0.0,5.5,92,52.96,20.07,-30.3755,-41.2463,457.6,0
2018-10-09,5,6.16667,0.0,5.33333,100,54.25,21.33,-35.9187,-37.5423,472.457,0
2018-10-09,6,6.0,0.0,5.16667,100,56.28,24.64,-38.7832,-33.3713,503.25,0
2018-10-09,7,6.0,0.0,4.83333,100,68.75,33.15,-29.7218,-25.9802,538.65,0
2018-10-09,8,6.0,0.0,5.0,100,72.99,36.14,-23.7218,-25.9802,497.25,0
2018-10-09,9,6.0,0.0,5.5,100,76.69,46.65,-12.0649,-20.3233,517.029,0
2018-10-09,10,6.16667,0.0,6.33333,91,59.41,31.3,-1.11516,-15.3736,520.0,0
2018-10-09,11,6.33333,0.0,7.66667,74,53.07,16.31,-3.33966,-8.45214,499.8,0
2018-10-09,12,6.66667,0.0,9.5,64,46.21,15.07,-5.56416,-1.53072,480.0,0
2018-10-09,13,7.0,0.0,11.6667,59,31.42,5.68,-1.86864,6.12288,496.8,0
2018-10-09,14,7.33333,0.0,13.6667,60,25.13,5.96,-1.98224,14.0758,457.6,0
2018-10-09,15,7.5,0.0,15.5,61,22.79,7.15,-13.6391,19.7327,420.0,0
2018-10-09,16,7.16667,0.0,17.1667,59,20.5,10.62,-30.5889,24.6825,451.0,0
2018-10-09,17,6.66667,0.0,18.1667,61,25.38,10.1,-34.1244,28.218,420.0,0
2018-10-09,18,6.16667,0.0,18.1667,75,56.6,28.17,-42.9529,31.0465,472.457,0
2018-10-09,19,5.66667,0.0,17.8333,81,101.8,65.94,-31.4857,28.3677,509.143,0
2018-10-09,20,5.33333,0.0,17.0,87,108.37,81.7,-35.0213,24.8322,480.0,0
2018-10-09,21,5.16667,0.0,15.6667,94,110.52,81.32,-32.7968,17.9107,514.8,0
2018-10-09,22,5.5,0.0,14.0,98,97.73,60.65,-29.6484,10.6066,550.8,0
2018-10-09,23,6.0,0.0,12.5,93,92.35,60.99,-28.9413,0.0,569.25,0
2018-10-10,0,6.16667,0.0,11.5,90,86.65,56.48,-28.2342,-10.6066,575.143,0
2018-10-10,1,6.33333,0.0,10.6667,89,82.43,55.5,-28.8277,-17.8525,570.24,0
2018-10-10,2,6.33333,0.0,10.0,90,78.83,54.57,-30.8354,-23.6841,530.4,0
2018-10-10,3,6.33333,0.0,9.66667,89,70.76,55.25,-33.5503,-28.8086,501.84,0
2018-10-10,4,6.16667,0.0,9.33333,88,66.61,52.96,-44.0935,-31.1047,480.0,0
2018-10-10,5,6.0,0.0,9.0,88,66.05,54.25,-46.1013,-29.8653,480.0,0
2018-10-10,6,6.0,0.0,8.66667,87,68.21,56.28,-47.4019,-27.9187,480.0,0
2018-10-10,7,6.0,0.0,8.16667,100,75.64,68.75,-47.4019,-27.9187,498.343,0
2018-10-10,8,6.0,0.0,8.0,100,80.21,72.99,-46.6948,-27.2116,517.029,0
2018-10-10,9,6.16667,0.0,8.16667,96,73.51,76.69,-45.9877,-26.5045,520.0,0
2018-10-10,10,6.5,0.0,9.16667,83,63.93,59.41,-45.3941,-29.1581,499.8,0
2018-10-10,11,7.0,0.0,10.6667,66,53.55,53.07,-39.9645,-30.2229,517.0,0
2018-10-10,12,7.66667,0.0,12.5,55,35.05,46.21,-40.7852,-34.2908,457.6,0
2018-10-10,13,8.5,0.0,14.8333,48,26.1,31.42,-36.7697,-36.7697,432.0,0
2018-10-10,14,9.33333,0.0,17.1667,47,27.8,25.13,-36.0626,-36.0626,385.0,0
2018-10-10,15,10.0,0.0,19.1667,44,30.52,22.79,-39.5982,-39.5982,314.743,0
2018-10-10,16,10.3333,0.0,20.5,45,29.45,20.5,-33.201,-39.1542,326.8,0
2018-10-10,17,10.5,0.0,21.0,58,36.59,25.38,-30.6638,-42.029,321.48,0
2018-10-10,18,10.5,0.0,20.8333,84,36.21,56.6,-23.5927,-44.9579,329.018,0
2018-10-10,19,10.3333,0.0,20.1667,91,58.1,101.8,-19.6413,-46.4185,341.127,0
2018-10-10,20,10.1667,0.0,18.8333,100,55.09,108.37,-15.6899,-47.8791,353.455,0
2018-10-10,21,10.0,0.0,17.3333,100,53.65,110.52,-19.5167,-57.1179,300.0,0
2018-10-10,22,10.0,0.0,15.8333,96,53.77,97.73,-19.134,-56.194,300.0,0
2018-10-10,23,9.83333,0.0,14.5,93,51.26,92.35,-19.134,-56.194,300.0,0
2018-10-11,0,9.66667,0.0,13.3333,94,46.58,86.65,-22.5781,-54.5089,312.12,0
2018-10-11,1,9.5,0.0,12.3333,92,45.23,82.43,-22.1954,-53.585,324.48,0
2018-10-11,2,9.33333,0.0,11.6667,91,45.71,78.83,-21.8128,-52.6612,337.08,0
2018-10-11,3,9.16667,0.0,11.1667,91,44.53,70.76,-21.4301,-51.7373,349.92,0
2018-10-11,4,9.0,0.0,10.6667,90,44.92,66.61,-21.0474,-50.8134,363.0,0
2018-10-11,5,9.0,0.0,10.1667,89,48.31,66.05,-20.6647,-49.8895,366.667,0
2018-10-11,6,9.0,0.0,9.83333,100,46.33,68.21,-20.6647,-49.8895,366.667,0
2018-10-11,7,9.16667,0.0,9.33333,100,52.7,75.64,-20.6647,-49.8895,366.667,0
2018-10-11,8,9.33333,0.0,9.16667,100,55.63,80.21,-21.0474,-50.8134,352.8,0
2018-10-11,9,9.66667,0.0,9.33333,100,53.29,73.51,-21.4301,-51.7373,339.2,0
2018-10-11,10,10.0,0.0,10.0,81,46.99,63.93,-22.1954,-53.585,312.8,0
2018-10-11,11,10.5,0.0,11.1667,66,47.92,53.55,-19.5167,-47.1179,340.267,0
2018-10-11,12,11.1667,0.0,12.8333,56,41.41,35.05,-24.5579,-47.2883,309.12,0
2018-10-11,13,11.6667,0.0,15.0,51,37.86,26.1,-29.9235,-47.2419,273.48,0
2018-10-11,14,12.1667,0.0,17.1667,51,32.73,27.8,-35.2891,-47.1955,250.364,0
2018-10-11,15,12.3333,0.0,19.1667,46,33.56,30.52,-36.0626,-36.0626,286.7,0
2018-10-11,16,12.3333,0.0,20.5,47,28.84,29.45,-32.1694,-38.6638,291.877,0
2018-10-11,17,12.1667,0.0,21.3333,54,32.01,36.59,-36.3789,-48.8265,249.508,0
2018-10-11,18,11.8333,0.0,21.1667,80,36.36,36.21,-31.396,-49.7968,269.077,0
2018-10-11,19,11.5,0.0,20.5,83,53.53,58.1,-26.413,-50.767,289.385,0
2018-10-11,20,11.1667,0.0,19.3333,92,56.49,55.09,-21.4301,-51.7373,302.4,0
2018-10-11,21,10.8333,0.0,17.8333,89,49.92,53.65,-21.0474,-50.8134,305.455,0
2018-10-11,22,10.6667,0.0,16.5,82,50.91,53.77,-23.909,-47.7218,317.127,0
2018-10-11,23,10.3333,0.0,15.0,81,54.46,51.26,-26.7706,-44.6302,329.018,0
2018-10-12,0,10.0,0.0,14.0,86,56.71,46.58,-28.9251,-40.8316,353.455,0
2018-10-12,1,9.5,0.0,13.1667,89,55.01,45.23,-35.2891,-47.1955,311.564,0
2018-10-12,2,8.83333,0.0,12.5,91,52.88,45.71,-36.7365,-42.6897,347.564,0
2018-10-12,3,8.33333,0.0,12.0,93,53.35,44.53,-37.4768,-37.4768,389.88,0
2018-10-12,4,7.83333,0.0,11.5,91,52.94,44.92,-42.4266,-42.4266,360.0,0
2018-10-12,5,7.66667,0.0,11.3333,97,58.81,48.31,-40.3053,-40.3053,400.68,0
2018-10-12,6,7.5,0.0,11.0,100,59.5,46.33,-40.6252,-36.2956,417.6,0
2018-10-12,7,7.66667,0.0,10.5,100,62.18,52.7,-41.6523,-32.9931,432.667,0
2018-10-12,8,8.0,0.0,10.5,100,66.33,55.63,-43.6032,-30.0732,421.2,0
2018-10-12,9,8.5,0.0,10.8333,93,57.6,53.29,-46.2612,-27.8604,392.229,0
2018-10-12,10,9.5,0.0,11.6667,73,46.69,46.99,-45.6005,-21.7877,393.6,0
2018-10-12,11,10.6667,0.0,13.0,55,39.0,47.92,-27.6507,-16.8379,313.65,0
2018-10-12,12,12.0,0.0,14.8333,44,37.11,41.41,2.13136,-10.715,275.6,0
2018-10-12,13,13.1667,0.0,17.0,40,34.65,37.86,34.7612,-3.8268,241.92,0
2018-10-12,14,14.1667,0.0,19.0,40,34.44,32.73,60.0,0.0,205.477,0
2018-10-12,15,14.6667,0.0,20.6667,38,37.82,33.56,62.0,0.0,203.52,0
2018-10-12,16,14.3333,0.0,21.8333,39,39.5,28.84,60.0,0.0,226.8,0
2018-10-12,17,13.5,0.0,22.1667,47,42.02,32.01,55.0,0.0,269.925,0
2018-10-12,18,12.3333,0.0,21.6667,67,54.28,36.36,45.7612,-3.8268,248.625,0
2018-10-12,19,11.1667,0.0,21.0,69,68.54,53.53,21.4463,-7.27092,305.52,0
2018-10-12,20,10.1667,0.0,19.8333,77,78.55,56.49,-1.86864,-10.715,354.738,0
2018-10-12,21,9.33333,0.0,18.3333,82,87.02,49.92,-10.1836,-14.1592,321.6,0
2018-10-12,22,8.83333,0.0,16.6667,83,80.37,50.91,-15.1836,-14.1592,360.0,0
2018-10-12,23,8.33333,0.0,15.1667,83,63.82,54.46,-18.1836,-14.1592,389.88,0
2018-10-13,0,8.0,0.0,14.0,88,71.1,56.71,-11.1836,-14.1592,360.0,1
2018-10-13,1,7.66667,0.0,12.8333,91,60.52,55.01,5.05524,-10.3324,388.267,1
2018-10-13,2,7.33333,0.0,12.0,94,65.92,52.88,20.3702,-6.88824,417.6,1
2018-10-13,3,7.16667,0.0,11.5,92,67.29,53.35,35.6851,-3.44412,448.0,1
2018-10-13,4,7.0,0.0,11.0,92,59.84,52.94,51.0,0.0,470.25,1
2018-10-13,5,7.0,0.0,10.6667,90,60.16,58.81,58.0,0.0,420.0,1
2018-10-13,6,7.0,0.0,10.5,88,60.07,59.5,57.0,0.0,436.05,1
2018-10-13,7,7.0,0.0,10.1667,100,81.92,62.18,42.5328,-2.67876,437.143,1
2018-10-13,8,7.0,0.0,10.0,100,86.63,66.33,29.0657,-5.35752,437.143,1
2018-10-13,9,7.16667,0.0,10.1667,92,77.07,57.6,15.5985,-8.03628,437.143,1
2018-10-13,10,7.5,0.0,11.0,74,59.92,46.69,1.20748,-11.0977,420.0,1
2018-10-13,11,8.0,0.0,12.3333,55,39.19,39.0,-3.79252,-11.0977,443.143,1
2018-10-13,12,8.5,0.0,14.1667,44,34.31,37.11,-0.792519,-11.0977,392.229,1
2018-10-13,13,9.16667,0.0,16.3333,39,29.87,34.65,8.67464,-8.41896,393.6,1
2018-10-13,14,9.83333,0.0,18.5,38,28.86,34.44,4.97912,-9.94968,329.829,1
2018-10-13,15,10.1667,0.0,20.3333,36,30.44,37.82,8.67464,-8.41896,340.267,1
2018-10-13,16,10.3333,0.0,21.6667,37,33.84,39.5,-9.56416,-12.2458,334.08,1
2018-10-13,17,10.1667,0.0,22.1667,44,35.04,42.02,-26.6353,-19.3169,334.08,1
2018-10-13,18,10.0,0.0,21.6667,69,51.66,54.28,-42.9992,-25.6808,353.455,1
2018-10-13,19,9.5,0.0,20.8333,74,70.71,68.54,-46.4434,-33.9958,311.564,1
2018-10-13,20,9.0,0.0,19.5,84,82.17,78.55,-39.3421,-37.1773,347.564,1
2018-10-13,21,8.66667,0.0,17.8333,90,79.4,87.02,-34.8363,-38.6247,376.32,1
2018-10-13,22,8.5,0.0,16.0,88,69.83,80.37,-31.2544,-40.4548,403.68,1
2018-10-13,23,8.5,0.0,14.5,83,75.64,63.82,-30.5473,-39.7477,409.867,1
2018-10-14,0,8.5,0.0,13.3333,89,68.96,71.1,-30.5473,-39.7477,409.867,1
2018-10-14,1,8.5,0.0,12.1667,94,65.63,60.52,-33.4672,-37.7968,401.85,1
2018-10-14,2,8.5,0.0,11.3333,96,67.39,65.92,-36.0626,-36.0626,401.85,1
2018-10-14,3,8.5,0.0,10.8333,94,66.5,67.29,-36.0626,-36.0626,401.85,1
2018-10-14,4,8.33333,0.0,10.5,94,68.9,59.84,-37.7968,-33.4672,409.867,1
2018-10-14,5,8.16667,0.0,10.1667,100,71.9,60.16,-45.1878,-36.5286,360.0,1
2018-10-14,6,8.0,0.0,9.83333,100,70.72,60.07,-46.2149,-33.2261,374.0,1
2018-10-14,7,8.16667,0.0,9.66667,100,67.86,81.92,-47.2419,-29.9235,388.267,1
2018-10-14,8,8.33333,0.0,9.66667,100,70.84,86.63,-49.1928,-27.0036,374.85,1
2018-10-14,9,8.83333,0.0,10.0,88,79.26,77.07,-51.8509,-24.7909,360.0,1
2018-10-14,10,9.5,0.0,10.8333,64,50.2,59.92,-48.9656,-20.282,371.25,1
2018-10-14,11,10.6667,0.0,12.3333,47,32.59,39.19,-52.6612,-21.8128,313.65,1
2018-10-14,12,12.0,0.0,14.3333,38,29.17,34.31,-51.7373,-21.4301,275.6,1
2018-10-14,13,13.3333,0.0,16.5,34,27.64,29.87,-49.8895,-20.6647,248.727,1
2018-10-14,14,14.6667,0.0,18.6667,34,28.59,28.86,-55.4328,-22.9608,197.6,1
2018-10-14,15,15.3333,0.0,20.5,31,19.99,30.44,-60.0522,-24.8742,180.0,1
2018-10-14,16,15.3333,0.0,21.6667,32,18.13,33.84,-60.0522,-24.8742,187.425,1
2018-10-14,17,14.6667,0.0,22.0,36,29.38,35.04,-56.3567,-23.3435,225.318,1
2018-10-14,18,13.6667,0.0,21.5,47,39.62,51.66,-50.8134,-21.0474,275.718,1
2018-10-14,19,12.3333,0.0,20.6667,53,58.9,70.71,-60.0522,-24.8742,256.941,1
2018-10-14,20,11.0,0.0,19.3333,63,59.65,82.17,-52.6612,-21.8128,315.52,1
2018-10-14,21,10.0,0.0,17.8333,69,39.48,79.4,-47.1179,-19.5167,359.9,1
2018-10-14,22,9.5,0.0,16.3333,70,41.27,69.83,-55.4328,-22.9608,322.4,1
2018-10-14,23,9.16667,0.0,14.8333,70,34.3,75.64,-52.6612,-21.8128,347.564,1
2018-10-15,0,9.0,0.0,13.6667,72,34.65,68.96,-50.8134,-21.0474,363.0,0
2018-10-15,1,9.16667,0.0,12.6667,68,29.92,65.63,-49.8895,-20.6647,366.667,0
2018-10-15,2,9.33333,0.0,12.0,68,29.65,67.39,-50.8134,-21.0474,352.8,0
2018-10-15,3,9.5,0.0,11.6667,63,30.99,66.5,-51.7373,-21.4301,339.2,0
2018-10-15,4,9.66667,0.0,11.5,66,28.77,68.9,-52.6612,-21.8128,325.867,0
2018-10-15,5,9.83333,0.0,11.3333,69,30.42,71.9,-53.585,-22.1954,312.8,0
2018-10-15,6,10.0,0.0,11.3333,70,34.57,70.72,-54.5089,-22.5781,300.0,0
2018-10-15,7,10.0,0.0,11.1667,82,35.2,67.86,-55.4328,-22.9608,300.0,0
2018-10-15,8,10.0,0.0,11.1667,82,39.02,70.84,-55.4328,-22.9608,300.0,0
2018-10-15,9,10.1667,0.0,11.1667,71,34.99,79.26,-55.4328,-22.9608,300.0,0
2018-10-15,10,11.5,0.0,11.8333,51,30.46,50.2,-47.1179,-19.5167,346.92,0
2018-10-15,11,13.3333,0.0,13.0,40,25.12,32.59,-19.8791,-15.6899,250.92,0
2018-10-15,12,15.3333,0.0,14.5,33,23.75,29.17,19.5985,-8.03628,180.0,0
2018-10-15,13,17.1667,0.0,16.3333,31,22.54,27.64,61.0,0.0,163.4,0
2018-10-15,14,18.8333,0.0,18.1667,32,22.09,28.59,64.0,0.0,159.6,0
2018-10-15,15,19.8333,0.0,19.8333,29,23.66,19.99,63.0,0.0,170.564,0
2018-10-15,16,19.1667,0.0,20.6667,29,23.77,18.13,58.0,0.0,198.0,0
2018-10-15,17,17.6667,0.0,21.0,31,27.81,29.38,24.0657,-5.35752,244.26,0
2018-10-15,18,15.8333,0.0,20.5,40,46.27,39.62,12.9791,-9.94968,229.14,0
2018-10-15,19,14.0,0.0,19.6667,46,68.7,58.9,-17.1836,-14.1592,284.612,0
2018-10-15,20,12.1667,0.0,18.3333,55,80.86,59.65,-26.4224,-17.986,265.624,0
2018-10-15,21,10.8333,0.0,16.8333,61,62.46,39.48,-51.7373,-21.4301,318.171,0
2018-10-15,22,9.83333,0.0,15.5,65,76.26,41.27,-47.1179,-19.5167,359.9,0
2018-10-15,23,9.16667,0.0,14.1667,69,53.17,34.3,-54.5089,-22.5781,333.9,0
2018-10-16,0,8.66667,0.0,13.1667,75,55.27,34.65,-50.8134,-21.0474,372.655,0
2018-10-16,1,8.33333,0.0,12.1667,78,47.13,29.92,-48.0418,-19.8994,403.68,0
2018-10-16,2,8.16667,0.0,11.5,77,46.4,29.65,-55.4328,-22.9608,360.0,0
2018-10-16,3,8.16667,0.0,11.0,72,45.52,30.99,-53.585,-22.1954,374.0,0
2018-10-16,4,8.33333,0.0,10.5,68,42.17,28.77,-53.585,-22.1954,374.0,0
2018-10-16,5,8.5,0.0,10.1667,65,46.23,30.42,-53.585,-22.1954,360.0,0
2018-10-16,6,8.66667,0.0,10.0,65,72.01,34.57,-47.1179,-19.5167,401.85,0
2018-10-16,7,8.83333,0.0,9.83333,78,76.57,35.2,-48.0418,-19.8994,386.4,0
2018-10-16,8,9.0,0.0,9.66667,76,75.16,39.02,-48.9656,-20.282,371.25,0
2018-10-16,9,9.33333,0.0,9.83333,65,69.18,34.99,-32.5746,-17.2206,366.667,0
2018-10-16,10,9.66667,0.0,10.5,50,58.66,30.46,-13.2597,-13.7765,339.2,0
2018-10-16,11,10.3333,0.0,11.6667,39,39.63,25.12,6.05524,-10.3324,312.8,0
2018-10-16,12,11.3333,0.0,13.1667,32,28.49,23.75,35.6851,-3.44412,313.6,0
2018-10-16,13,12.6667,0.0,15.1667,29,27.95,22.54,59.0,0.0,240.0,0
2018-10-16,14,14.0,0.0,17.1667,29,28.44,22.09,56.0,0.0,228.0,0
2018-10-16,15,14.8333,0.0,19.0,29,31.3,23.66,62.0,0.0,188.308,0
2018-10-16,16,15.3333,0.0,20.1667,29,32.25,23.77,65.0,0.0,180.0,0
2018-10-16,17,15.3333,0.0,20.6667,33,36.06,27.81,37.0657,-5.35752,202.024,0
2018-10-16,18,14.6667,0.0,20.5,39,49.82,46.27,8.05524,-10.3324,233.365,0
2018-10-16,19,13.5,0.0,19.8333,44,62.27,68.7,-19.1074,-14.5418,279.0,0
2018-10-16,20,12.1667,0.0,18.8333,51,75.78,80.86,-28.3462,-18.3686,257.4,0
2018-10-16,21,11.0,0.0,17.5,54,53.64,62.46,-52.6612,-21.8128,307.8,0
2018-10-16,22,10.0,0.0,16.1667,56,49.28,76.26,-30.7268,-16.4552,354.738,0
2018-10-16,23,9.16667,0.0,14.8333,59,39.17,53.17,-22.7268,-16.4552,332.677,0
2018-10-17,0,8.66667,0.0,13.6667,62,40.11,55.27,-2.7164,-11.4804,372.655,0
2018-10-17,1,8.33333,0.0,12.6667,63,40.82,47.13,15.4463,-7.27092,403.68,0
2018-10-17,2,8.16667,0.0,12.0,64,44.12,46.4,23.4463,-7.27092,360.0,0
2018-10-17,3,8.0,0.0,11.5,62,46.27,45.52,25.294,-6.50556,374.0,0
2018-10-17,4,8.0,0.0,11.1667,62,46.39,42.17,26.2179,-6.12288,388.267,0
2018-10-17,5,8.0,0.0,11.0,62,47.72,46.23,9.82688,-9.18432,390.0,0
2018-10-17,6,8.0,0.0,11.0,65,60.36,72.01,-5.56416,-12.2458,390.0,0
2018-10-17,7,8.0,0.0,10.8333,67,56.78,76.57,-20.9552,-15.3072,390.0,0
2018-10-17,8,8.0,0.0,10.8333,66,72.72,75.16,-36.3462,-18.3686,390.0,0
2018-10-17,9,8.16667,0.0,11.1667,60,71.09,69.18,-50.0031,-24.0255,390.0,0
2018-10-17,10,8.5,0.0,11.6667,59,60.48,58.66,-50.927,-24.4082,374.85,0
2018-10-17,11,9.0,0.0,12.6667,48,48.94,39.63,-26.1449,-18.2853,401.85,0
2018-10-17,12,9.66667,0.0,14.0,44,45.17,28.49,-7.75388,-15.2239,356.4,0
2018-10-17,13,10.3333,0.0,15.6667,41,38.54,27.95,11.6372,-12.1624,300.0,0
2018-10-17,14,11.1667,0.0,17.3333,40,33.94,28.44,13.5985,-8.03628,300.667,0
2018-10-17,15,11.5,0.0,18.6667,40,36.24,31.3,9.903,-9.567,262.08,0
2018-10-17,16,11.5,0.0,19.6667,41,37.21,32.25,-10.2597,-13.7765,260.945,0
2018-10-17,17,11.0,0.0,19.8333,39,41.92,36.06,-30.4985,-17.6033,280.8,0
2018-10-17,18,10.1667,0.0,19.3333,49,59.35,49.82,-49.8895,-20.6647,324.8,0
2018-10-17,19,9.33333,0.0,18.5,60,80.5,62.27,-56.3567,-23.3435,311.1,0
2018-10-17,20,8.16667,0.0,17.3333,69,86.23,75.78,-51.7373,-21.4301,378.831,0
2018-10-17,21,7.5,0.0,15.8333,75,79.44,53.64,-57.2806,-23.7262,371.908,0
2018-10-17,22,7.0,0.0,14.3333,76,77.2,49.28,-51.7373,-21.4301,426.0,0
2018-10-17,23,6.83333,0.0,13.1667,76,72.39,39.17,-34.5746,-17.2206,473.28,0
2018-10-18,0,6.66667,0.0,12.1667,83,77.33,40.11,-27.5746,-17.2206,434.52,0
2018-10-18,1,6.5,0.0,11.5,79,77.12,40.82,-12.3358,-13.3938,469.05,0
2018-10-18,2,6.5,0.0,11.1667,76,72.14,44.12,-10.488,-8.03628,490.629,0
2018-10-18,3,6.5,0.41,11.0,78,68.65,46.27,-9.56416,-3.06144,509.143,0
2018-10-18,4,6.33333,0.41,11.0,77,71.85,46.39,-9.56416,2.29608,496.8,0
2018-10-18,5,6.16667,0.41,11.0,75,68.0,47.72,-9.56416,6.88824,509.143,0
2018-10-18,6,6.16667,0.41,11.3333,77,71.33,60.36,-8.64028,11.8631,528.0,0
2018-10-18,9,6.0,0.0,11.1667,88,85.29,71.09,-39.2701,18.7513,499.8,0
2018-10-18,10,6.16667,0.0,11.6667,80,74.58,60.48,-49.5128,22.994,499.8,0
2018-10-18,12,6.83333,0.0,13.6667,55,55.71,45.17,-44.0831,24.0587,517.0,0
2018-10-18,13,7.33333,0.0,15.1667,49,53.845,38.54,-44.1967,27.4195,477.0,0
2018-10-18,14,7.83333,0.0,16.8333,47,46.47,33.94,-42.0975,33.4383,420.0,0
2018-10-18,15,8.33333,0.0,18.3333,46,48.41,36.24,-34.4551,37.1611,413.4,0
2018-10-18,16,8.33333,0.0,19.3333,47,51.73,37.21,-28.9118,43.865,360.0,0
2018-10-18,18,7.66667,0.0,19.1667,60,81.92,59.35,-9.00957,47.6534,390.0,0
2018-10-18,19,7.16667,0.0,18.3333,66,88.65,80.5,0.88997,46.2392,421.2,0
2018-10-18,20,6.66667,0.0,17.3333,76,98.8,86.23,10.7895,44.825,463.6,0
2018-10-18,21,6.16667,0.0,15.8333,89,96.62,79.44,15.0322,49.0676,435.2,0
2018-10-18,22,6.0,0.0,14.1667,99,86.16,77.2,24.0196,43.0488,482.4,0
2018-10-18,23,6.0,0.0,12.6667,100,90.96,72.39,33.007,37.03,532.0,0
2018-10-19,0,6.0,0.0,11.5,100,82.03,77.33,38.5503,39.326,496.4,0
2018-10-19,1,6.0,0.0,10.5,99,82.23,77.12,44.0935,32.6221,517.029,0
2018-10-19,2,6.0,0.0,9.66667,97,78.57,72.14,44.687,28.451,520.0,0
2018-10-19,3,6.0,0.0,9.16667,94,77.94,68.65,45.9877,26.5045,520.0,0
2018-10-19,9,6.33333,0.0,8.33333,100,78.52,85.29,50.8134,21.0474,499.8,0
2018-10-19,10,6.83333,0.0,8.66667,82,76.36,74.58,51.7373,21.4301,480.0,0
2018-10-19,12,8.16667,0.0,10.3333,66,80.09,55.71,47.1179,19.5167,451.0,0
2018-10-19,13,9.0,0.0,11.6667,61,67.9,53.845,50.8134,21.0474,377.4,0
2018-10-19,14,9.66667,0.0,13.3333,58,55.28,46.47,49.8895,20.6647,345.257,0
2018-10-19,15,10.3333,0.0,14.6667,54,50.15,48.41,47.1179,19.5167,340.267,0
2018-10-19,16,10.6667,0.0,15.5,59,50.53,51.73,48.9656,20.282,321.48,0
2018-10-19,18,10.8333,0.0,15.8333,70,73.18,81.92,50.8134,21.0474,305.455,0
2018-10-19,19,10.5,0.0,15.5,74,68.6,88.65,49.8895,20.6647,317.127,0
2018-10-19,20,10.0,0.0,14.8333,79,79.08,98.8,48.0418,19.8994,341.127,0
2018-10-19,21,9.33333,0.0,14.1667,82,79.95,96.62,55.4328,22.9608,311.564,0
2018-10-19,22,8.5,0.0,13.6667,83,82.17,86.16,51.7373,21.4301,360.0,0
2018-10-19,23,7.66667,0.0,13.3333,84,79.96,90.96,47.1179,19.5167,425.455,0
2018-10-20,0,7.0,0.0,13.1667,85,73.4,82.03,52.6612,21.8128,412.364,1
2018-10-20,1,6.5,0.0,12.8333,86,70.51,82.23,48.4985,17.6033,473.28,1
2018-10-20,2,6.16667,0.0,12.6667,86,61.49,78.57,54.0418,15.3072,449.28,1
2018-10-20,3,6.0,0.0,12.3333,90,56.95,77.94,50.3462,9.18432,498.667,1
2018-10-20,8,6.66667,0.0,11.0,81,63.33,78.79,50.0727,9.89954,480.0,1
2018-10-20,9,7.33333,0.0,11.0,77,41.26,78.52,44.1863,13.2603,496.8,1
2018-10-20,10,7.83333,0.0,11.1667,82,41.22,76.36,45.7141,22.6275,420.0,1
2018-10-20,11,8.5,0.0,11.3333,85,42.37,76.86,40.5348,31.2876,413.4,1
2018-10-20,12,9.33333,0.0,11.6667,73,41.56,80.09,36.0626,36.0626,393.6,1
2018-10-20,13,10.3333,0.0,12.0,62,31.54,67.9,39.5982,39.5982,314.743,1
2018-10-20,14,11.5,0.0,12.3333,53,28.65,55.28,38.1839,41.0019,309.12,1
2018-10-20,15,12.5,0.0,12.6667,49,35.05,50.15,41.7195,47.789,240.0,1
2018-10-20,16,13.8333,0.0,12.5,51,42.71,50.53,39.5982,49.136,235.2,1
2018-10-20,17,14.8333,0.0,12.1667,54,42.94,53.82,43.1337,52.6716,196.8,1
2018-10-20,18,15.3333,0.0,11.5,56,28.59,73.18,45.255,51.9749,187.68,1
2018-10-20,19,15.3333,0.0,10.8333,56,37.08,68.6,45.255,48.7234,195.0,1
2018-10-20,20,14.8333,0.0,10.1667,57,34.53,79.08,43.1337,43.1337,225.318,1
2018-10-20,21,14.1667,0.0,9.5,58,33.0,79.95,39.5982,39.5982,261.0,1
2018-10-20,22,13.5,0.0,9.0,60,27.97,82.17,39.371,32.8766,292.32,1
2018-10-20,23,13.0,0.0,8.66667,62,25.25,79.96,51.3814,37.8514,240.0,1
2018-10-21,0,12.5,0.0,8.5,64,25.02,73.4,52.7852,32.2196,240.0,1
2018-10-21,1,12.3333,0.0,8.16667,69,23.78,70.51,54.6793,27.6193,240.0,1
2018-10-21,2,12.1667,0.0,7.83333,74,26.7,61.49,57.2806,23.7262,240.0,1
2018-10-21,3,11.8333,0.0,7.5,76,24.58,56.95,56.3567,23.3435,259.2,1
2018-10-21,4,11.3333,0.0,7.16667,79,27.71,57.04,53.585,22.1954,289.385,1
2018-10-21,5,10.8333,0.0,6.83333,83,28.07,60.01,50.8134,21.0474,313.5,1
2018-10-21,6,10.3333,0.0,6.33333,85,31.5,59.02,49.7268,16.4552,336.3,1
2018-10-21,7,9.66667,0.0,5.83333,79,43.09,64.6,58.7268,16.4552,300.0,1
2018-10-21,8,9.0,0.0,5.33333,94,47.32,63.33,55.6403,11.8631,335.345,1
2018-10-21,9,8.66667,0.0,5.0,91,68.99,41.26,52.4776,7.6536,376.32,1
2018-10-21,10,8.16667,0.0,5.33333,86,86.09,41.22,51.2388,3.8268,403.68,1
2018-10-21,11,7.66667,0.0,5.83333,79,75.6,42.37,57.706,1.14804,373.32,1
2018-10-21,12,7.33333,0.0,6.83333,70,70.45,41.56,53.4169,-7.62853,414.72,1
2018-10-21,13,7.16667,0.0,8.16667,62,53.68,31.54,48.3667,-12.5783,448.0,1
2018-10-21,14,7.16667,0.0,9.5,58,36.2,28.65,45.8339,-15.2571,470.25,1
2018-10-21,15,7.0,0.0,10.8333,53,39.91,35.05,52.301,-17.9358,420.0,1
2018-10-21,16,6.83333,0.0,11.6667,51,32.85,42.71,51.301,-17.9358,420.0,1
2018-10-21,17,6.66667,0.0,12.0,60,59.89,42.94,50.301,-17.9358,452.4,1
2018-10-21,18,6.33333,0.0,11.6667,71,58.04,28.59,48.301,-17.9358,472.457,1
2018-10-21,19,5.66667,0.0,11.0,78,88.71,37.08,46.8339,-15.2571,509.143,1
2018-10-21,20,4.83333,0.0,10.1667,87,86.37,34.53,49.6055,-16.4051,517.029,1
2018-10-21,21,4.0,0.0,9.0,93,97.51,33.0,50.3709,-18.2529,540.0,1
2018-10-21,22,3.5,0.0,7.66667,96,81.9,27.97,44.6557,-15.1509,641.143,1
2018-10-21,23,3.16667,0.0,6.5,99,85.64,25.25,41.8841,-16.2989,641.829,1
2018-10-22,0,3.16667,0.0,5.5,100,79.78,25.02,40.9343,-11.3491,707.143,0
2018-10-22,1,3.66667,0.0,4.5,100,78.12,23.78,45.9343,-11.3491,660.0,0
2018-10-22,2,4.33333,0.0,3.83333,100,64.36,26.7,33.9239,-6.37428,681.943,0
2018-10-22,3,5.0,0.0,3.33333,97,51.63,24.58,21.9134,-1.39944,704.229,0
2018-10-22,4,5.5,0.0,3.0,94,44.03,27.71,9.37016,0.89664,707.2,0
2018-10-22,5,5.83333,0.0,2.66667,95,43.75,28.07,-2.17312,3.19272,707.2,0
2018-10-22,6,6.0,0.0,2.5,99,48.16,31.5,-12.4158,7.43538,685.44,0
2018-10-22,7,6.0,0.0,2.33333,100,72.6,43.09,-24.4301,12.8261,600.0,0
2018-10-22,8,6.16667,0.0,2.0,100,84.18,47.32,-25.9011,21.9123,556.5,0
2018-10-22,9,6.33333,0.0,2.0,100,80.19,68.99,-34.8509,26.8621,501.84,0
2018-10-22,10,6.83333,0.0,2.5,81,82.13,86.09,-42.5296,33.3292,480.0,0
2018-10-22,11,7.5,0.0,3.66667,66,57.9,75.6,-37.8071,35.1011,477.0,0
2018-10-22,12,8.33333,0.0,5.16667,56,34.7,70.45,-30.5473,39.7477,451.0,0
2018-10-22,13,9.33333,0.0,7.0,50,30.44,53.68,-30.5141,45.6677,360.0,0
2018-10-22,14,10.3333,0.0,9.0,47,34.82,36.2,-22.0288,49.1824,314.743,0
2018-10-22,15,11.1667,0.0,10.8333,44,34.18,39.91,-14.4003,50.7655,288.0,0
2018-10-22,16,11.5,0.0,12.0,43,42.02,32.85,-8.03628,56.4015,262.08,0
2018-10-22,17,11.5,0.94,12.5,52,50.39,59.89,-4.20948,58.1627,260.945,0
2018-10-22,18,11.5,0.94,12.6667,68,46.42,58.04,0.0,58.0,280.8,0
2018-10-22,19,11.6667,0.94,12.3333,78,46.41,88.71,7.77821,56.1627,299.815,0
2018-10-22,20,11.8333,1.42,11.8333,80,49.0,86.37,16.9706,52.3551,291.5,0
2018-10-22,21,12.1667,1.42,11.0,82,34.19,97.51,26.8702,50.2547,260.945,0
2018-10-22,22,12.5,1.42,10.1667,81,29.77,81.9,36.7697,39.1542,270.327,0
2018-10-22,23,13.0,0.48,9.33333,77,23.7,85.64,41.0019,33.9664,261.415,0
2018-10-23,0,13.1667,0.48,8.5,76,28.21,79.78,43.82,29.7488,267.429,0
2018-10-23,1,12.8333,0.48,7.83333,75,28.52,78.12,45.007,24.4414,286.971,0
2018-10-23,2,12.3333,0.0,7.16667,75,31.93,64.36,52.7852,32.2196,249.171,0
2018-10-23,3,11.8333,0.0,6.5,77,28.37,51.63,50.6639,32.4827,269.077,0
2018-10-23,4,11.5,0.0,6.0,76,28.86,44.03,46.4316,37.6706,289.385,0
2018-10-23,5,11.3333,0.0,5.66667,76,32.65,43.75,42.1994,42.8584,302.4,0
2018-10-23,6,11.3333,0.0,5.16667,76,33.46,48.16,31.1128,50.2663,294.0,0
2018-10-23,7,11.8333,0.0,5.0,70,32.08,72.6,23.3346,54.488,282.764,0
2018-10-23,8,12.8333,0.0,4.83333,67,25.23,84.18,15.5564,58.3254,250.364,0
2018-10-23,9,14.1667,0.0,5.0,62,20.37,80.19,12.0209,53.706,245.1,0
2018-10-23,10,15.8333,0.74,5.16667,69,16.71,82.13,12.0209,60.706,180.0,0
2018-10-23,11,18.0,0.74,5.66667,64,15.95,57.9,12.0209,55.706,186.353,0
2018-10-23,12,20.6667,1.48,6.33333,67,46.77,34.7,0.0,65.0,143.242,0
2018-10-23,13,23.5,2.45,6.83333,71,27.65,30.44,0.0,53.0,162.432,0
2018-10-23,14,26.8333,3.42,7.33333,73,21.59,34.82,0.0,59.0,138.986,0
2018-10-23,15,30.0,3.42,7.66667,71,55.17,34.18,0.0,68.0,107.303,0
2018-10-23,16,32.8333,3.65,8.0,71,40.11,42.02,-14.5418,72.1074,98.5297,0
2018-10-23,17,35.0,3.65,8.0,75,29.32,50.39,-29.0837,70.2149,97.8947,0
2018-10-23,18,37.1667,2.91,8.0,77,31.95,46.42,-29.0837,70.2149,97.8947,0
2018-10-23,19,39.1667,1.94,8.0,80,30.47,46.41,-30.2317,72.9865,87.5684,0
2018-10-23,20,40.6667,3.51,8.0,83,30.16,49.0,-32.1451,77.6059,80.078,0
2018-10-23,21,42.5,6.05,8.0,84,25.05,34.19,-34.0585,82.2253,70.8279,0
2018-10-23,22,44.6667,7.62,8.0,80,19.42,29.77,-36.3546,87.7686,62.5304,0
2018-10-23,23,47.0,7.62,8.33333,80,6.5,23.7,-19.5167,47.1179,117.647,0
2018-10-24,0,48.8333,7.62,8.66667,73,4.34,28.21,-19.8994,48.0418,115.385,0
2018-10-24,1,49.8333,8.33,8.83333,72,3.21,28.52,0.0,52.0,115.385,0
2018-10-24,2,50.1667,5.79,8.83333,72,2.21,31.93,34.6484,97.2701,62.3769,0
2018-10-24,3,49.8333,3.25,8.83333,68,1.94,28.37,68.5897,89.6164,64.9469,0
2018-10-24,4,49.0,1.42,8.83333,68,1.93,28.86,67.1754,87.7686,67.575,0
2018-10-24,5,47.8333,1.42,8.5,67,5.94,32.65,65.7612,85.9208,70.3149,0
2018-10-24,6,46.6667,2.13,8.0,66,4.26,33.46,64.347,74.3184,73.1739,0
2018-10-24,7,45.8333,1.93,7.5,66,7.78,32.08,63.6399,63.6399,73.3333,0
2018-10-24,8,45.0,1.93,7.16667,63,11.3,25.23,62.9328,62.9328,76.16,0
2018-10-24,9,44.3333,1.93,6.83333,60,17.23,20.37,61.5186,61.5186,79.2818,0
2018-10-24,10,43.8333,1.22,6.66667,57,25.27,16.71,60.8115,60.8115,79.5349,0
2018-10-24,11,43.6667,1.22,6.5,48,32.23,15.95,60.8115,60.8115,79.5349,0
2018-10-24,12,43.8333,0.51,6.66667,41,12.19,46.77,61.5186,61.5186,76.5767,0
2018-10-24,13,44.3333,0.0,7.0,38,7.6,27.65,63.6399,63.6399,70.6909,0
2018-10-24,14,45.8333,0.0,7.5,38,12.74,21.59,65.7612,65.7612,67.7478,0
2018-10-24,15,47.1667,0.0,8.0,35,23.51,55.17,36.7697,36.7697,115.385,0
2018-10-24,16,47.3333,0.0,8.16667,35,20.28,40.11,36.0626,36.0626,117.647,0
2018-10-24,17,46.5,0.0,8.33333,37,20.09,29.32,67.1754,67.1754,75.1059,0
2018-10-24,18,44.1667,0.0,8.16667,44,21.29,31.95,58.6901,58.6901,91.5,0
2018-10-24,19,40.8333,0.0,7.83333,46,55.4,30.47,50.2048,50.2048,119.262,0
2018-10-24,20,35.8333,0.0,7.33333,47,23.58,30.16,41.7195,41.7195,150.562,0
2018-10-24,21,30.3333,0.0,6.66667,51,18.08,25.05,57.2759,57.2759,124.312,0
2018-10-24,22,26.0,0.0,6.16667,57,19.65,19.42,47.3764,47.3764,170.667,0
2018-10-24,23,22.3333,0.0,5.66667,58,14.18,6.5,41.0124,41.0124,202.473,0
2018-10-25,1,17.8333,0.0,4.83333,63,13.81,3.21,36.0626,43.216,236.733,0
2018-10-25,2,16.6667,0.0,4.33333,63,12.3,2.21,47.3764,57.9981,187.0,0
2018-10-25,3,16.0,0.0,4.0,60,13.36,1.94,45.255,59.1283,202.024,0
2018-10-25,4,15.3333,1.12,3.83333,61,18.52,1.93,33.2342,57.4224,218.625,0
2018-10-25,5,14.8333,2.24,3.66667,69,12.41,5.94,21.9204,56.6403,235.125,0
2018-10-25,6,14.6667,2.24,3.83333,77,24.21,4.26,10.6066,55.8582,245.92,0
2018-10-25,7,14.6667,2.24,4.0,89,16.16,7.78,-5.7402,55.8582,239.4,0
2018-10-25,8,15.1667,3.18,4.33333,100,22.05,11.3,-11.8631,56.6403,221.571,0
2018-10-25,9,16.3333,4.12,5.0,95,28.64,17.23,-24.5911,55.3683,187.971,0
2018-10-25,10,17.8333,3.0,5.66667,90,26.95,25.27,-26.8871,46.9115,196.725,0
2018-10-25,11,19.6667,3.0,6.66667,88,32.06,32.23,-20.7643,55.1295,156.8,0
2018-10-25,12,21.6667,3.0,7.66667,85,25.34,12.19,-8.03628,67.4015,130.743,0
2018-10-25,13,23.5,3.48,8.66667,86,17.15,7.6,19.092,49.9448,168.192,0
2018-10-25,14,25.0,2.54,9.66667,86,19.47,12.74,38.1839,49.8895,162.222,0
2018-10-25,15,26.0,1.6,10.3333,84,20.43,23.51,38.1839,49.8895,162.222,0
2018-10-25,16,26.6667,1.6,10.8333,82,13.53,20.28,38.1839,49.8895,162.222,0
2018-10-25,17,27.0,0.96,11.0,77,20.09,20.09,38.1839,49.8895,162.222,0
2018-10-25,18,26.6667,0.96,11.0,79,55.26,21.29,38.1839,49.8895,162.222,0
2018-10-25,19,25.8333,0.96,10.8333,75,25.83,55.4,36.7697,48.0418,173.333,0
2018-10-25,20,24.8333,0.96,10.5,70,27.5,23.58,52.3261,68.3671,134.267,0
2018-10-25,21,23.8333,0.96,10.1667,68,22.85,18.08,48.0835,58.2717,155.952,0
2018-10-25,22,22.8333,1.44,9.83333,68,10.84,19.65,45.255,54.5761,164.509,0
2018-10-25,23,21.6667,0.96,9.5,69,9.08,14.18,44.5479,53.6523,165.714,0
