data,timeofday,windspeed6,opady6,temp6,rhumid,index_avg,prev_index_avg,wind_dir_ns,wind_dir_ew,dispel50,is_weekend
2017-11-01,1,8.66667,0.0,1.16667,90,33.56,17.59,-17.5537,42.2709,345.257,1
2017-11-01,7,9.16667,0.23,2.83333,87,16.46,18.55,-12.322,32.5224,437.25,1
2017-11-01,8,10.6667,0.71,3.5,92,17.0,15.86,-15.6712,43.3192,316.2,1
2017-11-01,9,12.5,0.71,4.0,87,15.66,18.4,-19.3751,52.7759,251.6,1
2017-11-01,10,13.8333,0.71,4.5,83,16.835,14.615,-9.567,55.097,209.88,1
2017-11-01,11,15.3333,0.71,5.16667,76,16.04,13.95,-12.2458,61.5642,187.68,1
2017-11-01,12,16.5,0.73,6.0,74,14.605,14.605,-13.3938,49.3358,224.824,1
2017-11-01,13,16.6667,0.73,6.5,69,14.005,10.6475,-19.8994,48.0418,224.824,1
2017-11-01,14,17.1667,0.25,7.0,71,11.915,8.89,-19.5167,47.1179,236.733,1
2017-11-01,15,17.3333,0.53,7.33333,75,16.935,8.7,-19.5167,47.1179,232.941,1
2017-11-01,16,17.0,0.81,7.5,80,19.63,9.47,-19.8994,48.0418,220.8,1
2017-11-01,22,15.8333,0.43,6.5,87,14.865,20.62,-23.3435,56.3567,218.625,1
2017-11-02,1,19.5,0.43,7.16667,90,14.865,33.56,-24.8742,60.0522,143.242,0
2017-11-02,7,17.5,0.92,8.0,88,26.636,16.46,-6.88824,49.6298,236.733,0
2017-11-02,8,16.3333,3.03,8.0,88,16.47,17.0,-18.202,60.9436,187.0,0
2017-11-02,9,15.8333,3.03,8.16667,81,32.22,15.66,-19.7991,52.7991,218.625,0
2017-11-02,10,15.3333,2.57,8.5,79,38.035,16.835,-25.922,51.5812,225.318,0
2017-11-02,14,16.0,1.57,9.5,86,20.39,11.915,-43.8408,43.8408,203.52,0
2017-11-02,15,15.6667,1.57,9.5,85,24.415,16.935,-30.2229,39.9645,225.28,0
2017-11-02,16,16.3333,3.73,9.33333,93,18.245,19.63,-40.1224,49.864,180.0,0
2017-11-02,17,17.1667,5.89,9.16667,91,19.22,17.305,-16.7878,45.5294,236.733,0
2017-11-02,18,16.6667,4.32,9.0,89,17.33,33.33,-9.89954,47.8995,212.571,0
2017-11-02,19,15.3333,4.7,9.0,87,14.45,28.03,-9.89954,59.8995,180.0,0
2017-11-02,20,14.5,4.7,9.0,85,16.68,29.25,7.0711,59.2388,245.937,0
2017-11-02,21,14.1667,5.08,8.83333,84,16.56,30.165,2.09626,52.2492,295.579,0
2017-11-02,22,13.3333,2.92,8.66667,84,21.04,14.865,-2.4959,63.3358,264.442,0
2017-11-03,1,11.5,0.38,8.16667,85,21.04,14.865,-14.9245,59.0313,249.508,0
2017-11-03,3,11.5,0.76,7.66667,83,25.995,18.985,-5.35752,53.9343,328.714,0
2017-11-03,4,11.1667,0.76,7.5,90,17.23,18.205,0.0,55.0,313.5,0
2017-11-03,5,11.5,1.52,7.33333,83,18.286,19.87,0.0,55.0,305.455,0
2017-11-03,6,11.6667,1.52,7.16667,82,18.1,21.12,0.0,51.0,281.455,0
2017-11-03,7,12.0,2.41,7.0,86,17.09,26.636,8.48532,51.0866,286.971,0
2017-11-03,8,11.6667,1.65,7.0,87,16.035,16.47,8.48532,60.0866,268.029,0
2017-11-03,9,11.5,1.65,7.16667,81,17.5,32.22,8.48532,55.0866,302.4,0
2017-11-03,10,11.0,1.65,7.33333,88,18.83,38.035,17.6777,55.097,307.8,0
2017-11-03,14,11.8333,0.48,9.16667,84,14.705,20.39,26.1631,53.3656,279.138,0
2017-11-03,15,11.5,0.48,9.16667,91,12.535,24.415,16.9706,53.3551,251.6,0
2017-11-03,16,11.6667,0.48,9.33333,88,13.33,18.245,24.7488,54.5178,269.077,0
2017-11-03,17,11.1667,0.48,9.16667,87,14.17,19.22,31.82,50.7566,299.815,0
2017-11-03,18,10.1667,0.73,8.83333,86,13.33,17.33,29.6986,50.803,317.127,0
2017-11-03,19,9.33333,0.25,8.5,88,22.67,14.45,29.6986,57.803,300.0,0
2017-11-03,20,8.5,0.25,8.16667,91,21.025,16.68,21.9204,53.6403,369.6,0
2017-11-03,21,8.0,0.25,8.0,89,21.16,16.56,21.9204,48.6403,425.455,0
2017-11-03,22,7.66667,0.25,7.66667,90,22.88,21.04,21.9204,56.6403,385.745,0
2017-11-04,1,6.33333,0.0,6.33333,96,22.88,21.04,7.0711,55.2388,479.52,1
2017-11-04,3,5.5,0.0,5.33333,98,31.86,25.995,-9.2388,46.0,498.343,1
2017-11-04,4,5.0,0.0,5.0,94,35.475,17.23,-4.2388,39.0,520.0,1
2017-11-04,5,5.16667,0.0,4.83333,94,34.905,18.286,-8.8582,31.0866,555.429,1
2017-11-04,6,5.33333,0.0,4.83333,86,28.795,18.1,-11.1543,18.5433,588.0,1
2017-11-04,7,5.0,0.0,4.83333,86,32.98,17.09,-16.6976,16.2472,540.0,1
2017-11-04,8,4.5,0.0,4.83333,94,27.64,16.035,-19.4692,7.0992,635.25,1
2017-11-04,9,5.16667,0.0,5.0,100,32.94,17.5,-21.317,6.33384,659.85,1
2017-11-04,10,5.5,0.0,5.5,84,48.415,18.83,-12.317,-6.66616,635.04,1
2017-11-04,11,6.16667,0.0,6.16667,81,48.7,21.86,-18.7841,-14.3449,586.56,1
2017-11-04,12,6.33333,0.0,7.0,78,39.525,14.138,-16.6164,-21.416,524.16,1
2017-11-04,13,7.83333,0.0,8.0,74,33.49,17.63,-26.5662,-26.3658,480.0,1
2017-11-04,14,9.83333,0.0,8.83333,76,21.015,14.705,-30.7373,-23.5013,420.0,1
2017-11-04,15,10.3333,0.0,9.5,82,15.84,12.535,-33.5089,-24.6493,300.0,1
2017-11-04,16,11.0,0.0,9.66667,81,13.12,13.33,-44.5271,-30.4559,297.0,1
2017-11-04,17,10.8333,0.0,9.33333,87,15.765,14.17,-47.6186,-27.5942,253.543,1
2017-11-04,18,10.6667,0.0,8.66667,97,44.7467,13.33,-33.6689,-22.6445,280.8,1
2017-11-04,19,9.33333,0.0,7.83333,94,61.145,22.67,-24.8784,-23.5956,361.371,1
2017-11-04,20,8.33333,0.0,7.16667,91,71.04,21.025,-23.3477,-27.2911,387.771,1
2017-11-04,21,7.66667,0.0,6.5,87,65.28,21.16,-23.3477,-35.2911,360.0,1
2017-11-04,22,7.16667,0.0,5.66667,90,60.445,22.88,-16.0702,-35.5905,410.4,1
2017-11-05,1,8.33333,0.0,4.5,89,60.445,22.88,-29.6328,-35.8235,413.4,1
2017-11-05,3,8.0,0.0,4.0,88,36.95,31.86,-41.8018,-31.9422,374.85,1
2017-11-05,4,7.33333,0.0,3.83333,88,32.365,35.475,-46.7516,-28.892,390.0,1
2017-11-05,5,6.33333,0.0,3.66667,89,21.215,34.905,-42.6254,-26.9306,453.6,1
2017-11-05,6,5.83333,0.0,3.5,91,21.25,28.795,-44.5388,-31.55,436.05,1
2017-11-05,7,5.66667,0.0,3.16667,100,18.93,32.98,-37.1478,-33.4886,522.327,1
2017-11-05,8,5.5,0.0,3.16667,99,19.26,27.64,-37.1478,-39.4886,495.164,1
2017-11-05,9,6.0,0.0,3.66667,83,20.0,32.94,-26.9851,-41.2791,532.65,1
2017-11-05,10,7.0,0.0,4.5,73,18.485,48.415,-25.155,-44.861,480.0,1
2017-11-05,11,8.33333,0.0,5.5,70,40.475,48.7,-16.0475,-48.7423,490.629,1
2017-11-05,12,10.1667,0.0,6.66667,66,23.865,39.525,-18.7594,-49.2894,360.0,1
2017-11-05,13,12.1667,0.0,8.33333,66,17.415,33.49,-28.1598,-44.9838,255.0,1
2017-11-05,14,14.0,0.0,9.66667,61,29.72,21.015,-40.9628,-36.6332,209.88,1
2017-11-05,15,15.0,0.0,10.3333,68,26.82,15.84,-39.9645,-30.2229,229.125,1
2017-11-05,16,15.3333,0.0,10.6667,76,30.49,13.12,-39.9645,-30.2229,236.733,1
2017-11-05,17,15.1667,0.0,10.5,93,44.89,15.765,-48.4498,-38.7082,216.333,1
2017-11-05,18,13.6667,0.0,10.1667,89,40.985,44.7467,-40.3053,-40.3053,258.353,1
2017-11-05,19,12.8333,0.0,9.5,77,41.63,61.145,-42.984,-46.7724,265.624,1
2017-11-05,20,11.6667,0.0,8.66667,79,31.755,71.04,-40.1556,-43.944,294.0,1
2017-11-05,21,10.1667,0.0,7.83333,83,40.065,65.28,-32.6686,-41.869,324.8,1
2017-11-05,22,9.33333,0.0,7.16667,81,43.38,60.445,-32.6686,-48.869,311.1,1
2017-11-06,1,7.0,0.0,5.83333,87,43.38,60.445,-21.0555,-48.8327,392.229,0
2017-11-06,3,5.66667,0.0,5.16667,89,40.42,36.95,-18.3767,-54.3656,459.877,0
2017-11-06,4,5.16667,0.0,4.83333,88,29.675,32.365,-10.715,-48.8686,559.32,0
2017-11-06,5,4.66667,0.0,4.5,88,33.618,21.215,-10.715,-52.8686,561.0,0
2017-11-06,6,4.66667,0.0,4.33333,88,35.875,21.25,-9.18432,-56.5642,556.92,0
2017-11-06,7,4.16667,0.0,3.66667,98,48.03,18.93,-3.8268,-51.0209,620.229,0
2017-11-06,8,4.0,0.0,3.5,100,52.435,19.26,-3.8268,-55.0209,600.0,0
2017-11-06,9,3.83333,0.0,3.83333,90,56.4,20.0,-0.13128,-46.4902,663.257,0
2017-11-06,10,4.0,0.0,4.5,78,63.4,18.485,1.01676,-49.2618,660.0,0
2017-11-06,11,4.16667,0.0,5.33333,73,55.0,40.475,8.31492,-44.708,704.229,0
2017-11-06,12,4.5,0.0,6.5,75,56.2,23.865,14.5292,-33.6215,688.5,0
2017-11-06,13,4.66667,0.0,8.5,63,53.41,17.415,14.5292,-23.6215,704.229,0
2017-11-06,14,5.33333,0.0,9.83333,67,41.98,29.72,14.5292,-11.6215,711.36,0
2017-11-06,15,5.5,0.0,10.6667,75,41.825,26.82,16.0599,5.07404,655.2,0
2017-11-06,16,6.16667,0.0,10.8333,90,42.215,30.49,16.0599,13.074,655.2,0
2017-11-06,17,6.5,0.0,10.8333,100,44.595,44.89,19.3625,28.78,566.1,0
2017-11-06,18,6.83333,0.0,10.1667,96,51.345,40.985,20.6167,37.7164,510.0,0
2017-11-06,19,7.33333,0.0,8.83333,96,55.145,41.63,20.5062,49.7925,483.36,0
2017-11-06,20,7.16667,0.0,8.16667,86,60.38,31.755,24.3617,48.2346,438.6,0
2017-11-06,21,7.33333,0.0,7.66667,93,46.565,40.065,30.8288,39.9133,470.25,0
2017-11-06,22,7.33333,0.0,7.5,79,40.905,43.38,35.4482,41.8267,452.4,0
2017-11-07,1,7.0,0.0,7.66667,81,40.905,43.38,45.2805,27.5315,437.25,0
2017-11-07,3,7.66667,0.0,7.33333,82,28.845,40.42,51.6341,21.2885,420.0,0
2017-11-07,4,7.5,0.0,7.16667,78,40.5,29.675,45.7759,15.5483,440.64,0
2017-11-07,5,6.83333,0.0,7.0,87,46.17,33.618,48.5476,10.5735,432.667,0
2017-11-07,7,7.83333,0.0,7.0,84,44.51,48.03,51.7682,3.5938,435.2,0
2017-11-07,8,8.16667,0.0,7.0,90,46.59,52.435,48.937,-5.44895,419.76,0
2017-11-07,9,8.66667,0.0,7.16667,89,60.255,56.4,53.5564,-7.36235,374.85,0
2017-11-07,10,9.33333,0.0,7.33333,90,65.82,63.4,45.9436,-18.202,386.4,0
2017-11-07,11,10.5,0.0,7.66667,85,66.965,55.0,43.5023,-20.0903,333.45,0
2017-11-07,12,11.1667,0.0,8.0,83,67.78,56.2,40.0945,-31.1769,297.0,0
2017-11-07,13,10.6667,0.0,8.33333,81,68.12,53.41,34.6866,-42.2635,273.48,0
2017-11-07,14,10.5,0.0,8.66667,76,53.045,41.98,22.7691,-44.9038,317.127,0
2017-11-07,15,10.5,0.0,8.66667,79,36.02,41.825,14.9909,-46.1256,348.0,0
2017-11-07,16,11.0,0.0,8.5,79,31.295,42.215,6.50556,-48.6403,359.9,0
2017-11-07,17,11.5,0.0,8.0,84,29.45,44.595,1.9134,-52.5537,324.8,0
2017-11-07,18,12.0,0.0,7.5,78,28.365,51.345,-2.67876,-56.4672,240.0,0
2017-11-07,19,12.6667,0.0,7.0,83,40.12,55.145,0.0,-56.0,228.0,0
2017-11-07,20,13.6667,0.0,6.33333,86,34.3,60.38,0.0,-56.0,254.88,0
2017-11-07,21,13.6667,0.0,5.83333,89,34.185,46.565,0.0,-56.0,254.88,0
2017-11-07,22,13.0,0.0,5.5,87,26.1725,40.905,0.0,-52.0,292.32,0
2017-11-08,1,12.1667,0.0,4.5,86,23.355,40.905,0.0,-62.0,267.12,0
2017-11-08,3,12.0,0.0,4.16667,86,31.59,28.845,0.0,-61.0,240.0,0
2017-11-08,4,12.0,0.0,3.83333,88,22.635,40.5,-4.20948,-60.1627,259.2,0
2017-11-08,5,12.5,0.0,3.83333,84,19.88,46.17,-8.41896,-57.3254,270.3,0
2017-11-08,7,14.0,0.0,3.5,90,25.765,44.51,-8.41896,-50.3254,270.327,0
2017-11-08,8,14.3333,0.0,3.5,86,28.155,46.59,-4.20948,-58.1627,198.545,0
2017-11-08,9,14.8333,0.0,3.66667,83,35.395,60.255,-6.12288,-62.7821,195.0,0
2017-11-08,10,16.1667,0.0,4.0,82,40.795,65.82,-6.12288,-60.7821,196.114,0
2017-11-08,11,16.6667,0.0,4.33333,75,38.895,66.965,-13.3938,-64.3358,187.0,0
2017-11-08,12,17.3333,0.0,5.0,71,33.655,67.78,-14.5418,-49.1074,212.571,0
2017-11-08,13,17.1667,0.0,5.83333,71,33.185,68.12,-14.5418,-53.1074,202.926,0
2017-11-08,14,16.6667,0.0,6.33333,72,35.325,53.045,-13.7765,-51.2597,217.579,0
2017-11-08,15,16.8333,0.0,6.16667,85,31.465,36.02,-18.7513,-63.2701,193.768,0
2017-11-08,16,15.3333,0.0,6.0,90,32.785,31.295,-17.2206,-59.5746,216.333,0
2017-11-08,17,14.3333,0.0,5.66667,97,43.005,29.45,-21.0474,-50.8134,275.718,0
2017-11-08,18,13.1667,0.0,5.16667,97,50.915,28.365,-14.5418,-48.1074,291.877,0
2017-11-08,19,12.1667,0.0,4.5,93,46.975,40.12,-14.5418,-59.1074,249.508,0
2017-11-08,20,11.6667,0.0,4.0,96,47.02,34.3,-9.567,-58.097,286.0,0
2017-11-08,21,10.8333,0.0,3.83333,97,44.785,34.185,0.0,-53.4776,297.0,0
2017-11-08,22,10.3333,0.0,3.83333,90,36.4,26.1725,3.8268,-54.2388,321.231,0
2017-11-09,1,8.83333,0.0,3.5,89,36.4,23.355,-3.44412,-54.7925,347.564,0
2017-11-09,3,7.83333,0.0,3.33333,86,30.04,31.59,-11.0726,-55.2094,360.0,0
2017-11-09,4,7.33333,0.0,3.16667,89,38.255,22.635,-17.5782,-52.4378,400.68,0
2017-11-09,5,7.0,0.0,3.16667,81,22.395,19.88,-17.5782,-46.4378,460.8,0
2017-11-09,6,6.16667,0.0,3.16667,79,25.25,26.97,-17.5782,-46.4378,479.467,0
2017-11-09,7,6.5,0.0,3.33333,91,25.915,25.765,-19.4916,-51.0572,466.4,0
2017-11-09,8,6.33333,0.0,3.66667,86,40.645,28.155,-16.0475,-51.7423,479.52,0
2017-11-09,9,6.33333,0.0,4.0,90,51.905,35.395,-14.5168,-48.0468,509.143,0
2017-11-09,10,6.83333,0.0,4.66667,81,40.745,40.795,-12.2458,-49.5642,509.143,0
2017-11-09,11,6.5,0.0,5.33333,75,45.035,38.895,-16.0342,-45.7758,509.143,0
2017-11-09,12,6.66667,0.0,6.0,75,48.15,33.655,-19.5697,-49.3113,480.0,0
2017-11-09,13,6.0,0.0,6.66667,80,36.79,33.185,-10.891,-38.8442,509.143,0
2017-11-09,14,5.83333,0.0,7.16667,78,46.585,35.325,-5.89095,-38.8442,480.0,0
2017-11-09,15,5.83333,0.0,7.66667,80,45.7,31.465,-9.4265,-28.3086,480.0,0
2017-11-09,16,5.83333,0.0,7.66667,89,46.21,32.785,-13.9803,-21.0104,513.067,0
2017-11-09,17,6.16667,0.0,7.5,94,48.855,43.005,-20.4474,-9.33168,499.8,0
2017-11-09,18,6.5,0.0,7.16667,90,43.3667,50.915,-23.1011,1.16137,498.343,0
2017-11-09,19,6.5,0.0,6.83333,87,51.305,46.975,-26.0792,13.2854,480.0,0
2017-11-09,20,6.33333,0.0,6.5,87,56.03,47.02,-21.5255,20.5836,480.0,0
2017-11-09,22,5.83333,0.0,5.83333,90,72.675,36.4,-21.8184,26.9476,524.16,0
2017-11-10,1,5.33333,0.0,5.16667,91,72.675,36.4,-10.3589,18.4372,536.057,0
2017-11-10,3,5.16667,0.0,4.66667,95,68.095,30.04,-3.89177,7.75841,579.429,0
2017-11-10,4,5.0,0.0,4.83333,92,64.615,38.255,-3.5614,4.72204,635.25,0
2017-11-10,5,5.0,0.0,5.0,89,61.3,22.395,-8.1808,6.63544,600.0,0
2017-11-10,6,5.83333,0.0,5.0,94,60.17,25.25,5.38948,-3.64084,620.1,0
2017-11-10,7,6.83333,0.0,5.16667,84,54.875,25.915,-4.56029,1.30893,540.6,0
2017-11-10,8,7.83333,0.53,5.33333,85,55.96,40.645,-12.7952,11.3832,496.8,0
2017-11-10,9,8.0,0.53,5.5,91,59.265,51.905,-22.2393,19.6981,420.0,0
2017-11-10,10,9.0,0.53,5.66667,87,55.775,40.745,-24.5354,33.2414,399.36,0
2017-11-10,11,10.0,1.06,5.83333,77,55.14,45.035,-23.0748,37.1928,332.8,0
2017-11-10,12,10.6667,1.59,6.33333,71,55.23,48.15,-40.1614,41.785,311.564,0
2017-11-10,13,11.8333,1.59,6.83333,71,48.455,36.79,-38.4632,31.9688,313.6,0
2017-11-10,14,13.1667,1.06,7.33333,69,45.75,46.585,-45.451,30.8386,228.0,0
2017-11-10,15,14.5,1.06,7.66667,77,32.78,45.7,-53.3787,29.5659,180.0,0
2017-11-10,16,14.5,1.54,7.66667,81,36.535,46.21,-52.1917,34.8733,187.68,0
2017-11-10,17,15.3333,1.01,7.66667,82,37.65,48.855,-48.4962,33.3426,239.733,0
2017-11-10,18,15.5,0.48,7.5,81,36.295,43.3667,-47.789,32.6354,241.553,0
2017-11-10,19,14.8333,1.37,7.16667,78,37.675,51.305,-46.8652,32.2528,230.4,0
2017-11-10,20,14.8333,1.37,6.83333,75,33.55,56.03,-49.8999,27.7108,208.145,0
2017-11-10,22,17.6667,0.89,6.33333,71,17.285,72.675,-47.1179,19.5167,221.4,0
2017-11-11,1,21.1667,0.89,6.0,85,17.285,72.675,-62.8238,26.0222,141.382,1
2017-11-11,3,21.6667,2.05,6.0,84,17.815,68.095,-57.131,32.777,151.93,1
2017-11-11,4,21.0,2.05,6.0,83,13.81,64.615,-48.6098,36.7034,176.727,1
2017-11-11,5,20.0,1.16,5.83333,83,13.255,61.3,-41.0124,41.0124,202.473,1
2017-11-11,6,19.1667,1.16,5.5,87,11.29,60.17,-31.9615,41.1619,221.0,1
2017-11-11,7,18.5,1.16,5.0,87,7.975,54.875,-26.1218,45.0638,221.0,1
2017-11-11,8,17.6667,0.58,4.66667,82,5.11,55.96,-13.3938,50.3358,216.847,1
2017-11-11,9,17.5,0.0,4.33333,78,6.1,59.265,-6.88824,51.6298,221.0,1
2017-11-11,10,17.6667,0.0,4.16667,68,7.435,55.775,-6.50556,50.706,228.8,1
2017-11-11,11,18.5,0.36,4.16667,62,7.0,55.14,-13.7765,50.2597,216.847,1
2017-11-11,12,18.3333,0.36,4.33333,61,5.875,55.23,-22.1954,53.585,179.082,1
2017-11-11,13,18.5,0.36,4.83333,53,4.86,48.455,-22.1954,53.585,188.779,1
2017-11-11,14,18.0,0.69,5.0,58,5.87,45.75,-14.9245,55.0313,202.473,1
2017-11-11,15,18.0,0.69,5.16667,64,5.305,32.78,-20.282,67.9656,180.0,1
2017-11-11,16,17.1667,0.69,5.33333,64,6.565,36.535,-18.3686,63.3462,180.0,1
2017-11-11,17,16.6667,0.33,5.33333,67,10.29,37.65,-17.2206,60.5746,215.368,1
2017-11-11,18,16.6667,0.66,5.33333,70,11.39,36.295,-30.6557,55.0097,180.0,1
2017-11-11,19,15.8333,2.44,5.0,71,12.875,37.675,-37.319,54.0962,180.0,1
2017-11-11,20,16.6667,2.11,4.83333,74,25.52,33.55,-40.713,48.2898,180.0,1
2017-11-11,22,15.5,2.11,4.16667,70,17.58,17.285,-46.6693,46.6693,187.2,1
2017-11-12,1,11.5,0.0,3.33333,74,17.58,17.285,-26.7968,33.4672,298.8,1
2017-11-12,3,11.0,0.69,3.16667,80,18.575,17.815,-28.211,34.8814,319.8,1
2017-11-12,4,11.5,0.69,3.16667,83,16.24,13.81,-22.2342,33.2342,271.745,1
2017-11-12,5,11.8333,0.69,3.16667,86,14.0,13.255,-37.4436,43.3969,240.0,1
2017-11-12,6,12.1667,0.69,3.16667,83,10.38,11.29,-36.0294,41.9826,248.571,1
2017-11-12,7,12.5,1.17,3.16667,86,8.585,7.975,-29.9567,41.3219,308.0,1
2017-11-12,8,11.5,0.48,3.16667,86,9.77,5.11,-23.5927,49.6368,300.2,1
2017-11-12,9,10.3333,0.48,3.0,81,7.835,6.1,-10.8647,44.9088,353.455,1
2017-11-12,10,10.3333,0.48,3.16667,77,7.586,7.435,-6.65524,45.7462,366.277,1
2017-11-12,11,10.3333,0.48,3.5,70,6.466,7.0,-6.65524,56.7462,310.708,1
2017-11-12,12,11.0,0.48,3.83333,64,5.855,5.875,6.36399,51.3149,326.8,1
2017-11-12,13,11.8333,0.0,4.33333,61,8.3,4.86,9.89954,55.9343,252.45,1
2017-11-12,14,12.0,0.0,4.66667,68,18.4633,5.87,9.89954,50.9343,270.327,1
2017-11-12,15,11.3333,0.0,5.0,69,7.93,5.305,9.89954,59.9343,240.0,1
2017-11-12,16,11.1667,0.0,5.0,75,24.16,6.565,7.22078,55.4015,299.815,1
2017-11-12,17,9.83333,0.0,4.66667,84,32.2933,10.29,0.14968,49.4726,339.429,1
2017-11-12,18,8.83333,0.0,4.33333,87,66.0,11.39,-4.46972,47.5592,353.571,1
2017-11-12,19,8.5,1.57,3.66667,93,50.18,12.875,-14.3693,26.6249,423.514,1
2017-11-12,20,9.33333,1.57,3.16667,91,35.09,25.52,-9.7771,1.5383,409.867,1
2017-11-12,22,10.0,3.14,2.66667,84,20.03,17.58,-4.41958,-34.396,349.92,1
2017-11-13,1,13.5,2.99,3.33333,87,15.6867,17.58,-15.1988,-48.6275,205.029,0
2017-11-13,3,13.1667,4.41,3.83333,93,12.57,18.575,-26.6792,-49.4096,270.189,0
2017-11-13,4,12.0,2.84,4.0,92,9.43,16.24,-29.7407,-56.8006,272.842,0
2017-11-13,5,10.3333,2.84,4.0,91,9.85667,14.0,-25.1485,-45.7141,357.12,0
2017-11-13,6,9.0,2.84,4.0,90,18.85,10.38,-28.5926,-54.029,330.72,0
2017-11-13,7,8.0,1.42,4.0,88,15.775,8.585,-20.6647,-49.8895,394.4,0
2017-11-13,8,6.66667,0.0,4.0,86,15.445,9.77,-15.1214,-47.5934,384.8,0
2017-11-13,9,6.16667,0.0,4.16667,80,16.13,7.835,-11.6773,-39.2785,497.455,0
2017-11-13,10,6.66667,0.0,4.33333,84,8.19,7.586,-13.5907,-43.8979,492.0,0
2017-11-13,11,7.83333,0.0,4.33333,79,10.9,6.466,-2.31014,-26.6641,469.05,0
2017-11-13,12,9.16667,0.0,4.33333,80,6.915,5.855,18.2121,-6.68306,402.8,0
2017-11-13,13,11.0,0.0,4.16667,80,5.805,8.3,38.1932,13.8392,316.2,0
2017-11-13,14,13.8333,0.0,4.0,79,9.61,18.4633,47.7323,30.955,199.68,0
2017-11-13,15,15.8333,0.0,3.66667,79,18.805,7.93,40.0213,31.9033,216.72,0
2017-11-13,16,17.1667,0.0,3.33333,82,23.23,24.16,38.1839,38.1839,209.012,0
2017-11-13,17,16.3333,0.0,3.0,82,28.33,32.2933,38.891,38.891,214.5,0
2017-11-13,18,15.3333,0.0,2.66667,85,37.325,66.0,46.6693,46.6693,207.36,0
2017-11-13,19,14.0,0.0,2.5,80,38.315,50.18,38.891,40.842,275.718,0
2017-11-13,22,9.5,0.0,2.16667,82,34.475,20.03,45.255,52.842,338.4,0
2017-11-14,1,10.6667,0.0,2.33333,85,34.475,15.6867,38.1839,49.8895,281.657,0
2017-11-14,3,11.0,0.0,2.5,94,18.42,12.57,26.1631,52.1836,305.455,0
2017-11-14,4,11.0,0.0,2.33333,88,20.225,9.43,26.1631,52.1836,305.455,0
2017-11-14,5,10.1667,0.0,2.16667,87,13.62,9.85667,26.1631,52.1836,336.0,0
2017-11-14,6,9.66667,0.0,2.16667,85,12.18,18.85,26.1631,58.1836,341.28,0
2017-11-14,7,10.0,0.0,2.0,85,16.21,15.775,24.0417,55.4119,324.48,0
2017-11-14,8,10.0,0.0,1.83333,84,22.915,15.445,32.5271,48.4985,341.127,0
2017-11-14,9,9.5,0.0,2.0,66,14.62,16.13,38.1839,55.8895,311.564,0
2017-11-14,10,9.5,0.0,2.16667,77,18.955,8.19,36.0626,53.1179,347.564,0
2017-11-14,11,10.0,0.0,2.33333,68,21.2,10.9,36.0626,47.1179,359.9,0
2017-11-14,12,10.0,0.0,2.66667,63,13.71,6.915,42.4266,55.4328,322.4,0
2017-11-14,13,10.3333,0.0,3.16667,60,13.96,5.805,42.4266,55.4328,322.4,0
2017-11-14,14,10.3333,0.0,3.5,64,12.43,9.61,38.1839,49.8895,291.6,0
2017-11-14,15,10.1667,0.0,3.66667,69,14.64,18.805,38.1839,49.8895,317.127,0
2017-11-14,16,9.5,0.0,3.66667,67,16.485,23.23,38.1839,56.8895,300.0,0
2017-11-14,17,9.0,0.0,3.66667,70,27.115,28.33,35.3555,53.194,325.867,0
2017-11-14,18,7.66667,0.0,3.33333,73,71.945,37.325,24.7488,49.1217,394.4,0
2017-11-14,19,6.16667,0.0,2.83333,83,73.905,38.315,21.0533,50.6525,410.4,0
2017-11-14,22,5.5,0.0,1.33333,86,58.165,34.475,5.65253,53.0226,493.971,0
2017-11-15,1,6.0,0.0,-0.166667,91,58.165,34.475,-13.6898,32.236,575.143,0
2017-11-15,3,6.0,0.0,-0.833333,96,58.68,18.42,-12.6396,25.7688,556.5,0
2017-11-15,4,6.0,0.0,-1.0,96,60.705,20.225,-8.94408,18.2381,524.16,0
2017-11-15,5,6.0,0.0,-1.0,93,65.105,13.62,-9.86796,14.0286,520.0,0
2017-11-15,6,5.83333,0.0,-1.0,90,72.745,12.18,-5.2758,2.94204,520.0,0
2017-11-15,7,5.66667,0.0,-1.16667,100,90.68,16.21,-9.8952,-4.97136,540.6,0
2017-11-15,8,5.66667,0.0,-1.16667,99,45.64,22.915,-5.65254,-14.214,561.6,0
2017-11-15,9,5.83333,0.0,-0.833333,91,51.04,14.62,-4.35192,-20.7528,561.6,0
2017-11-15,10,5.83333,0.0,-0.333333,86,75.7467,18.955,-13.0307,-27.2199,540.6,0
2017-11-15,11,6.0,0.0,0.333333,85,75.264,21.2,-24.574,-24.9238,540.6,0
2017-11-15,12,6.33333,0.0,1.16667,82,56.67,13.71,-25.2811,-34.1163,520.0,0
2017-11-15,13,7.0,0.0,2.33333,80,54.23,13.96,-27.9598,-34.5834,499.8,0
2017-11-15,14,7.33333,0.0,3.33333,84,52.1,12.43,-28.1567,-18.4291,483.36,0
2017-11-15,15,7.5,0.0,3.66667,92,56.5,14.64,-23.5373,-8.51575,420.0,0
2017-11-15,16,7.33333,0.0,3.83333,91,52.01,16.485,-22.3561,8.11795,443.143,0
2017-11-15,17,6.5,0.0,3.83333,94,62.245,27.115,-22.3561,13.118,420.0,0
2017-11-15,18,6.0,0.0,3.66667,98,54.565,71.945,-19.6774,21.5851,496.8,0
2017-11-15,22,5.16667,0.0,2.66667,96,93.23,58.165,0.90228,30.706,530.0,0
2017-11-16,1,4.33333,0.0,2.16667,92,93.23,58.165,2.81568,24.6955,619.65,0
2017-11-16,3,3.83333,0.0,1.16667,100,79.835,58.68,6.35123,9.15997,660.0,0
2017-11-16,4,3.83333,0.0,0.833333,100,92.61,60.705,9.41267,-2.23107,685.44,0
2017-11-16,5,4.5,0.0,0.5,100,92.7,65.105,12.9482,-12.7666,655.2,0
2017-11-16,6,4.66667,0.0,0.333333,99,99.32,72.745,12.4838,-9.23107,701.25,0
2017-11-16,7,4.83333,0.0,0.5,97,84.418,90.68,14.3972,-13.8505,660.0,0
2017-11-16,8,5.0,0.0,1.0,94,72.88,45.64,2.86162,-17.386,683.4,0
2017-11-16,9,5.33333,0.0,1.5,91,83.9325,51.04,0.91504,-18.6866,683.4,0
2017-11-16,10,5.5,0.0,2.16667,92,77.6633,75.7467,3.21112,-19.1434,660.0,0
2017-11-16,11,5.66667,0.0,2.83333,82,82.0525,75.264,-0.80144,-23.7439,620.1,0
2017-11-16,12,5.83333,0.0,3.66667,75,66.08,56.67,-0.80144,-25.7439,586.56,0
2017-11-16,13,6.33333,0.0,4.33333,75,57.7,54.23,-8.57965,-26.451,540.0,0
2017-11-16,15,8.0,0.0,5.33333,81,37.59,56.5,-32.7334,-28.6713,440.64,0
2017-11-16,16,8.33333,0.0,5.16667,91,29.705,52.01,-35.1179,-33.5879,395.2,0
2017-11-16,17,8.33333,0.0,4.83333,89,43.4133,62.245,-27.1179,-27.5879,360.0,0
2017-11-16,18,8.33333,0.0,4.16667,92,59.27,54.565,-15.5746,-25.2918,360.0,0
2017-11-16,22,5.16667,0.0,1.33333,93,69.06,93.23,-2.11197,-20.2097,507.055,0
2017-11-17,1,5.83333,0.0,-0.333333,100,69.06,93.23,22.3677,-24.008,607.05,0
2017-11-17,3,6.33333,0.0,-1.0,96,55.03,79.835,11.4291,-39.399,540.6,0
2017-11-17,4,6.0,0.0,-1.0,92,62.165,92.61,8.25754,-42.2275,556.5,0
2017-11-17,5,5.33333,0.0,-0.666667,91,54.695,92.7,10.4223,-44.3923,540.8,0
2017-11-17,6,5.16667,0.0,-0.166667,90,55.7,99.32,9.65698,-46.24,540.0,0
2017-11-17,7,4.83333,0.0,0.333333,90,73.65,84.418,10.5152,-49.7114,561.0,0
2017-11-17,8,4.5,0.0,0.833333,89,64.995,72.88,8.21914,-50.1681,561.0,0
2017-11-17,9,4.83333,0.0,1.33333,84,59.945,83.9325,-0.26618,-50.1681,561.0,0
2017-11-17,10,5.16667,0.0,1.83333,91,81.175,77.6633,3.43774,-44.6248,561.0,0
2017-11-17,11,5.5,0.0,2.33333,87,73.925,82.0525,-0.80492,-42.8675,596.25,0
2017-11-17,12,5.66667,0.0,2.83333,82,75.035,66.08,-6.6948,-38.3049,675.45,0
2017-11-17,13,5.16667,0.0,3.5,83,73.7133,57.7,-12.2381,-40.601,619.65,0
2017-11-17,15,5.16667,0.0,4.0,100,74.53,37.59,-11.8382,-30.9206,600.0,0
2017-11-17,16,5.16667,0.0,4.0,99,75.275,29.705,-15.0854,-23.0812,563.04,0
2017-11-17,17,5.33333,0.0,3.83333,100,78.9883,43.4133,-18.7152,-16.1657,561.0,0
2017-11-17,18,4.66667,0.0,3.66667,100,87.235,59.27,-20.6286,-14.7851,582.4,0
2017-11-17,22,4.16667,0.76,3.16667,100,32.13,69.06,-25.923,-10.5919,731.4,0
2017-11-18,1,5.33333,1.52,3.16667,100,39.0983,69.06,0.0696901,19.7815,622.2,1
2017-11-18,3,6.0,1.52,3.16667,100,34.7767,55.03,6.68407,26.7243,667.8,1
2017-11-18,4,5.83333,0.76,3.0,94,40.8433,62.165,15.7629,29.0476,674.16,1
2017-11-18,5,6.33333,0.0,2.83333,95,35.3429,54.695,26.4417,35.5147,540.0,1
2017-11-18,6,6.83333,0.0,2.66667,95,30.9,55.7,37.5282,37.1605,515.2,1
2017-11-18,7,7.5,0.0,2.5,90,35.7983,73.65,39.4791,32.2897,477.0,1
2017-11-18,8,8.0,0.0,2.33333,94,34.4933,64.995,43.5514,30.1906,420.0,1
2017-11-18,9,8.33333,0.0,2.16667,94,47.7333,59.945,47.4069,22.6326,399.36,1
2017-11-18,10,8.16667,0.0,2.16667,79,44.4975,81.175,48.8211,24.4804,360.0,1
2017-11-18,11,8.0,0.0,2.5,79,43.0975,73.925,50.2353,24.8107,374.85,1
2017-11-18,12,8.16667,0.0,2.83333,71,44.7225,75.035,42.2353,32.8107,388.267,1
2017-11-18,13,7.83333,0.0,3.16667,75,38.8125,73.7133,33.9204,39.3666,374.0,1
2017-11-18,14,7.5,0.0,3.33333,77,36.2775,70.4233,25.6055,42.9225,402.8,1
2017-11-18,15,7.66667,0.0,3.5,73,31.9125,74.53,17.2906,45.4784,437.25,1
2017-11-18,16,8.33333,0.0,3.33333,76,34.55,75.275,6.8381,49.808,425.829,1
2017-11-18,17,8.83333,0.0,2.83333,83,45.27,78.9883,-5.88988,51.119,360.0,1
2017-11-18,18,8.16667,0.0,2.33333,90,63.62,87.235,-15.0491,48.3319,389.88,1
2017-11-18,22,7.66667,0.48,0.833333,77,52.855,32.13,-21.9706,23.0417,390.0,1
2017-11-19,1,8.16667,1.44,1.16667,78,54.2833,39.0983,-28.8431,-18.2587,377.4,1
2017-11-19,2,9.5,1.44,1.5,88,53.03,54.845,-31.0676,-25.1801,375.943,1
2017-11-19,3,11.8333,1.44,1.66667,80,33.0529,34.7767,-42.2471,-12.9071,340.267,1
2017-11-19,4,13.5,0.96,1.83333,79,24.665,40.8433,-52.9452,9.55004,249.508,1
2017-11-19,5,14.0,0.96,1.66667,85,20.0333,35.3429,-35.2713,37.4361,200.08,1
2017-11-19,6,14.6667,0.96,1.5,75,18.4833,30.9,-21.4131,47.6959,214.5,1
2017-11-19,7,15.8333,1.47,1.5,78,21.555,35.7983,-25.6226,57.8586,207.36,1
2017-11-19,8,15.0,1.47,1.5,81,17.6233,34.4933,-16.8379,56.6507,245.937,1
2017-11-19,9,14.5,1.47,1.5,72,16.4617,47.7333,-13.3938,48.3358,307.125,1
2017-11-19,10,14.0,1.47,1.66667,70,19.695,44.4975,-19.8994,48.0418,270.327,1
2017-11-19,11,14.0,1.95,2.16667,63,19.1733,43.0975,-21.8128,52.6612,239.4,1
2017-11-19,12,15.5,1.47,2.66667,55,20.51,44.7225,-22.5781,54.5089,189.72,1
2017-11-19,13,16.3333,0.48,3.33333,53,18.8617,38.8125,-26.388,43.7064,220.8,1
2017-11-19,14,17.8333,0.48,3.66667,55,19.0083,36.2775,-33.7002,42.3594,196.725,1
2017-11-19,15,16.8333,1.22,3.83333,60,17.2617,31.9125,-34.8482,45.131,193.44,1
2017-11-19,16,16.0,1.22,4.0,69,22.9717,34.55,-39.0577,55.2937,186.66,1
2017-11-19,17,16.0,0.74,3.83333,70,28.1217,45.27,-29.125,51.3142,245.937,1
2017-11-19,18,14.6667,1.45,3.5,80,33.3633,63.62,-27.0036,49.1928,270.189,1
2017-11-19,22,16.3333,0.94,2.0,73,17.62,52.855,-55.4328,22.9608,197.6,1
2017-11-20,1,17.3333,0.23,1.66667,71,19.5467,54.2833,-38.1839,38.1839,229.964,0
2017-11-20,2,17.8333,0.23,1.66667,82,10.28,53.03,-49.4977,49.4977,192.873,0
2017-11-20,3,17.1667,0.61,1.5,79,8.5,33.0529,-36.0626,36.0626,225.28,0
2017-11-20,4,16.6667,0.71,1.33333,75,7.87167,24.665,-41.0374,48.073,187.68,0
2017-11-20,5,17.3333,0.71,1.33333,80,7.79333,20.0333,-26.388,43.7064,236.64,0
2017-11-20,6,18.5,0.71,1.33333,78,8.4,18.4833,-20.282,48.9656,199.385,0
2017-11-20,7,19.6667,0.71,1.16667,78,8.358,21.555,-23.7262,57.2806,162.0,0
2017-11-20,8,20.0,1.19,1.16667,74,5.71,17.6233,-25.2569,60.9761,147.714,0
2017-11-20,9,20.6667,0.81,1.33333,75,13.346,16.4617,-25.6396,61.9,147.0,0
2017-11-20,10,20.3333,0.48,1.5,75,12.785,19.695,-17.2206,58.5746,181.409,0
2017-11-20,11,20.3333,0.84,1.83333,66,16.315,19.1733,-8.41896,54.3254,216.0,0
2017-11-20,12,20.0,0.92,2.16667,66,18.4917,20.51,0.0,55.0,201.318,0
2017-11-20,13,19.3333,1.38,2.5,63,16.1833,18.8617,0.0,58.0,179.082,0
2017-11-20,14,19.0,1.33,2.5,61,15.2167,19.0083,0.0,60.0,184.743,0
2017-11-20,15,18.3333,1.33,2.33333,70,13.8717,17.2617,0.0,59.0,186.66,0
2017-11-20,16,17.1667,1.33,2.16667,65,17.76,22.9717,0.0,52.0,232.737,0
2017-11-20,17,14.8333,0.97,2.0,70,27.1167,28.1217,0.0,62.0,230.4,0
2017-11-20,18,12.5,0.89,1.66667,66,42.12,33.3633,0.0,69.0,240.0,0
2017-11-20,22,9.66667,0.0,1.16667,74,18.44,17.62,-8.03628,54.4015,349.92,0
2017-11-21,1,10.3333,0.0,1.0,80,26.8283,19.5467,-8.80164,50.2492,341.127,0
2017-11-21,2,9.33333,0.0,1.0,80,40.0,10.28,-4.59216,50.0866,359.9,0
2017-11-21,3,8.5,0.0,1.0,78,21.0483,8.5,-4.59216,55.0866,369.6,0
2017-11-21,4,7.66667,0.0,1.0,75,24.055,7.87167,-4.59216,50.0866,433.1,0
2017-11-21,5,6.83333,0.0,1.0,81,22.6717,7.79333,-4.59216,57.0866,410.4,0
2017-11-21,6,6.5,0.0,0.833333,80,21.8587,8.4,-4.59216,61.0866,420.0,0
2017-11-21,7,5.5,0.0,0.833333,75,30.1383,8.358,-2.29608,55.5433,466.4,0
2017-11-21,8,5.33333,0.0,0.833333,81,30.1367,5.71,-3.8268,50.2388,538.65,0
2017-11-21,9,5.33333,0.0,1.0,73,29.4233,13.346,-5.35752,53.9343,532.65,0
2017-11-21,10,5.0,0.0,1.16667,76,51.18,12.785,-8.03628,52.4015,577.92,0
2017-11-21,11,5.83333,0.0,1.5,73,28.155,16.315,-9.94968,57.0209,556.92,0
2017-11-21,12,6.33333,0.0,2.16667,65,35.4833,18.4917,-9.94968,51.0209,555.429,0
2017-11-21,13,7.16667,0.0,2.66667,62,41.585,16.1833,-13.3938,52.3358,517.029,0
2017-11-21,14,7.83333,0.0,3.16667,67,41.81,15.2167,-21.7087,44.7799,477.0,0
2017-11-21,15,8.33333,0.23,3.5,71,43.56,13.8717,-9.88192,35.5411,429.3,0
2017-11-21,16,8.66667,0.23,3.5,87,49.69,17.76,-15.4223,38.9167,360.0,0
2017-11-21,17,8.66667,0.23,3.33333,89,47.2233,27.1167,-17.2973,30.5089,395.2,0
2017-11-21,18,8.33333,0.23,3.0,86,47.242,42.12,-8.2973,21.5089,395.2,0
2017-11-21,22,7.0,0.0,2.0,91,41.635,18.44,-1.62482,5.1577,473.28,0
2017-11-22,1,6.83333,0.0,1.83333,89,47.8333,26.8283,0.47144,-19.2814,482.4,0
2017-11-22,2,7.0,0.0,1.66667,95,59.715,40.0,-13.4783,-24.2311,490.629,0
2017-11-22,3,7.16667,0.0,1.5,94,54.52,21.0483,-23.5398,-31.6222,440.64,0
2017-11-22,4,6.83333,0.0,1.16667,96,44.925,24.055,-18.9204,-37.7088,420.0,0
2017-11-22,5,6.66667,0.51,1.0,94,50.5275,22.6717,-12.4532,-40.03,454.629,0
2017-11-22,6,6.66667,0.51,0.833333,92,42.5483,21.8587,-19.4532,-44.03,509.143,0
2017-11-22,7,7.16667,0.51,0.833333,94,46.6367,30.1383,-16.0475,-48.7423,461.76,0
2017-11-22,8,7.16667,0.51,0.833333,96,40.1183,30.1367,-17.9609,-53.3617,420.0,0
2017-11-22,9,7.33333,0.51,1.0,95,42.0383,29.4233,-9.94968,-49.0209,470.25,0
2017-11-22,10,8.33333,0.84,1.33333,93,44.16,51.18,-6.88824,-50.6298,453.6,0
2017-11-22,11,9.5,0.66,1.66667,91,58.546,28.155,-14.6664,-50.4081,360.0,0
2017-11-22,12,9.83333,0.99,2.0,92,41.2825,35.4833,-18.8759,-51.5707,313.65,0
2017-11-22,13,9.33333,0.99,2.33333,94,42.2267,41.585,-19.6413,-53.4185,312.12,0
2017-11-22,14,9.16667,0.99,2.66667,97,42.785,41.81,-18.4932,-50.6469,327.6,0
2017-11-22,15,8.83333,0.99,2.83333,98,36.7167,43.56,-21.172,-49.114,352.8,0
2017-11-22,16,8.66667,0.66,3.0,100,39.05,49.69,-26.1218,-45.0638,398.618,0
2017-11-22,17,7.83333,0.33,3.0,96,42.6133,47.2233,-25.4147,-44.3567,411.927,0
2017-11-22,18,7.33333,0.0,3.16667,100,42.7633,47.242,-27.7108,-49.8999,398.945,0
2017-11-22,22,5.16667,0.0,4.0,100,55.815,41.635,-22.7108,-48.0676,480.0,0
2017-11-23,1,5.16667,0.0,3.5,90,58.55,47.8333,-12.3704,-44.5889,595.08,0
2017-11-23,2,5.33333,0.0,3.33333,100,49.2875,59.715,-12.3704,-49.5889,574.08,0
2017-11-23,3,5.33333,0.0,3.16667,100,50.965,54.52,-5.29927,-47.5178,604.2,0
2017-11-23,4,5.5,0.0,3.16667,98,57.255,44.925,-4.91659,-46.5939,641.143,0
2017-11-23,5,5.83333,0.0,3.33333,100,45.9233,50.5275,-5.5101,-43.9402,620.1,0
2017-11-23,6,6.16667,0.0,3.5,97,49.3083,42.5483,-11.167,-41.5971,570.24,0
2017-11-23,7,6.83333,0.0,3.33333,94,53.9583,46.6367,-16.1418,-44.3687,501.84,0
2017-11-23,8,7.33333,0.0,3.33333,90,36.35,40.1183,-15.3765,-42.521,496.8,0
2017-11-23,9,8.33333,0.0,3.33333,90,41.5617,42.0383,-25.276,-43.9352,440.64,0
2017-11-23,10,9.16667,0.0,3.66667,79,36.776,44.16,-35.4387,-38.1447,360.0,0
2017-11-23,11,9.83333,0.0,4.33333,70,32.7233,58.546,-38.1447,-35.4387,341.85,0
2017-11-23,12,10.3333,0.0,5.16667,68,35.8317,41.2825,-37.9117,-30.8761,340.267,0
2017-11-23,13,11.1667,0.0,6.16667,62,36.718,42.2267,-42.2458,-30.3394,305.25,0
2017-11-23,14,11.5,0.0,6.83333,73,32.778,42.785,-46.4884,-34.582,260.945,0
2017-11-23,15,11.5,0.0,7.33333,85,42.5867,36.7167,-45.5645,-34.1993,271.745,0
2017-11-23,16,11.5,0.0,7.66667,91,51.74,39.05,-45.5645,-34.1993,280.8,0
2017-11-23,17,11.0,0.0,7.5,92,60.03,42.6133,-47.2419,-29.9235,282.764,0
2017-11-23,18,10.1667,0.0,7.0,83,76.035,42.7633,-47.7786,-25.5894,328.714,0
2017-11-23,22,6.66667,0.0,4.33333,94,59.43,55.815,-35.9112,-35.4168,426.0,0
2017-11-24,0,6.33333,0.0,3.33333,97,55.765,47.925,-31.5801,-40.2861,492.0,0
2017-11-24,1,6.83333,0.0,2.83333,97,62.6925,58.55,-27.0744,-41.7336,515.2,0
2017-11-24,2,6.83333,0.0,2.5,95,62.9775,49.2875,-27.9982,-42.1162,457.6,0
2017-11-24,3,6.83333,0.0,2.33333,95,62.6933,50.965,-20.9982,-36.1162,454.629,0
2017-11-24,4,6.5,0.0,1.83333,100,60.386,57.255,-18.3195,-34.6491,490.629,0
2017-11-24,5,6.33333,0.0,1.5,100,64.7533,45.9233,-14.624,-36.1798,480.0,0
2017-11-24,6,5.66667,0.0,1.33333,100,66.7883,49.3083,-9.11675,-32.5411,501.84,0
2017-11-24,7,4.83333,0.0,1.33333,95,69.08,53.9583,-5.67263,-31.6172,540.6,0
2017-11-24,8,5.0,0.0,1.16667,100,69.765,36.35,-1.46315,-30.6933,546.96,0
2017-11-24,9,5.16667,0.0,1.16667,95,71.8433,41.5617,5.13384,-34.5488,532.65,0
2017-11-24,10,5.5,0.0,2.0,82,67.0233,36.776,15.0334,-33.1346,595.08,0
2017-11-24,11,6.0,0.0,2.83333,80,64.7,32.7233,10.7907,-37.3772,556.92,0
2017-11-24,12,6.66667,0.0,4.0,84,61.5533,35.8317,27.0295,-33.5504,559.543,0
2017-11-24,13,7.5,0.0,5.33333,81,57.8917,36.718,14.3726,-34.2073,530.4,0
2017-11-24,14,8.16667,0.0,6.83333,72,56.998,32.778,-1.39012,-33.675,420.0,0
2017-11-24,15,9.0,0.0,7.83333,84,56.1625,42.5867,-15.9208,-29.9522,374.85,0
2017-11-24,16,9.83333,0.0,8.16667,94,58.53,51.74,-12.2249,-18.3185,332.8,0
2017-11-24,17,10.3333,0.0,8.16667,89,70.815,60.03,-25.1449,-18.2853,319.2,0
2017-11-24,18,9.83333,0.0,7.66667,94,80.12,76.035,-28.7268,-16.4552,309.12,0
2017-11-24,22,5.83333,0.0,4.5,94,57.19,59.43,1.95604,-20.9706,497.455,0
2017-11-25,0,5.33333,0.0,3.66667,97,55.72,55.765,-6.74788,-32.5139,553.527,1
2017-11-25,1,5.5,0.0,3.5,94,60.1217,62.6925,-10.9905,-36.7565,526.145,1
2017-11-25,2,5.83333,0.0,3.5,87,60.0325,62.9775,1.46822,-38.0903,595.08,1
2017-11-25,3,5.66667,0.0,3.83333,88,54.075,62.6933,1.46822,-43.0903,574.08,1
2017-11-25,4,5.66667,0.0,4.0,93,51.9833,60.386,7.17147,-42.7991,586.56,1
2017-11-25,5,5.5,0.0,4.16667,95,46.6667,64.7533,7.71475,-45.0952,563.04,1
2017-11-25,6,5.5,0.0,4.33333,96,40.386,66.7883,4.65331,-42.7041,583.0,1
2017-11-25,7,5.5,0.0,4.33333,93,48.985,69.08,4.65331,-42.7041,583.0,1
2017-11-25,8,5.83333,0.0,4.33333,96,41.006,69.765,2.35723,-43.1609,583.0,1
2017-11-25,9,6.5,0.0,4.33333,93,41.96,71.8433,-4.10993,-39.8396,561.6,1
2017-11-25,10,6.66667,0.0,4.83333,81,42.2833,67.0233,9.13273,-35.597,499.8,1
2017-11-25,11,7.66667,0.0,5.5,79,44.928,64.7,4.15789,-31.5208,505.44,1
2017-11-25,12,8.83333,0.0,6.33333,75,47.515,61.5533,-5.62805,-33.4674,440.64,1
2017-11-25,13,10.5,0.0,7.33333,74,32.528,57.8917,-12.899,-34.9346,349.8,1
2017-11-25,14,13.1667,0.0,8.0,73,40.194,56.998,-17.7456,-37.5696,275.6,1
2017-11-25,15,15.1667,0.0,8.66667,76,42.17,56.1625,-37.5378,-32.1258,208.338,1
2017-11-25,16,17.3333,0.0,8.83333,81,46.5167,58.53,-51.9645,-28.1517,159.6,1
2017-11-25,17,18.1667,0.0,8.66667,92,43.665,70.815,-54.7929,-30.9801,169.304,1
2017-11-25,22,13.6667,1.12,7.0,89,19.41,57.19,-47.7786,-25.5894,264.0,1
2017-11-26,0,11.6667,2.03,7.0,89,16.045,55.72,-54.2458,-28.2682,240.0,1
2017-11-26,1,11.5,2.77,7.0,87,27.91,60.1217,-50.5503,-20.6146,297.6,1
2017-11-26,2,10.6667,2.77,6.66667,82,31.99,60.0325,-40.6507,0.28496,328.714,1
2017-11-26,3,10.3333,2.77,6.16667,86,22.256,54.075,-40.6507,9.28496,300.0,1
2017-11-26,4,10.8333,1.65,5.66667,94,13.82,51.9833,-17.5537,30.852,353.455,1
2017-11-26,5,10.6667,1.48,5.0,90,9.32,46.6667,-7.39104,49.0614,291.6,1
2017-11-26,6,11.6667,2.22,4.5,84,13.83,40.386,0.0,56.0,294.0,1
2017-11-26,7,13.0,1.48,4.0,84,13.188,48.985,0.0,59.0,240.0,1
2017-11-26,8,13.0,2.37,3.83333,87,17.28,41.006,13.4351,55.5537,239.4,1
2017-11-26,9,13.8333,2.37,3.83333,85,22.834,41.96,13.4351,50.5537,264.48,1
2017-11-26,10,13.8333,3.16,3.83333,84,22.782,42.2833,25.456,56.2597,221.571,1
2017-11-26,11,14.1667,2.42,4.0,75,24.088,44.928,35.3555,55.194,253.895,1
2017-11-26,12,14.1667,1.68,4.0,70,25.166,47.515,30.4057,46.1256,258.4,1
2017-11-26,13,13.3333,1.68,4.0,69,28.968,32.528,40.3053,50.0599,258.353,1
2017-11-26,14,14.1667,0.79,4.0,68,38.6433,40.194,38.1839,47.2883,267.429,1
2017-11-26,15,13.1667,0.79,3.83333,69,41.97,42.17,28.2844,48.354,255.2,1
2017-11-26,16,12.5,0.0,3.5,72,36.24,46.5167,29.9618,44.0781,277.114,1
2017-11-26,17,12.1667,0.0,3.16667,72,37.3867,43.665,39.2006,47.9049,249.171,1
2017-11-26,22,9.0,0.0,1.66667,74,51.44,19.41,35.4019,46.0104,363.0,1
2017-11-27,0,8.0,0.0,1.16667,80,45.505,16.045,31.82,49.5746,380.8,0
2017-11-27,1,6.66667,0.0,0.833333,75,53.5683,27.91,31.82,53.5746,388.267,0
2017-11-27,2,5.66667,0.0,0.333333,85,62.06,31.99,31.82,54.5746,435.2,0
2017-11-27,3,4.66667,0.0,0.0,78,52.586,22.256,25.456,48.2597,549.067,0
2017-11-27,4,4.16667,0.0,-0.166667,78,58.5417,13.82,25.456,51.2597,564.667,0
2017-11-27,5,3.16667,0.0,-0.5,88,64.5917,9.32,23.3346,47.1874,607.05,0
2017-11-27,6,3.5,0.0,-1.16667,100,71.3433,13.83,25.456,49.3088,615.6,0
2017-11-27,7,4.33333,0.0,-1.16667,85,76.422,13.188,25.456,47.3088,668.8,0
2017-11-27,8,4.5,0.0,-1.33333,97,77.288,17.28,25.456,53.3088,618.8,0
2017-11-27,9,4.66667,0.0,-1.33333,88,65.7433,22.834,21.2133,47.7655,737.2,0
2017-11-27,10,4.5,0.0,-1.33333,74,63.49,22.782,24.0417,51.461,720.8,0
2017-11-27,11,4.83333,0.0,-0.833333,69,57.14,24.088,21.2133,47.7655,805.6,0
2017-11-27,12,5.0,0.0,0.333333,69,50.1917,25.166,24.7488,52.3849,762.667,0
2017-11-27,13,5.0,0.0,0.833333,69,55.16,28.968,18.3849,47.07,660.0,0
2017-11-27,14,5.83333,0.0,1.66667,68,52.605,38.6433,12.8416,38.7739,649.0,0
2017-11-27,15,6.5,0.0,2.16667,75,53.9875,41.97,2.94204,40.1881,540.0,0
2017-11-27,16,7.16667,0.0,2.33333,86,64.8633,36.24,0.82071,40.0668,561.6,0
2017-11-27,17,7.33333,0.0,2.16667,83,62.5167,37.3867,-4.74474,39.61,468.0,0
2017-11-27,22,6.0,0.0,-0.666667,97,72.3,51.44,-3.18756,21.9718,486.0,0
2017-11-28,0,6.5,0.0,-1.5,89,63.33,45.505,-2.8882,-4.6194,532.0,0
2017-11-28,1,6.83333,0.0,-1.66667,88,70.37,53.5683,-2.8882,-10.6194,496.4,0
2017-11-28,2,7.33333,0.0,-1.83333,85,64.0367,62.06,-2.12284,-25.4015,480.0,0
2017-11-28,3,8.5,0.0,-2.0,84,61.55,52.586,-15.7422,-31.907,453.6,0
2017-11-28,4,9.5,0.0,-2.0,86,61.8425,58.5417,-30.2094,-34.5858,393.6,0
2017-11-28,5,10.3333,0.0,-2.0,87,55.552,64.5917,-39.5411,-33.0935,300.0,0
2017-11-28,6,11.1667,0.0,-2.0,88,61.33,71.3433,-47.9489,-25.2185,253.543,0
2017-11-28,7,12.6667,0.0,-2.0,89,55.9075,76.422,-55.4328,-22.9608,250.364,0
2017-11-28,8,12.1667,0.0,-1.83333,87,51.59,77.288,-48.0418,-19.8994,281.538,0
2017-11-28,9,11.0,0.0,-1.5,76,43.106,65.7433,-53.6986,-25.5562,269.077,0
2017-11-28,10,10.8333,0.0,-1.0,74,43.946,63.49,-45.9309,-24.8241,336.3,0
2017-11-28,11,10.8333,0.0,-0.333333,67,43.72,57.14,-45.9309,-24.8241,329.018,0
2017-11-28,12,11.0,0.0,0.666667,62,35.8575,50.1917,-44.2535,-29.0999,353.4,0
2017-11-28,13,10.5,0.0,1.66667,61,44.4175,55.16,-55.3401,-33.6921,300.0,0
2017-11-28,14,11.5,0.0,2.66667,62,46.2775,52.605,-46.9115,-26.8871,255.0,0
2017-11-28,15,12.5,0.0,3.33333,68,50.59,53.9875,-17.5823,-18.0523,286.7,0
2017-11-28,16,12.3333,0.0,3.5,74,60.63,64.8633,-20.1836,-14.1592,286.7,0
2017-11-28,17,12.1667,0.0,3.33333,76,63.48,62.5167,-27.9618,-21.9374,240.0,0
2017-11-28,22,7.5,0.0,0.666667,85,54.61,72.3,-41.8418,-41.8418,372.3,0
2017-11-29,0,6.16667,0.0,0.166667,92,56.09,63.33,-28.3345,-42.4057,482.727,0
2017-11-29,1,5.83333,0.0,-0.166667,92,63.7567,70.37,-32.9539,-44.3191,477.164,0
2017-11-29,2,5.5,0.0,-0.666667,92,63.275,64.0367,-31.4232,-48.0147,480.0,0
2017-11-29,3,5.16667,0.0,-0.833333,92,57.8217,61.55,-23.645,-44.2365,564.667,0
2017-11-29,4,4.83333,0.48,-0.833333,91,61.2767,61.8425,-20.8166,-47.0649,557.6,0
2017-11-29,5,4.5,0.48,-0.833333,91,56.6,55.552,-14.4526,-45.7009,582.4,0
2017-11-29,6,4.5,0.48,-0.666667,92,54.9,61.33,-10.2431,-44.777,604.2,0
2017-11-29,7,4.66667,0.48,-0.5,92,63.1817,55.9075,-7.94702,-44.2337,626.4,0
2017-11-29,8,4.66667,0.48,-0.166667,87,60.0883,51.59,-5.61776,-44.6105,662.4,0
2017-11-29,9,4.66667,0.96,0.0,86,61.5575,43.106,-5.61776,-48.6105,641.829,0
2017-11-29,10,5.0,0.48,0.166667,83,61.9525,43.946,-1.40828,-45.8388,707.143,0
2017-11-29,11,5.33333,0.48,0.333333,76,59.87,43.72,1.27048,-46.3717,674.16,0
2017-11-29,12,6.0,0.48,0.666667,72,57.9175,35.8575,0.94011,-49.4081,600.0,0
2017-11-29,13,6.16667,0.48,1.0,73,57.1775,44.4175,-9.78304,-45.2481,570.24,0
2017-11-29,14,7.0,0.48,1.33333,83,57.098,46.2775,-15.3263,-42.5442,546.96,0
2017-11-29,15,7.5,0.25,1.33333,87,64.425,50.59,-25.5546,-36.3689,505.44,0
2017-11-29,16,7.0,0.25,1.33333,91,60.4975,60.63,-16.6412,-31.7495,443.7,0
2017-11-29,17,6.33333,0.25,1.16667,93,58.45,63.48,-12.6412,-27.7495,443.7,0
2017-11-29,22,4.83333,0.0,0.166667,92,60.4,54.61,-0.69775,-24.7955,540.0,0
2017-11-30,0,5.83333,0.0,0.0,88,42.545,56.09,16.6585,-24.2904,630.667,0
2017-11-30,1,6.16667,0.0,-0.166667,86,55.52,63.7567,21.9119,-28.2373,620.229,0
2017-11-30,2,5.83333,0.0,-0.333333,90,58.5433,63.275,12.2332,-34.7045,566.1,0
2017-11-30,3,6.16667,0.56,-0.5,92,53.3,57.8217,8.23319,-38.7045,540.0,0
2017-11-30,4,6.83333,1.04,-0.5,92,40.03,61.2767,7.00483,-45.5564,501.84,0
2017-11-30,5,7.33333,1.6,-0.333333,92,47.0875,56.6,2.00483,-48.5564,496.8,0
2017-11-30,7,7.5,2.18,-0.333333,92,42.0267,63.1817,-12.6284,-51.488,421.2,0
2017-11-30,16,11.5,4.5,1.0,89,32.405,60.4975,-16.8379,-59.6507,240.0,0
2017-11-30,17,11.0,4.02,0.666667,88,31.24,58.45,-9.567,-53.1836,325.68,0
2017-11-30,22,9.16667,1.67,0.166667,86,31.492,60.4,4.155,-34.509,451.0,0
2018-10-01,0,6.0,0.0,5.33333,98,58.53,77.85,-15.8134,-30.9726,432.771,0
2018-10-01,1,5.0,0.0,4.16667,100,41.64,58.15,0.65644,-29.1507,486.0,0
2018-10-01,2,4.33333,0.0,3.16667,96,50.01,56.33,11.583,-29.6248,559.32,0
2018-10-01,3,3.83333,0.0,2.33333,100,41.705,54.81,12.9972,-31.039,595.08,0
2018-10-01,4,3.16667,0.0,1.83333,100,48.465,50.465,13.7044,-31.7461,645.12,0
2018-10-01,5,3.16667,0.0,1.5,100,48.56,42.97,14.087,-32.67,693.0,0
2018-10-01,6,3.33333,0.0,1.16667,95,52.975,37.085,18.7064,-34.5834,660.0,0
2018-10-01,7,3.5,0.0,0.5,100,47.205,29.04,14.7064,-34.5834,756.0,0
2018-10-01,8,4.16667,0.0,0.333333,100,42.395,25.565,26.7273,-31.0478,781.0,0
2018-10-01,9,5.0,0.0,0.666667,100,41.89,21.11,33.266,-32.3484,747.3,0
2018-10-01,10,6.33333,0.0,2.16667,69,28.245,16.19,37.5087,-32.5911,711.36,0
2018-10-01,11,6.66667,0.0,4.16667,59,20.29,9.21,22.661,-29.5024,674.16,0
2018-10-01,12,7.33333,0.0,6.5,46,20.14,11.795,14.1757,-30.9166,624.24,0
2018-10-01,13,8.33333,0.0,9.5,43,23.66,6.355,1.06501,-31.407,420.0,0
2018-10-01,14,9.16667,0.0,12.3333,41,24.495,6.635,-20.6409,-34.0858,360.0,0
2018-10-01,15,9.83333,0.0,14.8333,41,29.675,8.265,-16.1797,-24.2998,316.2,0
2018-10-01,16,9.33333,0.0,16.0,46,38.71,15.09,-29.6611,-23.8839,300.0,0
2018-10-01,17,10.0,0.0,16.3333,52,43.595,22.71,-25.5889,-16.1972,314.743,0
2018-10-01,18,9.33333,0.0,16.1667,59,45.33,42.9,-30.8018,-15.4569,300.0,0
2018-10-01,19,8.0,0.0,15.6667,62,55.375,35.86,-23.7307,-2.38578,369.6,0
2018-10-01,20,6.5,0.51,14.6667,67,55.89,54.525,-25.2614,1.30974,384.8,0
2018-10-01,21,5.66667,0.51,13.1667,80,57.8,52.56,-26.0268,3.1575,420.0,0
2018-10-01,22,5.0,0.51,11.5,91,76.14,62.71,-16.8536,12.3691,507.055,0
2018-10-01,23,4.16667,0.51,10.1667,92,65.61,46.17,-17.619,14.2168,541.964,0
2018-10-02,0,4.33333,0.51,8.83333,93,53.63,58.53,-34.1623,11.9207,612.48,0
2018-10-02,1,4.83333,0.51,7.66667,94,64.46,41.64,-36.841,18.3879,556.92,0
2018-10-02,2,5.66667,0.0,6.83333,91,40.945,50.01,-22.6525,17.2649,540.0,0
2018-10-02,3,6.0,0.0,6.5,80,50.93,41.705,-13.46,8.0725,606.764,0
2018-10-02,4,6.83333,0.0,6.5,77,37.045,48.465,3.70266,12.282,604.2,0
2018-10-02,5,7.16667,0.0,6.5,76,35.395,48.56,3.70266,13.282,540.0,0
2018-10-02,6,7.83333,0.0,6.66667,78,32.12,52.975,7.91214,11.1193,459.0,0
2018-10-02,7,8.33333,0.0,7.0,76,29.79,47.205,10.0113,21.7303,408.857,0
2018-10-02,8,9.33333,0.0,7.33333,82,29.095,42.395,12.6901,25.2631,360.0,0
2018-10-02,9,10.6667,0.0,7.5,83,29.665,41.89,2.79052,48.1627,314.743,0
2018-10-02,10,11.8333,0.0,7.83333,65,23.59,28.245,-4.20948,56.1627,252.45,0
2018-10-02,11,13.0,0.0,8.33333,61,18.835,20.29,9.89954,50.9343,264.48,0
2018-10-02,12,13.8333,0.0,8.83333,57,23.595,20.14,20.5062,54.7925,232.615,0
2018-10-02,13,14.5,0.0,9.33333,61,20.555,23.66,31.82,56.5746,220.0,0
2018-10-02,14,14.8333,0.0,9.83333,57,25.07,24.495,31.82,55.5746,221.571,0
2018-10-02,15,14.8333,0.0,10.3333,52,22.6,29.675,21.9204,57.6403,220.0,0
2018-10-02,16,14.1667,0.0,10.6667,56,26.745,38.71,11.3138,58.7821,226.8,0
2018-10-02,17,13.5,0.0,10.6667,53,37.965,43.595,0.0,54.0,267.429,0
2018-10-02,18,12.8333,0.0,10.5,55,36.905,45.33,0.0,51.0,302.08,0
2018-10-02,19,11.8333,0.0,10.0,63,36.695,55.375,0.0,63.0,257.92,0
2018-10-02,20,10.6667,0.0,9.33333,61,41.0,55.89,0.0,56.0,325.68,0
2018-10-02,21,10.1667,0.0,8.66667,56,49.32,57.8,0.0,64.0,310.08,0
2018-10-02,22,10.1667,0.0,7.83333,61,50.48,76.14,0.0,51.0,353.455,0
2018-10-02,23,10.6667,0.0,7.0,58,49.28,65.61,0.0,61.0,300.0,0
2018-10-03,0,12.3333,0.0,6.66667,52,41.98,53.63,-12.9343,43.3575,319.2,0
2018-10-03,1,14.0,0.0,6.5,53,32.64,64.46,-28.4907,42.9139,216.0,0
2018-10-03,2,15.8333,0.0,6.66667,49,26.17,40.945,-41.2187,33.6419,195.429,0
2018-10-03,3,17.1667,0.0,6.83333,52,15.58,50.93,-41.7195,41.7195,195.873,0
2018-10-03,4,19.0,0.0,7.0,62,12.825,37.045,-40.3053,40.3053,191.133,0
2018-10-03,5,20.1667,2.49,7.5,67,12.775,35.395,-8.17581,19.541,175.137,0
2018-10-03,6,20.1667,2.49,7.66667,81,13.975,32.12,24.6608,-1.93036,167.04,0
2018-10-03,7,21.1667,3.84,7.83333,87,16.505,29.79,59.1283,-24.4915,159.6,0
2018-10-03,8,22.0,5.19,8.0,81,14.745,29.095,30.5425,5.71788,141.943,0
2018-10-03,9,22.3333,5.19,8.16667,73,15.3,29.665,11.141,37.7542,130.473,0
2018-10-03,10,23.6667,5.19,8.66667,75,13.09,23.59,-17.6033,66.4985,140.4,0
2018-10-03,11,25.0,2.7,9.16667,69,13.315,18.835,-8.41896,49.3254,166.527,0
2018-10-03,12,25.5,2.7,9.5,79,12.64,23.595,0.0,58.0,146.897,0
2018-10-03,13,24.8333,1.71,9.83333,79,9.05,20.555,-9.567,52.097,167.586,0
2018-10-03,14,24.3333,0.36,9.83333,79,13.14,25.07,-9.567,72.097,143.379,0
2018-10-03,15,25.0,0.36,10.1667,61,9.355,22.6,-9.567,64.097,167.088,0
2018-10-03,16,24.5,0.36,10.3333,62,14.005,26.745,0.0,67.0,136.74,0
2018-10-03,17,24.0,0.36,10.1667,68,16.9,37.965,0.0,52.0,170.769,0
2018-10-03,18,23.3333,0.36,10.0,79,20.57,36.905,0.0,52.0,170.769,0
2018-10-03,19,22.1667,0.0,9.66667,72,21.0,36.695,0.0,73.0,134.538,0
2018-10-03,20,19.6667,0.0,9.33333,71,17.76,41.0,0.0,60.0,207.138,0
2018-10-03,21,17.1667,0.0,8.66667,72,20.56,49.32,0.0,66.0,243.692,0
2018-10-03,22,15.0,0.0,8.0,68,23.08,50.48,0.0,51.0,332.0,0
2018-10-03,23,13.0,0.0,7.33333,63,16.43,49.28,-4.97484,63.0104,296.4,0
2018-10-04,0,11.3333,0.0,6.83333,63,12.54,41.98,-4.97484,56.0104,299.815,0
2018-10-04,1,11.0,0.0,6.5,63,11.55,32.64,-4.97484,54.0104,255.0,0
2018-10-04,2,12.1667,0.0,6.33333,61,8.55,26.17,-4.97484,59.0104,250.364,0
2018-10-04,3,12.3333,0.0,6.16667,60,10.98,15.58,-4.97484,61.0104,249.508,0
2018-10-04,4,12.6667,0.0,6.0,59,14.22,12.825,0.0,61.0,268.029,0
2018-10-04,5,13.0,0.0,5.83333,67,14.72,12.775,0.0,51.0,281.455,0
2018-10-04,6,13.3333,0.0,5.66667,71,15.6,13.975,0.0,56.0,242.031,0
2018-10-04,7,14.1667,0.0,5.66667,77,18.365,16.505,-4.97484,55.0104,235.2,0
2018-10-04,8,14.1667,0.0,5.66667,74,25.01,14.745,-11.0977,57.7925,220.0,0
2018-10-04,9,14.0,0.0,5.83333,69,23.13,15.3,-11.0977,55.7925,243.6,0
2018-10-04,10,14.5,0.0,6.16667,70,21.23,13.09,-11.0977,50.7925,271.385,0
2018-10-04,11,14.6667,0.0,6.83333,67,20.205,13.315,6.6051,55.4119,243.6,0
2018-10-04,12,15.3333,0.0,7.66667,60,17.165,12.64,24.7488,56.3358,214.338,0
2018-10-04,13,15.3333,0.0,8.33333,54,15.61,9.05,36.7697,48.0418,228.8,0
2018-10-04,14,16.1667,0.0,9.16667,55,12.08,13.14,36.7697,64.0418,180.0,0
2018-10-04,15,17.3333,0.0,10.1667,44,9.675,9.355,24.7488,48.3358,232.941,0
2018-10-04,16,16.8333,0.0,11.0,42,33.045,14.005,25.456,49.2597,220.8,0
2018-10-04,17,15.8333,0.0,11.5,46,38.58,16.9,36.0626,47.1179,236.733,0
2018-10-04,18,14.5,0.0,11.3333,59,24.83,20.57,36.0626,58.1179,224.0,0
2018-10-04,19,13.3333,0.0,11.0,65,51.52,21.0,23.3346,50.488,299.0,0
2018-10-04,20,10.5,0.0,10.1667,78,53.88,17.76,29.6986,58.803,291.2,0
2018-10-04,21,8.16667,0.0,9.0,81,78.87,20.56,29.6986,59.803,348.333,0
2018-10-04,22,6.16667,0.0,7.5,87,89.2,23.08,29.6986,63.803,370.6,0
2018-10-04,23,5.16667,0.0,6.0,90,89.68,16.43,16.9706,50.1731,519.12,0
2018-10-05,0,4.5,0.0,5.0,93,81.765,12.54,13.4351,46.6376,524.32,0
2018-10-05,1,4.0,0.0,4.16667,99,90.69,11.55,15.3485,42.0182,521.52,0
2018-10-05,2,4.66667,0.0,3.66667,96,88.94,8.55,7.03792,22.6167,607.418,0
2018-10-05,3,4.83333,0.0,2.66667,100,75.1,10.98,8.95132,17.9973,589.745,0
2018-10-05,4,4.66667,0.0,2.16667,100,80.4,14.22,10.8647,2.37789,668.8,0
2018-10-05,5,4.5,0.0,2.0,100,65.205,14.72,11.6301,0.53013,696.667,0
2018-10-05,6,4.16667,0.0,2.0,100,58.65,15.6,14.4585,-2.29831,680.0,0
2018-10-05,7,3.66667,0.0,2.16667,100,61.805,18.365,16.5798,-13.4196,805.6,0
2018-10-05,8,3.5,0.0,2.5,100,46.585,25.01,17.7279,-16.1913,806.4,0
2018-10-05,9,3.5,0.0,2.83333,100,37.94,23.13,16.1972,-19.8868,780.0,0
2018-10-05,10,4.83333,0.0,4.33333,72,37.76,21.23,5.21378,-31.1151,720.0,0
2018-10-05,11,5.5,0.0,6.16667,57,29.875,20.205,-0.48947,-30.7528,674.16,0
2018-10-05,12,6.66667,0.0,8.16667,50,25.28,17.165,-9.79391,-29.1948,622.2,0
2018-10-05,13,8.16667,0.0,10.1667,47,17.92,15.61,-4.00339,-19.0321,563.04,0
2018-10-05,14,9.83333,0.0,12.0,48,20.68,12.08,0.36808,-7.6152,387.6,0
2018-10-05,15,10.8333,0.0,14.5,45,19.93,9.675,19.3702,0.76536,309.12,0
2018-10-05,16,11.3333,0.0,15.6667,44,38.45,33.045,39.609,-3.06144,278.25,0
2018-10-05,17,11.8333,0.0,16.0,47,49.785,38.58,60.0,0.0,240.0,0
2018-10-05,18,12.0,0.0,15.5,60,46.945,24.83,61.0,0.0,249.9,0
2018-10-05,19,12.0,0.0,14.6667,66,57.22,51.52,60.0,0.0,277.714,0
2018-10-05,20,10.6667,0.0,13.5,77,60.815,53.88,58.0,0.0,271.745,0
2018-10-05,21,9.5,0.0,12.0,84,57.505,78.87,41.4567,-2.29608,343.385,0
2018-10-05,22,8.33333,0.0,10.3333,85,75.99,89.2,41.4567,-6.29608,367.015,0
2018-10-05,23,7.66667,0.0,9.0,86,69.7,89.68,45.6994,-10.5387,360.0,0
2018-10-06,0,6.66667,0.0,8.0,89,45.38,81.765,35.3781,-17.0059,412.364,1
2018-10-06,1,5.5,0.0,7.16667,92,42.59,90.69,24.3781,-22.0059,497.455,1
2018-10-06,2,5.16667,0.0,6.5,95,56.28,88.94,24.3781,-27.0059,492.0,1
2018-10-06,3,5.16667,0.0,6.0,94,36.535,75.1,25.9089,-30.7014,495.164,1
2018-10-06,4,4.83333,0.0,5.33333,100,38.125,80.4,14.9089,-34.7014,619.5,1
2018-10-06,5,4.5,0.0,4.66667,100,43.455,65.205,16.4396,-38.3969,621.5,1
2018-10-06,6,4.5,0.0,4.16667,98,47.82,58.65,16.4396,-43.3969,600.0,1
2018-10-06,7,5.0,0.0,3.66667,100,42.49,61.805,7.97513,-46.9325,622.2,1
2018-10-06,8,5.16667,0.0,3.66667,99,32.55,46.585,16.5798,-48.0275,604.2,1
2018-10-06,9,6.0,0.0,4.16667,96,24.235,37.94,14.2506,-48.4042,641.143,1
2018-10-06,10,7.0,0.0,5.5,75,25.88,37.76,15.016,-50.2519,563.04,1
2018-10-06,11,8.0,0.0,7.33333,55,28.04,29.875,5.77715,-44.0788,480.0,1
2018-10-06,12,9.5,0.0,9.5,51,31.455,25.28,-1.49377,-42.8504,399.36,1
2018-10-06,13,11.0,0.0,12.0,47,32.26,17.92,-14.9289,-44.2144,313.65,1
2018-10-06,14,13.3333,0.0,14.3333,46,26.665,20.68,-39.0538,-30.3946,264.48,1
2018-10-06,15,14.5,0.0,16.3333,46,31.425,19.93,-10.815,-26.5678,180.0,1
2018-10-06,16,15.3333,0.0,18.0,43,29.73,38.45,-11.488,-12.6284,224.824,1
2018-10-06,17,15.3333,0.0,19.0,59,38.205,49.785,-25.3462,-18.3686,180.0,1
2018-10-06,18,14.6667,0.0,19.1667,65,31.435,46.945,-19.803,-16.0726,238.105,1
2018-10-06,19,13.6667,0.0,18.8333,65,49.73,57.22,-28.803,-16.0726,297.6,1
2018-10-06,20,11.8333,0.0,18.0,76,49.045,60.815,-17.803,-16.0726,266.325,1
2018-10-06,21,11.0,0.0,16.6667,88,48.015,57.505,-8.67776,-15.6066,336.0,1
2018-10-06,22,10.0,0.0,15.0,84,51.03,75.99,-4.98224,-14.0758,353.455,1
2018-10-06,23,9.66667,0.0,13.6667,74,50.83,69.7,-13.2972,-17.52,311.564,1
2018-10-07,0,9.5,0.0,12.6667,79,41.575,45.38,5.86552,-13.3105,324.48,1
2018-10-07,1,8.33333,0.0,11.8333,80,47.29,42.59,4.86552,-13.3105,347.564,1
2018-10-07,2,8.16667,0.0,11.0,88,42.22,56.28,6.39624,-17.006,360.0,1
2018-10-07,3,7.16667,0.0,10.5,89,43.36,36.535,-4.60376,-24.006,374.85,1
2018-10-07,4,6.5,0.0,10.0,87,41.47,38.125,2.96652,-22.9685,453.927,1
2018-10-07,5,5.83333,0.0,9.33333,96,42.235,43.455,4.87992,-27.5879,448.145,1
2018-10-07,6,5.16667,0.51,9.0,98,44.335,47.82,20.0426,-23.3784,515.2,1
2018-10-07,7,5.33333,0.51,8.16667,100,51.565,42.49,21.956,-27.9978,496.4,1
2018-10-07,8,5.0,0.51,8.0,100,44.32,32.55,33.8065,-28.0893,564.667,1
2018-10-07,9,5.16667,0.51,8.16667,100,45.43,24.235,37.342,-31.6248,540.0,1
2018-10-07,10,6.33333,0.51,9.5,65,44.58,25.88,32.5847,-35.8675,593.6,1
2018-10-07,11,7.33333,0.51,10.8333,67,46.17,28.04,13.5686,-23.6866,517.029,1
2018-10-07,12,8.83333,0.0,12.3333,60,46.5,31.455,11.6552,-23.0672,440.64,1
2018-10-07,13,10.1667,0.0,14.5,53,43.395,32.26,-7.0711,-23.728,336.96,1
2018-10-07,14,11.8333,0.0,16.6667,49,39.6,26.665,-26.1526,-21.6317,240.0,1
2018-10-07,15,13.6667,0.0,18.6667,43,40.965,31.425,-6.90998,-25.8744,259.418,1
2018-10-07,16,13.1667,0.0,19.6667,47,55.585,29.73,-22.6159,-8.36882,221.571,1
2018-10-07,17,13.6667,0.0,20.5,53,43.495,38.205,-21.0313,4.97484,261.415,1
2018-10-07,18,12.6667,0.0,20.6667,59,46.43,31.435,-18.9204,19.8492,264.0,1
2018-10-07,19,11.3333,0.0,20.5,66,55.35,49.73,-21.9819,27.2403,257.92,1
2018-10-07,20,9.33333,0.0,19.6667,72,56.49,49.045,-40.5174,30.7758,370.447,1
2018-10-07,21,7.16667,0.0,18.1667,84,44.82,48.015,-41.6655,33.5475,413.365,1
2018-10-07,22,8.5,0.0,16.8333,71,24.45,51.03,-43.1962,37.243,438.565,1
2018-10-07,23,9.33333,0.0,15.5,72,16.48,50.83,-7.15442,39.3142,448.2,1
2018-10-08,0,10.3333,0.0,14.3333,75,15.06,41.575,20.2988,36.6855,327.6,0
2018-10-08,1,10.6667,0.0,12.8333,92,11.72,47.29,40.9782,28.3448,180.0,0
2018-10-08,2,11.6667,0.0,11.5,97,9.55,42.22,48.9761,27.3281,258.353,0
2018-10-08,3,12.8333,0.0,10.5,99,8.77,43.36,55.3401,33.6921,248.4,0
2018-10-08,4,11.5,0.0,9.33333,98,10.445,41.47,53.4819,25.8807,316.737,0
2018-10-08,5,10.1667,0.0,8.33333,90,17.615,42.235,62.4819,25.8807,300.0,0
2018-10-08,6,9.33333,0.0,7.5,90,16.29,44.335,55.9282,18.6098,331.629,0
2018-10-08,7,9.5,0.0,7.33333,82,18.54,51.565,51.9938,13.2522,314.743,0
2018-10-08,8,8.66667,0.0,7.16667,86,21.275,44.32,53.5267,10.5735,325.867,0
2018-10-08,9,7.66667,0.0,7.33333,81,11.91,45.43,50.8582,5.7402,411.927,0
2018-10-08,10,7.33333,0.0,7.83333,76,7.615,44.58,55.8582,5.7402,412.364,0
2018-10-08,11,7.33333,0.0,8.5,63,12.99,46.17,52.1627,-1.14804,448.0,0
2018-10-08,12,6.66667,0.0,9.33333,58,10.98,46.5,47.3722,-11.3107,439.855,0
2018-10-08,13,6.0,0.0,10.1667,56,13.38,43.395,49.2856,-15.9301,433.964,0
2018-10-08,14,6.0,0.0,11.1667,55,13.485,39.6,39.8163,-19.6256,515.2,0
2018-10-08,15,5.83333,0.0,12.1667,53,20.445,40.965,39.8163,-15.6256,513.067,0
2018-10-08,16,5.5,0.0,13.0,48,26.845,55.585,34.5118,-17.1564,588.0,0
2018-10-08,17,4.66667,0.0,13.5,53,44.86,43.495,39.1312,-15.243,558.45,0
2018-10-08,18,4.83333,0.0,13.3333,68,53.98,46.43,23.193,-12.531,570.24,0
2018-10-08,19,5.66667,0.0,12.8333,77,55.71,55.35,15.8969,-18.0743,575.143,0
2018-10-08,20,6.5,0.0,12.0,92,66.57,56.49,3.06579,-9.03155,590.727,0
2018-10-08,21,6.66667,0.0,10.8333,93,65.785,44.82,-7.50768,7.49512,546.96,0
2018-10-08,22,7.0,0.0,9.16667,100,80.98,24.45,-12.9566,8.57897,530.4,0
2018-10-08,23,6.83333,0.0,7.66667,100,77.77,16.48,-11.8086,1.80733,492.9,0
2018-10-09,0,6.16667,0.0,6.33333,100,63.48,15.06,-11.9686,-0.1975,483.36,0
2018-10-09,1,5.33333,0.0,5.16667,100,54.3,11.72,-10.5543,-1.61172,501.84,0
2018-10-09,2,4.5,0.0,4.33333,100,53.405,9.55,-11.1737,-3.52512,540.6,0
2018-10-09,3,4.5,0.0,3.66667,100,50.89,8.77,-2.93108,-7.76778,583.0,0
2018-10-09,4,4.16667,0.0,3.33333,100,52.82,10.445,2.06892,-7.76778,540.0,0
2018-10-09,5,4.16667,0.0,3.0,100,48.975,17.615,7.90055,-5.76005,612.0,0
2018-10-09,6,4.5,0.0,3.0,100,61.76,16.29,19.2645,-12.124,688.267,0
2018-10-09,7,4.5,0.0,3.0,100,64.355,18.54,22.9601,-13.6548,676.8,0
2018-10-09,8,4.5,0.0,3.16667,96,45.575,21.275,26.6556,-15.1855,660.0,0
2018-10-09,9,5.0,0.0,3.16667,100,45.8,11.91,37.0196,-21.5495,685.44,0
2018-10-09,10,5.33333,0.0,4.16667,93,38.985,7.615,48.5551,-18.0139,660.0,0
2018-10-09,11,5.5,0.0,5.83333,73,46.12,12.99,35.8736,-10.69,600.0,0
2018-10-09,12,6.16667,0.0,7.66667,60,36.62,10.98,30.4594,-3.27575,592.8,0
2018-10-09,13,6.83333,0.0,9.66667,57,38.985,13.38,15.8026,-8.93263,570.24,0
2018-10-09,14,7.33333,0.0,11.6667,54,33.56,13.485,4.87596,-8.45852,501.84,0
2018-10-09,15,6.66667,0.0,14.0,55,38.68,20.445,-10.2867,-9.60656,468.0,0
2018-10-09,16,6.0,0.0,15.5,53,58.865,26.845,-13.9822,-12.0758,468.0,0
2018-10-09,17,5.66667,0.0,16.1667,52,48.26,44.86,-14.9822,-12.0758,538.65,0
2018-10-09,18,5.0,0.0,16.0,70,57.135,53.98,-17.8107,-9.2474,532.65,0
2018-10-09,19,4.66667,0.0,15.5,71,62.63,55.71,-27.3414,-5.55188,595.2,0
2018-10-09,20,4.5,0.0,14.5,82,73.83,66.57,-32.8847,-3.2558,540.0,0
2018-10-09,21,4.66667,0.0,13.0,91,75.24,65.785,-28.7136,-6.12032,540.0,0
2018-10-09,22,4.83333,0.0,11.3333,92,74.68,80.98,-28.7136,-17.1203,596.25,0
2018-10-09,23,5.0,0.0,9.66667,92,79.62,77.77,-23.0567,-15.4634,675.45,0
2018-10-10,0,5.0,0.0,8.5,98,63.885,63.48,-19.5212,-18.999,639.6,0
2018-10-10,1,4.16667,0.0,7.5,98,70.49,54.3,-8.13013,-15.9375,707.143,0
2018-10-10,2,3.83333,0.0,6.83333,98,65.17,53.405,-7.20625,-16.3202,749.829,0
2018-10-10,4,3.16667,0.0,6.16667,94,62.94,52.82,6.08935,-16.4699,720.0,0
2018-10-10,5,2.66667,0.0,5.83333,100,65.065,48.975,7.08935,-12.4699,790.4,0
2018-10-10,6,2.5,0.0,5.66667,100,68.08,61.76,9.08935,-12.4699,780.0,0
2018-10-10,7,3.16667,0.0,5.0,100,68.15,64.355,8.21068,-14.5912,810.9,0
2018-10-10,8,3.5,0.0,4.66667,100,74.33,45.575,15.6585,-19.3331,780.0,0
2018-10-10,9,4.0,0.0,4.66667,100,54.6,45.8,22.7325,-25.3247,780.0,0
2018-10-10,10,5.0,0.0,5.83333,83,52.83,38.985,35.5216,-27.0273,829.44,0
2018-10-10,11,5.16667,0.0,7.5,61,42.96,46.12,30.5719,-26.977,749.7,0
2018-10-10,12,5.66667,0.0,9.66667,53,32.495,36.62,28.4506,-25.0984,801.36,0
2018-10-10,13,5.83333,0.0,12.5,52,31.005,38.985,22.6189,-27.1061,749.7,0
2018-10-10,14,6.16667,0.0,15.1667,52,30.29,33.56,13.4524,-30.9661,660.0,0
2018-10-10,15,6.33333,0.0,17.5,48,39.85,38.68,-3.7671,-31.1991,540.8,0
2018-10-10,16,6.16667,0.0,18.8333,51,48.79,58.865,-16.1647,-32.8212,517.0,0
2018-10-10,17,7.0,0.0,19.3333,62,45.055,48.26,-24.0041,-24.9818,528.0,0
2018-10-10,18,6.83333,0.0,19.1667,82,49.62,57.135,-36.3449,-23.0935,509.143,0
2018-10-10,19,6.66667,0.0,18.3333,91,53.88,62.63,-39.8804,-26.6291,480.0,0
2018-10-10,20,6.66667,0.0,16.8333,88,73.66,73.83,-36.3449,-23.0935,496.8,0
2018-10-10,21,6.16667,0.0,14.8333,94,73.11,75.24,-37.1102,-24.9413,457.6,0
2018-10-10,22,6.33333,0.0,13.0,100,67.19,74.68,-32.8676,-25.6986,503.25,0
2018-10-10,23,5.83333,0.0,11.5,94,65.72,79.62,-20.5268,-27.587,520.8,0
2018-10-11,0,5.83333,0.0,10.0,93,63.12,63.885,-18.6134,-32.2063,497.25,0
2018-10-11,1,6.16667,0.0,8.83333,100,61.74,70.49,-11.0431,-31.1689,520.0,0
2018-10-11,2,5.66667,0.0,8.16667,94,53.805,65.17,-3.79724,-41.6619,532.65,0
2018-10-11,4,5.83333,0.0,7.5,100,55.485,62.94,17.292,-39.2744,524.16,0
2018-10-11,5,6.33333,0.0,7.16667,100,58.805,65.065,27.2947,-38.4176,532.65,0
2018-10-11,6,7.0,0.0,7.0,100,67.85,68.08,36.0131,-36.6835,480.0,0
2018-10-11,7,7.33333,0.0,6.83333,100,61.23,68.15,31.0633,-35.7337,483.36,0
2018-10-11,8,7.5,0.0,7.0,99,55.625,74.33,23.7924,-34.8098,460.8,0
2018-10-11,9,7.66667,0.0,7.5,98,49.625,54.6,26.0884,-40.3531,420.0,0
2018-10-11,10,8.5,0.0,8.5,75,54.475,52.83,19.198,-39.9571,432.0,0
2018-10-11,11,9.0,0.0,9.83333,62,50.37,42.96,2.59544,-46.0688,401.85,0
2018-10-11,12,9.83333,0.0,11.5,53,42.18,32.495,-13.2241,-44.6214,366.667,0
2018-10-11,13,10.5,0.0,13.6667,50,39.875,31.005,-23.1237,-45.5209,300.0,0
2018-10-11,14,11.0,0.0,15.6667,50,42.535,30.29,-33.9861,-36.6376,240.0,0
2018-10-11,15,12.0,0.0,17.5,46,45.715,39.85,-27.6648,-30.1704,270.3,0
2018-10-11,16,12.5,0.0,18.6667,46,54.465,48.79,-10.0727,-19.0839,250.364,0
2018-10-11,17,12.5,0.0,19.3333,60,45.49,45.055,-10.5166,-25.481,240.0,0
2018-10-11,18,12.0,0.0,19.1667,83,43.165,49.62,-8.3953,-23.3597,259.2,0
2018-10-11,19,11.3333,0.0,18.5,79,53.14,53.88,-0.59434,-28.5475,240.0,0
2018-10-11,20,11.3333,0.0,17.3333,76,51.44,73.66,-13.0385,-36.8625,279.138,0
2018-10-11,21,10.1667,0.0,15.8333,85,52.46,73.11,-29.4826,-45.1774,336.0,0
2018-10-11,22,8.66667,0.0,14.3333,85,55.11,67.19,-27.1865,-50.7207,341.28,0
2018-10-11,23,8.5,0.0,13.0,86,53.34,65.72,-12.3372,-44.3567,411.927,0
2018-10-12,0,8.66667,0.0,12.3333,81,46.69,63.12,-4.55898,-46.5785,425.455,0
2018-10-12,1,9.0,0.0,11.8333,82,53.06,61.74,-4.94166,-47.5023,395.2,0
2018-10-12,2,8.83333,0.0,11.5,80,51.7,53.805,-5.70702,-49.3501,366.667,0
2018-10-12,3,9.0,0.0,11.1667,88,55.0,53.875,-2.2629,-49.0352,349.8,0
2018-10-12,4,9.33333,0.0,10.8333,93,57.55,55.485,-4.55898,-50.4919,332.8,0
2018-10-12,5,8.66667,0.0,10.5,97,57.525,58.805,-8.80164,-54.2492,349.92,0
2018-10-12,6,7.83333,0.0,9.83333,97,70.095,67.85,-6.50556,-49.7925,420.0,0
2018-10-12,7,6.66667,0.0,9.0,93,62.255,61.23,-3.8268,-56.2597,397.5,0
2018-10-12,8,6.0,0.0,8.66667,98,56.58,55.625,4.46088,-46.7038,497.455,0
2018-10-12,9,5.5,0.0,8.16667,100,49.06,49.625,8.1564,-48.2346,507.055,0
2018-10-12,10,5.5,0.0,9.0,74,47.075,54.475,11.8519,-49.7653,510.545,0
2018-10-12,11,5.16667,0.0,10.3333,57,45.945,50.37,8.67036,-42.664,514.8,0
2018-10-12,12,5.66667,0.0,12.3333,46,34.225,42.18,4.97484,-36.1948,575.143,0
2018-10-12,13,6.5,0.0,14.6667,43,39.555,39.875,-2.09626,-36.2659,532.65,0
2018-10-12,14,7.33333,0.0,16.8333,44,34.85,42.535,-10.4112,-31.71,480.0,0
2018-10-12,15,8.5,0.0,19.5,40,42.525,45.715,-21.75,-26.0635,468.0,0
2018-10-12,16,9.16667,0.0,20.8333,43,56.275,54.465,-42.9992,-25.6808,401.85,0
2018-10-12,17,10.0,0.0,21.3333,51,60.145,45.49,-42.9992,-25.6808,346.92,0
2018-10-12,18,9.83333,0.0,20.8333,65,66.88,43.165,-51.3142,-29.125,300.0,0
2018-10-12,19,9.5,0.0,20.0,69,60.27,53.14,-52.558,-25.498,300.0,0
2018-10-12,20,8.66667,0.0,18.5,76,75.53,51.44,-50.7102,-24.7326,325.867,0
2018-10-12,21,7.5,0.0,16.6667,87,65.235,52.46,-45.877,-22.0642,411.927,0
2018-10-12,22,6.16667,0.0,14.8333,90,71.23,55.11,-43.0485,-24.8926,426.0,0
2018-10-12,23,5.33333,0.0,13.1667,89,60.52,53.34,-39.353,-26.4233,433.964,0
2018-10-13,0,4.66667,0.0,12.0,95,49.655,46.69,-27.6596,-25.9094,548.7,1
2018-10-13,1,4.33333,0.0,10.6667,100,54.11,53.06,-23.0402,-27.8228,540.0,1
2018-10-13,2,4.5,0.0,9.83333,95,55.355,51.7,-7.33424,-25.144,618.667,1
2018-10-13,3,4.66667,0.0,9.0,100,53.3,55.0,-2.71484,-27.0574,593.6,1
2018-10-13,4,4.66667,0.0,8.33333,100,47.955,57.55,7.51348,-28.2327,668.8,1
2018-10-13,5,4.66667,0.0,7.83333,96,55.85,57.525,11.5135,-28.2327,657.2,1
2018-10-13,6,4.66667,0.0,7.16667,93,82.18,70.095,23.8284,-24.7886,729.6,1
2018-10-13,7,4.66667,0.0,6.5,100,65.19,62.255,28.4478,-26.702,681.943,1
2018-10-13,8,4.66667,0.0,6.16667,100,62.525,56.58,39.5344,-25.9366,660.0,1
2018-10-13,9,4.66667,0.0,6.5,100,52.355,49.06,40.15,-24.032,683.7,1
2018-10-13,10,5.16667,0.0,7.5,83,54.2,47.075,36.4545,-27.5013,655.2,1
2018-10-13,11,5.16667,0.0,8.83333,65,49.345,45.945,29.974,-28.7556,600.0,1
2018-10-13,12,5.33333,0.0,10.6667,56,37.875,34.225,22.5262,-29.6706,624.24,1
2018-10-13,13,6.0,0.0,13.5,45,33.75,39.555,23.9068,-27.7572,600.0,1
2018-10-13,14,6.16667,0.0,16.1667,44,33.23,34.85,9.05907,-24.6685,540.0,1
2018-10-13,15,6.83333,0.0,18.5,40,42.355,42.525,7.05907,-24.6685,546.96,1
2018-10-13,16,7.16667,0.0,19.8333,46,45.925,56.275,-8.54372,-27.2057,505.44,1
2018-10-13,17,7.83333,0.0,20.6667,59,55.95,60.145,-16.8211,-28.9503,420.0,1
2018-10-13,18,8.16667,0.0,20.8333,78,57.31,66.88,-19.2624,-22.062,429.3,1
2018-10-13,19,8.5,0.0,19.8333,84,78.47,60.27,-22.0908,-24.8904,377.4,1
2018-10-13,20,8.83333,0.0,18.1667,86,67.955,75.53,-27.5541,-29.2245,385.0,1
2018-10-13,21,8.5,0.0,16.1667,95,66.205,65.235,-33.5541,-37.2245,380.8,1
2018-10-13,22,8.16667,0.0,14.5,96,78.34,71.23,-24.5114,-37.3277,409.867,1
2018-10-13,23,8.0,0.0,13.0,89,75.53,60.52,-21.8326,-43.7948,374.0,1
2018-10-14,0,7.83333,0.0,11.6667,88,60.615,49.655,-12.7898,-43.898,390.0,1
2018-10-14,1,6.83333,0.0,10.6667,98,57.555,54.11,-0.44904,-45.7863,405.45,1
2018-10-14,2,6.33333,0.0,10.1667,98,64.13,55.355,8.74339,-43.665,482.727,1
2018-10-14,3,6.0,0.0,9.83333,98,54.345,53.3,10.6568,-48.2844,477.164,1
2018-10-14,4,6.16667,0.0,9.16667,100,57.945,47.955,21.9706,-44.0417,538.65,1
2018-10-14,5,5.83333,0.0,8.66667,92,60.855,55.85,27.6274,-41.6986,528.0,1
2018-10-14,6,5.5,0.0,8.33333,93,68.075,82.18,29.5408,-46.318,498.343,1
2018-10-14,7,5.83333,0.0,8.16667,94,61.73,65.19,28.7755,-44.4703,536.057,1
2018-10-14,8,5.66667,0.0,8.16667,91,74.27,62.525,31.0465,-42.9529,536.057,1
2018-10-14,9,5.66667,0.0,7.83333,100,61.64,52.355,29.8984,-40.1812,595.2,1
2018-10-14,10,5.66667,0.0,8.83333,80,61.44,54.2,34.5178,-42.0946,559.543,1
2018-10-14,11,5.66667,0.0,10.3333,56,54.65,49.345,20.3756,-39.2662,546.96,1
2018-10-14,12,6.33333,0.0,12.1667,47,43.98,37.875,14.9267,-38.1824,546.96,1
2018-10-14,13,7.16667,0.0,14.3333,43,33.19,33.75,7.94702,-42.9617,514.8,1
2018-10-14,14,9.33333,0.0,16.5,40,29.76,33.23,-4.21542,-43.772,420.0,1
2018-10-14,15,11.1667,0.0,19.0,38,37.45,42.355,-29.2496,-40.6148,333.45,1
2018-10-14,16,12.3333,0.0,20.5,40,37.16,45.925,-34.8392,-37.5452,234.667,1
2018-10-14,17,13.6667,0.0,21.0,57,35.86,55.95,-45.2533,-34.9705,197.6,1
2018-10-14,18,13.6667,0.0,20.6667,76,34.36,57.31,-52.6716,-28.8588,225.318,1
2018-10-14,19,13.3333,0.0,19.6667,74,50.55,78.47,-44.0948,-25.1528,288.225,1
2018-10-14,20,12.3333,0.0,18.3333,73,42.985,67.955,-47.9216,-34.3916,266.325,1
2018-10-14,21,11.0,0.0,16.8333,74,40.68,66.205,-33.1396,-39.2688,305.52,1
2018-10-14,22,9.83333,0.0,15.1667,77,45.63,78.34,-19.2814,-41.5286,366.277,1
2018-10-14,23,9.0,0.0,13.6667,74,35.6,75.53,-24.9382,-47.1854,343.938,1
2018-10-15,0,9.16667,0.0,12.5,76,35.53,60.615,-15.9892,-49.6016,366.667,0
2018-10-15,1,8.66667,0.0,11.6667,75,46.39,57.555,-19.6162,-48.3578,363.0,0
2018-10-15,2,7.66667,0.0,10.8333,77,46.56,64.13,-15.7894,-46.119,411.927,0
2018-10-15,3,7.16667,0.0,10.0,78,47.72,54.345,-13.876,-50.7384,412.364,0
2018-10-15,4,6.5,0.0,9.16667,80,48.92,57.945,-11.9626,-44.3578,470.25,0
2018-10-15,5,6.0,0.0,8.5,81,50.11,60.855,-9.13418,-47.1863,469.05,0
2018-10-15,6,5.33333,0.0,7.83333,80,56.955,68.075,-9.13418,-44.1863,520.8,0
2018-10-15,7,5.16667,0.0,7.0,92,51.01,61.73,-4.89152,-48.4289,480.0,0
2018-10-15,8,4.83333,0.0,6.66667,86,54.48,74.27,5.00802,-47.0147,514.8,0
2018-10-15,9,5.5,0.0,6.33333,91,50.73,61.64,10.1908,-41.745,630.12,0
2018-10-15,10,6.0,0.0,7.16667,60,60.645,61.44,19.1908,-41.745,540.0,0
2018-10-15,11,5.83333,0.0,8.66667,45,35.4,54.65,21.3121,-39.6237,540.0,0
2018-10-15,12,6.5,0.0,10.6667,36,29.13,43.98,17.6166,-34.1544,563.04,0
2018-10-15,13,7.66667,0.0,13.1667,32,35.86,33.19,9.963,-34.1544,480.0,0
2018-10-15,14,8.66667,0.0,15.5,36,36.97,29.76,-6.30053,-31.2757,432.0,0
2018-10-15,15,9.0,0.0,18.0,33,33.905,37.45,-16.1086,-33.2266,395.2,0
2018-10-15,16,9.66667,0.0,19.3333,36,26.31,37.16,-29.3181,-43.3893,345.257,0
2018-10-15,17,11.0,0.0,19.6667,41,54.33,35.86,-24.8823,-47.0715,309.12,0
2018-10-15,18,11.0,0.0,19.3333,46,59.965,34.36,-29.5408,-46.318,310.431,0
2018-10-15,19,10.3333,0.0,18.3333,50,65.59,50.55,-27.4195,-44.1967,313.6,0
2018-10-15,20,10.1667,0.0,16.8333,57,52.77,42.985,-27.4195,-44.1967,329.018,0
2018-10-15,21,9.5,0.0,14.8333,71,52.705,40.68,-24.3581,-51.5877,300.0,0
2018-10-15,22,8.83333,0.0,12.8333,73,57.63,45.63,-17.4698,-47.8922,347.564,0
2018-10-15,23,7.66667,0.0,11.1667,77,54.91,35.6,-10.5816,-44.1967,407.1,0
2018-10-16,0,7.33333,0.0,9.66667,80,54.12,35.53,-5.96218,-46.1101,410.4,0
2018-10-16,1,6.66667,0.0,8.33333,81,57.4,46.39,9.91418,-40.6862,443.52,0
2018-10-16,2,6.5,0.0,7.33333,82,52.44,46.56,14.5336,-42.5996,434.52,0
2018-10-16,3,6.0,0.0,6.83333,80,56.205,47.72,24.2834,-41.9957,466.4,0
2018-10-16,4,5.83333,0.0,6.33333,82,63.935,48.92,30.556,-36.5092,538.65,0
2018-10-16,5,5.5,0.0,5.83333,84,66.695,50.11,30.556,-42.5092,497.25,0
2018-10-16,6,4.83333,0.0,5.33333,88,82.59,56.955,30.2662,-33.9701,575.143,0
2018-10-16,7,4.66667,0.0,5.0,100,75.31,51.01,33.9617,-35.5008,559.543,0
2018-10-16,8,3.83333,0.0,5.0,94,70.77,54.48,34.1114,-31.8621,620.229,0
2018-10-16,9,3.83333,0.0,5.5,72,63.705,50.73,35.5256,-33.2763,641.829,0
2018-10-16,10,3.66667,0.0,6.83333,62,53.24,60.645,35.6753,-29.6376,674.16,0
2018-10-16,11,4.0,0.0,8.33333,56,50.275,35.4,29.1425,-23.1048,722.4,0
2018-10-16,12,4.16667,0.0,10.3333,45,43.075,29.13,32.6781,-18.4854,680.85,0
2018-10-16,13,4.33333,0.0,13.0,33,38.915,35.86,20.6676,-17.3374,685.44,0
2018-10-16,14,5.33333,0.0,15.5,34,38.74,36.97,11.4288,-17.3374,726.857,0
2018-10-16,15,5.33333,0.0,17.6667,31,37.035,33.905,-1.46943,-4.98034,715.0,0
2018-10-16,16,5.5,0.0,18.8333,38,62.35,26.31,1.35901,-1.28482,683.4,0
2018-10-16,17,5.33333,0.0,20.1667,37,63.26,54.33,-6.95591,5.86322,655.2,0
2018-10-16,18,5.66667,0.0,20.8333,49,66.6,59.965,-14.3469,8.92466,655.2,0
2018-10-16,19,6.16667,0.0,20.5,56,56.43,65.59,-11.5896,13.1673,566.1,0
2018-10-16,20,5.66667,0.0,19.3333,62,74.86,52.77,-19.8957,8.31492,546.96,0
2018-10-16,21,6.0,0.0,17.1667,86,70.15,52.705,-26.9668,0.15997,546.96,0
2018-10-16,22,6.0,0.0,15.1667,85,67.76,57.63,-20.0513,-3.46991,524.16,0
2018-10-16,23,6.33333,0.0,12.6667,87,67.37,54.91,-13.1358,-7.09979,550.8,0
2018-10-17,0,6.16667,0.0,10.5,91,68.99,54.12,-1.50213,-14.4039,530.4,0
2018-10-17,1,6.0,0.0,8.5,96,59.16,57.4,1.21271,-20.3955,520.0,0
2018-10-17,2,5.33333,0.0,7.16667,93,62.82,52.44,15.4013,-29.1721,528.0,0
2018-10-17,3,5.0,0.0,6.5,94,59.43,56.205,16.1084,-29.8792,575.143,0
2018-10-17,4,4.66667,0.0,6.0,89,67.8,63.935,20.1084,-29.8792,559.543,0
2018-10-17,5,4.33333,0.0,5.66667,96,72.625,66.695,15.9368,-32.7076,635.25,0
2018-10-17,6,3.66667,0.0,5.0,100,60.44,82.59,19.6323,-34.2383,619.65,0
2018-10-17,7,3.33333,0.0,4.83333,100,75.275,75.31,28.8711,-31.9422,699.84,0
2018-10-17,8,4.0,0.0,5.0,100,76.59,70.77,32.4067,-23.4067,715.0,0
2018-10-17,9,3.66667,0.0,5.83333,80,70.605,63.705,37.4067,-23.4067,660.0,0
2018-10-17,10,4.0,0.0,7.16667,66,79.36,53.24,36.9584,-17.0981,756.0,0
2018-10-17,11,3.83333,0.0,8.5,58,59.735,50.275,30.4196,-15.7974,756.0,0
2018-10-17,12,5.0,0.0,10.5,48,58.11,43.075,28.2983,-17.9188,744.6,0
2018-10-17,13,5.5,0.0,12.8333,38,51.97,38.915,10.1974,-14.8242,773.143,0
2018-10-17,14,5.83333,0.0,15.0,38,56.745,38.74,1.47913,-16.5583,655.2,0
2018-10-17,15,6.66667,0.0,16.8333,37,71.935,37.035,-11.8165,-16.4086,620.1,0
2018-10-17,16,6.5,0.0,18.0,40,67.395,62.35,-23.8269,-16.7913,546.96,0
2018-10-17,17,6.66667,0.0,18.8333,52,76.17,63.26,-25.7403,-26.4107,546.96,0
2018-10-17,18,6.33333,0.0,19.1667,72,74.735,66.6,-30.7403,-30.4107,520.2,0
2018-10-17,19,6.33333,0.0,18.5,70,79.54,56.43,-25.5881,-31.1761,480.0,0
2018-10-17,20,6.0,0.0,17.3333,73,79.495,74.86,-24.881,-30.469,482.4,0
2018-10-17,21,5.66667,0.0,15.5,84,79.22,70.15,-11.566,-27.0248,538.65,0
2018-10-17,22,5.66667,0.0,13.8333,78,79.02,67.76,-9.65264,-31.6442,514.8,0
2018-10-17,23,5.66667,0.0,12.5,76,73.66,67.37,-3.05565,-27.7887,555.429,0
2018-10-18,0,5.33333,0.0,11.0,85,68.295,68.99,0.94435,-27.7887,540.0,0
2018-10-18,1,4.83333,0.0,9.83333,89,59.73,59.16,12.4115,-25.11,579.429,0
2018-10-18,2,4.66667,0.0,9.0,92,63.0,62.82,22.4142,-25.9668,586.56,0
2018-10-18,3,4.5,0.0,8.5,97,53.91,59.43,28.3276,-21.3474,592.8,0
2018-10-18,4,4.5,0.0,8.0,90,59.75,67.8,31.1561,-20.1758,641.143,0
2018-10-18,5,4.0,0.0,7.5,93,71.405,72.625,34.6916,-23.7114,600.0,0
2018-10-18,6,3.5,0.0,7.33333,92,72.145,60.44,28.6916,-23.7114,743.85,0
2018-10-18,8,3.66667,0.0,7.33333,97,73.24,76.59,32.457,-25.5591,764.4,0
2018-10-18,9,3.5,0.0,7.33333,100,58.33,70.605,43.0636,-24.852,720.0,0
2018-10-18,10,3.66667,0.0,8.33333,69,52.97,79.36,40.1849,-26.9733,773.76,0
2018-10-18,11,4.5,0.0,9.5,58,44.68,59.735,42.5142,-16.8107,746.64,0
2018-10-18,12,5.16667,0.0,11.3333,46,45.86,58.11,40.9787,-13.2751,764.64,0
2018-10-18,13,6.0,0.0,13.5,38,48.065,51.97,38.2747,-18.8184,737.76,0
2018-10-18,14,6.16667,0.0,15.5,39,49.98,56.745,25.0823,-9.62597,683.7,0
2018-10-18,15,7.0,0.0,17.8333,38,51.565,71.935,27.9107,0.59351,600.0,0
2018-10-18,16,7.33333,0.0,19.0,45,43.97,67.395,25.2667,13.3679,509.143,0
2018-10-18,17,8.0,0.0,19.6667,55,36.79,76.17,25.9738,25.7087,420.0,0
2018-10-18,18,8.5,0.0,19.3333,78,69.225,74.735,26.6809,29.3578,395.2,0
2018-10-18,19,8.16667,0.0,18.3333,88,72.6,79.54,24.7488,43.216,401.85,0
2018-10-18,20,7.33333,0.0,16.8333,89,77.865,79.495,28.9915,47.4587,374.85,0
2018-10-18,21,6.5,0.0,15.1667,84,78.25,79.22,37.6484,41.8018,453.6,0
2018-10-18,22,5.66667,0.0,13.6667,87,86.39,79.02,40.42,40.6538,469.05,0
2018-10-18,23,4.66667,0.0,12.1667,98,83.26,73.66,41.5681,37.8821,480.0,0
2018-10-19,0,4.0,0.0,11.0,94,83.87,68.295,37.4419,26.7956,550.8,0
2018-10-19,1,3.5,0.0,10.1667,99,78.56,59.73,27.1656,21.3179,607.05,0
2018-10-19,2,3.83333,0.0,9.5,100,77.32,63.0,24.394,22.466,615.6,0
2018-10-19,3,4.16667,0.0,9.33333,86,72.15,53.91,18.7371,10.0749,700.92,0
2018-10-19,4,4.5,0.0,9.16667,96,67.41,59.75,20.6505,5.45552,673.92,0
2018-10-19,5,4.83333,0.0,9.33333,92,69.81,71.405,18.5794,-1.61558,757.867,0
2018-10-19,6,4.83333,0.0,9.0,100,59.51,72.145,24.5794,-1.61558,700.267,0
2018-10-19,8,4.5,0.0,9.0,100,76.855,73.24,17.9728,-19.1732,728.0,0
2018-10-19,9,4.66667,0.0,8.5,100,75.315,58.33,19.9728,-19.1732,720.0,0
2018-10-19,10,5.16667,0.0,9.0,69,73.87,52.97,14.2011,-24.0251,660.0,0
2018-10-19,11,5.33333,0.0,9.33333,67,74.055,44.68,17.1792,-11.9011,624.24,0
2018-10-19,12,5.66667,0.0,10.5,65,72.51,45.86,18.1031,-12.2838,586.56,0
2018-10-19,13,7.0,0.0,11.8333,53,69.415,48.065,15.4244,-0.8166,540.0,0
2018-10-19,14,8.16667,0.0,13.1667,50,65.965,49.98,13.5975,8.39496,505.44,0
2018-10-19,15,9.66667,0.0,15.0,45,68.96,51.565,15.9615,19.7589,397.8,0
2018-10-19,16,10.6667,0.0,15.6667,49,69.4,43.97,24.5682,39.6171,300.0,0
2018-10-19,17,12.0,0.0,16.3333,62,70.22,36.79,35.278,41.181,240.0,0
2018-10-19,18,12.6667,0.0,16.3333,69,69.34,69.225,37.4768,40.7284,246.4,0
2018-10-19,19,12.0,0.0,15.6667,75,76.05,72.6,41.2755,38.5739,264.0,0
2018-10-19,20,11.6667,0.0,14.5,83,65.915,77.865,48.6666,41.6353,257.92,0
2018-10-19,21,11.0,0.0,13.0,92,61.47,78.25,44.5271,30.4559,328.714,0
2018-10-19,22,10.1667,0.0,11.5,92,63.85,86.39,44.7902,24.7658,367.92,0
2018-10-19,23,9.33333,0.0,10.1667,87,64.39,83.26,53.7902,24.7658,341.28,0
2018-10-20,0,8.16667,0.0,9.16667,84,66.86,83.87,53.1836,14.1592,360.0,1
2018-10-20,1,7.5,0.0,8.66667,84,68.53,78.56,57.1836,14.1592,372.764,1
2018-10-20,2,7.0,0.0,8.5,85,67.5,77.32,49.8493,12.7781,437.25,1
2018-10-20,3,6.0,0.0,8.5,84,69.875,72.15,53.5448,14.3088,436.05,1
2018-10-20,4,5.5,0.0,8.5,89,67.9,67.41,49.6894,15.8668,472.457,1
2018-10-20,5,4.83333,0.0,8.66667,88,67.985,69.81,43.2222,19.188,537.818,1
2018-10-20,6,5.0,0.0,8.66667,95,61.995,59.51,43.2222,25.188,510.545,1
2018-10-20,7,4.66667,0.0,8.66667,90,61.085,69.61,33.0595,25.9786,582.4,1
2018-10-20,8,4.83333,0.0,8.66667,90,55.95,76.855,33.0595,27.9786,612.0,1
2018-10-20,9,4.83333,0.0,8.83333,86,48.87,75.315,22.1461,32.598,700.92,1
2018-10-20,10,5.0,0.0,9.33333,74,53.12,73.87,20.2327,37.2174,673.92,1
2018-10-20,11,5.33333,0.51,9.83333,72,52.49,74.055,16.6999,39.8961,627.3,1
2018-10-20,12,5.33333,0.51,10.6667,63,48.78,72.51,17.2625,40.1291,566.1,1
2018-10-20,13,6.33333,0.51,11.3333,62,59.68,69.415,13.5669,43.5984,563.04,1
2018-10-20,14,7.0,1.14,12.1667,63,56.945,65.965,6.96996,40.37,583.0,1
2018-10-20,15,7.5,1.77,12.6667,74,41.305,68.96,6.96996,43.37,501.84,1
2018-10-20,16,7.5,2.4,12.8333,76,42.545,69.4,6.96996,44.37,420.0,1
2018-10-20,17,7.0,1.89,12.6667,83,45.12,70.22,15.7465,41.5984,443.143,1
2018-10-20,18,7.5,2.52,12.1667,81,42.3,69.34,15.7465,46.5984,420.0,1
2018-10-20,19,7.83333,2.52,11.6667,75,55.08,76.05,9.27937,51.9196,420.0,1
2018-10-20,20,9.5,2.91,11.0,67,40.035,65.915,1.88833,53.8582,405.45,1
2018-10-20,21,10.5,3.3,10.0,78,36.935,61.47,18.3849,50.9022,313.65,1
2018-10-20,22,11.1667,2.67,9.16667,79,45.71,63.85,23.3346,41.3346,265.05,1
2018-10-20,23,12.0,3.69,8.5,71,42.08,64.39,31.1128,41.1128,241.92,1
2018-10-21,0,11.6667,3.06,8.0,78,47.05,66.86,38.1839,40.3516,295.579,1
2018-10-21,1,11.0,3.06,7.33333,82,47.26,68.53,42.4266,44.5943,316.737,1
2018-10-21,2,9.0,2.04,6.66667,81,52.77,67.5,46.6693,50.1376,328.042,1
2018-10-21,3,8.16667,1.02,6.66667,75,47.52,69.875,38.1839,43.1697,411.429,1
2018-10-21,4,8.33333,1.02,6.66667,70,19.6,67.9,38.1839,52.1697,371.571,1
2018-10-21,5,8.66667,0.0,6.66667,74,23.015,67.985,36.7697,50.7554,360.0,1
2018-10-21,6,9.16667,0.0,6.66667,75,24.95,61.995,33.007,38.3306,367.2,1
2018-10-21,7,10.0,0.0,6.83333,80,24.9,61.085,37.0792,37.532,316.2,1
2018-10-21,8,10.6667,0.0,7.0,78,31.435,55.95,35.665,17.7434,313.6,1
2018-10-21,9,11.0,0.0,7.16667,76,34.075,48.87,46.665,8.74339,313.5,1
2018-10-21,10,11.0,0.0,7.33333,79,30.995,53.12,49.1797,0.25807,324.8,1
2018-10-21,11,10.5,0.0,7.66667,72,28.07,52.49,46.5784,-12.8194,300.667,1
2018-10-21,12,10.5,0.0,8.16667,63,21.065,48.78,47.2635,-16.2635,317.127,1
2018-10-21,13,9.66667,0.0,8.83333,59,24.435,59.68,48.4853,-8.48532,341.127,1
2018-10-21,14,9.33333,0.0,9.66667,56,22.22,56.945,52.728,-12.728,335.345,1
2018-10-21,15,8.83333,0.0,10.3333,51,26.695,41.305,48.092,-19.092,360.0,1
2018-10-21,16,8.5,0.0,10.8333,54,43.69,42.545,44.483,-22.1534,407.1,1
2018-10-21,17,8.5,0.0,11.0,66,54.115,45.12,45.2365,-17.4949,409.867,1
2018-10-21,18,7.66667,0.0,10.8333,71,57.26,42.3,45.2365,-17.4949,409.867,1
2018-10-21,19,7.83333,0.0,10.1667,71,58.31,55.08,48.0649,-20.3233,417.6,1
2018-10-21,20,7.0,0.0,9.16667,78,80.41,40.035,46.0649,-20.3233,413.4,1
2018-10-21,21,6.0,0.0,8.0,97,77.195,36.935,45.5178,-17.6114,479.467,1
2018-10-21,22,4.66667,0.0,6.83333,91,68.11,45.71,47.3656,-18.3767,515.2,1
2018-10-21,23,4.0,0.0,5.66667,100,85.13,42.08,49.2133,-19.1421,547.2,1
2018-10-22,0,3.5,0.0,4.5,95,83.195,47.05,47.4687,-14.6915,607.05,0
2018-10-22,1,2.83333,0.0,3.5,100,76.325,47.26,48.3926,-15.0742,655.2,0
2018-10-22,2,2.16667,0.0,2.66667,100,81.29,52.77,51.1642,-16.2222,659.85,0
2018-10-22,3,2.33333,0.0,2.0,100,85.69,47.52,51.1642,-16.2222,723.45,0
2018-10-22,4,2.5,0.0,1.0,100,73.285,19.6,53.2856,-18.3436,720.0,0
2018-10-22,5,2.33333,0.0,0.333333,100,77.73,23.015,48.0159,-13.1608,868.68,0
2018-10-22,6,2.66667,0.0,0.0,100,73.645,24.95,44.3203,-11.6301,845.88,0
2018-10-22,7,2.16667,0.0,0.0,100,60.25,24.9,41.5487,-10.482,840.0,0
2018-10-22,8,2.33333,0.0,-0.166667,100,56.68,31.435,41.5487,-10.482,900.0,0
2018-10-22,9,2.66667,0.0,0.0,100,55.19,34.075,31.6028,-5.94813,1105.87,0
2018-10-22,10,3.33333,0.0,1.16667,85,50.58,30.995,36.2222,-4.03473,1038.8,0
2018-10-22,11,3.33333,0.0,2.16667,70,42.87,28.07,24.5434,2.43243,960.0,0
2018-10-22,12,4.0,0.0,3.33333,63,38.125,21.065,21.715,9.26087,1044.86,0
2018-10-22,13,5.16667,0.0,4.66667,61,41.93,24.435,21.715,9.26087,960.0,0
2018-10-22,14,6.66667,0.0,6.5,58,35.98,22.22,11.6452,5.85515,898.56,0
2018-10-22,15,7.0,0.0,8.16667,53,42.9,26.695,11.2089,11.4206,665.6,0
2018-10-22,16,7.33333,0.0,9.33333,53,48.185,43.69,10.1044,14.2357,603.2,0
2018-10-22,17,8.0,0.0,10.1667,72,48.185,54.115,5.5196,18.7821,460.8,0
2018-10-22,18,8.0,0.0,10.5,76,51.225,57.26,2.54148,17.9718,405.6,0
2018-10-22,19,7.66667,0.0,10.1667,87,74.09,58.31,-0.13728,20.439,392.229,0
2018-10-22,20,7.0,0.0,9.33333,98,52.99,80.41,-11.7567,22.3524,425.829,0
2018-10-22,21,6.5,0.63,8.5,92,51.135,77.195,-13.3206,33.0622,473.28,0
2018-10-22,22,6.33333,0.63,7.83333,84,65.94,68.11,-16.149,35.8906,479.52,0
2018-10-22,23,7.0,0.63,7.5,83,57.39,85.13,-33.5401,32.8292,472.457,0
2018-10-23,0,7.33333,0.63,7.16667,90,38.255,83.195,-41.9479,21.7699,420.0,0
2018-10-23,1,8.16667,0.63,7.16667,81,25.825,76.325,-36.291,16.113,460.8,0
2018-10-23,2,9.16667,0.63,7.33333,92,24.965,81.29,-33.6122,19.6458,379.44,0
2018-10-23,3,10.3333,0.0,7.16667,96,24.94,85.69,-13.4364,21.7479,333.45,0
2018-10-23,4,11.0,0.0,6.66667,88,22.475,73.285,1.73285,32.5875,324.8,0
2018-10-23,5,11.6667,0.48,6.0,90,22.64,77.73,21.3047,45.665,300.667,0
2018-10-23,6,12.3333,0.48,5.66667,83,22.855,73.645,36.0626,42.1322,286.7,0
2018-10-23,7,12.8333,0.48,5.33333,84,28.045,60.25,36.7697,43.056,270.327,0
2018-10-23,8,13.3333,0.48,5.0,87,29.18,56.68,28.9915,48.2778,255.2,0
2018-10-23,9,14.0,0.48,4.83333,78,33.345,55.19,20.5062,54.7925,252.225,0
2018-10-23,10,15.0,1.22,5.0,70,32.6,50.58,9.19243,55.0104,242.031,0
2018-10-23,11,15.6667,1.48,5.5,68,29.905,42.87,-6.88824,59.6298,196.8,0
2018-10-23,12,17.6667,2.22,5.83333,65,40.6,38.125,-14.5418,50.1074,208.32,0
2018-10-23,13,19.6667,2.22,6.16667,65,24.11,41.93,-32.2196,52.7852,150.333,0
2018-10-23,14,22.0,4.07,6.5,68,19.555,35.98,-34.8983,59.2523,120.0,0
2018-10-23,15,25.1667,5.92,6.83333,74,22.55,42.9,-30.0732,43.6032,156.768,0
2018-10-23,16,26.5,7.03,7.0,76,26.905,48.185,-33.5173,51.9181,122.897,0
2018-10-23,17,28.3333,7.86,7.0,74,24.705,48.185,-31.396,49.7968,151.482,0
2018-10-23,18,29.1667,7.12,6.83333,82,24.215,51.225,-40.3053,40.3053,143.308,0
2018-10-23,19,31.3333,8.59,6.66667,84,40.63,74.09,-33.4008,49.6368,138.194,0
2018-10-23,20,32.6667,6.74,6.5,85,20.525,52.99,-26.0222,62.8238,104.16,0
2018-10-23,21,33.0,6.36,6.33333,85,17.445,51.135,-28.701,69.291,101.463,0
2018-10-23,22,34.8333,4.51,6.16667,93,15.85,65.94,-27.9356,67.4432,105.859,0
2018-10-23,23,35.0,2.94,6.33333,76,8.485,57.39,-27.9356,67.4432,102.9,0
2018-10-24,0,36.0,2.94,6.66667,73,7.455,38.255,-26.4049,63.7477,121.297,0
2018-10-24,1,35.6667,1.47,7.16667,75,5.905,25.825,-12.2458,65.5642,110.4,0
2018-10-24,2,35.5,1.47,7.5,76,7.02,24.965,0.0,72.0,106.667,0
2018-10-24,3,34.8333,0.97,7.83333,72,6.27,24.94,0.0,72.0,106.667,0
2018-10-24,4,33.6667,0.97,8.0,78,6.44,22.475,0.0,68.0,122.4,0
2018-10-24,5,34.1667,1.94,7.83333,75,7.05,22.64,0.0,62.0,136.5,0
2018-10-24,6,33.1667,2.91,7.5,77,10.7,22.855,24.7488,62.3358,117.0,0
2018-10-24,7,32.6667,3.42,7.0,85,9.075,28.045,45.9622,60.0522,132.0,0
2018-10-24,8,32.0,3.42,6.5,77,9.01,29.18,44.5479,58.2044,125.96,0
2018-10-24,9,32.1667,2.45,6.0,69,10.13,33.345,45.9622,60.0522,126.109,0
2018-10-24,10,33.0,2.45,5.83333,65,12.54,32.6,45.9622,60.0522,123.113,0
2018-10-24,11,33.6667,1.48,5.66667,67,10.75,29.905,48.0835,62.8238,113.455,0
2018-10-24,12,35.8333,0.51,5.83333,54,8.13,40.6,52.3261,59.9131,96.2057,0
2018-10-24,13,37.1667,0.0,6.0,42,11.73,24.11,57.983,67.3041,80.6769,0
2018-10-24,14,39.1667,0.0,6.33333,40,10.61,19.555,59.3972,68.7183,85.6186,0
2018-10-24,15,40.5,0.0,6.5,39,11.5,22.55,60.1043,60.1043,77.0341,0
2018-10-24,16,40.6667,0.0,6.5,43,14.44,26.905,60.1043,60.1043,85.2818,0
2018-10-24,17,40.5,0.0,6.33333,55,15.695,24.705,54.4475,54.4475,103.024,0
2018-10-24,18,38.5,0.0,6.33333,49,16.55,24.215,52.3261,52.3261,99.2,0
2018-10-24,19,35.6667,0.0,6.16667,46,17.25,40.63,48.7906,48.7906,124.2,0
2018-10-24,20,32.1667,0.0,5.83333,50,16.09,20.525,38.891,44.0935,167.69,0
2018-10-24,21,29.3333,0.0,5.5,58,13.195,17.445,55.1546,65.3428,133.355,0
2018-10-24,22,27.6667,0.0,5.0,62,10.54,15.85,50.2048,65.5955,135.15,0
2018-10-24,23,25.8333,0.0,4.66667,58,11.245,8.485,51.619,67.4432,120.0,0
2018-10-25,0,24.3333,0.0,4.0,63,15.18,7.455,37.4768,48.9656,165.092,0
2018-10-25,1,23.6667,0.0,3.5,61,13.04,5.905,53.0332,69.291,124.754,0
2018-10-25,2,22.6667,0.0,3.16667,58,14.86,7.02,48.7906,63.7477,159.822,0
2018-10-25,3,21.5,0.0,3.0,68,12.45,6.27,41.7195,54.5089,195.873,0
2018-10-25,4,18.8333,0.0,2.83333,72,14.34,6.44,38.1839,49.8895,221.76,0
2018-10-25,5,16.1667,0.0,2.66667,71,16.225,7.05,38.1839,59.8895,221.76,0
2018-10-25,6,13.8333,0.0,2.5,72,18.915,10.7,31.82,51.5746,275.718,0
2018-10-25,7,12.0,0.0,2.33333,71,19.98,9.075,31.82,59.5746,274.447,0
2018-10-25,8,11.3333,0.0,2.33333,72,18.955,9.01,19.7991,52.8686,350.118,0
2018-10-25,9,11.0,0.0,2.33333,77,20.0,10.13,-1.41422,46.3551,346.92,0
2018-10-25,10,12.6667,1.02,2.66667,84,26.61,12.54,-7.15442,50.2133,294.0,0
2018-10-25,11,14.3333,2.04,3.16667,96,22.905,10.75,-22.5862,50.5282,201.067,0
2018-10-25,12,16.6667,3.06,3.83333,96,20.375,8.13,-28.2431,47.1851,184.08,0
2018-10-25,13,19.3333,4.28,4.83333,91,13.065,11.73,-38.0593,48.8833,160.74,0
2018-10-25,14,20.8333,4.28,5.83333,90,11.72,10.61,-48.0835,48.0835,136.286,0
2018-10-25,15,22.0,4.28,7.0,85,13.785,11.5,-41.6531,53.5595,135.873,0
2018-10-25,16,22.6667,3.26,8.0,81,26.59,14.44,-34.5157,58.3285,150.528,0
2018-10-25,17,22.8333,2.24,8.83333,81,18.87,15.695,-16.8379,64.6507,141.382,0
2018-10-25,18,22.5,1.22,9.33333,74,25.31,16.55,-8.41896,66.3254,141.382,0
2018-10-25,19,21.5,0.0,9.5,74,19.235,17.25,14.1422,64.4776,162.4,0
2018-10-25,20,21.6667,0.0,9.33333,79,16.905,16.09,14.1422,59.4776,183.0,0
2018-10-25,21,22.5,0.56,9.0,72,11.465,13.195,30.4057,58.7268,167.04,0
2018-10-25,22,21.1667,0.56,8.66667,70,18.95,10.54,35.3555,65.194,120.0,0
2018-10-25,23,20.0,0.56,8.16667,67,17.03,11.245,46.6693,60.9761,157.617,0
