data,timeofday,windspeed6,opady6,temp6,rhumid,index_avg,prev_index_avg,wind_dir_ns,wind_dir_ew,dispel50,is_weekend
2017-11-01,1,10.3333,0.0,3.5,86,6.385,4.84,-10.715,53.8686,314.743,1
2017-11-01,3,12.3333,0.0,3.83333,80,10.6067,7.17,-4.20948,57.1627,271.745,1
2017-11-01,4,12.6667,0.0,3.66667,80,9.86,8.25,0.0,55.0,231.0,1
2017-11-01,5,13.0,0.0,3.66667,77,21.385,10.02,0.0,58.0,223.385,1
2017-11-01,6,13.0,0.0,3.66667,80,20.3433,16.025,0.0,55.0,269.925,1
2017-11-01,7,13.1667,0.0,3.83333,75,15.5967,19.65,-3.8268,64.2388,248.625,1
2017-11-01,8,11.6667,0.48,3.83333,78,13.9367,19.525,-3.8268,62.2388,266.325,1
2017-11-01,9,11.5,0.48,3.83333,84,19.26,23.1933,-6.50556,39.7716,332.215,1
2017-11-01,17,17.5,0.48,6.33333,89,17.355,27.04,0.0,69.0,205.67,1
2017-11-01,21,11.1667,0.48,6.33333,85,18.1967,16.08,-17.986,54.4224,271.745,1
2017-11-02,0,10.8333,0.0,6.66667,93,14.815,9.93667,-21.4336,24.0865,294.0,0
2017-11-02,1,11.0,0.0,6.66667,94,11.94,6.385,-25.539,17.368,332.215,0
2017-11-02,2,11.3333,0.0,6.66667,90,16.68,10.0667,-8.56416,5.35752,313.6,0
2017-11-02,3,11.3333,0.0,6.5,93,17.5133,10.6067,-5.98944,22.6598,287.571,0
2017-11-02,4,10.5,0.0,6.33333,94,18.8367,9.86,15.9449,17.3023,300.667,0
2017-11-02,5,11.0,0.0,6.16667,95,22.83,21.385,-1.37004,20.7464,300.667,0
2017-11-02,6,11.0,0.0,6.16667,98,22.7833,20.3433,18.9449,17.3023,291.5,0
2017-11-02,7,10.6667,0.36,6.16667,91,20.7833,15.5967,-1.37004,20.7464,346.48,0
2017-11-02,9,11.3333,0.36,6.0,88,19.26,19.26,-3.11516,15.3736,326.8,0
2017-11-02,10,12.6667,0.36,6.5,74,19.6733,21.3,-6.114,23.2432,270.3,0
2017-11-02,11,14.5,0.36,7.0,74,21.76,16.0367,7.20092,19.7991,231.0,0
2017-11-02,12,16.8333,0.36,7.66667,79,25.155,23.74,-15.563,20.1154,189.0,0
2017-11-02,13,18.0,0.23,8.33333,78,24.5733,16.56,18.7508,8.80164,144.847,0
2017-11-02,14,19.0,0.23,9.0,73,43.3067,16.9233,-10.2701,20.8225,175.304,0
2017-11-02,15,19.6667,0.23,9.66667,73,38.29,19.3667,4.09089,28.6507,206.87,0
2017-11-02,21,9.16667,0.38,8.5,81,35.935,18.1967,-1.38104,65.9911,318.24,0
2017-11-03,0,6.5,0.76,7.5,81,26.91,14.815,14.3249,52.4967,420.0,0
2017-11-03,1,5.66667,1.14,7.16667,80,19.2233,11.94,18.3249,37.4967,522.327,0
2017-11-03,2,5.0,1.14,6.66667,81,21.5167,16.68,15.4965,34.6682,526.145,0
2017-11-03,3,4.66667,1.14,6.33333,87,24.0233,17.5133,16.1704,20.97,530.4,0
2017-11-03,4,4.66667,1.14,6.33333,85,16.8667,18.8367,9.80642,14.606,582.4,0
2017-11-03,5,5.16667,1.14,6.16667,84,21.68,22.83,7.89302,9.98662,557.6,0
2017-11-03,6,5.66667,0.76,6.0,93,18.1633,22.7833,4.83158,8.37766,575.467,0
2017-11-03,7,6.5,0.0,5.83333,92,14.1067,20.7833,2.15282,5.84482,579.429,0
2017-11-03,9,7.83333,0.0,6.66667,72,23.8433,19.26,-14.7247,24.1677,419.76,0
2017-11-03,10,8.16667,0.51,6.83333,76,23.0733,19.6733,-6.56975,29.6166,419.76,0
2017-11-03,11,8.5,0.51,7.16667,72,20.1467,21.76,1.91557,39.6194,379.44,0
2017-11-03,12,8.5,0.51,7.66667,70,24.46,25.155,13.9615,43.9188,393.6,0
2017-11-03,13,7.66667,0.51,8.33333,74,26.19,24.5733,21.59,43.9188,409.867,0
2017-11-03,14,7.16667,0.51,8.5,67,34.6333,43.3067,25.2856,45.4495,417.6,0
2017-11-03,15,7.83333,0.51,8.5,69,57.78,38.29,34.5244,40.2763,447.231,0
2017-11-03,21,5.0,0.0,6.16667,88,54.6133,35.935,37.6662,21.7744,575.143,0
2017-11-04,0,5.83333,0.0,5.0,82,44.0133,26.91,18.2129,16.8128,618.667,1
2017-11-04,1,6.33333,0.0,4.83333,82,37.7667,19.2233,13.5935,14.8995,593.6,1
2017-11-04,2,6.83333,0.0,4.33333,80,39.7133,21.5167,-0.37829,17.1122,540.0,1
2017-11-04,3,6.33333,0.0,3.83333,90,35.305,24.0233,-18.8559,15.5815,505.44,1
2017-11-04,4,6.5,0.0,3.5,95,39.8367,16.8667,-18.8559,15.5815,505.44,1
2017-11-04,5,6.66667,0.0,3.0,100,52.0733,21.68,-15.8559,15.5815,486.0,1
2017-11-04,6,6.66667,0.0,2.5,99,42.295,18.1633,-17.8559,15.5815,509.143,1
2017-11-04,7,6.33333,0.0,2.16667,98,19.525,14.1067,-12.8559,15.5815,480.0,1
2017-11-04,8,6.83333,0.0,2.16667,95,19.51,18.135,0.95594,12.961,505.44,1
2017-11-04,9,8.16667,0.0,2.66667,95,18.4067,23.8433,5.57534,3.87438,436.05,1
2017-11-04,10,10.5,0.0,3.66667,85,16.5267,23.0733,6.61282,0.1309,379.44,1
2017-11-04,11,14.1667,0.0,4.66667,79,15.29,20.1467,14.2322,-1.7825,237.6,1
2017-11-04,12,18.8333,0.0,5.83333,74,25.395,24.46,37.9896,4.97484,120.0,1
2017-11-04,13,22.5,0.0,7.16667,73,26.79,26.19,61.0,0.0,129.214,1
2017-11-04,14,25.5,0.0,8.33333,74,34.3533,34.6333,61.0,0.0,144.0,1
2017-11-04,15,27.0,0.0,9.0,77,24.9,57.78,57.0,0.0,149.1,1
2017-11-04,16,27.3333,0.0,9.0,82,21.515,88.66,51.0,0.0,183.972,1
2017-11-04,17,25.8333,0.0,9.0,85,19.355,88.8567,28.8269,-9.18432,138.538,1
2017-11-04,21,23.1667,0.0,8.0,83,17.7567,54.6133,71.0,0.0,135.15,1
2017-11-05,0,25.5,0.0,7.5,82,20.115,44.0133,57.0,0.0,149.1,1
2017-11-05,1,26.8333,0.0,7.33333,83,24.85,37.7667,53.0,0.0,172.966,1
2017-11-05,2,27.0,0.0,7.16667,84,29.68,39.7133,54.0,0.0,154.0,1
2017-11-05,3,26.5,0.0,7.16667,84,33.1233,35.305,56.0,0.0,159.84,1
2017-11-05,4,25.5,0.0,7.0,87,25.0033,39.8367,78.0,0.0,128.96,1
2017-11-05,5,22.3333,0.0,6.66667,91,32.7033,52.0733,70.0,0.0,149.908,1
2017-11-05,6,19.6667,0.0,6.5,94,21.58,42.295,54.0,0.0,229.964,1
2017-11-05,7,17.5,0.0,6.33333,89,38.9133,19.525,48.3431,-5.65688,248.727,1
2017-11-05,8,15.8333,0.0,6.33333,86,22.46,19.51,43.3431,-5.65688,287.182,1
2017-11-05,9,15.5,0.0,6.33333,82,25.5533,18.4067,6.56104,-11.7798,276.12,1
2017-11-05,10,16.3333,0.0,6.83333,74,23.45,16.5267,22.2179,-6.12288,216.847,1
2017-11-05,11,19.6667,0.0,7.5,71,19.1833,15.29,32.2179,-6.12288,139.125,1
2017-11-05,12,22.5,0.0,8.33333,69,24.83,25.395,57.0,0.0,146.222,1
2017-11-05,13,23.8333,0.0,9.16667,69,30.0133,26.79,55.0,0.0,165.0,1
2017-11-05,14,25.8333,0.0,9.83333,72,41.5633,34.3533,80.0,0.0,120.0,1
2017-11-05,15,26.3333,0.0,10.1667,80,51.22,24.9,53.0,0.0,162.432,1
2017-11-05,16,25.3333,0.0,10.1667,82,57.7933,21.515,51.0,0.0,181.5,1
2017-11-05,17,23.6667,0.0,10.0,81,28.295,19.355,72.0,0.0,148.8,1
2017-11-05,21,19.1667,0.0,9.0,79,24.9933,17.7567,-12.3358,13.3938,214.5,1
2017-11-06,0,18.1667,0.0,8.83333,81,25.9967,20.115,32.0657,5.35752,181.895,0
2017-11-06,1,17.3333,0.0,8.66667,81,32.165,24.85,28.0657,5.35752,239.215,0
2017-11-06,2,15.3333,0.0,8.5,90,24.1667,29.68,41.0657,5.35752,230.215,0
2017-11-06,3,14.0,0.0,8.16667,89,13.6967,33.1233,46.0657,5.35752,261.738,0
2017-11-06,4,11.1667,0.0,7.83333,91,13.01,25.0033,31.0657,5.35752,297.6,0
2017-11-06,5,10.1667,0.0,7.5,92,12.99,32.7033,53.0,0.0,357.12,0
2017-11-06,6,8.83333,0.0,7.33333,93,9.87,21.58,61.0,0.0,341.28,0
2017-11-06,7,7.16667,0.56,7.16667,97,11.7833,38.9133,53.0,0.0,415.385,0
2017-11-06,8,7.16667,1.12,6.83333,94,10.25,22.46,56.0,0.0,447.231,0
2017-11-06,9,6.0,1.68,6.83333,85,12.0667,25.5533,60.6194,1.9134,446.4,0
2017-11-06,10,4.83333,1.68,7.0,82,18.53,23.45,50.4478,4.74184,483.36,0
2017-11-06,11,4.16667,2.34,7.33333,78,16.6667,19.1833,52.2956,3.97648,501.84,0
2017-11-06,12,4.16667,3.0,7.66667,75,20.1733,24.83,50.9911,2.44576,607.418,0
2017-11-06,13,4.66667,3.28,7.83333,77,16.43,30.0133,57.9911,2.44576,556.364,0
2017-11-06,14,4.83333,3.56,8.0,89,17.36,41.5633,52.5344,4.74184,612.0,0
2017-11-06,15,4.83333,3.84,8.0,81,17.9667,51.22,49.0777,7.03792,655.2,0
2017-11-06,16,5.66667,4.68,7.83333,91,14.91,57.7933,52.7732,8.56864,639.6,0
2017-11-06,17,5.83333,4.02,7.5,86,13.835,28.295,51.7732,8.56864,641.829,0
2017-11-06,21,6.5,0.84,7.0,87,11.8933,24.9933,36.6214,-12.7165,555.429,0
2017-11-07,0,7.83333,0.0,7.0,89,4.79,25.9967,33.2242,-37.2242,437.143,0
2017-11-07,1,8.16667,0.0,7.0,87,5.12,32.165,34.5391,-35.6683,413.4,0
2017-11-07,2,8.5,0.0,7.0,83,6.15,24.1667,41.9302,-32.7298,377.4,0
2017-11-07,3,8.83333,0.0,7.0,88,10.86,13.6967,39.7477,-30.5473,409.867,0
2017-11-07,4,8.33333,0.0,6.83333,87,10.1567,13.01,41.1619,-31.9615,371.25,0
2017-11-07,5,8.5,0.0,6.66667,82,12.9533,12.99,44.6975,-35.4971,360.0,0
2017-11-07,6,8.33333,0.0,6.5,85,16.005,9.87,39.7477,-30.5473,409.867,0
2017-11-07,7,8.66667,0.0,6.33333,90,12.2167,11.7833,45.4046,-36.2042,360.0,0
2017-11-07,8,8.66667,0.0,6.16667,88,11.5667,10.25,33.5254,-38.9374,386.4,0
2017-11-07,9,8.5,0.0,6.16667,81,16.8467,12.0667,30.93,-40.6716,411.927,0
2017-11-07,10,9.16667,0.0,6.33333,85,22.78,18.53,30.2229,-39.9645,375.84,0
2017-11-07,11,9.16667,0.0,6.66667,83,20.5767,16.6667,33.0513,-42.7929,363.0,0
2017-11-07,12,10.0,0.0,7.0,86,36.8533,20.1733,33.0513,-42.7929,341.85,0
2017-11-07,13,10.0,0.0,7.5,81,38.0167,16.43,36.5869,-46.3285,300.0,0
2017-11-07,14,10.3333,0.0,8.0,84,41.2233,17.36,36.7697,-36.7697,334.08,0
2017-11-07,15,10.5,0.0,8.16667,86,46.74,17.9667,36.7697,-36.7697,326.8,0
2017-11-07,16,10.6667,0.0,8.16667,99,44.8167,14.91,34.6152,-40.5684,309.12,0
2017-11-07,17,10.0,0.0,7.83333,100,48.2133,13.835,34.6152,-40.5684,332.215,0
2017-11-07,21,8.33333,0.0,6.0,84,50.44,11.8933,23.0603,-44.6727,411.927,0
2017-11-08,1,5.66667,0.0,4.66667,96,38.8833,5.12,19.193,-46.1098,457.6,0
2017-11-08,2,4.83333,0.0,4.0,100,40.5333,6.15,19.6685,-39.4185,559.32,0
2017-11-08,3,4.0,0.0,3.33333,100,43.07,10.86,22.4402,-38.2705,577.92,0
2017-11-08,4,3.16667,0.0,2.83333,100,57.3533,10.1567,26.1357,-39.8012,574.08,0
2017-11-08,5,3.16667,0.0,2.33333,95,58.695,12.9533,26.3089,-30.5624,641.143,0
2017-11-08,6,3.33333,0.0,2.0,98,43.75,16.005,24.1876,-32.6837,641.829,0
2017-11-08,7,3.0,0.0,1.83333,100,48.4,12.2167,21.4159,-26.8318,743.85,0
2017-11-08,8,3.16667,0.0,2.0,92,50.6467,11.5667,20.492,-27.2145,789.6,0
2017-11-08,9,3.33333,0.48,2.33333,88,47.2167,16.8467,18.9613,-23.5189,764.4,0
2017-11-08,10,3.5,0.48,2.83333,82,46.9333,22.78,17.9238,-15.9487,851.2,0
2017-11-08,11,3.83333,0.48,3.83333,76,51.2033,20.5767,22.5432,-17.8621,802.4,0
2017-11-08,12,4.33333,0.48,4.5,79,54.26,36.8533,21.0125,-14.1665,894.667,0
2017-11-08,13,5.5,0.48,5.33333,77,54.34,38.0167,27.0125,-5.16654,852.8,0
2017-11-08,14,5.66667,0.48,6.33333,69,60.34,41.2233,23.3332,-12.3496,728.0,0
2017-11-08,15,6.0,0.76,7.0,73,65.4,46.74,25.181,-15.4111,688.5,0
2017-11-08,16,5.83333,0.76,6.83333,100,57.6867,44.8167,11.0183,-16.5591,632.4,0
2017-11-08,21,4.5,1.88,4.33333,89,55.71,50.44,18.7129,-20.8453,563.04,0
2017-11-08,23,4.16667,2.24,4.83333,83,50.81,50.5067,18.7995,-16.2259,675.45,0
2017-11-09,1,3.66667,2.47,4.66667,96,52.73,38.8833,24.4189,-14.3125,680.85,0
2017-11-09,2,3.33333,1.35,4.33333,92,57.75,40.5333,24.1291,-5.77338,737.76,0
2017-11-09,3,3.0,1.35,4.16667,94,59.44,43.07,26.9007,-4.62534,720.0,0
2017-11-09,4,2.83333,1.35,3.83333,99,54.54,57.3533,23.6955,-0.86418,839.143,0
2017-11-09,5,3.16667,0.46,3.66667,93,56.1467,58.695,22.5475,1.90746,829.029,0
2017-11-09,6,2.83333,0.69,3.66667,93,56.41,43.75,26.8933,6.70755,874.5,0
2017-11-09,7,3.0,0.46,3.83333,93,58.5367,48.4,24.772,8.82888,840.0,0
2017-11-09,8,3.0,0.46,4.16667,93,56.38,50.6467,26.8933,12.3644,894.24,0
2017-11-09,9,3.66667,0.46,4.5,83,50.17,47.2167,24.772,14.4858,869.04,0
2017-11-09,10,4.0,0.46,4.83333,84,45.27,46.9333,21.2364,24.0213,867.0,0
2017-11-09,11,4.0,0.71,5.5,75,45.98,51.2033,13.323,28.6407,869.04,0
2017-11-09,12,5.0,0.96,6.16667,71,39.19,54.26,7.17499,31.4123,904.8,0
2017-11-09,13,5.0,1.44,7.0,71,48.1767,54.34,-10.1399,27.9682,801.36,0
2017-11-09,14,5.5,1.44,7.5,78,53.86,60.34,-18.4548,24.5241,790.4,0
2017-11-09,15,5.5,1.44,7.66667,82,54.4433,65.4,-17.9981,22.228,703.8,0
2017-11-09,16,5.66667,1.44,7.83333,95,53.3833,57.6867,-23.8076,19.9047,632.4,0
2017-11-09,21,7.0,0.48,5.83333,93,34.86,55.71,2.44628,17.3212,480.0,0
2017-11-10,0,8.16667,0.0,5.33333,88,17.5833,55.89,-0.47837,35.0196,420.0,0
2017-11-10,1,7.5,0.0,5.33333,92,17.2833,52.73,-17.9455,37.6983,387.6,0
2017-11-10,2,6.66667,0.0,5.16667,84,17.5567,57.75,-24.4811,41.2339,432.667,0
2017-11-10,3,6.83333,0.0,5.33333,80,23.085,59.44,-20.2384,36.4765,497.455,0
2017-11-10,4,7.5,0.0,5.5,84,22.3933,54.54,-20.2384,45.4765,433.964,0
2017-11-10,5,8.16667,0.0,5.5,79,25.6633,56.1467,-17.177,38.0855,443.143,0
2017-11-10,6,9.0,0.0,5.33333,74,25.4433,56.41,-20.8725,39.6162,375.943,0
2017-11-10,7,11.1667,0.0,5.5,78,28.44,58.5367,2.54443,31.9877,318.24,0
2017-11-10,8,13.1667,0.48,5.5,80,26.0167,56.38,1.83732,33.2095,270.327,0
2017-11-10,9,14.8333,0.48,5.33333,77,16.6767,50.17,-5.05092,38.8393,198.545,0
2017-11-10,10,16.5,0.48,5.5,72,20.74,45.27,-14.1592,52.1836,205.8,0
2017-11-10,11,17.5,0.48,5.83333,64,19.2167,45.98,-22.1954,53.585,184.0,0
2017-11-10,12,19.3333,0.96,6.33333,72,20.265,39.19,-15.3072,53.9552,195.789,0
2017-11-10,13,19.8333,1.47,6.5,73,20.095,48.1767,-16.8379,57.6507,178.286,0
2017-11-10,14,21.0,0.99,6.83333,71,14.2167,53.86,-16.8379,57.6507,158.118,0
2017-11-10,15,22.0,0.99,7.0,78,17.5033,54.4433,-26.4049,63.7477,140.87,0
2017-11-10,16,21.8333,0.99,7.16667,69,12.1967,53.3833,-27.1703,65.5955,120.0,0
2017-11-10,21,20.0,4.53,6.33333,81,6.88,34.86,-46.762,35.938,170.133,0
2017-11-11,0,17.1667,4.02,5.33333,77,5.53,17.5833,-42.3026,32.0198,217.579,1
2017-11-11,1,17.0,2.49,5.16667,79,8.12,17.2833,-48.7697,34.6985,238.105,1
2017-11-11,2,17.3333,0.48,5.0,82,4.27667,17.5567,-39.2523,46.8291,195.52,1
2017-11-11,3,17.8333,0.48,4.83333,87,3.15333,23.085,-28.6456,58.2224,180.0,1
2017-11-11,4,19.8333,0.48,4.5,91,4.47,22.3933,-8.03628,63.4015,153.6,1
2017-11-11,5,19.3333,0.48,4.16667,93,7.78,25.6633,0.0,71.0,125.182,1
2017-11-11,6,21.5,0.48,3.83333,93,14.795,25.4433,0.0,66.0,152.727,1
2017-11-11,7,20.6667,0.0,3.33333,95,14.5967,28.44,0.0,64.0,187.6,1
2017-11-11,8,21.5,0.0,3.0,87,14.935,26.0167,-6.12288,51.7821,216.847,1
2017-11-11,9,22.1667,0.0,3.0,77,17.2233,16.6767,-6.12288,61.7821,160.74,1
2017-11-11,10,21.8333,0.0,3.16667,72,19.2567,20.74,-9.94968,51.0209,167.733,1
2017-11-11,11,23.6667,0.3,3.5,66,16.7933,19.2167,-19.5167,47.1179,176.538,1
2017-11-11,12,25.5,0.6,3.83333,70,14.6067,20.265,-9.567,51.097,162.432,1
2017-11-11,13,27.1667,0.98,4.5,66,22.675,20.095,0.0,59.0,138.986,1
2017-11-11,14,26.1667,0.98,5.0,69,21.2967,14.2167,0.0,57.0,157.548,1
2017-11-11,15,25.3333,0.98,5.16667,70,24.2567,17.5033,0.0,78.0,133.355,1
2017-11-11,16,24.6667,1.28,5.16667,72,23.95,12.1967,-8.03628,66.4015,160.615,1
2017-11-11,21,13.0,2.38,4.16667,75,6.4,6.88,-44.0831,14.109,297.0,1
2017-11-12,1,10.3333,2.56,3.5,90,3.88,8.12,-10.5642,12.2458,372.6,1
2017-11-12,2,10.0,0.48,3.33333,88,2.95,4.27667,0.435841,12.2458,320.914,1
2017-11-12,3,10.8333,0.48,3.16667,89,5.43,3.15333,2.778,17.9748,300.667,1
2017-11-12,4,10.6667,0.48,3.0,89,6.45667,4.47,6.88344,24.6934,310.431,1
2017-11-12,5,9.5,0.48,2.83333,93,9.665,7.78,-6.11656,32.6934,340.267,1
2017-11-12,6,9.5,0.48,2.66667,83,14.74,14.795,-6.11656,38.6934,325.867,1
2017-11-12,7,9.16667,0.0,2.33333,88,11.94,14.5967,8.56235,43.5642,347.564,1
2017-11-12,8,7.83333,0.0,2.16667,89,11.99,14.935,-2.43765,52.5642,381.9,1
2017-11-12,9,7.83333,0.0,2.33333,68,7.66667,17.2233,0.39079,56.2597,397.5,1
2017-11-12,10,7.5,0.0,2.33333,71,10.125,19.2567,0.77347,55.3358,398.945,1
2017-11-12,11,8.16667,0.48,2.66667,67,7.70333,16.7933,9.22561,50.7164,437.25,1
2017-11-12,12,8.66667,0.48,3.16667,60,10.18,14.6067,-0.01319,46.5432,377.4,1
2017-11-12,13,9.0,0.48,3.83333,57,23.14,22.675,-14.8625,40.7136,395.2,1
2017-11-12,14,10.0,0.48,4.33333,61,30.0933,21.2967,-19.072,41.8763,300.0,1
2017-11-12,15,9.83333,0.48,4.33333,61,25.4033,24.2567,-25.7272,47.4196,311.564,1
2017-11-12,16,10.3333,1.27,4.33333,80,21.66,23.95,-34.9992,35.5404,321.48,1
2017-11-12,21,7.5,4.94,2.83333,90,24.43,6.4,-13.0352,-0.79854,389.88,1
2017-11-13,1,6.33333,2.57,1.5,100,5.0,3.88,22.4594,-22.0571,420.0,0
2017-11-13,2,6.83333,1.12,1.33333,96,5.91333,2.95,20.1163,-27.714,449.28,0
2017-11-13,3,8.33333,1.12,1.0,94,8.425,5.43,37.67,-27.3314,464.28,0
2017-11-13,4,9.0,1.12,1.0,92,6.785,6.45667,42.0754,-18.8792,360.0,0
2017-11-13,5,9.16667,0.23,1.0,92,8.04667,9.665,46.8547,-9.89954,332.8,0
2017-11-13,6,9.33333,0.23,1.0,92,12.13,14.74,47.5618,0.81028,372.655,0
2017-11-13,7,10.6667,0.23,1.0,91,19.7633,11.94,48.4857,9.61192,327.6,0
2017-11-13,8,10.8333,0.0,1.16667,90,14.53,11.99,50.5139,18.7129,305.455,0
2017-11-13,9,11.0,0.0,1.33333,86,15.1233,7.66667,47.4223,21.5745,300.667,0
2017-11-13,10,11.3333,0.0,1.66667,84,14.3467,10.125,47.5928,26.6157,240.0,0
2017-11-13,11,11.6667,0.0,2.0,79,14.03,7.70333,52.8057,24.3581,249.9,0
2017-11-13,12,11.0,0.0,2.33333,79,10.66,10.18,48.0831,26.1299,313.2,0
2017-11-13,13,9.66667,0.0,2.83333,83,20.0733,23.14,53.74,31.7868,300.0,0
2017-11-13,14,9.66667,0.0,3.16667,79,28.1267,30.0933,43.3969,39.1778,324.48,0
2017-11-13,15,9.5,0.0,3.33333,80,46.815,25.4033,43.3969,41.3455,345.6,0
2017-11-13,16,9.5,0.0,3.33333,77,26.1167,21.66,42.6897,43.0229,347.564,0
2017-11-13,21,7.33333,0.0,2.5,85,17.9433,24.43,38.4501,51.4741,373.32,0
2017-11-14,0,6.0,0.08,1.66667,81,15.03,9.30333,38.4501,49.9567,448.145,0
2017-11-14,1,6.16667,0.08,1.33333,82,14.08,5.0,35.6217,46.2612,495.0,0
2017-11-14,2,6.66667,0.08,1.16667,85,11.88,5.91333,32.7932,42.5657,549.067,0
2017-11-14,3,7.0,0.08,1.16667,82,24.99,8.425,37.0359,48.109,513.067,0
2017-11-14,4,6.66667,0.28,1.33333,86,24.5833,6.785,27.1364,46.2094,478.4,0
2017-11-14,5,6.0,0.28,1.0,78,22.375,8.04667,31.82,46.9734,477.0,0
2017-11-14,6,5.66667,0.28,1.0,73,25.63,12.13,23.8818,39.8994,528.0,0
2017-11-14,7,5.16667,0.28,0.833333,91,15.9233,19.7633,28.5012,41.8128,498.343,0
2017-11-14,8,4.83333,0.28,0.833333,82,17.8167,14.53,25.6727,39.6346,588.0,0
2017-11-14,9,4.33333,0.28,0.833333,71,17.07,15.1233,28.5012,43.3302,577.2,0
2017-11-14,10,4.5,0.0,1.16667,61,15.2367,14.3467,22.8443,40.9391,620.229,0
2017-11-14,11,5.33333,0.0,1.83333,59,23.83,14.03,22.1372,40.0152,626.4,0
2017-11-14,12,6.0,0.0,2.5,64,31.075,10.66,11.5305,40.8359,561.0,0
2017-11-14,13,8.33333,0.0,3.33333,61,25.1,20.0733,7.28787,44.2927,540.0,0
2017-11-14,14,10.3333,0.0,4.0,63,39.945,28.1267,-3.67712,48.0804,360.0,0
2017-11-14,21,7.5,0.0,0.833333,97,45.61,17.9433,-10.2646,36.465,443.52,0
2017-11-15,0,7.16667,0.0,0.166667,90,30.2,15.03,-11.2083,28.6242,492.0,0
2017-11-15,1,7.83333,0.0,0.166667,87,30.9433,14.08,-6.99885,25.4615,483.36,0
2017-11-15,2,8.66667,0.0,0.166667,93,24.4267,11.88,-6.99885,29.4615,402.8,0
2017-11-15,3,8.66667,0.0,0.166667,100,25.0067,24.99,-11.6588,38.0278,386.4,0
2017-11-15,4,8.83333,0.0,0.0,99,33.855,24.5833,-11.6588,44.1507,367.2,0
2017-11-15,5,9.0,0.0,0.0,89,31.85,22.375,-8.90143,38.6074,336.96,0
2017-11-15,6,8.83333,0.0,-0.166667,93,38.31,25.63,-9.60854,39.3145,345.257,0
2017-11-15,7,6.83333,0.0,-0.166667,96,39.76,15.9233,-11.9046,37.8578,415.385,0
2017-11-15,8,5.5,0.0,0.0,93,24.9033,17.8167,-12.2873,38.7817,473.815,0
2017-11-15,9,5.5,0.0,0.333333,89,22.9133,17.07,-16.9067,36.8683,473.538,0
2017-11-15,10,5.16667,0.0,0.833333,95,25.1433,15.2367,-8.9067,23.8683,544.615,0
2017-11-15,11,5.5,0.0,1.5,84,19.5833,23.83,-13.5261,25.7817,538.338,0
2017-11-15,13,6.5,0.0,3.33333,79,32.02,25.1,2.22038,12.6232,595.2,0
2017-11-15,14,6.83333,0.0,4.0,80,48.5433,39.945,-12.1707,9.56178,561.6,0
2017-11-15,21,5.16667,0.0,1.83333,88,51.57,45.61,12.1847,25.0149,524.16,0
2017-11-16,0,4.5,0.0,1.66667,95,25.04,30.2,24.9023,35.3554,620.229,0
2017-11-16,1,4.33333,0.0,1.5,98,23.275,30.9433,22.0738,38.1838,600.0,0
2017-11-16,2,4.16667,0.0,1.5,100,19.7267,24.4267,11.9111,37.0358,644.8,0
2017-11-16,3,4.66667,0.0,1.33333,100,20.2167,25.0067,7.66847,35.4925,765.927,0
2017-11-16,4,5.66667,0.0,1.16667,98,21.39,33.855,1.20131,38.1712,697.745,0
2017-11-16,5,5.5,0.0,1.0,99,36.4233,31.85,-1.81956,23.7659,635.04,0
2017-11-16,6,5.33333,0.0,1.0,100,36.2433,38.31,-11.439,21.8525,635.04,0
2017-11-16,7,5.16667,0.0,1.0,96,17.695,39.76,-13.5603,19.7312,624.24,0
2017-11-16,8,5.5,0.0,1.16667,94,26.2,24.9033,-12.7964,15.0476,655.2,0
2017-11-16,9,5.33333,0.0,1.33333,100,23.72,22.9133,-23.2894,7.80173,649.0,0
2017-11-16,10,4.83333,0.0,1.83333,92,34.9333,25.1433,-23.2894,-0.68359,620.1,0
2017-11-16,11,4.66667,0.0,2.5,79,44.8633,19.5833,-26.0043,-5.80811,566.1,0
2017-11-16,13,5.66667,0.0,4.5,72,70.2667,32.02,-13.3087,-11.3388,599.657,0
2017-11-16,14,4.83333,0.0,5.33333,74,74.4833,48.5433,-13.3087,-16.6964,630.667,0
2017-11-16,21,4.16667,0.5,2.0,100,88.17,51.57,-7.47726,1.93682,756.0,0
2017-11-17,0,5.0,0.5,1.66667,84,64.5333,25.04,7.48184,8.44832,711.36,0
2017-11-17,1,5.33333,0.98,1.5,81,45.3533,23.275,-2.13756,6.53492,749.829,0
2017-11-17,2,5.33333,0.73,1.33333,96,31.6,19.7267,2.4162,13.8331,660.0,0
2017-11-17,3,5.33333,0.48,1.33333,100,23.45,20.2167,5.18784,11.1543,655.2,0
2017-11-17,4,5.16667,0.96,1.33333,99,19.1033,21.39,6.49232,9.6236,648.96,0
2017-11-17,5,5.0,0.96,1.5,94,31.03,36.4233,11.4923,4.6236,600.0,0
2017-11-17,6,5.0,0.96,1.83333,87,37.54,36.2433,14.5538,-5.76744,610.56,0
2017-11-17,7,5.0,0.48,2.16667,84,41.9467,17.695,21.0866,-8.47344,610.56,0
2017-11-17,8,5.33333,0.48,2.5,85,45.0733,26.2,19.4644,-7.38959,626.4,0
2017-11-17,9,5.66667,0.48,2.66667,85,43.8967,23.72,20.9211,-9.68567,604.2,0
2017-11-17,10,5.66667,0.0,3.0,76,45.1567,34.9333,12.6991,-5.51459,563.04,0
2017-11-17,11,6.16667,0.0,3.33333,73,55.22,44.8633,13.7829,-0.06564,563.04,0
2017-11-17,12,7.16667,0.23,3.66667,70,47.2533,52.41,11.0769,5.22836,546.96,0
2017-11-17,13,8.0,1.4,4.0,73,56.13,70.2667,1.07694,16.2284,461.76,0
2017-11-17,14,7.5,1.4,4.5,79,51.685,74.4833,-2.74986,35.4672,399.36,0
2017-11-17,21,4.83333,0.0,3.0,100,79.39,88.17,22.1383,25.7845,607.418,0
2017-11-18,1,4.83333,0.0,1.5,100,47.1567,45.3533,39.8057,9.75933,627.3,1
2017-11-18,2,4.66667,0.0,0.666667,100,35.3767,31.6,33.3385,9.37665,632.4,1
2017-11-18,3,5.0,0.0,0.0,100,34.1367,23.45,26.643,10.9074,600.0,1
2017-11-18,4,4.83333,0.0,-0.666667,99,32.57,19.1033,30.0649,10.4318,600.0,1
2017-11-18,5,4.66667,0.0,-1.33333,97,38.1033,31.03,26.5294,8.19688,649.0,1
2017-11-18,6,4.16667,0.0,-1.83333,94,49.9267,37.54,28.6507,10.9685,644.8,1
2017-11-18,7,5.0,0.0,-2.0,92,46.63,41.9467,25.2288,16.0362,699.84,1
2017-11-18,8,5.66667,0.0,-1.83333,90,47.08,45.0733,33.2288,21.0362,600.0,1
2017-11-18,9,5.83333,0.0,-1.66667,95,33.6533,43.8967,16.5421,18.1245,620.1,1
2017-11-18,10,6.33333,0.0,-1.16667,86,27.91,45.1567,7.24652,17.9748,582.4,1
2017-11-18,11,7.66667,0.0,-0.333333,76,31.8367,55.22,-3.84004,11.0866,480.0,1
2017-11-18,12,8.83333,0.0,0.333333,79,38.5833,47.2533,5.3122,7.25976,438.6,1
2017-11-18,13,9.33333,0.0,1.16667,81,48.42,56.13,-3.17312,6.1732,371.25,1
2017-11-18,14,9.66667,0.0,2.0,78,36.775,51.685,-3.39491,-1.60501,327.6,1
2017-11-18,21,16.8333,0.0,2.16667,72,17.2233,79.39,-6.5984,35.5984,228.48,1
2017-11-18,23,17.0,0.51,2.16667,76,14.9733,63.0933,-13.3938,59.3358,139.92,1
2017-11-19,1,19.0,1.53,2.16667,74,8.54,47.1567,0.12461,52.6403,214.5,1
2017-11-19,2,20.1667,1.53,2.0,79,8.45667,35.3767,7.77821,51.1627,199.527,1
2017-11-19,3,19.1667,1.53,2.0,78,10.5067,34.1367,0.0,63.0,179.95,1
2017-11-19,4,18.5,1.53,2.0,74,11.8233,32.57,-8.03628,58.4015,164.965,1
2017-11-19,5,18.5,1.02,1.83333,79,14.8233,38.1033,-14.1592,56.1836,195.873,1
2017-11-19,6,17.0,1.02,1.66667,80,17.25,49.9267,-18.3686,66.3462,192.873,1
2017-11-19,7,17.3333,0.51,1.5,75,23.17,46.63,-24.1088,58.2044,235.314,1
2017-11-19,8,16.6667,0.51,1.33333,74,20.285,47.08,-23.3435,56.3567,218.625,1
2017-11-19,9,16.6667,1.02,1.33333,68,19.5067,33.6533,-19.8994,48.0418,216.72,1
2017-11-19,10,17.6667,1.5,1.5,65,22.2133,27.91,-29.0085,49.0329,188.779,1
2017-11-19,11,19.1667,1.5,1.83333,56,20.7933,31.8367,-30.1565,51.8045,163.4,1
2017-11-19,12,20.5,1.47,2.33333,57,24.8967,38.5833,-23.2683,55.1747,165.714,1
2017-11-19,13,21.1667,1.95,2.83333,60,24.9,48.42,-17.2206,61.5746,158.564,1
2017-11-19,14,21.8333,1.95,3.33333,58,16.96,36.775,-17.6033,62.4985,142.56,1
2017-11-19,21,21.6667,0.84,3.0,75,4.60333,17.2233,-32.0117,55.2833,158.564,1
2017-11-20,1,18.0,0.36,2.66667,73,5.82,8.54,0.0,58.0,184.0,0
2017-11-20,2,16.8333,0.36,2.16667,91,7.36333,8.45667,5.65688,65.391,194.133,0
2017-11-20,3,14.0,0.23,1.66667,95,5.89333,10.5067,15.5564,57.2906,217.412,0
2017-11-20,4,12.1667,0.23,1.16667,86,5.9,11.8233,19.2519,58.8213,248.4,0
2017-11-20,5,11.3333,0.23,0.833333,75,15.0967,14.8233,24.2017,46.7711,381.026,0
2017-11-20,6,10.1667,0.23,0.5,82,16.155,17.25,32.687,57.8576,344.348,0
2017-11-20,7,10.8333,0.23,0.166667,73,18.1733,23.17,27.0301,43.4666,350.314,0
2017-11-20,8,9.5,0.23,0.166667,73,20.92,20.285,17.1306,45.5671,302.1,0
2017-11-20,9,10.6667,0.0,0.166667,77,15.1567,19.5067,13.4351,50.0363,296.229,0
2017-11-20,10,11.3333,0.48,0.5,66,13.82,22.2133,4.27584,55.2492,291.5,0
2017-11-20,11,12.0,0.48,0.833333,56,21.6333,20.7933,-11.9877,51.9409,333.0,0
2017-11-20,13,14.1667,0.48,2.16667,59,36.92,24.9,-24.9988,49.3528,228.0,0
2017-11-20,21,13.0,1.78,2.0,88,20.6833,4.60333,10.7666,55.7081,258.514,0
2017-11-21,0,14.5,3.06,1.66667,84,4.54,6.02,-6.12288,61.7821,209.647,0
2017-11-21,1,15.3333,4.08,1.5,85,7.42,5.82,-6.12288,58.7821,226.8,0
2017-11-21,2,14.0,4.08,1.33333,89,4.54333,7.36333,-5.7402,57.8582,241.553,0
2017-11-21,3,12.5,4.08,1.16667,86,4.24,5.89333,-5.7402,49.8582,291.877,0
2017-11-21,4,10.6667,4.08,1.0,87,7.85,5.9,-12.2074,52.537,289.385,0
2017-11-21,5,10.0,4.08,1.0,91,9.725,15.0967,-17.7506,41.833,372.6,0
2017-11-21,6,9.33333,3.06,1.0,88,7.3,16.155,-8.75064,41.833,342.514,0
2017-11-21,7,9.0,2.04,1.0,89,9.06,18.1733,1.24936,27.833,396.48,0
2017-11-21,8,9.5,1.02,1.0,94,98.01,20.92,19.9896,13.9748,366.667,0
2017-11-21,9,9.66667,1.02,1.16667,89,28.86,15.1567,31.9896,4.97484,300.0,0
2017-11-21,10,10.6667,1.02,1.33333,89,22.84,13.82,52.0,0.0,326.8,0
2017-11-21,11,10.3333,1.14,1.66667,86,22.8,21.6333,55.0,0.0,297.0,0
2017-11-21,13,10.8333,1.14,2.5,87,29.1533,36.92,37.5328,2.67876,359.9,0
2017-11-21,21,12.3333,0.72,4.83333,92,28.51,20.6833,8.70711,39.2338,265.05,0
2017-11-21,23,12.3333,2.6,5.0,93,24.34,13.09,7.77821,55.1627,295.2,0
2017-11-22,0,12.1667,2.24,5.0,94,20.58,4.54,13.4351,62.5537,303.709,0
2017-11-22,1,11.1667,2.24,5.0,95,9.54,7.42,19.7991,48.8686,353.455,0
2017-11-22,2,11.1667,2.24,5.0,97,5.98333,4.54333,12.0209,54.706,302.4,0
2017-11-22,3,11.1667,2.24,5.0,97,9.07,4.24,12.0209,53.706,305.455,0
2017-11-22,4,11.5,1.12,5.0,97,13.04,7.85,12.0209,54.706,265.2,0
2017-11-22,5,12.0,0.0,5.0,98,11.62,9.725,0.0,52.0,297.6,0
2017-11-22,7,10.5,0.0,5.0,92,15.455,9.06,-2.67876,53.4672,317.127,0
2017-11-22,8,11.5,0.0,5.0,90,11.0433,98.01,-9.04275,48.8312,348.0,0
2017-11-22,9,12.5,0.0,5.0,89,30.525,28.86,-15.5483,52.5371,299.815,0
2017-11-22,10,13.1667,0.0,5.16667,83,31.09,22.84,-22.4366,45.167,259.2,0
2017-11-22,11,13.5,0.0,5.5,77,27.9133,22.8,-25.4147,44.3567,224.824,0
2017-11-22,12,15.8333,0.0,5.83333,79,25.72,27.335,-12.4147,44.3567,194.541,0
2017-11-22,13,17.5,0.0,6.16667,76,30.02,29.1533,-7.05715,31.4223,232.941,0
2017-11-22,14,17.0,0.0,6.66667,76,33.25,33.4767,4.96372,38.4015,199.385,0
2017-11-22,21,9.16667,0.0,6.0,100,21.8533,28.51,-15.2187,42.0783,333.9,0
2017-11-23,0,9.0,0.0,4.16667,86,35.74,20.58,-30.2137,28.3897,372.764,0
2017-11-23,1,9.0,0.0,3.66667,86,44.79,9.54,-30.6237,20.1405,366.667,0
2017-11-23,3,8.16667,0.0,2.83333,96,47.59,9.07,-35.5746,17.2206,401.85,0
2017-11-23,4,7.83333,0.0,2.66667,94,43.41,13.04,-31.3319,12.9779,374.85,0
2017-11-23,5,7.33333,0.0,2.5,91,54.72,11.62,-16.9409,9.9165,402.8,0
2017-11-23,7,7.0,0.0,2.0,86,67.38,15.455,1.4231,10.9812,463.6,0
2017-11-23,8,7.5,0.0,1.83333,100,77.9,11.0433,15.3949,13.194,479.467,0
2017-11-23,9,8.16667,0.0,1.83333,99,135.55,30.525,15.3949,13.194,451.0,0
2017-11-23,10,8.66667,0.0,2.33333,91,37.1033,31.09,16.466,20.2651,377.4,0
2017-11-23,11,9.16667,0.0,3.0,84,17.17,27.9133,12.2944,31.5788,377.143,0
2017-11-23,12,9.33333,0.0,4.0,74,44.115,25.72,15.0661,32.7269,341.85,0
2017-11-23,13,10.3333,0.0,5.66667,56,59.255,30.02,29.723,27.07,327.6,0
2017-11-23,21,20.0,0.0,6.33333,77,19.31,21.8533,23.5224,-7.6536,167.04,0
2017-11-24,0,20.0,0.0,4.5,85,12.3,35.74,62.0,0.0,139.92,0
2017-11-24,1,17.8333,0.0,4.0,85,12.77,44.79,63.0,0.0,175.304,0
2017-11-24,3,15.0,0.0,3.33333,88,31.5,47.59,37.636,6.36399,330.15,0
2017-11-24,4,12.6667,0.0,3.16667,88,37.52,43.41,24.7017,11.7215,293.55,0
2017-11-24,5,9.83333,0.0,3.0,89,17.66,54.72,-7.61323,15.1656,374.4,0
2017-11-24,7,11.1667,0.0,3.0,93,23.18,67.38,-14.0804,12.4869,300.0,0
2017-11-24,8,12.6667,0.0,3.0,97,18.0,77.9,-27.4224,-0.38268,249.171,0
2017-11-24,9,11.8333,0.0,3.16667,91,15.11,135.55,6.82688,-9.18432,231.429,0
2017-11-24,11,13.3333,0.0,4.33333,77,36.765,17.17,-23.0313,-4.97484,302.824,0
2017-11-24,13,15.3333,0.0,6.33333,71,45.07,59.255,-5.81068,10.016,201.067,0
2017-11-24,20,18.6667,0.0,7.33333,79,35.78,65.605,-7.14105,-19.9406,202.473,0
2017-11-24,21,18.5,0.0,7.0,77,20.67,19.31,-46.6948,-27.2116,201.318,0
2017-11-25,0,15.5,0.0,6.33333,85,13.81,12.3,-3.45326,-17.1705,270.189,1
2017-11-25,1,15.0,0.0,6.0,88,11.05,12.77,31.1005,-9.89954,257.914,1
2017-11-25,3,15.8333,0.0,5.0,92,13.45,31.5,52.0,0.0,224.824,1
2017-11-25,4,16.8333,0.0,4.66667,93,9.85,37.52,54.0,0.0,204.6,1
2017-11-25,7,15.8333,0.0,3.83333,97,7.87,23.18,60.0,0.0,245.937,1
2017-11-25,8,17.0,0.0,3.83333,97,17.05,18.0,26.2179,-6.12288,252.225,1
2017-11-25,9,18.5,0.0,3.83333,93,15.81,15.11,24.2179,-6.12288,182.031,1
2017-11-25,11,23.0,0.0,4.5,84,23.08,36.765,-51.7373,-21.4301,154.286,1
2017-11-25,13,29.0,0.0,5.33333,81,17.62,45.07,-49.58,-31.7204,131.022,1
2017-11-25,20,12.8333,1.12,6.83333,84,13.7967,35.78,-12.2374,26.7786,218.057,1
2017-11-25,21,13.8333,1.12,6.66667,84,1.19,20.67,1.19768,32.9154,221.571,1
2017-11-26,0,14.0,2.24,5.33333,83,17.12,13.81,-7.96992,50.8134,245.1,1
2017-11-26,1,13.5,1.12,4.83333,83,10.345,11.05,-16.4552,51.7268,275.718,1
2017-11-26,2,13.6667,1.12,4.33333,83,5.83,13.73,-15.3072,48.9552,286.971,1
2017-11-26,3,12.3333,1.12,3.83333,86,5.45333,13.45,-0.75725,45.2133,286.7,1
2017-11-26,4,10.6667,1.12,3.33333,87,6.77,9.85,5.60674,51.5773,260.0,1
2017-11-26,7,7.5,0.0,2.0,85,20.6233,7.87,18.5677,43.3864,411.429,1
2017-11-26,8,7.16667,0.0,1.5,77,22.4167,17.05,22.1033,46.922,419.571,1
2017-11-26,9,6.5,0.0,1.16667,76,19.5233,15.81,38.4608,33.9876,447.231,1
2017-11-26,10,6.66667,0.0,1.16667,66,18.1633,18.925,34.9252,37.5232,446.4,1
2017-11-26,11,7.5,0.0,1.33333,60,26.7,23.08,23.8194,32.9502,515.2,1
2017-11-26,12,8.83333,0.0,1.66667,53,28.7133,19.96,9.79371,32.0831,437.25,1
2017-11-26,13,10.8333,0.0,2.0,53,27.16,17.62,-10.0054,30.7825,336.96,1
2017-11-26,21,10.1667,0.0,0.5,73,24.6033,1.19,-15.9642,48.541,346.48,1
2017-11-27,1,10.8333,0.0,-0.333333,73,13.9833,10.345,-19.2586,49.4946,267.429,0
2017-11-27,2,11.1667,0.0,-0.333333,75,15.1833,5.83,-13.9011,46.5603,281.455,0
2017-11-27,3,11.5,0.0,-0.5,77,14.5633,5.45333,-17.3452,54.8752,250.364,0
2017-11-27,4,10.8333,0.0,-0.666667,79,16.6967,6.77,-13.0111,55.4119,313.2,0
2017-11-27,5,10.5,0.0,-0.666667,76,22.0567,17.345,-13.0111,62.4119,309.825,0
2017-11-27,6,10.0,0.0,-0.5,80,26.5,28.93,-6.88824,61.6298,310.371,0
2017-11-27,7,10.0,0.0,-0.333333,82,27.39,20.6233,-6.88824,58.6298,300.0,0
2017-11-27,8,10.3333,0.0,-0.333333,78,26.955,22.4167,-10.5152,47.386,340.267,0
2017-11-27,9,11.0,0.0,-0.166667,80,24.06,19.5233,-7.0711,50.0711,296.229,0
2017-11-27,10,12.1667,0.0,0.333333,76,23.31,18.1633,-7.0711,56.0711,287.571,0
2017-11-27,11,12.0,0.0,0.666667,67,22.25,26.7,-12.4286,55.0054,260.945,0
2017-11-27,12,12.6667,0.0,1.16667,62,20.73,28.7133,-5.35752,49.9343,281.455,0
2017-11-27,13,13.3333,0.0,1.66667,63,19.15,27.16,-5.35752,53.9343,251.631,0
2017-11-27,21,16.0,0.0,1.0,62,6.48333,24.6033,-48.9656,20.282,216.847,0
2017-11-27,23,18.1667,0.0,0.666667,70,4.38,17.7933,-12.488,12.6284,236.733,0
2017-11-28,1,22.0,0.0,0.833333,79,4.26,13.9833,51.0,0.0,169.043,0
2017-11-28,2,23.1667,0.0,0.833333,86,4.06,15.1833,58.0,0.0,144.0,0
2017-11-28,3,25.0,0.0,1.0,77,6.18333,14.5633,55.0,0.0,165.0,0
2017-11-28,4,25.8333,0.0,1.16667,76,5.27333,16.6967,51.0,0.0,174.048,0
2017-11-28,5,25.8333,0.0,1.5,83,8.67333,22.0567,74.0,0.0,124.848,0
2017-11-28,6,24.3333,0.0,1.5,77,10.88,26.5,72.0,0.0,139.569,0
2017-11-28,7,22.6667,0.0,1.5,79,6.22,27.39,28.4463,-7.27092,163.409,0
2017-11-28,8,22.6667,0.0,1.5,86,8.39333,26.955,-13.0313,-14.9245,181.409,0
2017-11-28,9,22.0,0.0,1.5,76,7.475,24.06,-59.1283,-24.4915,149.368,0
2017-11-28,10,21.0,0.0,1.66667,72,8.19667,23.31,-61.9,-25.6396,136.74,0
2017-11-28,11,20.8333,0.0,1.83333,69,14.4333,22.25,-26.4224,-17.986,178.608,0
2017-11-28,12,20.8333,0.0,2.33333,72,15.4,20.73,18.6746,-8.41896,183.0,0
2017-11-28,13,20.6667,0.0,2.83333,67,19.6933,19.15,25.5649,-13.4351,179.082,0
2017-11-28,21,18.6667,0.23,2.83333,84,22.7467,6.48333,57.0,0.0,213.496,0
2017-11-29,0,15.5,0.23,2.0,83,13.06,8.9,61.0,0.0,211.68,0
2017-11-29,1,15.0,0.0,1.83333,78,8.94,4.26,59.0,0.0,235.125,0
2017-11-29,2,16.0,0.0,1.66667,89,7.19667,4.06,31.6862,-11.3138,235.125,0
2017-11-29,3,16.5,0.0,1.5,93,12.9667,6.18333,-3.71524,-19.35,180.0,0
2017-11-29,4,17.5,0.0,1.5,84,14.84,5.27333,-48.269,-26.621,189.0,0
2017-11-29,5,18.5,0.0,1.16667,88,14.0567,8.67333,-14.9552,-15.3072,171.943,0
2017-11-29,6,18.3333,0.0,0.833333,91,19.235,10.88,24.4463,-7.27092,168.505,0
2017-11-29,7,18.0,0.0,0.5,90,18.14,6.22,54.0,0.0,229.964,0
2017-11-29,10,16.1667,0.78,0.333333,76,29.3267,8.19667,4.13136,-10.715,216.0,0
2017-11-29,11,15.5,0.78,0.666667,69,29.0933,14.4333,24.0657,-5.35752,221.4,0
2017-11-29,12,16.0,1.08,1.16667,65,37.33,15.4,53.0,0.0,221.0,0
2017-11-29,13,16.5,1.08,1.66667,68,43.9267,19.6933,68.0,0.0,180.0,0
2017-11-29,21,10.0,4.45,1.0,88,46.9333,22.7467,51.0,0.0,366.277,0
2017-11-30,1,9.16667,7.88,0.333333,85,32.99,8.94,25.294,-6.50556,300.0,0
2017-11-30,3,6.33333,8.19,0.166667,98,32.1667,12.9667,15.6746,-8.41896,398.945,0
2017-11-30,21,9.33333,0.0,0.5,89,27.6467,46.9333,41.7659,42.6402,339.2,0
2018-10-02,3,6.16667,0.51,6.83333,96,7.81333,22.9167,2.34853,41.5794,480.0,0
2018-10-02,4,6.16667,0.0,6.66667,93,9.51,25.105,-0.71291,34.9705,480.0,0
2018-10-02,5,6.0,0.0,6.5,91,13.7533,47.7333,-6.36979,32.5794,517.029,0
2018-10-02,6,5.83333,0.0,6.33333,92,8.05667,32.7967,-11.3196,32.1123,520.0,0
2018-10-02,7,6.33333,0.0,6.16667,91,8.27333,14.3167,-15.5622,32.569,501.84,0
2018-10-02,8,7.0,0.0,6.0,90,7.85333,13.4333,-5.28594,36.3125,480.0,0
2018-10-02,9,7.5,0.0,6.0,84,9.12333,12.3933,12.495,44.9475,483.36,0
2018-10-02,10,8.33333,0.0,6.16667,73,8.05,15.7033,16.7376,46.5746,437.25,0
2018-10-02,11,9.5,0.0,6.33333,67,7.635,16.6467,19.7991,49.1835,360.0,0
2018-10-02,12,11.0,0.0,6.66667,61,8.95667,25.85,19.7991,45.1835,333.45,0
2018-10-02,13,13.0,0.0,7.33333,61,15.0367,30.5233,8.402,53.3849,251.6,0
2018-10-02,14,15.0,0.0,7.83333,53,15.06,16.1667,-5.7402,56.8582,199.68,0
2018-10-02,15,16.8333,0.0,8.33333,48,18.0967,17.9267,-5.7402,54.8582,184.08,0
2018-10-02,16,19.3333,0.0,8.83333,48,17.6867,20.6867,0.0,63.0,160.74,0
2018-10-02,19,24.0,0.0,9.33333,55,12.5267,33.62,-20.282,48.9656,165.092,0
2018-10-02,20,24.5,0.0,9.16667,54,10.54,18.87,-36.5456,65.2292,120.0,0
2018-10-03,3,21.1667,0.48,7.5,64,10.25,7.81333,-30.5141,45.6677,240.686,0
2018-10-03,4,19.0,0.48,7.66667,65,11.72,9.51,-40.4137,55.5673,228.686,0
2018-10-03,5,16.8333,0.48,8.0,67,15.9433,13.7533,-35.4388,43.5568,239.4,0
2018-10-03,6,15.1667,0.48,8.16667,71,13.9533,8.05667,-31.6622,48.4394,221.571,0
2018-10-03,7,15.8333,0.99,8.16667,74,13.6033,8.27333,-21.7626,56.5398,187.971,0
2018-10-03,8,16.5,0.99,8.16667,75,15.7767,7.85333,-6.12288,50.7821,220.8,0
2018-10-03,9,19.5,0.51,8.5,67,16.0733,9.12333,0.0,54.0,213.333,0
2018-10-03,10,21.0,0.51,8.83333,64,14.45,8.05,0.0,68.0,120.0,0
2018-10-03,11,23.3333,0.51,9.16667,54,14.0067,7.635,0.0,56.0,165.3,0
2018-10-03,12,25.1667,0.51,9.83333,52,10.3033,8.95667,0.0,54.0,154.0,0
2018-10-03,13,27.1667,0.0,10.5,51,10.2967,15.0367,0.0,59.0,144.84,0
2018-10-03,14,29.1667,0.0,11.3333,52,10.93,15.06,0.0,59.0,141.931,0
2018-10-03,15,28.0,0.0,11.6667,54,11.8267,18.0967,0.0,60.0,140.0,0
2018-10-03,16,28.3333,0.0,11.8333,53,12.8733,17.6867,0.0,55.0,165.0,0
2018-10-03,17,26.6667,0.0,11.8333,59,11.4833,12.18,0.0,51.0,174.048,0
2018-10-03,19,19.1667,0.0,11.0,68,14.8433,12.5267,9.2388,49.8268,232.615,0
2018-10-03,20,16.1667,0.0,10.1667,67,27.1167,10.54,12.9343,51.3575,286.338,0
2018-10-03,22,11.6667,0.0,8.83333,75,29.7167,7.62,22.8339,50.2918,324.0,0
2018-10-04,0,9.16667,0.0,7.66667,78,12.6667,6.77333,22.8339,48.2918,324.48,0
2018-10-04,2,8.33333,0.0,6.83333,77,10.67,9.46,6.36399,53.4699,369.6,0
2018-10-04,3,7.83333,0.0,6.5,75,25.61,10.25,2.12133,57.7125,360.0,0
2018-10-04,4,8.5,0.0,6.33333,75,13.3267,11.72,-5.65688,53.4907,395.229,0
2018-10-04,5,9.33333,0.0,6.0,78,17.9667,15.9433,-20.9139,43.4907,401.85,0
2018-10-04,6,9.33333,0.0,5.66667,72,14.8033,13.9533,-20.9139,48.4907,314.743,0
2018-10-04,8,10.0,0.0,5.66667,80,15.4567,15.7767,-25.1462,33.3298,353.455,0
2018-10-04,9,9.33333,0.0,6.0,72,14.55,16.0733,-28.5903,41.6448,311.564,0
2018-10-04,10,8.33333,0.0,6.33333,74,16.1,14.45,-23.4908,40.3337,387.771,0
2018-10-04,11,8.0,0.0,7.16667,62,13.8367,14.0067,-26.5523,47.7248,360.0,0
2018-10-04,12,9.16667,0.0,8.16667,59,13.83,10.3033,-21.1948,45.7904,384.0,0
2018-10-04,13,10.8333,0.0,9.33333,56,21.4467,10.2967,-14.7276,49.4692,316.2,0
2018-10-04,14,11.0,0.0,10.1667,50,36.6933,10.93,-5.7402,54.8582,253.543,0
2018-10-04,15,12.1667,0.0,11.0,47,44.5767,11.8267,0.0,51.0,281.455,0
2018-10-04,16,13.3333,0.0,11.8333,50,68.1333,12.8733,-5.35752,52.9343,267.429,0
2018-10-04,20,11.0,0.0,11.1667,79,72.5733,27.1167,-14.9245,57.0313,277.714,0
2018-10-05,3,7.5,0.0,5.5,100,31.45,25.61,-7.03904,26.7562,420.0,0
2018-10-05,4,6.83333,0.0,5.0,95,41.5167,13.3267,-5.47514,17.9807,451.0,0
2018-10-05,5,6.83333,0.0,4.33333,100,50.39,17.9667,-6.88936,19.395,477.0,0
2018-10-05,6,6.33333,0.0,3.83333,100,37.7233,14.8033,2.18947,20.6344,496.8,0
2018-10-05,8,5.33333,0.0,3.83333,97,20.53,15.4567,19.9136,21.935,520.8,0
2018-10-05,9,5.5,0.0,3.5,100,20.18,14.55,16.8634,28.4022,538.65,0
2018-10-05,10,7.0,0.0,4.5,73,15.4467,16.1,24.2544,33.3408,569.455,0
2018-10-05,11,7.16667,0.0,5.83333,70,13.3333,13.8367,3.09172,37.5503,528.0,0
2018-10-05,12,7.83333,0.0,7.33333,64,16.9367,13.83,-2.45156,39.8463,480.0,0
2018-10-05,13,8.33333,0.0,9.16667,53,21.7167,21.4467,7.10587,28.4294,419.76,0
2018-10-05,14,11.8333,0.0,11.1667,48,24.98,36.6933,-0.95765,34.8309,360.0,0
2018-10-05,15,14.8333,0.0,13.8333,47,36.4033,44.5767,28.0126,10.611,237.6,0
2018-10-05,16,17.3333,0.0,15.0,49,56.3133,68.1333,3.97912,-9.94968,164.914,0
2018-10-05,20,20.3333,0.0,14.8333,74,50.8667,72.5733,12.8269,-9.18432,204.75,0
2018-10-05,23,16.5,0.0,12.0,68,32.7233,30.57,65.0,0.0,180.0,0
2018-10-06,1,17.3333,0.0,11.3333,66,25.3233,33.4867,28.0657,5.35752,210.189,1
2018-10-06,3,20.0,0.0,11.0,68,32.3467,31.45,64.0,0.0,164.509,1
2018-10-06,4,21.1667,0.0,10.6667,65,38.9433,41.5167,65.0,0.0,137.8,1
2018-10-06,5,21.6667,0.0,10.3333,66,56.73,50.39,73.0,0.0,124.95,1
2018-10-06,6,21.1667,0.0,9.66667,67,58.81,37.7233,33.294,6.50556,157.617,1
2018-10-06,7,21.3333,0.0,9.5,67,48.3,27.2067,29.294,6.50556,194.954,1
2018-10-06,8,20.6667,0.0,9.33333,74,39.31,20.53,22.294,6.50556,201.318,1
2018-10-06,9,19.5,0.0,9.5,68,37.5033,20.18,58.0,0.0,188.779,1
2018-10-06,10,18.0,0.0,10.0,59,34.3333,15.4467,55.0,0.0,210.189,1
2018-10-06,11,20.0,0.0,11.1667,47,35.8933,13.3333,20.294,6.50556,229.14,1
2018-10-06,12,21.5,0.0,12.6667,47,34.5,16.9367,29.294,6.50556,145.8,1
2018-10-06,13,22.3333,0.0,14.0,46,40.37,21.7167,57.0,0.0,151.945,1
2018-10-06,14,22.8333,0.0,15.5,47,39.4433,24.98,52.0,0.0,175.886,1
2018-10-06,15,24.3333,0.0,16.8333,48,58.2567,36.4033,75.0,0.0,134.014,1
2018-10-06,16,26.0,0.0,17.6667,50,63.3133,56.3133,23.903,-9.567,130.0,1
2018-10-06,17,25.6667,0.0,18.0,52,68.1933,56.92,3.903,-9.567,168.192,1
2018-10-06,19,24.0,0.0,17.8333,59,62.53,47.0567,75.0,0.0,129.422,1
2018-10-06,20,21.6667,0.0,17.5,63,57.7767,50.8667,69.0,0.0,159.822,1
2018-10-06,23,18.1667,0.0,15.6667,69,47.7233,32.7233,47.6851,3.44412,220.8,1
2018-10-07,1,19.1667,0.51,14.8333,68,40.44,25.3233,70.0,0.0,140.4,1
2018-10-07,3,21.6667,0.51,14.1667,73,34.62,32.3467,65.0,0.0,163.409,1
2018-10-07,4,20.5,0.51,14.0,72,38.99,38.9433,60.0,0.0,202.8,1
2018-10-07,5,19.6667,0.51,13.6667,76,47.0267,56.73,52.0,0.0,224.824,1
2018-10-07,6,18.8333,0.51,13.3333,74,48.4933,58.81,53.0,0.0,221.0,1
2018-10-07,7,15.5,0.0,13.1667,83,33.61,48.3,53.0,0.0,216.847,1
2018-10-07,8,13.5,0.0,13.0,83,30.9067,39.31,53.0,5.0,249.882,1
2018-10-07,9,11.5,0.0,13.1667,78,31.7033,37.5033,51.0866,9.6194,274.447,1
2018-10-07,10,10.3333,0.0,13.5,72,23.2167,34.3333,31.7905,15.1627,387.2,1
2018-10-07,11,8.33333,0.0,14.0,68,23.93,35.8933,24.7194,22.2338,358.4,1
2018-10-07,12,6.83333,0.0,14.6667,62,28.17,34.5,28.9621,26.4764,360.0,1
2018-10-07,13,7.33333,0.0,15.8333,54,22.16,40.37,19.277,29.9206,460.2,1
2018-10-07,14,7.5,1.7,17.1667,51,23.45,39.4433,26.668,32.982,431.8,1
2018-10-07,15,8.66667,1.7,18.1667,58,28.1533,58.2567,4.42538,28.7393,420.0,1
2018-10-07,16,8.5,1.7,18.8333,58,23.0433,63.3133,-3.37558,8.60182,403.68,1
2018-10-07,17,8.5,3.4,19.5,66,13.0033,68.1933,12.6955,1.53072,385.0,1
2018-10-07,19,10.0,5.94,19.0,79,11.48,62.53,15.3767,-2.32926,386.4,1
2018-10-07,20,11.5,4.24,17.8333,74,11.63,57.7767,27.0104,4.97484,332.215,1
2018-10-07,23,12.3333,2.54,13.3333,75,5.56333,47.7233,50.1074,-2.29608,288.225,1
2018-10-08,1,10.5,0.0,10.5,81,6.49333,40.44,52.3424,-20.024,305.52,0
2018-10-08,3,8.0,0.0,8.83333,78,6.48333,34.62,46.4212,-25.8556,403.015,0
2018-10-08,4,7.16667,0.0,8.16667,86,13.0467,38.99,51.371,-30.8054,384.0,0
2018-10-08,5,6.5,0.0,8.0,78,14.9233,47.0267,42.189,-28.659,463.6,0
2018-10-08,6,6.16667,0.0,7.66667,79,19.9667,48.4933,44.8677,-35.1261,420.0,0
2018-10-08,7,6.0,0.0,7.66667,82,17.81,33.61,42.2097,-37.3389,462.545,0
2018-10-08,8,5.66667,0.0,7.66667,82,21.99,30.9067,37.2599,-32.3891,559.32,0
2018-10-08,9,5.33333,0.0,7.66667,78,21.9433,31.7033,40.0884,-35.2176,561.0,0
2018-10-08,10,5.5,0.0,8.16667,77,15.0967,23.2167,43.6239,-38.7531,540.0,0
2018-10-08,11,5.16667,0.0,8.66667,70,16.3333,23.93,34.3851,-39.9263,540.0,0
2018-10-08,12,4.5,0.0,9.66667,64,17.4067,28.17,35.8496,-36.3908,561.0,0
2018-10-08,13,4.16667,0.0,10.6667,60,28.7967,22.16,28.7756,-30.3992,620.229,0
2018-10-08,14,4.0,0.0,11.6667,62,27.6633,23.45,30.1898,-28.9849,641.829,0
2018-10-08,15,3.83333,0.0,12.8333,59,54.99,28.1533,22.4684,-22.8871,683.7,0
2018-10-08,16,3.83333,0.0,13.8333,52,65.9333,23.0433,23.6399,-20.0587,729.6,0
2018-10-08,17,4.83333,0.0,14.5,59,64.61,13.0033,19.0205,-21.9721,681.943,0
2018-10-08,19,4.66667,0.0,14.1667,72,63.0567,11.48,-2.7502,-17.6263,655.2,0
2018-10-08,20,4.33333,0.0,13.5,82,56.8267,11.63,-3.45731,-18.3334,688.5,0
2018-10-08,23,3.0,0.0,9.83333,95,39.0333,5.56333,-11.1478,-14.5899,746.64,0
2018-10-09,0,3.33333,0.0,8.83333,95,35.56,10.915,-13.9194,-10.7379,801.36,0
2018-10-09,1,4.0,0.0,8.0,92,30.3933,6.49333,-23.1621,-6.49527,749.7,0
2018-10-09,3,5.16667,0.0,6.16667,100,32.2433,6.48333,-25.7229,-4.5981,660.0,0
2018-10-09,4,5.16667,0.0,5.5,97,32.01,13.0467,-18.1035,-2.6847,765.927,0
2018-10-09,5,5.33333,0.0,5.0,98,33.6033,14.9233,-13.1035,-2.6847,736.364,0
2018-10-09,6,5.0,0.0,4.66667,100,33.27,19.9667,-9.10352,-2.6847,720.0,0
2018-10-09,7,5.0,0.0,4.5,100,33.1333,17.81,-4.15375,7.92195,720.0,0
2018-10-09,8,4.66667,0.0,5.0,97,24.8267,21.99,-4.53049,14.078,627.3,0
2018-10-09,9,4.16667,0.0,5.5,100,20.9,21.9433,-5.75885,15.226,674.16,0
2018-10-09,10,4.33333,0.0,7.0,86,19.39,15.0967,-4.83497,15.6087,665.6,0
2018-10-09,11,4.33333,0.0,8.33333,76,24.31,16.3333,-6.30599,20.9994,644.8,0
2018-10-09,12,4.5,0.0,9.66667,73,21.2833,17.4067,1.93667,16.7568,674.16,0
2018-10-09,13,4.66667,0.0,11.3333,71,28.42,28.7967,5.47222,18.2212,674.16,0
2018-10-09,14,5.16667,0.0,13.0,68,51.8633,27.6633,11.6283,17.8445,685.029,0
2018-10-09,15,5.16667,0.0,15.3333,54,64.63,54.99,10.6283,17.8445,674.16,0
2018-10-09,16,5.0,0.0,16.3333,56,74.46,65.9333,9.62828,17.8445,683.7,0
2018-10-09,17,4.66667,0.0,17.3333,56,70.1333,64.61,10.6283,17.8445,655.2,0
2018-10-09,19,4.5,0.0,17.5,74,69.0667,63.0567,16.9874,11.3205,685.44,0
2018-10-09,20,4.0,0.0,17.0,70,57.4133,56.8267,24.8352,8.25908,655.2,0
2018-10-09,23,5.0,0.0,13.1667,94,42.33,39.0333,22.5346,9.37394,699.84,0
2018-10-10,1,4.83333,0.0,11.3333,95,32.84,30.3933,11.8248,6.81004,715.0,0
2018-10-10,3,4.83333,0.0,9.5,95,28.2367,32.2433,9.36031,15.4294,660.0,0
2018-10-10,4,4.16667,0.0,9.0,98,35.6567,32.01,3.82959,19.125,685.44,0
2018-10-10,5,3.33333,0.0,8.66667,95,47.85,33.6033,3.44691,20.0488,720.0,0
2018-10-10,6,3.16667,0.0,8.33333,94,39.0333,33.27,-2.31845,21.8966,720.0,0
2018-10-10,7,3.16667,0.0,7.5,100,37.74,33.1333,-6.43978,24.0179,749.7,0
2018-10-10,8,3.33333,0.0,7.0,100,30.8067,24.8267,-7.9705,22.7134,769.6,0
2018-10-10,9,3.66667,0.0,7.16667,100,41.5,20.9,-13.9705,17.7134,720.0,0
2018-10-10,10,4.5,0.0,8.33333,79,31.8,19.39,-14.6472,10.2568,764.64,0
2018-10-10,11,4.66667,0.0,9.16667,75,32.0933,24.31,-15.5711,6.04729,773.143,0
2018-10-10,12,5.16667,0.0,10.3333,69,26.96,21.2833,-17.6924,3.92596,766.629,0
2018-10-10,13,5.5,0.0,12.6667,68,30.5533,28.42,-8.92915,-4.29608,720.0,0
2018-10-10,14,6.0,0.0,15.1667,55,33.87,51.8633,-9.78594,-19.3826,717.6,0
2018-10-10,15,6.83333,0.0,17.5,40,60.77,64.63,-7.87254,-36.002,581.4,0
2018-10-10,16,8.33333,0.0,18.6667,44,68.4667,74.46,-15.1485,-39.1806,483.36,0
2018-10-10,17,10.1667,0.0,19.6667,74,71.8633,70.1333,-26.7106,-34.3775,360.0,0
2018-10-10,19,13.3333,0.0,19.8333,73,60.7,69.0667,8.97912,-9.94968,198.545,0
2018-10-10,20,13.0,0.0,18.5,84,60.6467,57.4133,32.1418,-5.7402,211.68,0
2018-10-10,23,8.0,0.0,13.8333,72,51.19,42.33,35.4546,-5.13336,364.8,0
2018-10-11,1,4.5,0.0,11.6667,88,36.0,32.84,22.3697,-12.5812,541.895,0
2018-10-11,3,5.83333,0.0,10.3333,80,44.73,28.2367,28.3697,-4.5812,505.768,0
2018-10-11,4,6.16667,0.0,9.83333,89,52.11,35.6567,9.36968,2.4188,599.631,0
2018-10-11,5,6.66667,0.0,9.5,99,73.4967,47.85,4.41991,-2.53097,555.508,0
2018-10-11,6,7.0,0.0,9.16667,100,66.2033,39.0333,-15.0472,0.14779,540.0,0
2018-10-11,7,6.66667,0.0,8.66667,100,51.2633,37.74,2.49811,5.28115,492.9,0
2018-10-11,8,6.0,0.0,8.66667,100,41.1367,30.8067,3.66967,8.10959,505.44,0
2018-10-11,9,5.66667,0.0,9.16667,96,35.85,41.5,7.66967,8.10959,480.0,0
2018-10-11,10,5.83333,0.0,10.1667,72,35.33,31.8,14.5831,12.729,499.8,0
2018-10-11,11,6.0,0.0,11.1667,68,31.62,32.0933,1.19203,9.66755,497.25,0
2018-10-11,12,6.66667,0.0,12.5,60,32.8533,26.96,8.58307,4.72899,480.0,0
2018-10-11,13,8.66667,0.0,15.0,45,34.48,30.5533,24.5328,2.67876,472.457,0
2018-10-11,14,12.1667,0.0,17.1667,41,35.8433,33.87,36.0,0.0,343.2,0
2018-10-11,15,15.1667,0.0,19.0,37,44.6,60.77,52.0,0.0,199.527,0
2018-10-11,16,17.5,0.0,20.1667,41,45.4133,68.4667,64.0,0.0,132.6,0
2018-10-11,17,19.3333,0.0,20.8333,58,64.3133,71.8633,70.0,0.0,145.2,0
2018-10-11,19,20.0,0.0,19.8333,79,52.1267,60.7,59.0,0.0,195.873,0
2018-10-11,20,17.3333,0.0,18.5,83,42.67,60.6467,72.0,0.0,180.0,0
2018-10-11,23,11.1667,0.0,15.0,65,37.5,51.19,27.0282,-9.101,328.0,0
2018-10-12,1,10.5,0.0,14.0,60,36.3333,36.0,-5.50248,-22.0081,321.6,0
2018-10-12,3,12.0,0.0,13.6667,66,33.31,44.73,-44.0948,-25.1528,246.4,0
2018-10-12,4,13.5,0.0,13.1667,70,53.24,52.11,-50.8134,-21.0474,245.1,0
2018-10-12,5,13.5,0.0,12.8333,78,62.29,73.4967,-22.7268,-16.4552,220.0,0
2018-10-12,6,13.0,0.0,12.5,78,57.1767,66.2033,-17.1836,-14.1592,284.612,0
2018-10-12,7,12.1667,0.0,12.3333,86,49.6167,51.2633,-23.5475,-20.5231,274.447,0
2018-10-12,8,12.0,0.0,12.3333,84,49.7467,41.1367,-17.0804,-17.8444,294.0,0
2018-10-12,9,13.0,0.0,12.6667,74,42.6667,35.85,-21.6998,-19.7578,292.518,0
2018-10-12,10,12.6667,0.0,13.3333,64,39.1567,35.33,-13.3849,-16.3137,258.4,0
2018-10-12,11,16.5,0.0,14.3333,56,39.15,31.62,7.97912,-9.94968,199.68,0
2018-10-12,12,20.5,0.0,15.3333,52,41.995,32.8533,64.0,0.0,138.424,0
2018-10-12,13,23.3333,0.0,16.5,48,45.5667,34.48,65.0,0.0,123.113,0
2018-10-12,14,24.3333,0.0,17.8333,44,45.3167,35.8433,60.0,0.0,148.655,0
2018-10-12,15,24.6667,0.0,18.8333,41,60.1733,44.6,39.6746,-8.41896,124.255,0
2018-10-12,16,25.0,0.0,19.5,46,64.1733,45.4133,25.6746,-8.41896,165.2,0
2018-10-12,17,22.8333,0.0,19.5,56,68.6167,64.3133,15.6746,-8.41896,202.473,0
2018-10-12,20,16.8333,0.0,17.8333,74,67.2767,42.67,16.4463,-7.27092,225.095,0
2018-10-12,23,11.8333,0.0,14.3333,72,39.7633,37.5,9.2836,-11.4804,256.168,0
2018-10-13,1,7.83333,0.0,12.5,78,34.0433,36.3333,27.7612,-3.8268,385.12,1
2018-10-13,3,5.16667,0.0,10.6667,86,33.2133,33.31,35.1522,-0.76536,420.0,1
2018-10-13,4,4.0,0.0,9.83333,86,42.5633,53.24,22.2736,1.35597,548.7,1
2018-10-13,5,4.33333,0.0,9.16667,95,49.2367,62.29,25.102,5.05149,555.5,1
2018-10-13,6,4.0,0.0,8.33333,100,54.2733,57.1767,18.6453,7.34757,630.12,1
2018-10-13,7,4.0,0.0,7.66667,93,54.27,49.6167,21.4169,8.49561,645.12,1
2018-10-13,8,3.83333,0.0,7.33333,100,44.2567,49.7467,16.7975,10.409,618.12,1
2018-10-13,9,4.33333,0.0,7.5,100,43.8067,42.6667,4.94977,11.1744,785.455,1
2018-10-13,10,5.16667,0.0,8.66667,70,47.7933,39.1567,0.70711,15.417,736.364,1
2018-10-13,11,4.83333,0.0,9.66667,66,37.84,39.15,6.25039,24.6013,699.84,1
2018-10-13,12,5.5,0.0,11.3333,62,31.66,41.995,10.2504,24.6013,660.0,1
2018-10-13,13,6.5,0.0,13.5,47,28.4033,45.5667,1.01159,27.7745,632.4,1
2018-10-13,14,10.1667,0.0,16.0,41,34.2567,45.3167,-16.8725,16.6002,540.6,1
2018-10-13,15,13.1667,0.0,18.3333,36,49.7,60.1733,-36.6507,-2.94968,288.0,1
2018-10-13,16,14.1667,0.0,19.3333,37,70.2767,64.1733,-8.3358,-13.3938,136.145,1
2018-10-13,17,16.3333,0.0,20.0,57,76.0267,68.6167,16.8269,-9.18432,179.95,1
2018-10-13,20,16.3333,0.0,18.0,81,61.1067,67.2767,63.0,0.0,195.52,1
2018-10-13,23,9.33333,0.0,13.1667,79,53.9867,39.7633,31.8373,-4.20948,363.825,1
2018-10-14,3,6.16667,0.0,10.5,69,31.02,33.2133,25.2368,-16.8268,470.88,1
2018-10-14,4,6.66667,0.0,10.6667,70,31.51,42.5633,7.17532,-24.2178,522.327,1
2018-10-14,5,8.33333,0.0,10.8333,75,41.99,49.2367,4.17532,-24.2178,517.0,1
2018-10-14,6,10.1667,0.0,11.3333,73,31.6667,54.2733,2.32756,-24.9832,360.0,1
2018-10-14,7,10.5,0.0,11.6667,74,43.4833,54.27,-24.3742,-26.421,313.6,1
2018-10-14,8,12.3333,0.0,12.1667,73,48.7933,44.2567,-28.0012,-25.1772,291.6,1
2018-10-14,9,14.5,0.0,12.5,68,39.4667,43.8067,-51.4173,-25.4397,223.385,1
2018-10-14,10,15.3333,0.0,13.0,60,33.66,47.7933,-44.9502,-22.761,205.32,1
2018-10-14,11,18.6667,0.0,14.3333,49,33.1133,37.84,-24.8791,-15.6899,221.76,1
2018-10-14,12,21.0,0.0,15.6667,45,30.2967,31.66,26.5985,-8.03628,141.943,1
2018-10-14,13,25.1667,0.0,17.0,42,28.1667,28.4033,62.0,0.0,139.418,1
2018-10-14,14,27.1667,0.0,18.1667,41,26.86,34.2567,64.0,0.0,118.345,1
2018-10-14,15,28.0,0.0,19.1667,42,26.4,49.7,67.0,0.0,123.566,1
2018-10-14,16,29.0,0.0,19.8333,44,32.9733,70.2767,58.0,0.0,155.4,1
2018-10-14,17,27.0,0.0,19.5,57,28.2733,76.0267,77.0,0.0,142.312,1
2018-10-14,19,23.3333,0.0,18.5,47,31.2367,65.9267,63.0,0.0,155.621,1
2018-10-14,20,20.1667,0.0,17.3333,43,32.6633,61.1067,63.0,0.0,165.714,1
2018-10-14,22,19.0,0.0,15.6667,42,33.27,48.35,51.0,0.0,240.505,1
2018-10-15,4,22.5,0.0,13.6667,50,39.66,31.51,62.0,0.0,162.0,0
2018-10-15,5,24.3333,0.0,13.5,48,44.85,41.99,55.0,0.0,154.015,0
2018-10-15,6,25.0,0.0,13.3333,45,33.03,31.6667,60.0,0.0,137.048,0
2018-10-15,7,27.1667,0.0,13.1667,46,42.7833,43.4833,59.0,0.0,147.716,0
2018-10-15,8,29.0,0.0,13.1667,48,40.32,48.7933,60.0,0.0,134.057,0
2018-10-15,9,29.3333,0.0,13.3333,45,40.8933,39.4667,60.0,0.0,145.8,0
2018-10-15,10,27.6667,0.0,13.6667,43,37.1733,33.66,56.0,0.0,154.286,0
2018-10-15,11,29.3333,0.0,14.5,37,36.9367,33.1133,75.0,0.0,134.014,0
2018-10-15,12,30.5,0.0,15.3333,36,39.5267,30.2967,60.0,0.0,104.337,0
2018-10-15,13,31.3333,0.0,16.3333,37,36.65,28.1667,76.0,0.0,106.537,0
2018-10-15,14,31.6667,0.0,17.1667,39,48.1533,26.86,72.0,0.0,103.68,0
2018-10-15,16,31.6667,0.0,18.8333,38,47.7433,32.9733,57.0,0.0,154.76,0
2018-10-15,17,27.6667,0.0,18.8333,41,57.26,28.2733,77.0,0.0,133.56,0
2018-10-15,19,21.8333,0.0,18.0,46,48.67,31.2367,57.0,0.0,200.34,0
2018-10-15,20,18.3333,0.0,17.1667,46,46.84,32.6633,54.0,0.0,209.012,0
2018-10-16,4,15.5,0.0,13.5,48,45.2567,39.66,62.0,0.0,230.4,0
2018-10-16,5,15.3333,0.0,13.3333,46,61.37,44.85,58.0,0.0,261.979,0
2018-10-16,6,14.3333,0.0,13.0,49,68.5233,33.03,54.0,0.0,255.2,0
2018-10-16,7,14.0,0.0,12.8333,45,49.9467,42.7833,29.9896,4.97484,245.1,0
2018-10-16,8,13.8333,0.0,12.8333,50,42.0333,40.32,34.9896,4.97484,220.0,0
2018-10-16,9,14.1667,0.0,13.0,50,35.24,40.8933,30.9896,4.97484,254.88,0
2018-10-16,10,13.6667,0.0,13.3333,49,36.84,37.1733,29.9896,4.97484,251.631,0
2018-10-16,11,14.5,0.0,14.0,40,35.68,36.9367,54.0,0.0,284.612,0
2018-10-16,12,17.0,0.0,15.0,37,38.8333,39.5267,18.5224,-7.6536,217.964,0
2018-10-16,13,19.0,0.0,16.0,37,46.3133,36.65,21.5224,-7.6536,135.2,0
2018-10-16,14,20.5,0.0,17.1667,38,52.46,48.1533,57.0,0.0,149.1,0
2018-10-16,16,22.3333,0.0,18.8333,42,62.5867,47.7433,67.0,0.0,179.586,0
2018-10-16,17,21.5,0.0,18.8333,48,72.2633,57.26,57.0,0.0,200.34,0
2018-10-16,19,17.0,0.0,17.6667,58,60.2233,48.67,39.0657,-5.35752,194.133,0
2018-10-16,20,16.1667,0.0,16.8333,55,55.9133,46.84,6.2836,-11.4804,215.368,0
2018-10-16,23,13.0,0.0,13.8333,59,45.3767,39.0167,22.2179,-6.12288,288.225,0
2018-10-17,1,11.1667,0.0,12.6667,60,46.3,34.1333,56.0,0.0,325.68,0
2018-10-17,3,9.66667,0.0,11.8333,64,43.82,35.52,52.0,0.0,334.08,0
2018-10-17,4,9.0,0.0,11.6667,61,55.3667,45.2567,46.4567,2.29608,324.48,0
2018-10-17,6,7.33333,0.0,10.5,89,73.2933,68.5233,26.294,6.50556,385.745,0
2018-10-17,7,6.16667,0.0,10.0,86,56.4167,49.9467,11.5985,8.03628,453.6,0
2018-10-17,8,5.16667,0.0,9.66667,76,46.3667,42.0333,15.5985,8.03628,452.4,0
2018-10-17,9,5.16667,0.0,9.0,87,45.5067,35.24,13.1418,10.3324,522.327,0
2018-10-17,10,5.33333,0.0,9.5,63,40.9367,36.84,17.3845,14.575,495.164,0
2018-10-17,11,5.5,0.0,10.1667,60,40.22,35.68,13.3845,14.575,571.2,0
2018-10-17,12,5.83333,0.0,11.5,57,39.87,38.8333,19.3845,14.575,540.0,0
2018-10-17,13,6.83333,0.0,13.1667,43,37.87,46.3133,13.3845,14.575,540.0,0
2018-10-17,14,9.66667,0.0,14.8333,43,56.0133,52.46,17.3999,2.91176,501.84,0
2018-10-17,15,11.6667,0.0,17.0,39,69.05,63.19,34.9289,-7.0711,311.143,0
2018-10-17,16,13.6667,0.0,18.0,41,80.8533,62.5867,33.9289,-7.0711,205.32,0
2018-10-17,17,15.0,0.0,18.8333,53,86.1267,72.2633,60.0,0.0,193.93,0
2018-10-17,19,16.0,0.0,18.5,76,65.4633,60.2233,35.0657,-5.35752,224.0,0
2018-10-17,20,14.3333,0.0,17.3333,78,59.9833,55.9133,28.0657,-5.35752,286.989,0
2018-10-17,23,11.0,0.0,12.6667,79,49.05,45.3767,41.609,-3.06144,282.764,0
2018-10-18,1,8.33333,0.0,10.3333,82,43.33,46.3,25.393,-12.1971,335.345,0
2018-10-18,4,5.0,0.23,8.5,90,55.3933,55.3667,19.7195,-5.3339,473.538,0
2018-10-18,7,5.0,0.23,6.5,93,54.33,56.4167,1.55684,-9.54338,570.514,0
2018-10-18,8,4.66667,0.23,6.33333,95,50.4,46.3667,-17.0626,-7.62998,635.25,0
2018-10-18,9,4.66667,0.23,6.0,100,45.1133,45.5067,-18.9103,-6.86462,659.85,0
2018-10-18,10,4.66667,0.0,7.0,73,45.51,40.9367,-11.5193,-8.80318,737.2,0
2018-10-18,11,4.5,0.0,8.33333,66,43.8533,40.22,-15.7619,-4.56052,680.0,0
2018-10-18,13,3.83333,0.0,11.3333,51,56.9567,37.87,-15.2222,0.98131,693.6,0
2018-10-18,14,4.16667,0.0,13.1667,48,73.23,56.0133,-9.40534,-2.67074,688.5,0
2018-10-18,15,4.16667,0.0,15.6667,45,84.89,69.05,-8.53826,-7.0299,711.36,0
2018-10-18,16,4.16667,0.0,16.6667,49,92.6867,80.8533,-8.53826,-10.8567,731.4,0
2018-10-18,17,4.66667,0.0,17.6667,52,89.4067,86.1267,-7.23764,-4.31796,711.36,0
2018-10-18,19,6.0,0.0,17.8333,65,80.5433,65.4633,-7.94861,6.63181,642.6,0
2018-10-18,20,6.33333,0.0,16.8333,74,72.25,59.9833,-3.03941,3.47541,626.4,0
2018-10-19,4,3.66667,0.0,8.5,100,64.06,55.3933,15.8965,0.99647,729.6,0
2018-10-19,5,4.0,0.0,8.0,97,61.4267,70.5833,18.7249,4.69199,704.229,0
2018-10-19,7,4.33333,0.51,7.33333,100,72.2133,54.33,23.0553,-4.34438,812.25,0
2018-10-19,8,4.33333,0.51,7.0,100,62.8333,50.4,25.8837,-0.64886,787.05,0
2018-10-19,9,4.0,0.51,6.5,100,56.7367,45.1133,26.5178,8.2729,847.0,0
2018-10-19,10,4.5,0.51,7.0,90,62.0533,45.51,29.2894,9.42094,832.0,0
2018-10-19,11,4.83333,0.51,7.5,86,57.2633,43.8533,29.9254,15.7849,754.8,0
2018-10-19,13,5.5,0.0,9.33333,81,63.71,56.9567,23.6794,4.31859,627.3,0
2018-10-19,14,5.83333,0.0,10.6667,75,62.0533,73.23,25.0936,-2.75251,600.0,0
2018-10-19,15,6.83333,0.0,12.1667,71,76.4233,84.89,23.2652,-6.44803,610.56,0
2018-10-19,16,7.0,0.23,12.6667,70,76.21,92.6867,30.2486,-14.7254,530.4,0
2018-10-19,17,7.0,0.23,13.0,79,79.4067,89.4067,29.3815,-25.6085,448.8,0
2018-10-19,19,7.0,0.23,12.6667,87,88.27,80.5433,24.9674,-39.6909,437.143,0
2018-10-19,20,6.66667,0.23,12.0,94,87.4167,72.25,33.4527,-38.2767,457.6,0
2018-10-20,3,3.33333,0.51,8.83333,85,55.3333,60.0433,31.0967,-33.1101,680.0,1
2018-10-20,4,2.66667,0.51,8.66667,88,56.1633,64.06,28.7327,-26.7461,767.25,1
2018-10-20,5,2.66667,0.0,8.5,91,45.5367,61.4267,29.7327,-26.7461,810.0,1
2018-10-20,6,3.0,0.25,8.5,88,29.1333,68.6333,24.0758,-16.0893,864.0,1
2018-10-20,7,3.66667,0.25,8.66667,88,20.6667,72.2133,24.0758,-14.0893,879.429,1
2018-10-20,8,3.83333,0.25,8.66667,95,13.0333,62.8333,14.9299,-4.94335,879.429,1
2018-10-20,9,4.0,0.25,8.66667,91,19.35,56.7367,18.6254,-3.41263,840.0,1
2018-10-20,10,5.0,0.25,8.83333,83,19.9733,62.0533,11.3273,4.96793,840.0,1
2018-10-20,11,5.33333,0.25,9.16667,87,20.2933,57.2633,12.4957,14.0468,829.44,1
2018-10-20,12,6.33333,0.0,9.5,80,21.5167,58.215,17.5823,18.6662,773.76,1
2018-10-20,13,5.83333,0.0,9.83333,74,24.2033,63.71,17.852,18.956,600.0,1
2018-10-20,14,6.5,0.0,10.1667,67,18.5,62.0533,16.1716,13.3559,600.0,1
2018-10-20,15,7.16667,0.0,10.5,64,18.57,76.4233,3.78052,5.29444,480.0,1
2018-10-20,16,7.33333,0.0,10.8333,54,30.5633,76.21,1.93276,-2.82844,468.0,1
2018-10-20,17,7.83333,0.0,10.6667,58,34.1667,79.4067,10.2477,-3.21112,460.8,1
2018-10-20,19,9.0,0.0,9.5,53,46.4467,88.27,5.61486,-15.8255,437.25,1
2018-10-20,20,9.33333,0.0,8.5,59,45.6333,87.4167,14.0523,-16.0585,356.4,1
2018-10-20,23,7.66667,0.0,5.66667,64,32.9233,70.585,44.9105,-10.3183,403.68,1
2018-10-21,3,4.66667,0.51,4.66667,67,13.6167,55.3333,51.8532,14.0611,515.631,1
2018-10-21,4,4.5,0.51,4.83333,69,17.6967,56.1633,50.439,15.4753,553.385,1
2018-10-21,5,4.66667,0.51,5.16667,72,21.9667,45.5367,55.439,15.4753,540.0,1
2018-10-21,6,4.5,0.58,5.5,76,24.33,29.1333,40.5256,10.8559,627.0,1
2018-10-21,7,4.5,0.58,5.83333,77,24.9167,20.6667,36.99,7.32033,600.0,1
2018-10-21,8,4.83333,0.58,6.0,79,33.7433,13.0333,31.99,7.32033,641.829,1
2018-10-21,9,5.33333,1.11,6.0,81,27.3267,19.35,18.5229,4.64157,622.2,1
2018-10-21,10,5.66667,1.11,6.16667,86,14.8567,19.9733,8.36017,0.43209,600.0,1
2018-10-21,11,5.66667,1.11,6.5,84,13.3067,20.2933,7.75623,-10.1848,635.04,1
2018-10-21,12,6.33333,0.53,7.0,74,15.67,21.5167,8.13683,-12.0982,635.04,1
2018-10-21,13,7.0,0.53,7.5,68,28.9,24.2033,11.2956,-21.7899,524.16,1
2018-10-21,14,7.33333,0.53,8.0,71,36.3733,18.5,16.524,-20.6146,483.36,1
2018-10-21,15,7.66667,0.0,8.66667,62,54.6533,18.57,23.3744,-20.5231,460.8,1
2018-10-21,16,7.16667,0.0,9.0,64,75.1033,30.5633,32.5203,-24.3116,440.64,1
2018-10-21,17,7.33333,0.0,9.0,74,80.685,34.1667,36.5203,-24.3116,420.0,1
2018-10-21,19,5.5,0.0,8.16667,84,69.3967,46.4467,42.4508,-27.4976,440.64,1
2018-10-21,20,4.16667,0.0,7.5,89,70.1733,45.6333,39.4508,-27.4976,549.067,1
2018-10-21,23,2.5,0.0,4.83333,98,52.5067,32.9233,38.9096,-26.0388,676.8,1
2018-10-22,1,3.16667,0.0,3.0,100,39.5633,24.0533,26.0651,-11.0295,700.267,0
2018-10-22,3,3.33333,0.0,1.83333,98,35.5667,13.6167,19.9024,-6.82004,828.667,0
2018-10-22,4,3.83333,0.0,1.16667,100,38.02,17.6967,18.9786,-6.43736,871.2,0
2018-10-22,5,3.66667,0.0,0.833333,100,36.6567,21.9667,15.6636,-2.99324,931.2,0
2018-10-22,6,3.16667,0.0,0.666667,100,34.37,24.33,12.892,-1.8452,917.657,0
2018-10-22,7,3.5,0.0,0.666667,100,33.2333,24.9167,6.51772,6.15268,938.1,0
2018-10-22,9,5.0,0.0,1.16667,89,24.1,27.3267,12.2751,10.3953,840.0,0
2018-10-22,10,5.16667,0.0,2.16667,81,27.15,14.8567,3.52839,17.6832,720.0,0
2018-10-22,11,5.33333,0.0,3.16667,69,25.2667,13.3067,2.15619,20.8438,660.0,0
2018-10-22,12,5.5,0.0,4.33333,63,26.5467,15.67,2.15619,20.8438,726.857,0
2018-10-22,13,5.5,0.0,5.66667,60,37.8733,28.9,12.106,15.894,717.6,0
2018-10-22,14,5.16667,0.0,7.16667,60,44.6567,36.3733,16.8776,14.746,635.04,0
2018-10-22,15,5.5,0.0,8.66667,50,52.44,54.6533,17.8776,14.746,571.2,0
2018-10-22,16,5.16667,0.0,9.66667,57,44.8933,75.1033,30.3448,12.0672,583.0,0
2018-10-22,17,5.0,0.0,10.3333,82,21.57,80.685,34.3448,12.0672,561.0,0
2018-10-22,19,6.33333,0.48,11.1667,67,10.8033,69.3967,23.1164,19.9192,566.1,0
2018-10-23,3,7.5,0.0,5.83333,84,24.235,35.5667,32.0831,28.2416,409.867,0
2018-10-23,4,6.0,0.0,5.16667,85,36.4767,38.02,34.2044,31.0133,432.667,0
2018-10-23,5,4.66667,0.0,4.66667,77,20.58,36.6567,34.2044,36.0133,420.0,0
2018-10-23,6,4.66667,0.0,4.33333,79,24.14,34.37,38.4471,31.2559,526.971,0
2018-10-23,7,5.66667,0.0,4.16667,85,22.3133,33.2333,28.5475,30.3564,599.4,0
2018-10-23,9,10.1667,0.0,4.16667,79,23.4833,24.1,4.6762,40.8716,420.0,0
2018-10-23,10,11.8333,0.0,4.5,85,26.1067,27.15,-7.91978,45.9193,240.0,0
2018-10-23,11,14.1667,0.0,5.0,74,27.3667,25.2667,-22.7691,43.2832,202.8,0
2018-10-23,12,18.1667,0.23,5.66667,69,26.7367,26.5467,-31.2544,40.4548,224.824,0
2018-10-23,13,22.0,0.23,6.33333,66,24.2033,37.8733,-14.1422,47.1422,148.74,0
2018-10-23,14,23.3333,0.23,7.0,66,17.1433,44.6567,0.0,64.0,130.473,0
2018-10-23,15,25.1667,0.23,7.5,68,18.7167,52.44,-9.18432,53.1731,167.69,0
2018-10-23,16,28.5,2.49,7.83333,75,16.4967,44.8933,-19.8994,48.0418,165.6,0
2018-10-23,17,31.3333,3.73,8.0,81,10.49,21.57,-24.1088,58.2044,119.786,0
2018-10-23,19,33.3333,5.53,8.0,81,6.31667,10.8033,-14.1592,71.1836,102.162,0
2018-10-24,2,40.5,6.89,8.0,95,3.23333,43.29,-12.6284,64.488,120.6,0
2018-10-24,3,40.6667,9.94,8.0,92,6.92,24.235,-12.6284,78.488,66.1818,0
2018-10-24,4,35.6667,12.2,7.83333,86,9.25,36.4767,0.0,90.0,81.2,0
2018-10-24,5,32.5,12.2,7.66667,84,14.5,20.58,0.0,56.0,191.657,0
2018-10-24,6,31.3333,12.2,7.66667,83,11.7433,24.14,16.9706,72.9706,170.057,0
2018-10-24,8,27.6667,6.73,7.5,79,12.2233,24.17,42.4266,48.2794,131.022,0
2018-10-24,9,28.0,3.68,7.33333,78,8.76667,23.4833,41.7195,47.3555,153.382,0
2018-10-24,10,30.6667,0.63,7.16667,74,14.6433,26.1067,59.0356,40.8588,82.7077,0
2018-10-24,11,32.8333,0.63,7.0,69,12.6633,27.3667,61.864,38.0512,122.182,0
2018-10-24,12,35.0,0.63,7.16667,59,14.76,26.7367,55.3969,35.3725,108.36,0
2018-10-24,13,36.0,0.63,7.33333,58,10.4867,24.2033,71.1388,29.4664,91.4595,0
2018-10-24,14,38.0,0.0,7.5,61,14.1067,17.1433,75.9552,15.3072,93.33,0
2018-10-24,15,38.5,0.0,7.5,53,14.2,18.7167,65.8702,26.8702,97.2923,0
2018-10-24,16,39.1667,0.0,7.5,55,14.3733,16.4967,70.2925,44.8561,68.6211,0
2018-10-24,17,36.0,0.0,7.33333,59,16.5067,10.49,74.8343,30.9971,106.162,0
2018-10-24,20,25.8333,0.0,5.66667,56,27.33,5.45,54.5089,22.5781,177.0,0
2018-10-25,0,12.1667,0.0,3.83333,65,9.6,4.55,45.363,31.3665,303.709,0
2018-10-25,1,9.66667,0.0,3.5,68,12.0533,3.90333,25.0376,31.9476,378.88,0
2018-10-25,2,9.0,0.0,3.5,67,9.56667,3.23333,25.0376,38.9476,373.92,0
2018-10-25,3,8.33333,0.0,3.33333,81,14.19,6.92,11.1794,44.2074,419.68,0
2018-10-25,4,9.33333,1.12,3.33333,85,10.14,9.25,6.96996,54.37,360.0,0
2018-10-25,5,10.3333,2.24,3.66667,85,9.1,14.5,-11.0977,53.7925,314.743,0
2018-10-25,6,10.8333,2.24,4.16667,89,11.94,11.7433,-8.41896,51.3254,296.229,0
2018-10-25,8,13.6667,3.86,5.0,93,6.41333,12.2233,-4.20948,52.1627,259.418,0
2018-10-25,9,15.5,4.67,6.0,87,7.75333,8.76667,-6.88824,58.6298,205.477,0
2018-10-25,10,16.5,3.78,6.83333,87,7.19667,14.6433,-6.88824,55.6298,186.353,0
2018-10-25,11,16.8333,2.66,7.66667,84,9.4,12.6633,-6.88824,55.6298,191.133,0
2018-10-25,12,18.8333,2.66,8.5,80,12.76,14.76,10.6066,52.8582,229.964,0
2018-10-25,13,20.3333,1.85,9.33333,84,11.46,10.4867,10.6066,54.8582,193.765,0
2018-10-25,14,21.8333,1.04,10.1667,79,13.0033,14.1067,10.6066,63.8582,120.0,0
2018-10-25,15,22.3333,0.23,10.5,76,17.4,14.2,0.0,53.0,165.092,0
2018-10-25,16,22.8333,0.25,10.8333,77,13.4467,14.3733,17.6777,50.097,173.333,0
2018-10-25,17,23.0,0.48,10.8333,81,17.5367,16.5067,17.6777,70.097,144.222,0
2018-10-25,18,21.6667,0.71,10.6667,82,14.1667,15.6033,17.6777,59.097,196.608,0
2018-10-25,20,18.0,0.71,10.1667,81,9.29333,27.33,0.0,69.0,186.66,0
2018-10-25,22,16.1667,0.46,9.5,85,11.2667,37.0667,0.0,51.0,232.941,0
2018-10-25,23,15.8333,0.84,9.33333,79,10.2033,22.46,-5.35752,63.9343,194.541,0
