data,timeofday,windspeed6,opady6,temp6,rhumid,index_avg,prev_index_avg,wind_dir_ns,wind_dir_ew,dispel50,is_weekend
2017-11-01,1,11.6667,0.0,5.5,96,5.36,7.17,24.7488,56.3358,270.3,1
2017-11-01,3,12.0,0.46,6.0,93,18.12,8.9,33.9413,55.3462,260.945,1
2017-11-01,7,12.6667,0.46,6.83333,93,26.96,25.09,0.0,51.0,291.877,1
2017-11-01,9,13.1667,0.0,7.0,88,23.56,19.2,-10.3324,49.9448,281.538,1
2017-11-01,10,13.8333,0.0,7.0,85,13.01,14.73,-10.3324,50.9448,265.5,1
2017-11-01,11,14.5,0.48,7.16667,84,16.42,13.8,-16.8379,54.6507,216.0,1
2017-11-01,12,15.1667,0.48,7.33333,83,10.8,13.24,-18.7513,59.2701,195.52,1
2017-11-01,13,16.0,0.48,7.66667,83,12.06,20.33,-19.134,60.194,180.0,1
2017-11-01,14,16.3333,0.48,8.0,83,17.41,21.66,-25.6396,61.9,180.0,1
2017-11-01,15,16.8333,0.48,8.33333,83,21.21,26.09,-25.6396,61.9,180.0,1
2017-11-01,17,17.0,0.0,8.83333,89,2.61,11.14,-19.5167,47.1179,232.941,1
2017-11-02,0,21.5,0.46,9.5,89,17.33,6.39,0.0,52.0,173.333,0
2017-11-02,1,22.3333,1.22,9.66667,87,21.04,5.36,0.0,74.0,134.267,0
2017-11-02,2,23.1667,1.22,9.83333,91,13.31,6.46,0.0,68.0,155.952,0
2017-11-02,3,23.1667,0.99,10.0,92,11.74,18.12,0.0,65.0,158.564,0
2017-11-02,4,22.6667,0.99,10.0,92,7.95,22.25,0.0,65.0,153.6,0
2017-11-02,5,22.5,1.52,9.83333,93,7.54,13.6,-9.18432,66.1731,141.382,0
2017-11-02,6,22.6667,1.52,9.66667,93,8.01,23.3,-18.3686,66.3462,130.473,0
2017-11-02,7,22.5,0.76,9.5,92,7.61,26.96,-27.1703,65.5955,135.15,0
2017-11-02,8,22.1667,1.24,9.33333,91,8.96,28.0,-25.6396,61.9,156.75,0
2017-11-02,9,21.8333,1.24,9.16667,87,6.09,23.56,-24.1088,58.2044,175.304,0
2017-11-02,10,21.5,1.24,9.0,87,3.94,13.01,-22.9608,55.4328,180.0,0
2017-11-02,12,21.3333,1.09,9.16667,87,13.56,10.8,-25.2569,60.9761,142.56,0
2017-11-02,13,21.6667,1.09,9.16667,89,11.45,12.06,-26.0222,62.8238,141.382,0
2017-11-02,14,21.5,0.89,9.16667,90,17.97,17.41,-17.6033,64.4985,151.2,0
2017-11-02,15,21.3333,0.89,9.16667,90,11.22,21.21,-8.41896,61.3254,170.564,0
2017-11-02,17,19.3333,0.89,9.16667,85,2.63,2.61,0.0,55.0,210.189,0
2017-11-02,21,16.1667,0.28,8.5,87,6.31,11.82,24.0417,63.4119,187.2,0
2017-11-03,0,14.3333,2.04,8.0,88,25.41,17.33,29.6986,54.803,243.6,0
2017-11-03,1,13.3333,2.04,8.0,87,30.41,21.04,29.6986,50.803,267.429,0
2017-11-03,2,12.5,2.29,7.83333,88,28.07,13.31,36.7697,60.0418,240.0,0
2017-11-03,3,11.6667,2.54,7.66667,88,18.95,11.74,34.6484,54.8857,268.029,0
2017-11-03,4,10.6667,2.54,7.33333,89,10.87,7.95,33.0638,45.3955,318.171,0
2017-11-03,6,9.16667,0.5,6.66667,89,28.91,8.01,39.1642,32.4611,345.6,0
2017-11-03,7,9.0,1.01,6.33333,89,22.27,7.61,48.1642,20.4611,363.0,0
2017-11-03,8,8.66667,0.76,6.16667,87,13.0,8.96,47.4571,17.5863,385.527,0
2017-11-03,12,9.16667,0.51,7.5,71,8.02,13.56,41.07,21.8696,366.667,0
2017-11-03,13,9.5,0.0,8.0,69,23.65,11.45,28.2431,31.1083,352.8,0
2017-11-03,14,9.66667,0.0,8.5,73,48.6,17.97,17.6697,34.907,325.867,0
2017-11-03,15,10.0,0.0,8.83333,76,69.13,11.22,5.52796,40.7017,324.48,0
2017-11-03,16,11.0,0.0,9.0,76,63.45,5.49,-11.8631,49.6403,326.8,0
2017-11-03,17,11.5,0.0,9.0,85,34.8,2.63,-11.8631,54.6403,273.48,0
2017-11-03,21,9.83333,0.0,8.0,82,10.19,6.31,-6.12288,60.7821,300.0,0
2017-11-04,0,10.5,0.0,6.66667,79,9.96,25.41,-14.1592,54.1836,313.65,1
2017-11-04,1,11.1667,0.0,6.16667,79,10.74,30.41,-20.9973,48.6921,278.25,1
2017-11-04,2,11.3333,0.0,6.0,80,11.77,28.07,-22.528,52.3876,240.0,1
2017-11-04,3,11.6667,0.0,5.66667,83,18.51,18.95,-27.3988,47.5168,270.3,1
2017-11-04,4,11.1667,0.0,5.5,86,18.63,10.87,-32.9693,40.6397,280.8,1
2017-11-04,6,10.5,0.0,4.83333,84,32.03,28.91,-37.212,32.8824,348.0,1
2017-11-04,7,10.3333,0.0,4.66667,84,30.55,22.27,-40.398,29.574,340.267,1
2017-11-04,11,12.1667,0.0,5.33333,81,22.99,1.0,-53.0483,26.5295,250.364,1
2017-11-04,12,12.8333,0.0,6.16667,75,17.65,8.02,-47.1179,19.5167,286.7,1
2017-11-04,13,13.3333,0.0,7.16667,73,19.82,23.65,-21.0313,14.9245,255.2,1
2017-11-04,14,13.1667,0.0,8.16667,74,35.14,48.6,-22.8791,15.6899,248.571,1
2017-11-04,15,13.5,0.0,8.83333,79,30.65,69.13,1.05524,10.3324,271.385,1
2017-11-04,16,13.3333,0.0,9.0,80,36.2,63.45,27.0657,5.35752,273.28,1
2017-11-04,17,13.1667,0.0,9.0,98,36.95,34.8,25.0657,5.35752,286.971,1
2017-11-04,21,11.0,0.0,7.16667,96,34.88,10.19,56.0,0.0,310.431,1
2017-11-05,0,11.1667,0.0,6.33333,92,35.83,9.96,32.8373,-4.20948,317.127,1
2017-11-05,1,11.1667,0.0,6.16667,94,37.48,10.74,9.82688,-9.18432,275.6,1
2017-11-05,2,11.8333,0.0,6.0,92,32.84,11.77,-9.3358,-13.3938,262.08,1
2017-11-05,3,12.1667,0.0,6.0,93,30.5,18.51,-6.3358,-13.3938,240.0,1
2017-11-05,4,12.5,0.0,6.0,93,34.59,18.63,-7.25968,-13.7765,249.508,1
2017-11-05,6,12.6667,0.0,6.0,93,27.38,32.03,27.9134,-4.59216,291.877,1
2017-11-05,7,12.8333,0.0,5.83333,95,32.15,30.55,28.9134,-4.59216,276.0,1
2017-11-05,10,12.1667,0.0,6.5,88,27.5,40.29,62.0,0.0,249.508,1
2017-11-05,11,12.0,0.0,7.16667,82,25.6,22.99,60.0,0.0,277.714,1
2017-11-05,12,11.8333,0.0,8.0,79,21.83,17.65,58.0,0.0,280.8,1
2017-11-05,13,12.1667,0.0,9.0,80,27.93,19.82,59.0,0.0,270.3,1
2017-11-05,14,12.3333,0.0,9.83333,81,33.07,35.14,61.0,0.0,240.0,1
2017-11-05,15,12.3333,0.0,10.3333,86,33.95,30.65,52.0,0.0,276.0,1
2017-11-05,16,12.0,0.0,10.6667,85,49.41,36.2,51.0,0.0,291.877,1
2017-11-05,17,11.5,0.0,10.6667,99,59.39,36.95,42.6851,-3.44412,269.077,1
2017-11-05,21,8.83333,0.0,8.83333,94,56.07,34.88,-12.3358,-13.3938,372.655,1
2017-11-06,0,8.33333,0.0,7.33333,93,55.21,35.83,-31.7268,-16.4552,409.867,0
2017-11-06,1,8.0,0.0,6.83333,92,45.95,37.48,-23.7268,-16.4552,360.0,0
2017-11-06,2,7.33333,0.0,6.33333,99,41.39,32.84,-21.8791,-10.3324,388.267,0
2017-11-06,3,6.83333,1.12,6.16667,99,51.36,30.5,-17.2597,-5.35752,453.6,0
2017-11-06,4,6.16667,1.12,6.0,100,39.61,34.59,-22.803,-3.06144,420.0,0
2017-11-06,5,5.83333,2.24,5.83333,99,16.15,28.93,-12.5835,3.69552,498.667,0
2017-11-06,6,5.33333,2.24,5.83333,99,14.39,27.38,-0.0258996,11.3823,538.65,0
2017-11-06,7,5.5,2.24,5.83333,98,21.76,32.15,4.5935,13.2957,514.8,0
2017-11-06,8,6.33333,2.24,6.16667,95,27.46,33.35,2.25038,18.9526,514.8,0
2017-11-06,9,7.5,1.12,6.5,88,15.96,36.98,16.0054,30.3289,497.25,0
2017-11-06,10,8.5,1.12,6.83333,82,19.35,27.5,27.3605,35.3119,451.0,0
2017-11-06,11,9.5,0.0,7.16667,79,26.26,25.6,37.1465,36.3914,385.0,0
2017-11-06,12,10.5,0.0,7.66667,75,27.05,21.83,39.371,34.8275,319.2,0
2017-11-06,13,10.6667,0.0,8.16667,74,20.87,27.93,41.4923,36.9488,288.0,0
2017-11-06,14,10.6667,0.0,8.5,73,20.12,33.07,41.4923,34.9979,321.231,0
2017-11-06,15,10.0,0.0,8.5,75,34.86,33.95,38.6638,32.1694,346.92,0
2017-11-06,16,10.0,0.0,8.33333,79,26.01,49.41,45.0278,40.4844,300.0,0
2017-11-06,17,9.66667,0.0,8.0,81,24.72,59.39,45.0278,42.6521,322.4,0
2017-11-07,0,6.5,0.0,3.16667,91,51.31,55.21,36.0626,43.216,488.52,0
2017-11-07,2,6.0,0.0,2.5,89,45.38,41.39,36.7697,45.007,520.8,0
2017-11-07,3,5.66667,0.0,2.33333,89,51.82,51.36,40.3053,49.6264,497.25,0
2017-11-07,4,6.0,0.0,2.16667,89,94.54,39.61,38.1839,45.7709,520.0,0
2017-11-07,5,5.5,0.0,1.83333,90,94.62,16.15,38.891,46.6948,517.029,0
2017-11-07,6,5.5,0.0,1.66667,91,92.01,14.39,33.9413,45.2276,555.429,0
2017-11-07,7,5.33333,0.0,1.66667,95,55.93,21.76,26.6954,33.2172,546.96,0
2017-11-07,8,5.33333,0.0,1.66667,96,40.85,27.46,26.8554,27.067,607.05,0
2017-11-07,9,5.66667,0.0,1.5,100,32.42,15.96,26.8554,22.067,577.2,0
2017-11-07,10,5.66667,0.0,2.0,82,29.08,19.35,23.8773,9.94301,561.0,0
2017-11-07,11,6.0,0.0,2.83333,71,34.09,26.26,18.7778,-5.38621,570.24,0
2017-11-07,12,6.33333,0.0,3.83333,62,39.62,27.05,12.5635,-16.4728,524.16,0
2017-11-07,13,7.0,0.0,4.83333,58,41.81,20.87,1.63693,-23.0698,498.343,0
2017-11-07,14,7.33333,0.0,5.66667,60,59.72,20.12,-6.37428,-41.928,496.8,0
2017-11-07,16,8.33333,0.0,6.66667,75,51.48,26.01,-12.7235,-44.8037,408.857,0
2017-11-07,17,8.66667,0.0,6.66667,88,47.86,24.72,-11.5754,-47.5754,360.0,0
2017-11-08,0,8.5,0.0,4.0,80,26.68,51.31,-3.06144,-50.391,409.867,0
2017-11-08,2,8.66667,0.0,3.5,84,22.07,45.38,-3.06144,-50.391,401.85,0
2017-11-08,3,9.0,0.0,3.5,83,23.06,51.82,-3.06144,-51.391,386.4,0
2017-11-08,4,9.83333,0.0,3.5,82,27.06,94.54,-3.8268,-53.2388,366.667,0
2017-11-08,5,10.1667,0.0,3.83333,83,33.71,94.62,-9.18432,-57.1731,300.0,0
2017-11-08,6,10.1667,0.0,4.0,81,39.33,92.01,-16.9625,-46.9513,319.2,0
2017-11-08,7,10.3333,0.0,4.0,79,40.86,55.93,-23.3265,-45.3153,313.6,0
2017-11-08,8,10.3333,0.0,4.0,77,47.2,40.85,-29.6905,-42.6793,321.48,0
2017-11-08,9,10.5,0.0,4.0,70,37.41,32.42,-29.3078,-41.7554,361.371,0
2017-11-08,10,10.1667,0.0,4.0,69,28.8,29.08,-37.086,-49.5336,310.371,0
2017-11-08,11,10.3333,0.0,4.16667,61,32.94,34.09,-40.2138,-45.0846,300.0,0
2017-11-08,12,10.5,0.0,4.33333,60,34.79,39.62,-30.6638,-42.029,313.6,0
2017-11-08,13,10.8333,0.0,4.66667,59,33.74,41.81,-28.1266,-44.9038,300.667,0
2017-11-08,14,11.0,0.0,5.0,61,31.68,59.72,-24.6825,-47.5889,294.0,0
2017-11-08,16,10.5,0.0,5.0,70,30.23,51.48,-8.41896,-52.3254,324.8,0
2017-11-08,21,9.16667,0.0,3.0,75,31.57,23.08,-20.1987,-51.7643,347.564,0
2017-11-09,0,9.0,0.0,2.66667,82,34.23,26.68,-32.1229,-38.6173,386.4,0
2017-11-09,1,8.5,0.0,2.33333,84,37.31,23.45,-36.1326,-38.2974,385.527,0
2017-11-09,2,8.33333,0.0,2.16667,79,38.29,22.07,-39.3142,-31.1962,401.85,0
2017-11-09,3,8.16667,0.0,1.83333,81,32.28,23.06,-45.7813,-33.8749,360.0,0
2017-11-09,4,8.16667,0.0,1.66667,76,40.66,27.06,-47.5155,-31.2795,374.0,0
2017-11-09,5,8.33333,0.0,1.66667,78,43.65,33.71,-49.4664,-28.3596,374.0,0
2017-11-09,6,7.66667,0.0,1.66667,79,45.7,39.33,-50.4935,-25.0571,360.0,0
2017-11-09,7,7.5,0.0,1.83333,79,50.51,40.86,-49.5696,-24.6744,414.72,0
2017-11-09,8,7.5,0.0,1.83333,78,50.08,47.2,-48.9656,-20.282,437.25,0
2017-11-09,9,7.33333,0.0,2.0,75,66.17,37.41,-48.0418,-19.8994,443.143,0
2017-11-09,10,7.33333,0.0,2.33333,77,62.49,28.8,-34.5746,-17.2206,453.6,0
2017-11-09,11,7.66667,0.0,2.66667,73,54.86,32.94,-35.4985,-10.715,448.0,0
2017-11-09,12,8.5,0.0,3.16667,72,54.88,34.79,-36.4224,-3.44412,421.2,0
2017-11-09,13,9.0,0.0,3.5,71,70.62,33.74,-33.6507,6.12288,393.6,0
2017-11-09,14,9.33333,0.0,3.83333,72,50.13,31.68,-36.4224,12.6284,345.257,0
2017-11-09,15,10.0,0.0,4.16667,73,60.16,31.5,-38.2701,18.7513,314.743,0
2017-11-09,16,10.3333,0.0,4.0,77,55.74,30.23,-47.1179,19.5167,346.92,0
2017-11-09,20,11.6667,0.0,3.16667,86,26.83,33.32,-51.2006,25.7642,271.745,0
2017-11-09,21,12.0,0.48,3.0,87,34.3,31.57,-52.1245,26.1469,260.945,0
2017-11-10,0,13.5,0.96,3.5,84,29.18,34.23,-48.269,26.621,235.2,0
2017-11-10,1,14.1667,1.7,3.66667,84,30.95,37.31,-47.0819,31.9283,223.385,0
2017-11-10,2,14.6667,1.7,4.0,90,31.16,38.29,-45.6782,37.5602,220.0,0
2017-11-10,3,15.3333,1.22,4.33333,90,40.84,32.28,-42.4266,42.4266,226.8,0
2017-11-10,4,15.5,1.22,4.5,91,32.23,40.66,-43.1337,43.1337,204.429,0
2017-11-10,5,15.6667,0.74,4.66667,92,19.96,43.65,-44.5479,44.5479,195.52,0
2017-11-10,6,16.1667,1.48,4.83333,92,21.17,45.7,-45.9622,45.9622,180.0,0
2017-11-10,7,16.1667,1.22,5.0,93,23.62,50.51,-47.3764,47.3764,180.0,0
2017-11-10,8,16.3333,1.22,5.0,93,23.17,50.08,-45.9622,45.9622,187.425,0
2017-11-10,9,16.5,1.22,5.16667,92,32.83,66.17,-45.9622,45.9622,194.541,0
2017-11-10,10,15.6667,1.22,5.33333,92,22.16,62.49,-46.6693,46.6693,187.2,0
2017-11-10,11,15.5,1.22,5.5,90,22.68,54.86,-42.4266,42.4266,220.0,0
2017-11-10,12,15.6667,1.01,5.83333,86,23.92,54.88,-43.1337,43.1337,218.625,0
2017-11-10,13,16.0,0.53,6.16667,85,25.96,70.62,-44.5479,44.5479,216.333,0
2017-11-10,14,16.1667,0.53,6.5,85,25.16,50.13,-36.0626,36.0626,229.125,0
2017-11-10,15,16.0,1.01,6.66667,88,17.15,60.16,-36.7697,36.7697,228.8,0
2017-11-10,16,16.8333,1.01,6.66667,90,14.28,55.74,-36.0626,36.0626,232.941,0
2017-11-10,21,20.0,2.72,6.0,93,5.12,34.3,-60.0522,24.8742,153.6,0
2017-11-11,0,22.3333,4.48,5.83333,87,5.89,29.18,-60.9761,25.2569,152.727,1
2017-11-11,1,23.0,4.48,5.66667,85,6.62,30.95,-57.6214,33.8086,131.04,1
2017-11-11,2,23.1667,3.36,5.33333,88,5.31,31.16,-49.0934,50.1758,120.0,1
2017-11-11,3,23.3333,3.36,5.0,87,6.46,40.84,-35.722,62.2408,124.95,1
2017-11-11,4,24.1667,3.36,4.66667,87,9.34,32.23,-27.553,66.5194,139.569,1
2017-11-11,5,24.1667,2.24,4.33333,87,11.16,19.96,-27.1703,65.5955,130.226,1
2017-11-11,6,24.5,2.24,4.0,85,9.63,21.17,-27.553,66.5194,125.061,1
2017-11-11,7,23.1667,2.93,3.66667,88,11.5,23.62,-28.701,69.291,120.0,1
2017-11-11,8,23.1667,2.93,3.66667,87,20.66,23.17,-26.0222,62.8238,151.2,1
2017-11-11,9,23.5,1.81,3.66667,86,18.03,32.83,-25.6396,61.9,166.108,1
2017-11-11,10,23.1667,0.69,3.66667,84,18.12,22.16,-33.3676,55.5568,131.733,1
2017-11-11,11,24.0,1.32,3.66667,81,9.59,22.68,-35.281,60.1762,130.226,1
2017-11-11,12,24.6667,1.32,3.83333,77,11.35,23.92,-8.80164,50.2492,162.991,1
2017-11-11,13,26.0,1.49,4.16667,76,16.59,25.96,0.0,59.0,141.931,1
2017-11-11,14,25.8333,1.49,4.33333,77,17.35,25.16,-9.94968,54.0209,159.84,1
2017-11-11,15,24.8333,1.49,4.33333,79,14.42,17.15,-18.3686,74.3462,128.96,1
2017-11-11,16,24.1667,2.35,4.33333,81,12.02,14.28,-25.6396,61.9,166.108,1
2017-11-11,21,18.5,1.32,3.16667,88,11.81,5.12,-26.5045,45.9877,221.76,1
2017-11-12,0,16.6667,0.46,3.0,91,4.33,5.89,-30.8717,39.5309,232.941,1
2017-11-12,1,16.0,0.46,3.0,91,2.22,6.62,-36.6119,53.3891,187.2,1
2017-11-12,2,16.3333,0.23,3.0,90,3.63,5.31,-29.9486,54.3026,216.333,1
2017-11-12,3,17.0,0.23,3.0,90,7.99,6.46,-24.1088,58.2044,202.725,1
2017-11-12,4,17.1667,0.23,3.0,90,6.4,9.34,-20.282,48.9656,203.914,1
2017-11-12,5,17.5,0.46,3.0,92,7.14,11.16,-22.1954,53.585,184.0,1
2017-11-12,6,18.0,0.46,3.0,94,15.17,9.63,-15.3072,54.9552,198.0,1
2017-11-12,7,18.0,0.46,2.83333,89,11.88,11.5,-7.27092,53.5537,210.189,1
2017-11-12,8,17.8333,0.46,2.66667,87,29.73,20.66,-12.6284,66.488,180.0,1
2017-11-12,10,16.8333,0.23,2.66667,80,17.52,18.12,-12.2458,64.5642,187.0,1
2017-11-12,11,17.3333,0.0,2.83333,77,13.1,9.59,-13.0111,48.4119,232.941,1
2017-11-12,13,19.1667,0.0,3.66667,71,20.22,16.59,-35.1144,43.7736,181.425,1
2017-11-12,14,19.5,0.0,4.16667,71,21.83,17.35,-45.255,45.255,159.6,1
2017-11-12,15,19.0,0.0,4.5,75,17.71,14.42,-43.8408,43.8408,167.04,1
2017-11-12,16,18.8333,0.0,4.83333,77,19.88,12.02,-40.3053,40.3053,213.496,1
2017-11-12,21,11.5,0.0,4.5,90,24.81,11.81,-45.3014,39.8894,276.48,1
2017-11-13,0,8.16667,0.0,3.0,92,20.54,4.33,-42.7929,33.0513,381.9,0
2017-11-13,1,7.16667,0.0,2.66667,93,18.46,2.22,-48.3362,35.3474,372.3,0
2017-11-13,2,6.5,0.0,2.5,95,25.79,3.63,-45.3941,29.1581,450.3,0
2017-11-13,3,5.83333,0.0,2.5,96,30.84,7.99,-49.6368,33.4008,433.5,0
2017-11-13,4,5.66667,0.0,2.33333,96,31.21,6.4,-43.9799,27.7439,526.68,0
2017-11-13,5,5.66667,0.0,2.33333,96,46.37,7.14,-49.5232,30.04,495.72,0
2017-11-13,6,5.66667,0.0,2.33333,93,40.19,15.17,-44.5271,30.4559,532.65,0
2017-11-13,7,5.66667,0.0,2.33333,92,40.7,11.88,-39.4321,32.9377,555.429,0
2017-11-13,8,5.83333,0.0,2.33333,94,17.11,29.73,-30.2397,33.5312,561.6,0
2017-11-13,10,6.16667,0.48,2.5,85,18.64,17.52,-31.5403,31.5846,561.6,0
2017-11-13,11,6.5,0.48,2.66667,83,16.16,13.1,-28.6758,35.7557,540.6,0
2017-11-13,13,7.83333,0.48,3.5,80,40.81,20.22,-24.7797,39.4365,477.0,0
2017-11-13,14,8.5,0.96,3.83333,81,35.53,21.83,-18.241,41.6505,413.4,0
2017-11-13,15,9.33333,0.96,4.0,82,54.92,17.71,-16.0165,44.4285,375.84,0
2017-11-13,16,9.66667,0.48,4.16667,86,36.7,19.88,-2.15828,46.3419,314.743,0
2017-11-13,21,8.5,0.0,3.0,83,14.48,24.81,44.3567,25.4147,403.68,0
2017-11-14,0,8.5,0.0,2.33333,82,9.93,20.54,43.4328,25.032,401.85,0
2017-11-14,1,9.16667,0.0,2.0,83,7.7,18.46,41.6986,27.6274,401.85,0
2017-11-14,2,9.0,0.0,1.5,82,7.53,25.79,44.5271,30.4559,341.85,0
2017-11-14,3,8.83333,0.0,1.16667,80,12.89,30.84,37.136,34.3944,366.667,0
2017-11-14,4,8.5,0.0,0.833333,80,21.43,31.21,34.478,38.3414,380.8,0
2017-11-14,5,8.5,0.0,0.5,79,34.28,46.37,31.1128,39.847,409.867,0
2017-11-14,6,8.5,0.0,0.166667,78,44.24,40.19,31.1128,39.847,401.85,0
2017-11-14,7,7.83333,0.0,0.0,80,27.07,40.7,31.1128,41.5812,433.1,0
2017-11-14,8,8.16667,0.0,0.0,80,22.95,17.11,31.1128,49.5812,397.5,0
2017-11-14,9,8.66667,0.0,0.166667,80,11.74,18.65,22.6275,50.0958,375.943,0
2017-11-14,10,9.33333,0.0,0.5,84,20.94,18.64,16.9706,46.7048,377.143,0
2017-11-14,11,10.0,0.0,1.0,78,29.78,16.16,7.81139,51.9177,339.2,0
2017-11-14,12,10.5,0.0,1.66667,73,23.98,17.76,-13.4019,47.3551,319.2,0
2017-11-14,13,12.0,0.0,2.5,71,21.98,40.81,-21.1801,47.1333,288.0,0
2017-11-14,14,13.5,0.0,3.33333,69,29.2,35.53,-33.201,39.1542,270.327,0
2017-11-14,21,17.8333,0.36,3.16667,92,13.73,14.48,-38.891,38.891,201.318,0
2017-11-15,0,18.5,0.36,3.66667,93,11.74,9.93,-40.3053,40.3053,195.789,0
2017-11-15,1,18.0,0.36,4.0,93,13.24,7.7,-38.1839,38.1839,217.579,0
2017-11-15,2,17.6667,0.0,4.33333,93,15.38,7.53,-36.7697,36.7697,232.737,0
2017-11-15,6,15.6667,0.23,5.0,93,20.83,44.24,-12.6284,62.488,187.425,0
2017-11-15,7,15.3333,0.71,5.16667,90,20.89,27.07,-6.50556,59.706,225.318,0
2017-11-15,8,15.0,0.71,5.33333,90,24.99,22.95,0.0,59.0,241.553,0
2017-11-15,9,14.6667,0.71,5.5,89,26.31,11.74,0.0,56.0,254.88,0
2017-11-15,10,14.0,0.71,5.66667,87,26.07,20.94,0.0,56.0,235.2,0
2017-11-15,11,13.6667,0.48,5.83333,84,19.46,29.78,0.0,57.0,245.92,0
2017-11-15,12,14.3333,0.48,6.16667,81,26.56,23.98,-4.97484,54.0104,257.914,0
2017-11-15,13,14.5,0.48,6.33333,80,35.04,21.98,-11.0977,54.7925,245.92,0
2017-11-15,14,14.5,0.48,6.5,80,34.13,29.2,-17.2206,54.5746,223.385,0
2017-11-15,21,12.1667,0.0,5.0,93,25.25,13.73,-22.9608,55.4328,286.0,0
2017-11-16,0,10.8333,0.0,4.83333,90,13.38,11.74,-26.0303,49.8431,282.764,0
2017-11-16,1,10.5,0.0,4.83333,91,19.37,13.24,-24.8823,47.0715,324.8,0
2017-11-16,2,10.0,0.0,4.83333,92,17.16,15.38,-26.6541,42.3489,366.277,0
2017-11-16,6,8.16667,0.0,4.0,92,34.54,20.83,-28.0934,50.8238,373.32,0
2017-11-16,7,8.0,0.0,3.66667,94,26.77,20.89,-27.3281,48.9761,374.85,0
2017-11-16,8,7.66667,0.0,3.66667,95,32.15,24.99,-27.3281,48.9761,388.267,0
2017-11-16,9,7.33333,0.0,3.66667,94,21.19,26.31,-25.9138,47.5618,417.6,0
2017-11-16,12,7.83333,0.0,4.66667,83,38.74,26.56,-31.6414,39.7594,437.25,0
2017-11-16,13,8.33333,0.0,5.33333,80,43.79,35.04,-18.58,32.3684,405.45,0
2017-11-16,14,9.0,0.0,5.83333,77,55.05,34.13,-4.51856,24.9774,360.0,0
2017-11-16,21,9.83333,0.0,5.33333,97,31.36,25.25,-34.4224,17.986,339.2,0
2017-11-17,0,11.5,0.0,5.0,95,33.45,13.38,33.8373,4.20948,305.455,0
2017-11-17,1,12.3333,0.25,5.0,92,29.76,19.37,31.0657,5.35752,251.6,0
2017-11-17,2,13.3333,0.5,5.0,92,39.56,17.16,-4.7164,11.4804,259.418,0
2017-11-17,3,14.0,0.5,5.0,94,46.29,18.91,-29.5746,17.2206,225.5,0
2017-11-17,4,14.8333,0.5,5.0,96,35.26,32.64,-56.3567,23.3435,204.429,0
2017-11-17,5,15.0,0.5,5.0,97,19.72,37.89,-58.2044,24.1088,202.725,0
2017-11-17,6,14.6667,0.5,5.0,97,21.49,34.54,-55.4328,22.9608,220.0,0
2017-11-17,7,14.0,0.25,5.0,97,20.3,26.77,-50.0599,25.7059,252.225,0
2017-11-17,8,13.8333,0.0,5.0,96,19.73,32.15,-35.2778,31.583,288.225,0
2017-11-17,9,13.6667,0.0,5.16667,92,29.22,21.19,-25.8533,38.3945,291.877,0
2017-11-17,12,13.5,0.46,6.16667,70,31.41,38.74,7.99425,48.9193,248.571,0
2017-11-17,13,14.0,0.46,6.5,70,32.97,43.79,22.5442,47.9954,264.0,0
2017-11-17,14,14.0,0.46,6.83333,71,45.06,55.05,38.891,47.9954,251.631,0
2017-11-17,21,9.66667,0.0,4.16667,87,17.91,31.36,17.6777,59.097,321.6,0
2017-11-18,0,10.0,0.0,3.16667,88,24.34,33.45,-4.20948,56.1627,313.65,1
2017-11-18,1,10.1667,0.0,2.83333,89,20.33,29.76,-8.41896,49.3254,340.267,1
2017-11-18,2,10.8333,0.0,2.5,89,25.74,39.56,-12.2458,49.5642,334.08,1
2017-11-18,3,11.3333,0.0,2.33333,90,20.57,46.29,-21.4382,48.7566,297.0,1
2017-11-18,4,12.0,0.0,2.0,86,28.02,35.26,-30.6306,47.949,271.745,1
2017-11-18,5,12.6667,0.0,1.66667,85,19.2,19.72,-36.3207,47.6859,240.0,1
2017-11-18,6,13.1667,0.0,1.5,85,41.05,21.49,-38.891,38.891,251.631,1
2017-11-18,7,13.8333,0.0,1.33333,86,40.1,20.3,-39.5982,39.5982,242.031,1
2017-11-18,8,14.5,0.0,1.33333,86,28.53,19.73,-40.3053,40.3053,239.4,1
2017-11-18,9,15.3333,0.0,1.33333,83,29.39,29.22,-42.4266,42.4266,220.0,1
2017-11-18,10,15.6667,0.0,1.66667,84,21.6,31.81,-44.5479,44.5479,187.971,1
2017-11-18,12,17.6667,0.48,2.5,76,21.15,31.41,-42.5193,31.6953,213.333,1
2017-11-18,13,19.3333,0.48,3.0,74,35.56,32.97,-49.1928,27.0036,181.425,1
2017-11-18,14,20.5,0.48,3.5,71,27.52,45.06,-60.0522,24.8742,148.5,1
2017-11-18,21,21.8333,1.73,3.33333,94,3.93,17.91,-55.5,31.6872,153.6,1
2017-11-19,0,17.6667,1.02,2.83333,89,10.88,24.34,-48.7906,48.7906,193.143,1
2017-11-19,1,16.8333,1.02,2.66667,92,10.0,20.33,-39.2988,46.8756,230.4,1
2017-11-19,2,16.3333,0.51,2.5,92,9.16,25.74,-32.7519,50.0704,211.68,1
2017-11-19,3,16.3333,0.51,2.5,90,9.97,20.57,-29.0335,56.0935,180.0,1
2017-11-19,4,17.5,0.86,2.5,88,10.58,28.02,-21.0474,50.8134,205.8,1
2017-11-19,5,18.3333,0.86,2.5,89,9.76,19.2,-29.7156,49.74,177.0,1
2017-11-19,6,19.3333,1.72,2.66667,89,16.42,41.05,-36.2624,46.5452,175.137,1
2017-11-19,7,19.1667,1.72,2.83333,88,15.65,40.1,-43.1337,43.1337,183.0,1
2017-11-19,9,19.3333,1.72,3.0,86,22.01,29.39,-26.7706,44.6302,229.14,1
2017-11-19,10,18.5,0.86,3.0,88,10.63,21.6,-21.0474,50.8134,201.318,1
2017-11-19,13,20.1667,1.27,3.0,84,7.51,35.56,-43.8408,43.8408,151.412,1
2017-11-19,14,20.6667,2.54,3.16667,82,9.77,27.52,-46.6693,46.6693,157.617,1
2017-11-19,21,14.8333,2.08,3.0,94,11.27,3.93,-28.7504,49.4096,233.365,1
2017-11-20,0,14.6667,1.62,2.66667,90,4.7,10.88,0.0,56.0,235.2,0
2017-11-20,1,14.1667,1.06,2.83333,91,3.64,10.0,-6.12288,58.7821,205.477,0
2017-11-20,2,14.3333,1.06,2.83333,92,6.03,9.16,-6.12288,58.7821,212.914,0
2017-11-20,3,14.6667,1.06,2.83333,92,6.62,9.97,-6.12288,57.7821,241.553,0
2017-11-20,4,15.5,1.06,2.83333,92,7.78,10.58,7.73532,46.5223,252.225,0
2017-11-20,5,16.0,1.06,2.83333,92,29.41,9.76,31.4119,39.0111,205.477,0
2017-11-20,9,17.1667,0.96,1.66667,89,10.64,22.01,36.7697,36.7697,244.364,0
2017-11-20,10,16.6667,0.96,1.5,78,29.59,10.63,45.255,45.255,234.109,0
2017-11-20,11,15.6667,0.96,1.5,69,33.91,10.73,41.0124,44.4807,243.6,0
2017-11-20,13,14.8333,0.96,2.0,64,18.78,7.51,41.0124,47.949,216.0,0
2017-11-20,21,6.83333,0.48,0.166667,86,24.79,11.27,43.8408,46.8756,394.32,0
2017-11-21,0,6.33333,0.0,-0.666667,85,31.39,4.7,33.2342,43.5696,503.25,0
2017-11-21,1,6.16667,0.0,-1.0,84,31.73,3.64,33.2342,48.5696,480.0,0
2017-11-21,2,5.66667,0.0,-1.33333,92,42.6,6.03,25.6639,47.5321,499.8,0
2017-11-21,3,4.83333,0.0,-1.66667,95,40.2,6.62,16.8018,45.2028,520.0,0
2017-11-21,4,4.5,0.0,-2.0,96,21.48,7.78,14.9541,45.9682,540.0,0
2017-11-21,9,5.33333,0.0,-2.66667,98,38.97,10.64,-1.22446,25.3722,622.2,0
2017-11-21,10,5.83333,0.0,-2.16667,93,45.51,29.59,-11.0104,22.125,622.2,0
2017-11-21,11,6.33333,0.0,-1.5,83,48.77,33.91,-17.4776,13.8037,635.04,0
2017-11-21,12,6.33333,0.0,-0.5,75,37.14,25.85,-8.56416,9.18432,586.56,0
2017-11-21,13,6.83333,0.0,0.5,73,53.93,18.78,4.903,6.50556,504.9,0
2017-11-21,21,5.16667,0.0,1.5,99,68.29,24.79,-14.1488,18.7012,536.057,0
2017-11-22,0,5.83333,0.0,0.5,92,32.53,31.39,-7.30102,17.9358,591.48,0
2017-11-22,1,6.0,0.0,0.166667,92,30.82,31.73,6.77008,10.8647,563.04,0
2017-11-22,2,6.16667,0.0,0.0,92,27.67,42.6,5.8462,6.65524,561.0,0
2017-11-22,3,6.16667,0.0,-0.166667,92,31.79,40.2,-10.621,3.97648,530.4,0
2017-11-22,4,6.16667,0.58,-0.166667,92,27.65,21.48,-12.0352,-3.09462,501.84,0
2017-11-22,6,7.5,0.94,0.0,92,23.01,32.72,-19.1863,-18.6179,477.0,0
2017-11-22,7,8.66667,3.51,0.333333,92,15.46,41.2,-27.638,-27.6024,443.143,0
2017-11-22,8,9.83333,3.51,0.5,92,21.98,30.17,-38.2871,-34.4987,377.143,0
2017-11-22,9,11.0,6.2,0.666667,92,25.39,38.97,-37.4768,-37.4768,286.2,0
2017-11-22,10,12.0,5.62,0.833333,92,21.17,45.51,-42.4266,-42.4266,240.0,0
2017-11-22,11,12.8333,5.26,1.16667,94,29.69,48.77,-36.7697,-36.7697,281.538,0
2017-11-22,12,13.6667,5.26,1.33333,94,30.5,37.14,-41.4355,-33.3175,267.429,0
2017-11-22,13,13.6667,2.99,1.5,94,37.82,53.93,-45.3941,-29.1581,251.631,0
2017-11-22,14,13.6667,2.99,1.66667,96,37.56,56.15,-48.2122,-24.9406,245.1,0
2017-11-22,21,10.8333,0.3,3.83333,92,34.98,68.29,33.8373,-4.20948,305.455,0
2017-11-23,0,10.1667,0.0,3.66667,92,27.96,32.53,62.0,0.0,300.0,0
2017-11-23,1,10.8333,0.0,3.66667,92,24.59,30.82,52.0,0.0,341.127,0
2017-11-23,2,11.3333,0.0,3.66667,91,29.52,27.67,54.0,0.0,309.12,0
2017-11-23,3,12.0,0.0,3.83333,93,28.54,31.79,31.0657,5.35752,251.6,0
2017-11-23,4,12.5,0.0,4.0,93,31.03,27.65,-1.86864,10.715,270.327,0
2017-11-23,5,13.0,0.0,4.16667,92,33.04,34.32,-23.9552,15.3072,271.385,0
2017-11-23,6,13.5,0.0,4.33333,92,31.72,23.01,-22.9552,15.3072,267.429,0
2017-11-23,7,13.6667,0.0,4.33333,92,31.77,15.46,3.97912,9.94968,267.429,0
2017-11-23,8,14.5,0.0,4.16667,92,34.9,21.98,30.9134,4.59216,255.2,0
2017-11-23,9,15.3333,0.0,4.16667,90,28.44,25.39,61.0,0.0,204.429,0
2017-11-23,10,15.6667,0.0,4.5,80,37.04,21.17,52.0,0.0,212.571,0
2017-11-23,11,16.1667,0.0,5.0,74,30.84,29.69,52.0,0.0,232.737,0
2017-11-23,12,16.5,0.0,5.66667,68,28.58,30.5,69.0,0.0,180.0,0
2017-11-23,13,16.8333,0.0,6.5,63,41.23,37.82,66.0,0.0,200.842,0
2017-11-23,14,16.1667,0.0,7.5,61,40.5,37.56,63.0,0.0,187.971,0
2017-11-23,21,15.6667,0.0,10.6667,69,23.45,34.98,62.0,0.0,217.412,0
2017-11-24,0,14.3333,0.0,9.16667,71,24.75,27.96,-25.6507,16.8379,228.48,0
2017-11-24,1,13.8333,0.0,8.66667,73,30.36,24.59,-52.6612,21.8128,252.225,0
2017-11-24,2,13.1667,0.0,8.33333,85,42.57,29.52,-45.6573,23.4681,292.32,0
2017-11-24,3,12.5,0.0,8.0,90,47.15,28.54,-55.82,27.6776,257.92,0
2017-11-24,4,12.0,0.0,7.5,94,46.67,31.03,-53.0483,26.5295,269.077,0
2017-11-24,5,11.5,0.0,7.0,88,57.87,33.04,-52.1245,26.1469,279.138,0
2017-11-24,7,9.83333,0.0,6.33333,92,45.96,31.77,-49.8895,20.6647,317.127,0
2017-11-24,8,9.33333,0.0,6.16667,92,26.68,34.9,-54.5089,22.5781,323.345,0
2017-11-24,9,9.16667,0.0,6.0,91,33.25,28.44,-50.0031,24.0255,369.6,0
2017-11-24,10,8.83333,0.0,6.0,91,29.98,37.04,-49.0792,23.6428,381.9,0
2017-11-24,11,9.33333,0.48,6.16667,87,31.03,30.84,-27.9927,19.0507,389.88,0
2017-11-24,12,10.5,0.48,6.5,84,24.05,28.58,-5.75388,15.2239,339.2,0
2017-11-24,13,12.5,1.45,6.83333,83,43.28,41.23,23.1804,9.86636,240.0,0
2017-11-24,14,13.6667,1.45,7.33333,81,39.23,40.5,56.0,0.0,220.32,0
2017-11-24,21,17.0,1.02,9.33333,93,7.37,23.45,39.5982,51.7373,216.0,0
2017-11-25,0,11.8333,1.02,7.16667,98,16.26,24.75,20.5976,60.7268,288.96,1
2017-11-25,1,9.66667,1.02,6.33333,96,15.58,30.36,6.45542,49.2492,372.6,1
2017-11-25,2,8.16667,1.02,5.5,98,18.36,42.57,6.45542,56.2492,364.8,1
2017-11-25,3,6.83333,0.0,5.0,95,14.1,47.15,4.54202,60.8686,371.571,1
2017-11-25,4,6.16667,0.0,4.66667,91,18.69,46.67,-8.89307,51.4699,473.815,1
2017-11-25,5,6.5,0.51,4.33333,91,24.11,57.87,-12.4286,55.0054,473.538,1
2017-11-25,7,7.5,1.25,3.66667,90,38.97,45.96,-26.5382,40.9614,452.4,1
2017-11-25,8,7.66667,1.25,3.66667,92,44.47,26.68,-34.3164,18.1832,443.143,1
2017-11-25,9,7.83333,1.25,3.66667,94,50.14,33.25,-39.8597,13.4793,440.64,1
2017-11-25,10,8.16667,1.25,3.5,84,51.41,29.98,-31.9463,8.85989,419.76,1
2017-11-25,11,7.66667,1.48,3.33333,86,41.32,31.03,-28.4108,-1.67566,379.44,1
2017-11-25,12,7.5,2.22,3.5,87,40.68,24.05,-29.825,-10.161,414.72,1
2017-11-25,13,7.16667,1.48,3.66667,89,34.62,43.28,-23.6476,-21.3788,432.667,1
2017-11-25,21,9.5,7.68,3.83333,91,11.6,7.37,22.2036,-52.6044,333.9,1
2017-11-26,0,11.6667,6.2,3.83333,89,6.64,16.26,47.2635,-16.2635,240.0,1
2017-11-26,1,13.6667,6.2,3.66667,89,2.69,15.58,54.0711,-7.0711,209.88,1
2017-11-26,2,14.6667,4.65,3.33333,82,1.0,18.36,61.7821,6.12288,180.0,1
2017-11-26,3,14.8333,3.1,3.0,86,8.18,14.1,62.6403,11.8631,201.4,1
2017-11-26,4,14.3333,1.55,2.66667,88,11.28,18.69,52.4185,19.6413,243.6,1
2017-11-26,5,13.0,0.0,2.33333,90,8.63,24.11,43.4896,26.7124,297.6,1
2017-11-26,7,11.5,0.0,2.16667,87,20.02,38.97,31.5691,39.991,315.52,1
2017-11-26,8,11.5,0.0,2.33333,87,26.28,44.47,13.1188,45.3373,317.127,1
2017-11-26,9,12.0,0.0,2.5,84,30.09,50.14,-0.39964,51.4173,262.08,1
2017-11-26,10,12.5,0.48,2.5,79,15.76,51.41,-24.4414,45.007,270.327,1
2017-11-26,11,13.6667,0.48,2.5,79,24.75,41.32,-25.2067,46.8547,255.2,1
2017-11-26,12,15.0,0.96,2.5,79,26.49,40.68,-32.6354,47.789,228.48,1
2017-11-26,13,16.3333,0.96,2.33333,79,20.43,34.62,-40.3303,47.3659,187.971,1
2017-11-26,21,16.3333,0.0,1.16667,73,14.97,11.6,-45.255,45.255,180.0,1
2017-11-27,0,16.1667,0.0,1.5,75,15.36,6.64,-47.7995,39.6815,209.647,0
2017-11-27,1,15.6667,0.0,1.66667,75,6.47,2.69,-46.3853,38.2673,211.68,0
2017-11-27,2,15.3333,0.0,1.83333,76,9.26,1.0,-47.3091,38.6499,224.0,0
2017-11-27,3,15.3333,0.0,2.0,77,13.13,8.18,-45.1878,36.5286,214.338,0
2017-11-27,4,14.6667,0.0,2.0,77,14.26,11.28,-46.602,37.9428,211.68,0
2017-11-27,5,14.8333,0.0,2.0,78,20.54,8.63,-45.8949,37.2357,226.8,0
2017-11-27,6,14.6667,0.0,2.0,80,20.2,8.35,-41.0124,41.0124,237.12,0
2017-11-27,7,14.1667,0.48,2.0,80,32.39,20.02,-40.3053,40.3053,245.92,0
2017-11-27,8,14.1667,0.48,2.16667,80,35.39,26.28,-38.891,38.891,257.914,0
2017-11-27,9,14.1667,0.48,2.33333,79,30.18,30.09,-39.5982,39.5982,248.571,0
2017-11-27,10,14.1667,0.48,2.5,78,30.33,15.76,-40.3053,40.3053,239.4,0
2017-11-27,11,14.6667,0.48,2.83333,79,41.75,24.75,-40.3053,40.3053,232.615,0
2017-11-27,12,15.8333,0.48,3.16667,75,26.88,26.49,-43.1337,43.1337,211.68,0
2017-11-27,21,17.8333,0.48,2.0,73,14.42,14.97,-12.4119,13.0111,216.847,0
2017-11-28,0,23.0,0.0,1.5,78,11.95,15.36,53.0,0.0,165.092,0
2017-11-28,1,25.0,0.0,1.33333,84,15.05,6.47,54.0,0.0,162.222,0
2017-11-28,2,26.6667,0.0,1.16667,85,12.55,9.26,56.0,0.0,151.467,0
2017-11-28,3,27.1667,0.0,1.16667,84,13.41,13.13,58.0,0.0,146.897,0
2017-11-28,4,27.3333,0.51,1.33333,85,12.73,14.26,54.0,0.0,167.586,0
2017-11-28,5,26.6667,1.02,1.5,85,24.47,20.54,52.0,0.0,168.192,0
2017-11-28,6,26.1667,1.02,1.66667,86,20.01,20.2,75.0,0.0,120.0,0
2017-11-28,7,24.8333,1.02,1.83333,86,24.92,32.39,74.0,0.0,134.267,0
2017-11-28,8,23.5,1.02,2.16667,86,23.92,35.39,68.0,0.0,146.348,0
2017-11-28,9,22.3333,1.02,2.33333,83,25.55,30.18,66.0,0.0,162.4,0
2017-11-28,10,20.5,0.51,2.5,84,41.42,30.33,60.0,0.0,184.743,0
2017-11-28,11,20.0,0.0,2.83333,81,34.68,41.75,24.2179,6.12288,218.743,0
2017-11-28,12,19.1667,0.0,3.16667,79,40.04,26.88,23.2179,6.12288,213.333,0
2017-11-28,21,13.1667,0.0,3.0,88,15.98,14.42,22.1418,5.7402,302.08,0
2017-11-29,0,12.5,0.0,2.66667,90,18.8,11.95,51.0,0.0,286.7,0
2017-11-29,1,12.1667,0.0,2.5,90,17.44,15.05,40.8373,4.20948,240.0,0
2017-11-29,2,12.5,0.0,2.33333,91,23.1,12.55,18.6746,8.41896,259.2,0
2017-11-29,3,12.3333,0.0,2.16667,92,39.52,13.41,-7.25968,13.7765,249.508,0
2017-11-29,4,12.3333,0.0,1.83333,92,27.55,12.73,-31.3462,18.3686,259.2,0
2017-11-29,5,12.0,0.0,1.66667,92,40.7,24.47,-56.3567,23.3435,240.0,0
2017-11-29,6,11.8333,0.0,1.5,92,32.57,20.01,-56.3567,23.3435,240.0,0
2017-11-29,7,11.3333,0.48,1.16667,92,38.02,24.92,-55.4328,22.9608,277.714,0
2017-11-29,10,9.66667,0.96,0.666667,91,42.86,41.42,-4.41192,13.0111,321.6,0
2017-11-29,11,9.5,0.96,1.0,83,53.98,34.68,-1.64028,11.8631,335.345,0
2017-11-29,12,9.33333,0.96,1.33333,76,41.83,40.04,18.5224,7.6536,337.08,0
2017-11-29,13,9.5,0.96,2.0,72,52.62,20.61,36.7612,3.8268,327.6,0
2017-11-29,21,6.5,0.0,1.5,95,43.39,15.98,11.6746,8.41896,453.927,0
2017-11-30,0,6.0,0.0,0.5,94,27.92,18.8,9.67464,8.41896,520.8,0
2017-11-30,1,6.33333,0.0,0.166667,96,28.67,17.44,15.6746,8.41896,480.0,0
2017-11-30,3,7.0,0.0,-0.5,100,29.62,39.52,41.3806,1.9134,505.44,0
2017-11-30,21,9.16667,1.75,0.5,97,51.07,43.39,3.16499,-26.1122,377.143,0
2018-10-01,0,8.83333,0.0,8.66667,73,65.59,11.89,-54.5089,22.5781,343.938,0
2018-10-01,2,7.66667,0.0,7.16667,80,67.02,24.43,-55.4328,22.9608,372.764,0
2018-10-01,4,6.66667,0.0,5.83333,87,88.96,38.2,-48.0418,19.8994,463.6,0
2018-10-01,5,6.33333,0.0,5.33333,88,81.05,27.16,-53.585,22.1954,435.2,0
2018-10-01,7,5.83333,0.0,4.33333,94,51.53,14.43,-47.1179,19.5167,538.65,0
2018-10-01,9,5.83333,0.0,4.5,84,18.88,13.91,-50.8134,21.0474,517.029,0
2018-10-01,10,6.0,0.0,5.33333,74,18.82,18.89,-48.5889,22.6113,536.057,0
2018-10-01,11,6.33333,0.23,6.66667,60,14.24,26.21,-48.5889,22.6113,520.0,0
2018-10-01,12,6.83333,0.23,8.5,50,16.91,37.78,-50.4367,23.3767,480.0,0
2018-10-01,14,7.5,0.23,12.1667,42,53.4,34.14,-45.1206,27.8022,440.64,0
2018-10-01,15,7.83333,0.23,13.6667,40,82.53,28.59,-38.0193,30.9837,451.0,0
2018-10-01,18,8.5,0.23,14.8333,60,21.7,46.82,-15.4022,47.0812,360.0,0
2018-10-01,19,8.66667,0.76,14.3333,72,16.52,52.53,4.00966,44.7268,401.85,0
2018-10-01,21,9.0,0.76,12.3333,92,14.62,50.27,27.4069,41.487,371.25,0
2018-10-01,23,9.5,0.53,10.6667,92,7.81,49.38,40.842,37.9221,352.8,0
2018-10-02,0,9.66667,0.53,9.83333,96,7.74,65.59,42.2562,37.3854,325.867,0
2018-10-02,4,10.3333,0.51,8.0,94,21.76,88.96,14.8493,47.017,353.455,0
2018-10-02,5,10.5,0.51,7.66667,97,14.32,81.05,7.0711,50.2388,346.92,0
2018-10-02,7,11.6667,0.51,7.0,100,23.55,51.53,0.0,56.0,285.12,0
2018-10-02,9,13.6667,0.51,6.66667,94,21.33,18.88,0.0,54.0,255.2,0
2018-10-02,10,14.5,0.0,6.83333,79,14.06,18.82,0.0,59.0,214.338,0
2018-10-02,12,16.3333,0.48,7.66667,66,20.37,16.91,-12.6284,62.488,180.0,0
2018-10-02,15,18.6667,0.48,9.5,56,26.63,82.53,-28.684,49.2496,188.779,0
2018-10-02,19,21.8333,1.06,9.83333,77,12.62,16.52,-47.3764,47.3764,147.0,0
2018-10-02,21,22.6667,4.1,9.0,93,3.46,14.62,-48.7906,48.7906,140.87,0
2018-10-02,23,22.5,3.57,8.33333,89,5.36,7.81,-25.0652,59.5128,146.348,0
2018-10-03,0,22.3333,3.04,8.16667,87,6.66,7.74,-8.80164,64.2492,157.617,0
2018-10-03,4,23.0,2.03,7.83333,84,6.6,21.76,-17.986,65.4224,135.873,0
2018-10-03,10,26.3333,3.1,8.16667,82,16.47,14.06,36.7697,48.0418,170.769,0
2018-10-03,13,26.3333,0.84,9.16667,73,14.8,36.12,38.1839,49.8895,162.222,0
2018-10-03,17,24.3333,0.84,9.66667,73,21.02,14.04,50.9119,50.9119,134.832,0
2018-10-03,19,20.6667,0.0,9.0,73,22.31,12.62,43.8408,43.8408,181.409,0
2018-10-03,21,16.1667,0.48,8.0,71,3.51,3.46,44.5479,49.7504,235.314,0
2018-10-03,23,12.8333,0.48,7.33333,68,5.24,5.36,45.9622,56.1503,265.0,0
2018-10-04,0,11.6667,0.48,7.0,67,4.3,6.66,41.7195,54.5089,279.138,0
2018-10-04,2,11.1667,0.0,6.5,68,24.75,6.84,32.5271,53.4985,282.764,0
2018-10-04,4,10.6667,0.48,6.0,71,50.09,6.6,16.2635,52.2492,324.8,0
2018-10-04,11,12.3333,0.48,7.83333,60,9.4,20.92,9.89954,56.9343,262.08,0
2018-10-04,13,14.5,0.48,9.83333,46,13.98,14.8,33.2342,55.4224,206.7,0
2018-10-04,14,15.5,0.48,10.8333,45,13.77,13.16,45.255,59.1283,180.0,0
2018-10-04,16,16.3333,0.48,12.0,53,36.83,20.73,24.0417,64.4119,180.0,0
2018-10-04,17,16.0,0.0,12.0,60,18.93,21.02,12.0209,63.706,194.541,0
2018-10-04,21,12.6667,0.48,10.8333,84,33.07,3.51,-13.7765,62.2597,240.0,0
2018-10-04,23,11.5,1.22,10.3333,88,36.47,5.24,-22.1954,53.585,289.385,0
2018-10-05,0,11.1667,0.74,10.1667,87,33.06,4.3,-21.4301,51.7373,302.4,0
2018-10-05,4,11.3333,0.0,9.66667,85,47.17,50.09,-32.4607,44.3671,294.0,0
2018-10-05,7,12.3333,0.53,9.66667,90,29.46,29.57,-43.1337,43.1337,240.0,0
2018-10-05,9,13.0,0.53,10.1667,83,38.34,11.9,-36.7697,36.7697,281.538,0
2018-10-05,11,14.0,0.0,11.3333,71,31.62,9.4,-34.0246,42.1426,251.631,0
2018-10-05,13,15.3333,0.0,13.1667,61,35.43,13.98,-28.2682,54.2458,196.114,0
2018-10-05,17,16.5,0.0,16.3333,57,54.84,18.93,-47.3764,47.3764,180.0,0
2018-10-05,20,14.0,0.0,15.1667,73,31.41,18.07,-45.0174,31.4874,261.0,0
2018-10-05,21,13.0,0.0,14.3333,75,33.71,33.07,-43.8663,24.3831,302.08,0
2018-10-05,23,11.5,0.0,12.5,78,31.51,36.47,-53.585,22.1954,289.385,0
2018-10-06,1,10.6667,0.0,11.0,82,36.2,34.28,-49.8895,20.6647,317.127,1
2018-10-06,3,10.3333,0.0,9.83333,89,53.81,36.87,-28.803,16.0726,341.127,1
2018-10-06,7,9.66667,0.0,8.0,100,50.48,29.46,38.7612,3.8268,324.48,1
2018-10-06,9,10.1667,0.0,8.16667,91,31.01,38.34,59.0,0.0,312.12,1
2018-10-06,11,11.5,0.0,10.1667,63,31.17,31.62,55.0,0.0,297.0,1
2018-10-06,13,13.1667,0.0,13.1667,53,45.54,35.43,53.0,0.0,265.5,1
2018-10-06,15,14.3333,0.0,16.3333,53,80.56,52.63,59.0,0.0,221.571,1
2018-10-06,19,13.0,0.0,17.1667,72,77.49,38.52,-48.9656,20.282,282.72,1
2018-10-06,20,12.0,0.0,16.3333,82,83.39,31.41,-58.2044,24.1088,257.92,1
2018-10-06,21,10.8333,0.0,15.1667,84,78.44,33.71,-52.6612,21.8128,307.8,1
2018-10-06,23,9.0,0.0,13.1667,80,57.83,31.51,-54.5089,22.5781,343.938,1
2018-10-07,1,7.83333,0.0,11.6667,84,60.87,36.2,-54.8393,25.6145,360.0,1
2018-10-07,2,7.5,0.0,11.3333,84,70.38,54.75,-49.6264,26.3548,400.68,1
2018-10-07,3,7.33333,0.0,11.1667,86,68.21,53.81,-45.3373,27.4777,432.667,1
2018-10-07,5,6.83333,0.0,10.5,97,66.28,55.9,-39.5309,30.8717,470.25,1
2018-10-07,7,6.83333,0.0,10.3333,90,49.16,50.48,-42.8497,34.7317,452.4,1
2018-10-07,9,7.5,0.0,10.5,86,36.6,31.01,-44.3671,32.4607,437.143,1
2018-10-07,11,9.83333,0.25,12.3333,63,9.49,31.17,-41.181,35.7691,360.0,1
2018-10-07,13,13.3333,0.25,13.6667,65,15.74,45.54,0.35761,48.8636,241.92,1
2018-10-07,15,16.1667,0.5,14.0,67,27.27,80.56,37.4768,45.0638,216.847,1
2018-10-07,19,16.0,0.5,10.6667,81,52.07,77.49,56.3671,30.3895,194.541,1
2018-10-07,21,13.5,0.25,9.16667,85,78.13,78.44,52.6403,11.8631,269.925,1
2018-10-07,23,10.3333,0.0,7.83333,90,10.81,57.83,52.6403,11.8631,336.0,1
2018-10-08,1,8.0,0.0,6.83333,89,21.7,60.87,48.6816,16.0224,403.015,0
2018-10-08,2,7.33333,0.0,6.33333,90,53.66,70.38,53.6314,20.9722,384.0,0
2018-10-08,3,6.83333,0.0,5.83333,92,64.37,68.21,47.0985,23.6509,439.855,0
2018-10-08,5,6.5,0.0,5.16667,99,86.86,66.28,47.1851,28.2431,466.4,0
2018-10-08,7,5.66667,0.0,4.83333,100,9.8,49.16,42.5657,26.3297,528.0,0
2018-10-08,11,6.16667,0.0,6.66667,59,5.51,9.49,33.7774,18.9939,595.2,0
2018-10-08,13,8.83333,0.0,8.83333,49,13.89,15.74,-5.02556,20.5246,438.6,0
2018-10-08,15,11.6667,0.0,10.8333,48,53.64,27.27,-36.2701,18.7513,251.6,0
2018-10-08,17,11.8333,0.0,11.3333,59,35.63,31.61,-56.3567,23.3435,249.9,0
2018-10-08,19,10.5,0.0,10.5,64,33.19,52.07,-50.8134,21.0474,321.231,0
2018-10-08,21,9.0,0.0,9.16667,75,52.53,78.13,-53.585,22.1954,345.6,0
2018-10-08,23,8.16667,0.0,8.33333,76,27.39,10.81,-47.1179,19.5167,417.72,0
2018-10-09,0,8.0,0.0,8.0,80,44.78,13.16,-54.5089,22.5781,373.32,0
2018-10-09,1,8.0,0.0,7.66667,84,41.14,21.7,-52.6612,21.8128,388.267,0
2018-10-09,2,7.83333,0.0,7.5,86,45.01,53.66,-51.7373,21.4301,390.0,0
2018-10-09,3,7.66667,0.0,7.16667,86,51.06,64.37,-50.8134,21.0474,405.45,0
2018-10-09,5,7.5,0.0,6.5,89,60.34,86.86,-48.9656,20.282,437.25,0
2018-10-09,7,7.5,0.0,5.83333,98,45.67,9.8,-48.9656,20.282,437.25,0
2018-10-09,8,7.83333,0.0,5.66667,99,38.73,12.7,-48.9656,20.282,437.25,0
2018-10-09,10,8.66667,0.0,6.5,79,30.36,5.94,-51.7373,21.4301,375.943,0
2018-10-09,13,10.5,0.0,10.3333,59,39.72,13.89,-47.1179,19.5167,340.267,0
2018-10-09,15,11.3333,0.0,13.1667,54,85.92,53.64,-47.4587,29.5991,273.48,0
2018-10-09,17,11.0,0.0,14.5,63,79.76,35.63,-42.9065,36.4121,291.5,0
2018-10-09,19,9.83333,0.0,14.1667,81,70.55,33.19,-36.0626,36.0626,359.9,0
2018-10-09,21,8.33333,0.0,12.5,93,77.61,52.53,-38.1839,38.1839,385.527,0
2018-10-09,23,7.5,0.0,10.6667,85,87.97,27.39,-40.3053,40.3053,400.68,0
2018-10-10,1,7.0,0.0,9.5,87,62.88,41.14,-36.7697,36.7697,463.6,0
2018-10-10,3,6.66667,0.0,9.0,85,73.24,51.06,-39.5982,39.5982,452.4,0
2018-10-10,5,6.33333,0.0,8.66667,90,100.96,60.34,-37.4768,37.4768,490.629,0
2018-10-10,7,6.0,0.0,8.5,93,76.06,45.67,-36.0626,36.0626,528.0,0
2018-10-10,12,6.5,0.0,12.1667,65,34.05,31.75,-44.3103,30.7803,499.8,0
2018-10-10,17,8.33333,0.0,18.3333,68,116.25,79.76,-0.792519,4.97484,377.4,0
2018-10-10,19,8.0,0.0,17.8333,96,114.39,70.55,-3.56416,-6.12288,360.0,0
2018-10-10,21,7.5,0.0,15.6667,100,98.56,77.61,-15.0727,-19.0839,417.6,0
2018-10-10,23,7.5,0.0,13.1667,93,64.68,87.97,-42.6793,-29.6905,437.25,0
2018-10-11,1,8.0,0.0,11.1667,100,58.18,62.88,-39.9181,-35.5885,421.2,0
2018-10-11,4,9.0,0.0,9.83333,98,78.08,97.93,-36.7697,-36.7697,386.4,0
2018-10-11,5,9.33333,0.0,9.5,97,77.81,100.96,-38.1839,-38.1839,356.4,0
2018-10-11,6,9.5,0.0,9.33333,99,76.76,95.43,-39.5982,-39.5982,339.2,0
2018-10-11,7,9.83333,0.0,9.0,100,75.27,76.06,-40.3053,-40.3053,325.867,0
2018-10-11,9,11.0,0.0,9.0,96,70.09,52.34,-37.4768,-37.4768,321.48,0
2018-10-11,12,13.6667,0.0,11.8333,65,43.79,34.05,-38.1839,-38.1839,255.2,0
2018-10-11,17,16.6667,0.0,18.3333,61,74.56,116.25,-47.3764,-47.3764,180.0,0
2018-10-11,19,16.0,0.0,18.1667,74,65.79,114.39,-45.255,-45.255,202.024,0
2018-10-11,21,15.1667,0.0,16.6667,77,60.02,98.56,-43.1337,-43.1337,218.625,0
2018-10-11,23,14.3333,0.0,15.0,79,42.4,64.68,-41.0124,-41.0124,237.12,0
2018-10-12,1,13.3333,0.0,13.5,82,44.57,58.18,-37.4768,-37.4768,277.114,0
2018-10-12,2,12.6667,0.0,12.8333,85,69.36,78.26,-38.6638,-32.1694,297.0,0
2018-10-12,4,11.6667,0.0,11.6667,87,75.73,78.08,-46.7052,-34.2576,279.138,0
2018-10-12,6,11.0,0.0,10.8333,94,66.95,76.76,-43.8768,-31.4292,313.5,0
2018-10-12,9,10.8333,0.0,10.3333,92,56.27,70.09,-42.9529,-31.0465,317.127,0
2018-10-12,13,12.3333,0.0,15.0,55,49.81,50.13,-55.4328,-22.9608,250.364,0
2018-10-12,15,13.1667,0.0,18.3333,51,71.73,77.13,-49.8895,-20.6647,261.415,0
2018-10-12,17,13.0,0.0,20.1667,58,72.33,74.56,-48.9656,-20.282,277.114,0
2018-10-12,19,11.8333,0.0,19.6667,76,80.05,65.79,-57.2806,-23.7262,258.514,0
2018-10-12,21,10.3333,0.0,17.5,90,79.49,60.02,-48.9656,-20.282,336.3,0
2018-10-12,23,9.33333,0.0,15.1667,90,81.87,42.4,-54.5089,-22.5781,333.9,0
2018-10-13,1,8.66667,0.0,13.3333,93,59.67,44.57,-48.9656,-20.282,380.8,1
2018-10-13,4,7.66667,0.0,11.5,94,90.98,75.73,-10.3358,-13.3938,388.267,1
2018-10-13,6,7.33333,0.0,10.5,97,82.93,66.95,-6.64028,-11.8631,448.0,1
2018-10-13,8,7.5,0.0,9.83333,100,70.35,62.88,-5.7164,-11.4804,453.6,1
2018-10-13,16,11.3333,0.0,19.5,51,84.16,79.61,57.0,0.0,273.48,1
2018-10-13,17,11.3333,0.0,20.0,59,77.76,72.33,58.0,0.0,271.745,1
2018-10-13,19,10.5,0.0,19.1667,83,85.94,80.05,17.4463,-7.27092,324.8,1
2018-10-13,21,9.5,0.0,16.6667,95,69.73,79.49,-11.1836,-14.1592,322.4,1
2018-10-13,23,9.16667,0.0,14.3333,86,71.01,81.87,-50.8134,-21.0474,363.0,1
2018-10-14,1,9.5,0.0,12.3333,91,72.84,59.67,-51.7373,-21.4301,339.2,1
2018-10-14,3,9.66667,0.0,11.5,93,75.44,69.83,-52.6612,-21.8128,325.867,1
2018-10-14,6,9.83333,0.0,10.5,96,55.8,82.93,-54.5089,-22.5781,312.12,1
2018-10-14,8,10.3333,0.0,10.0,100,67.81,70.35,-44.7334,-23.0854,346.92,1
2018-10-14,10,11.1667,0.0,10.8333,78,40.93,50.66,-45.1206,-27.8022,309.12,1
2018-10-14,12,13.0,0.0,13.1667,55,36.22,43.65,-44.7334,-23.0854,281.455,1
2018-10-14,14,15.1667,0.0,17.0,46,49.93,61.18,-56.3567,-23.3435,196.8,1
2018-10-14,17,17.0,0.0,20.3333,52,55.32,77.76,-48.9656,-20.282,221.0,1
2018-10-14,18,16.8333,0.0,20.5,66,56.44,78.48,-47.1179,-19.5167,236.733,1
2018-10-14,19,16.5,0.0,20.1667,73,56.24,85.94,-60.9761,-25.2569,194.133,1
2018-10-14,21,15.3333,0.0,18.5,75,37.85,69.73,-56.3567,-23.3435,218.625,1
2018-10-14,23,14.1667,0.0,16.5,75,37.75,71.01,-52.6612,-21.8128,245.92,1
2018-10-15,6,10.3333,0.0,11.3333,74,53.76,55.8,-48.0418,-19.8994,341.127,0
2018-10-15,7,10.1667,0.0,10.6667,75,33.55,74.92,-47.1179,-19.5167,353.455,0
2018-10-15,8,10.0,0.0,10.3333,77,40.05,67.81,-56.3567,-23.3435,300.0,0
2018-10-15,12,13.6667,0.0,13.6667,45,27.06,36.22,14.5224,-7.6536,253.08,0
2018-10-15,14,16.5,0.0,17.3333,40,43.76,49.93,55.0,0.0,201.318,0
2018-10-15,17,17.3333,0.0,20.0,45,65.53,55.32,51.0,0.0,236.733,0
2018-10-15,19,15.1667,0.0,19.3333,53,61.13,56.24,61.0,0.0,225.318,0
2018-10-15,21,12.8333,0.0,17.5,57,53.93,37.85,51.0,0.0,302.08,0
2018-10-15,23,10.6667,0.0,15.5,62,56.52,37.75,55.0,0.0,321.231,0
2018-10-16,6,7.0,0.0,10.0,81,72.5,53.76,-15.3358,-13.3938,463.6,0
2018-10-16,8,7.16667,0.0,9.0,85,67.34,40.05,-37.2701,-18.7513,436.05,0
2018-10-16,9,7.33333,0.0,9.16667,78,57.22,33.18,-52.6612,-21.8128,420.0,0
2018-10-16,11,8.5,0.0,11.1667,50,50.98,25.33,-30.6507,-16.8379,408.857,0
2018-10-16,12,9.33333,0.0,12.6667,42,44.77,27.06,-6.7164,-11.4804,393.6,0
2018-10-16,14,10.8333,0.0,16.3333,41,81.93,43.76,37.609,-3.06144,305.25,0
2018-10-16,17,10.6667,0.0,19.0,53,97.76,65.53,56.0,0.0,302.4,0
2018-10-16,19,9.33333,0.0,18.0,67,113.6,61.13,60.0,0.0,322.4,0
2018-10-16,21,8.0,0.0,15.5,78,88.27,53.93,52.0,0.0,411.927,0
2018-10-16,23,7.16667,0.0,13.0,82,68.26,56.52,54.0,0.0,432.667,0
2018-10-17,1,6.66667,0.0,11.0,86,63.77,75.65,57.0,0.0,436.05,0
2018-10-17,3,6.5,0.0,10.0,82,68.16,79.42,28.0657,-5.35752,469.05,0
2018-10-17,5,6.66667,0.0,9.33333,82,101.91,79.32,-0.868639,-10.715,490.629,0
2018-10-17,9,6.33333,0.0,9.33333,82,64.06,57.22,-48.0418,-19.8994,509.143,0
2018-10-17,11,6.66667,0.0,11.1667,63,50.74,50.98,-34.5746,-17.2206,509.143,0
2018-10-17,14,8.33333,0.0,16.1667,46,77.3,81.93,15.4463,-7.27092,432.0,0
2018-10-17,17,8.66667,0.0,18.8333,57,120.92,97.76,53.0,0.0,371.25,0
2018-10-17,19,7.83333,0.0,17.6667,76,122.06,113.6,59.0,0.0,360.0,0
2018-10-17,21,6.66667,0.0,14.8333,92,102.8,88.27,29.9134,-4.59216,458.28,0
2018-10-17,23,6.16667,0.0,12.3333,86,90.1,68.26,8.82688,-9.18432,482.4,0
2018-10-18,1,6.0,0.0,10.6667,87,81.73,63.77,-11.2597,-13.7765,480.0,0
2018-10-18,5,5.5,0.0,9.83333,85,97.53,101.91,-26.8791,-11.8631,561.6,0
2018-10-18,7,5.33333,0.0,9.33333,94,94.47,83.86,-30.5746,-5.7402,540.0,0
2018-10-18,9,5.5,0.0,9.33333,91,76.43,64.06,-30.5746,3.44412,540.0,0
2018-10-18,11,6.0,0.0,10.5,65,59.98,50.74,-27.9734,16.5216,540.0,0
2018-10-18,13,6.83333,0.0,13.3333,51,75.0,54.76,-36.1088,33.2848,501.84,0
2018-10-18,15,7.66667,0.0,16.1667,49,92.26,93.72,-16.5938,42.9357,438.6,0
2018-10-18,17,8.33333,0.0,17.5,63,98.27,120.92,11.4634,48.7798,377.4,0
2018-10-18,19,8.33333,0.0,16.8333,95,87.79,122.06,29.6986,49.3837,360.0,0
2018-10-18,21,7.83333,0.0,14.6667,100,50.32,102.8,43.5568,39.1239,374.85,0
2018-10-18,23,7.33333,0.0,12.8333,96,28.63,90.1,44.4703,28.7755,432.667,0
2018-10-19,5,7.5,0.0,10.5,90,56.47,97.53,42.7164,18.4804,443.143,0
2018-10-19,8,7.0,0.0,9.16667,92,12.42,79.48,43.391,10.0614,470.25,0
2018-10-19,9,7.0,0.0,8.83333,85,8.73,76.43,50.391,10.0614,420.0,0
2018-10-19,11,7.33333,0.0,9.0,56,9.83,59.98,48.8582,1.2598,420.0,0
2018-10-19,13,8.0,0.0,10.6667,41,53.96,75.0,51.2492,-8.80164,425.829,0
2018-10-19,15,8.5,0.0,12.6667,41,123.39,92.26,55.2492,-8.80164,360.0,0
2018-10-19,16,8.5,0.0,13.3333,44,123.64,83.04,49.7821,-6.12288,401.85,0
2018-10-19,17,8.5,0.0,13.3333,52,125.56,98.27,50.391,-3.06144,401.85,0
2018-10-19,19,7.83333,0.0,12.0,73,101.89,87.79,58.0,0.0,374.0,0
2018-10-19,21,7.0,0.0,9.5,95,95.06,50.32,51.4169,-7.62853,432.667,0
2018-10-19,23,5.33333,0.0,7.0,96,64.52,28.63,47.4832,-14.8596,486.0,0
2018-10-20,5,5.0,0.25,5.5,90,74.78,56.47,18.6831,6.03337,620.743,1
2018-10-20,6,5.5,0.25,5.83333,87,59.0,35.06,11.6831,12.0334,641.829,1
2018-10-20,8,6.16667,0.71,6.66667,88,14.58,12.42,0.26618,32.6619,624.24,1
2018-10-20,9,6.66667,0.71,6.66667,79,14.49,8.73,-4.80009,46.893,540.0,1
2018-10-20,10,7.0,0.46,7.0,74,13.93,10.9,3.74348,54.0104,480.0,1
2018-10-20,11,7.5,0.46,7.5,65,31.97,9.83,11.3138,51.7821,461.76,1
2018-10-20,12,8.33333,0.69,8.16667,64,20.49,26.96,17.6777,49.097,451.0,1
2018-10-20,13,9.33333,0.69,9.0,67,77.99,53.96,25.456,53.2597,360.0,1
2018-10-20,14,10.5,0.23,9.66667,70,53.97,84.1,34.6484,49.4521,314.743,1
2018-10-20,15,11.3333,0.23,10.1667,69,38.89,123.39,38.891,44.9606,278.25,1
2018-10-20,16,12.0,0.23,10.3333,66,62.04,123.64,36.0626,38.4471,281.455,1
2018-10-20,17,12.3333,0.23,10.3333,60,24.94,125.56,36.7697,36.7697,281.538,1
2018-10-20,19,11.0,0.81,9.66667,85,45.15,101.89,41.7195,41.7195,287.571,1
2018-10-20,21,8.83333,0.81,8.66667,97,67.86,95.06,41.7195,43.2369,343.938,1
2018-10-20,23,7.33333,0.81,7.5,88,21.97,64.52,32.5271,48.0444,384.8,1
2018-10-21,1,6.83333,0.0,6.33333,89,27.98,58.86,16.2635,45.7809,479.467,1
2018-10-21,4,6.16667,0.0,5.0,95,74.14,71.33,4.94977,52.4672,490.629,1
2018-10-21,5,5.83333,0.48,4.66667,94,17.79,74.78,0.0,51.0,528.0,1
2018-10-21,6,5.5,0.48,4.16667,93,33.34,59.0,0.0,56.0,498.343,1
2018-10-21,7,5.33333,0.48,3.83333,95,40.68,31.55,0.0,54.0,536.057,1
2018-10-21,8,5.33333,0.48,3.5,97,31.98,14.58,0.0,52.0,575.143,1
2018-10-21,9,5.33333,0.48,3.66667,92,40.67,14.49,0.0,51.0,595.2,1
2018-10-21,10,5.66667,0.48,4.0,87,30.62,13.93,0.0,57.0,540.0,1
2018-10-21,11,6.0,0.0,4.83333,80,33.44,31.97,-2.67876,50.4672,583.0,1
2018-10-21,12,6.5,0.0,6.0,72,25.72,20.49,-5.35752,50.9343,561.6,1
2018-10-21,13,7.16667,0.0,7.33333,65,31.4,77.99,-8.41896,52.3254,501.84,1
2018-10-21,14,7.66667,0.0,8.83333,60,38.7,53.97,-11.8631,50.6403,461.76,1
2018-10-21,15,8.16667,0.0,10.1667,55,78.31,38.89,-15.3072,48.9552,432.0,1
2018-10-21,16,8.5,0.0,11.3333,54,51.2,62.04,-18.7513,51.2701,377.4,1
2018-10-21,17,8.66667,0.0,11.6667,68,41.1,24.94,-19.5167,47.1179,393.6,1
2018-10-21,19,8.33333,0.0,11.3333,82,30.18,45.15,-19.8994,48.0418,395.2,1
2018-10-21,21,7.66667,0.0,9.5,89,31.13,67.86,-21.8128,52.6612,388.267,1
2018-10-21,23,7.5,0.0,7.66667,87,34.7,21.97,-25.5312,46.638,432.667,1
2018-10-22,1,8.0,0.0,6.33333,87,49.7,27.98,-31.0465,42.9529,421.2,0
2018-10-22,3,9.0,0.0,5.66667,85,50.37,13.76,-36.0626,36.0626,393.6,0
2018-10-22,4,9.33333,0.0,5.33333,81,55.01,74.14,-38.1839,38.1839,356.4,0
2018-10-22,5,9.83333,0.0,5.16667,79,67.37,17.79,-39.5982,39.5982,327.6,0
2018-10-22,6,10.1667,0.0,5.33333,78,55.49,33.34,-41.7195,41.7195,300.0,0
2018-10-22,7,10.5,0.0,5.33333,77,58.36,40.68,-36.7697,36.7697,334.08,0
2018-10-22,8,10.6667,1.07,5.5,78,52.99,31.98,-37.4768,37.4768,321.48,0
2018-10-22,10,11.1667,2.14,6.33333,77,22.12,30.62,-35.3223,41.2755,305.455,0
2018-10-22,11,11.5,2.95,7.0,74,17.79,33.44,-32.1363,44.5839,294.0,0
2018-10-22,12,12.0,2.95,7.5,75,17.67,25.72,-29.3329,48.8161,271.745,0
2018-10-22,13,12.5,3.43,8.0,78,20.79,31.4,-21.5547,55.0379,240.0,0
2018-10-22,14,13.0,2.36,8.66667,81,24.34,38.7,-9.567,51.097,265.5,0
2018-10-22,15,13.5,1.29,9.16667,80,31.1,78.31,4.9247,52.9448,251.631,0
2018-10-22,16,13.8333,1.29,9.33333,77,19.28,51.2,19.7991,53.8686,248.571,0
2018-10-22,17,14.0,0.96,9.16667,72,44.86,41.1,29.6986,49.7682,248.571,0
2018-10-22,19,13.5,0.48,8.66667,74,21.48,30.18,38.891,41.9258,257.914,0
2018-10-22,21,12.0,0.48,7.5,77,17.29,31.13,44.5479,46.7156,249.171,0
2018-10-22,23,10.3333,0.0,6.66667,74,7.82,34.7,37.4768,43.5464,343.385,0
2018-10-23,1,9.16667,0.0,6.16667,73,10.99,49.7,28.2844,52.354,345.6,0
2018-10-23,3,9.5,0.0,6.0,75,9.84,50.37,8.90118,52.8686,352.8,0
2018-10-23,4,10.3333,0.0,6.0,75,23.55,55.01,-1.67229,54.7164,325.867,0
2018-10-23,5,11.5,0.53,6.0,78,22.36,67.37,-13.3938,50.3358,313.6,0
2018-10-23,6,13.0,1.06,6.0,81,22.79,55.49,-19.5167,47.1179,276.12,0
2018-10-23,7,14.8333,1.06,6.0,84,21.19,58.36,-22.5781,54.5089,198.545,0
2018-10-23,8,17.0,3.32,5.83333,85,18.01,52.99,-20.6647,49.8895,204.6,0
2018-10-23,10,21.5,8.55,5.66667,93,12.23,22.12,-26.0222,62.8238,131.04,0
2018-10-23,11,24.6667,9.59,5.83333,91,9.69,17.79,-28.659,42.189,168.192,0
2018-10-23,12,27.8333,10.63,6.16667,91,10.64,17.67,-43.8408,43.8408,121.333,0
2018-10-23,13,31.1667,10.63,6.66667,89,10.68,20.79,-50.9119,50.9119,103.68,0
2018-10-23,14,32.6667,10.45,7.5,87,11.72,24.34,-54.4475,54.4475,91.4595,0
2018-10-23,15,37.0,10.27,8.33333,85,8.88,31.1,-40.5302,57.8486,118.32,0
2018-10-23,16,41.8333,7.3,9.0,84,11.38,19.28,-19.5167,47.1179,117.647,0
2018-10-23,17,45.5,5.73,9.33333,78,15.0,44.86,-21.4301,51.7373,107.143,0
2018-10-23,19,48.6667,7.99,9.5,81,26.83,21.48,-19.5167,47.1179,117.647,0
2018-10-23,21,47.1667,3.83,8.83333,81,11.89,17.29,-32.5278,78.5298,88.0,0
2018-10-23,23,38.0,3.83,8.0,88,3.76,7.82,20.5062,60.7925,137.824,0
2018-10-24,1,32.6667,2.54,7.16667,88,2.54,10.99,44.5479,50.8343,122.897,0
2018-10-24,3,34.1667,3.33,6.5,86,20.8,9.84,48.7906,48.7906,100.04,0
2018-10-24,4,37.5,3.33,6.16667,84,26.45,23.55,58.6901,58.6901,77.5385,0
2018-10-24,5,41.1667,3.33,5.83333,81,35.51,22.36,76.383,49.8642,62.5909,0
2018-10-24,6,43.6667,1.58,5.5,77,13.24,22.79,47.1179,19.5167,117.647,0
2018-10-24,7,46.3333,0.79,5.16667,76,11.82,21.19,92.388,38.268,62.4,0
2018-10-24,9,46.3333,0.0,4.66667,68,11.82,25.07,72.9042,48.009,78.8087,0
2018-10-24,10,44.3333,0.0,4.66667,61,10.6,12.23,67.3609,45.7129,88.7442,0
2018-10-24,11,42.5,0.0,4.83333,56,13.74,9.69,71.1388,29.4664,100.17,0
2018-10-24,12,41.6667,0.0,5.16667,52,11.68,10.64,71.1388,29.4664,91.4595,0
2018-10-24,13,41.8333,0.0,5.83333,49,11.48,10.68,77.6059,32.1451,77.28,0
2018-10-24,14,43.1667,0.0,6.5,50,21.01,11.72,84.0731,34.8239,67.9364,0
2018-10-24,15,44.6667,0.0,7.0,52,29.21,8.88,36.0626,36.0626,117.647,0
2018-10-24,16,46.1667,0.0,7.33333,55,54.42,11.38,70.711,70.711,62.4,0
2018-10-24,17,46.6667,0.0,7.5,59,32.23,15.0,67.1754,67.1754,70.0898,0
2018-10-24,19,42.6667,0.0,7.0,67,19.36,26.83,56.5688,56.5688,98.4558,0
2018-10-24,21,32.1667,0.0,6.16667,68,12.82,11.89,36.7697,36.7697,180.96,0
2018-10-24,23,20.8333,0.0,5.16667,74,11.3,3.76,55.1546,55.1546,191.36,0
2018-10-25,0,16.1667,0.0,4.66667,77,11.46,3.84,41.0124,43.1801,279.273,0
2018-10-25,1,12.6667,0.0,4.16667,81,17.69,2.54,47.3764,51.495,279.0,0
2018-10-25,2,10.6667,0.0,3.5,86,46.67,6.56,31.82,44.9386,346.48,0
2018-10-25,3,9.83333,0.0,3.16667,82,27.87,20.8,31.82,54.9386,310.08,0
2018-10-25,4,10.0,1.12,3.16667,81,44.8,26.45,17.3865,53.5707,323.345,0
2018-10-25,5,10.5,2.24,3.16667,83,40.28,35.51,5.01613,56.8791,300.0,0
2018-10-25,6,11.3333,2.24,3.5,90,25.59,13.24,-13.3938,51.3358,300.667,0
2018-10-25,7,12.3333,2.24,4.0,98,20.26,11.82,-18.7513,55.2701,250.92,0
2018-10-25,9,14.6667,2.24,5.83333,88,12.67,11.82,-22.1954,53.585,223.385,0
2018-10-25,10,16.6667,1.12,6.83333,83,15.27,10.6,-17.2206,59.5746,187.971,0
2018-10-25,11,19.0,0.41,8.0,78,14.81,13.74,10.8478,54.9552,174.0,0
2018-10-25,12,21.3333,0.41,9.0,72,19.78,11.68,36.0626,47.1179,171.55,0
2018-10-25,13,23.5,0.89,9.83333,68,18.19,11.48,38.891,50.8134,156.8,0
2018-10-25,14,25.3333,0.89,10.5,66,18.24,21.01,39.5982,51.7373,154.286,0
2018-10-25,15,26.6667,0.89,10.6667,66,15.59,29.21,38.891,50.8134,159.557,0
2018-10-25,16,26.6667,0.89,10.6667,68,12.44,54.42,37.4768,48.9656,167.733,0
2018-10-25,17,26.0,0.48,10.3333,84,13.65,32.23,54.4475,71.1388,120.0,0
2018-10-25,18,24.8333,0.48,10.0,86,14.09,17.92,51.619,67.4432,134.538,0
2018-10-25,19,23.3333,0.0,9.5,86,16.7,19.36,48.0835,62.8238,151.2,0
2018-10-25,21,20.3333,0.0,8.66667,85,21.31,12.82,41.0124,53.585,198.0,0
2018-10-25,23,17.3333,0.0,8.0,86,7.04,11.3,48.7906,63.7477,180.0,0
