data,timeofday,windspeed6,opady6,temp6,rhumid,index_avg,prev_index_avg,wind_dir_ns,wind_dir_ew,dispel50,is_weekend
2017-11-04,5,7.66667,0.0,5.66667,85,14.5,11.0,-31.163,45.2342,402.8,1
2017-11-04,6,7.83333,0.0,5.66667,85,14.0,10.0,-34.0828,43.2832,414.72,1
2017-11-04,7,7.83333,0.0,5.66667,82,18.5,12.0,-37.6471,37.1059,408.857,1
2017-11-04,8,8.0,0.0,5.66667,82,10.0,12.0,-37.6471,37.1059,408.857,1
2017-11-04,9,8.33333,0.0,6.0,80,15.0,11.5,-40.0884,35.2176,392.229,1
2017-11-04,10,8.83333,0.0,6.66667,62,17.5,12.5,-44.3774,34.0946,360.0,1
2017-11-04,11,9.5,0.0,7.16667,57,18.5,13.0,-22.0636,22.7808,380.8,1
2017-11-04,12,10.5,0.0,7.83333,54,15.5,11.0,-27.7101,11.442,313.65,1
2017-11-04,13,12.0,0.0,8.66667,53,18.5,12.5,-30.5746,-3.44412,265.2,1
2017-11-04,14,13.3333,0.0,9.5,54,16.0,12.0,2.05524,-10.3324,248.727,1
2017-11-04,15,13.6667,0.0,10.0,61,16.0,8.5,-23.7268,-16.4552,214.338,1
2017-11-04,16,13.5,0.0,10.0,72,29.5,14.0,0.283601,-11.4804,230.4,1
2017-11-04,17,13.0,0.0,10.0,86,38.5,11.0,23.2179,-6.12288,279.0,1
2017-11-04,18,12.6667,0.0,9.83333,84,36.0,8.0,33.2179,-6.12288,257.4,1
2017-11-04,19,12.1667,0.0,9.33333,82,38.0,16.0,29.2179,-6.12288,294.0,1
2017-11-04,20,11.8333,0.0,8.83333,79,50.0,19.0,31.9896,-4.97484,291.5,1
2017-11-04,21,12.5,0.0,8.5,76,37.5,18.0,7.05524,-10.3324,250.92,1
2017-11-04,22,13.1667,0.0,8.16667,74,33.0,21.0,-27.7268,-16.4552,245.1,1
2017-11-05,0,14.1667,0.0,7.5,75,29.0,27.0,-53.585,-22.1954,230.4,1
2017-11-05,1,14.3333,0.0,7.33333,76,28.5,19.5,-53.585,-22.1954,243.6,1
2017-11-05,2,14.1667,0.0,7.16667,75,25.0,19.0,-24.803,-16.0726,248.571,1
2017-11-05,3,13.6667,0.0,7.0,76,27.0,14.0,1.13136,-10.715,257.914,1
2017-11-05,4,13.5,0.0,7.0,77,24.0,18.0,27.0657,-5.35752,267.429,1
2017-11-05,5,13.1667,0.0,6.83333,80,23.5,14.5,53.0,0.0,277.114,1
2017-11-05,6,12.8333,0.0,6.66667,82,25.5,14.0,51.0,0.0,291.877,1
2017-11-05,7,12.3333,0.0,6.5,82,27.0,18.5,63.0,0.0,240.0,1
2017-11-05,8,12.1667,0.0,6.5,80,26.0,10.0,61.0,0.0,259.2,1
2017-11-05,9,12.3333,0.0,6.66667,75,25.0,15.0,60.0,0.0,269.077,1
2017-11-05,10,13.0,0.0,7.16667,71,28.5,17.5,61.0,0.0,249.9,1
2017-11-05,11,13.6667,0.0,8.0,65,25.0,18.5,21.294,6.50556,248.727,1
2017-11-05,12,14.1667,0.0,9.0,61,22.0,15.5,26.294,6.50556,206.7,1
2017-11-05,13,14.8333,0.0,10.1667,61,28.5,18.5,29.294,6.50556,196.114,1
2017-11-05,14,15.3333,0.0,11.0,62,21.5,16.0,30.294,6.50556,209.647,1
2017-11-05,15,15.0,0.0,11.6667,66,26.5,16.0,61.0,0.0,218.625,1
2017-11-05,16,14.1667,0.0,11.8333,68,31.0,29.5,33.9134,-4.59216,245.92,1
2017-11-05,17,13.5,0.0,11.8333,84,24.0,38.5,7.82688,-9.18432,273.28,1
2017-11-05,18,12.6667,0.0,11.5,85,33.0,36.0,-18.2597,-13.7765,302.08,1
2017-11-05,19,11.6667,0.0,11.0,85,32.0,38.0,-27.4985,-17.6033,276.48,1
2017-11-05,20,10.8333,0.0,10.5,84,25.0,50.0,-50.8134,-21.0474,313.5,1
2017-11-05,21,10.5,0.0,10.0,83,33.0,37.5,-46.7979,-23.5263,336.3,1
2017-11-05,22,10.1667,0.0,9.5,81,41.0,33.0,-42.7825,-26.0053,359.9,1
2017-11-06,0,9.83333,0.0,8.66667,83,30.0,29.0,-45.8381,-35.5553,312.12,0
2017-11-06,1,9.66667,0.0,8.33333,84,37.0,28.5,-45.8381,-35.5553,300.0,0
2017-11-06,2,9.33333,0.0,8.0,91,38.0,25.0,-44.9142,-35.1726,324.48,0
2017-11-06,3,9.16667,0.0,7.66667,88,33.0,27.0,-45.2342,-31.163,349.92,0
2017-11-06,4,8.66667,0.0,7.5,85,34.0,24.0,-46.478,-27.536,363.0,0
2017-11-06,5,8.33333,0.0,7.33333,83,37.5,23.5,-32.4069,-20.4649,403.68,0
2017-11-06,6,7.66667,0.0,7.16667,91,36.0,25.5,-24.4069,-20.4649,360.0,0
2017-11-06,7,7.5,0.0,7.0,89,34.5,27.0,-11.3358,-13.3938,414.72,0
2017-11-06,8,7.16667,0.0,7.16667,86,35.0,26.0,-8.56416,-6.88824,437.25,0
2017-11-06,9,6.83333,0.0,7.5,81,35.0,25.0,-6.7164,-1.53072,470.25,0
2017-11-06,10,7.5,0.0,7.83333,73,36.0,28.5,-13.1836,1.14804,420.0,0
2017-11-06,11,7.5,0.0,8.33333,71,33.0,25.0,-1.68708,17.8163,443.143,0
2017-11-06,12,8.16667,0.0,8.83333,71,34.0,22.0,-14.344,23.4732,437.25,0
2017-11-06,13,8.83333,0.0,9.33333,73,34.0,28.5,-29.4151,30.5443,377.4,0
2017-11-06,14,9.33333,0.0,9.66667,74,25.0,21.5,-33.1574,38.0282,349.8,0
2017-11-06,15,9.66667,0.0,9.66667,76,17.0,26.5,-31.0582,44.047,314.743,0
2017-11-06,16,9.16667,0.0,9.66667,77,25.5,31.0,-28.0352,49.6832,335.345,0
2017-11-06,17,8.83333,0.0,9.5,85,24.5,24.0,-18.1688,46.9115,341.85,0
2017-11-06,18,8.33333,0.0,9.33333,85,17.0,33.0,-8.26928,46.7979,389.88,0
2017-11-06,19,7.66667,0.0,9.16667,84,21.0,32.0,-3.31951,53.2651,360.0,0
2017-11-06,20,7.33333,0.0,9.0,83,24.0,25.0,8.70136,51.1438,412.364,0
2017-11-06,21,7.16667,0.0,8.83333,82,19.0,33.0,17.8606,45.9309,448.0,0
2017-11-06,22,7.33333,0.0,8.66667,81,24.0,41.0,28.6958,40.6774,463.6,0
2017-11-07,0,8.16667,0.0,8.16667,83,17.0,30.0,44.7979,28.4155,395.2,0
2017-11-07,1,8.16667,0.0,7.83333,84,23.0,37.0,48.5553,22.8723,375.943,0
2017-11-07,2,8.33333,0.0,7.33333,88,23.0,38.0,50.6055,16.4051,375.943,0
2017-11-07,3,8.33333,0.0,6.83333,88,19.0,33.0,53.6557,11.4553,360.0,0
2017-11-07,4,8.5,0.0,6.33333,90,20.5,34.0,56.706,6.50556,360.0,0
2017-11-07,5,8.5,0.0,5.83333,90,21.5,37.5,50.2388,-3.8268,417.72,0
2017-11-07,6,8.83333,0.0,5.5,85,17.5,36.0,49.4776,-7.6536,401.85,0
2017-11-07,7,9.5,0.0,5.16667,84,11.0,34.5,50.7164,-11.4804,361.029,0
2017-11-07,8,9.83333,0.0,5.0,82,19.5,35.0,51.4946,-19.2586,313.65,0
2017-11-07,9,10.3333,0.0,5.33333,76,16.5,35.0,42.5657,-26.3297,346.92,0
2017-11-07,10,10.6667,0.0,5.66667,66,15.5,36.0,41.1051,-30.2811,334.08,0
2017-11-07,11,11.3333,0.0,6.16667,64,19.0,33.0,36.4585,-37.5409,309.12,0
2017-11-07,12,12.0,0.23,6.66667,64,19.0,34.0,37.1192,-43.6136,271.745,0
2017-11-07,13,12.5,0.23,7.16667,64,20.0,34.0,32.1694,-38.6638,281.455,0
2017-11-07,14,13.1667,0.23,7.83333,66,22.5,25.0,34.2908,-40.7852,255.2,0
2017-11-07,15,13.5,0.23,8.16667,69,19.0,17.0,35.0561,-42.6329,248.571,0
2017-11-07,16,13.5,0.23,8.33333,79,20.0,25.5,30.1314,-44.7438,257.914,0
2017-11-07,17,13.5,0.23,8.33333,83,26.0,24.5,24.8241,-45.9309,277.114,0
2017-11-07,18,13.5,0.23,8.33333,79,40.0,17.0,20.282,-48.9656,277.114,0
2017-11-07,19,13.5,0.23,8.33333,75,41.0,21.0,20.282,-48.9656,271.385,0
2017-11-07,20,13.5,0.23,8.0,71,49.0,24.0,20.6647,-49.8895,255.2,0
2017-11-07,21,14.0,0.23,7.66667,67,35.0,19.0,16.0726,-52.803,248.571,0
2017-11-07,22,14.6667,0.23,7.33333,63,27.0,24.0,10.715,-55.8686,230.4,0
2017-11-08,0,14.5,0.0,6.5,61,20.0,17.0,0.0,-59.0,221.571,0
2017-11-08,1,14.0,0.0,6.0,61,23.5,23.0,0.0,-59.0,235.125,0
2017-11-08,2,13.6667,0.0,5.5,66,20.0,23.0,-4.20948,-53.1627,279.0,0
2017-11-08,3,13.3333,0.0,4.83333,64,20.0,19.0,-8.80164,-64.2492,240.0,0
2017-11-08,4,13.1667,0.0,4.5,60,23.0,20.5,-14.1592,-48.1836,297.0,0
2017-11-08,5,13.5,0.0,4.0,61,22.5,21.5,-19.8994,-48.0418,270.327,0
2017-11-08,6,13.5,0.0,3.83333,58,26.5,17.5,-21.4301,-51.7373,235.2,0
2017-11-08,7,14.1667,0.0,3.5,52,26.5,11.0,-22.1954,-53.585,230.4,0
2017-11-08,8,14.5,0.0,3.5,53,27.5,19.5,-22.5781,-54.5089,228.48,0
2017-11-08,9,14.6667,0.0,3.5,56,33.0,16.5,-22.1954,-53.585,237.12,0
2017-11-08,10,15.0,0.0,3.66667,63,26.5,15.5,-22.1954,-53.585,230.4,0
2017-11-08,11,15.8333,0.0,4.16667,56,31.0,19.0,-23.3435,-56.3567,211.68,0
2017-11-08,12,16.3333,0.0,4.66667,56,31.5,19.0,-19.8994,-48.0418,216.72,0
2017-11-08,13,16.6667,0.0,5.33333,56,28.6667,20.0,-20.6647,-49.8895,209.012,0
2017-11-08,14,16.6667,0.0,5.83333,57,35.0,22.5,-20.6647,-49.8895,221.76,0
2017-11-08,15,16.5,0.0,6.5,61,44.125,19.0,-26.0222,-62.8238,193.44,0
2017-11-08,16,15.6667,0.0,6.5,69,37.5,20.0,-23.7262,-57.2806,217.412,0
2017-11-08,17,14.3333,0.0,6.33333,72,41.0,26.0,-21.8128,-52.6612,258.353,0
2017-11-08,18,14.0,0.0,6.0,72,51.25,40.0,-19.8994,-48.0418,286.971,0
2017-11-08,19,13.5,0.0,5.66667,73,41.0,41.0,-20.282,-48.9656,277.114,0
2017-11-08,20,13.3333,0.0,5.16667,75,44.0,49.0,-20.282,-48.9656,265.5,0
2017-11-08,21,12.6667,0.0,4.66667,77,43.0,35.0,-20.6647,-49.8895,255.2,0
2017-11-08,22,12.5,0.0,4.5,79,46.0,27.0,-19.8994,-48.0418,292.32,0
2017-11-09,0,10.8333,0.0,3.83333,81,43.0,20.0,-18.3686,-52.3462,318.171,0
2017-11-09,1,10.1667,0.0,3.5,81,39.0,23.5,-13.0111,-48.4119,366.277,0
2017-11-09,2,9.5,0.0,3.33333,64,32.0,20.0,-13.0111,-58.4119,321.6,0
2017-11-09,3,9.5,0.0,3.16667,65,40.5,20.0,-8.03628,-55.4015,337.08,0
2017-11-09,4,9.0,0.0,2.83333,66,35.0,23.0,-4.20948,-56.1627,347.564,0
2017-11-09,5,8.83333,0.0,2.66667,68,35.0,22.5,0.0,-54.0,356.4,0
2017-11-09,6,8.33333,0.0,2.33333,69,36.0,26.5,-2.67876,-52.4672,380.8,0
2017-11-09,7,7.83333,0.0,2.33333,64,38.5,26.5,-4.97484,-58.0104,360.0,0
2017-11-09,8,7.5,0.0,2.33333,66,35.5,27.5,-7.6536,-55.4776,400.68,0
2017-11-09,9,6.83333,0.0,2.33333,66,35.5,33.0,-10.3324,-51.9448,432.667,0
2017-11-09,10,7.0,0.0,2.83333,73,37.5,26.5,-14.575,-47.1874,488.52,0
2017-11-09,11,7.0,0.0,3.5,69,34.0,31.0,-20.939,-40.8234,420.0,0
2017-11-09,12,7.5,0.0,4.33333,64,36.5,31.5,-13.939,-30.8234,436.05,0
2017-11-09,13,7.83333,0.0,5.0,61,37.5,28.6667,-19.5752,-12.9121,451.0,0
2017-11-09,14,8.16667,0.0,5.66667,60,38.5,35.0,-25.594,-3.92475,408.857,0
2017-11-09,15,8.66667,0.0,6.33333,63,43.315,44.125,-29.2792,8.9064,375.943,0
2017-11-09,16,8.5,0.0,6.33333,73,45.75,37.5,-28.7218,25.9802,395.2,0
2017-11-09,17,8.5,0.0,6.16667,75,42.0,41.0,-28.0147,25.2731,393.6,0
2017-11-09,18,8.16667,0.0,6.0,75,50.63,51.25,-37.6935,31.7403,409.867,0
2017-11-09,19,7.83333,0.0,5.66667,75,52.5,41.0,-40.3722,38.2074,374.0,0
2017-11-09,20,7.66667,0.0,5.33333,75,56.25,44.0,-34.7361,41.2305,402.8,0
2017-11-09,21,8.0,0.0,5.0,76,52.5,43.0,-29.4826,45.1774,417.6,0
2017-11-09,22,8.5,0.0,5.0,77,52.5,46.0,-23.1186,49.8134,388.267,0
2017-11-10,0,10.0,0.0,4.66667,85,43.0,43.0,-17.2206,52.5746,314.743,0
2017-11-10,1,10.8333,0.0,4.5,87,54.065,39.0,-16.0726,49.803,305.25,0
2017-11-10,2,11.0,0.0,4.5,82,56.25,32.0,-17.6033,53.4985,282.764,0
2017-11-10,3,11.1667,0.0,4.5,84,48.065,40.5,-21.0474,50.8134,305.455,0
2017-11-10,4,11.6667,0.0,4.5,86,51.815,35.0,-21.4301,51.7373,302.4,0
2017-11-10,5,12.0,0.0,4.66667,86,53.125,35.0,-22.1954,53.585,271.745,0
2017-11-10,6,12.5,0.0,5.0,86,50.565,36.0,-23.3435,56.3567,249.9,0
2017-11-10,7,12.8333,0.0,5.33333,84,49.0,38.5,-25.2067,46.8547,255.2,0
2017-11-10,8,13.8333,0.0,5.5,81,47.5,35.5,-30.5141,45.6677,248.571,0
2017-11-10,9,14.6667,0.0,5.66667,78,43.5,35.5,-30.8968,46.5916,239.4,0
2017-11-10,10,15.6667,0.0,6.0,78,41.0,37.5,-37.5602,45.6782,212.914,0
2017-11-10,11,16.3333,0.56,6.33333,75,37.5,34.0,-25.4147,44.3567,216.72,0
2017-11-10,12,17.1667,0.56,6.5,74,30.0,36.5,-32.4025,43.2264,201.318,0
2017-11-10,13,17.6667,0.56,6.83333,74,17.0,37.5,-33.8167,44.6407,200.34,0
2017-11-10,14,18.1667,0.56,7.0,75,18.0,38.5,-38.1839,38.1839,213.333,0
2017-11-10,15,18.5,1.3,7.16667,76,25.0,43.315,-38.1839,38.1839,217.579,0
2017-11-10,16,18.0,1.3,7.0,78,17.0,45.75,-38.1839,38.1839,209.012,0
2017-11-10,17,17.8333,0.74,6.83333,81,18.0,42.0,-38.1839,38.1839,213.333,0
2017-11-10,18,17.5,1.48,6.66667,81,29.0,50.63,-37.4768,37.4768,225.095,0
2017-11-10,21,17.8333,1.93,6.0,80,13.0,52.5,-43.7168,33.434,193.765,0
2017-11-10,22,18.1667,1.93,6.0,80,10.0,52.5,-47.4019,27.9187,207.36,0
2017-11-11,0,21.5,2.38,6.0,79,9.0,43.0,-58.2044,24.1088,144.847,1
2017-11-11,1,21.3333,3.5,6.0,77,9.5,54.065,-44.0367,29.4243,162.222,1
2017-11-11,2,21.3333,2.31,6.0,85,9.0,56.25,-57.4718,42.8594,139.2,1
2017-11-11,3,21.5,3.43,5.83333,87,7.0,48.065,-45.9622,45.9622,181.867,1
2017-11-11,4,21.8333,3.43,5.66667,87,8.5,51.815,-39.5982,39.5982,202.926,1
2017-11-11,5,21.3333,3.43,5.33333,89,9.5,53.125,-34.1993,45.5645,188.779,1
2017-11-11,6,20.8333,2.24,5.0,87,7.5,50.565,-29.9486,54.3026,150.333,1
2017-11-11,7,21.0,2.03,4.66667,89,7.5,49.0,-26.4049,63.7477,130.743,1
2017-11-11,8,21.1667,2.03,4.33333,84,5.0,47.5,-26.0222,62.8238,151.2,1
2017-11-11,9,22.0,0.91,4.33333,79,5.0,43.5,-24.4915,59.1283,174.0,1
2017-11-11,10,22.5,1.47,4.33333,74,7.0,41.0,-24.1088,58.2044,160.74,1
2017-11-11,11,22.5,1.47,4.5,73,5.0,37.5,-25.6396,61.9,136.74,1
2017-11-11,12,22.1667,1.47,4.83333,75,7.0,30.0,-27.1703,65.5955,130.226,1
2017-11-11,13,22.8333,0.56,5.16667,75,10.0,17.0,-26.7876,64.6716,140.4,1
2017-11-11,14,23.3333,0.56,5.33333,75,12.5,18.0,-26.7876,64.6716,140.4,1
2017-11-11,15,23.1667,1.4,5.33333,75,10.0,25.0,-26.4049,63.7477,135.873,1
2017-11-11,16,22.3333,0.84,5.33333,76,13.0,17.0,-26.4049,63.7477,145.75,1
2017-11-11,17,21.5,0.84,5.33333,77,12.0,18.0,-24.4915,59.1283,169.304,1
2017-11-11,18,20.6667,0.84,5.0,78,11.0,29.0,-22.9608,55.4328,189.382,1
2017-11-11,21,17.5,1.27,4.33333,79,13.0,13.0,-25.032,43.4328,232.941,1
2017-11-11,22,16.8333,2.54,4.16667,81,18.0,10.0,-36.3457,54.7465,180.0,1
2017-11-12,1,15.5,2.54,4.0,81,15.5,9.5,-44.5479,44.5479,202.725,1
2017-11-12,2,14.8333,2.54,3.83333,82,10.0,9.0,-42.4266,42.4266,220.0,1
2017-11-12,3,14.1667,1.27,3.66667,82,11.5,7.0,-41.0124,41.0124,243.6,1
2017-11-12,4,13.5,0.0,3.5,83,12.3333,8.5,-38.1839,38.1839,279.0,1
2017-11-12,5,13.3333,0.0,3.33333,83,11.0,9.5,-42.3934,48.3466,248.625,1
2017-11-12,6,13.1667,0.0,3.16667,82,10.0,7.5,-27.6274,41.6986,291.877,1
2017-11-12,7,13.3333,0.0,3.0,82,10.0,7.5,-24.1752,46.3644,265.5,1
2017-11-12,8,13.5,0.0,3.0,81,9.5,5.0,-21.0474,50.8134,238.255,1
2017-11-12,9,13.8333,0.0,3.0,78,9.5,5.0,-22.1954,53.585,237.12,1
2017-11-12,10,14.8333,0.0,3.16667,77,9.0,7.0,-21.8128,52.6612,245.92,1
2017-11-12,11,15.1667,0.0,3.5,70,9.0,5.0,-22.5781,54.5089,221.571,1
2017-11-12,12,15.5,0.0,3.83333,63,11.5,7.0,-23.7262,57.2806,196.114,1
2017-11-12,13,16.0,0.0,4.33333,59,12.0,10.0,-19.5167,47.1179,232.941,1
2017-11-12,14,15.8333,0.0,4.83333,60,13.0,12.5,-19.5167,47.1179,232.941,1
2017-11-12,15,15.3333,0.0,5.16667,62,13.0,10.0,-24.4915,59.1283,202.024,1
2017-11-12,16,14.0,0.0,5.16667,66,10.0,13.0,-25.7642,51.2006,249.882,1
2017-11-12,17,12.3333,0.0,5.0,74,15.0,12.0,-32.1282,57.5646,240.0,1
2017-11-12,18,10.3333,0.0,4.83333,77,22.0,11.0,-30.5724,46.8084,330.353,1
2017-11-12,19,8.5,0.0,4.33333,78,39.0,16.0,-34.1079,50.3439,349.412,1
2017-11-12,21,7.33333,0.0,3.5,77,10.0,13.0,-28.9934,31.5765,408.738,1
2017-11-12,22,7.66667,0.3,3.33333,76,34.0,18.0,-30.3825,13.2021,439.855,1
2017-11-13,1,10.0,0.3,2.83333,77,31.5,15.5,-20.0008,-38.9896,316.2,0
2017-11-13,2,10.5,0.3,2.66667,88,34.0,10.0,-18.6098,-46.9282,326.8,0
2017-11-13,3,10.8333,0.3,2.5,89,28.5,11.5,-8.03628,-50.7268,317.127,0
2017-11-13,4,10.8333,0.84,2.33333,91,28.0,12.3333,0.38268,-50.7268,309.12,0
2017-11-13,5,10.8333,1.68,2.16667,92,31.5,11.0,8.41896,-51.6507,305.455,0
2017-11-13,6,10.6667,1.68,2.0,92,32.5,10.0,19.6995,-48.5591,317.127,0
2017-11-13,7,10.3333,1.68,2.0,93,34.5,10.0,26.7706,-44.6302,329.018,0
2017-11-13,8,10.0,1.68,2.0,92,32.0,9.5,31.5612,-34.4676,353.455,0
2017-11-13,9,10.0,2.19,2.0,92,36.5,9.5,40.5612,-34.4676,311.564,0
2017-11-13,10,10.5,2.26,2.0,84,35.5,9.0,47.3517,-24.3049,311.564,0
2017-11-13,11,11.1667,1.42,2.16667,81,35.0,9.0,50.0711,-7.0711,321.48,0
2017-11-13,12,11.3333,1.42,2.33333,78,32.0,11.5,55.9343,5.35752,263.467,0
2017-11-13,13,11.5,1.42,2.66667,76,29.0,12.0,57.097,9.567,240.0,0
2017-11-13,14,11.5,1.42,3.0,77,27.5,13.0,57.3358,13.3938,250.364,0
2017-11-13,15,11.1667,0.91,3.33333,78,28.0,13.0,52.6998,19.7578,297.6,0
2017-11-13,16,10.5,0.0,3.5,84,42.0,10.0,45.0638,26.1218,350.314,0
2017-11-13,17,9.83333,0.0,3.5,84,31.0,15.0,52.1349,33.1929,310.371,0
2017-11-13,18,9.5,0.0,3.5,86,34.0,22.0,46.2717,37.0742,323.345,0
2017-11-13,21,10.6667,0.0,3.0,86,15.0,10.0,37.4768,46.7979,321.48,0
2017-11-14,0,11.3333,0.0,2.66667,88,18.0,26.0,32.5271,53.4985,291.5,0
2017-11-14,1,11.0,0.0,2.5,87,21.0,31.5,31.82,52.5746,302.4,0
2017-11-14,2,10.6667,0.0,2.16667,87,12.0,34.0,30.4057,50.7268,317.127,0
2017-11-14,4,10.3333,0.0,1.33333,87,11.0,28.0,36.0626,47.1179,353.455,0
2017-11-14,6,9.83333,0.0,1.0,79,12.0,32.5,43.1337,56.3567,300.0,0
2017-11-14,7,9.83333,0.0,0.833333,83,15.0,34.5,41.7195,54.5089,312.12,0
2017-11-14,8,9.83333,0.0,0.833333,82,21.0,32.0,41.7195,54.5089,312.12,0
2017-11-14,9,10.0,0.0,1.0,78,14.5,36.5,34.6484,55.2701,300.0,0
2017-11-14,10,10.1667,0.0,1.5,72,16.0,35.5,28.2844,56.9552,311.564,0
2017-11-14,12,11.6667,0.0,2.66667,60,9.0,32.0,7.0711,54.2388,297.0,0
2017-11-14,13,12.6667,0.0,3.33333,57,11.5,29.0,0.0,60.0,240.0,0
2017-11-14,14,13.5,0.0,3.83333,58,13.0,27.5,0.0,56.0,235.2,0
2017-11-14,15,14.0,0.0,4.16667,62,9.0,28.0,0.0,59.0,214.338,0
2017-11-14,16,13.6667,0.0,4.0,65,9.5,42.0,0.0,59.0,228.48,0
2017-11-14,17,13.3333,0.0,3.66667,67,13.0,31.0,0.0,54.0,279.0,0
2017-11-14,18,12.6667,0.0,3.16667,67,21.0,34.0,-4.20948,64.1627,248.625,0
2017-11-14,21,10.6667,0.0,2.0,68,24.0,15.0,-20.0822,48.483,309.12,0
2017-11-15,1,13.1667,0.0,2.66667,71,38.0,21.0,-36.7697,36.7697,264.48,0
2017-11-15,2,14.3333,0.0,2.83333,73,23.0,12.0,-41.7195,41.7195,206.7,0
2017-11-15,4,15.3333,0.0,3.16667,74,27.0,11.0,-41.8028,49.9208,187.2,0
2017-11-15,6,14.6667,0.0,3.5,79,23.0,12.0,-28.0934,50.8238,241.553,0
2017-11-15,7,14.0,0.0,3.66667,80,30.0,15.0,-20.6647,49.8895,273.28,0
2017-11-15,8,13.0,0.0,3.83333,78,23.0,21.0,-19.8994,48.0418,281.538,0
2017-11-15,9,12.3333,0.0,4.16667,73,23.5,14.5,-24.1088,58.2044,240.0,0
2017-11-15,10,12.5,0.0,4.33333,74,32.0,16.0,-23.3435,56.3567,268.029,0
2017-11-15,12,12.5,0.23,4.83333,70,27.0,9.0,-13.3938,59.3358,249.508,0
2017-11-15,13,12.3333,0.23,5.16667,71,24.5,11.5,-9.18432,49.1731,281.455,0
2017-11-15,14,12.5,0.23,5.5,72,23.0,13.0,-9.567,50.097,286.971,0
2017-11-15,16,11.3333,0.23,5.5,77,21.0,9.5,-17.986,56.4224,269.077,0
2017-11-15,17,10.5,0.0,5.5,81,21.0,13.0,-21.0474,50.8134,321.231,0
2017-11-15,18,9.5,0.23,5.33333,82,26.0,21.0,-24.1088,58.2044,300.0,0
2017-11-15,21,7.66667,0.23,4.66667,85,37.0,24.0,-20.282,55.9656,384.8,0
2017-11-15,22,7.83333,0.23,4.5,83,40.0,38.0,-21.3468,50.536,414.72,0
2017-11-16,1,8.16667,0.0,4.0,78,41.5,38.0,-29.7819,44.8999,375.943,0
2017-11-16,2,8.16667,0.0,4.0,81,51.25,23.0,-32.0529,43.3825,375.943,0
2017-11-16,3,8.0,0.0,4.0,81,37.0,26.0,-35.1144,43.7736,374.85,0
2017-11-16,4,7.5,0.0,4.0,82,46.0,27.0,-34.7317,42.8497,390.0,0
2017-11-16,5,7.16667,0.0,4.0,79,51.25,23.0,-31.3709,42.7361,432.667,0
2017-11-16,6,7.0,0.0,3.83333,85,51.25,23.0,-29.9567,41.3219,463.6,0
2017-11-16,7,6.83333,0.0,3.83333,83,45.0,30.0,-32.6354,47.789,420.0,0
2017-11-16,8,6.33333,0.0,3.83333,84,47.0,23.0,-30.5141,45.6677,452.4,0
2017-11-16,9,6.16667,0.0,4.0,77,50.94,23.5,-28.3928,43.5464,490.629,0
2017-11-16,10,6.5,0.0,4.33333,86,37.0,32.0,-19.2004,44.1399,520.8,0
2017-11-16,12,6.83333,0.0,5.33333,72,40.94,27.0,-23.9126,40.7342,477.0,0
2017-11-16,13,7.33333,0.0,5.83333,70,30.0,24.5,-21.6166,43.1909,454.629,0
2017-11-16,14,8.0,0.0,6.33333,71,28.0,23.0,-23.0308,44.6051,420.0,0
2017-11-16,16,8.0,0.0,6.66667,88,30.0,21.0,-27.3559,36.4826,377.4,0
2017-11-16,18,7.66667,0.0,6.33333,97,35.0,26.0,-10.2075,27.8779,405.45,0
2017-11-16,21,7.33333,0.0,5.16667,92,50.63,37.0,20.2179,6.12288,479.467,0
2017-11-16,22,7.5,0.0,4.83333,91,51.88,40.0,20.2179,-0.76536,460.8,0
2017-11-17,1,7.66667,0.0,3.83333,93,47.44,41.5,-7.64028,-11.8631,443.143,0
2017-11-17,3,7.66667,0.0,3.16667,89,38.0,37.0,-21.0313,-14.9245,408.857,0
2017-11-17,4,7.66667,0.0,2.83333,92,43.0,46.0,-20.0313,-14.9245,417.6,0
2017-11-17,5,8.16667,0.0,2.5,92,39.5,51.25,-3.7164,-11.4804,421.2,0
2017-11-17,6,8.33333,0.0,2.16667,92,38.0,51.25,13.6746,-8.41896,375.943,0
2017-11-17,7,8.16667,0.51,1.83333,97,37.5,45.0,28.1418,-5.7402,360.0,0
2017-11-17,8,8.16667,0.51,1.66667,97,42.5,47.0,29.6592,1.88833,374.85,0
2017-11-17,10,8.66667,0.87,2.16667,83,42.9075,37.0,29.6592,8.01121,374.85,0
2017-11-17,12,8.83333,1.23,3.5,86,45.0,40.94,-6.91428,24.5379,401.85,0
2017-11-17,13,9.66667,0.95,4.33333,86,49.315,30.0,-21.9854,31.609,361.029,0
2017-11-17,14,10.1667,0.95,5.0,85,49.0,28.0,-21.6278,37.7458,300.0,0
2017-11-17,15,10.5,0.95,5.5,85,45.0,31.6667,-26.4462,44.847,329.018,0
2017-11-17,16,10.6667,0.59,5.66667,86,43.0,30.0,-22.2367,44.6843,326.8,0
2017-11-17,18,9.83333,0.46,5.33333,86,37.0,35.0,-13.3938,50.3358,336.3,0
2017-11-17,22,7.33333,0.23,3.5,83,39.0,51.88,6.7216,56.8686,373.32,0
2017-11-18,1,7.66667,0.0,2.16667,82,39.6667,47.44,21.2133,55.7164,420.0,1
2017-11-18,3,7.33333,0.0,1.16667,88,38.5,38.0,27.5773,50.0313,437.25,1
2017-11-18,4,7.5,0.0,0.833333,87,41.0,43.0,21.9204,49.6403,453.6,1
2017-11-18,5,7.66667,0.0,0.333333,88,38.5,39.5,16.2635,50.2492,443.143,1
2017-11-18,6,8.0,0.0,0.0,90,37.0,38.0,8.25232,51.1731,425.829,1
2017-11-18,7,8.66667,0.0,-0.166667,93,40.5,37.5,-3.06144,51.07,392.229,1
2017-11-18,8,9.5,0.0,-0.166667,95,36.6667,42.5,-18.6179,44.9475,377.143,1
2017-11-18,10,11.5,0.0,0.666667,85,25.0,42.9075,-42.6387,32.8971,265.2,1
2017-11-18,11,12.0,0.0,1.5,77,25.0,48.0,-42.4057,28.3345,281.538,1
2017-11-18,12,13.0,0.0,2.33333,70,24.0,45.0,-46.6152,38.4972,240.0,1
2017-11-18,13,13.3333,0.0,3.16667,68,25.0,49.315,-36.9429,35.3193,277.114,1
2017-11-19,0,19.0,1.58,2.66667,82,8.0,44.0,-42.4266,42.4266,180.0,1
2017-11-19,3,18.6667,0.48,2.16667,90,14.0,38.5,-32.3442,42.0858,213.333,1
2017-11-19,4,18.1667,0.48,2.0,90,16.0,41.0,-26.5045,45.9877,213.333,1
2017-11-19,5,18.1667,0.96,2.0,90,17.5,38.5,-20.6647,49.8895,213.333,1
2017-11-19,6,18.0,0.96,2.0,87,14.6667,37.0,-21.0474,50.8134,205.8,1
2017-11-19,7,18.3333,0.48,2.0,86,15.0,40.5,-20.6647,49.8895,213.333,1
2017-11-19,8,18.6667,0.48,2.16667,84,18.0,36.6667,-21.4301,51.7373,202.926,1
2017-11-19,9,19.0,0.48,2.33333,81,19.0,26.0,-21.8128,52.6612,186.353,1
2017-11-19,10,19.3333,0.96,2.5,79,16.0,25.0,-22.9608,55.4328,180.0,1
2017-11-19,12,19.8333,0.66,3.16667,74,18.0,24.0,-22.5781,54.5089,186.66,1
2017-11-19,23,19.1667,0.71,2.83333,82,11.0,19.0,-38.891,38.891,210.189,1
2017-11-20,0,18.8333,1.42,2.66667,85,7.0,8.0,-33.1096,43.9336,198.4,0
2017-11-20,3,18.3333,1.97,1.83333,88,6.0,14.0,-19.8994,48.0418,232.737,0
2017-11-20,5,19.8333,1.97,1.66667,86,7.0,17.5,-23.7262,57.2806,156.8,0
2017-11-20,8,22.8333,0.63,2.0,81,7.0,18.0,8.169,65.4224,140.87,0
2017-11-20,9,23.1667,0.48,2.0,78,22.0,19.0,16.9706,68.1731,130.473,0
2017-11-20,10,23.0,0.48,2.0,71,13.0,16.0,32.5271,66.4985,140.4,0
2017-11-20,12,23.5,0.48,2.33333,64,14.0,18.0,49.4977,64.6716,130.473,0
2017-11-20,14,22.0,0.96,2.66667,65,13.6667,17.0,49.4977,64.6716,145.2,0
2017-11-20,15,20.5,0.48,2.83333,68,14.0,18.0,43.8408,57.2806,181.409,0
2017-11-20,16,18.8333,0.48,2.83333,70,12.0,12.0,27.5773,49.0313,244.364,0
2017-11-20,17,17.3333,0.48,2.66667,71,17.0,17.0,27.5773,62.0313,226.964,0
2017-11-21,5,7.16667,0.0,-0.5,85,27.0,7.0,9.19243,57.0104,398.945,0
2017-11-21,8,5.5,0.0,-0.166667,78,30.0,7.0,15.1924,46.0104,515.2,0
2017-11-21,10,5.66667,0.0,0.5,77,18.0,13.0,13.6617,46.706,550.8,0
2017-11-21,12,6.5,0.0,1.66667,65,27.3333,14.0,6.27067,41.7674,520.0,0
2017-11-21,14,7.33333,0.0,3.0,65,24.0,13.6667,-3.62887,37.512,468.0,0
2017-11-21,15,7.5,0.0,3.33333,71,18.0,14.0,2.37113,33.512,457.6,0
2017-11-21,17,6.83333,0.0,3.16667,86,23.5,17.0,-0.64143,21.5204,470.25,0
2017-11-22,5,7.5,0.51,1.0,92,47.5,27.0,-11.4804,-48.7164,460.8,0
2017-11-22,6,8.0,0.51,1.16667,92,51.25,26.0,-11.8631,-49.6403,443.143,0
2017-11-22,8,9.0,0.51,1.5,92,48.125,30.0,-20.0822,-45.483,393.6,0
2017-11-22,10,10.6667,1.63,2.0,90,40.5,18.0,-25.4397,-51.4173,300.0,0
2017-11-22,11,12.0,2.31,2.33333,88,45.0,31.0,-24.6744,-49.5696,285.12,0
2017-11-22,12,12.8333,2.31,2.5,89,37.0,27.3333,-25.0902,-44.5734,264.48,0
2017-11-22,13,13.0,2.31,2.66667,89,36.0,18.0,-31.8701,-45.9413,225.5,0
2017-11-22,14,12.8333,2.31,3.0,90,31.5,24.0,-35.0561,-42.6329,248.571,0
2017-11-22,15,12.3333,2.31,3.33333,87,26.5,18.0,-36.0626,-36.0626,307.125,0
2017-11-22,17,9.83333,0.0,4.0,94,27.5,23.5,-40.4548,-31.2544,367.92,0
2017-11-22,18,8.66667,0.0,4.33333,94,27.0,27.5,-46.922,-33.9332,362.88,0
2017-11-22,22,7.66667,0.0,5.0,94,41.0,50.0,-34.4985,-17.6033,432.667,0
2017-11-23,2,8.66667,0.0,5.0,95,32.0,50.0,30.0657,-5.35752,360.0,0
2017-11-23,3,8.83333,0.0,5.0,93,39.0,53.125,52.0,0.0,386.4,0
2017-11-23,4,8.83333,0.0,4.83333,91,42.0,49.125,53.0,0.0,380.8,0
2017-11-23,5,8.83333,0.0,4.83333,92,51.25,47.5,53.0,0.0,389.88,0
2017-11-23,6,9.16667,0.0,4.83333,94,42.5,51.25,53.0,0.0,380.8,0
2017-11-23,7,10.0,0.0,4.83333,95,50.0,45.0,33.8373,-4.20948,329.829,0
2017-11-23,8,10.3333,0.0,4.83333,95,49.625,48.125,29.8373,-4.20948,340.267,0
2017-11-23,9,11.0,0.0,5.0,88,37.0,48.0,10.6746,-8.41896,313.6,0
2017-11-23,10,11.8333,0.0,5.5,79,40.5,40.5,-10.3358,-13.3938,273.48,0
2017-11-23,11,12.5,0.0,6.0,69,36.0,45.0,-6.3358,-13.3938,240.0,0
2017-11-23,12,12.8333,0.0,6.83333,62,33.5,37.0,-21.1074,-14.5418,270.327,0
2017-11-23,13,12.8333,0.0,7.83333,58,40.0,36.0,-22.9552,-15.3072,261.415,0
2017-11-23,14,13.1667,0.0,8.66667,63,38.0,31.5,-22.0313,-14.9245,277.114,0
2017-11-23,17,11.8333,0.0,9.66667,93,38.0,27.5,-8.25968,-13.7765,259.2,0
2017-11-23,18,11.3333,0.0,9.33333,94,45.0,27.0,-5.48804,-12.6284,280.8,0
2017-11-23,22,11.5,0.0,7.5,80,37.0,41.0,-33.4224,-17.986,273.48,0
2017-11-24,0,11.6667,0.0,6.5,80,31.0,31.0,-11.1836,-14.1592,250.364,0
2017-11-24,1,11.3333,0.0,6.0,80,32.0,37.5,8.97912,-9.94968,270.3,0
2017-11-24,2,10.8333,0.0,5.5,81,28.0,32.0,11.7508,-1.9134,318.171,0
2017-11-24,3,9.83333,0.0,5.33333,83,30.0,39.0,16.3702,6.88824,359.9,0
2017-11-24,4,9.0,0.0,5.0,79,28.5,42.0,8.97912,9.94968,333.9,0
2017-11-24,5,8.66667,0.0,4.83333,81,25.0,51.25,-9.48804,7.27092,385.527,0
2017-11-24,6,8.33333,0.0,4.83333,86,25.0,42.5,-28.803,10.715,403.68,0
2017-11-24,7,8.16667,0.0,4.83333,89,27.0,50.0,-34.4598,16.3719,360.0,0
2017-11-24,8,8.0,0.0,4.83333,88,25.0,49.625,-50.1167,22.0288,374.0,0
2017-11-24,9,8.0,0.0,5.0,80,27.0,37.0,-33.8018,18.5847,388.267,0
2017-11-24,10,8.83333,0.0,5.5,69,26.0,40.5,-32.8779,12.0791,390.0,0
2017-11-24,11,9.33333,0.0,6.0,64,23.5,36.0,-30.1063,16.2886,380.8,0
2017-11-24,12,10.3333,0.0,6.66667,59,25.0,33.5,-9.79136,12.8445,327.6,0
2017-11-24,13,11.3333,0.0,7.5,58,26.0,40.0,-11.4119,-3.8268,291.6,0
2017-11-24,14,12.3333,0.0,8.5,59,32.0,38.0,1.97912,-0.76536,276.0,0
2017-11-24,17,13.6667,0.0,10.0,86,32.0,38.0,55.0,0.0,257.914,0
2017-11-24,22,14.0,0.0,9.33333,75,41.0,37.0,57.0,0.0,239.4,0
2017-11-25,0,13.1667,0.0,8.66667,77,34.0,31.0,32.8373,4.20948,273.28,1
2017-11-25,1,12.5,0.0,8.33333,77,36.5,32.0,22.6746,8.41896,240.0,1
2017-11-25,2,11.3333,0.0,8.0,85,25.0,28.0,-1.56416,12.2458,277.714,1
2017-11-25,3,10.6667,0.0,7.66667,85,24.0,30.0,-7.56416,12.2458,339.429,1
2017-11-25,4,9.66667,0.0,7.5,86,28.0,28.5,-14.6353,19.3169,300.0,1
2017-11-25,5,9.0,0.0,7.33333,89,30.0,25.0,-34.2921,24.9737,335.345,1
2017-11-25,6,8.5,0.0,7.0,87,25.5,25.0,-17.1295,20.7643,385.527,1
2017-11-25,7,8.5,0.0,6.5,91,35.0,27.0,-1.3099,23.9458,417.72,1
2017-11-25,8,9.0,0.0,6.33333,90,30.0,25.0,17.9289,20.119,401.85,1
2017-11-25,9,9.33333,0.0,6.33333,85,35.0,27.0,20.9289,20.119,376.32,1
2017-11-25,10,10.0,0.0,6.33333,75,35.0,26.0,16.9134,8.45576,327.6,1
2017-11-26,6,19.3333,2.24,3.83333,83,25.0,25.5,0.0,61.0,187.617,1
2017-11-27,6,9.5,0.0,0.166667,76,22.0,25.0,-39.5982,39.5982,339.2,0
2017-11-28,5,15.3333,0.0,0.5,65,24.0,25.0,61.0,0.0,211.68,0
2017-11-28,6,15.8333,0.0,0.666667,64,18.0,22.0,62.0,0.0,210.6,0
2017-11-28,7,15.8333,0.0,1.0,64,14.0,22.0,64.0,0.0,187.68,0
2017-11-28,8,15.8333,0.0,1.33333,65,17.0,20.0,64.0,0.0,187.68,0
2017-11-28,9,16.0,0.0,1.5,64,12.0,23.5,65.0,0.0,187.425,0
2017-11-28,10,16.5,0.0,1.83333,63,18.0,25.0,65.0,0.0,201.4,0
2017-11-28,11,16.1667,0.0,2.16667,60,15.0,21.0,30.3702,6.88824,180.0,0
2017-11-29,5,7.5,0.0,2.0,85,21.0,24.0,-10.3358,7.27092,400.68,0
2017-11-29,6,7.33333,0.0,2.0,90,21.0,18.0,-11.3358,7.27092,426.0,0
2017-11-29,7,7.83333,0.0,2.0,92,23.0,14.0,-9.48804,-0.38268,443.52,0
2017-11-29,9,8.83333,0.0,1.83333,92,35.0,12.0,23.294,-6.50556,360.0,0
2017-11-29,10,9.0,0.0,1.83333,87,23.0,18.0,20.294,-6.50556,371.25,0
2017-11-29,11,9.16667,0.0,1.83333,84,28.5,15.0,19.3702,0.0,366.667,0
2017-11-30,22,11.3333,2.21,0.333333,90,22.0,53.75,45.3373,-27.4777,317.127,0
2018-10-01,1,9.16667,0.0,7.33333,74,20.0,25.0,56.0,0.0,349.92,0
2018-10-01,4,9.0,0.0,5.66667,78,44.0,30.0,37.6851,3.44412,363.0,0
2018-10-01,5,9.0,0.0,5.33333,79,37.0,27.0,19.3702,6.88824,366.667,0
2018-10-01,7,9.0,0.0,5.0,90,26.0,32.0,-15.2597,13.7765,366.667,0
2018-10-01,9,9.16667,0.0,5.5,76,50.0,13.0,-49.8895,20.6647,366.667,0
2018-10-01,10,9.5,0.0,6.5,65,28.0,14.0,-50.8134,21.0474,352.8,0
2018-10-01,12,10.5,0.0,9.16667,51,27.0,9.0,-47.1179,19.5167,340.267,0
2018-10-01,14,11.5,0.0,12.5,47,26.0,11.0,-47.4587,29.5991,273.48,0
2018-10-01,15,11.6667,0.0,13.8333,45,49.0,9.0,-46.7052,34.2576,260.945,0
2018-10-01,17,11.0,0.0,15.3333,53,65.0,29.0,-33.4922,44.8574,291.5,0
2018-10-01,18,10.3333,0.0,15.1667,65,51.25,31.0,-25.0069,45.3721,324.8,0
2018-10-01,20,9.0,0.0,13.6667,91,38.0,35.0,-19.583,52.2778,345.6,0
2018-10-01,21,8.66667,0.0,12.5,91,36.0,30.0,-14.1592,51.1836,385.527,0
2018-10-02,1,10.6667,0.0,9.0,76,24.0,20.0,-3.06144,51.391,319.2,0
2018-10-02,4,12.8333,0.0,8.16667,89,17.0,44.0,0.0,62.0,240.0,0
2018-10-02,5,13.5,0.0,8.0,93,13.0,37.0,10.6066,51.8582,265.5,0
2018-10-02,7,15.3333,0.0,7.83333,99,19.0,26.0,33.9413,58.3462,196.114,0
2018-10-02,9,17.5,0.0,8.0,88,18.0,50.0,12.0209,52.706,209.012,0
2018-10-02,10,18.0,0.0,8.33333,72,16.0,28.0,0.0,57.0,191.133,0
2018-10-02,12,19.3333,0.0,9.5,57,17.0,27.0,0.0,58.0,193.44,0
2018-10-02,15,20.8333,0.0,11.3333,50,29.0,49.0,0.0,65.0,153.6,0
2018-10-02,17,21.8333,0.0,11.6667,46,30.0,65.0,-16.8379,62.6507,152.727,0
2018-10-02,18,21.8333,0.0,11.5,45,21.0,51.25,-25.2569,60.9761,152.727,0
2018-10-02,20,20.6667,0.0,10.6667,47,20.0,38.0,-29.8903,53.1619,176.727,0
2018-10-02,21,20.3333,0.0,10.1667,50,17.0,36.0,-34.1993,45.5645,198.0,0
2018-10-03,0,22.6667,0.48,8.66667,63,15.0,28.0,-19.5167,47.1179,171.55,0
2018-10-03,1,24.1667,0.48,8.33333,68,10.0,24.0,-21.0474,50.8134,156.8,0
2018-10-03,4,26.8333,1.47,8.16667,77,7.0,17.0,0.0,53.0,167.733,0
2018-10-03,10,29.0,1.6,8.0,74,90.56,16.0,0.0,64.0,124.49,0
2018-10-03,18,31.0,0.53,11.0,62,11.0,21.0,41.7195,54.5089,147.716,0
2018-10-03,20,26.1667,0.0,10.3333,68,3.0,20.0,52.3261,68.3671,138.857,0
2018-10-03,21,23.6667,0.0,9.83333,69,11.0,17.0,45.9622,60.0522,172.8,0
2018-10-03,23,19.5,0.0,8.83333,69,12.0,9.0,38.1839,49.8895,217.579,0
2018-10-04,0,18.3333,0.0,8.33333,67,12.0,15.0,36.7697,48.0418,228.8,0
2018-10-04,1,17.8333,0.0,7.83333,65,14.0,10.0,36.7697,48.0418,224.824,0
2018-10-04,3,17.6667,0.0,7.33333,62,14.0,12.0,12.728,52.6298,213.333,0
2018-10-04,4,17.6667,0.0,7.0,62,14.0,7.0,0.0,54.0,213.333,0
2018-10-04,10,17.8333,0.0,6.83333,69,17.0,90.56,0.0,55.0,205.8,0
2018-10-04,11,18.3333,0.0,7.66667,60,21.0,9.0,12.728,53.6298,205.8,0
2018-10-04,14,19.5,0.0,10.8333,45,26.0,64.38,42.4266,55.4328,180.0,0
2018-10-04,16,19.3333,0.0,12.3333,46,62.5,16.0,14.1422,57.4776,186.66,0
2018-10-04,18,17.3333,0.0,12.3333,56,23.0,11.0,22.6275,48.5642,240.505,0
2018-10-04,20,13.8333,0.0,11.3333,74,43.0,3.0,22.6275,52.5642,275.718,0
2018-10-04,21,12.1667,0.0,10.5,77,32.0,11.0,19.1834,60.8791,265.624,0
2018-10-04,23,10.1667,0.0,9.33333,73,20.0,12.0,-13.9593,46.7009,366.277,0
2018-10-05,0,9.66667,0.0,8.83333,72,26.0,12.0,-21.0304,53.772,321.6,0
2018-10-05,4,10.1667,0.0,8.16667,79,26.0,14.0,-36.0626,36.0626,346.92,0
2018-10-05,5,10.1667,0.0,7.83333,80,29.0,14.0,-36.0626,36.0626,346.92,0
2018-10-05,7,10.5,0.0,7.33333,84,27.0,13.0,-36.7697,36.7697,334.08,0
2018-10-05,9,10.8333,0.0,7.66667,74,23.0,20.0,-37.4768,37.4768,321.48,0
2018-10-05,11,11.6667,0.0,9.16667,57,27.0,21.0,-40.3053,40.3053,282.764,0
2018-10-05,13,12.3333,0.0,12.3333,44,24.0,18.0,-43.1337,43.1337,240.0,0
2018-10-05,17,12.1667,0.0,16.6667,52,32.0,30.0,-52.5684,32.544,240.0,0
2018-10-05,18,11.5,0.0,16.5,59,44.0,23.0,-52.6148,27.1784,269.077,0
2018-10-05,20,10.1667,0.0,14.5,72,50.0,43.0,-13.4119,13.0111,354.738,0
2018-10-05,21,9.66667,0.0,13.1667,78,50.63,32.0,-4.41192,13.0111,321.6,0
2018-10-05,23,9.83333,0.0,11.0,76,38.0,20.0,38.7612,3.8268,324.48,0
2018-10-06,0,10.1667,0.0,10.1667,78,36.0,26.0,59.0,0.0,300.0,1
2018-10-06,2,11.1667,0.0,9.33333,77,33.0,28.0,10.7508,8.80164,297.0,1
2018-10-06,5,12.0,0.0,8.33333,78,41.0,29.0,-54.5089,22.5781,260.945,1
2018-10-06,7,12.5,0.0,8.33333,83,33.0,27.0,-57.2806,23.7262,240.0,1
2018-10-06,9,13.1667,0.0,8.83333,68,43.0,23.0,1.97912,9.94968,281.538,1
2018-10-06,11,15.3333,0.0,11.0,48,43.0,27.0,24.3702,6.88824,214.338,1
2018-10-06,13,18.0,0.0,13.6667,42,53.75,24.0,-54.5089,22.5781,177.0,1
2018-10-06,15,19.6667,0.0,16.6667,43,75.28,22.0,-57.2806,23.7262,171.943,1
2018-10-06,18,16.3333,0.0,18.3333,65,83.33,44.0,-58.1581,29.4745,207.36,1
2018-10-06,20,12.8333,0.0,17.1667,81,53.75,50.0,-56.6975,33.4259,248.2,1
2018-10-06,21,11.5,0.0,16.1667,81,46.0,50.63,-49.3064,30.3644,295.68,1
2018-10-06,23,10.3333,0.0,14.1667,75,41.0,38.0,-44.7334,23.0854,353.455,1
2018-10-07,0,10.1667,0.0,13.1667,79,43.0,36.0,-47.1179,19.5167,346.92,1
2018-10-07,1,10.1667,0.0,12.3333,82,37.0,32.0,-47.1179,19.5167,346.92,1
2018-10-07,2,10.1667,0.0,11.8333,87,43.0,33.0,-47.1179,19.5167,346.92,1
2018-10-07,3,10.1667,0.0,11.5,86,40.0,37.0,-47.1179,19.5167,346.92,1
2018-10-07,5,9.66667,0.0,11.1667,86,42.0,41.0,-55.4328,22.9608,311.564,1
2018-10-07,7,9.33333,0.51,11.5,93,44.0,33.0,-52.6612,21.8128,337.08,1
2018-10-07,9,9.16667,0.51,12.1667,82,41.0,43.0,-50.8134,21.0474,363.0,1
2018-10-07,11,10.3333,0.51,13.6667,57,35.0,43.0,-50.9838,26.0886,312.8,1
2018-10-07,13,12.1667,0.0,16.1667,47,36.0,53.75,-40.589,37.883,251.6,1
2018-10-07,15,14.0,0.0,18.8333,46,21.0,75.28,-26.0303,49.8431,232.615,1
2018-10-07,18,14.3333,0.0,19.3333,58,10.0,83.33,3.45223,54.8686,245.92,1
2018-10-07,20,14.8333,0.0,17.0,66,6.0,53.75,33.8741,42.0329,239.4,1
2018-10-07,21,15.0,0.0,15.3333,65,4.0,46.0,49.58,34.5384,205.477,1
2018-10-07,23,14.8333,0.0,12.5,61,5.0,41.0,59.2701,18.7513,202.725,1
2018-10-08,0,14.3333,0.0,11.3333,63,4.0,43.0,56.488,12.6284,241.553,0
2018-10-08,1,13.5,0.0,10.3333,64,7.0,37.0,51.7821,6.12288,288.225,0
2018-10-08,2,12.3333,0.0,9.66667,66,11.0,43.0,61.9448,10.3324,257.4,0
2018-10-08,3,11.1667,0.0,8.83333,76,10.0,40.0,56.4015,8.03628,297.6,0
2018-10-08,5,9.66667,0.0,7.33333,77,20.0,42.0,59.0313,14.9245,300.0,0
2018-10-08,7,8.66667,0.0,6.16667,86,17.0,44.0,51.4224,17.986,372.655,0
2018-10-08,11,7.5,0.0,7.16667,61,10.0,35.0,47.706,0.50556,417.6,0
2018-10-08,13,7.16667,0.0,9.16667,47,16.0,36.0,29.3212,-19.4672,453.6,0
2018-10-08,15,6.83333,0.0,11.1667,40,27.0,21.0,13.6927,-30.8841,420.0,0
2018-10-08,17,7.0,0.0,11.6667,56,44.0,13.0,-7.66481,-43.8184,452.4,0
2018-10-08,18,7.0,0.0,11.3333,59,47.0,10.0,-18.3436,-50.2856,438.6,0
2018-10-08,20,7.0,0.0,10.1667,74,42.0,6.0,-21.0223,-50.7527,437.143,0
2018-10-08,21,7.16667,0.0,9.16667,81,42.0,4.0,-21.0223,-50.7527,437.143,0
2018-10-08,23,7.5,0.0,7.5,81,39.0,5.0,-16.8379,-47.6507,460.8,0
2018-10-09,0,7.66667,0.0,7.0,85,31.0,4.0,-19.816,-46.8404,443.143,0
2018-10-09,1,7.66667,0.0,6.33333,89,35.0,7.0,-22.7942,-46.0302,425.829,0
2018-10-09,2,7.5,0.0,5.83333,92,33.0,11.0,-26.5826,-42.2418,425.829,0
2018-10-09,3,7.16667,0.0,5.5,96,41.0,10.0,-32.1258,-37.5378,443.143,0
2018-10-09,7,6.5,0.0,4.83333,100,48.0,17.0,-48.269,-26.621,452.4,0
2018-10-09,8,6.5,0.0,5.0,100,52.5,22.0,-48.1554,-23.2602,486.0,0
2018-10-09,10,6.83333,0.0,6.5,78,42.0,11.0,-34.5746,-17.2206,496.8,0
2018-10-09,11,7.16667,0.0,7.66667,65,33.0,10.0,-21.0313,-14.9245,457.6,0
2018-10-09,13,8.33333,0.0,10.8333,50,39.0,16.0,-2.79252,-3.44412,425.829,0
2018-10-09,15,9.33333,0.0,14.0,49,52.5,27.0,-3.7164,11.4804,345.257,0
2018-10-09,17,8.66667,0.0,15.5,63,64.38,44.0,-31.9811,19.8743,352.8,0
2018-10-09,18,8.0,0.0,15.3333,71,66.25,47.0,-45.2237,24.1169,403.68,0
2018-10-09,20,6.83333,0.0,14.0,88,64.38,42.0,-35.5282,22.5862,443.52,0
2018-10-09,21,6.5,0.0,12.8333,93,62.5,42.0,-32.7566,16.0807,488.52,0
2018-10-10,0,6.83333,0.0,10.1667,90,56.25,31.0,5.79713,8.80975,490.629,0
2018-10-10,1,6.83333,0.0,9.5,94,61.88,35.0,17.7469,3.85998,477.0,0
2018-10-10,2,6.66667,0.0,9.0,96,61.25,33.0,27.9896,-0.38268,477.0,0
2018-10-10,4,6.33333,0.0,8.0,95,52.5,42.0,16.4463,1.9134,490.629,0
2018-10-10,7,6.0,0.0,7.0,100,60.63,48.0,22.3702,2.29608,480.0,0
2018-10-10,11,6.66667,0.0,10.1667,68,46.0,33.0,-25.8327,-11.8712,480.0,0
2018-10-10,12,7.16667,0.0,12.0,58,31.0,31.0,-20.403,-22.1202,496.8,0
2018-10-10,18,9.0,0.0,18.8333,82,56.88,66.25,-25.9802,-44.7218,366.667,0
2018-10-10,20,9.33333,0.0,17.0,97,55.0,64.38,-20.5231,-49.5476,352.8,0
2018-10-10,21,9.5,0.0,15.6667,96,49.0,62.5,-17.986,-52.4224,339.2,0
2018-10-11,0,10.0,0.0,12.0,94,46.0,56.25,-22.5781,-54.5089,300.0,0
2018-10-11,1,9.83333,0.0,11.0,97,50.0,61.88,-22.9608,-55.4328,300.0,0
2018-10-11,2,9.66667,0.0,10.1667,100,50.0,61.25,-22.5781,-54.5089,312.12,0
2018-10-11,4,9.5,0.0,8.83333,97,57.5,52.5,-21.8128,-52.6612,337.08,0
2018-10-11,5,9.5,0.0,8.33333,100,62.5,76.67,-21.8128,-52.6612,337.08,0
2018-10-11,6,9.5,0.0,8.0,100,58.75,54.38,-21.8128,-52.6612,337.08,0
2018-10-11,7,9.83333,0.0,7.83333,100,61.25,60.63,-21.8128,-52.6612,325.867,0
2018-10-11,9,10.6667,0.0,8.5,100,58.13,60.0,-19.8994,-48.0418,334.08,0
2018-10-11,12,13.0,0.0,12.3333,60,60.0,31.0,-19.5167,-47.1179,281.455,0
2018-10-11,18,15.1667,0.0,18.8333,68,58.13,56.88,-23.3435,-56.3567,225.318,0
2018-10-11,20,13.5,0.0,17.1667,77,52.5,55.0,-20.282,-48.9656,282.72,0
2018-10-11,21,12.8333,0.0,16.1667,78,55.0,49.0,-24.8742,-60.0522,240.0,0
2018-10-11,23,11.8333,0.0,14.0,84,44.0,51.25,-22.9608,-55.4328,269.077,0
2018-10-12,0,11.5,0.0,13.1667,86,47.0,46.0,-25.7642,-51.2006,280.8,0
2018-10-12,1,11.1667,0.0,12.5,88,45.0,50.0,-28.9502,-47.8922,291.5,0
2018-10-12,2,10.8333,0.0,11.8333,92,42.0,50.0,-28.1849,-46.0445,313.5,0
2018-10-12,4,10.3333,0.0,10.6667,94,47.0,57.5,-30.2811,-41.1051,341.127,0
2018-10-12,6,9.66667,0.0,9.83333,97,53.13,58.75,-35.938,-46.762,311.564,0
2018-10-12,9,8.33333,0.0,9.66667,96,58.13,58.13,-36.7697,-36.7697,403.68,0
2018-10-12,13,8.83333,0.0,15.5,46,50.0,56.88,-49.5232,-30.04,360.0,0
2018-10-12,15,9.83333,0.0,19.1667,45,66.88,66.25,-52.6612,-21.8128,313.65,0
2018-10-12,17,10.1667,0.0,20.6667,55,70.0,56.25,-44.9502,-22.761,346.92,0
2018-10-12,18,10.0,0.0,20.3333,66,65.0,58.13,-42.7825,-26.0053,346.92,0
2018-10-12,21,9.33333,0.0,17.0,85,61.88,55.0,-42.473,-37.061,337.08,0
2018-10-12,23,8.33333,0.0,14.5,87,50.0,44.0,-40.9451,-32.2859,389.88,0
2018-10-13,0,8.0,0.0,13.5,90,53.13,47.0,-47.4123,-34.9647,360.0,1
2018-10-13,1,7.66667,0.0,12.6667,91,53.13,45.0,-46.8084,-30.5724,388.267,1
2018-10-13,2,7.33333,0.0,11.8333,92,50.0,42.0,-33.4444,-24.2084,417.6,1
2018-10-13,4,7.0,0.0,10.6667,94,42.0,47.0,-6.7164,-11.4804,479.467,1
2018-10-13,6,7.0,0.0,9.66667,96,52.5,53.13,-11.3358,-13.3938,437.143,1
2018-10-13,8,7.0,0.0,9.33333,100,60.0,57.5,-11.3358,-13.3938,437.143,1
2018-10-13,16,10.0,0.0,20.6667,48,66.25,82.78,-48.3258,-28.3014,313.65,1
2018-10-13,17,10.1667,0.0,20.8333,55,60.63,70.0,-40.398,-29.574,346.92,1
2018-10-13,18,10.1667,0.0,20.5,75,53.75,65.0,-34.986,-34.986,346.92,1
2018-10-13,19,10.1667,0.0,19.8333,82,52.5,70.63,-29.574,-40.398,346.92,1
2018-10-13,21,10.5,0.0,17.3333,87,52.5,61.88,-23.4681,-45.6573,341.127,1
2018-10-13,23,10.3333,0.0,14.6667,83,53.13,50.0,-26.7124,-43.4896,334.08,1
2018-10-14,0,10.1667,0.0,13.5,85,50.63,53.13,-29.9567,-41.3219,334.08,1
2018-10-14,1,9.83333,0.0,12.3333,87,53.13,53.13,-32.4939,-38.4471,353.455,1
2018-10-14,2,9.16667,0.0,11.5,90,55.63,50.0,-38.1508,-44.104,323.345,1
2018-10-14,6,8.5,0.0,9.0,97,57.5,52.5,-36.0626,-36.0626,409.867,1
2018-10-14,8,8.66667,0.0,8.5,100,59.38,60.0,-36.0626,-36.0626,393.6,1
2018-10-14,10,9.16667,0.0,9.83333,78,52.5,52.5,-37.4768,-37.4768,380.8,1
2018-10-14,12,10.1667,0.0,13.1667,52,42.0,55.0,-40.3053,-40.3053,325.867,1
2018-10-14,14,12.0,0.0,17.5,47,34.0,44.0,-41.0124,-41.0124,251.6,1
2018-10-14,17,12.6667,0.0,20.8333,54,44.0,60.63,-36.7697,-36.7697,281.538,1
2018-10-14,18,12.1667,0.0,20.8333,73,48.0,53.75,-44.5479,-44.5479,240.0,1
2018-10-14,19,11.6667,0.0,20.1667,79,49.0,52.5,-42.4266,-42.4266,277.714,1
2018-10-14,20,11.0,0.0,19.0,82,42.0,56.25,-39.5982,-39.5982,310.431,1
2018-10-14,21,10.3333,0.0,17.6667,80,40.0,52.5,-37.4768,-37.4768,336.3,1
2018-10-14,23,9.33333,0.0,14.8333,78,38.0,53.13,-43.6704,-38.7996,323.345,1
2018-10-15,6,7.0,0.0,9.16667,83,66.88,57.5,-45.6005,-21.7877,470.25,0
2018-10-15,12,10.3333,0.0,13.8333,39,37.0,42.0,-44.3103,-30.7803,329.829,0
2018-10-15,14,12.3333,0.0,17.6667,34,58.13,34.0,-48.9656,-20.282,265.5,0
2018-10-15,17,12.3333,0.0,20.1667,45,59.38,44.0,-56.7439,-28.0602,240.0,0
2018-10-15,18,11.6667,0.0,19.8333,56,50.63,48.0,-50.8806,-29.7738,277.714,0
2018-10-15,19,11.0,0.0,18.8333,66,49.0,49.0,-45.0174,-31.4874,310.431,0
2018-10-15,20,10.6667,0.0,17.6667,74,55.0,42.0,-40.0781,-33.5837,336.3,0
2018-10-15,21,10.1667,0.0,16.3333,74,51.88,40.0,-36.7697,-36.7697,341.127,0
2018-10-15,23,9.5,0.0,13.6667,71,52.5,38.0,-43.6704,-38.7996,312.12,0
2018-10-16,6,7.0,0.0,8.5,80,66.88,66.88,-14.1074,-14.5418,420.0,0
2018-10-16,9,7.0,0.0,8.5,74,55.0,44.0,-8.30102,-17.9358,437.143,0
2018-10-16,11,7.83333,0.0,11.0,45,57.5,45.0,-42.5657,-26.3297,460.8,0
2018-10-16,12,8.5,0.0,13.0,36,53.13,37.0,-45.3373,-27.4777,408.857,0
2018-10-16,14,10.0,0.0,17.0,32,64.38,58.13,-26.6159,-21.3799,329.829,0
2018-10-16,17,10.5,0.0,20.0,46,65.0,59.38,32.8373,-4.20948,317.127,0
2018-10-16,18,10.1667,0.0,19.6667,54,61.25,50.63,34.6851,-3.44412,341.127,0
2018-10-16,20,9.33333,0.0,17.5,64,68.75,55.0,9.00617,-13.2522,333.9,0
2018-10-16,21,9.0,0.0,16.1667,63,66.25,51.88,-9.35782,-19.6162,360.0,0
2018-10-16,23,8.5,0.0,13.5,62,60.0,52.5,-45.0638,-26.1218,380.8,0
2018-10-17,0,8.33333,0.0,12.3333,65,59.38,46.0,-29.7489,-22.6777,409.867,0
2018-10-17,1,8.16667,0.0,11.5,65,58.13,50.0,-21.7489,-22.6777,360.0,0
2018-10-17,2,8.0,0.0,11.0,66,51.25,49.0,-5.43394,-19.2335,374.0,0
2018-10-17,5,7.5,0.0,9.66667,77,74.38,55.0,10.6746,-8.41896,437.25,0
2018-10-17,9,6.66667,0.0,10.1667,73,59.38,55.0,-15.3192,-23.7424,452.4,0
2018-10-17,11,7.16667,0.0,12.5,49,51.25,57.5,-43.66,-31.7536,454.629,0
2018-10-17,14,8.66667,0.0,17.3333,37,56.25,64.38,-46.6948,-27.2116,377.4,0
2018-10-17,15,8.83333,0.0,18.8333,40,66.25,75.0,-46.5244,-22.1704,377.143,0
2018-10-17,17,8.5,0.0,19.8333,44,73.13,65.0,-47.2315,-22.8775,380.8,0
2018-10-17,18,8.16667,0.0,19.3333,52,77.22,61.25,-41.5953,-25.9005,417.72,0
2018-10-17,20,7.83333,0.0,17.1667,69,71.25,68.75,-38.4794,-36.8558,388.267,0
2018-10-17,21,7.66667,0.0,15.6667,75,71.25,66.25,-33.2259,-40.8027,402.8,0
2018-10-18,0,6.83333,0.0,12.3333,80,66.25,59.38,-24.7909,-51.8509,420.0,0
2018-10-18,2,6.16667,0.0,11.0,86,65.63,51.25,-24.9406,-48.2122,469.05,0
2018-10-18,5,6.0,0.23,11.0,85,78.33,74.38,-18.361,-29.7262,497.25,0
2018-10-18,9,4.66667,0.0,11.3333,82,70.0,59.38,2.4033,4.78777,582.4,0
2018-10-18,11,5.16667,0.0,12.6667,67,59.38,51.25,3.99227,23.5235,604.2,0
2018-10-18,13,6.5,0.0,15.5,52,62.5,52.5,-3.53555,41.376,583.0,0
2018-10-18,15,8.16667,0.0,18.0,50,68.13,66.25,-24.0417,37.9413,468.0,0
2018-10-18,17,8.0,0.0,19.1667,66,80.56,73.13,-34.7317,42.8497,375.943,0
2018-10-18,18,7.83333,0.0,19.0,73,77.5,77.22,-29.7819,44.8999,390.0,0
2018-10-18,20,7.16667,0.0,17.1667,92,70.63,71.25,-8.56864,46.5205,432.667,0
2018-10-18,21,7.0,0.0,15.6667,98,80.0,71.25,2.74512,45.1063,463.6,0
2018-10-19,5,7.0,0.0,9.16667,100,57.5,78.33,41.1156,37.3271,437.143,0
2018-10-19,8,7.0,0.0,8.83333,100,53.75,75.28,45.6677,30.5141,437.143,0
2018-10-19,9,7.16667,0.0,9.0,100,48.0,70.0,47.7179,25.5644,437.143,0
2018-10-19,11,8.16667,0.0,10.1667,83,39.0,59.38,50.8686,10.715,425.829,0
2018-10-19,13,9.5,0.0,12.0,70,48.0,62.5,52.4672,2.67876,361.029,0
2018-10-19,15,10.8333,0.0,14.1667,65,56.88,68.13,52.2492,8.80164,309.12,0
2018-10-19,16,10.8333,0.0,15.0,66,47.0,79.72,52.4119,13.0111,297.0,0
2018-10-19,17,10.6667,0.0,15.1667,73,52.5,80.56,51.6507,16.8379,305.455,0
2018-10-19,18,10.1667,0.0,15.0,76,54.38,77.5,48.9656,20.282,329.018,0
2018-10-19,20,8.83333,0.0,13.6667,87,50.63,70.63,54.803,16.0726,345.6,0
2018-10-19,21,8.16667,0.0,12.6667,89,53.13,80.0,48.6662,16.4302,398.618,0
2018-10-20,3,6.33333,0.0,7.0,93,87.22,75.83,50.4378,-7.67867,469.05,1
2018-10-20,5,5.66667,0.0,6.5,91,77.78,57.5,52.4378,-7.67867,480.0,1
2018-10-20,6,5.16667,0.0,6.5,89,36.0,51.88,52.488,-12.6284,517.029,1
2018-10-20,8,4.16667,0.0,7.16667,87,31.0,53.75,51.9552,-9.94968,579.429,1
2018-10-20,9,4.0,0.0,7.66667,83,39.0,48.0,47.6094,-4.49928,662.4,1
2018-10-20,10,4.16667,0.0,8.16667,86,32.0,40.0,47.6094,-0.49928,641.829,1
2018-10-20,11,4.5,0.0,8.83333,81,40.0,39.0,36.8996,6.42214,663.257,1
2018-10-20,12,5.16667,0.51,9.5,75,31.0,40.0,25.4826,14.0507,644.8,1
2018-10-20,13,6.0,0.51,10.1667,66,22.0,48.0,16.8779,23.7378,600.0,1
2018-10-20,14,7.0,0.51,11.0,60,19.0,42.0,6.33462,34.0339,586.56,1
2018-10-20,15,8.16667,0.51,11.5,55,22.0,56.88,2.69861,42.3488,530.4,1
2018-10-20,16,9.16667,0.51,11.6667,51,23.0,47.0,1.88833,44.6766,382.5,1
2018-10-20,17,10.1667,0.51,11.6667,71,25.0,52.5,14.6163,44.9193,329.829,1
2018-10-20,18,10.8333,0.38,11.5,74,18.0,54.38,31.82,41.7709,305.25,1
2018-10-20,20,10.8333,1.35,10.3333,84,24.0,50.63,42.9065,36.4121,282.764,1
2018-10-20,21,10.5,1.35,9.83333,84,18.0,53.13,40.7852,34.2908,324.8,1
2018-10-21,0,9.16667,0.97,8.5,85,20.0,45.0,49.8999,27.7108,345.6,1
2018-10-21,5,8.33333,0.0,6.0,97,15.0,77.78,51.5537,7.27092,389.88,1
2018-10-21,6,8.0,0.0,5.16667,95,12.0,36.0,58.5537,7.27092,360.0,1
2018-10-21,7,7.66667,0.0,4.5,100,14.0,29.0,56.3149,3.44412,388.267,1
2018-10-21,8,7.33333,0.0,4.0,100,13.0,31.0,55.0,0.0,417.6,1
2018-10-21,9,7.16667,0.0,4.0,100,19.0,39.0,53.0,0.0,448.0,1
2018-10-21,10,6.83333,0.0,4.33333,79,26.0,32.0,51.0,0.0,470.25,1
2018-10-21,11,6.66667,0.0,5.16667,71,17.0,40.0,56.5433,-2.29608,436.05,1
2018-10-21,12,6.5,0.0,6.33333,64,23.0,31.0,54.0866,-4.59216,469.05,1
2018-10-21,13,6.16667,0.0,7.66667,57,21.0,22.0,51.6298,-6.88824,490.629,1
2018-10-21,14,5.83333,0.0,9.0,55,21.0,19.0,49.6298,-6.88824,528.0,1
2018-10-21,15,5.5,0.0,10.1667,52,22.0,22.0,53.1654,-3.35269,498.343,1
2018-10-21,16,5.5,0.0,10.8333,53,27.0,23.0,49.7009,0.18286,536.057,1
2018-10-21,17,5.5,0.0,11.0,66,29.0,25.0,46.9436,5.72614,555.429,1
2018-10-21,20,5.66667,0.0,9.16667,86,24.0,24.0,31.0302,22.3455,540.0,1
2018-10-21,21,5.83333,0.0,8.0,100,17.0,18.0,21.2443,28.8843,540.0,1
2018-10-22,0,6.33333,0.0,5.16667,87,12.0,20.0,-12.5201,44.0831,501.84,0
2018-10-22,2,6.83333,0.0,4.33333,97,8.0,23.0,-30.1978,38.9038,517.0,0
2018-10-22,4,7.0,0.0,4.16667,97,14.0,18.0,-38.1839,38.1839,457.6,0
2018-10-22,5,7.16667,0.0,4.0,97,18.0,15.0,-38.891,38.891,438.6,0
2018-10-22,6,7.33333,0.0,3.83333,98,14.0,12.0,-40.3053,40.3053,420.0,0
2018-10-22,7,7.5,0.0,3.5,100,168.61,14.0,-36.0626,36.0626,460.8,0
2018-10-22,9,8.0,0.0,3.5,99,76.39,19.0,-37.4768,37.4768,425.829,0
2018-10-23,7,12.8333,0.99,3.83333,79,17.0,168.61,7.77821,59.1627,250.364,0
2018-10-23,9,16.6667,0.99,4.33333,71,22.0,76.39,-6.50556,50.706,212.571,0
2018-10-24,7,52.6667,2.28,6.5,82,10.0,17.0,36.0626,36.0626,117.647,0
2018-10-24,9,49.8333,1.65,6.0,73,17.0,22.0,67.1754,67.1754,70.0898,0
2018-10-24,10,47.6667,0.51,6.0,65,13.0,14.0,63.6399,63.6399,75.9652,0
2018-10-24,12,45.6667,0.51,6.5,49,16.0,9.0,61.5186,61.5186,73.8571,0
2018-10-24,13,45.6667,0.51,6.83333,44,12.0,7.0,65.7612,65.7612,65.1733,0
2018-10-24,14,46.3333,0.51,7.5,43,13.0,7.0,68.5897,68.5897,62.475,0
2018-10-24,15,47.6667,0.0,7.83333,43,10.0,6.0,70.0039,70.0039,60.0,0
2018-10-24,16,47.5,0.0,8.0,45,9.0,7.0,36.7697,36.7697,115.385,0
2018-10-24,17,45.6667,0.0,8.0,46,10.0,5.0,65.7612,65.7612,83.0538,0
2018-10-24,18,42.6667,0.0,7.66667,51,9.0,6.0,53.0332,53.0332,110.107,0
2018-10-24,21,28.6667,0.0,5.83333,63,13.0,9.0,55.1546,55.1546,128.96,0
2018-10-24,23,22.1667,0.0,4.66667,68,11.0,7.0,41.7195,41.7195,195.873,0
2018-10-25,0,20.0,0.0,4.16667,72,9.0,7.0,38.891,42.7929,210.189,0
2018-10-25,1,18.5,0.0,3.83333,75,16.0,7.0,37.4768,45.0638,221.0,0
2018-10-25,2,17.5,0.0,3.33333,77,10.0,9.0,36.7697,48.0418,228.8,0
2018-10-25,3,17.0,0.0,3.16667,77,7.0,7.0,48.0835,62.8238,180.0,0
2018-10-25,4,16.5,0.0,3.0,77,13.0,6.0,35.3555,62.194,187.2,0
2018-10-25,5,16.0,0.25,3.0,80,18.0,5.0,23.3346,61.488,202.024,0
2018-10-25,6,15.6667,0.25,3.16667,85,12.0,9.0,11.3138,60.7821,210.6,0
2018-10-25,7,15.3333,0.25,3.5,92,13.0,10.0,-5.7402,59.8582,218.625,0
2018-10-25,9,16.0,2.49,4.5,100,8.0,17.0,-17.986,58.4224,203.52,0
2018-10-25,10,17.5,2.49,5.16667,92,6.0,13.0,-19.5167,47.1179,225.28,0
2018-10-25,12,22.1667,2.24,7.0,86,6.0,16.0,0.0,52.0,165.6,0
2018-10-25,13,24.8333,2.24,8.0,83,8.0,12.0,0.0,58.0,144.0,0
2018-10-25,14,27.1667,1.12,9.16667,80,11.0,13.0,0.0,61.0,135.24,0
2018-10-25,15,29.0,0.48,10.0,77,10.0,10.0,21.9204,59.6403,133.548,0
2018-10-25,16,29.8333,0.48,10.6667,72,11.0,9.0,43.1337,56.3567,138.194,0
2018-10-25,17,29.8333,0.48,10.8333,78,7.0,10.0,41.7195,54.5089,144.84,0
2018-10-25,18,29.3333,0.48,10.8333,74,13.0,9.0,40.3053,52.6612,151.945,0
2018-10-25,19,28.3333,0.48,10.5,71,17.0,11.0,38.891,50.8134,159.557,0
2018-10-25,21,26.0,0.0,9.66667,68,13.0,13.0,53.7404,70.2149,124.667,0
2018-10-25,23,23.6667,0.48,8.83333,66,8.0,11.0,48.7906,63.7477,145.75,0
