data,timeofday,windspeed6,opady6,temp6,rhumid,index_avg,prev_index_avg,wind_dir_ns,wind_dir_ew,dispel50,is_weekend
2017-11-01,1,11.0,0.0,6.83333,94,3.53,1.0,-21.0474,50.8134,321.231,1
2017-11-01,3,11.5,0.0,7.0,92,3.34,8.59,-21.0474,50.8134,305.455,1
2017-11-01,7,13.1667,0.58,7.66667,97,22.79,34.03,-19.5167,47.1179,297.0,1
2017-11-01,9,15.0,1.34,8.0,84,27.72,4.36,-22.9608,55.4328,205.477,1
2017-11-01,10,16.3333,1.82,8.0,88,28.7,6.36,-20.282,48.9656,212.625,1
2017-11-01,11,17.0,1.82,8.16667,83,23.41,11.3,-21.4301,51.7373,198.4,1
2017-11-01,12,17.8333,1.72,8.33333,83,21.24,24.04,-21.0474,50.8134,210.189,1
2017-11-01,13,18.1667,2.46,8.5,89,22.94,30.8,-20.6647,49.8895,217.579,1
2017-11-01,14,18.1667,1.7,8.66667,88,22.16,32.8,-20.282,48.9656,216.847,1
2017-11-01,15,18.1667,1.7,9.0,85,23.67,29.53,-20.6647,49.8895,213.333,1
2017-11-01,16,18.1667,1.22,9.16667,91,14.66,37.5,-21.0474,50.8134,205.8,1
2017-11-01,17,18.5,1.96,9.16667,90,9.46,35.26,-21.4301,51.7373,198.4,1
2017-11-01,21,22.0,0.74,9.5,89,18.0,16.37,-14.9245,59.0313,162.0,1
2017-11-02,0,26.5,2.24,10.5,84,27.2,7.72,0.0,58.0,144.0,0
2017-11-02,1,27.3333,3.36,10.8333,85,18.0,3.53,0.0,56.0,159.84,0
2017-11-02,2,27.6667,3.36,10.6667,91,9.61,3.21,0.0,51.0,176.538,0
2017-11-02,3,26.3333,3.36,10.8333,90,7.9,3.34,0.0,76.0,120.0,0
2017-11-02,4,26.6667,2.24,10.6667,88,11.43,10.23,0.0,74.0,124.848,0
2017-11-02,5,26.5,1.12,10.5,89,7.49,14.77,0.0,54.0,154.0,0
2017-11-02,7,27.0,1.12,10.1667,89,7.54,22.79,-9.94968,53.0209,162.29,0
2017-11-02,8,26.8333,1.96,10.1667,86,17.5,20.93,-20.6647,49.8895,159.508,0
2017-11-02,9,26.3333,1.96,10.0,87,24.03,27.72,-19.8994,48.0418,175.886,0
2017-11-02,10,25.6667,1.96,9.83333,88,19.0,28.7,-27.9356,67.4432,143.786,0
2017-11-02,12,24.5,2.62,9.83333,87,17.74,21.24,-9.94968,49.0209,176.538,0
2017-11-02,13,23.0,3.36,9.83333,87,30.91,22.94,-9.94968,72.0209,129.6,0
2017-11-02,14,22.3333,2.52,9.83333,86,22.67,22.16,0.0,67.0,161.472,0
2017-11-02,15,21.6667,2.52,9.83333,91,14.86,23.67,0.0,62.0,181.409,0
2017-11-02,16,20.1667,2.52,10.0,91,7.84,14.66,0.0,56.0,202.926,0
2017-11-02,21,17.0,0.74,9.83333,89,7.09,18.0,0.0,51.0,232.941,0
2017-11-03,0,14.3333,1.68,9.16667,89,3.22,27.2,0.0,55.0,269.925,0
2017-11-03,1,13.5,1.68,9.0,89,2.56,18.0,0.0,52.0,286.971,0
2017-11-03,2,12.5,1.68,8.66667,86,3.18,9.61,9.19243,50.0104,291.877,0
2017-11-03,3,11.1667,1.68,8.5,82,2.36,7.9,16.2635,57.0815,259.2,0
2017-11-03,4,10.1667,0.84,8.33333,87,5.33,11.43,21.8068,46.3776,324.8,0
2017-11-07,7,4.16667,0.0,1.33333,100,39.4,9.61,-16.2989,25.0628,680.85,0
2017-11-07,8,4.5,0.0,1.33333,98,51.0,10.88,-20.9183,18.9762,707.2,0
2017-11-07,9,4.66667,0.0,1.5,91,41.72,14.65,-22.449,9.28067,717.6,0
2017-11-07,10,4.5,0.0,2.0,81,18.05,17.46,-24.3624,0.66127,767.25,0
2017-11-07,11,4.16667,0.0,2.83333,72,14.95,12.25,-26.4837,-1.46006,764.4,0
2017-11-07,12,4.83333,0.0,3.83333,66,27.02,8.74,-28.3971,-14.0795,773.76,0
2017-11-07,13,4.66667,0.0,5.33333,58,59.05,16.4,-24.953,-29.3944,703.8,0
2017-11-07,14,5.33333,0.0,6.5,56,65.56,33.12,-23.4223,-37.0899,683.7,0
2017-11-07,15,5.83333,0.0,7.33333,61,97.81,72.7,-13.8369,-40.1218,662.4,0
2017-11-07,16,6.33333,0.0,7.83333,71,97.17,90.41,-8.0967,-41.0457,571.2,0
2017-11-07,17,6.5,0.0,8.0,85,101.48,63.59,-8.27145,-44.4676,540.0,0
2017-11-07,21,5.66667,0.0,6.0,80,30.06,49.07,12.1374,-47.4753,536.057,0
2017-11-08,0,6.16667,0.25,4.0,86,22.93,19.58,16.9153,-43.9236,550.8,0
2017-11-08,1,6.66667,0.25,4.0,92,21.83,25.91,11.5578,-42.0758,561.6,0
2017-11-08,2,7.5,0.25,4.0,86,27.54,21.59,13.8538,-45.5326,499.8,0
2017-11-08,3,8.66667,0.25,4.16667,85,29.73,25.93,9.78594,-44.6253,451.0,0
2017-11-08,4,9.5,0.25,4.5,88,20.51,27.18,5.54328,-47.3826,367.2,0
2017-11-08,5,9.66667,0.25,4.66667,89,31.18,33.35,-2.29608,-50.5433,319.0,0
2017-11-08,7,9.16667,0.25,4.83333,76,40.09,39.4,0.0,-58.0,312.8,0
2017-11-08,8,8.83333,0.25,5.16667,63,36.44,51.0,0.0,-55.0,372.655,0
2017-11-08,9,8.33333,0.25,5.33333,61,41.05,41.72,-3.44412,-52.3149,423.514,0
2017-11-08,10,8.5,0.25,5.33333,60,55.78,18.05,-3.44412,-63.3149,360.0,0
2017-11-08,11,8.66667,0.0,5.83333,58,63.57,14.95,-11.9294,-46.8002,393.6,0
2017-11-08,12,9.33333,0.0,6.5,54,49.53,27.02,-14.9909,-47.1913,367.2,0
2017-11-08,13,9.83333,0.0,6.83333,60,55.12,59.05,-14.9909,-51.1913,300.0,0
2017-11-08,14,9.66667,0.0,6.66667,65,63.69,65.56,-14.9909,-54.1913,300.0,0
2017-11-08,15,9.0,0.0,6.5,68,51.92,97.81,-11.5468,-53.8764,335.345,0
2017-11-08,16,8.16667,0.0,6.66667,69,63.15,97.17,-14.2255,-49.3435,394.4,0
2017-11-08,21,6.5,0.0,5.0,69,32.84,30.06,-27.8043,-45.8867,435.2,0
2017-11-09,0,5.66667,0.0,4.0,78,29.74,22.93,-24.7541,-33.8365,498.343,0
2017-11-09,1,6.16667,0.0,3.66667,77,33.32,21.83,-8.12559,-22.4196,528.0,0
2017-11-09,2,6.5,0.0,3.5,71,29.78,27.54,-10.5669,-20.5313,542.88,0
2017-11-09,3,7.33333,0.0,3.33333,78,36.23,29.73,-17.034,-23.21,495.72,0
2017-11-09,4,8.0,0.0,3.0,85,35.35,20.51,-14.5823,-18.0523,440.64,0
2017-11-09,5,7.83333,0.0,2.83333,82,43.25,31.18,-16.59,-16.8128,420.0,0
2017-11-09,6,7.66667,0.0,2.83333,83,40.55,34.96,-18.1074,-14.5418,405.45,0
2017-11-09,7,7.5,0.0,2.83333,83,66.08,40.09,-33.4985,-17.6033,417.6,0
2017-11-09,8,7.66667,0.0,2.83333,83,90.78,36.44,-48.9656,-20.282,437.25,0
2017-11-09,9,7.83333,0.0,3.16667,69,72.42,41.05,-48.9656,-14.1592,425.829,0
2017-11-09,10,8.66667,0.0,3.66667,75,48.62,55.78,-31.4985,-11.4804,400.68,0
2017-11-09,11,9.66667,0.0,4.0,73,52.99,63.57,-26.8791,-1.14804,377.143,0
2017-11-09,12,10.0,0.0,4.33333,71,48.03,49.53,-32.4224,6.50556,300.0,0
2017-11-09,13,10.3333,0.0,4.66667,76,49.89,55.12,-27.803,16.0726,305.25,0
2017-11-09,14,10.8333,0.0,5.0,76,55.51,63.69,-23.856,21.326,317.127,0
2017-11-09,15,10.6667,0.0,5.0,73,53.07,51.92,-39.0655,31.4887,317.127,0
2017-11-09,16,11.0,0.0,4.83333,83,44.2,63.15,-32.7296,36.518,343.385,0
2017-11-09,21,13.5,1.12,4.16667,84,29.66,32.84,-48.0418,19.8994,276.0,0
2017-11-10,0,14.6667,2.24,4.66667,83,35.22,29.74,-53.585,22.1954,223.385,0
2017-11-10,1,14.8333,2.24,5.0,81,24.04,33.32,-52.1812,27.8272,226.8,0
2017-11-10,2,15.6667,1.12,5.33333,89,12.34,29.78,-48.7129,33.0181,226.8,0
2017-11-10,3,16.0,2.24,5.66667,80,15.8,36.23,-46.6588,39.6232,188.308,0
2017-11-10,5,17.1667,1.12,6.16667,89,9.38,43.25,-38.891,38.891,205.8,0
2017-11-10,6,16.6667,2.24,6.33333,86,11.67,40.55,-38.1839,38.1839,213.333,0
2017-11-10,7,16.3333,2.72,6.33333,88,27.91,66.08,-46.6693,46.6693,194.133,0
2017-11-10,8,15.5,2.72,6.33333,95,30.92,90.78,-43.8408,43.8408,230.4,0
2017-11-10,9,15.0,1.6,6.16667,87,27.98,72.42,-39.5982,39.5982,266.965,0
2017-11-10,10,14.3333,1.6,6.16667,86,31.43,48.62,-38.1839,38.1839,255.2,0
2017-11-10,11,14.6667,1.6,6.33333,81,29.64,52.99,-40.3053,40.3053,239.4,0
2017-11-10,12,15.3333,0.48,6.66667,80,22.07,48.03,-43.8408,43.8408,188.308,0
2017-11-10,14,16.3333,0.69,7.33333,77,21.38,55.51,-37.4768,37.4768,225.095,0
2017-11-10,15,16.3333,0.69,7.5,85,18.69,53.07,-48.0835,48.0835,186.821,0
2017-11-10,16,16.3333,0.69,7.5,88,19.22,44.2,-48.5066,40.3886,195.0,0
2017-11-10,21,18.6667,3.12,6.83333,82,6.79,29.66,24.5224,7.6536,165.714,0
2017-11-11,0,22.0,4.16,6.33333,81,5.49,35.22,21.3702,6.88824,198.4,1
2017-11-11,1,23.5,4.24,6.16667,80,8.33,24.04,8.98888,31.4119,136.8,1
2017-11-11,2,25.5,4.32,6.0,87,9.28,12.34,-34.9315,53.3323,129.071,1
2017-11-11,3,28.0,3.28,5.66667,86,6.03,15.8,-44.5479,44.5479,128.981,1
2017-11-11,5,31.5,2.24,5.0,86,8.34,9.38,-24.1088,58.2044,134.909,1
2017-11-11,6,30.1667,2.24,4.66667,87,7.53,11.67,-22.5781,54.5089,144.84,1
2017-11-11,7,30.0,2.26,4.33333,88,9.6,27.91,-29.4826,45.1774,162.29,1
2017-11-11,8,28.6667,1.14,4.16667,90,12.08,30.92,-18.3849,48.3849,148.615,1
2017-11-11,9,26.3333,1.14,4.0,85,20.33,27.98,-16.9706,46.9706,170.24,1
2017-11-11,10,26.1667,1.14,4.0,78,16.68,31.43,-30.4057,60.4057,152.76,1
2017-11-11,11,26.6667,1.14,4.16667,75,31.04,29.64,-41.5034,57.1982,130.0,1
2017-11-11,12,27.0,2.69,4.33333,77,31.34,22.07,-33.7252,49.42,132.248,1
2017-11-11,14,25.6667,2.03,4.83333,73,18.91,21.38,-36.0626,36.0626,181.5,1
2017-11-11,15,26.0,2.03,4.83333,88,18.83,18.69,-52.3261,52.3261,138.857,1
2017-11-11,16,25.0,2.51,4.83333,87,15.4,19.22,-47.3764,47.3764,151.93,1
2017-11-11,21,19.0,0.48,3.33333,85,6.01,6.79,-47.2428,50.49,180.0,1
2017-11-12,0,15.8333,0.0,3.0,89,5.87,5.49,-49.4305,40.7713,187.425,1
2017-11-12,1,16.6667,0.0,3.0,90,6.31,8.33,-45.255,45.255,215.368,1
2017-11-12,2,17.6667,0.0,3.0,90,3.93,9.28,-45.9622,45.9622,187.425,1
2017-11-12,3,17.8333,0.0,3.16667,90,4.17,6.03,-40.3053,40.3053,176.32,1
2017-11-12,5,19.3333,0.0,3.5,91,14.98,8.34,-43.8408,43.8408,176.727,1
2017-11-12,6,19.5,0.0,3.66667,92,8.03,7.53,-35.5553,45.8381,186.66,1
2017-11-12,7,19.1667,0.0,3.83333,91,10.1,9.6,-27.536,46.478,214.5,1
2017-11-12,8,18.8333,0.48,4.0,86,18.48,12.08,-20.282,48.9656,225.095,1
2017-11-12,9,19.5,0.48,4.0,84,22.9,20.33,-20.6647,49.8895,204.6,1
2017-11-12,10,20.1667,0.96,4.0,84,27.79,16.68,-23.7262,57.2806,156.8,1
2017-11-12,11,20.5,0.96,4.16667,82,12.07,31.04,-33.8086,57.6214,131.04,1
2017-11-12,12,22.0,0.96,4.33333,79,21.23,31.34,-41.0043,53.9931,145.75,1
2017-11-12,13,22.3333,0.96,4.66667,81,40.64,17.38,-49.4977,49.4977,140.4,1
2017-11-12,14,22.0,0.48,5.0,77,30.47,18.91,-40.1807,51.0047,147.714,1
2017-11-12,15,20.8333,0.48,5.33333,78,48.0,18.83,-38.0593,48.8833,184.512,1
2017-11-12,16,19.6667,0.48,5.5,83,42.44,15.4,-32.4025,43.2264,214.5,1
2017-11-12,21,13.0,0.48,4.5,87,16.2,6.01,-45.2805,25.7973,293.647,1
2017-11-13,0,9.33333,0.0,3.66667,85,11.85,5.87,-50.9374,31.4542,331.629,0
2017-11-13,1,9.0,0.0,3.5,86,14.33,6.31,-46.318,29.5408,360.0,0
2017-11-13,2,8.33333,0.0,3.33333,92,22.11,3.93,-42.5193,31.6953,385.527,0
2017-11-13,3,8.16667,0.0,3.16667,93,19.2,4.17,-35.5193,31.6953,360.0,0
2017-11-13,4,8.33333,0.0,3.16667,94,24.72,12.52,-31.8238,30.1646,374.85,0
2017-11-13,5,8.0,0.0,3.16667,94,29.35,14.98,-34.4819,27.9519,360.0,0
2017-11-13,6,7.33333,0.0,3.0,96,43.58,8.03,-21.825,22.295,388.267,0
2017-11-13,7,7.66667,0.0,3.0,92,29.89,10.1,-10.461,15.931,448.0,0
2017-11-13,9,6.5,0.0,3.0,90,16.72,22.9,-6.92428,20.2651,435.2,0
2017-11-13,10,5.5,0.0,3.16667,88,28.6,27.79,-2.09101,17.5966,490.629,0
2017-11-13,11,5.5,0.0,3.33333,82,27.31,12.07,-3.23905,20.3682,498.343,0
2017-11-13,12,7.0,0.0,3.66667,71,9.89,21.23,-16.7062,17.6895,498.343,0
2017-11-13,13,7.83333,0.48,4.16667,70,18.09,40.64,-1.92413,25.5666,472.457,0
2017-11-13,14,9.5,0.48,4.66667,72,37.56,30.47,-20.047,40.3487,398.945,0
2017-11-13,15,9.83333,0.48,5.0,77,51.27,48.0,-13.7381,41.875,240.0,0
2017-11-13,16,10.3333,0.48,5.16667,82,33.01,42.44,-14.8861,44.6466,253.543,0
2017-11-14,0,9.5,0.0,3.0,79,4.75,11.85,24.852,49.1823,360.0,0
2017-11-14,1,9.33333,0.0,2.66667,80,5.29,14.33,23.3346,49.2856,313.65,0
2017-11-14,3,8.83333,0.0,1.83333,73,9.57,19.2,14.2919,46.4378,356.4,0
2017-11-14,4,9.16667,0.0,1.83333,72,11.5,24.72,14.2919,45.4378,361.029,0
2017-11-14,5,9.33333,0.0,1.66667,74,11.6,29.35,5.89799,48.8029,341.85,0
2017-11-14,7,8.33333,0.0,1.66667,78,18.18,29.89,-0.60757,56.5089,392.824,0
2017-11-14,9,9.83333,0.0,2.5,79,23.0,16.72,-17.986,50.4224,345.257,0
2017-11-14,10,10.3333,0.0,2.66667,82,19.39,28.6,-22.5781,54.5089,300.0,0
2017-11-14,11,10.5,0.0,3.0,74,29.3,27.31,-20.282,48.9656,305.25,0
2017-11-14,12,12.1667,0.0,3.5,73,33.59,9.89,-17.2206,51.5746,297.0,0
2017-11-14,13,13.8333,0.0,4.0,80,44.86,18.09,-21.9123,44.9011,276.0,0
2017-11-14,14,14.5,0.0,4.33333,74,39.22,37.56,-31.4623,47.9567,197.6,0
2017-11-15,0,20.1667,0.33,4.33333,86,8.62,4.75,-43.1337,43.1337,183.0,0
2017-11-15,1,19.5,0.81,4.5,91,5.93,5.29,-41.0124,41.0124,202.473,0
2017-11-15,3,18.1667,0.48,5.16667,83,9.65,9.57,-26.8289,45.7709,217.579,0
2017-11-15,5,15.5,0.48,5.66667,88,19.7,11.6,-24.4915,59.1283,195.0,0
2017-11-15,7,13.3333,0.48,6.0,84,22.72,18.18,-11.0977,49.7925,297.6,0
2017-11-15,8,12.3333,0.48,6.0,88,35.1,9.71,-14.5418,58.1074,284.625,0
2017-11-15,9,12.0,0.48,6.0,85,29.76,23.0,-13.3938,55.3358,289.385,0
2017-11-15,10,12.6667,0.48,6.16667,85,31.16,19.39,-13.7765,56.2597,250.92,0
2017-11-15,12,15.3333,0.0,6.83333,77,28.79,33.59,-17.2206,58.5746,188.308,0
2017-11-15,13,17.0,0.0,7.16667,76,37.24,44.86,-14.9245,53.0313,193.765,0
2017-11-15,14,17.3333,0.0,7.5,84,40.62,39.22,-22.1954,53.585,184.0,0
2017-11-15,21,15.3333,0.48,7.33333,90,15.43,12.08,-24.1088,58.2044,180.0,0
2017-11-16,0,13.8333,0.0,6.66667,96,17.63,8.62,-15.3072,49.9552,282.72,0
2017-11-16,1,12.6667,0.0,6.33333,91,10.5,5.93,-19.5167,60.1179,248.88,0
2017-11-16,2,12.3333,0.0,6.0,90,13.09,5.77,-18.3686,57.3462,259.2,0
2017-11-16,3,11.8333,0.0,5.66667,95,20.78,9.65,-18.3686,57.3462,259.2,0
2017-11-16,5,10.3333,0.0,5.5,87,35.22,19.7,-17.2206,51.5746,305.455,0
2017-11-16,6,9.66667,0.0,5.33333,88,46.18,21.77,-15.6899,47.8791,359.9,0
2017-11-16,7,9.16667,0.0,5.16667,94,32.41,22.72,-18.3686,54.3462,345.6,0
2017-11-16,8,8.33333,0.0,5.16667,91,31.37,35.1,-20.1405,49.6237,390.831,0
2017-11-16,9,7.66667,0.0,5.16667,91,29.36,29.76,-20.1405,57.6237,360.0,0
2017-11-16,12,7.0,0.0,5.66667,85,41.01,28.79,2.83437,35.6132,435.2,0
2017-11-16,13,7.0,0.0,6.0,77,56.21,37.24,13.2785,27.2983,437.143,0
2017-11-16,14,7.5,0.0,6.5,75,50.58,40.62,10.3211,17.8081,479.467,0
2017-11-16,21,10.8333,0.0,5.83333,89,29.99,15.43,9.50424,13.4602,313.5,0
2017-11-17,0,11.5,0.0,5.83333,89,14.17,17.63,-12.3358,13.3938,278.25,0
2017-11-17,1,12.5,0.0,5.83333,85,24.75,10.5,-33.2701,18.7513,249.9,0
2017-11-17,2,13.3333,0.0,6.16667,80,20.28,13.09,-45.9309,24.8241,259.418,0
2017-11-17,3,14.5,0.25,6.33333,81,18.22,20.78,-51.4741,27.1201,221.571,0
2017-11-17,5,14.5,0.5,6.5,80,11.27,35.22,-53.3219,27.8855,204.429,0
2017-11-17,6,13.6667,0.5,6.66667,85,17.36,46.18,-51.9077,26.4713,241.553,0
2017-11-17,7,13.8333,0.5,6.83333,97,29.87,32.41,-42.5657,26.3297,312.141,0
2017-11-17,8,13.3333,0.5,6.83333,87,21.9,31.37,-31.9591,40.1879,248.4,0
2017-11-17,9,14.0,0.25,6.83333,83,18.59,29.36,-26.1526,43.5819,240.0,0
2017-11-17,11,14.5,0.0,7.16667,67,23.45,29.33,9.19243,55.8443,203.52,0
2017-11-17,12,15.8333,0.0,7.33333,66,23.41,41.01,-1.41422,57.9861,187.971,0
2017-11-17,13,16.5,0.0,7.5,65,46.91,56.21,8.48532,65.0866,213.714,0
2017-11-17,21,9.33333,0.0,4.66667,89,16.78,29.99,-6.12288,63.7821,337.642,0
2017-11-18,0,9.33333,0.0,3.5,93,11.29,14.17,-13.7765,51.2597,356.4,1
2017-11-18,1,10.1667,0.0,3.33333,86,12.63,24.75,-17.6033,52.4985,314.743,1
2017-11-18,2,10.8333,0.0,3.16667,82,19.91,20.28,-16.0726,48.803,334.08,1
2017-11-18,3,11.1667,0.0,3.16667,86,14.84,18.22,-21.0474,50.8134,297.0,1
2017-11-18,5,12.6667,0.0,3.33333,75,12.27,11.27,-23.7925,45.4405,276.0,1
2017-11-18,6,13.0,0.0,3.33333,80,15.53,17.36,-24.5579,47.2883,261.415,1
2017-11-18,7,13.8333,0.0,3.16667,83,19.51,29.87,-28.0684,43.7632,265.5,1
2017-11-18,8,14.0,0.0,3.33333,73,19.32,21.9,-31.6039,47.2987,237.12,1
2017-11-18,9,15.0,0.0,3.5,75,31.63,18.59,-38.798,38.798,239.4,1
2017-11-18,10,15.8333,0.0,3.66667,76,27.79,18.27,-50.0704,32.7519,188.7,1
2017-11-18,11,16.6667,0.48,3.66667,72,21.5,23.45,-43.7064,26.388,212.571,1
2017-11-18,12,18.8333,0.48,3.83333,72,33.05,23.41,-48.3258,28.3014,191.133,1
2017-11-18,13,19.8333,0.48,4.33333,64,30.01,46.91,-54.7929,30.9801,154.56,1
2017-11-18,21,20.0,2.67,4.33333,90,13.32,16.78,-58.2044,24.1088,175.304,1
2017-11-19,0,15.5,1.06,3.33333,98,7.57,11.29,-45.7813,33.8749,279.273,1
2017-11-19,1,15.0,1.59,3.0,96,7.83,12.63,-31.9615,41.1619,271.385,1
2017-11-19,2,14.1667,1.59,2.66667,92,5.82,19.91,-28.5093,45.8277,251.631,1
2017-11-19,3,15.5,1.06,2.5,94,2.68,14.84,-31.3377,48.6561,189.72,1
2017-11-19,5,18.1667,1.59,2.66667,87,8.44,12.27,-43.5,33.7584,193.765,1
2017-11-19,6,18.3333,1.06,3.0,86,8.34,15.53,-46.3285,36.5869,184.743,1
2017-11-19,7,17.3333,1.8,3.0,97,10.96,19.51,-44.2071,34.4655,191.133,1
2017-11-19,8,18.0,1.8,3.33333,93,12.49,19.32,-47.6512,42.7804,194.133,1
2017-11-19,9,17.8333,1.8,3.5,87,17.84,31.63,-39.0577,55.2937,193.143,1
2017-11-19,10,18.5,1.8,3.66667,87,15.53,27.79,-38.3506,54.5866,180.0,1
2017-11-19,11,18.5,1.27,3.66667,85,13.18,21.5,-37.7349,49.1001,165.714,1
2017-11-19,12,19.0,2.54,3.66667,82,16.95,33.05,-49.1001,37.7349,160.74,1
2017-11-19,13,21.3333,2.54,4.16667,80,23.01,30.01,-49.8072,38.442,164.509,1
2017-11-19,21,13.8333,2.26,3.33333,95,15.94,13.32,-44.0472,36.4704,243.6,1
2017-11-20,0,14.5,1.98,3.0,93,10.84,7.57,-26.5708,43.1476,265.5,0
2017-11-20,1,15.1667,1.98,3.16667,93,8.61,7.83,-25.7391,44.1399,212.571,0
2017-11-20,2,15.0,0.99,3.33333,92,6.76,5.82,-20.3816,49.2056,198.4,0
2017-11-20,3,15.8333,1.22,3.33333,93,4.2,2.68,-20.3816,60.2056,187.0,0
2017-11-20,5,17.0,1.22,3.33333,93,10.19,8.44,26.5294,45.7878,231.8,0
2017-11-20,7,16.8333,0.71,2.83333,91,15.78,10.96,46.3285,36.5869,170.133,0
2017-11-20,8,16.8333,0.71,2.5,93,5.77,12.49,41.0124,41.0124,198.0,0
2017-11-20,9,15.8333,0.48,2.33333,86,5.78,17.84,41.0124,52.0124,193.143,0
2017-11-20,10,14.8333,0.48,2.16667,80,5.16,15.53,26.1631,45.1631,289.714,0
2017-11-20,11,13.5,0.96,2.0,73,10.31,13.18,26.1631,57.1631,263.486,0
2017-11-20,12,12.6667,0.96,2.16667,64,14.7,16.95,11.3138,55.3138,294.0,0
2017-11-20,13,12.8333,0.96,2.33333,67,37.1,23.01,11.3138,58.7821,250.364,0
2017-11-20,14,13.6667,0.96,2.5,66,34.34,26.46,23.3346,55.488,216.0,0
2017-11-20,21,6.16667,0.0,1.0,93,51.58,15.94,26.8702,51.6391,452.4,0
2017-11-21,0,5.5,0.0,-0.333333,87,41.95,10.84,10.6066,45.8068,582.4,0
2017-11-21,1,5.33333,0.0,-0.666667,92,37.58,8.61,1.18122,46.8339,575.143,0
2017-11-21,2,4.33333,0.0,-1.0,86,41.24,6.76,1.18122,51.8339,540.0,0
2017-11-21,3,4.5,0.0,-1.0,88,31.73,4.2,-3.76855,48.8841,641.143,0
2017-11-21,5,4.66667,0.0,-1.16667,82,42.66,10.19,-8.38795,47.7975,624.24,0
2017-11-21,7,4.33333,0.0,-1.66667,100,102.53,15.78,-12.04,36.9806,660.0,0
2017-11-21,8,5.0,0.0,-1.83333,90,90.9,5.77,-8.28266,31.4374,660.0,0
2017-11-21,9,5.16667,0.0,-1.83333,89,47.85,5.78,-12.5253,15.1947,632.4,0
2017-11-21,10,5.33333,0.0,-1.83333,84,54.5,5.16,-9.87163,4.70165,675.45,0
2017-11-21,11,5.5,0.0,-1.33333,78,73.65,10.31,-11.785,0.0822502,639.6,0
2017-11-21,12,5.83333,0.0,-0.833333,66,51.85,14.7,-12.2591,-10.8443,648.96,0
2017-11-21,13,6.16667,0.0,0.0,65,50.46,37.1,-14.1725,-13.2249,635.04,0
2017-11-21,14,6.0,0.0,0.833333,64,69.68,34.34,-13.3799,-9.89954,530.4,0
2017-11-21,21,5.66667,0.0,1.0,97,36.22,51.58,1.2582,14.1757,542.88,0
2017-11-22,0,5.5,0.0,0.333333,85,15.15,41.95,14.4617,2.60766,588.0,0
2017-11-22,1,5.5,0.0,0.166667,89,24.61,37.58,11.6333,-0.22078,577.2,0
2017-11-22,2,5.16667,0.0,0.0,98,18.94,41.24,-0.00541961,-0.0710999,595.2,0
2017-11-22,3,5.33333,0.0,0.0,92,13.36,31.73,-0.00541961,-5.0711,559.543,0
2017-11-22,4,6.16667,0.58,0.166667,90,25.67,25.96,-6.3015,-17.6144,595.2,0
2017-11-22,5,6.33333,0.94,0.333333,92,22.58,42.66,-3.27846,-28.6081,555.429,0
2017-11-22,6,7.33333,0.94,0.5,90,22.9,71.39,-15.2282,-33.5578,524.16,0
2017-11-22,7,8.16667,0.94,0.666667,92,23.62,102.53,-24.2282,-43.5578,457.6,0
2017-11-22,8,9.16667,0.94,0.833333,92,29.61,90.9,-21.7493,-47.5733,375.943,0
2017-11-22,9,10.3333,2.11,1.16667,91,40.13,47.85,-15.2821,-50.8945,316.2,0
2017-11-22,10,11.3333,1.53,1.33333,90,30.83,54.5,-9.54193,-50.0363,296.229,0
2017-11-22,11,12.8333,1.17,1.5,92,43.76,73.65,-15.1988,-45.6932,286.7,0
2017-11-22,12,13.5,1.17,1.66667,91,48.9,51.85,-16.7295,-49.3887,238.255,0
2017-11-22,13,14.0,1.17,1.83333,92,49.32,50.46,-26.6291,-48.2883,223.385,0
2017-11-22,21,12.5,0.23,4.33333,93,19.27,36.22,-23.0313,-14.9245,292.32,0
2017-11-23,0,10.8333,0.23,4.83333,97,14.7,15.15,28.0657,-5.35752,328.714,0
2017-11-23,1,10.6667,0.23,5.16667,89,16.17,24.61,31.7612,-3.8268,366.277,0
2017-11-23,2,11.1667,0.23,5.5,92,22.69,18.94,31.7612,-3.8268,340.267,0
2017-11-23,3,11.8333,0.0,5.5,93,25.64,13.36,38.7612,-3.8268,251.6,0
2017-11-23,4,12.8333,0.0,5.83333,83,25.48,25.67,32.7612,-3.8268,264.48,0
2017-11-23,5,14.1667,0.0,6.16667,93,34.87,22.58,57.0,0.0,232.615,0
2017-11-23,6,15.1667,0.0,6.5,88,31.59,22.9,62.0,0.0,210.6,0
2017-11-23,7,16.1667,0.0,6.33333,94,38.63,23.62,62.0,0.0,188.308,0
2017-11-23,8,16.1667,0.0,6.33333,73,27.75,29.61,53.0,0.0,221.0,0
2017-11-23,9,17.3333,0.0,6.5,75,38.37,40.13,51.0,0.0,229.125,0
2017-11-23,10,17.3333,0.0,6.66667,70,26.25,30.83,55.0,0.0,210.189,0
2017-11-23,11,16.5,0.0,6.83333,67,30.13,43.76,51.0,0.0,229.125,0
2017-11-23,12,16.1667,0.0,7.33333,68,32.94,48.9,64.0,0.0,195.0,0
2017-11-23,13,15.3333,0.0,8.16667,59,45.61,49.32,35.0657,-5.35752,236.64,0
2017-11-23,21,18.1667,0.0,9.5,74,17.72,19.27,71.0,0.0,186.382,0
2017-11-24,0,15.6667,0.0,8.5,76,19.68,14.7,-28.2701,18.7513,187.2,0
2017-11-24,1,15.0,0.0,8.33333,77,12.26,16.17,-55.4328,22.9608,226.8,0
2017-11-24,2,14.3333,0.0,8.16667,87,20.92,22.69,-52.6612,21.8128,252.225,0
2017-11-24,3,13.6667,0.0,8.0,88,16.53,25.64,-49.8895,20.6647,284.612,0
2017-11-24,4,12.5,0.0,8.0,92,32.74,25.48,-58.3748,29.15,248.4,0
2017-11-24,5,11.3333,0.0,7.83333,94,33.78,34.87,-49.0329,29.0085,271.745,0
2017-11-24,6,10.1667,0.0,7.66667,90,42.93,31.59,-45.9413,31.8701,299.815,0
2017-11-24,7,9.83333,0.0,7.5,98,39.53,38.63,-43.1129,35.5656,321.6,0
2017-11-24,8,8.83333,0.0,7.33333,99,51.81,27.75,-41.2651,34.8003,343.938,0
2017-11-24,9,8.33333,0.48,7.16667,91,39.89,38.37,-31.9334,36.2926,407.1,0
2017-11-24,10,8.33333,0.96,6.83333,87,47.29,26.25,-35.3775,27.9776,360.0,0
2017-11-24,11,8.66667,0.96,6.83333,82,37.67,30.13,-35.2071,16.0482,360.0,0
2017-11-24,12,10.0,1.44,7.0,85,42.59,32.94,-26.3642,-8.47344,343.2,0
2017-11-24,13,10.5,1.44,7.16667,81,35.92,45.61,-37.678,-20.6543,311.564,0
2017-11-24,14,12.5,1.92,7.5,80,41.11,41.71,-30.194,-44.2652,275.6,0
2017-11-24,21,15.5,0.79,8.5,87,16.12,17.72,52.1924,22.0104,232.0,0
2017-11-25,0,9.66667,0.79,6.0,89,12.41,19.68,24.3656,45.2492,328.042,1
2017-11-25,1,9.0,0.0,5.33333,93,12.12,12.26,5.36563,56.2492,324.48,1
2017-11-25,2,8.16667,0.0,5.16667,92,12.82,20.92,3.06955,51.7925,403.015,1
2017-11-25,3,8.5,0.0,5.0,88,19.48,16.53,-2.58733,57.4494,371.908,1
2017-11-25,4,9.16667,0.0,4.83333,88,19.28,32.74,-14.8412,46.83,401.85,1
2017-11-25,5,8.66667,0.0,4.66667,90,16.0,33.78,-19.4334,49.9166,363.0,1
2017-11-25,6,8.33333,0.0,4.5,98,28.24,42.93,-18.2853,47.1449,411.927,1
2017-11-25,7,7.66667,0.0,4.33333,94,26.68,39.53,-24.6493,53.5089,360.0,1
2017-11-25,8,7.0,0.74,4.16667,92,25.6,51.81,-26.4971,41.7435,432.0,1
2017-11-25,9,7.0,0.74,4.0,90,29.1,39.89,-22.4971,41.7435,420.0,1
2017-11-25,10,5.83333,0.74,4.0,81,30.51,47.29,-27.592,33.1388,420.0,1
2017-11-25,11,5.66667,1.48,4.16667,82,24.34,37.67,-25.4707,23.9464,469.05,1
2017-11-25,12,5.33333,2.22,4.33333,82,30.0,42.59,-27.9525,14.2593,548.7,1
2017-11-25,13,6.0,2.22,4.5,80,25.7,35.92,-27.9525,7.25928,509.6,1
2017-11-25,21,11.8333,8.7,4.83333,86,3.75,16.12,34.2427,-27.4473,343.385,1
2017-11-26,0,14.6667,10.48,4.16667,86,6.03,12.41,42.7929,33.0513,205.8,1
2017-11-26,1,14.8333,10.48,3.83333,84,6.43,12.12,51.2782,41.5366,187.0,1
2017-11-26,2,14.6667,7.86,3.66667,78,7.73,12.82,42.4266,42.4266,257.943,1
2017-11-26,3,13.3333,5.24,3.5,86,6.15,19.48,49.4977,51.6654,247.714,1
2017-11-26,5,10.5,0.0,3.16667,82,12.94,16.0,19.1251,45.665,324.8,1
2017-11-26,6,10.0,0.0,2.83333,82,11.55,28.24,4.27584,43.5437,353.455,1
2017-11-26,7,10.5,0.0,2.83333,94,19.27,26.68,-2.08815,49.9077,311.564,1
2017-11-26,8,11.5,0.0,2.66667,89,22.57,25.6,-26.837,42.7902,321.48,1
2017-11-26,9,13.0,0.0,2.66667,85,37.02,29.1,-38.1508,44.104,260.945,1
2017-11-26,10,13.8333,0.0,2.5,77,38.74,30.51,-41.0124,41.0124,190.4,1
2017-11-26,11,15.5,0.0,2.5,81,32.82,24.34,-36.0626,36.0626,229.125,1
2017-11-26,12,17.3333,0.48,2.66667,76,33.83,30.0,-32.0198,42.3026,217.579,1
2017-11-26,21,17.3333,0.0,2.66667,72,16.32,3.75,-35.1054,36.1878,221.0,1
2017-11-27,0,17.1667,0.0,2.5,77,7.39,6.03,-47.1179,19.5167,225.28,0
2017-11-27,1,16.3333,0.0,2.33333,76,7.9,6.43,-48.9656,20.282,229.14,0
2017-11-27,2,16.0,0.0,2.33333,76,6.03,7.73,-61.9,25.6396,200.34,0
2017-11-27,3,16.1667,0.0,2.5,78,7.3,6.15,-53.3219,27.8855,218.625,0
2017-11-27,5,15.3333,0.0,3.0,75,15.2,12.94,-45.4614,37.8846,212.914,0
2017-11-27,6,14.6667,0.0,3.16667,80,11.07,11.55,-43.1337,43.1337,204.429,0
2017-11-27,7,15.3333,0.0,3.33333,79,15.42,19.27,-45.2446,38.209,226.8,0
2017-11-27,8,15.6667,0.48,3.5,71,18.96,22.57,-46.6588,39.6232,210.6,0
2017-11-27,9,15.8333,0.48,3.66667,70,16.68,37.02,-46.6588,39.6232,203.52,0
2017-11-27,11,16.5,0.48,4.0,71,20.55,32.82,-47.3764,47.3764,187.0,0
2017-11-27,12,18.0,0.48,4.33333,67,35.59,33.83,-40.8883,30.6055,224.824,0
2017-11-27,21,17.5,0.48,4.16667,71,18.11,16.32,23.2179,6.12288,204.6,0
2017-11-28,0,24.3333,0.0,2.83333,76,7.85,7.39,57.0,0.0,151.945,0
2017-11-28,1,25.8333,0.0,2.66667,78,8.54,7.9,56.0,0.0,154.286,0
2017-11-28,2,27.0,0.0,2.66667,79,5.55,6.03,56.0,0.0,154.286,0
2017-11-28,3,27.5,0.0,2.66667,85,8.39,7.3,54.0,0.0,164.914,0
2017-11-28,4,27.1667,0.51,2.83333,83,11.47,8.04,52.0,0.0,170.769,0
2017-11-28,5,26.6667,1.02,3.0,84,15.68,15.2,53.0,0.0,165.092,0
2017-11-28,6,25.6667,1.02,3.0,89,22.11,11.07,52.0,0.0,173.333,0
2017-11-28,7,25.1667,1.02,3.0,82,36.51,15.42,74.0,0.0,134.267,0
2017-11-28,8,24.3333,1.02,3.16667,81,23.86,18.96,72.0,0.0,134.832,0
2017-11-28,9,23.1667,1.02,3.33333,83,27.5,16.68,68.0,0.0,141.382,0
2017-11-28,11,20.6667,0.0,3.83333,77,26.18,20.55,60.0,0.0,184.743,0
2017-11-28,12,19.8333,0.0,4.16667,78,44.06,35.59,56.0,0.0,202.926,0
2017-11-28,21,14.0,0.0,4.5,85,17.13,18.11,53.0,0.0,253.08,0
2017-11-29,0,14.1667,0.0,3.5,87,14.92,7.85,58.0,0.0,243.6,0
2017-11-29,1,14.5,0.0,3.33333,85,11.52,8.54,55.0,0.0,269.925,0
2017-11-29,2,14.0,0.0,3.16667,88,9.83,5.55,55.0,0.0,269.925,0
2017-11-29,3,14.0,0.0,3.0,86,13.27,8.39,52.0,0.0,264.48,0
2017-11-29,4,14.0,0.0,3.0,84,14.5,11.47,58.0,0.0,223.385,0
2017-11-29,5,14.3333,0.0,3.0,87,24.65,15.68,61.0,0.0,218.625,0
2017-11-29,6,14.0,0.0,3.0,83,31.71,22.11,33.9134,4.59216,232.615,0
2017-11-29,7,13.1667,0.0,2.66667,94,38.87,36.51,31.9134,4.59216,269.925,0
2017-11-29,10,12.3333,0.0,3.33333,75,49.28,25.18,38.9134,4.59216,240.0,0
2017-11-29,11,11.3333,0.48,3.66667,72,25.63,26.18,51.0,0.0,281.455,0
2017-11-29,12,11.0,0.48,4.0,73,50.61,44.06,57.0,0.0,282.764,0
2017-11-29,21,6.16667,0.48,3.5,94,39.23,17.13,-37.8857,6.76363,473.815,0
2017-11-30,0,6.0,0.0,1.16667,89,28.53,14.92,-38.6032,-10.9392,480.0,0
2017-11-30,1,6.66667,0.0,0.666667,100,25.38,11.52,-23.2883,-14.3833,541.964,0
2017-11-30,3,7.33333,0.0,0.0,96,26.12,13.27,-16.8288,-11.2304,477.0,0
2018-10-02,8,11.3333,0.0,7.5,93,7.59,20.53,-20.6647,49.8895,270.4,0
2018-10-02,9,13.0,0.0,7.5,87,16.68,17.17,-19.8994,48.0418,276.0,0
2018-10-02,11,16.3333,0.48,8.16667,71,16.74,16.57,-24.1088,58.2044,180.0,0
2018-10-02,14,21.1667,0.96,10.0,61,18.69,30.3,-26.0222,62.8238,141.382,0
2018-10-02,16,23.6667,1.06,10.5,60,14.16,91.08,-26.4049,63.7477,135.873,0
2018-10-02,17,24.5,1.64,10.3333,58,9.02,14.4,-19.5167,47.1179,171.55,0
2018-10-02,19,25.3333,3.32,9.5,77,7.3,19.21,-20.6647,49.8895,162.222,0
2018-10-02,20,25.5,3.32,8.83333,83,4.15,18.56,-27.303,41.9154,179.022,0
2018-10-02,22,25.1667,4.9,8.16667,90,3.17,12.58,-50.9119,50.9119,130.0,0
2018-10-02,23,24.6667,4.32,8.0,84,3.83,8.9,-57.0383,43.5083,124.95,0
2018-10-03,0,24.3333,4.32,8.0,82,6.26,4.52,-57.0383,43.5083,124.95,0
2018-10-03,1,23.1667,3.66,8.16667,86,11.12,1.0,-57.7454,44.2154,124.848,0
2018-10-03,3,22.0,3.66,8.33333,84,6.47,9.41,-31.4542,50.9374,196.608,0
2018-10-03,9,29.6667,3.33,8.83333,76,7.32,16.68,-16.8379,76.6507,145.6,0
2018-10-03,12,25.6667,3.1,9.16667,79,9.2,20.95,38.1839,49.8895,159.508,0
2018-10-03,16,24.1667,0.0,9.66667,66,20.91,14.16,31.82,61.5746,163.409,0
2018-10-03,17,23.5,0.0,10.1667,57,16.42,9.02,31.1128,60.6507,164.509,0
2018-10-03,18,22.0,0.0,10.5,55,7.28,7.89,32.5271,57.296,142.56,0
2018-10-03,19,20.5,0.0,10.5,56,6.48,7.3,47.3764,56.6975,147.0,0
2018-10-03,20,19.3333,0.0,10.3333,65,8.84,4.15,41.7195,49.3064,204.75,0
2018-10-03,22,15.5,0.48,9.33333,66,8.88,3.17,24.7488,57.3358,257.943,0
2018-10-04,0,12.6667,0.48,8.0,69,8.17,6.26,9.89954,60.9343,258.514,0
2018-10-04,1,12.3333,0.96,7.33333,66,3.57,11.12,9.89954,60.9343,267.12,0
2018-10-04,3,10.5,0.48,6.66667,67,10.29,6.47,18.3849,54.0209,275.6,0
2018-10-04,9,8.33333,0.0,6.5,66,5.74,7.32,-15.931,49.461,408.857,0
2018-10-04,10,9.66667,0.0,7.16667,64,9.98,5.42,-19.7578,51.6998,360.0,0
2018-10-04,12,13.3333,0.48,8.83333,58,14.51,9.2,-4.25962,47.1179,276.12,0
2018-10-04,13,15.0,0.48,10.1667,54,15.12,5.39,-7.70374,55.4328,180.0,0
2018-10-04,15,17.6667,0.48,12.1667,52,35.47,10.22,-14.9245,55.0313,188.779,0
2018-10-04,16,19.0,0.48,12.6667,56,28.43,20.91,-7.6536,54.4776,207.36,0
2018-10-04,17,18.8333,0.48,12.6667,61,16.64,16.42,0.0,58.0,188.779,0
2018-10-04,18,17.8333,0.48,12.6667,66,11.34,7.28,0.0,55.0,201.318,0
2018-10-04,19,16.6667,0.48,12.3333,69,18.5,6.48,0.0,51.0,251.727,0
2018-10-04,20,15.6667,1.14,11.8333,80,13.2,8.84,0.0,64.0,234.109,0
2018-10-05,0,12.5,1.32,10.1667,89,13.6,8.17,-18.8509,53.5101,269.077,0
2018-10-05,1,12.6667,1.32,10.1667,81,10.78,3.57,-24.5911,54.3683,249.508,0
2018-10-05,3,13.8333,1.4,10.5,83,14.97,10.29,-22.5781,54.5089,235.125,0
2018-10-05,4,14.3333,1.4,10.6667,79,18.25,9.82,-26.3548,49.6264,245.92,0
2018-10-05,6,14.1667,1.48,11.3333,86,19.98,9.6,-30.8386,45.451,248.571,0
2018-10-05,8,14.8333,1.48,11.6667,80,16.06,7.86,-32.6354,47.789,214.338,0
2018-10-05,10,15.8333,0.74,12.1667,81,13.97,9.98,-40.3886,48.5066,187.68,0
2018-10-05,12,17.5,0.0,13.3333,65,14.22,14.51,-26.18,46.2044,209.012,0
2018-10-05,16,18.6667,0.0,16.1667,59,35.41,28.43,-27.9187,47.4019,207.36,0
2018-10-05,17,17.3333,0.0,16.5,64,16.0,16.64,-19.8994,48.0418,232.737,0
2018-10-05,18,17.0,0.0,16.6667,61,17.16,11.34,-24.8742,60.0522,208.042,0
2018-10-05,19,15.6667,0.0,16.6667,63,20.56,18.5,-24.1088,58.2044,209.647,0
2018-10-05,20,13.6667,0.0,16.3333,67,22.63,13.2,-22.1954,53.585,243.6,0
2018-10-05,23,11.3333,0.0,14.0,71,21.96,17.78,-34.5251,39.3959,340.165,0
2018-10-06,0,10.0,0.0,13.1667,69,19.47,13.6,-39.1061,28.2821,359.9,1
2018-10-06,4,9.33333,0.0,11.0,78,29.99,18.25,-16.9282,12.4869,322.4,1
2018-10-06,6,9.0,0.0,10.1667,83,33.19,19.98,-8.72683,-5.79845,380.8,1
2018-10-06,8,9.16667,0.0,9.66667,86,16.6,16.06,-39.7477,-7.91978,409.867,1
2018-10-06,10,11.3333,0.0,10.3333,74,20.34,13.97,-46.2044,5.14959,300.667,1
2018-10-06,12,13.8333,0.0,12.6667,54,26.12,14.22,-54.5089,22.5781,214.338,1
2018-10-06,14,15.1667,0.0,16.0,47,28.04,36.85,-26.4224,17.986,180.0,1
2018-10-06,17,14.1667,0.0,19.0,52,61.38,16.0,26.2179,6.12288,252.225,1
2018-10-06,18,13.0,0.0,19.0,61,60.83,17.16,30.8373,4.20948,276.0,1
2018-10-06,19,11.5,0.0,18.5,69,34.37,20.56,40.8373,4.20948,240.0,1
2018-10-06,20,10.5,0.0,17.1667,81,39.07,22.63,35.8373,4.20948,307.8,1
2018-10-06,22,8.16667,0.0,14.6667,82,53.19,21.96,34.8373,4.20948,396.48,1
2018-10-06,23,7.33333,0.0,13.5,83,49.07,21.96,31.7759,-3.18156,371.28,1
2018-10-07,0,7.5,0.0,12.6667,80,35.14,19.47,19.072,-8.72484,439.855,1
2018-10-07,2,7.16667,0.0,11.8333,90,33.67,20.54,9.07196,-1.72484,443.143,1
2018-10-07,4,5.33333,0.0,11.3333,98,30.32,29.99,2.07196,4.27516,517.0,1
2018-10-07,6,4.83333,0.0,10.6667,94,33.89,33.19,-5.84144,1.65576,575.143,1
2018-10-07,8,5.83333,0.0,10.1667,100,27.19,16.6,-13.2241,-6.26812,540.6,1
2018-10-07,10,9.5,0.0,10.6667,63,6.12,20.34,-5.35752,-33.9343,492.9,1
2018-10-07,12,12.3333,0.25,12.1667,66,6.33,26.12,-18.2918,-10.7082,240.0,1
2018-10-07,14,16.6667,0.25,12.8333,76,9.81,28.04,-37.201,46.9426,187.971,1
2018-10-07,17,19.5,0.5,11.3333,76,40.81,61.38,24.9006,45.6582,161.472,1
2018-10-07,18,18.3333,0.5,10.5,69,55.4,60.83,45.0742,33.1678,200.34,1
2018-10-07,19,16.8333,0.5,10.0,76,17.44,34.37,52.1453,40.2389,200.34,1
2018-10-07,20,13.8333,0.5,9.33333,79,17.19,39.07,46.318,29.5408,295.2,1
2018-10-07,22,8.33333,0.25,8.33333,77,12.18,53.19,54.8033,38.0261,335.782,1
2018-10-07,23,6.5,0.0,8.0,90,12.51,49.07,54.8033,42.0261,360.0,1
2018-10-08,0,5.33333,0.0,7.5,95,10.98,35.14,34.478,37.6072,492.88,0
2018-10-08,2,3.5,0.0,6.66667,84,8.54,33.67,34.478,42.6072,564.48,0
2018-10-08,4,3.66667,0.0,6.16667,89,18.26,30.32,22.3406,38.6961,700.92,0
2018-10-08,6,4.16667,0.0,5.33333,100,29.41,33.89,7.81284,24.7095,737.2,0
2018-10-08,10,7.33333,0.0,4.83333,67,6.01,6.12,-19.7024,-21.0886,603.2,0
2018-10-08,12,9.0,0.0,7.0,61,11.7,6.33,-32.0299,-30.1054,379.44,0
2018-10-08,14,11.3333,0.0,9.66667,45,55.96,9.81,-19.7338,-4.23672,300.0,0
2018-10-08,16,13.1667,0.0,12.0,52,31.5,13.62,9.00844,16.2856,231.0,0
2018-10-08,17,13.6667,0.0,12.3333,59,30.75,40.81,-13.9259,21.6431,198.545,0
2018-10-08,18,13.3333,0.0,12.5,57,30.75,55.4,-18.9088,20.6728,231.8,0
2018-10-08,19,12.8333,0.0,12.5,58,29.68,17.44,-42.5657,26.3297,307.125,0
2018-10-08,20,11.1667,0.0,12.1667,58,17.11,17.19,-49.9567,29.3911,303.525,0
2018-10-08,22,9.5,0.0,10.8333,69,12.69,12.18,-31.5657,26.3297,320.914,0
2018-10-08,23,8.83333,0.0,10.1667,70,11.56,12.51,-24.9954,27.3362,367.015,0
2018-10-09,0,8.83333,0.0,9.5,77,11.41,10.98,-6.80295,18.1437,371.25,0
2018-10-09,2,8.83333,0.0,8.5,77,17.05,8.54,6.85393,6.36399,371.25,0
2018-10-09,4,8.66667,0.0,7.83333,75,32.92,18.26,-11.9243,14.1422,380.8,0
2018-10-09,6,7.66667,0.0,7.33333,86,28.34,29.41,-12.9513,15.8397,388.267,0
2018-10-09,7,7.33333,0.0,7.0,85,19.49,34.16,-17.7087,20.0823,421.2,0
2018-10-09,9,6.5,0.0,6.83333,78,11.93,7.55,-23.9513,24.325,420.0,0
2018-10-09,12,10.1667,0.0,9.33333,57,15.24,11.7,-8.17312,22.6696,360.0,0
2018-10-09,14,12.0,0.0,12.1667,48,44.72,55.96,-46.3644,24.1752,265.5,0
2018-10-09,16,13.1667,0.0,14.6667,51,47.55,31.5,-43.2832,34.0828,266.965,0
2018-10-09,17,13.0,0.0,15.3333,54,74.8,30.75,-51.0615,41.8611,240.0,0
2018-10-09,18,12.1667,0.0,15.6667,61,65.89,30.75,-39.565,45.5182,249.9,0
2018-10-09,19,11.6667,0.0,15.6667,69,61.76,29.68,-42.1662,41.625,240.0,0
2018-10-09,20,10.8333,0.0,15.1667,77,43.14,17.11,-42.7029,37.2909,303.525,0
2018-10-09,22,8.33333,0.0,13.3333,81,26.97,12.69,-18.3892,25.9772,360.0,0
2018-10-09,23,7.33333,0.0,12.3333,83,30.2,11.56,-13.3892,25.9772,360.0,0
2018-10-10,0,6.33333,0.0,11.3333,86,23.34,11.41,-9.14651,21.7345,439.855,0
2018-10-10,4,6.83333,0.0,9.66667,89,46.83,32.92,-11.4042,14.2506,460.8,0
2018-10-10,6,6.0,0.0,9.83333,90,49.15,28.34,-16.0236,16.164,498.343,0
2018-10-10,9,4.33333,0.0,10.3333,91,23.39,11.93,-37.4224,9.567,540.6,0
2018-10-10,11,5.0,0.0,11.6667,70,15.54,16.8,-46.5244,8.39389,624.327,0
2018-10-10,16,5.0,0.0,18.6667,59,57.05,47.55,-24.0081,15.8664,540.0,0
2018-10-10,17,5.33333,0.0,19.3333,75,66.68,74.8,-23.1499,19.3378,540.0,0
2018-10-10,18,5.5,0.0,19.1667,89,56.39,65.89,-14.5305,21.2512,582.4,0
2018-10-10,19,5.5,0.0,18.5,92,57.47,61.76,-1.98721,23.5473,579.429,0
2018-10-10,20,5.83333,0.0,17.1667,92,53.42,43.14,10.0232,28.5221,599.657,0
2018-10-10,22,7.16667,0.0,14.3333,96,46.38,26.97,16.0441,0.50126,517.0,0
2018-10-10,23,7.33333,0.0,13.0,92,40.64,30.2,20.2868,-11.7414,461.76,0
2018-10-11,0,7.16667,0.0,11.8333,92,42.66,23.34,20.2868,-21.7414,461.76,0
2018-10-11,3,6.5,0.0,9.83333,100,40.42,30.05,11.2002,-45.3608,420.0,0
2018-10-11,4,6.5,0.0,9.5,100,46.94,46.83,5.65688,-54.6569,436.05,0
2018-10-11,5,7.16667,0.0,9.16667,100,53.07,58.7,0.0,-57.0,464.28,0
2018-10-11,6,7.66667,0.0,9.0,100,52.34,49.15,-3.44412,-55.3149,452.4,0
2018-10-11,8,8.83333,0.0,9.5,98,38.4,31.72,-9.80811,-52.6789,390.0,0
2018-10-11,9,9.5,0.0,9.5,100,31.89,23.39,-9.80811,-49.6789,361.029,0
2018-10-11,11,11.3333,0.0,11.3333,67,27.19,15.54,-16.9706,-47.9706,288.0,0
2018-10-11,16,13.8333,0.0,19.5,43,54.4,57.05,-17.4366,-50.1167,223.385,0
2018-10-11,17,13.6667,0.0,20.1667,48,43.35,66.68,-30.8968,-46.5916,225.5,0
2018-10-11,18,13.6667,0.0,20.5,57,37.17,56.39,-37.3912,-40.0972,258.353,0
2018-10-11,19,13.5,0.0,20.1667,67,35.61,57.47,-42.8961,-29.3661,288.225,0
2018-10-11,20,13.5,0.0,19.3333,69,35.88,53.42,-50.6743,-37.1443,257.4,0
2018-10-11,22,13.5,0.0,17.0,72,32.42,46.38,-26.2942,-45.459,223.385,0
2018-10-11,23,13.6667,0.0,16.0,69,34.86,40.64,-18.4932,-50.6469,228.0,0
2018-10-12,0,13.5,0.0,15.1667,68,38.53,42.66,-15.6899,-54.8791,249.882,0
2018-10-12,3,11.3333,0.0,13.8333,76,34.34,40.42,-29.3329,-48.8161,271.745,0
2018-10-12,5,10.1667,0.0,13.3333,77,36.49,53.07,-10.1486,-33.643,359.9,0
2018-10-12,8,10.5,0.0,12.6667,81,43.47,38.4,-20.6866,-36.063,300.0,0
2018-10-12,12,14.8333,0.0,15.6667,50,38.02,30.11,-51.9181,-33.5173,180.0,0
2018-10-12,14,14.6667,0.0,18.5,47,41.11,44.62,-52.6148,-27.1784,220.0,0
2018-10-12,17,12.5,0.0,21.1667,51,62.72,43.35,-29.4521,-22.9689,249.508,0
2018-10-12,18,12.1667,0.0,21.1667,59,73.02,37.17,-32.2701,-18.7513,249.508,0
2018-10-12,20,10.3333,0.0,19.3333,82,51.26,35.88,-5.24422,-16.2554,271.745,0
2018-10-12,22,8.16667,0.0,17.0,84,44.9,32.42,2.09002,-9.87438,378.831,0
2018-10-12,23,7.16667,0.0,15.8333,78,53.51,34.86,-2.15264,-14.117,371.908,0
2018-10-13,0,6.83333,0.0,14.8333,84,48.97,38.53,-8.15264,-14.117,447.231,1
2018-10-13,1,7.16667,0.0,14.3333,83,50.62,33.89,-2.50619,-15.5062,482.727,1
2018-10-13,3,7.83333,0.0,13.5,87,54.51,34.34,-25.5271,-27.5271,449.28,1
2018-10-13,5,8.83333,0.0,12.8333,87,56.41,36.49,-27.2044,-28.2512,377.143,1
2018-10-13,7,9.0,0.0,11.8333,88,52.66,33.9,-43.66,-31.7536,381.9,1
2018-10-13,15,11.5,0.0,20.0,47,69.6,55.01,31.0657,-5.35752,271.745,1
2018-10-13,17,12.6667,0.0,21.8333,49,78.33,62.72,37.0657,-5.35752,240.0,1
2018-10-13,18,11.8333,0.0,22.1667,62,61.32,73.02,52.0,0.0,292.32,1
2018-10-13,20,9.83333,0.0,21.0,62,58.98,51.26,40.4567,-2.29608,341.127,1
2018-10-13,22,8.5,0.0,18.0,95,49.53,44.9,21.4455,-14.6369,387.771,1
2018-10-14,0,8.33333,0.0,14.1667,92,39.62,48.97,4.00139,-32.9518,372.3,1
2018-10-14,5,9.33333,0.0,12.5,80,49.0,56.41,-27.6237,-42.2117,349.92,1
2018-10-14,7,10.5,0.0,12.5,79,49.09,52.66,-46.0549,-35.2309,300.0,1
2018-10-14,9,11.6667,0.0,12.5,76,33.99,49.8,-51.6909,-26.7957,250.92,1
2018-10-14,11,13.0,0.0,14.1667,51,27.67,39.63,-47.5051,-24.2334,261.415,1
2018-10-14,13,13.0,0.0,17.3333,43,26.39,37.38,-21.6468,-10.0743,281.455,1
2018-10-14,16,16.1667,0.0,21.3333,44,33.27,84.95,-48.9656,-20.282,203.914,1
2018-10-14,17,17.1667,0.0,22.1667,40,41.38,78.33,-55.4328,-22.9608,189.382,1
2018-10-14,18,18.0,0.0,22.6667,48,41.68,61.32,-50.8134,-21.0474,201.318,1
2018-10-14,19,17.1667,0.0,22.3333,52,35.06,61.91,-50.8134,-21.0474,218.743,1
2018-10-14,20,15.1667,0.0,21.6667,55,27.72,58.98,-57.1774,-27.4114,228.0,1
2018-10-14,22,14.0,0.0,20.1667,64,36.3,49.53,-50.7951,-37.8063,248.4,1
2018-10-15,5,9.66667,0.0,13.3333,66,39.11,49.0,-6.999,-22.0737,321.6,0
2018-10-15,6,9.66667,0.0,12.6667,71,36.64,48.11,5.01144,-27.0989,312.8,0
2018-10-15,11,11.5,0.0,13.5,45,38.07,27.67,10.1118,-35.6298,300.667,0
2018-10-15,13,13.5,0.0,16.3333,37,34.06,26.39,24.2598,-23.8582,231.0,0
2018-10-15,16,14.1667,0.0,20.1667,40,49.97,33.27,-27.6507,16.8379,232.615,0
2018-10-15,17,13.3333,0.0,21.0,32,46.47,41.38,-52.6612,21.8128,258.353,0
2018-10-15,18,12.6667,0.0,21.5,34,66.27,41.68,-42.6612,21.8128,240.0,0
2018-10-15,19,11.3333,0.0,21.3333,39,50.82,35.06,-17.9552,15.3072,279.138,0
2018-10-15,20,10.1667,0.0,20.6667,43,43.76,27.72,3.05524,10.3324,328.714,0
2018-10-15,22,7.83333,0.0,19.0,55,39.33,36.3,6.79713,-4.21759,403.015,0
2018-10-15,23,7.16667,0.0,17.5,57,40.76,39.75,2.55447,-8.46025,396.277,0
2018-10-16,3,8.5,0.0,13.3333,61,44.83,39.17,-4.09516,-32.3424,420.0,0
2018-10-16,5,9.16667,0.0,12.3333,65,58.18,39.11,-12.5944,-30.2648,385.0,0
2018-10-16,8,8.5,0.0,11.3333,69,50.5,37.45,-36.2689,-34.6922,380.8,0
2018-10-16,10,8.16667,0.0,12.1667,62,43.54,33.11,-42.8393,-33.6857,432.0,0
2018-10-16,11,7.66667,0.0,13.0,53,46.17,38.07,-18.905,-28.3282,377.4,0
2018-10-16,13,7.83333,0.0,15.8333,42,52.58,34.06,-26.6159,-21.3799,392.229,0
2018-10-16,16,7.83333,0.0,19.5,53,80.52,49.97,-12.8602,0.18576,360.0,0
2018-10-16,17,7.83333,0.0,20.1667,50,81.68,46.47,-13.7841,5.92596,398.945,0
2018-10-16,18,7.0,0.0,20.3333,51,81.92,66.27,-17.7841,5.92596,408.857,0
2018-10-16,19,6.83333,0.0,20.0,56,78.68,50.82,-15.0125,10.1354,479.467,0
2018-10-16,20,6.5,0.0,19.0,68,68.45,43.76,-19.6319,8.22204,466.4,0
2018-10-16,22,5.5,0.0,16.1667,81,57.55,39.33,-11.6996,-8.34428,466.4,0
2018-10-16,23,5.66667,0.0,14.3333,90,51.04,40.76,-11.6996,-10.3443,496.4,0
2018-10-17,0,5.83333,0.0,12.5,92,47.82,53.22,-3.38472,-21.7884,497.25,0
2018-10-17,3,6.33333,0.0,9.5,93,51.0,44.83,-20.2694,-42.2436,480.0,0
2018-10-17,8,6.0,0.0,7.0,100,58.43,50.5,-12.3372,-47.7848,505.44,0
2018-10-17,10,5.5,0.0,7.83333,72,60.74,43.54,-10.715,-53.8686,498.343,0
2018-10-17,13,4.83333,0.0,13.3333,43,50.65,52.58,2.25352,-38.8624,615.6,0
2018-10-17,14,5.0,0.0,15.5,45,69.64,71.96,1.0723,-35.714,641.143,0
2018-10-17,16,4.83333,0.0,18.5,50,89.2,80.52,5.6917,-20.6274,610.56,0
2018-10-17,17,5.66667,0.0,19.5,55,78.68,81.68,3.39562,-10.0841,620.229,0
2018-10-17,19,7.0,0.0,19.3333,64,78.8,78.68,9.65214,12.1921,536.057,0
2018-10-17,20,6.66667,0.0,18.3333,75,80.13,68.45,-6.81502,9.51338,478.4,0
2018-10-17,22,6.66667,0.0,15.8333,89,59.7,57.55,-7.57893,4.82979,477.0,0
2018-10-17,23,6.0,0.0,14.1667,89,55.45,51.04,-6.04821,-4.86573,505.44,0
2018-10-18,0,5.16667,0.0,12.5,96,51.21,47.82,-6.04821,-8.86573,480.0,0
2018-10-18,4,4.83333,0.0,8.5,100,58.71,57.35,-10.077,-38.9268,556.92,0
2018-10-18,8,4.66667,0.0,6.83333,100,57.96,58.43,-19.4415,-45.3269,685.029,0
2018-10-18,10,5.16667,0.0,7.83333,77,48.95,60.74,-19.558,-46.2172,627.3,0
2018-10-18,12,5.33333,0.0,10.0,63,53.05,40.42,-23.7424,-29.8764,624.24,0
2018-10-18,14,6.5,0.0,14.1667,52,69.07,69.64,-20.9722,-9.25425,619.65,0
2018-10-18,16,8.0,0.0,16.5,60,81.69,89.2,-12.3121,30.653,440.64,0
2018-10-18,17,9.16667,0.0,17.0,72,54.26,78.68,-0.29125,51.2751,392.229,0
2018-10-18,19,9.33333,0.0,16.0,85,34.5,78.8,21.9204,46.6894,346.92,0
2018-10-18,20,8.66667,0.0,14.6667,93,32.9,80.13,25.456,50.2249,349.92,0
2018-10-19,4,5.16667,0.0,9.83333,95,20.59,58.71,36.3567,41.5206,557.6,0
2018-10-19,7,3.5,0.0,8.0,99,26.73,65.82,37.4571,31.6211,622.2,0
2018-10-19,8,3.33333,0.0,7.66667,97,19.0,57.96,36.0429,30.2069,627.3,0
2018-10-19,10,4.16667,0.0,8.0,73,4.99,48.95,33.2145,23.3784,704.229,0
2018-10-19,12,4.66667,0.0,9.16667,59,8.89,53.05,40.2647,9.91128,749.829,0
2018-10-19,14,6.5,0.0,11.1667,42,27.92,69.07,33.0904,13.3086,660.0,0
2018-10-19,15,7.5,0.0,12.0,43,56.81,79.49,23.2427,21.5433,635.04,0
2018-10-19,16,7.83333,0.0,12.5,46,75.56,81.69,21.1924,28.8775,420.0,0
2018-10-19,17,9.16667,0.0,12.8333,60,48.3,54.26,31.092,38.7771,405.45,0
2018-10-19,18,9.5,0.0,12.8333,79,25.36,52.6,27.5773,49.8636,316.2,0
2018-10-19,19,8.83333,0.0,12.5,81,26.31,34.5,28.9915,51.7114,300.0,0
2018-10-19,20,7.5,0.0,11.3333,80,42.02,32.9,31.7631,45.8594,380.8,0
2018-10-20,2,5.83333,0.0,4.16667,100,39.14,7.99,0.30965,-2.07351,636.0,1
2018-10-20,4,6.16667,0.25,3.16667,100,41.85,20.59,-12.3851,-23.3228,675.45,1
2018-10-20,5,5.66667,0.25,3.0,100,45.53,26.25,-12.3851,-27.3228,659.85,1
2018-10-20,7,5.0,0.25,3.33333,98,21.33,26.73,-29.1271,-39.0803,556.5,1
2018-10-20,8,4.33333,0.63,3.83333,88,34.73,19.0,-22.7631,-31.6325,588.0,1
2018-10-20,9,4.83333,0.63,5.0,79,19.55,1.0,-22.7631,-28.6325,596.25,1
2018-10-20,10,5.83333,0.38,6.16667,75,21.4,4.99,-17.1063,-15.9756,630.667,1
2018-10-20,11,6.0,0.61,7.5,69,18.73,4.76,-10.7423,0.38837,540.0,1
2018-10-20,12,7.0,0.61,8.66667,70,31.08,8.89,-8.82888,11.0078,559.543,1
2018-10-20,13,8.33333,0.84,9.5,73,19.53,11.98,-8.82888,35.3331,483.36,1
2018-10-20,14,9.66667,0.46,10.0,81,30.42,27.92,-5.64877,52.7925,360.0,1
2018-10-20,15,10.1667,0.46,10.3333,75,76.45,56.81,-13.3938,48.3358,346.92,1
2018-10-20,16,10.3333,0.46,10.6667,65,60.9,75.56,-17.2206,47.5746,319.0,1
2018-10-20,17,10.8333,0.23,10.5,75,41.86,48.3,-21.4301,51.7373,294.0,1
2018-10-20,19,9.33333,0.0,9.66667,86,36.91,26.31,-14.3007,58.2044,300.0,1
2018-10-20,20,8.16667,0.23,9.33333,97,59.05,42.02,-5.08323,51.7373,360.0,1
2018-10-20,22,6.0,0.23,8.33333,91,15.32,31.85,-5.54995,37.9808,488.52,1
2018-10-21,0,5.83333,0.23,7.5,91,24.4,34.01,-13.6304,37.4021,492.0,1
2018-10-21,2,5.0,0.0,6.83333,91,18.99,39.14,-16.492,34.3105,547.2,1
2018-10-21,3,5.33333,0.0,6.5,96,22.05,44.52,-18.6134,36.4318,557.6,1
2018-10-21,4,5.5,0.0,6.0,94,14.7,41.85,-17.9977,25.2885,649.6,1
2018-10-21,5,4.5,0.0,5.5,90,8.09,45.53,-29.3114,12.0238,649.0,1
2018-10-21,6,4.16667,0.23,5.0,89,14.13,42.8,-31.4328,9.90244,644.8,1
2018-10-21,7,4.66667,0.23,4.83333,93,23.14,21.33,-39.9181,0.1165,600.0,1
2018-10-21,8,4.5,0.23,4.33333,100,14.95,34.73,-39.8613,1.7969,604.2,1
2018-10-21,9,4.16667,0.23,4.33333,100,16.19,19.55,-41.7091,1.03154,622.2,1
2018-10-21,10,4.33333,0.23,4.66667,88,13.17,21.4,-38.0135,-2.0299,757.867,1
2018-10-21,11,4.83333,0.23,5.66667,77,16.98,18.73,-43.6704,3.62698,660.0,1
2018-10-21,12,5.0,0.0,6.83333,66,11.11,31.08,-42.8497,-5.03309,702.0,1
2018-10-21,13,5.5,0.0,8.0,63,15.69,19.53,-40.7284,-17.054,600.0,1
2018-10-21,14,7.33333,0.0,9.66667,62,33.16,30.42,-38.84,-8.95581,599.657,1
2018-10-21,15,9.83333,0.0,11.0,56,42.36,76.45,-36.7187,11.5504,505.44,1
2018-10-21,16,10.5,0.0,11.8333,54,34.66,60.9,-29.2525,25.0436,319.0,1
2018-10-21,17,11.0,0.0,12.1667,66,38.15,41.86,-28.3014,38.4262,240.0,1
2018-10-21,19,11.1667,0.0,11.6667,67,21.19,36.91,-29.7156,49.74,279.138,1
2018-10-21,20,10.0,0.0,10.8333,73,15.11,59.05,-26.18,46.2044,360.212,1
2018-10-21,23,8.83333,0.0,8.16667,76,7.04,25.42,-31.2282,37.7694,360.0,1
2018-10-22,0,9.0,0.0,7.5,83,12.4,24.4,-31.3586,24.911,371.25,0
2018-10-22,3,10.6667,0.0,7.16667,77,19.23,22.05,-38.6188,31.5832,334.08,0
2018-10-22,4,11.0,0.0,7.16667,79,21.44,14.7,-37.8653,36.2417,324.8,0
2018-10-22,5,11.5,0.0,7.5,72,13.66,8.09,-35.2641,40.1349,300.667,0
2018-10-22,6,12.5,0.0,7.83333,70,29.18,14.13,-36.0626,36.0626,286.7,0
2018-10-22,7,13.0,0.0,8.33333,78,19.97,23.14,-38.1839,38.1839,255.2,0
2018-10-22,9,13.5,1.02,8.5,77,26.82,16.19,-38.891,38.891,264.0,0
2018-10-22,10,14.3333,1.02,8.83333,75,10.0,13.17,-33.6419,41.2187,273.28,0
2018-10-22,11,14.5,1.65,9.16667,76,13.42,16.98,-29.5408,46.318,235.2,0
2018-10-22,12,15.5,1.65,9.5,71,24.66,11.11,-32.3693,49.1465,205.477,0
2018-10-22,13,16.3333,1.65,9.83333,75,21.47,15.69,-25.8556,46.4212,209.012,0
2018-10-22,14,16.6667,0.63,10.5,70,13.78,33.16,-25.8556,46.4212,204.6,0
2018-10-22,15,16.6667,0.63,10.8333,70,22.92,42.36,-14.5418,50.1074,233.143,0
2018-10-22,16,15.8333,1.11,11.0,69,37.87,34.66,-14.5418,64.1074,206.743,0
2018-10-22,17,16.0,0.48,11.0,61,35.32,38.15,-6.50556,56.706,249.882,0
2018-10-22,19,16.1667,1.47,10.5,62,22.4,21.19,14.1422,61.4776,187.971,0
2018-10-22,20,15.6667,1.47,9.83333,70,17.05,15.11,27.5773,53.0313,193.765,0
2018-10-23,0,11.0,0.0,7.83333,71,8.21,12.4,19.6243,52.1836,363.789,0
2018-10-23,3,10.6667,0.0,7.0,72,6.53,19.23,-16.0726,47.803,340.267,0
2018-10-23,4,11.0,0.0,6.66667,77,8.7,21.44,-21.0474,50.8134,255.0,0
2018-10-23,5,12.5,0.99,6.5,79,11.15,13.66,-22.9608,55.4328,250.364,0
2018-10-23,6,14.1667,1.98,6.5,78,9.16,29.18,-19.8994,48.0418,281.538,0
2018-10-23,7,15.0,4.6,6.5,83,9.61,19.97,-29.7738,50.8806,205.477,0
2018-10-23,9,19.0,7.22,6.66667,84,18.52,26.82,-43.1337,43.1337,178.286,0
2018-10-23,10,22.1667,10.04,6.83333,88,4.25,10.0,-47.3764,47.3764,120.0,0
2018-10-23,11,25.5,9.05,7.16667,88,11.54,13.42,-40.3053,40.3053,146.222,0
2018-10-23,12,28.1667,8.06,7.5,84,7.71,24.66,-45.9622,45.9622,117.0,0
2018-10-23,13,31.6667,7.27,8.0,82,10.72,21.47,-38.908,58.9324,103.68,0
2018-10-23,14,37.1667,6.48,8.66667,82,15.85,13.78,-28.701,69.291,98.5297,0
2018-10-23,15,40.1667,8.31,9.33333,80,8.37,22.92,-21.4301,51.7373,107.143,0
2018-10-23,16,41.1667,5.49,9.83333,79,8.71,37.87,-21.4301,96.7373,71.8929,0
2018-10-23,17,41.3333,6.81,10.1667,80,6.89,35.32,0.0,81.0,100.693,0
2018-10-23,19,40.3333,8.46,10.3333,74,12.14,22.4,0.0,68.0,122.4,0
2018-10-23,20,38.0,6.63,10.0,81,8.44,17.05,0.0,69.0,106.312,0
2018-10-23,22,36.5,6.96,9.16667,81,1.0,14.76,0.0,82.0,89.1429,0
2018-10-24,0,37.3333,4.32,8.33333,84,6.87,8.21,48.7906,55.7272,106.312,0
2018-10-24,2,36.8333,3.43,7.83333,80,10.73,8.87,54.4475,71.1388,88.5,0
2018-10-24,3,35.8333,3.43,7.5,81,10.47,6.53,53.7404,70.2149,106.537,0
2018-10-24,4,37.0,1.27,7.16667,72,6.99,8.7,24.7488,66.3358,115.406,0
2018-10-24,5,38.0,1.27,6.83333,68,4.97,11.15,27.5773,61.5773,96.8824,0
2018-10-24,6,38.0,1.27,6.66667,69,7.12,9.16,57.983,57.983,80.6769,0
2018-10-24,8,37.3333,0.0,5.66667,63,6.59,6.02,50.9119,50.9119,106.667,0
2018-10-24,9,36.8333,0.0,5.66667,64,9.02,18.52,50.9119,50.9119,106.667,0
2018-10-24,10,35.3333,0.0,5.66667,57,5.95,4.25,47.3764,47.3764,126.5,0
2018-10-24,11,34.6667,0.0,5.83333,59,5.79,11.54,43.1337,43.1337,138.194,0
2018-10-24,12,35.8333,0.0,6.16667,55,9.69,7.71,48.7906,48.7906,100.04,0
2018-10-24,13,37.1667,0.0,6.66667,52,8.18,10.72,57.983,57.983,80.6769,0
2018-10-24,14,38.0,0.0,7.16667,52,10.72,15.85,61.5186,61.5186,76.5767,0
2018-10-24,15,39.1667,0.0,7.5,59,10.52,8.37,60.1043,60.1043,85.2818,0
2018-10-24,16,39.0,0.0,7.83333,59,13.74,8.71,55.8617,55.8617,96.1756,0
2018-10-24,17,37.3333,0.0,8.0,58,12.81,6.89,47.3764,47.3764,132.284,0
2018-10-24,20,26.8333,0.0,7.16667,58,11.83,8.44,55.1546,65.7763,124.51,0
2018-10-24,22,18.1667,0.0,6.33333,63,10.32,1.0,53.0332,65.8227,191.822,0
2018-10-24,23,15.5,0.0,5.83333,64,7.65,2.74,37.4768,45.4973,319.909,0
2018-10-25,0,13.0,0.0,5.33333,68,8.7,6.87,46.6693,57.5078,287.127,0
2018-10-25,1,11.0,0.0,5.0,73,5.97,4.34,39.5982,48.269,333.0,0
2018-10-25,2,9.16667,1.73,4.66667,79,4.43,10.73,46.6693,57.5078,300.0,0
2018-10-25,3,8.5,1.73,4.5,82,5.98,10.47,33.4421,50.8134,363.0,0
2018-10-25,4,9.5,1.73,4.5,86,3.8,6.99,24.0749,47.1179,375.84,0
2018-10-25,5,9.16667,3.46,4.66667,88,2.1,4.97,16.3299,52.6612,367.015,0
2018-10-25,6,9.66667,3.46,5.0,92,3.99,7.12,2.92798,50.8134,381.9,0
2018-10-25,8,12.3333,2.85,6.33333,83,9.46,6.59,-20.282,48.9656,259.418,0
2018-10-25,9,14.5,2.85,7.16667,80,9.51,9.02,-26.6792,49.4096,217.964,0
2018-10-25,10,17.1667,2.85,8.0,79,11.12,5.95,-29.7407,56.8006,180.0,0
2018-10-25,11,20.8333,2.24,8.83333,86,9.13,5.79,1.2144,53.1051,146.88,0
2018-10-25,12,23.6667,2.24,9.66667,78,15.47,9.69,19.092,57.9448,131.022,0
2018-10-25,13,25.6667,3.36,10.5,72,7.27,8.18,0.0,65.0,126.109,0
2018-10-25,14,28.0,2.24,10.8333,71,17.12,10.72,0.0,60.0,145.8,0
2018-10-25,15,29.3333,2.24,11.0,68,9.2,10.52,0.0,57.0,149.1,0
2018-10-25,16,29.1667,2.24,11.1667,71,17.24,13.74,0.0,56.0,157.076,0
2018-10-25,17,28.0,2.24,11.0,81,8.57,12.81,18.3849,51.0209,167.733,0
2018-10-25,18,26.3333,2.24,10.6667,83,13.03,8.99,36.7697,48.0418,170.769,0
2018-10-25,20,22.6667,1.12,10.0,84,13.3,11.83,46.6693,60.9761,171.692,0
2018-10-25,22,18.8333,1.12,9.16667,85,10.39,10.32,28.2844,68.9552,180.0,0
2018-10-25,23,17.3333,0.48,8.83333,82,9.68,7.65,12.728,63.6298,201.4,0
