data,timeofday,windspeed6,opady6,temp6,rhumid,index_avg,prev_index_avg,wind_dir_ns,wind_dir_ew,dispel50,is_weekend
2017-11-01,1,13.0,0.23,3.66667,89,50.6617,11.9091,-4.97484,52.0104,259.418,1
2017-11-01,2,13.1667,0.23,3.83333,87,50.7667,11.6388,-4.97484,55.0104,254.88,1
2017-11-01,3,13.5,0.23,4.0,88,52.0933,9.41714,-4.97484,52.0104,277.114,1
2017-11-01,4,13.1667,0.23,4.5,90,49.3771,8.41222,-4.97484,51.0104,281.538,1
2017-11-01,5,13.0,0.23,5.0,91,51.1617,9.78917,-4.97484,51.0104,286.971,1
2017-11-01,6,13.1667,0.23,5.33333,92,49.6043,10.321,-9.94968,49.0209,286.7,1
2017-11-01,7,13.1667,0.0,5.66667,92,45.4656,12.415,-15.3072,49.9552,271.385,1
2017-11-01,8,13.3333,0.0,5.83333,93,53.9571,13.8889,-20.6647,49.8895,261.415,1
2017-11-01,9,13.6667,0.0,6.16667,93,49.1633,10.0638,-20.6647,49.8895,261.415,1
2017-11-01,10,14.5,0.0,6.33333,91,50.0288,7.33727,-15.6899,52.8791,248.571,1
2017-11-01,11,15.3333,0.0,6.5,88,54.4975,8.8925,-10.3324,57.9448,212.914,1
2017-11-01,12,16.1667,0.0,6.83333,85,53.43,8.64364,-6.88824,49.6298,225.28,1
2017-11-01,13,17.1667,0.48,7.16667,84,53.055,10.0112,-14.1592,52.1836,205.8,1
2017-11-01,14,18.0,0.48,7.5,83,56.203,9.382,-21.8128,52.6612,191.133,1
2017-11-01,15,18.5,0.48,7.66667,85,58.5744,11.292,-14.9245,54.0313,195.789,1
2017-11-01,16,18.6667,0.48,7.83333,88,57.6545,22.54,-14.5418,53.1074,207.36,1
2017-11-01,17,18.5,0.48,8.0,90,60.6933,35.2586,-6.88824,53.6298,205.8,1
2017-11-01,18,17.8333,0.48,8.0,92,54.981,53.1367,-13.3938,51.3358,213.333,1
2017-11-01,19,17.0,0.36,7.83333,93,48.6767,52.6917,-12.2458,48.5642,240.505,1
2017-11-01,20,16.8333,0.36,7.83333,93,43.8887,39.4212,-17.986,62.4224,200.842,1
2017-11-01,21,16.8333,0.36,8.0,93,35.936,39.59,-24.4915,59.1283,202.024,1
2017-11-01,22,17.8333,0.36,8.16667,93,14.33,51.42,-24.8742,60.0522,180.0,1
2017-11-02,1,20.6667,1.43,8.83333,93,34.175,50.6617,-26.0222,62.8238,155.952,0
2017-11-02,2,21.5,1.43,9.16667,92,43.4667,50.7667,-24.4915,59.1283,169.304,0
2017-11-02,3,22.5,1.43,9.33333,92,36.6111,52.0933,-24.1088,58.2044,160.74,0
2017-11-02,4,22.0,1.43,9.5,93,37.265,49.3771,-25.6396,61.9,141.943,0
2017-11-02,5,21.5,2.14,9.66667,93,39.1225,51.1617,-26.0222,62.8238,141.382,0
2017-11-02,6,21.3333,2.14,9.83333,93,40.3271,49.6043,-17.6033,62.4985,162.4,0
2017-11-02,7,20.8333,2.47,10.0,92,29.886,45.4656,-8.41896,59.3254,183.0,0
2017-11-02,8,20.5,2.47,10.0,90,26.003,53.9571,0.0,57.0,200.34,0
2017-11-02,9,19.1667,2.47,10.0,89,27.3957,49.1633,-7.6536,55.4776,195.789,0
2017-11-02,10,19.0,2.47,10.0,88,34.346,50.0288,-13.7765,51.2597,213.333,0
2017-11-02,11,18.8333,1.4,10.1667,89,32.0863,54.4975,-21.8128,52.6612,200.34,0
2017-11-02,12,18.5,3.08,10.3333,87,37.19,53.43,-21.4301,51.7373,189.0,0
2017-11-02,13,18.8333,2.44,10.3333,86,38.7,53.055,-21.8128,52.6612,204.8,0
2017-11-02,14,18.5,2.44,10.3333,86,38.1167,56.203,-21.4301,51.7373,202.926,0
2017-11-02,15,18.6667,2.44,10.3333,87,39.0617,58.5744,-21.0474,50.8134,201.318,0
2017-11-02,16,17.8333,2.44,10.1667,84,41.975,57.6545,-21.0474,50.8134,214.5,0
2017-11-02,17,17.1667,2.44,9.83333,84,45.115,60.6933,-19.5167,47.1179,236.733,0
2017-11-02,18,16.6667,1.52,9.5,84,49.0333,54.981,-25.2569,60.9761,194.133,0
2017-11-02,19,16.1667,1.78,9.33333,84,53.1117,48.6767,-23.7262,57.2806,217.412,0
2017-11-02,20,15.8333,1.78,9.16667,85,54.355,43.8887,-23.7262,57.2806,210.6,0
2017-11-02,21,15.6667,1.78,9.0,84,53.3767,35.936,-23.7262,57.2806,203.52,0
2017-11-03,1,15.1667,1.53,8.33333,85,46.115,34.175,-6.12288,58.7821,226.8,0
2017-11-03,2,14.8333,1.53,8.16667,86,37.36,43.4667,0.0,59.0,235.125,0
2017-11-03,3,14.5,1.53,8.0,85,30.2217,36.6111,0.0,57.0,239.4,0
2017-11-03,4,14.5,1.53,8.0,85,25.85,37.265,0.0,57.0,239.4,0
2017-11-03,5,14.3333,2.04,8.0,86,31.7033,39.1225,0.0,59.0,228.48,0
2017-11-03,6,13.8333,1.02,8.0,86,24.614,40.3271,0.0,57.0,239.4,0
2017-11-03,7,13.1667,1.27,8.0,87,27.697,29.886,0.0,54.0,267.429,0
2017-11-03,8,12.6667,1.27,8.16667,85,30.1222,26.003,0.0,51.0,307.125,0
2017-11-03,9,12.1667,1.27,8.33333,82,35.397,27.3957,0.0,62.0,275.4,0
2017-11-03,10,11.6667,1.27,8.66667,84,35.3215,34.346,7.77821,56.1627,299.815,0
2017-11-03,11,11.5,0.76,9.0,79,22.5014,32.0863,16.9706,52.3551,282.764,0
2017-11-03,12,11.6667,0.76,9.5,74,12.9985,37.19,25.456,52.4417,271.745,0
2017-11-03,13,12.0,0.0,10.0,72,12.3057,38.7,33.9413,52.5282,260.945,0
2017-11-03,14,12.1667,0.0,10.3333,72,12.7564,38.1167,43.1337,53.5387,240.0,0
2017-11-03,15,12.1667,0.0,10.5,75,13.8643,39.0617,43.8408,54.4625,249.508,0
2017-11-03,16,11.8333,0.0,10.5,84,20.7293,41.975,42.4266,53.0483,260.0,0
2017-11-03,17,11.1667,0.0,10.3333,88,29.5214,45.115,41.7195,52.1245,270.3,0
2017-11-03,18,10.5,0.0,10.0,90,52.6742,49.0333,38.891,48.4289,321.231,0
2017-11-03,19,9.66667,0.0,9.5,91,57.6793,53.1117,44.5479,55.82,300.0,0
2017-11-03,20,8.83333,0.0,9.0,91,62.0675,54.355,41.0124,51.2006,345.6,0
2017-11-03,21,8.16667,0.0,8.66667,89,65.9643,53.3767,32.5271,47.114,398.618,0
2017-11-04,1,7.33333,0.0,8.0,90,52.6006,46.115,0.21604,48.5746,453.6,1
2017-11-04,2,7.5,0.0,8.0,91,58.781,37.36,-11.0977,46.8404,453.6,1
2017-11-04,3,7.5,0.0,8.0,90,44.2606,30.2217,-22.4115,45.1063,443.143,1
2017-11-04,4,7.83333,0.0,7.83333,88,46.3271,25.85,-27.3612,43.056,443.143,1
2017-11-04,5,7.83333,0.0,7.66667,87,48.21,31.7033,-27.7439,43.9799,413.4,1
2017-11-04,6,7.66667,0.0,7.33333,92,47.95,24.614,-31.1047,44.0935,405.45,1
2017-11-04,7,7.5,0.0,7.16667,88,42.5793,27.697,-32.9931,41.6523,421.2,1
2017-11-04,8,7.33333,0.0,7.0,86,40.2029,30.1222,-36.3988,36.94,437.25,1
2017-11-04,9,7.66667,0.0,7.0,75,35.11,35.397,-35.6917,36.2329,453.6,1
2017-11-04,10,8.16667,0.0,7.5,65,34.0223,35.3215,-38.3497,34.0201,425.829,1
2017-11-04,11,8.83333,0.0,8.0,62,35.1629,22.5014,-43.5626,33.2798,374.85,1
2017-11-04,12,9.33333,0.0,8.83333,59,37.1246,12.9985,-45.9309,24.8241,361.029,1
2017-11-04,13,10.0,0.0,9.5,60,39.355,12.3057,-50.2199,23.7011,314.743,1
2017-11-04,14,10.6667,0.0,10.1667,61,40.24,12.7564,-48.9656,20.282,313.6,1
2017-11-04,15,11.0,0.0,10.5,66,40.7669,13.8643,-50.8134,21.0474,305.455,1
2017-11-04,16,11.1667,0.0,10.3333,69,45.1843,20.7293,-50.8134,21.0474,313.5,1
2017-11-04,17,11.1667,0.0,10.6667,69,53.07,29.5214,-27.7268,16.4552,297.0,1
2017-11-04,18,11.3333,0.0,10.6667,72,56.6008,52.6742,-6.48804,12.6284,282.764,1
2017-11-04,19,11.1667,0.0,10.3333,83,62.74,57.6793,-6.48804,4.20948,282.764,1
2017-11-04,20,11.3333,0.0,10.0,80,60.6371,62.0675,-5.56416,-3.8268,294.0,1
2017-11-04,21,11.5,0.0,9.66667,79,60.9807,65.9643,-6.48804,-12.6284,291.5,1
2017-11-04,22,11.5,0.0,9.33333,78,51.39,39.135,-29.5746,-17.2206,291.5,1
2017-11-05,1,12.0,0.0,7.5,74,65.8655,52.6006,-55.4328,-22.9608,260.0,1
2017-11-05,2,12.3333,0.0,7.0,73,63.77,58.781,-55.4328,-22.9608,260.0,1
2017-11-05,3,12.3333,0.0,6.66667,72,54.9733,44.2606,-30.3462,-18.3686,240.0,1
2017-11-05,4,12.3333,0.0,6.5,72,57.3314,46.3271,-7.25968,-13.7765,249.508,1
2017-11-05,5,12.1667,0.0,6.33333,73,56.1714,48.21,16.7508,-8.80164,240.0,1
2017-11-05,6,12.1667,0.0,6.16667,75,52.0621,47.95,38.9134,-4.59216,240.0,1
2017-11-05,7,11.8333,0.0,5.83333,76,48.4564,42.5793,61.0,0.0,268.029,1
2017-11-05,8,11.3333,0.0,5.83333,75,45.8864,40.2029,57.0,0.0,291.5,1
2017-11-05,9,11.3333,0.0,6.16667,70,42.0047,35.11,56.0,0.0,302.4,1
2017-11-05,10,11.5,0.0,6.66667,71,43.0933,34.0223,32.9134,-4.59216,302.4,1
2017-11-05,11,11.6667,0.0,7.33333,66,40.4129,35.1629,33.9134,-4.59216,282.764,1
2017-11-05,12,12.0,0.0,8.16667,63,38.2443,37.1246,10.903,-9.567,250.92,1
2017-11-05,13,12.1667,0.0,9.33333,63,36.6983,39.355,-22.1074,-14.5418,286.7,1
2017-11-05,14,12.3333,0.0,10.1667,67,35.0338,40.24,-32.2701,-18.7513,240.0,1
2017-11-05,15,12.5,0.0,10.6667,73,38.7771,40.7669,-32.2701,-18.7513,249.508,1
2017-11-05,16,12.0,0.0,10.8333,69,45.54,45.1843,-57.2806,-23.7262,249.508,1
2017-11-05,17,11.8333,0.0,10.8333,86,47.0279,53.07,-54.5089,-22.5781,279.138,1
2017-11-05,18,11.6667,0.0,10.5,87,53.485,56.6008,-53.585,-22.1954,271.745,1
2017-11-05,19,11.5,0.0,10.0,87,55.5215,62.74,-54.5089,-22.5781,270.3,1
2017-11-05,20,11.5,0.0,9.66667,84,58.6608,60.6371,-52.6612,-21.8128,299.815,1
2017-11-05,21,11.1667,0.0,9.33333,79,59.4667,60.9807,-49.136,-25.3232,285.12,1
2017-11-05,22,11.3333,0.0,9.0,77,27.49,51.39,-50.0599,-25.7059,291.5,1
2017-11-06,0,10.8333,0.0,8.5,79,35.39,36.715,-43.4432,-32.078,297.0,0
2017-11-06,1,11.0,0.0,8.16667,84,53.2907,65.8655,-41.2755,-35.3223,313.5,0
2017-11-06,2,10.3333,0.0,8.0,77,59.5517,63.77,-42.9529,-31.0465,317.127,0
2017-11-06,3,9.83333,0.0,7.83333,78,56.175,54.9733,-40.1812,-29.8984,353.455,0
2017-11-06,4,9.33333,0.0,7.83333,79,53.81,57.3314,-45.8381,-35.5553,323.345,0
2017-11-06,5,8.66667,0.0,7.66667,81,55.71,56.1714,-45.451,-30.8386,360.0,0
2017-11-06,6,8.33333,0.0,7.66667,82,55.7264,52.0621,-44.1399,-25.7391,403.68,0
2017-11-06,7,7.83333,0.0,7.83333,83,50.6678,48.4564,-51.5309,-28.8005,360.0,0
2017-11-06,8,7.83333,0.0,7.83333,83,57.4636,45.8864,-36.4598,-21.7294,398.945,0
2017-11-06,9,8.0,0.0,8.0,77,58.6021,42.0047,-18.2972,-17.52,405.45,0
2017-11-06,10,8.0,0.0,8.33333,67,57.8307,43.0933,-1.90612,-14.4585,390.0,0
2017-11-06,11,8.66667,0.0,9.0,61,57.8386,40.4129,-1.90612,-3.14476,390.0,0
2017-11-06,12,8.83333,0.0,9.66667,61,55.7179,38.2443,1.7894,6.80492,386.4,0
2017-11-06,13,9.33333,0.0,10.3333,64,58.9692,36.6983,2.81645,16.2304,371.25,0
2017-11-06,14,9.5,0.0,11.0,66,57.64,35.0338,-12.9618,24.0086,327.6,0
2017-11-06,15,9.5,0.0,11.3333,71,60.5264,38.7771,-24.4059,32.3235,325.867,0
2017-11-06,16,10.0,0.0,11.3333,71,59.7379,45.54,-33.4059,41.3235,313.65,0
2017-11-06,17,9.66667,0.0,11.1667,83,60.1771,47.0279,-27.749,46.6666,311.564,0
2017-11-06,18,9.33333,0.0,10.8333,83,69.755,53.485,-17.5863,51.4571,312.8,0
2017-11-06,19,8.66667,0.0,10.3333,83,68.4679,55.5215,-11.2223,52.0931,360.0,0
2017-11-06,20,8.0,0.0,9.83333,83,74.3175,58.6608,1.50565,50.7821,395.2,0
2017-11-06,21,7.5,0.0,9.5,82,74.9808,59.4667,5.0412,55.4015,388.267,0
2017-11-06,22,6.83333,0.0,9.16667,81,54.88,27.49,12.728,51.3292,432.667,0
2017-11-07,0,6.83333,0.0,8.5,83,31.265,35.39,24.1449,49.9577,448.145,0
2017-11-07,1,7.16667,0.0,8.33333,83,60.6257,53.2907,33.1449,38.9577,450.667,0
2017-11-07,2,7.83333,0.0,8.16667,84,51.7158,59.5517,42.1449,29.9578,420.0,0
2017-11-07,3,8.33333,0.0,7.83333,85,46.4221,56.175,46.1951,16.4906,419.76,0
2017-11-07,4,8.5,0.0,7.66667,86,38.2067,53.81,51.6596,11.8712,360.0,0
2017-11-07,5,9.0,0.0,7.5,87,36.8857,55.71,49.8582,-0.38268,393.6,0
2017-11-07,6,9.0,0.0,7.16667,88,31.5193,55.7264,53.391,-3.06144,366.667,0
2017-11-07,7,9.0,0.0,7.0,82,34.006,50.6678,52.706,-6.50556,366.667,0
2017-11-07,8,9.33333,0.0,6.83333,83,29.6614,57.4636,52.0209,-9.94968,366.667,0
2017-11-07,9,9.66667,0.0,6.83333,83,32.9936,58.6021,53.1836,-14.1592,339.2,0
2017-11-07,10,10.1667,0.0,7.0,66,38.97,57.8307,54.3462,-18.3686,300.0,0
2017-11-07,11,10.6667,0.0,7.33333,67,42.0821,57.8386,44.7334,-23.0854,340.267,0
2017-11-07,12,11.3333,0.23,7.83333,68,48.5923,55.7179,45.6109,-28.8337,288.0,0
2017-11-07,13,12.1667,0.23,8.33333,69,48.4786,58.9692,42.2708,-37.4,260.945,0
2017-11-07,14,12.3333,0.23,8.83333,71,55.7183,57.64,27.303,-41.9154,281.455,0
2017-11-07,15,12.3333,0.23,9.33333,77,61.3367,60.5264,24.1169,-45.2237,281.538,0
2017-11-07,16,12.5,0.23,9.33333,71,69.4933,59.7379,28.3264,-55.3864,240.0,0
2017-11-07,17,12.3333,0.46,9.16667,71,70.9058,60.1771,23.7262,-57.2806,249.508,0
2017-11-07,18,12.5,0.23,8.83333,70,69.4092,69.755,23.3435,-56.3567,268.029,0
2017-11-07,19,12.5,0.23,8.33333,68,69.3042,68.4679,23.3435,-56.3567,249.9,0
2017-11-07,20,12.6667,0.23,7.66667,66,65.785,74.3175,14.5418,-49.1074,276.0,0
2017-11-07,21,12.8333,0.23,7.0,63,46.4458,74.9808,9.94968,-51.0209,265.5,0
2017-11-07,22,12.6667,0.23,6.5,60,36.8517,54.88,5.35752,-51.9343,277.114,0
2017-11-08,1,13.6667,0.0,5.16667,55,40.3,60.6257,-11.4804,-50.7164,265.5,0
2017-11-08,2,14.3333,0.0,4.83333,55,46.1113,51.7158,-17.6033,-53.4985,217.964,0
2017-11-08,3,15.0,0.0,4.5,54,36.8343,46.4221,-24.1088,-58.2044,187.971,0
2017-11-08,4,15.6667,0.0,4.16667,53,43.4667,38.2067,-24.8742,-60.0522,187.425,0
2017-11-08,5,16.1667,0.0,3.83333,51,44.9167,36.8857,-24.4915,-59.1283,195.0,0
2017-11-08,6,16.5,0.0,3.5,49,44.4933,31.5193,-24.8742,-60.0522,194.541,0
2017-11-08,7,16.5,0.0,3.5,43,41.365,34.006,-25.2569,-60.9761,180.0,0
2017-11-08,8,16.5,0.0,3.5,46,41.8342,29.6614,-19.5167,-47.1179,232.941,0
2017-11-08,9,16.6667,0.0,3.5,48,42.7158,32.9936,-19.5167,-47.1179,236.733,0
2017-11-08,10,17.0,0.0,4.0,55,45.8609,38.97,-26.0222,-62.8238,180.0,0
2017-11-08,11,18.0,0.0,4.66667,53,45.9483,42.0821,-19.5167,-47.1179,232.941,0
2017-11-08,12,18.3333,0.0,5.33333,52,45.55,48.5923,-21.8128,-52.6612,186.353,0
2017-11-08,13,19.0,0.0,6.0,53,50.1883,48.4786,-22.9608,-55.4328,164.965,0
2017-11-08,14,19.1667,0.0,6.5,56,50.5433,55.7183,-24.1088,-58.2044,175.304,0
2017-11-08,15,18.8333,0.0,7.0,61,52.9333,61.3367,-22.1954,-53.585,193.44,0
2017-11-08,16,18.3333,0.0,7.0,68,53.4617,69.4933,-20.282,-48.9656,229.14,0
2017-11-08,17,16.8333,0.0,6.83333,72,55.7683,70.9058,-25.6396,-61.9,200.34,0
2017-11-08,18,16.1667,0.0,6.5,72,56.8133,69.4092,-23.3435,-56.3567,231.8,0
2017-11-08,19,15.1667,0.0,6.0,72,62.948,69.3042,-22.5781,-54.5089,228.48,0
2017-11-08,20,14.3333,0.0,5.66667,71,61.06,65.785,-22.1954,-53.585,230.4,0
2017-11-08,21,13.6667,0.0,5.16667,70,62.668,46.4458,-21.8128,-52.6612,239.4,0
2017-11-08,22,13.0,0.0,4.83333,69,35.65,36.8517,-20.6647,-49.8895,279.0,0
2017-11-09,1,12.5,0.0,4.16667,64,54.887,40.3,-13.0111,-58.4119,259.2,0
2017-11-09,2,12.3333,0.0,3.66667,62,53.346,46.1113,-3.8268,-50.2388,276.12,0
2017-11-09,3,12.3333,0.0,3.5,60,49.9183,36.8343,0.0,-53.0,271.385,0
2017-11-09,4,12.1667,0.0,3.33333,63,48.4275,43.4667,0.0,-51.0,297.0,0
2017-11-09,5,11.6667,0.0,3.33333,63,47.3508,44.9167,-3.44412,-59.3149,277.714,0
2017-11-09,6,11.1667,0.0,3.33333,68,43.805,44.4933,-7.27092,-54.5537,318.171,0
2017-11-09,7,10.1667,0.0,3.33333,72,42.195,41.365,-11.4804,-50.7164,336.3,0
2017-11-09,8,9.83333,0.0,3.66667,73,41.6058,41.8342,-17.1373,-56.3733,311.1,0
2017-11-09,9,9.66667,0.0,4.0,68,41.5467,42.7158,-24.2084,-51.4444,323.345,0
2017-11-09,10,9.5,0.0,4.66667,72,41.628,45.8609,-28.0352,-49.6832,312.8,0
2017-11-09,11,9.5,0.0,5.16667,68,40.99,45.9483,-16.5911,-41.3683,337.08,0
2017-11-09,12,9.33333,0.0,5.83333,65,45.61,45.55,-22.0031,-35.9563,347.564,0
2017-11-09,13,9.33333,0.0,6.5,65,45.05,50.1883,-27.0324,-29.6204,327.6,0
2017-11-09,14,8.83333,0.0,7.0,67,49.1675,50.5433,-13.3755,-23.9635,349.92,0
2017-11-09,15,8.33333,0.0,7.33333,70,53.5564,52.9333,0.6956,-16.8924,389.88,0
2017-11-09,16,8.16667,0.0,7.16667,73,53.9183,53.4617,7.6956,-16.8924,360.0,0
2017-11-09,17,7.5,0.0,7.0,74,61.1427,55.7683,5.05524,-4.97484,374.85,0
2017-11-09,18,6.83333,0.0,6.66667,75,65.6042,56.8133,-8.48804,-2.67876,429.0,0
2017-11-09,19,6.5,0.0,6.33333,76,71.3873,62.948,-4.79252,3.44412,488.52,0
2017-11-09,20,6.66667,0.0,6.0,76,70.6808,61.06,-10.3358,5.7402,464.28,0
2017-11-09,21,6.83333,0.0,5.83333,74,58.31,62.668,-6.75388,15.2239,469.05,0
2017-11-09,22,7.0,0.0,5.83333,73,50.21,35.65,-17.8153,22.6149,454.629,0
2017-11-10,1,8.83333,0.0,5.16667,76,59.76,54.887,-23.249,41.955,413.4,0
2017-11-10,2,9.83333,0.0,5.0,79,63.1586,53.346,-16.7546,48.4494,371.25,0
2017-11-10,3,10.3333,0.0,4.66667,78,56.59,49.9183,-13.3938,48.3358,333.45,0
2017-11-10,4,10.3333,0.0,4.33333,80,50.5886,48.4275,-17.6033,50.4985,291.6,0
2017-11-10,5,10.3333,0.0,4.16667,75,64.46,47.3508,-20.6647,49.8895,300.667,0
2017-11-10,6,10.5,0.0,4.16667,77,62.3618,43.805,-20.282,48.9656,336.3,0
2017-11-10,7,10.6667,0.0,4.33333,78,68.2688,42.195,-22.761,44.9502,372.6,0
2017-11-10,8,10.6667,0.51,4.66667,81,62.4108,41.6058,-31.9534,54.1426,300.0,0
2017-11-10,9,11.1667,0.51,5.0,80,64.694,41.5467,-32.2859,40.9451,305.25,0
2017-11-10,10,12.1667,1.14,5.5,80,63.864,41.628,-36.0626,36.0626,276.12,0
2017-11-10,11,13.5,1.14,6.16667,74,63.378,40.99,-38.891,38.891,251.631,0
2017-11-10,12,14.6667,1.14,6.66667,71,62.3444,45.61,-41.0124,41.0124,230.4,0
2017-11-10,13,15.5,1.9,7.16667,70,61.23,45.05,-43.1337,43.1337,204.429,0
2017-11-10,14,15.8333,1.39,7.5,71,57.2536,49.1675,-36.0626,36.0626,229.125,0
2017-11-10,15,15.8333,1.39,7.83333,73,55.715,53.5564,-36.0626,36.0626,232.941,0
2017-11-10,16,15.8333,0.76,7.83333,75,52.642,53.9183,-45.9622,45.9622,194.541,0
2017-11-10,17,15.5,0.76,7.83333,74,55.167,61.1427,-43.8408,43.8408,224.0,0
2017-11-10,18,15.3333,1.52,7.83333,75,61.7233,65.6042,-44.0472,36.4704,243.6,0
2017-11-10,19,14.8333,0.76,7.66667,77,58.4588,71.3873,-47.5155,31.2795,230.4,0
2017-11-10,20,14.6667,2.0,7.5,79,64.52,70.6808,-51.4741,27.1201,221.571,0
2017-11-10,22,15.8333,2.0,7.16667,82,27.25,50.21,-58.2044,24.1088,202.725,0
2017-11-11,1,20.6667,3.32,6.33333,86,35.7625,59.76,-62.8238,26.0222,120.0,1
2017-11-11,2,22.1667,2.08,6.16667,88,18.862,63.1586,-68.3671,28.3183,124.848,1
2017-11-11,3,23.0,2.08,6.0,87,14.295,56.59,-67.4432,27.9356,129.792,1
2017-11-11,4,24.0,2.08,6.0,86,15.7183,50.5886,-59.9027,33.9251,140.4,1
2017-11-11,5,23.8333,0.84,5.83333,86,12.029,64.46,-54.7002,41.7114,140.4,1
2017-11-11,6,23.1667,0.84,5.66667,87,9.71571,62.3618,-41.7114,54.7002,130.473,1
2017-11-11,7,22.3333,0.48,5.33333,88,8.878,68.2688,-34.1912,58.5452,145.75,1
2017-11-11,8,21.3333,0.48,5.16667,85,9.11875,62.4108,-24.4915,59.1283,174.0,1
2017-11-11,9,20.6667,0.48,5.0,81,9.345,64.694,-22.1954,53.585,198.0,1
2017-11-11,10,19.8333,0.48,4.83333,76,10.54,63.864,-21.0474,50.8134,210.189,1
2017-11-11,11,19.5,0.48,5.0,72,10.0067,63.378,-21.0474,50.8134,205.8,1
2017-11-11,12,19.3333,0.48,5.16667,71,12.5162,62.3444,-22.5781,54.5089,177.0,1
2017-11-11,13,20.1667,0.0,5.5,70,21.4443,61.23,-15.6899,57.8791,168.505,1
2017-11-11,14,20.3333,0.0,5.66667,70,18.0588,57.2536,-17.6033,62.4985,152.727,1
2017-11-11,15,20.1667,0.0,5.66667,72,18.9037,55.715,-16.4552,59.7268,160.74,1
2017-11-11,16,19.3333,0.0,5.66667,76,23.78,52.642,-22.9608,55.4328,198.4,1
2017-11-11,17,18.0,0.69,5.5,77,26.675,55.167,-28.3183,68.3671,180.0,1
2017-11-11,18,17.3333,0.69,5.33333,79,29.86,61.7233,-24.4915,59.1283,215.368,1
2017-11-11,19,16.1667,0.69,5.16667,80,33.655,58.4588,-23.3435,56.3567,225.318,1
2017-11-11,20,15.6667,0.69,4.83333,81,31.2838,64.52,-28.8588,52.6716,204.429,1
2017-11-11,22,15.0,2.21,4.5,84,17.625,27.25,-39.357,48.0163,202.725,1
2017-11-12,1,14.1667,2.0,3.5,86,38.4783,35.7625,-39.5982,39.5982,248.571,1
2017-11-12,2,13.3333,2.0,3.5,82,36.8267,18.862,-38.891,38.891,251.631,1
2017-11-12,3,12.8333,2.0,3.5,82,33.856,14.295,-37.4768,37.4768,282.72,1
2017-11-12,4,12.5,0.48,3.5,81,19.667,15.7183,-45.255,45.255,248.88,1
2017-11-12,5,12.0,0.48,3.5,81,18.78,12.029,-42.4266,42.4266,277.714,1
2017-11-12,6,11.8333,0.48,3.5,83,17.1338,9.71571,-41.0124,41.0124,289.385,1
2017-11-12,7,11.8333,0.48,3.5,82,17.7687,8.878,-36.7948,43.8304,271.745,1
2017-11-12,8,12.1667,0.48,3.33333,80,21.4075,9.11875,-33.9914,48.0626,250.364,1
2017-11-12,9,12.6667,0.48,3.33333,77,17.1575,9.345,-23.4098,44.5166,286.7,1
2017-11-12,10,13.3333,0.48,3.33333,77,19.2087,10.54,-20.282,48.9656,271.385,1
2017-11-12,11,14.6667,0.48,3.66667,71,18.3438,10.0067,-15.3072,51.9552,251.631,1
2017-11-12,12,15.6667,0.48,4.0,68,20.9329,12.5162,-10.3324,59.9448,188.308,1
2017-11-12,13,16.6667,0.0,4.5,63,18.7975,21.4443,0.0,54.0,200.08,1
2017-11-12,14,16.6667,0.0,4.83333,62,28.645,18.0588,-7.27092,56.5537,193.44,1
2017-11-12,15,16.0,0.0,5.0,62,29.8587,18.9037,-12.2458,48.5642,240.505,1
2017-11-12,16,15.0,0.0,5.0,69,32.8343,23.78,-19.3169,55.6353,238.105,1
2017-11-12,17,13.0,0.0,4.83333,75,33.165,26.675,-25.6808,42.9992,322.105,1
2017-11-12,18,11.1667,0.0,4.66667,77,48.7283,29.86,-31.3377,48.6561,325.895,1
2017-11-12,19,9.0,0.0,4.33333,79,49.5925,33.655,-36.9946,54.313,318.568,1
2017-11-12,20,7.83333,0.23,4.0,80,62.9083,31.2838,-35.267,39.0554,403.015,1
2017-11-12,21,7.66667,0.23,3.66667,79,65.77,19.46,-29.267,39.0554,396.277,1
2017-11-12,22,7.83333,0.23,3.5,78,50.045,17.625,-32.607,23.6008,414.72,1
2017-11-13,1,9.33333,0.46,3.0,80,50.474,38.4783,-31.9463,-19.8242,367.2,0
2017-11-13,2,10.1667,1.75,3.0,88,58.655,36.8267,-30.2298,-31.359,300.0,0
2017-11-13,3,10.5,1.75,3.0,90,38.116,33.856,-27.9149,-38.9149,334.08,0
2017-11-13,4,10.8333,1.75,3.0,93,33.8067,19.667,-18.6761,-46.0881,329.018,0
2017-11-13,5,11.0,3.04,2.83333,95,38.7588,18.78,-10.8979,-50.3099,309.12,0
2017-11-13,6,11.3333,3.04,2.66667,98,40.8812,17.1338,-3.8268,-55.2388,285.12,0
2017-11-13,7,11.1667,3.04,2.66667,92,41.1189,17.7687,0.0,-58.0,271.745,0
2017-11-13,8,11.1667,1.52,2.66667,91,44.962,21.4075,6.36399,-53.364,294.0,0
2017-11-13,9,11.3333,2.03,2.66667,89,40.554,17.1575,14.1422,-50.1422,302.4,0
2017-11-13,10,11.1667,2.03,2.66667,85,32.9556,19.2087,22.6275,-46.6275,302.4,0
2017-11-13,11,11.0,0.51,2.83333,84,26.3638,18.3438,32.7902,-38.837,313.5,0
2017-11-13,12,10.6667,0.51,3.0,82,25.8225,20.9329,42.9529,-31.0465,300.667,0
2017-11-13,13,11.0,0.51,3.0,81,35.2117,18.7975,46.5889,-24.6825,305.455,0
2017-11-13,14,11.1667,0.51,3.0,81,32.3613,28.645,49.8107,-16.9043,313.5,0
2017-11-13,15,11.1667,0.0,3.16667,81,50.882,29.8587,52.4119,-3.8268,305.455,0
2017-11-13,16,11.5,0.0,3.16667,85,46.8425,32.8343,53.3358,4.97484,294.0,0
2017-11-13,17,11.5,0.0,3.16667,88,57.8867,33.165,55.1836,14.1592,262.08,0
2017-11-13,18,11.5,0.0,3.16667,90,51.9888,48.7283,52.9618,21.9374,260.945,0
2017-11-13,19,10.8333,0.0,3.0,91,65.3217,49.5925,49.0329,29.0085,280.8,0
2017-11-13,20,10.0,0.0,2.83333,90,70.4987,62.9083,42.8961,29.3661,336.3,0
2017-11-13,21,9.5,0.0,2.5,88,84.96,65.77,47.8458,35.8332,322.4,0
2017-11-13,22,8.66667,0.0,2.33333,87,38.8,50.045,43.1233,39.556,367.015,0
2017-11-14,1,9.83333,0.0,2.16667,92,51.6287,50.474,16.2635,47.7318,393.6,0
2017-11-14,2,10.5,0.0,2.16667,89,46.612,58.655,6.36399,51.3149,326.8,0
2017-11-14,3,10.6667,0.0,2.0,89,42.1767,38.116,7.77821,53.1627,291.6,0
2017-11-14,4,11.1667,0.0,1.83333,86,46.148,33.8067,14.8493,54.4015,275.6,0
2017-11-14,5,11.1667,0.0,1.66667,87,30.6667,38.7588,22.6275,55.5642,271.745,0
2017-11-14,6,11.0,0.0,1.66667,84,26.64,40.8812,28.9915,52.8791,325.68,0
2017-11-14,7,10.3333,0.0,1.5,88,25.2362,41.1189,36.0626,47.1179,353.455,0
2017-11-14,8,10.1667,0.0,1.5,86,31.17,44.962,36.0626,47.1179,346.92,0
2017-11-14,9,10.5,0.0,1.66667,83,34.6263,40.554,36.0626,47.1179,353.455,0
2017-11-14,10,10.5,0.0,2.0,72,28.7778,32.9556,28.2844,48.9552,326.8,0
2017-11-14,11,11.1667,0.0,2.5,65,18.533,26.3638,29.6986,50.803,309.12,0
2017-11-14,12,11.8333,0.0,3.0,57,12.282,25.8225,22.6275,54.5642,282.764,0
2017-11-14,13,12.5,0.0,3.66667,55,12.4318,35.2117,14.8493,58.4015,240.0,0
2017-11-14,14,13.0,0.0,4.16667,57,15.5422,32.3613,7.77821,52.1627,259.418,0
2017-11-14,15,13.0,0.0,4.5,61,20.0073,50.882,0.0,55.0,251.631,0
2017-11-14,16,12.6667,0.0,4.5,67,34.7889,46.8425,0.0,54.0,267.429,0
2017-11-14,17,12.0,0.0,4.16667,68,43.8675,57.8867,0.0,63.0,249.171,0
2017-11-14,18,11.5,0.0,3.66667,68,42.842,51.9888,-3.44412,57.3149,305.52,0
2017-11-14,19,11.1667,0.0,3.0,69,54.2275,65.3217,-7.6536,52.4776,332.215,0
2017-11-14,21,10.6667,0.0,2.33333,66,34.43,84.96,-20.4067,47.2663,313.6,0
2017-11-14,22,11.0,0.0,2.16667,67,34.455,38.8,-28.1849,46.0445,288.0,0
2017-11-15,1,12.3333,0.0,2.33333,70,57.1075,51.6287,-43.8304,36.7948,271.745,0
2017-11-15,2,12.6667,0.0,2.33333,73,64.0883,46.612,-39.5877,32.5521,270.327,0
2017-11-15,3,13.1667,0.0,2.5,75,55.1037,42.1767,-41.0019,33.9664,255.2,0
2017-11-15,4,13.5,0.0,2.66667,76,46.2318,46.148,-42.4162,35.3806,242.031,0
2017-11-15,5,13.5,0.0,2.83333,77,39.9443,30.6667,-39.5982,39.5982,261.0,0
2017-11-15,6,13.5,0.0,3.16667,79,46.4718,26.64,-36.7697,36.7697,281.538,0
2017-11-15,7,13.3333,0.25,3.33333,79,53.3511,25.2362,-32.5521,39.5877,286.971,0
2017-11-15,8,13.0,0.25,3.5,78,50.1009,31.17,-28.3928,43.5464,271.385,0
2017-11-15,9,12.8333,0.25,3.83333,70,51.394,34.6263,-23.4098,44.5166,286.7,0
2017-11-15,10,12.5,0.25,4.16667,68,51.124,28.7778,-19.8994,48.0418,281.538,0
2017-11-15,11,13.0,0.25,4.66667,62,50.153,18.533,-19.8994,59.0418,240.0,0
2017-11-15,12,13.1667,0.25,5.0,61,46.034,12.282,-20.6647,60.8895,240.0,0
2017-11-15,13,13.3333,0.0,5.33333,61,45.1818,12.4318,-16.0726,49.803,271.385,0
2017-11-15,14,13.6667,0.0,5.66667,64,54.17,15.5422,-17.2206,52.5746,228.0,0
2017-11-15,15,13.5,0.0,5.83333,68,39.59,20.0073,-22.1954,53.585,237.12,0
2017-11-15,16,13.8333,0.23,5.83333,71,51.485,34.7889,-21.0474,50.8134,257.914,0
2017-11-15,17,12.8333,0.23,6.16667,59,54.4287,43.8675,-20.6647,49.8895,279.0,0
2017-11-15,18,12.1667,0.23,6.33333,61,61.45,42.842,-24.1088,58.2044,266.325,0
2017-11-15,22,9.0,0.0,6.16667,76,46.18,34.455,-25.498,52.558,343.938,0
2017-11-16,1,8.33333,0.0,4.16667,87,70.6087,57.1075,-30.2229,39.9645,409.867,0
2017-11-16,2,8.0,0.0,3.66667,88,78.5117,64.0883,-35.8797,45.6213,360.0,0
2017-11-16,3,7.66667,0.0,3.33333,87,66.9756,55.1037,-37.3854,42.2562,388.267,0
2017-11-16,4,7.66667,0.0,3.33333,85,69.7487,46.2318,-38.891,38.891,417.6,0
2017-11-16,5,7.33333,0.0,3.33333,85,66.302,39.9443,-38.1839,38.1839,421.2,0
2017-11-16,6,7.0,0.0,3.5,87,67.538,46.4718,-37.4768,37.4768,448.0,0
2017-11-16,7,6.33333,0.0,3.83333,82,71.5425,53.3511,-42.0962,39.3902,435.2,0
2017-11-16,8,6.0,0.0,4.16667,85,71.209,50.1009,-39.4278,34.557,490.629,0
2017-11-16,9,6.0,0.0,4.5,86,75.8975,51.394,-39.0974,31.5206,538.65,0
2017-11-16,10,6.0,0.0,4.83333,87,75.6517,51.124,-45.5645,34.1993,480.0,0
2017-11-16,11,6.16667,0.0,5.33333,83,75.9636,50.153,-42.3489,26.6541,528.0,0
2017-11-16,12,6.83333,0.0,5.83333,81,73.4762,46.034,-44.7902,24.7658,520.8,0
2017-11-16,13,7.66667,0.0,6.33333,81,73.4017,45.1818,-47.4482,22.553,490.629,0
2017-11-16,14,8.16667,0.0,6.66667,81,65.5733,54.17,-50.8134,21.0474,420.0,0
2017-11-16,15,8.5,0.0,7.0,83,71.09,39.59,-49.8895,20.6647,379.44,0
2017-11-16,16,8.66667,0.0,7.0,86,75.8175,51.485,-47.1179,19.5167,401.85,0
2017-11-16,17,8.83333,0.0,6.83333,89,78.7789,54.4287,-48.0418,19.8994,386.4,0
2017-11-16,18,8.5,0.0,6.66667,89,98.122,61.45,-48.9656,20.282,380.8,0
2017-11-16,22,8.83333,0.0,5.33333,85,60.42,46.18,16.3702,6.88824,409.867,0
2017-11-17,1,9.16667,0.0,4.66667,90,68.3412,70.6087,43.9386,7.39104,341.85,0
2017-11-17,2,9.5,0.0,4.33333,91,59.732,78.5117,30.2817,13.0479,341.85,0
2017-11-17,3,9.5,0.0,4.0,93,55.51,66.9756,13.0429,16.8747,337.08,0
2017-11-17,4,9.16667,0.0,3.66667,99,54.245,69.7487,13.0429,16.8747,347.564,0
2017-11-17,5,8.83333,0.0,3.16667,87,50.0389,66.302,11.0429,16.8747,363.0,0
2017-11-17,6,8.83333,0.0,3.0,87,55.6529,67.538,9.04288,16.8747,371.25,0
2017-11-17,7,8.83333,0.0,2.83333,89,53.035,71.5425,20.1043,9.48368,371.25,0
2017-11-17,8,8.66667,0.0,2.83333,89,63.3129,71.209,33.7612,3.8268,389.88,0
2017-11-17,9,8.66667,0.0,2.83333,87,61.3456,75.8975,34.6851,3.44412,403.68,0
2017-11-17,10,8.66667,0.23,3.0,68,65.5062,75.6517,15.4463,7.27092,395.2,0
2017-11-17,11,9.16667,0.23,3.5,61,61.6345,75.9636,-1.86864,10.715,386.4,0
2017-11-17,12,9.5,0.46,4.0,60,60.862,73.4762,1.13136,10.715,341.85,0
2017-11-17,13,9.83333,0.82,4.5,60,65.51,73.4017,-16.1074,14.5418,313.65,0
2017-11-17,14,9.66667,0.82,5.0,64,70.8363,65.5733,-33.3462,18.3686,300.0,0
2017-11-17,15,9.16667,0.82,5.5,72,77.8,71.09,-30.6882,20.5814,324.48,0
2017-11-17,16,8.83333,0.59,5.66667,84,74.074,75.8175,-26.3992,21.7044,352.8,0
2017-11-17,17,8.33333,0.59,5.66667,93,79.955,78.7789,-24.5514,20.939,398.618,0
2017-11-17,18,8.0,0.36,5.5,88,77.252,98.122,-27.6129,28.33,360.0,0
2017-11-17,22,7.66667,0.0,4.66667,76,42.55,60.42,-4.57883,43.9539,443.143,0
2017-11-18,1,7.33333,0.0,3.83333,75,55.64,68.3412,26.8702,49.59,421.2,1
2017-11-18,2,7.16667,0.0,3.16667,79,50.8071,59.732,31.1128,47.1333,453.6,1
2017-11-18,3,7.16667,0.0,2.66667,81,43.016,55.51,28.8168,52.6766,420.0,1
2017-11-18,4,7.0,0.0,2.16667,80,42.2675,54.245,28.8168,51.6766,420.0,1
2017-11-18,5,7.66667,0.0,1.66667,80,44.768,50.0389,23.867,52.2094,420.0,1
2017-11-18,6,8.16667,0.0,1.16667,82,51.0262,55.6529,13.2603,49.3512,425.829,1
2017-11-18,7,9.5,0.0,0.833333,83,46.973,53.035,3.71841,55.488,374.0,1
2017-11-18,8,10.8333,0.0,0.833333,85,47.4275,63.3129,-9.94968,49.0209,326.4,1
2017-11-18,9,12.3333,0.0,1.0,80,43.8422,61.3456,-19.8492,44.9204,281.455,1
2017-11-18,10,12.8333,0.0,1.33333,82,39.1556,65.5062,-31.163,45.2342,235.2,1
2017-11-18,11,13.3333,0.0,1.83333,75,38.765,61.6345,-33.6419,41.2187,267.429,1
2017-11-18,12,13.5,0.0,2.66667,68,39.224,60.862,-38.1839,38.1839,267.429,1
2017-11-18,13,13.3333,0.0,3.5,64,38.9067,65.51,-37.4768,37.4768,288.225,1
2017-11-18,14,13.1667,0.0,4.16667,63,27.348,70.8363,-49.4873,42.4517,240.0,1
2017-11-18,15,12.3333,0.48,4.5,66,25.189,77.8,-43.1129,29.0416,277.114,1
2017-11-18,16,12.3333,0.48,4.5,71,28.018,74.074,-53.2755,33.2511,240.0,1
2017-11-18,17,12.0,0.48,4.33333,73,35.8462,79.955,-50.4471,30.4227,269.077,1
2017-11-18,18,12.0,0.96,4.0,71,41.2137,77.252,-49.74,29.7156,279.138,1
2017-11-18,22,13.6667,1.19,3.0,72,26.585,42.55,-44.9606,29.807,251.631,1
2017-11-19,1,15.3333,0.71,2.83333,83,43.039,55.64,-56.3567,23.3435,204.429,1
2017-11-19,2,16.1667,1.07,2.83333,87,43.0288,50.8071,-55.4432,30.0068,187.68,1
2017-11-19,3,16.5,1.37,2.66667,87,39.656,43.016,-41.1619,31.9615,216.847,1
2017-11-19,4,16.3333,0.66,2.66667,85,36.92,42.2675,-36.7697,36.7697,224.824,1
2017-11-19,5,15.8333,0.66,2.66667,85,34.345,44.768,-46.6693,46.6693,187.2,1
2017-11-19,6,15.3333,0.66,2.66667,86,36.7188,51.0262,-39.2406,45.735,238.105,1
2017-11-19,7,14.6667,1.27,2.83333,86,31.569,46.973,-31.163,45.2342,261.0,1
2017-11-19,8,14.0,0.91,2.83333,85,34.5144,47.4275,-24.8241,45.9309,277.114,1
2017-11-19,9,14.1667,0.61,3.0,83,26.892,43.8422,-20.6647,49.8895,255.2,1
2017-11-19,10,14.5,0.61,3.16667,81,24.7056,39.1556,-22.5781,54.5089,221.571,1
2017-11-19,11,15.6667,0.61,3.33333,80,23.8008,38.765,-23.3435,56.3567,196.8,1
2017-11-19,12,16.8333,0.61,3.5,78,28.389,39.224,-19.8994,48.0418,224.824,1
2017-11-19,13,17.8333,0.0,3.83333,76,28.0317,38.9067,-21.4301,51.7373,189.0,1
2017-11-19,14,18.5,0.0,4.16667,75,26.952,27.348,-28.7423,50.3903,181.895,1
2017-11-19,15,18.5,0.0,4.5,75,27.5387,25.189,-34.9065,46.2717,191.314,1
2017-11-19,16,18.6667,0.81,4.5,74,26.013,28.018,-38.891,38.891,210.189,1
2017-11-19,17,18.1667,0.81,4.5,71,26.7087,35.8462,-37.4768,37.4768,225.095,1
2017-11-19,18,17.3333,0.81,4.5,69,27.044,41.2137,-48.7906,48.7906,180.0,1
2017-11-19,22,16.0,0.51,3.83333,81,14.45,26.585,-46.6693,46.6693,180.0,1
2017-11-20,1,16.1667,1.02,3.16667,83,14.927,43.039,-43.8408,43.8408,210.6,0
2017-11-20,2,15.6667,1.09,2.83333,90,14.6663,43.0288,-36.0626,36.0626,225.28,0
2017-11-20,3,14.8333,1.67,2.5,89,16.367,39.656,-41.0374,48.073,187.68,0
2017-11-20,4,14.5,1.67,2.33333,90,20.045,36.92,-38.209,45.2446,233.365,0
2017-11-20,5,13.5,1.16,2.0,90,20.862,34.345,-34.6735,41.7091,286.989,0
2017-11-20,6,12.0,1.16,1.83333,89,22.6413,36.7188,-41.0374,48.073,281.368,0
2017-11-20,7,10.0,1.9,1.83333,89,15.341,31.569,-33.2592,40.2948,343.385,0
2017-11-20,8,9.83333,1.32,1.83333,88,14.6644,34.5144,-38.209,45.2446,332.677,0
2017-11-20,9,11.1667,0.74,2.0,84,15.6709,26.892,-37.8263,44.3207,323.345,0
2017-11-20,10,12.6667,0.74,2.16667,78,12.6438,24.7056,-28.8337,45.6109,288.0,0
2017-11-20,11,15.6667,0.79,2.5,73,10.5327,23.8008,2.98623,48.0418,204.0,0
2017-11-20,12,18.6667,0.84,2.83333,68,12.4825,28.389,26.6704,61.9,131.368,0
2017-11-20,13,21.5,0.1,3.0,65,13.452,28.0317,37.4768,48.9656,167.733,0
2017-11-20,14,22.5,0.43,3.16667,64,19.689,26.952,54.4475,71.1388,120.0,0
2017-11-20,15,21.5,0.76,3.16667,65,27.6325,27.5387,48.0835,62.8238,160.615,0
2017-11-20,16,19.6667,0.76,3.16667,67,29.147,26.013,38.891,50.8134,231.15,0
2017-11-20,17,17.1667,0.71,3.16667,76,33.365,26.7087,45.9622,60.0522,238.95,0
2017-11-20,18,15.1667,0.96,3.0,78,30.78,27.044,37.4768,48.9656,299.0,0
2017-11-21,1,9.5,0.13,0.5,85,52.3533,14.927,9.89954,60.9343,320.914,0
2017-11-21,2,8.83333,0.13,0.0,88,52.2833,14.6663,0.0,57.0,357.5,0
2017-11-21,3,8.66667,0.13,-0.5,88,52.515,16.367,0.0,53.0,380.8,0
2017-11-21,4,8.83333,0.0,-1.0,88,53.775,20.045,0.0,52.0,395.2,0
2017-11-21,5,8.5,0.0,-1.5,91,56.5217,20.862,0.0,53.0,380.8,0
2017-11-21,6,8.33333,0.0,-1.83333,89,44.294,22.6413,0.0,51.0,409.867,0
2017-11-21,7,7.83333,0.0,-2.0,89,38.1742,15.341,0.0,59.0,360.0,0
2017-11-21,8,7.5,0.0,-1.83333,78,39.287,14.6644,0.0,56.0,402.8,0
2017-11-21,9,7.5,0.0,-1.5,80,40.312,15.6709,0.0,53.0,437.25,0
2017-11-21,10,7.0,0.0,-1.16667,87,36.4533,12.6438,-3.06144,52.391,437.25,0
2017-11-21,11,7.16667,0.0,-0.5,82,37.415,10.5327,-8.01121,49.3408,473.28,0
2017-11-21,12,6.66667,0.0,0.166667,76,34.105,12.4825,-8.01121,57.3408,420.0,0
2017-11-21,13,6.66667,0.0,1.0,72,38.0011,13.452,-8.01121,52.3408,454.629,0
2017-11-21,14,6.66667,0.0,1.5,71,39.328,19.689,-8.01121,51.3408,486.0,0
2017-11-21,15,6.16667,0.0,2.0,74,47.4444,27.6325,-8.01121,49.3408,496.8,0
2017-11-21,16,5.5,0.0,2.33333,78,52.6755,29.147,-8.01121,48.3408,517.0,0
2017-11-21,17,4.66667,0.0,2.5,86,67.0471,33.365,-9.15925,51.1124,520.0,0
2017-11-21,18,4.66667,0.0,2.5,90,65.8525,30.78,-9.15925,48.1124,607.05,0
2017-11-22,1,6.83333,0.0,1.83333,87,86.3412,52.3533,-3.80164,-31.7925,540.8,0
2017-11-22,2,6.66667,0.0,1.66667,92,82.6833,52.2833,-5.33236,-44.0313,483.36,0
2017-11-22,3,7.0,0.0,1.5,93,74.8712,52.515,-10.3324,-51.0313,457.6,0
2017-11-22,4,7.33333,0.0,1.33333,94,73.4143,53.775,-12.6284,-54.488,436.05,0
2017-11-22,5,7.5,0.0,1.16667,96,71.0986,56.5217,-9.94968,-49.0209,460.8,0
2017-11-22,6,7.66667,0.0,0.833333,92,69.7337,44.294,-9.94968,-49.0209,451.0,0
2017-11-22,7,8.16667,0.0,0.666667,97,71.0963,38.1742,-10.3324,-49.9448,432.0,0
2017-11-22,8,8.5,0.0,0.5,96,69.314,39.287,-11.8631,-53.6403,375.943,0
2017-11-22,9,9.0,0.0,0.5,92,74.3956,40.312,-9.18432,-49.1731,409.867,0
2017-11-22,10,9.66667,0.0,0.666667,87,74.7725,36.4533,-13.7765,-51.2597,366.667,0
2017-11-22,11,11.1667,0.76,0.833333,83,68.1611,37.415,-20.2901,-44.985,326.4,0
2017-11-22,12,12.6667,1.52,1.33333,80,70.24,34.105,-23.7343,-53.2999,240.0,0
2017-11-22,13,13.3333,2.79,1.83333,80,65.0375,38.0011,-26.0303,-49.8431,225.5,0
2017-11-22,14,14.1667,2.79,2.33333,83,66.43,39.328,-26.7957,-51.6909,214.338,0
2017-11-22,15,14.1667,2.79,2.66667,86,64.3087,47.4444,-27.5028,-52.398,226.8,0
2017-11-22,16,14.1667,4.03,2.83333,89,60.025,52.6755,-29.8653,-46.1013,261.0,0
2017-11-22,17,13.8333,4.51,3.0,90,61.3,67.0471,-32.9348,-40.5116,277.114,0
2017-11-22,18,13.3333,4.99,3.0,91,59.865,65.8525,-37.4768,-37.4768,277.114,0
2017-11-22,22,11.5,2.48,3.83333,87,33.87,70.81,-46.4884,-34.582,287.571,0
2017-11-23,0,10.1667,0.0,4.16667,92,30.68,62.28,-45.8741,-23.1437,334.08,0
2017-11-23,1,10.0,0.0,4.33333,92,48.9042,86.3412,-47.1179,-19.5167,353.455,0
2017-11-23,2,9.83333,0.0,4.5,93,52.264,82.6833,-55.4328,-22.9608,311.564,0
2017-11-23,3,9.66667,0.0,4.5,93,49.2133,74.8712,-54.5089,-22.5781,323.345,0
2017-11-23,4,9.66667,0.0,4.5,93,50.035,73.4143,-53.585,-22.1954,324.48,0
2017-11-23,5,9.83333,0.0,4.66667,93,51.1517,71.0986,-53.585,-22.1954,324.48,0
2017-11-23,6,10.0,0.0,4.83333,93,54.759,69.7337,-54.5089,-22.5781,300.0,0
2017-11-23,7,10.1667,0.0,5.0,93,53.8364,71.0963,-47.1179,-19.5167,346.92,0
2017-11-23,8,10.3333,0.0,5.0,93,51.395,69.314,-47.1179,-19.5167,346.92,0
2017-11-23,9,10.8333,0.0,5.16667,89,47.065,74.3956,-48.0418,-19.8994,334.08,0
2017-11-23,10,11.3333,0.0,5.33333,82,51.58,74.7725,-50.8134,-21.0474,305.455,0
2017-11-23,11,11.8333,0.0,5.83333,74,51.6254,68.1611,-27.6507,-16.8379,273.48,0
2017-11-23,12,12.5,0.0,6.5,67,50.1675,70.24,-22.1074,-14.5418,281.455,0
2017-11-23,13,13.1667,0.0,7.16667,64,45.9808,65.0375,-24.8791,-15.6899,261.415,0
2017-11-23,14,13.8333,0.0,7.83333,68,43.157,66.43,-25.803,-16.0726,251.631,0
2017-11-23,15,14.1667,0.0,8.16667,77,44.9313,64.3087,-52.6612,-21.8128,239.4,0
2017-11-23,16,14.3333,0.0,8.5,78,43.62,60.025,-53.585,-22.1954,230.4,0
2017-11-23,17,13.8333,0.0,8.5,95,45.5575,61.3,-53.585,-22.1954,230.4,0
2017-11-23,18,13.5,0.0,8.16667,94,44.8467,59.865,-50.8134,-21.0474,264.0,0
2017-11-23,22,10.8333,0.0,6.5,86,41.085,33.87,-51.7373,-21.4301,294.0,0
2017-11-24,0,10.3333,0.0,5.66667,86,43.385,30.68,-30.7268,-16.4552,348.0,0
2017-11-24,1,9.83333,0.0,5.33333,86,59.2643,48.9042,-20.7268,-16.4552,300.0,0
2017-11-24,2,9.33333,0.0,5.16667,85,62.738,52.264,-0.640279,-11.8631,323.345,0
2017-11-24,3,9.0,0.0,4.83333,85,59.385,49.2133,17.5224,-7.6536,349.92,0
2017-11-24,4,8.83333,0.0,4.66667,85,58.6517,50.035,34.7612,-3.8268,366.667,0
2017-11-24,5,8.5,0.0,4.5,86,59.8333,51.1517,33.7612,-3.8268,389.88,0
2017-11-24,6,8.0,0.0,4.33333,87,59.7467,54.759,51.0,0.0,417.72,0
2017-11-24,7,7.5,0.0,4.0,89,61.2675,53.8364,44.5328,2.67876,386.88,0
2017-11-24,8,7.33333,0.0,3.83333,85,63.4625,51.395,40.5328,2.67876,432.667,0
2017-11-24,9,7.16667,0.0,4.0,78,62.7436,47.065,38.5328,2.67876,453.6,0
2017-11-24,10,7.0,0.0,4.33333,73,57.8643,51.58,24.0657,0.0,470.25,0
2017-11-24,11,7.33333,0.0,4.83333,67,56.2667,51.6254,17.5985,2.67876,420.0,0
2017-11-24,12,7.83333,0.0,5.66667,62,56.2508,50.1675,-7.64028,-1.14804,453.6,0
2017-11-24,13,8.66667,0.0,6.83333,58,56.2862,45.9808,-5.64028,-1.14804,408.857,0
2017-11-24,14,9.33333,0.0,8.0,59,56.6721,43.157,5.82688,-3.8268,377.143,0
2017-11-24,15,9.83333,0.0,8.83333,68,59.083,44.9313,9.82688,-3.8268,314.743,0
2017-11-24,16,10.5,0.0,9.5,77,60.357,43.62,32.7612,-3.8268,334.08,0
2017-11-24,17,10.8333,0.0,9.83333,91,66.3426,45.5575,53.0,0.0,321.48,0
2017-11-24,18,10.8333,0.0,9.83333,91,67.2868,44.8467,31.9134,-4.59216,305.455,0
2017-11-24,22,10.3333,0.0,8.5,81,51.365,41.085,9.67464,-8.41896,348.0,0
2017-11-25,0,10.0,0.0,7.83333,81,50.255,43.385,40.7612,-3.8268,300.0,1
2017-11-25,1,9.66667,0.0,7.5,82,56.9414,59.2643,40.7612,3.8268,311.564,1
2017-11-25,2,9.5,0.0,7.33333,90,55.8091,62.738,21.4463,7.27092,312.8,1
2017-11-25,3,9.16667,0.0,7.16667,87,53.4931,59.385,5.05524,10.3324,337.08,1
2017-11-25,4,8.66667,0.0,7.0,86,52.2425,58.6517,-12.3358,13.3938,363.0,1
2017-11-25,5,8.33333,0.0,7.0,83,52.8169,59.8333,-28.803,16.0726,403.68,1
2017-11-25,6,8.0,0.0,7.0,84,54.0155,59.7467,-36.194,19.134,360.0,1
2017-11-25,7,7.83333,0.0,7.0,83,55.3819,61.2675,-53.585,22.1954,386.88,1
2017-11-25,8,7.83333,0.0,7.0,83,60.3621,63.4625,-51.7373,21.4301,402.8,1
2017-11-25,9,7.66667,0.0,7.0,82,59.9197,62.7436,-50.8134,21.0474,405.45,1
2017-11-25,10,8.16667,0.0,7.0,77,60.0915,57.8643,-49.8895,20.6647,421.2,1
2017-11-25,11,8.83333,0.0,7.16667,72,58.5886,56.2667,-32.4985,17.6033,375.943,1
2017-11-25,12,9.5,0.0,7.5,67,57.4435,56.2508,-29.7268,7.27092,371.25,1
2017-11-25,13,10.3333,0.0,8.0,64,55.2274,56.2862,-33.4224,-0.38268,313.65,1
2017-11-25,14,10.8333,0.0,8.66667,61,50.4721,56.6721,-30.6507,-11.4804,281.657,1
2017-11-25,15,11.5,0.0,9.16667,69,50.1077,59.083,-34.3462,-18.3686,262.08,1
2017-11-25,16,11.6667,0.0,9.5,81,53.7134,60.357,-54.5089,-22.5781,270.3,1
2017-11-25,17,11.6667,0.0,9.66667,89,55.0196,66.3426,-51.2006,-25.7642,280.8,1
2017-11-25,22,11.8333,1.12,8.5,85,19.735,51.365,-6.0572,-21.5628,280.8,1
2017-11-26,0,12.8333,2.24,8.16667,88,17.085,50.255,37.9134,-4.59216,249.9,1
2017-11-26,1,13.3333,2.24,8.0,90,39.4303,56.9414,23.2179,6.12288,248.727,1
2017-11-26,2,13.5,2.24,7.66667,84,27.8142,55.8091,1.61127,16.7295,223.385,1
2017-11-26,3,13.8333,2.24,7.16667,85,13.4844,53.4931,-19.8741,25.2148,239.4,1
2017-11-26,4,14.5,2.24,6.5,85,15.5961,52.2425,-38.8489,37.2253,261.0,1
2017-11-26,5,15.5,2.24,5.83333,85,9.90652,52.8169,-30.5724,46.8084,245.92,1
2017-11-26,6,15.6667,2.24,5.16667,88,7.55438,54.0155,-19.9657,56.2017,180.0,1
2017-11-26,7,16.0,2.24,4.5,82,12.7193,55.3819,-6.50556,52.706,209.012,1
2017-11-26,8,16.1667,2.24,4.16667,82,15.9826,60.3621,0.0,54.0,221.76,1
2017-11-26,9,15.8333,2.72,4.0,79,24.9172,59.9197,0.0,67.0,200.34,1
2017-11-26,10,14.8333,1.6,4.16667,73,26.61,60.0915,7.77821,57.1627,249.882,1
2017-11-26,11,13.8333,1.6,4.33333,73,25.6656,58.5886,15.5564,50.3254,302.824,1
2017-11-26,12,13.3333,0.48,4.5,72,32.3003,57.4435,25.456,63.2597,248.4,1
2017-11-26,13,13.0,0.48,4.66667,70,30.7069,55.2274,25.456,60.2597,240.0,1
2017-11-26,14,12.8333,0.48,4.83333,67,35.3442,50.4721,17.6777,52.097,248.727,1
2017-11-26,15,12.6667,0.0,4.83333,67,41.1906,50.1077,9.89954,53.9343,257.914,1
2017-11-26,16,12.5,0.0,4.5,69,46.3642,53.7134,7.0711,50.2388,297.0,1
2017-11-26,17,11.5,0.0,4.16667,69,44.9526,55.0196,7.0711,60.2388,268.029,1
2017-11-26,22,8.83333,0.0,2.0,64,32.21,19.735,17.6777,51.097,389.88,1
2017-11-27,0,8.66667,0.0,1.5,62,32.32,17.085,8.57675,52.0209,356.4,0
2017-11-27,1,8.66667,0.0,1.16667,62,59.2968,39.4303,0.62379,50.1731,395.2,0
2017-11-27,2,8.33333,0.0,0.666667,78,60.0623,27.8142,-2.82033,49.488,395.2,0
2017-11-27,3,8.0,0.0,0.333333,71,58.0306,13.4844,-7.7701,54.4378,360.0,0
2017-11-27,4,7.66667,0.0,0.166667,73,61.2334,15.5961,-12.7199,50.3876,388.267,0
2017-11-27,5,7.33333,0.0,0.0,74,62.1745,9.90652,-22.1453,49.4637,414.72,0
2017-11-27,6,7.5,0.0,-0.333333,76,59.5147,7.55438,-27.0951,44.4135,448.0,0
2017-11-27,7,7.33333,0.0,-0.333333,77,57.9712,12.7193,-30.1181,38.7773,451.0,0
2017-11-27,8,7.66667,0.0,-0.166667,78,57.95,15.9826,-33.4789,38.8909,448.0,0
2017-11-27,9,8.0,0.0,0.0,75,57.3814,24.9172,-36.3988,36.94,425.829,0
2017-11-27,10,8.0,0.0,0.333333,76,54.2934,26.61,-37.813,38.3542,392.229,0
2017-11-27,11,8.5,0.0,0.833333,70,50.3484,25.6656,-35.9247,40.7955,390.0,0
2017-11-27,12,9.0,0.0,1.66667,62,48.7412,32.3003,-34.9846,35.5258,393.6,0
2017-11-27,13,9.5,0.0,2.5,61,48.4603,30.7069,-32.3442,42.0858,356.4,0
2017-11-27,14,9.66667,0.0,3.16667,61,48.842,35.3442,-30.8968,46.5916,325.867,0
2017-11-27,15,9.66667,0.0,3.66667,64,50.5794,41.1906,-28.3596,49.4664,312.8,0
2017-11-27,16,9.83333,0.0,3.83333,69,56.0075,46.3642,-28.3596,49.4664,300.0,0
2017-11-27,17,9.5,0.0,3.83333,77,59.0547,44.9526,-31.6622,48.4394,312.12,0
2017-11-27,22,9.66667,0.0,2.0,74,43.695,32.21,-6.72683,18.5264,352.8,0
2017-11-28,0,10.5,0.0,1.0,76,47.35,32.32,36.609,3.06144,319.2,0
2017-11-28,1,11.3333,0.0,0.5,77,66.0717,59.2968,55.0,0.0,297.0,0
2017-11-28,2,11.8333,0.0,0.0,79,66.9858,60.0623,58.0,0.0,271.745,0
2017-11-28,3,12.3333,0.0,-0.333333,76,64.2635,58.0306,60.0,0.0,260.0,0
2017-11-28,4,12.8333,0.0,-0.666667,73,61.0965,61.2334,51.0,0.0,281.455,0
2017-11-28,5,13.5,0.0,-0.833333,70,56.3174,62.1745,55.0,0.0,251.631,0
2017-11-28,6,14.3333,0.0,-0.833333,68,52.5433,59.5147,28.1418,-5.7402,232.615,0
2017-11-28,7,15.0,0.0,-0.666667,66,50.1522,57.9712,0.359721,-11.8631,212.914,0
2017-11-28,8,15.5,0.0,-0.5,66,49.9922,57.95,-29.3462,-18.3686,195.52,0
2017-11-28,9,16.0,0.0,-0.166667,64,49.2119,57.3814,-59.1283,-24.4915,187.68,0
2017-11-28,10,16.1667,0.0,0.333333,65,45.9458,54.2934,-60.9761,-25.2569,180.0,0
2017-11-28,11,16.6667,0.0,1.0,62,45.2197,50.3484,-30.194,-19.134,187.2,0
2017-11-28,12,17.0,0.0,1.66667,58,47.0748,48.7412,18.294,-6.50556,232.941,0
2017-11-28,13,17.0,0.0,2.33333,56,47.8349,48.4603,52.0,0.0,220.8,0
2017-11-28,14,16.8333,0.0,3.16667,54,47.6174,48.842,53.0,0.0,221.0,0
2017-11-28,15,16.3333,0.0,3.66667,56,51.4509,50.5794,39.1418,-5.7402,180.0,0
2017-11-28,16,15.8333,0.0,3.83333,63,57.0164,56.0075,8.20748,-11.0977,208.8,0
2017-11-28,17,14.8333,0.0,3.83333,65,63.7897,59.0547,-21.803,-16.0726,241.553,0
2017-11-29,1,9.83333,0.0,2.5,74,67.6559,66.0717,-22.6507,-16.8379,300.0,0
2017-11-29,2,9.5,0.0,2.16667,86,67.1278,66.9858,-2.56416,-12.2458,333.9,0
2017-11-29,3,9.0,0.0,1.83333,86,65.6553,64.2635,18.5224,-7.6536,347.564,0
2017-11-29,4,8.83333,0.0,1.5,85,65.7315,61.0965,36.6851,-3.44412,366.667,0
2017-11-29,5,8.66667,0.0,1.5,82,65.8494,56.3174,53.0,0.0,380.8,0
2017-11-29,6,8.5,0.0,1.5,81,64.9446,52.5433,36.609,-3.06144,395.2,0
2017-11-29,7,8.33333,0.0,1.5,84,67.9545,50.1522,20.2179,-6.12288,409.867,0
2017-11-29,8,8.0,1.75,1.5,88,70.8556,49.9922,12.8269,-9.18432,360.0,0
2017-11-29,9,8.0,3.5,1.83333,85,70.3232,49.2119,-1.83,-14.8412,386.88,0
2017-11-29,10,7.83333,4.8,2.16667,90,71.4503,45.9458,-17.4869,-20.4981,390.0,0
2017-11-29,11,7.83333,6.78,2.5,82,67.1992,45.2197,-18.4869,-20.4981,405.45,0
2017-11-29,12,8.0,6.78,2.83333,80,68.1179,47.0748,-33.8779,-23.5595,405.45,0
2017-11-29,13,8.0,6.78,3.16667,82,68.4435,47.8349,-34.8018,-23.9422,390.0,0
2017-11-29,14,8.16667,5.03,3.5,85,65.9983,47.6174,-34.8018,-23.9422,390.0,0
2017-11-29,15,8.33333,3.28,3.33333,88,65.7062,51.4509,-35.7257,-24.3249,374.85,0
2017-11-29,16,8.5,2.59,3.16667,92,64.9491,57.0164,-21.0688,-18.668,360.0,0
2017-11-29,17,8.33333,1.22,2.83333,93,68.3128,63.7897,-14.4119,-13.0111,401.85,0
2017-11-30,1,7.5,0.89,0.333333,92,76.5219,67.6559,10.5985,-8.03628,460.8,0
2017-11-30,2,7.66667,1.78,0.166667,86,76.7956,67.1278,25.0657,-5.35752,443.143,0
2017-11-30,3,7.5,2.64,0.0,90,76.4056,65.6553,39.5328,-2.67876,425.829,0
2017-11-30,4,7.66667,2.64,0.0,91,77.3181,65.7315,53.0,0.0,437.25,0
2017-11-30,5,7.66667,2.64,0.166667,87,79.0406,65.8494,37.609,-3.06144,425.829,0
2017-11-30,7,8.16667,2.54,0.166667,92,76.2356,67.9545,9.56104,-11.7798,408.857,0
2017-11-30,10,10.1667,3.89,0.5,86,71.82,71.4503,-33.4501,-43.1917,300.0,0
2017-11-30,13,14.1667,4.47,1.16667,85,60.25,68.4435,-8.80164,-53.2492,245.1,0
2017-11-30,15,15.3333,5.69,1.33333,88,64.91,65.7062,0.0,-52.0,224.824,0
2017-11-30,22,9.0,3.51,1.0,91,65.205,56.36,24.7909,-51.8509,345.6,0
2018-10-01,0,9.0,0.0,8.16667,80,41.0021,69.6537,5.05524,-10.3324,347.564,0
2018-10-01,1,8.66667,0.0,7.16667,86,45.1982,69.9895,2.05524,-10.3324,376.32,0
2018-10-01,2,8.33333,0.0,6.5,88,44.6674,67.6647,0.0552405,-10.3324,395.2,0
2018-10-01,3,8.0,0.0,6.0,91,45.7718,68.8165,7.05524,-10.3324,360.0,0
2018-10-01,4,7.5,0.0,5.16667,94,43.9047,63.3521,22.3702,-6.88824,388.267,0
2018-10-01,5,7.0,0.0,4.66667,95,42.3868,55.4226,36.6851,-3.44412,432.667,0
2018-10-01,6,6.66667,0.0,4.5,100,45.7165,50.6947,51.0,0.0,479.467,0
2018-10-01,7,6.33333,0.0,4.5,100,46.2284,48.6258,57.0,0.0,450.667,0
2018-10-01,8,6.33333,0.0,4.66667,96,43.5868,41.9094,54.0,0.0,486.0,0
2018-10-01,9,6.5,0.0,5.33333,82,37.4958,29.6889,53.0,0.0,503.25,0
2018-10-01,10,7.16667,0.0,6.66667,67,28.3189,18.7388,53.0,0.0,490.629,0
2018-10-01,11,8.0,0.0,8.16667,57,15.9837,9.87158,36.7612,3.8268,437.143,0
2018-10-01,12,9.0,0.0,9.83333,51,13.5863,7.37947,13.5985,8.03628,395.2,0
2018-10-01,13,10.0,0.0,11.6667,47,14.2494,6.56316,-6.8868,16.5216,332.8,0
2018-10-01,14,10.8333,0.0,13.5,46,14.8847,5.74389,-28.3721,25.0069,305.25,0
2018-10-01,15,11.3333,0.0,14.8333,46,16.2958,6.30474,-44.8574,33.4922,273.48,0
2018-10-01,16,11.3333,0.0,15.6667,48,17.4016,5.36944,-43.3969,37.4436,271.745,0
2018-10-01,17,11.0,0.0,16.0,53,22.7711,7.60263,-40.3053,40.3053,291.5,0
2018-10-01,18,10.1667,0.0,15.6667,62,35.0947,11.1441,-38.1839,38.1839,324.8,0
2018-10-01,19,9.16667,0.0,15.0,70,50.4679,29.6942,-43.1337,43.1337,311.1,0
2018-10-01,20,8.16667,0.0,13.8333,80,62.9211,38.5406,-36.9445,40.1917,381.9,0
2018-10-01,21,7.33333,0.0,12.3333,90,67.0195,43.6153,-39.2406,45.735,372.3,0
2018-10-01,22,6.66667,0.0,10.8333,93,70.8618,44.9071,-33.0513,42.7929,439.855,0
2018-10-01,23,6.33333,0.0,9.33333,92,70.7679,37.0289,-35.3474,48.3362,420.0,0
2018-10-02,0,6.33333,0.0,8.0,93,72.7289,41.0021,-30.2479,47.0251,464.28,0
2018-10-02,1,6.5,0.0,7.0,89,69.3653,45.1982,-25.8556,46.4212,498.667,0
2018-10-02,2,6.83333,0.0,6.5,85,67.4978,44.6674,-19.4916,47.0572,509.143,0
2018-10-02,3,7.33333,0.0,6.33333,83,63.7467,45.7718,-14.5418,50.1074,477.0,0
2018-10-02,4,8.0,0.0,6.33333,83,56.5279,43.9047,-12.2458,53.5642,420.0,0
2018-10-02,5,8.66667,0.0,6.66667,83,51.5,42.3868,-7.6536,52.4776,395.2,0
2018-10-02,6,9.66667,0.0,7.16667,88,49.9872,45.7165,-2.67876,51.4672,377.143,0
2018-10-02,7,10.8333,0.0,7.5,93,49.1406,46.2284,0.0,51.0,333.45,0
2018-10-02,8,12.0,0.0,7.66667,92,43.8489,43.5868,0.0,57.0,263.467,0
2018-10-02,9,13.1667,0.0,8.0,83,31.3189,37.4958,10.6066,51.8582,259.418,0
2018-10-02,10,13.5,0.0,8.5,75,22.6679,28.3189,21.9204,55.6403,223.385,0
2018-10-02,11,13.8333,0.0,9.0,68,16.0361,15.9837,21.9204,54.6403,239.4,0
2018-10-02,12,14.0,0.0,9.66667,60,9.60474,13.5863,21.9204,53.6403,254.88,0
2018-10-02,13,14.0,0.0,10.5,54,9.51158,14.2494,11.3138,53.7821,269.925,0
2018-10-02,14,13.8333,0.0,11.5,51,18.9382,14.8847,0.0,53.0,265.5,0
2018-10-02,15,13.5,0.0,12.1667,50,13.7,16.2958,0.0,55.0,251.631,0
2018-10-02,16,13.8333,0.0,12.6667,51,11.7758,17.4016,0.0,56.0,248.571,0
2018-10-02,17,14.0,0.0,12.6667,56,14.298,22.7711,-5.35752,54.9343,248.571,0
2018-10-02,18,14.0,0.0,12.5,55,17.0071,35.0947,-10.715,53.8686,248.571,0
2018-10-02,19,14.0,0.0,12.0,55,27.3663,50.4679,-16.0726,52.803,248.571,0
2018-10-02,20,13.8333,0.0,11.1667,54,34.9039,62.9211,-25.9721,48.7025,248.571,0
2018-10-02,21,14.0,0.0,10.5,50,33.9568,67.0195,-29.807,44.9606,257.914,0
2018-10-02,22,14.5,0.0,9.83333,48,28.3094,70.8618,-35.0561,42.6329,248.571,0
2018-10-02,23,15.1667,0.0,9.33333,49,24.4824,70.7679,-41.7195,41.7195,221.571,0
2018-10-03,0,16.0,0.0,8.83333,54,23.9106,72.7289,-38.7082,48.4498,180.0,0
2018-10-03,1,16.8333,1.12,8.5,61,20.0656,69.3653,-26.18,46.2044,209.012,0
2018-10-03,2,17.8333,1.12,8.16667,74,17.2718,67.4978,-21.4301,51.7373,198.4,0
2018-10-03,3,18.5,1.12,7.83333,75,18.9487,63.7467,-21.8128,52.6612,195.789,0
2018-10-03,4,18.8333,1.12,7.66667,77,19.0853,56.5279,-21.8128,52.6612,195.789,0
2018-10-03,5,19.0,1.12,7.83333,77,19.3,51.5,-21.8128,52.6612,195.789,0
2018-10-03,6,19.1667,1.12,8.0,78,10.6088,49.9872,-14.5418,54.1074,195.789,0
2018-10-03,7,19.6667,0.0,8.0,83,12.8188,49.1406,-7.27092,56.5537,188.779,0
2018-10-03,8,20.3333,0.0,8.33333,81,10.8584,43.8489,0.0,61.0,168.505,0
2018-10-03,9,21.1667,0.0,8.66667,78,5.63824,31.3189,0.0,65.0,148.5,0
2018-10-03,10,22.0,0.79,9.0,74,9.20947,22.6679,0.0,69.0,135.873,0
2018-10-03,11,23.1667,0.79,9.16667,72,8.05368,16.0361,0.0,71.0,130.226,0
2018-10-03,12,24.3333,0.79,9.5,68,8.16158,9.60474,0.0,74.0,120.0,0
2018-10-03,13,25.1667,1.27,10.0,63,6.54211,9.51158,0.0,53.0,165.092,0
2018-10-03,14,25.8333,1.27,10.5,59,6.6365,18.9382,0.0,54.0,162.222,0
2018-10-03,15,26.1667,1.27,11.0,55,5.13368,13.7,0.0,54.0,162.222,0
2018-10-03,16,26.3333,0.48,11.1667,53,8.58632,11.7758,0.0,53.0,167.733,0
2018-10-03,17,25.8333,0.48,11.5,57,9.59526,14.298,17.6777,49.097,176.538,0
2018-10-03,18,24.8333,0.48,11.5,62,18.7959,17.0071,33.9413,70.3462,129.6,0
2018-10-03,19,23.3333,0.0,11.3333,63,20.5933,27.3663,48.7906,63.7477,150.528,0
2018-10-03,20,21.5,0.0,10.8333,66,20.0076,34.9039,43.8408,57.2806,181.409,0
2018-10-03,21,19.6667,0.0,10.3333,67,18.1289,33.9568,38.891,50.8134,218.743,0
2018-10-03,22,17.8333,0.0,9.83333,68,17.66,28.3094,49.4977,64.6716,186.514,0
2018-10-03,23,16.3333,0.0,9.16667,70,17.0542,24.4824,44.5479,58.2044,216.333,0
2018-10-04,0,15.1667,0.0,8.5,73,12.18,23.9106,41.7195,54.5089,235.125,0
2018-10-04,1,14.6667,0.0,8.0,74,9.65059,20.0656,40.3053,52.6612,245.92,0
2018-10-04,2,14.5,0.0,7.66667,74,7.45421,17.2718,40.3053,52.6612,239.4,0
2018-10-04,3,14.5,0.0,7.33333,72,6.32529,18.9487,30.4057,54.7268,230.4,0
2018-10-04,4,14.6667,0.0,7.0,69,7.45632,19.0853,20.5062,56.7925,221.571,0
2018-10-04,5,14.8333,0.0,6.66667,68,9.08947,19.3,10.6066,58.8582,220.0,0
2018-10-04,6,15.0,0.0,6.5,70,9.81471,10.6088,0.0,60.0,220.0,0
2018-10-04,7,15.0,0.0,6.33333,75,12.5963,12.8188,0.0,60.0,220.0,0
2018-10-04,8,15.0,0.0,6.33333,76,11.6041,10.8584,0.0,60.0,220.0,0
2018-10-04,9,15.0,0.0,6.5,70,15.3579,5.63824,0.0,60.0,220.0,0
2018-10-04,10,15.1667,0.0,7.16667,71,33.5172,9.20947,0.0,60.0,220.0,0
2018-10-04,11,15.5,0.0,8.0,62,21.1942,8.05368,11.3138,59.7821,211.68,0
2018-10-04,12,15.8333,0.0,9.0,55,15.1859,8.16158,23.3346,60.488,195.52,0
2018-10-04,13,16.3333,0.0,10.1667,50,14.6811,6.54211,35.3555,61.194,180.0,0
2018-10-04,14,16.6667,0.0,11.1667,48,15.8253,6.6365,36.7697,48.0418,224.824,0
2018-10-04,15,17.0,0.0,12.1667,47,8.67118,5.13368,36.7697,48.0418,224.824,0
2018-10-04,16,17.0,0.0,12.6667,47,12.1216,8.58632,36.7697,48.0418,228.8,0
2018-10-04,17,16.6667,0.0,12.8333,55,15.1679,9.59526,48.0835,62.8238,180.0,0
2018-10-04,18,16.0,0.0,12.6667,59,23.6374,18.7959,45.9622,60.0522,194.541,0
2018-10-04,19,14.6667,0.0,12.1667,63,44.9328,20.5933,33.9413,57.3462,225.318,0
2018-10-04,20,13.1667,0.0,11.3333,69,44.7247,20.0076,21.9204,51.6403,279.0,0
2018-10-04,21,11.6667,0.0,10.1667,75,51.4195,18.1289,21.9204,59.6403,275.4,0
2018-10-04,22,10.3333,0.0,9.16667,78,53.1594,17.66,7.54521,52.2492,346.48,0
2018-10-04,23,9.16667,0.0,8.33333,78,51.9084,17.0542,4.48377,59.6403,330.72,0
2018-10-05,0,8.33333,0.0,7.5,84,54.9435,12.18,-9.18432,53.1731,390.831,0
2018-10-05,1,8.0,0.0,7.0,79,49.1816,9.65059,-14.8412,58.83,360.0,0
2018-10-05,2,8.16667,0.0,6.83333,76,49.4806,7.45421,-20.4981,51.4869,386.88,0
2018-10-05,3,8.33333,0.0,7.0,77,44.2426,6.32529,-26.8621,47.8509,374.85,0
2018-10-05,4,8.5,0.0,7.16667,78,39.4258,7.45632,-33.2261,46.2149,360.0,0
2018-10-05,5,8.66667,0.0,7.5,77,34.2926,9.08947,-33.4672,37.7968,401.85,0
2018-10-05,6,8.83333,0.0,7.83333,80,31.2784,9.81471,-36.7697,36.7697,386.4,0
2018-10-05,7,9.16667,0.0,8.0,84,30.9389,12.5963,-37.4768,37.4768,371.25,0
2018-10-05,8,9.33333,0.0,8.33333,78,30.9971,11.6041,-38.891,38.891,352.8,0
2018-10-05,9,9.66667,0.0,8.66667,71,31.8879,15.3579,-39.5982,39.5982,339.2,0
2018-10-05,10,9.83333,0.0,9.33333,66,35.1294,33.5172,-41.0124,41.0124,312.8,0
2018-10-05,11,10.1667,0.0,10.1667,56,33.9489,21.1942,-41.7195,41.7195,300.0,0
2018-10-05,12,10.6667,0.0,11.5,51,32.6971,15.1859,-36.7697,36.7697,334.08,0
2018-10-05,13,11.0,0.0,13.0,47,31.8363,14.6811,-38.1839,38.1839,309.12,0
2018-10-05,14,11.3333,0.0,14.5,47,33.0294,15.8253,-39.5982,39.5982,294.0,0
2018-10-05,15,11.5,0.0,15.6667,46,32.8879,8.67118,-40.3053,40.3053,273.48,0
2018-10-05,16,11.5,0.0,16.5,46,38.85,12.1216,-41.7195,41.7195,260.945,0
2018-10-05,17,11.1667,0.0,16.8333,46,41.479,15.1679,-41.0124,41.0124,280.8,0
2018-10-05,18,10.6667,0.0,16.5,54,44.4518,23.6374,-40.842,35.9712,313.5,0
2018-10-05,19,10.0,0.0,15.8333,59,51.2432,44.9328,-40.6716,30.93,348.0,0
2018-10-05,20,9.33333,0.0,14.6667,67,59.6517,44.7247,-32.6716,30.93,322.4,0
2018-10-05,21,8.66667,0.0,13.3333,73,63.7937,51.4195,-16.1863,22.4447,369.6,0
2018-10-05,22,8.5,0.0,12.0,71,60.085,53.1594,0.29906,13.9593,403.68,0
2018-10-05,23,8.5,0.0,10.8333,70,52.7722,51.9084,16.3702,6.88824,409.867,0
2018-10-06,0,8.5,0.0,9.83333,75,53.4941,54.9435,33.6851,3.44412,409.867,1
2018-10-06,1,8.66667,0.0,9.0,77,49.895,49.1816,51.0,0.0,401.85,1
2018-10-06,2,8.83333,0.0,8.5,78,49.8,49.4806,52.0,0.0,386.4,1
2018-10-06,3,9.0,0.0,8.16667,82,50.4356,44.2426,53.0,0.0,371.25,1
2018-10-06,4,9.0,0.0,7.83333,84,52.6125,39.4258,54.0,0.0,366.667,1
2018-10-06,5,9.0,0.0,7.66667,85,52.6539,34.2926,54.0,0.0,366.667,1
2018-10-06,6,9.0,0.0,7.66667,89,54.1506,31.2784,54.0,0.0,366.667,1
2018-10-06,7,9.0,0.0,7.66667,92,52.5,30.9389,54.0,0.0,366.667,1
2018-10-06,8,9.0,0.0,7.83333,87,53.52,30.9971,54.0,0.0,366.667,1
2018-10-06,9,9.16667,0.0,8.5,74,48.4306,31.8879,54.0,0.0,366.667,1
2018-10-06,10,9.5,0.0,9.5,64,45.9681,35.1294,55.0,0.0,352.8,1
2018-10-06,11,9.83333,0.0,10.6667,54,37.7972,33.9489,57.0,0.0,325.867,1
2018-10-06,12,10.5,0.0,12.1667,48,31.0478,32.6971,59.0,0.0,300.0,1
2018-10-06,13,11.5,0.0,13.8333,44,24.5194,31.8363,28.9896,4.97484,300.667,1
2018-10-06,14,12.6667,0.0,15.5,42,27.5772,33.0294,6.13136,10.715,240.0,1
2018-10-06,15,13.5,0.0,17.0,42,34.5828,32.8879,-29.6507,16.8379,238.255,1
2018-10-06,16,13.8333,0.0,18.1667,43,36.0556,38.85,-54.5089,22.5781,214.338,1
2018-10-06,17,13.8333,0.0,18.6667,50,42.3511,41.479,-54.5089,22.5781,228.48,1
2018-10-06,18,13.3333,0.0,18.6667,58,52.4818,44.4518,-50.8134,21.0474,269.925,1
2018-10-06,19,12.3333,0.0,18.3333,64,60.7633,51.2432,-60.0522,24.8742,248.625,1
2018-10-06,20,11.1667,0.0,17.5,73,65.435,59.6517,-36.2701,18.7513,305.52,1
2018-10-06,21,10.1667,0.0,16.3333,78,59.3483,63.7937,-13.4119,13.0111,354.738,1
2018-10-06,22,9.5,0.0,15.1667,78,55.8794,60.085,-4.41192,13.0111,321.6,1
2018-10-06,23,9.16667,0.0,14.1667,80,54.7611,52.7722,-0.716399,11.4804,347.564,1
2018-10-07,0,9.16667,0.0,13.1667,84,54.3465,53.4941,1.13136,10.715,363.0,1
2018-10-07,1,9.33333,0.0,12.3333,84,53.1228,49.895,1.13136,10.715,352.8,1
2018-10-07,2,9.5,0.0,11.8333,85,53.8341,49.8,-17.1074,14.5418,339.2,1
2018-10-07,3,9.5,0.0,11.5,89,53.0824,50.4356,-35.3462,18.3686,325.867,1
2018-10-07,4,9.5,0.0,11.1667,82,52.4561,52.6125,-52.6612,21.8128,325.867,1
2018-10-07,5,9.5,0.0,11.0,87,52.2933,52.6539,-52.6612,21.8128,325.867,1
2018-10-07,6,9.33333,0.0,11.1667,91,51.5878,54.1506,-52.6612,21.8128,337.08,1
2018-10-07,7,9.16667,0.51,11.3333,93,51.4478,52.5,-51.7373,21.4301,349.92,1
2018-10-07,8,8.83333,0.51,11.6667,88,50.3778,53.52,-50.8134,21.0474,363.0,1
2018-10-07,9,8.83333,0.51,12.1667,79,48.5739,48.4306,-48.9656,20.282,380.8,1
2018-10-07,10,9.16667,0.51,13.0,67,46.8929,45.9681,-48.9656,20.282,380.8,1
2018-10-07,11,9.5,0.51,14.0,59,44.6517,37.7972,-48.4289,24.6161,352.8,1
2018-10-07,12,10.0,0.51,15.1667,54,44.6206,31.0478,-47.8922,28.9502,325.867,1
2018-10-07,13,10.5,0.0,16.5,52,45.5744,24.5194,-39.7477,30.5473,333.45,1
2018-10-07,14,11.1667,0.0,17.8333,52,47.6253,27.5772,-40.842,35.9712,288.0,1
2018-10-07,15,11.6667,0.0,19.1667,52,47.4272,34.5828,-41.0124,41.0124,271.745,1
2018-10-07,16,11.6667,0.0,20.0,52,43.9817,36.0556,-37.8263,44.3207,260.945,1
2018-10-07,17,11.5,0.0,20.3333,53,43.53,42.3511,-34.2576,46.7052,270.3,1
2018-10-07,18,11.1667,0.0,20.0,58,39.5688,52.4818,-25.7723,48.2199,291.5,1
2018-10-07,19,11.3333,0.0,19.3333,61,19.7882,60.7633,-10.2159,46.8057,313.5,1
2018-10-07,20,11.6667,0.0,18.1667,67,11.9941,65.435,10.2799,43.2952,302.4,1
2018-10-07,21,11.8333,0.0,16.6667,69,11.9056,59.3483,27.8064,37.5661,271.745,1
2018-10-07,22,11.8333,0.0,15.1667,73,6.75125,55.8794,44.0263,32.3783,240.0,1
2018-10-07,23,12.0,0.0,13.6667,77,4.50389,54.7611,47.1179,19.5167,291.877,1
2018-10-08,0,12.0,0.0,12.5,79,4.93167,54.3465,57.2806,23.7262,249.508,0
2018-10-08,1,11.5,0.0,11.3333,77,4.97471,53.1228,54.5089,22.5781,287.571,0
2018-10-08,2,10.6667,0.0,10.5,81,10.445,53.8341,50.8134,21.0474,321.231,0
2018-10-08,3,10.0,0.0,9.66667,87,10.4544,53.0824,47.1179,19.5167,353.455,0
2018-10-08,4,9.66667,0.0,8.83333,89,10.6038,52.4561,55.4328,22.9608,311.564,0
2018-10-08,5,9.33333,0.0,8.33333,91,12.9367,52.2933,53.585,22.1954,335.345,0
2018-10-08,6,9.0,0.0,7.66667,91,14.9006,51.5878,52.4224,17.986,349.92,0
2018-10-08,7,8.66667,0.0,7.0,93,23.7844,51.4478,51.1836,14.1592,376.32,0
2018-10-08,8,8.5,0.0,6.5,86,26.0867,50.3778,49.9448,10.3324,395.2,0
2018-10-08,9,8.33333,0.0,6.33333,77,13.6269,48.5739,49.6298,6.88824,409.867,0
2018-10-08,10,8.0,0.0,6.66667,65,11.2853,46.8929,55.2867,1.23136,360.0,0
2018-10-08,11,7.66667,0.0,7.16667,57,11.105,44.6517,51.9216,-7.16253,388.267,0
2018-10-08,12,7.5,0.0,8.0,52,10.4688,44.6206,46.2854,-17.0738,417.6,0
2018-10-08,13,7.16667,0.0,9.16667,49,7.16389,45.5744,39.9642,-23.541,437.25,0
2018-10-08,14,6.66667,0.0,10.3333,47,6.43437,47.6253,34.2603,-29.0842,470.25,0
2018-10-08,15,6.0,0.0,11.5,45,7.36765,47.4272,36.1736,-33.7036,452.4,0
2018-10-08,16,5.5,0.0,12.1667,45,11.2329,43.9817,29.7044,-37.3992,520.8,0
2018-10-08,17,5.0,0.0,12.1667,56,13.9729,43.53,31.2351,-41.0947,514.8,0
2018-10-08,18,4.5,0.0,12.0,56,24.63,39.5688,23.2351,-45.0947,588.0,0
2018-10-08,19,4.16667,0.0,11.6667,59,49.0981,19.7882,23.2351,-49.0947,577.2,0
2018-10-08,20,4.16667,0.0,11.0,66,57.9994,11.9941,17.5782,-47.4378,641.143,0
2018-10-08,21,4.33333,0.0,9.83333,73,64.885,11.9056,15.6648,-52.0572,600.0,0
2018-10-08,22,4.5,0.0,8.66667,79,70.6837,6.75125,8.80164,-51.7268,641.829,0
2018-10-08,23,4.83333,0.0,7.83333,82,68.0361,4.50389,2.58733,-48.7952,685.029,0
2018-10-09,0,5.16667,0.0,7.0,80,67.1841,4.93167,-4.33409,-46.5707,691.2,0
2018-10-09,1,5.5,0.0,6.33333,74,61.2928,4.97471,-10.8728,-45.2701,674.16,0
2018-10-09,2,5.66667,0.0,5.83333,73,59.9122,10.445,-18.3295,-42.9468,627.3,0
2018-10-09,3,5.83333,0.0,5.66667,81,62.705,10.4544,-26.9342,-37.8518,620.1,0
2018-10-09,4,6.0,0.0,5.5,82,61.7728,10.6038,-32.4775,-36.1479,566.1,0
2018-10-09,5,6.0,0.0,5.33333,94,61.0622,12.9367,-38.0208,-30.444,570.24,0
2018-10-09,6,6.0,0.0,5.33333,92,60.6006,14.9006,-41.6507,-28.1207,546.96,0
2018-10-09,7,6.0,0.0,5.33333,92,63.1972,23.7844,-45.2805,-25.7973,524.16,0
2018-10-09,8,6.16667,0.0,5.5,91,64.0194,26.0867,-47.2883,-24.5579,520.0,0
2018-10-09,9,6.33333,0.0,6.0,80,62.9688,13.6269,-49.5128,-22.994,499.8,0
2018-10-09,10,6.5,0.0,6.83333,77,55.6783,11.2853,-51.7373,-21.4301,480.0,0
2018-10-09,11,6.83333,0.0,8.16667,64,52.6667,11.105,-33.6507,-16.8379,517.0,0
2018-10-09,12,7.33333,0.0,9.66667,55,48.3167,10.4688,-20.1074,-14.5418,477.0,0
2018-10-09,13,7.83333,0.0,11.1667,49,45.9706,7.16389,-5.56416,-12.2458,420.0,0
2018-10-09,14,8.16667,0.0,12.6667,48,42.2625,6.43437,14.5224,-7.6536,413.4,0
2018-10-09,15,8.5,0.0,13.8333,48,37.9656,7.36765,11.7508,-1.9134,375.943,0
2018-10-09,16,8.5,0.0,14.8333,52,38.5944,11.2329,16.3702,6.88824,393.6,0
2018-10-09,17,8.33333,0.0,15.1667,66,41.2211,13.9729,2.903,9.567,401.85,0
2018-10-09,18,8.0,0.0,15.0,73,48.5938,24.63,-3.56416,12.2458,360.0,0
2018-10-09,19,7.5,0.0,14.5,78,58.5272,49.0981,-4.56416,12.2458,388.267,0
2018-10-09,20,7.0,0.0,13.5,87,64.7181,57.9994,-7.56416,12.2458,432.667,0
2018-10-09,21,6.66667,0.0,12.3333,95,65.8561,64.885,-22.1074,9.94968,479.467,0
2018-10-09,22,6.66667,0.0,11.0,95,70.2875,70.6837,-28.5746,7.27092,435.2,0
2018-10-09,23,6.66667,0.0,10.1667,91,72.6733,68.0361,-13.2597,3.8268,466.4,0
2018-10-10,0,6.5,0.0,9.33333,91,72.7871,67.1841,2.05524,0.38268,472.457,0
2018-10-10,1,6.5,0.0,8.66667,95,71.485,61.2928,14.5224,-2.29608,490.629,0
2018-10-10,2,6.5,0.0,8.16667,98,72.1065,59.9122,26.9896,-4.97484,509.143,0
2018-10-10,3,6.33333,0.0,7.83333,92,71.1124,62.705,25.9896,-4.97484,517.0,0
2018-10-10,4,6.16667,0.0,7.66667,93,69.8894,61.7728,25.9896,-4.97484,517.0,0
2018-10-10,5,6.0,0.0,7.16667,94,71.0533,61.0622,25.9896,-4.97484,528.0,0
2018-10-10,6,6.0,0.0,6.66667,97,70.37,60.6006,20.4463,-7.27092,480.0,0
2018-10-10,7,6.0,0.0,6.33333,100,72.4044,63.1972,21.3702,-6.88824,498.343,0
2018-10-10,8,6.0,0.0,6.33333,100,74.5418,64.0194,8.82688,-9.18432,517.029,0
2018-10-10,9,6.0,0.0,6.83333,93,73.745,62.9688,-3.7164,-11.4804,520.0,0
2018-10-10,10,6.16667,0.0,7.66667,78,71.5683,55.6783,-15.2597,-13.7765,520.0,0
2018-10-10,11,6.33333,0.0,9.16667,66,65.3694,52.6667,-27.7268,-16.4552,499.8,0
2018-10-10,12,6.66667,0.0,11.1667,58,58.3017,48.3167,-40.194,-19.134,480.0,0
2018-10-10,13,7.0,0.0,13.1667,53,55.59,45.9706,-48.0418,-19.8994,496.8,0
2018-10-10,14,7.33333,0.0,15.1667,53,47.3139,42.2625,-49.8895,-20.6647,457.6,0
2018-10-10,15,7.5,0.0,16.6667,53,45.9761,37.9656,-50.0031,-24.0255,420.0,0
2018-10-10,16,7.5,0.0,17.8333,56,49.1206,38.5944,-43.8663,-24.3831,451.0,0
2018-10-10,17,7.5,0.0,18.3333,66,44.3689,41.2211,-43.2728,-27.0368,443.143,0
2018-10-10,18,7.5,0.0,18.3333,84,47.9788,48.5938,-39.4844,-30.8252,443.143,0
2018-10-10,19,7.5,0.0,17.8333,87,57.8176,58.5272,-36.0787,-35.5375,437.25,0
2018-10-10,20,7.5,0.0,16.6667,95,67.8106,64.7181,-31.7491,-39.8671,437.25,0
2018-10-10,21,7.66667,0.0,15.3333,97,72.8439,65.8561,-27.4195,-44.1967,437.25,0
2018-10-10,22,7.83333,0.0,13.8333,92,75.2175,70.2875,-24.8241,-45.9309,425.829,0
2018-10-10,23,8.0,0.0,12.3333,90,76.455,72.6733,-22.9357,-48.3721,408.857,0
2018-10-11,0,8.0,0.0,10.8333,95,77.2176,72.7871,-21.0474,-50.8134,392.229,0
2018-10-11,1,8.0,0.0,9.66667,97,75.9233,71.485,-21.4301,-51.7373,390.0,0
2018-10-11,2,8.0,0.0,8.83333,100,76.7953,72.1065,-21.4301,-51.7373,390.0,0
2018-10-11,3,8.16667,0.0,8.33333,90,75.4676,71.1124,-21.4301,-51.7373,390.0,0
2018-10-11,4,8.33333,0.0,7.83333,94,74.1556,69.8894,-21.8128,-52.6612,374.85,0
2018-10-11,5,8.66667,0.0,7.66667,96,74.5172,71.0533,-22.1954,-53.585,360.0,0
2018-10-11,6,9.0,0.0,7.66667,100,74.8894,70.37,-19.8994,-48.0418,386.4,0
2018-10-11,7,9.33333,0.0,7.83333,100,75.3039,72.4044,-20.6647,-49.8895,356.4,0
2018-10-11,8,9.83333,0.0,8.33333,100,75.2861,74.5418,-21.4301,-51.7373,327.6,0
2018-10-11,9,10.1667,0.0,9.0,95,73.1461,73.745,-22.5781,-54.5089,300.0,0
2018-10-11,10,10.6667,0.0,10.1667,79,72.2611,71.5683,-19.8994,-48.0418,334.08,0
2018-10-11,11,11.1667,0.0,11.5,66,68.245,65.3694,-20.6647,-49.8895,309.12,0
2018-10-11,12,11.8333,0.0,13.1667,56,58.8583,58.3017,-21.8128,-52.6612,273.48,0
2018-10-11,13,12.6667,0.0,15.0,50,48.8178,55.59,-23.3435,-56.3567,240.0,0
2018-10-11,14,13.3333,0.0,16.8333,49,41.0994,47.3139,-20.6647,-49.8895,255.2,0
2018-10-11,15,14.0,0.0,18.3333,49,38.0833,45.9761,-21.8128,-52.6612,232.615,0
2018-10-11,16,14.5,0.0,19.3333,51,37.3944,49.1206,-22.5781,-54.5089,221.571,0
2018-10-11,17,14.6667,0.0,20.0,53,40.0933,44.3689,-22.9608,-55.4328,220.0,0
2018-10-11,18,14.6667,0.0,20.1667,68,47.2594,47.9788,-22.5781,-54.5089,228.48,0
2018-10-11,19,14.5,0.0,19.6667,73,54.5441,57.8176,-22.1954,-53.585,237.12,0
2018-10-11,20,14.3333,0.0,18.8333,76,56.8725,67.8106,-21.8128,-52.6612,245.92,0
2018-10-11,21,14.1667,0.0,17.8333,75,55.915,72.8439,-21.4301,-51.7373,248.571,0
2018-10-11,22,13.8333,0.0,16.8333,76,54.9562,75.2175,-25.9721,-48.7025,248.571,0
2018-10-11,23,13.6667,0.0,15.6667,78,53.4417,76.455,-29.807,-44.9606,257.914,0
2018-10-12,0,13.5,0.0,14.5,80,55.8029,77.2176,-33.6419,-41.2187,267.429,0
2018-10-12,1,13.3333,0.0,13.6667,82,53.8894,75.9233,-37.4768,-37.4768,277.114,0
2018-10-12,2,13.0,0.0,12.8333,85,54.9659,76.7953,-36.7697,-36.7697,281.538,0
2018-10-12,3,12.6667,0.0,12.1667,87,53.3047,75.4676,-36.0626,-36.0626,291.877,0
2018-10-12,4,12.5,0.0,11.6667,88,52.3606,74.1556,-44.5479,-44.5479,240.0,0
2018-10-12,5,12.3333,0.0,11.1667,89,53.94,74.5172,-43.8408,-43.8408,249.508,0
2018-10-12,6,12.1667,0.0,10.6667,93,54.3783,74.8894,-43.1337,-43.1337,259.2,0
2018-10-12,7,11.8333,0.0,10.3333,96,56.4328,75.3039,-42.4266,-42.4266,260.0,0
2018-10-12,8,11.6667,0.0,10.3333,95,57.46,75.2861,-41.7195,-41.7195,270.3,0
2018-10-12,9,11.5,0.0,10.5,85,57.8979,73.1461,-41.0124,-41.0124,280.8,0
2018-10-12,10,11.5,0.0,11.1667,67,58.2253,72.2611,-40.3053,-40.3053,291.5,0
2018-10-12,11,11.5,0.0,12.3333,58,55.947,68.245,-40.3053,-40.3053,291.5,0
2018-10-12,12,11.5,0.0,14.0,51,54.6326,58.8583,-42.9065,-36.4121,282.764,0
2018-10-12,13,11.6667,0.0,15.6667,47,52.2595,48.8178,-46.2149,-33.2261,271.745,0
2018-10-12,14,11.6667,0.0,17.3333,47,49.01,41.0994,-49.5232,-30.04,260.945,0
2018-10-12,15,11.5,0.0,18.8333,47,45.5263,38.0833,-51.9077,-26.4713,270.3,0
2018-10-12,16,11.0,0.0,19.8333,50,46.4694,37.3944,-52.6612,-21.8128,291.5,0
2018-10-12,17,10.5,0.0,20.1667,57,48.2311,40.0933,-47.9386,-23.5846,324.8,0
2018-10-12,18,10.0,0.0,20.0,65,51.7725,47.2594,-43.216,-25.3564,359.9,0
2018-10-12,19,9.5,0.0,19.3333,74,63.4867,54.5441,-49.58,-31.7204,322.4,0
2018-10-12,20,9.16667,0.0,18.1667,83,70.5462,56.8725,-44.8574,-33.4922,347.564,0
2018-10-12,21,9.0,0.0,17.0,84,67.8783,55.915,-41.0588,-35.6467,363.0,0
2018-10-12,22,9.0,0.0,15.6667,84,68.3756,54.9562,-38.1839,-38.1839,366.667,0
2018-10-12,23,8.83333,0.0,14.5,88,69.6939,53.4417,-40.1349,-35.2641,366.667,0
2018-10-13,0,8.66667,0.0,13.3333,90,69.89,55.8029,-41.1619,-31.9615,380.8,1
2018-10-13,1,8.33333,0.0,12.5,89,69.7517,53.8894,-42.189,-28.659,395.2,1
2018-10-13,2,8.0,0.0,12.0,88,68.9824,54.9659,-48.6561,-31.3377,360.0,1
2018-10-13,3,7.5,0.0,11.3333,89,66.7088,53.3047,-48.7593,-27.6525,388.267,1
2018-10-13,4,7.0,0.0,10.8333,92,64.7933,52.3606,-47.9386,-23.5846,432.667,1
2018-10-13,5,6.83333,0.0,10.3333,94,65.76,53.94,-47.1179,-19.5167,479.467,1
2018-10-13,6,6.66667,0.0,9.83333,98,64.5622,54.3783,-52.0676,-24.4664,435.2,1
2018-10-13,7,6.83333,0.0,9.5,100,64.8467,56.4328,-48.7025,-25.9721,452.4,1
2018-10-13,8,7.16667,0.0,9.33333,100,65.1128,57.46,-46.9683,-28.5675,452.4,1
2018-10-13,9,7.66667,0.0,9.66667,94,64.41,57.8979,-45.9413,-31.8701,420.0,1
2018-10-13,10,8.16667,0.0,10.3333,77,62.2694,58.2253,-39.371,-32.8766,432.0,1
2018-10-13,11,8.5,0.0,11.6667,64,59.2906,55.947,-42.1426,-34.0246,377.4,1
2018-10-13,12,8.83333,0.0,13.5,55,56.2656,54.6326,-39.9645,-30.2229,393.6,1
2018-10-13,13,9.0,0.0,15.5,50,54.53,52.2595,-43.3296,-28.7172,371.25,1
2018-10-13,14,9.0,0.0,17.5,50,49.95,49.01,-45.9877,-26.5045,366.667,1
2018-10-13,15,9.0,0.0,19.0,50,45.1421,45.5263,-47.9386,-23.5846,366.667,1
2018-10-13,16,9.0,0.0,20.1667,54,45.0526,46.4694,-47.9386,-23.5846,366.667,1
2018-10-13,17,9.0,0.0,20.5,56,47.3758,48.2311,-45.9877,-26.5045,366.667,1
2018-10-13,18,9.0,0.0,20.5,73,53.5953,51.7725,-44.0367,-29.4243,366.667,1
2018-10-13,19,9.16667,0.0,19.8333,79,60.3783,63.4867,-42.0858,-32.3442,366.667,1
2018-10-13,20,9.33333,0.0,18.6667,84,64.1406,70.5462,-40.842,-35.9712,352.8,1
2018-10-13,21,9.5,0.0,17.5,81,66.4832,67.8783,-39.5982,-39.5982,339.2,1
2018-10-13,22,9.66667,0.0,16.1667,79,70.8465,68.3756,-40.3053,-40.3053,325.867,1
2018-10-13,23,9.83333,0.0,15.0,80,72.4016,69.6939,-41.0124,-41.0124,312.8,1
2018-10-14,0,9.83333,0.0,13.6667,81,72.2442,69.89,-41.7195,-41.7195,300.0,1
2018-10-14,1,9.66667,0.0,12.6667,83,69.0579,69.7517,-41.7195,-41.7195,312.12,1
2018-10-14,2,9.5,0.0,11.8333,86,67.0979,68.9824,-41.0124,-41.0124,324.48,1
2018-10-14,3,9.33333,0.0,11.0,89,66.4516,66.7088,-40.3053,-40.3053,337.08,1
2018-10-14,4,9.16667,0.0,10.3333,89,68.1512,64.7933,-39.5982,-39.5982,349.92,1
2018-10-14,5,9.16667,0.0,9.83333,88,65.8405,65.76,-38.891,-38.891,363.0,1
2018-10-14,6,9.33333,0.0,9.33333,95,65.4342,64.5622,-38.891,-38.891,352.8,1
2018-10-14,7,9.66667,0.0,8.83333,100,65.7068,64.8467,-39.5982,-39.5982,339.2,1
2018-10-14,8,10.0,0.0,8.66667,100,66.0858,65.1128,-41.0124,-41.0124,312.8,1
2018-10-14,9,10.5,0.0,9.0,94,64.8147,64.41,-36.0626,-36.0626,340.267,1
2018-10-14,10,11.0,0.0,9.83333,76,57.6026,62.2694,-38.1839,-38.1839,309.12,1
2018-10-14,11,11.5,0.0,11.0,62,57.6624,59.2906,-39.5982,-39.5982,285.12,1
2018-10-14,12,12.1667,0.0,12.6667,54,53.5826,56.2656,-41.7195,-41.7195,260.945,1
2018-10-14,13,12.6667,0.0,14.5,49,50.5263,54.53,-36.0626,-36.0626,286.7,1
2018-10-14,14,13.1667,0.0,16.3333,49,47.6316,49.95,-37.4768,-37.4768,265.5,1
2018-10-14,15,13.5,0.0,18.0,47,45.6579,45.1421,-38.891,-38.891,251.631,1
2018-10-14,16,13.6667,0.0,19.0,49,44.4982,45.0526,-39.5982,-39.5982,248.571,1
2018-10-14,17,13.5,0.0,19.5,54,44.7974,47.3758,-38.891,-38.891,257.914,1
2018-10-14,18,13.0,0.0,19.3333,61,50.7906,53.5953,-37.4768,-37.4768,277.114,1
2018-10-14,19,12.5,0.0,18.6667,68,53.9889,60.3783,-45.255,-45.255,240.0,1
2018-10-14,20,12.0,0.0,17.6667,74,54.6367,64.1406,-43.1337,-43.1337,268.029,1
2018-10-14,21,11.5,0.0,16.5,76,54.6753,66.4832,-41.0124,-41.0124,289.385,1
2018-10-14,22,11.3333,0.0,15.3333,82,55.2718,70.8465,-39.5982,-39.5982,302.4,1
2018-10-14,23,11.1667,0.0,14.1667,85,51.3421,72.4016,-39.5982,-39.5982,294.0,1
2018-10-15,0,11.1667,0.0,13.3333,84,48.0574,72.2442,-39.5982,-39.5982,294.0,0
2018-10-15,1,11.1667,0.0,12.6667,84,48.4271,69.0579,-39.5982,-39.5982,294.0,0
2018-10-15,2,11.0,0.0,12.0,85,47.2529,67.0979,-39.5982,-39.5982,294.0,0
2018-10-15,3,10.8333,0.0,11.3333,83,45.6065,66.4516,-38.891,-38.891,313.5,0
2018-10-15,4,10.3333,0.0,10.6667,83,44.4029,68.1512,-37.4768,-37.4768,329.018,0
2018-10-15,5,10.0,0.0,10.1667,84,45.2865,65.8405,-36.0626,-36.0626,353.455,0
2018-10-15,6,9.66667,0.0,9.5,87,46.9558,65.4342,-42.4266,-42.4266,311.564,0
2018-10-15,7,9.16667,0.0,8.83333,87,49.6674,65.7068,-41.0124,-41.0124,335.345,0
2018-10-15,8,8.83333,0.0,8.5,89,51.4976,66.0858,-38.891,-38.891,363.0,0
2018-10-15,9,8.66667,0.0,8.66667,78,48.1837,64.8147,-37.4768,-37.4768,389.88,0
2018-10-15,10,8.66667,0.0,9.33333,69,46.5042,57.6026,-36.7697,-36.7697,395.2,0
2018-10-15,11,8.83333,0.0,10.5,57,44.4725,57.6624,-38.7206,-33.8498,395.2,0
2018-10-15,12,9.0,0.0,12.1667,48,45.3437,53.5826,-41.5955,-31.3127,380.8,0
2018-10-15,13,9.33333,0.0,14.3333,43,45.9971,50.5263,-44.4703,-28.7755,356.4,0
2018-10-15,14,9.66667,0.0,16.5,44,41.8263,47.6316,-48.0522,-26.9454,327.6,0
2018-10-15,15,9.83333,0.0,18.1667,45,39.6044,45.6579,-51.6341,-25.1153,312.8,0
2018-10-15,16,9.83333,0.0,19.3333,50,37.4847,44.4982,-54.5089,-22.5781,300.0,0
2018-10-15,17,9.66667,0.0,19.6667,59,41.2521,44.7974,-54.5089,-22.5781,312.12,0
2018-10-15,18,9.5,0.0,19.3333,64,49.1278,50.7906,-51.6341,-25.1153,324.48,0
2018-10-15,19,9.5,0.0,18.5,70,58.8356,53.9889,-48.7593,-27.6525,337.08,0
2018-10-15,20,9.5,0.0,17.1667,72,66.885,54.6367,-46.5916,-30.8968,337.08,0
2018-10-15,21,9.66667,0.0,15.8333,69,70.5553,54.6753,-44.4239,-34.1411,337.08,0
2018-10-15,22,10.0,0.0,14.5,70,70.1353,55.2718,-45.3478,-34.5238,312.8,0
2018-10-15,23,10.3333,0.0,13.3333,73,68.6758,51.3421,-40.8316,-28.9251,340.267,0
2018-10-16,0,10.5,0.0,12.3333,75,66.5506,48.0574,-44.6302,-26.7706,321.48,0
2018-10-16,1,10.3333,0.0,11.5,80,62.5737,48.4271,-46.7979,-23.5263,321.48,0
2018-10-16,2,10.0,0.0,10.8333,86,62.7242,47.2529,-48.0418,-19.8994,341.127,0
2018-10-16,3,9.5,0.0,10.0,91,63.8735,45.6065,-55.4328,-22.9608,311.564,0
2018-10-16,4,8.83333,0.0,9.16667,94,62.7295,44.4029,-52.6612,-21.8128,347.564,0
2018-10-16,5,8.0,0.0,8.5,95,63.51,45.2865,-48.9656,-20.282,398.618,0
2018-10-16,6,7.33333,0.0,7.83333,100,65.0568,46.9558,-53.2083,-24.5247,385.745,0
2018-10-16,7,6.83333,0.0,7.33333,100,66.3463,49.6674,-47.2883,-24.5579,443.52,0
2018-10-16,8,6.5,0.0,7.16667,100,67.4416,51.4976,-51.5309,-28.8005,420.0,0
2018-10-16,9,6.33333,0.0,7.5,93,67.1853,48.1837,-46.5348,-29.2164,466.4,0
2018-10-16,10,6.33333,0.0,8.33333,74,65.7094,46.5042,-43.1697,-30.722,486.0,0
2018-10-16,11,6.66667,0.0,9.66667,61,60.3347,44.4725,-40.7284,-32.6104,503.25,0
2018-10-16,12,7.0,0.0,11.5,51,56.5658,45.3437,-38.9942,-35.2058,490.629,0
2018-10-16,13,7.33333,0.0,13.5,46,54.0994,45.9971,-38.1839,-38.1839,457.6,0
2018-10-16,14,7.66667,0.0,15.5,47,47.8995,41.8263,-39.5982,-39.5982,420.0,0
2018-10-16,15,7.66667,0.0,17.1667,49,45.3753,39.6044,-36.7697,-36.7697,432.0,0
2018-10-16,16,7.5,0.0,18.3333,54,47.2189,37.4847,-37.4768,-37.4768,425.829,0
2018-10-16,17,7.16667,0.0,18.8333,59,48.9721,41.2521,-38.0703,-34.8231,443.143,0
2018-10-16,18,6.83333,0.0,18.6667,68,51.9706,49.1278,-38.6638,-32.1694,470.25,0
2018-10-16,19,6.66667,0.0,17.8333,74,61.2156,58.8356,-44.2071,-34.4655,436.05,0
2018-10-16,20,6.5,0.0,16.5,84,66.8388,66.885,-43.5,-33.7584,452.4,0
2018-10-16,21,6.33333,0.0,14.8333,91,72.1742,70.5553,-42.7929,-33.0513,469.05,0
2018-10-16,22,6.33333,0.0,13.1667,94,75.96,70.1353,-41.3787,-31.6371,503.25,0
2018-10-16,23,6.16667,0.0,11.6667,94,76.7879,68.6758,-39.9645,-30.2229,528.0,0
2018-10-17,0,6.0,0.0,10.3333,95,77.6839,66.5506,-43.5,-33.7584,498.343,0
2018-10-17,1,5.66667,0.0,9.33333,96,77.0563,62.5737,-42.0858,-32.3442,520.0,0
2018-10-17,2,5.33333,0.0,8.5,95,78.49,62.7242,-40.0781,-33.5837,540.6,0
2018-10-17,3,5.16667,0.0,8.16667,88,79.2756,63.8735,-38.0703,-34.8231,561.6,0
2018-10-17,4,5.0,0.0,8.0,87,80.2705,62.7295,-36.0626,-36.0626,595.2,0
2018-10-17,5,5.0,0.0,7.66667,89,80.6384,63.51,-39.5982,-39.5982,559.543,0
2018-10-17,6,5.0,0.0,7.33333,96,81.8476,65.0568,-38.1839,-38.1839,599.657,0
2018-10-17,7,5.16667,0.0,7.16667,100,81.021,66.3463,-36.7697,-36.7697,626.4,0
2018-10-17,8,5.33333,0.0,7.33333,100,80.22,67.4416,-34.8231,-38.0703,626.4,0
2018-10-17,9,5.5,0.0,7.83333,88,78.0805,67.1853,-32.8766,-39.371,610.56,0
2018-10-17,10,5.83333,0.0,8.66667,76,73.02,65.7094,-31.6371,-41.3787,586.56,0
2018-10-17,11,6.33333,0.0,10.1667,60,63.9779,60.3347,-33.0513,-42.7929,540.0,0
2018-10-17,12,6.83333,0.0,12.1667,48,56.6382,56.5658,-31.6371,-41.3787,524.16,0
2018-10-17,13,7.16667,0.0,14.3333,42,49.8295,54.0994,-30.2229,-39.9645,505.44,0
2018-10-17,14,7.5,0.0,16.5,41,48.0932,47.8995,-32.3442,-42.0858,440.64,0
2018-10-17,15,7.83333,0.0,18.1667,44,44.6861,45.3753,-32.1694,-38.6638,451.0,0
2018-10-17,16,7.83333,0.0,19.3333,51,46.8211,47.2189,-35.5303,-38.7775,413.4,0
2018-10-17,17,7.66667,0.0,19.6667,62,55.0411,48.9721,-38.1839,-38.1839,408.857,0
2018-10-17,18,7.5,0.0,19.3333,70,59.86,51.9706,-38.1839,-38.1839,421.2,0
2018-10-17,19,7.33333,0.0,18.3333,76,69.9006,61.2156,-37.4768,-37.4768,437.25,0
2018-10-17,20,7.16667,0.0,16.6667,85,79.3011,66.8388,-34.4987,-38.2871,453.6,0
2018-10-17,21,7.0,0.0,14.8333,91,82.5833,72.1742,-31.5206,-39.0974,470.25,0
2018-10-17,22,7.0,0.0,13.0,92,84.4163,75.96,-34.1993,-45.5645,420.0,0
2018-10-17,23,7.0,0.0,11.5,90,88.7239,76.7879,-31.2212,-46.3748,436.05,0
2018-10-18,0,7.0,0.0,10.3333,91,90.5431,77.6839,-28.2431,-47.1851,437.143,0
2018-10-18,1,7.0,0.0,9.5,90,87.2111,77.0563,-28.2431,-47.1851,437.143,0
2018-10-18,2,7.0,0.0,9.16667,90,87.5888,78.49,-28.2431,-47.1851,437.143,0
2018-10-18,3,7.0,0.0,9.33333,78,86.7012,79.2756,-28.2431,-47.1851,437.143,0
2018-10-18,4,7.0,0.0,9.33333,83,86.4069,80.2705,-30.5141,-45.6677,437.143,0
2018-10-18,5,6.83333,0.0,9.16667,90,85.3872,80.6384,-32.7851,-44.1503,437.143,0
2018-10-18,6,6.66667,0.0,8.83333,97,85.4722,81.8476,-34.349,-41.9258,454.629,0
2018-10-18,8,6.33333,0.0,9.0,96,80.215,80.22,-37.4768,-37.4768,490.629,0
2018-10-18,9,6.16667,0.0,9.0,88,87.3894,78.0805,-36.7697,-36.7697,509.143,0
2018-10-18,10,5.83333,0.0,9.66667,79,85.4389,73.02,-37.3632,-34.116,528.0,0
2018-10-18,11,5.66667,0.0,11.0,64,50.1,63.9779,-41.9826,-36.0294,498.343,0
2018-10-18,12,5.5,0.0,12.8333,54,74.4882,56.6382,-32.0329,-31.0797,536.057,0
2018-10-18,13,5.33333,0.0,14.5,49,63.5832,49.8295,-31.7025,-24.2165,575.143,0
2018-10-18,14,5.16667,0.0,16.1667,47,54.4,48.0932,-33.6159,-19.5971,540.0,0
2018-10-18,15,5.0,0.0,17.8333,47,51.3933,44.6861,-25.1306,-10.0279,561.0,0
2018-10-18,16,5.0,0.0,19.0,49,52.0522,46.8211,-17.3524,-1.16586,582.4,0
2018-10-18,17,5.0,0.0,19.3333,60,74.7,55.0411,-9.57415,6.61235,604.2,0
2018-10-18,18,4.83333,0.0,19.1667,68,66.8782,59.86,-1.79594,14.3906,626.4,0
2018-10-18,19,4.66667,0.0,18.5,75,78.2082,69.9006,1.89958,15.9213,600.0,0
2018-10-18,20,4.33333,0.0,17.5,83,86.6929,79.3011,9.83776,21.6947,644.8,0
2018-10-18,21,4.0,0.0,16.0,89,85.1772,82.5833,18.381,23.9907,699.84,0
2018-10-18,22,3.66667,0.0,14.5,95,86.7619,84.4163,21.1527,25.1388,685.44,0
2018-10-18,23,3.33333,0.0,13.0,99,84.9671,88.7239,27.8934,29.8238,737.76,0
2018-10-19,0,3.33333,0.0,11.6667,100,83.0563,90.5431,30.0147,32.5955,720.0,0
2018-10-19,1,3.5,0.0,10.6667,100,83.0062,87.2111,27.8432,36.291,746.64,0
2018-10-19,2,4.0,0.0,10.0,95,84.725,87.5888,35.9981,37.9131,746.64,0
2018-10-19,3,4.5,0.0,9.66667,89,84.3819,86.7012,42.1542,37.5364,720.0,0
2018-10-19,4,5.0,0.0,9.33333,90,69.475,86.4069,39.3257,32.5402,764.64,0
2018-10-19,5,5.66667,0.0,9.16667,100,66.235,85.3872,41.3335,31.3008,737.76,0
2018-10-19,6,6.16667,0.0,9.16667,100,62.975,85.4722,44.7979,27.7652,660.0,0
2018-10-19,8,6.66667,0.0,9.0,100,78.8611,80.215,42.9811,23.4629,540.8,0
2018-10-19,9,7.0,0.0,9.0,98,74.1756,87.3894,45.0313,16.9957,505.44,0
2018-10-19,10,7.33333,0.0,9.33333,89,66.8672,85.4389,49.4958,13.4602,457.6,0
2018-10-19,11,7.5,0.0,10.1667,77,64.7144,50.1,53.2531,9.2175,420.0,0
2018-10-19,12,7.83333,0.0,11.1667,67,64.9417,74.4882,51.4672,2.67876,443.143,0
2018-10-19,13,8.16667,0.0,12.5,59,61.7717,63.5832,53.4672,2.67876,408.857,0
2018-10-19,14,8.5,0.0,14.0,56,57.2567,54.4,55.4672,2.67876,375.943,0
2018-10-19,15,8.66667,0.0,15.3333,55,55.8039,51.3933,50.3149,3.44412,401.85,0
2018-10-19,16,8.83333,0.0,16.3333,57,56.8933,52.0522,50.6298,6.88824,386.4,0
2018-10-19,17,9.0,0.0,16.6667,65,58.0372,74.7,50.9448,10.3324,371.25,0
2018-10-19,18,8.83333,0.0,16.5,69,63.4741,66.8782,51.2597,13.7765,366.667,0
2018-10-19,19,8.66667,0.0,15.6667,77,77.2271,78.2082,50.2597,13.7765,380.8,0
2018-10-19,20,8.5,0.0,14.5,83,78.775,86.6929,49.2597,13.7765,395.2,0
2018-10-19,21,8.33333,0.0,13.1667,85,80.0267,85.1772,48.9448,10.3324,409.867,0
2018-10-19,22,8.0,0.0,11.8333,89,84.2906,86.7619,56.9448,10.3324,360.0,0
2018-10-19,23,7.66667,0.0,10.6667,95,83.3583,84.9671,55.6298,6.88824,388.267,0
2018-10-20,0,7.5,0.0,9.5,99,81.5224,83.0563,54.3149,3.44412,417.6,1
2018-10-20,1,7.16667,0.0,8.66667,100,78.1447,83.0062,53.0,0.0,437.25,1
2018-10-20,2,6.83333,0.0,7.83333,98,78.2635,84.725,50.5433,2.29608,470.25,1
2018-10-20,3,6.5,0.0,7.0,100,73.7576,84.3819,56.5433,2.29608,436.05,1
2018-10-20,4,6.33333,0.0,6.33333,100,73.6183,69.475,54.5433,2.29608,469.05,1
2018-10-20,5,6.16667,0.0,5.83333,100,71.8139,66.235,52.0866,4.59216,503.25,1
2018-10-20,6,6.0,0.0,5.33333,100,70.2306,62.975,49.6298,6.88824,528.0,1
2018-10-20,8,5.83333,0.0,5.0,100,66.055,78.8611,53.7164,11.4804,498.343,1
2018-10-20,9,5.66667,0.25,5.5,95,67.1717,74.1756,51.3358,13.3938,536.057,1
2018-10-20,10,5.33333,0.25,6.0,79,65.7861,66.8672,48.9552,15.3072,561.6,1
2018-10-20,11,5.0,0.25,7.0,68,67.1783,64.7144,52.6507,16.8379,540.0,1
2018-10-20,12,4.83333,0.25,8.33333,62,68.4122,64.9417,50.803,16.0726,582.4,1
2018-10-20,13,5.0,0.25,9.66667,59,66.4367,61.7717,48.3385,19.6081,604.2,1
2018-10-20,14,5.33333,0.88,10.8333,59,64.7661,57.2567,47.2883,26.0753,582.4,1
2018-10-20,15,5.83333,1.26,11.6667,61,66.165,55.8039,41.745,30.7792,561.0,1
2018-10-20,16,6.33333,1.26,12.3333,65,68.2317,56.8933,30.6584,34.187,583.0,1
2018-10-20,17,6.83333,1.26,12.3333,81,74.0078,58.0372,25.1152,38.8909,546.96,1
2018-10-20,18,7.33333,1.26,12.1667,84,77.7829,63.4741,25.4455,43.4447,501.84,1
2018-10-20,19,7.5,2.23,11.6667,87,77.5206,77.2271,22.7875,47.3916,443.7,1
2018-10-20,20,7.66667,1.6,11.1667,90,66.5131,78.775,22.9475,45.3868,443.143,1
2018-10-20,21,7.66667,0.97,10.5,90,65.9122,80.0267,25.3887,41.9811,425.829,1
2018-10-20,22,7.66667,0.97,10.0,89,61.0175,84.2906,33.3887,34.9811,421.2,1
2018-10-20,23,7.66667,0.97,9.66667,91,54.3833,83.3583,40.3887,26.9811,425.829,1
2018-10-21,0,7.5,0.97,9.16667,91,53.5731,81.5224,47.3887,19.9811,425.829,1
2018-10-21,1,7.33333,0.0,8.83333,90,50.2989,78.1447,49.439,13.5139,437.25,1
2018-10-21,2,7.16667,0.0,8.5,91,50.3547,78.2635,50.7821,6.12288,453.6,1
2018-10-21,3,7.0,0.0,8.0,95,51.9759,73.7576,50.391,3.06144,470.25,1
2018-10-21,4,7.0,0.0,7.33333,98,50.5539,73.6183,57.391,3.06144,420.0,1
2018-10-21,5,6.83333,0.0,6.5,99,49.2976,71.8139,57.0,0.0,436.05,1
2018-10-21,6,6.66667,0.0,5.66667,100,48.6278,70.2306,55.0,0.0,454.629,1
2018-10-21,7,6.66667,0.0,5.0,100,47.585,67.1739,54.0,0.0,472.457,1
2018-10-21,8,6.66667,0.0,4.33333,100,48.7217,66.055,54.0,0.0,472.457,1
2018-10-21,9,6.66667,0.0,4.33333,100,47.9694,67.1717,53.4672,-2.67876,472.457,1
2018-10-21,10,6.5,0.0,4.83333,76,44.3806,65.7861,52.9343,-5.35752,472.457,1
2018-10-21,11,6.5,0.0,5.83333,66,32.2783,67.1783,51.4776,-7.6536,490.629,1
2018-10-21,12,6.5,0.0,7.16667,58,25.3111,68.4122,50.0209,-9.94968,509.143,1
2018-10-21,13,6.5,0.0,8.5,53,14.8478,66.4367,49.0209,-9.94968,517.0,1
2018-10-21,14,6.5,0.0,9.83333,52,8.69333,64.7661,50.0209,-9.94968,496.8,1
2018-10-21,15,6.5,0.0,10.8333,53,8.74056,66.165,50.488,-7.27092,490.629,1
2018-10-21,16,6.66667,0.0,11.3333,57,13.0967,68.2317,49.9552,-4.59216,490.629,1
2018-10-21,17,6.83333,0.0,11.5,67,20.6461,74.0078,49.9552,0.76536,490.629,1
2018-10-21,18,6.83333,0.0,11.1667,71,35.4394,77.7829,48.4378,8.39389,477.0,1
2018-10-21,19,6.5,0.0,10.5,74,61.9229,77.5206,47.1372,14.9326,477.0,1
2018-10-21,20,6.16667,0.0,9.66667,81,66.5276,66.5131,45.1295,20.7643,496.8,1
2018-10-21,21,5.66667,0.0,8.5,88,73.3978,65.9122,42.665,25.3837,528.0,1
2018-10-21,22,5.33333,0.0,7.5,95,73.1787,61.0175,42.665,29.3837,517.029,1
2018-10-21,23,5.0,0.0,6.5,98,67.2833,54.3833,33.7516,34.0031,555.429,1
2018-10-22,0,4.83333,0.0,5.83333,95,67.63,53.5731,25.371,35.9437,595.2,0
2018-10-22,1,5.0,0.0,5.5,89,64.7144,50.2989,23.4576,40.5631,559.543,0
2018-10-22,2,5.16667,0.0,5.16667,88,66.2144,50.3547,12.7478,42.127,579.429,0
2018-10-22,3,5.5,0.0,5.5,87,55.4672,51.9759,2.03801,43.6909,599.657,0
2018-10-22,4,5.66667,0.0,5.66667,90,52.995,50.5539,-7.15442,42.9838,604.2,0
2018-10-22,5,5.83333,0.0,5.66667,95,48.7644,49.2976,-15.6397,42.9838,586.56,0
2018-10-22,6,6.0,0.0,5.5,100,41.7544,48.6278,-23.4179,43.6909,563.04,0
2018-10-22,7,6.0,0.0,5.33333,100,38.1667,47.585,-31.1962,39.3142,570.24,0
2018-10-22,8,6.0,0.0,5.33333,100,40.3358,48.7217,-33.5254,38.9374,546.96,0
2018-10-22,9,6.16667,0.0,5.16667,95,42.4571,47.9694,-35.8547,38.5607,524.16,0
2018-10-22,10,6.5,0.0,5.33333,76,44.6847,44.3806,-38.891,38.891,499.8,0
2018-10-22,11,7.16667,0.0,6.0,64,50.0332,32.2783,-33.4672,37.7968,517.0,0
2018-10-22,12,8.0,0.0,7.0,55,52.4737,25.3111,-33.0513,42.7929,438.6,0
2018-10-22,13,8.83333,0.0,8.16667,48,55.7447,14.8478,-28.7755,44.4703,395.2,0
2018-10-22,14,9.83333,0.0,9.33333,46,55.02,8.69333,-24.4996,46.1476,349.8,0
2018-10-22,15,10.6667,0.0,10.5,44,54.9889,8.74056,-19.8994,48.0418,319.2,0
2018-10-22,16,11.1667,0.0,11.3333,47,55.5832,13.0967,-21.4301,51.7373,285.12,0
2018-10-22,17,11.3333,0.0,11.5,58,55.4642,20.6461,-21.8128,52.6612,282.764,0
2018-10-22,18,11.3333,0.51,11.5,67,53.0961,35.4394,-21.8128,52.6612,282.764,0
2018-10-22,19,11.3333,0.99,11.1667,67,54.2361,61.9229,-17.6033,53.4985,291.5,0
2018-10-22,20,11.1667,0.99,10.8333,69,58.0422,66.5276,-5.23291,52.5746,302.4,0
2018-10-22,21,11.0,0.99,10.1667,71,56.97,73.3978,7.13746,51.6507,305.455,0
2018-10-22,22,10.8333,0.99,9.5,74,58.3141,73.1787,19.1251,49.2663,305.455,0
2018-10-22,23,10.5,0.99,9.0,74,50.3363,67.2833,30.4057,46.1747,317.127,0
2018-10-23,0,10.1667,0.48,8.5,75,43.7506,67.63,36.7697,41.5387,341.127,0
2018-10-23,1,10.0,0.0,7.83333,77,36.9644,64.7144,43.1337,47.9026,300.0,0
2018-10-23,2,9.83333,0.0,7.0,77,35.9065,66.2144,42.4266,46.9788,311.564,0
2018-10-23,3,9.66667,0.0,6.16667,80,35.6053,55.4672,41.7195,46.0549,323.345,0
2018-10-23,4,9.5,0.0,5.5,81,30.4789,52.995,41.0124,47.5155,324.48,0
2018-10-23,5,9.5,0.0,5.0,83,28.1572,48.7644,33.9413,49.4444,325.867,0
2018-10-23,6,9.83333,0.0,4.5,83,22.6494,41.7544,27.5773,52.0804,325.867,0
2018-10-23,7,10.3333,0.74,4.33333,81,23.2933,38.1667,21.2133,56.7164,312.12,0
2018-10-23,8,11.1667,0.74,4.33333,79,23.9622,40.3358,7.0711,51.2388,334.08,0
2018-10-23,9,12.3333,0.74,4.5,76,25.0222,42.4571,10.6066,55.8582,263.467,0
2018-10-23,10,14.0,2.37,4.66667,84,29.0116,44.6847,10.6066,54.8582,228.0,0
2018-10-23,11,16.1667,4.0,5.0,83,26.13,50.0332,10.6066,49.8582,225.28,0
2018-10-23,12,18.5,4.0,5.33333,82,23.3744,52.4737,0.0,58.0,179.082,0
2018-10-23,13,20.8333,4.23,5.5,80,19.5779,55.7447,0.0,66.0,137.242,0
2018-10-23,14,22.5,5.2,5.66667,80,23.6295,55.02,-10.3324,49.9448,168.192,0
2018-10-23,15,26.6667,6.17,6.0,79,20.7153,54.9889,-19.8994,48.0418,173.333,0
2018-10-23,16,32.3333,4.54,6.33333,76,20.8311,55.5832,-25.6396,61.9,91.872,0
2018-10-23,17,37.8333,3.88,6.5,82,20.4363,55.4642,-20.282,48.9656,113.208,0
2018-10-23,18,42.1667,3.88,6.66667,83,23.6884,53.0961,-21.0474,50.8134,109.091,0
2018-10-23,19,45.3333,4.46,6.83333,88,28.4272,54.2361,-19.5167,47.1179,117.647,0
2018-10-23,20,48.6667,3.49,7.0,88,28.6953,58.0422,-37.12,89.6164,69.8824,0
2018-10-23,21,48.1667,2.52,7.0,86,22.7442,56.97,-34.8239,84.0731,73.1739,0
2018-10-23,22,44.8333,2.52,7.0,84,12.3175,58.3141,-32.1451,77.6059,91.0933,0
2018-10-23,23,41.8333,3.1,7.33333,75,15.7195,50.3363,-27.553,66.5194,115.446,0
2018-10-24,0,39.6667,3.1,7.5,79,13.2139,43.7506,-26.7876,64.6716,105.382,0
2018-10-24,1,38.6667,2.52,7.5,81,6.94167,36.9644,-28.701,69.291,98.5297,0
2018-10-24,2,39.6667,2.52,7.5,83,2.55111,35.9065,-14.5418,75.1074,90.9474,0
2018-10-24,3,41.6667,2.52,7.5,84,1.93056,35.6053,36.0626,47.1179,117.647,0
2018-10-24,4,44.5,3.49,7.5,85,2.84353,30.4789,36.0626,47.1179,117.647,0
2018-10-24,5,46.6667,1.94,7.0,86,2.51294,28.1572,71.4181,93.3119,60.0,0
2018-10-24,6,48.3333,1.94,6.66667,88,5.41647,22.6494,70.711,92.388,60.0,0
2018-10-24,7,49.3333,0.97,6.33333,89,3.66,23.2933,69.2968,80.1353,64.896,0
2018-10-24,8,48.1667,2.11,6.0,87,4.16437,23.9622,66.4683,66.4683,70.2,0
2018-10-24,9,46.6667,2.11,5.83333,79,6.25222,25.0222,63.6399,63.6399,75.9652,0
2018-10-24,10,45.0,1.14,5.66667,69,7.01278,29.0116,60.8115,60.8115,82.2545,0
2018-10-24,11,44.0,1.14,5.83333,63,7.14765,26.13,57.983,57.983,89.1429,0
2018-10-24,12,44.5,1.14,6.0,57,5.55706,23.3744,59.3972,59.3972,77.28,0
2018-10-24,13,45.3333,1.14,6.5,54,5.60222,19.5779,36.0626,36.0626,117.647,0
2018-10-24,14,46.6667,0.0,7.0,53,5.53111,23.6295,36.0626,36.0626,117.647,0
2018-10-24,15,47.8333,0.0,7.33333,53,5.54444,20.7153,36.7697,36.7697,115.385,0
2018-10-24,16,48.3333,0.0,7.5,55,6.31,20.8311,71.4181,71.4181,62.3769,0
2018-10-24,17,47.5,0.0,7.5,53,8.17333,20.4363,65.0541,65.0541,78.1714,0
2018-10-24,18,44.5,0.0,7.33333,53,13.295,23.6884,57.983,57.983,91.9256,0
2018-10-24,19,40.6667,0.0,7.0,55,15.8171,28.4272,50.9119,50.9119,115.446,0
2018-10-24,20,36.0,0.0,6.66667,55,15.4762,28.6953,43.1337,43.1337,144.0,0
2018-10-24,21,31.0,0.0,6.16667,57,14.7722,22.7442,36.7697,36.7697,175.886,0
2018-10-24,22,26.8333,0.0,5.83333,60,14.4881,12.3175,50.2048,50.2048,153.9,0
2018-10-24,23,23.0,0.0,5.5,62,15.0528,15.7195,43.1337,43.1337,192.15,0
2018-10-25,0,20.0,0.0,5.33333,64,11.013,13.2139,37.4768,37.4768,225.095,0
2018-10-25,1,17.8333,0.0,5.0,68,10.4244,6.94167,48.0835,48.0835,186.821,0
2018-10-25,2,16.1667,0.0,4.66667,71,9.78556,2.55111,45.255,48.5066,208.8,0
2018-10-25,3,15.1667,0.0,4.33333,71,11.4422,1.93056,42.4266,48.7129,226.8,0
2018-10-25,4,14.1667,0.0,4.0,74,11.1606,2.84353,40.3053,49.4096,245.92,0
2018-10-25,5,13.5,0.0,3.5,76,12.7956,2.51294,38.1839,49.8895,273.28,0
2018-10-25,6,12.8333,0.0,3.0,75,13.6517,5.41647,27.5773,48.0313,297.0,0
2018-10-25,7,12.1667,1.12,2.83333,75,16.6439,3.66,27.5773,59.0313,258.514,0
2018-10-25,8,11.6667,1.12,2.66667,77,20.5206,4.16437,17.6777,57.097,279.138,0
2018-10-25,9,11.5,1.12,2.83333,83,16.8278,6.25222,4.27584,55.2492,291.5,0
2018-10-25,10,11.6667,1.12,3.16667,89,25.755,7.01278,-8.80164,55.2492,291.5,0
2018-10-25,11,12.1667,1.12,3.83333,91,23.0867,7.14765,-13.7765,55.2597,271.745,0
2018-10-25,12,13.1667,1.12,4.66667,91,21.6561,5.55706,-19.5167,47.1179,281.455,0
2018-10-25,13,14.8333,0.53,5.66667,84,24.2617,5.60222,-21.8128,52.6612,225.5,0
2018-10-25,14,16.6667,0.53,7.0,78,18.8222,5.53111,-12.2458,50.5642,208.32,0
2018-10-25,15,18.3333,0.53,8.33333,71,12.9117,5.54444,-6.50556,58.706,164.965,0
2018-10-25,16,19.8333,0.53,9.33333,68,11.0083,6.31,15.5564,63.3254,153.6,0
2018-10-25,17,20.8333,0.53,10.1667,72,10.7761,8.17333,31.1128,62.6507,152.727,0
2018-10-25,18,21.1667,1.06,10.6667,79,16.2739,13.295,45.9622,60.0522,158.564,0
2018-10-25,19,20.5,0.53,10.6667,82,21.0341,15.8171,43.8408,57.2806,176.727,0
2018-10-25,20,19.6667,0.53,10.3333,81,21.0867,15.4762,40.3053,52.6612,204.8,0
2018-10-25,21,18.8333,0.53,9.66667,81,24.1316,14.7722,37.4768,48.9656,225.095,0
2018-10-25,22,18.0,1.01,9.16667,82,22.4587,14.4881,36.0626,47.1179,232.941,0
2018-10-25,23,17.1667,1.01,8.5,81,19.4789,15.0528,36.0626,47.1179,232.941,0
