data,timeofday,windspeed6,opady6,temp6,rhumid,index_avg,prev_index_avg,wind_dir_ns,wind_dir_ew,dispel50,is_weekend
2017-11-01,0,11.1667,0.0,6.5,70,12.61,8.09,-25.7391,44.1399,348.0,1
2017-11-01,1,11.3333,0.0,6.66667,72,18.0433,18.1425,-26.8871,46.9115,313.5,1
2017-11-01,2,11.5,0.0,6.66667,76,17.1767,16.078,-27.2698,47.8354,265.2,1
2017-11-01,3,12.6667,0.0,6.66667,77,15.8967,14.19,-19.5167,47.1179,276.12,1
2017-11-01,4,13.3333,0.46,6.5,78,15.9467,12.976,-21.4301,51.7373,254.88,1
2017-11-01,5,14.0,0.46,6.33333,73,16.94,11.175,-21.0474,50.8134,251.631,1
2017-11-01,6,14.0,0.46,6.33333,75,17.28,11.2633,-21.4301,51.7373,242.031,1
2017-11-01,7,14.3333,0.46,6.33333,77,19.66,10.648,-22.1954,53.585,237.12,1
2017-11-01,8,14.6667,0.46,6.5,75,21.7233,14.304,-22.1954,53.585,230.4,1
2017-11-01,9,14.8333,0.46,6.66667,82,22.0033,15.254,-27.4446,51.2574,221.571,1
2017-11-01,10,15.6667,1.04,6.83333,85,25.1367,17.29,-28.2099,53.1051,211.68,1
2017-11-01,11,16.6667,2.08,7.0,85,25.1733,18.2067,-29.7407,56.8006,180.0,1
2017-11-01,12,17.6667,2.08,7.16667,81,23.9733,13.7667,-21.0474,50.8134,196.725,1
2017-11-01,13,18.5,2.08,7.5,80,22.2367,14.475,-22.9608,55.4328,175.137,1
2017-11-01,14,19.1667,2.08,7.83333,86,23.8833,15.235,-23.3435,56.3567,173.46,1
2017-11-01,15,20.0,2.56,8.16667,83,24.4533,13.14,-22.9608,55.4328,184.743,1
2017-11-01,16,19.8333,1.52,8.5,89,22.51,14.2175,-22.9608,55.4328,180.0,1
2017-11-01,17,19.0,0.96,8.83333,86,27.57,17.794,-22.1954,53.585,188.779,1
2017-11-01,18,18.5,0.96,9.0,88,36.305,27.53,-20.6647,49.8895,225.886,1
2017-11-01,19,18.1667,0.96,9.0,90,37.155,31.78,-19.5167,47.1179,236.733,1
2017-11-01,20,18.0,0.96,9.0,91,37.34,29.1,-19.5167,47.1179,225.28,1
2017-11-01,21,17.5,0.48,9.0,92,29.65,18.28,-20.6647,49.8895,213.333,1
2017-11-01,23,18.3333,0.28,9.66667,83,17.28,14.11,-20.6647,49.8895,213.333,1
2017-11-02,0,18.3333,0.28,10.0,84,15.72,12.61,-13.7765,53.2597,198.4,0
2017-11-02,1,18.3333,0.28,10.1667,85,30.2533,18.0433,-13.7765,53.2597,198.4,0
2017-11-02,2,18.1667,0.28,10.3333,88,28.7933,17.1767,-13.7765,53.2597,207.36,0
2017-11-02,3,17.5,1.32,10.3333,88,25.8967,15.8967,-20.282,48.9656,221.0,0
2017-11-02,4,17.3333,1.04,10.0,88,23.5167,15.9467,-25.6396,61.9,187.0,0
2017-11-02,5,16.6667,2.08,9.66667,89,24.6367,16.94,-25.2569,60.9761,194.133,0
2017-11-02,6,16.5,3.12,9.33333,90,23.87,17.28,-24.4915,59.1283,202.024,0
2017-11-02,7,16.0,4.44,9.16667,90,23.915,19.66,-24.4915,59.1283,180.0,0
2017-11-02,8,16.1667,4.44,9.0,92,22.14,21.7233,-24.8742,60.0522,194.541,0
2017-11-02,9,16.0,3.4,9.0,82,17.8633,22.0033,-18.3686,62.3462,180.0,0
2017-11-02,10,15.0,5.1,9.0,81,16.3233,25.1367,-17.2206,59.5746,209.647,0
2017-11-02,11,15.3333,5.76,9.16667,79,21.86,25.1733,-14.9245,54.0313,245.92,0
2017-11-02,12,15.3333,4.72,9.33333,79,27.92,23.9733,-16.0726,56.803,239.733,0
2017-11-02,13,15.0,4.14,9.66667,72,34.3767,22.2367,-16.0726,55.803,214.338,0
2017-11-02,14,14.1667,4.88,10.0,75,30.6667,23.8833,-16.0726,55.803,198.545,0
2017-11-02,15,14.1667,5.62,10.3333,76,26.2933,24.4533,-16.8379,57.6507,231.8,0
2017-11-02,16,14.8333,4.81,10.5,85,26.08,22.51,-21.9601,45.9957,266.965,0
2017-11-02,17,14.3333,4.0,10.5,85,27.6533,27.57,-27.7003,42.8539,261.415,0
2017-11-02,18,14.8333,4.89,10.5,82,35.19,36.305,-28.4657,44.7017,242.031,0
2017-11-02,19,15.5,4.15,10.3333,79,32.73,37.155,-23.4908,52.6912,180.0,0
2017-11-02,20,16.1667,3.41,10.1667,81,34.74,37.34,-5.7402,50.8582,216.72,0
2017-11-02,21,16.6667,5.21,10.0,77,31.435,29.65,0.0,54.0,221.76,0
2017-11-02,23,16.3333,3.43,10.0,79,18.79,17.28,0.0,65.0,194.541,0
2017-11-03,0,15.6667,2.54,9.83333,78,20.06,15.72,0.0,61.0,225.318,0
2017-11-03,1,15.6667,2.54,9.66667,76,27.58,30.2533,0.0,60.0,226.8,0
2017-11-03,2,15.5,2.54,9.5,79,25.3333,28.7933,0.0,61.0,211.68,0
2017-11-03,3,15.6667,0.0,9.33333,77,23.1333,25.8967,0.0,62.0,188.308,0
2017-11-03,4,15.5,0.0,9.16667,75,21.1367,23.5167,0.0,66.0,180.0,0
2017-11-03,5,15.6667,0.0,9.0,76,18.1867,24.6367,0.0,64.0,202.024,0
2017-11-03,6,15.6667,0.0,9.0,74,15.71,23.87,0.0,61.0,218.625,0
2017-11-03,7,15.0,0.51,8.83333,73,16.6033,23.915,0.0,61.0,225.318,0
2017-11-03,8,14.3333,0.51,8.83333,77,13.5933,22.14,0.0,57.0,239.4,0
2017-11-03,9,14.0,0.51,8.83333,78,9.85,17.8633,0.0,55.0,257.914,0
2017-11-03,10,14.1667,0.51,8.83333,86,7.54667,16.3233,0.0,56.0,261.0,0
2017-11-03,11,14.5,0.51,9.0,80,9.32667,21.86,0.0,55.0,251.631,0
2017-11-03,12,14.1667,0.51,9.16667,77,9.60333,27.92,0.0,58.0,216.0,0
2017-11-03,13,14.5,0.0,9.66667,72,9.61667,34.3767,0.0,60.0,220.0,0
2017-11-03,14,14.3333,0.0,9.83333,73,11.2567,30.6667,0.0,60.0,220.0,0
2017-11-03,15,13.6667,0.0,9.83333,76,25.08,26.2933,0.0,56.0,261.0,0
2017-11-03,16,13.0,0.0,9.83333,83,24.6267,26.08,0.0,51.0,297.0,0
2017-11-03,17,11.6667,0.0,9.66667,88,24.6167,27.6533,7.77821,61.1627,258.514,0
2017-11-03,18,10.6667,0.0,9.33333,91,36.34,35.19,4.71677,54.5537,325.68,0
2017-11-03,19,9.66667,0.0,8.83333,91,71.25,32.73,1.65533,61.9448,310.08,0
2017-11-03,20,9.5,0.0,8.5,89,67.665,34.74,-1.78879,55.2597,335.345,0
2017-11-03,21,8.33333,0.0,8.33333,87,41.14,31.435,-1.78879,54.2597,347.564,0
2017-11-03,23,7.33333,0.0,7.66667,89,21.64,18.79,-9.23663,48.0015,439.855,0
2017-11-04,0,7.33333,0.0,7.33333,88,25.62,20.06,-24.4059,34.7774,453.6,1
2017-11-04,1,6.66667,0.0,7.0,92,43.55,27.58,-28.7355,24.3249,453.6,1
2017-11-04,2,6.0,0.0,6.33333,100,45.1867,25.3333,-23.7355,24.3249,436.05,1
2017-11-04,3,6.16667,0.0,5.5,96,47.12,23.1333,-26.2173,14.6378,482.4,1
2017-11-04,4,5.5,0.0,4.5,100,53.4533,21.1367,-27.3926,4.40948,559.32,1
2017-11-04,5,5.16667,0.0,3.66667,100,53.8267,18.1867,-28.3165,4.0268,612.48,1
2017-11-04,6,5.0,0.0,3.16667,100,51.2833,15.71,-30.6126,-1.51648,574.08,1
2017-11-04,7,5.16667,0.0,2.33333,100,54.0367,16.6033,-30.4629,-20.8121,570.24,1
2017-11-04,8,5.16667,0.0,2.16667,100,47.7933,13.5933,-28.1396,-28.2688,588.0,1
2017-11-04,9,6.16667,0.0,2.66667,79,46.7833,9.85,-28.1396,-34.2688,540.0,1
2017-11-04,10,7.83333,0.0,3.83333,69,37.25,7.54667,-2.35748,-28.1459,524.16,1
2017-11-04,11,8.83333,0.0,5.0,66,31.7267,9.32667,-9.59241,-33.628,461.76,1
2017-11-04,12,9.66667,0.0,6.16667,60,31.4267,9.60333,-10.2384,-34.274,361.029,1
2017-11-04,13,11.0,0.0,7.83333,59,36.9033,9.61667,-16.3501,-26.8557,302.4,1
2017-11-04,14,12.5,0.0,9.33333,61,38.5567,11.2567,-26.2496,-30.7552,250.364,1
2017-11-04,15,12.3333,0.0,10.1667,70,43.2833,25.08,-43.3296,-28.7172,265.5,1
2017-11-04,16,12.1667,0.0,10.5,79,47.2633,24.6267,-41.9154,-27.303,286.7,1
2017-11-04,17,12.0,0.0,10.5,82,54.8,24.6167,-51.1542,-31.1298,249.9,1
2017-11-04,18,11.5,0.0,10.1667,85,61.67,36.34,-50.2303,-30.7471,277.714,1
2017-11-04,19,10.8333,0.0,9.66667,84,64.065,71.25,-48.6457,-24.2917,336.0,1
2017-11-04,20,10.0,0.0,8.66667,92,63.2,67.665,-55.7168,-31.3628,300.0,1
2017-11-04,21,9.83333,0.0,7.83333,99,53.9,41.14,-48.9297,-32.6937,300.0,1
2017-11-04,23,9.83333,0.0,7.0,95,30.3,21.64,-14.6198,-21.7958,335.345,1
2017-11-05,0,10.3333,0.0,6.83333,95,27.17,25.62,7.54288,-17.5863,300.0,1
2017-11-05,1,10.5,0.0,6.66667,90,45.8133,43.55,34.9289,-7.0711,334.08,1
2017-11-05,2,10.6667,0.0,6.83333,89,42.6233,45.1867,53.0,0.0,313.6,1
2017-11-05,3,10.8333,0.0,7.0,90,34.175,47.12,55.0,0.0,288.0,1
2017-11-05,4,11.0,0.0,7.0,91,36.9,53.4533,56.0,0.0,302.4,1
2017-11-05,5,10.3333,0.0,6.83333,93,37.2,53.8267,54.0,0.0,324.8,1
2017-11-05,6,9.83333,0.0,6.66667,94,38.53,51.2833,62.0,0.0,300.0,1
2017-11-05,7,10.0,0.0,6.66667,88,39.0767,54.0367,59.0,0.0,323.345,1
2017-11-05,8,10.1667,0.0,6.66667,82,39.8333,47.7933,36.9134,-4.59216,311.564,1
2017-11-05,9,10.1667,0.0,7.0,72,40.1167,46.7833,7.42812,-13.0775,346.92,1
2017-11-05,10,10.6667,0.0,7.5,78,40.8933,37.25,-9.64298,-20.1486,333.45,1
2017-11-05,11,11.1667,0.0,8.33333,71,39.5533,31.7267,-29.6534,-25.1234,275.6,1
2017-11-05,12,12.3333,0.0,9.5,68,37.72,31.4267,-46.4316,-32.9016,280.8,1
2017-11-05,13,12.8333,0.0,10.5,70,36.49,36.9033,-50.1271,-34.4324,240.0,1
2017-11-05,14,13.1667,0.0,11.5,71,38.0667,38.5567,-45.1774,-29.4826,251.631,1
2017-11-05,15,13.5,0.0,12.0,78,38.8433,43.2833,-43.0665,-34.4073,228.0,1
2017-11-05,16,13.1667,0.0,12.3333,78,51.03,47.2633,-43.7736,-35.1144,252.225,1
2017-11-05,17,12.3333,0.0,12.1667,83,58.9933,54.8,-39.1542,-33.201,292.32,1
2017-11-05,18,10.8333,0.0,11.6667,85,76.015,61.67,-41.4503,-38.7443,305.52,1
2017-11-05,19,9.83333,0.0,11.0,86,66.97,64.065,-44.129,-45.2114,300.0,1
2017-11-05,20,8.83333,0.0,10.3333,87,83.315,63.2,-33.5224,-43.6048,353.571,1
2017-11-05,21,8.5,0.0,9.5,94,70.0033,53.9,-29.2797,-39.3621,407.1,1
2017-11-05,23,7.5,0.0,8.0,90,35.52,30.3,-3.7944,-30.8768,398.945,1
2017-11-06,0,7.66667,0.0,7.33333,89,32.56,27.17,2.67276,-25.1366,451.0,0
2017-11-06,1,7.5,0.0,6.83333,90,44.9733,45.8133,-0.68804,-13.9364,425.829,0
2017-11-06,2,7.33333,0.0,6.66667,90,40.12,42.6233,9.99072,-7.46928,432.667,0
2017-11-06,3,6.83333,0.0,6.83333,89,29.4267,34.175,16.9907,1.53072,453.6,0
2017-11-06,4,6.83333,0.0,7.0,93,6.28,36.9,16.1804,9.86636,488.52,0
2017-11-06,5,7.33333,1.12,7.33333,93,5.48333,37.2,11.2307,14.8161,449.28,0
2017-11-06,6,7.33333,2.24,7.66667,93,7.80333,38.53,-3.7191,19.7659,454.629,0
2017-11-06,7,8.33333,2.24,8.0,92,9.10333,39.0767,-10.085,25.6262,453.6,0
2017-11-06,8,9.5,2.24,8.0,89,12.3833,39.8333,-14.3277,29.8689,360.0,0
2017-11-06,9,10.8333,3.05,8.16667,85,15.8667,40.1167,-19.4281,42.8032,300.0,0
2017-11-06,10,12.0,3.05,8.33333,84,18.45,40.8933,7.54521,44.0831,265.05,0
2017-11-06,11,13.3333,2.49,8.5,77,17.9733,39.5533,20.5062,46.5916,239.4,0
2017-11-06,12,14.3333,1.37,8.66667,78,18.0833,37.72,41.0124,50.5503,230.4,0
2017-11-06,13,14.1667,1.37,9.0,78,22.71,36.49,41.0124,50.5503,237.12,0
2017-11-06,14,13.8333,1.37,9.33333,73,25.7967,38.0667,39.5982,48.7025,248.571,0
2017-11-06,15,13.0,0.56,9.5,79,27.15,38.8433,38.1839,47.2883,273.28,0
2017-11-06,16,12.0,0.56,9.5,86,31.5667,51.03,45.255,54.3594,248.88,0
2017-11-06,17,10.6667,0.0,9.5,83,39.75,58.9933,40.3053,46.1581,307.8,0
2017-11-06,18,9.66667,0.0,9.33333,80,38.37,76.015,45.255,51.1078,300.0,0
2017-11-06,19,9.33333,0.0,9.0,80,41.865,66.97,41.0124,43.8304,355.385,0
2017-11-06,20,9.16667,0.0,8.66667,86,45.805,83.315,39.5982,39.5982,369.6,0
2017-11-06,21,9.33333,0.0,8.16667,82,42.8,70.0033,41.2755,35.3223,363.0,0
2017-11-06,23,9.83333,0.0,7.66667,86,25.83,35.52,46.1013,29.8653,314.743,0
2017-11-07,0,10.1667,0.0,7.5,82,23.13,32.56,44.7334,23.0854,353.455,0
2017-11-07,1,10.0,0.0,7.16667,84,30.4433,44.9733,54.7334,23.0854,300.0,0
2017-11-07,2,10.0,0.0,7.0,87,29.88,40.12,56.9552,15.3072,311.564,0
2017-11-07,3,9.83333,0.0,7.0,82,28.7767,29.4267,56.9552,6.88824,311.564,0
2017-11-07,4,10.1667,0.0,6.83333,82,30.3133,6.28,49.4015,-0.38268,346.92,0
2017-11-07,5,10.5,0.0,6.66667,87,40.5333,5.48333,49.4015,-8.03628,346.92,0
2017-11-07,6,10.8333,0.0,6.5,81,46.6167,7.80333,50.488,-12.6284,321.48,0
2017-11-07,7,11.0,0.0,6.5,80,51.3567,9.10333,48.9734,-21.1138,305.455,0
2017-11-07,8,11.0,0.0,6.5,85,37.48,12.3833,46.5889,-24.6825,297.0,0
2017-11-07,9,11.8333,0.0,6.5,77,50.4467,15.8667,44.3671,-32.4607,285.12,0
2017-11-07,10,12.3333,0.0,6.66667,81,49.6867,18.45,45.735,-39.2406,249.9,0
2017-11-07,11,13.0,0.0,7.16667,74,46.3833,17.9733,43.8408,-43.8408,240.0,0
2017-11-07,12,13.6667,0.0,7.66667,76,50.5433,18.0833,38.891,-38.891,238.255,0
2017-11-07,13,14.3333,0.0,8.16667,72,51.07,22.71,42.4266,-42.4266,220.0,0
2017-11-07,14,14.6667,0.0,8.5,75,53.6767,25.7967,42.4266,-42.4266,205.477,0
2017-11-07,15,14.0,0.0,8.66667,87,55.2833,27.15,38.209,-45.2446,226.8,0
2017-11-07,16,13.6667,0.0,8.83333,87,53.5,31.5667,31.1047,-44.0935,269.925,0
2017-11-07,17,13.6667,0.23,8.66667,89,54.7867,39.75,35.3142,-54.2562,240.0,0
2017-11-07,18,13.8333,0.23,8.5,92,55.5767,38.37,19.5167,-47.1179,291.877,0
2017-11-07,19,14.1667,0.23,8.33333,94,62.195,41.865,14.5418,-52.1074,238.255,0
2017-11-07,20,14.3333,0.23,8.16667,98,61.84,45.805,16.8379,-57.6507,180.0,0
2017-11-07,21,14.6667,0.23,8.0,97,56.4467,42.8,17.986,-60.4224,195.0,0
2017-11-07,23,14.6667,0.0,7.5,90,34.36,25.83,11.8631,-56.6403,241.553,0
2017-11-08,0,13.6667,0.0,7.16667,88,27.06,23.13,5.35752,-52.9343,267.429,0
2017-11-08,1,12.8333,0.0,6.83333,87,48.1433,30.4433,0.0,-51.0,291.877,0
2017-11-08,2,12.5,0.0,6.5,89,42.8033,29.88,0.0,-63.0,240.0,0
2017-11-08,3,11.8333,0.0,6.16667,96,41.4267,28.7767,0.0,-62.0,267.12,0
2017-11-08,4,11.3333,0.0,5.83333,86,42.7933,30.3133,-3.44412,-55.3149,302.4,0
2017-11-08,5,10.8333,0.0,5.33333,92,44.61,40.5333,-8.03628,-54.4015,294.0,0
2017-11-08,6,10.5,0.0,5.16667,88,49.15,46.6167,-11.4804,-51.7164,324.8,0
2017-11-08,7,9.66667,0.0,5.0,87,54.0967,51.3567,-14.9245,-48.0313,359.9,0
2017-11-08,8,9.0,0.0,5.0,78,52.1067,37.48,-17.6033,-54.4985,345.6,0
2017-11-08,9,9.0,0.0,5.16667,77,53.8733,50.4467,-20.6647,-49.8895,366.667,0
2017-11-08,10,8.5,0.0,5.66667,69,52.36,49.6867,-17.2206,-50.5746,394.4,0
2017-11-08,11,8.66667,0.0,6.33333,66,50.2467,46.3833,-16.0726,-47.803,409.867,0
2017-11-08,12,9.5,0.0,6.83333,66,50.8767,50.5433,-16.4552,-48.7268,395.2,0
2017-11-08,13,10.5,0.0,7.33333,67,53.7833,51.07,-18.3686,-53.3462,300.0,0
2017-11-08,14,11.3333,0.0,7.83333,66,53.98,53.6767,-12.6284,-52.488,288.0,0
2017-11-08,15,11.3333,0.0,8.16667,71,49.6033,55.2833,-12.6284,-56.488,240.0,0
2017-11-08,16,11.6667,0.0,7.83333,83,58.76,53.5,-12.6284,-56.488,250.92,0
2017-11-08,17,11.3333,0.0,7.33333,95,59.015,54.7867,-8.80164,-58.2492,277.714,0
2017-11-08,18,10.8333,0.0,6.83333,96,61.44,55.5767,-3.44412,-53.3149,332.215,0
2017-11-08,19,9.66667,0.0,6.33333,91,59.64,62.195,-3.44412,-51.3149,354.738,0
2017-11-08,20,9.0,0.0,5.5,95,60.06,61.84,-3.44412,-57.3149,355.385,0
2017-11-08,21,8.5,0.0,4.83333,99,59.075,56.4467,-6.88824,-52.6298,366.667,0
2017-11-09,1,7.83333,0.0,3.83333,89,53.11,48.1433,-10.3324,-54.9448,412.364,0
2017-11-09,2,7.0,0.0,3.83333,91,51.8,42.8033,-10.3324,-50.9448,413.4,0
2017-11-09,3,6.83333,0.0,3.83333,91,51.515,41.4267,-10.3324,-48.9448,479.467,0
2017-11-09,4,5.66667,0.0,3.83333,91,52.06,42.7933,-10.3324,-53.9448,466.4,0
2017-11-09,5,4.83333,0.0,3.66667,91,61.61,44.61,-11.7466,-55.359,496.4,0
2017-11-09,6,4.33333,0.0,3.83333,84,53.9,49.15,-11.998,-48.5748,540.6,0
2017-11-09,7,4.0,0.0,3.83333,84,62.56,54.0967,-15.6935,-44.1055,618.667,0
2017-11-09,8,4.16667,0.0,3.83333,82,54.6467,52.1067,-20.3129,-46.0189,593.6,0
2017-11-09,9,4.16667,0.0,4.0,85,59.1267,53.8733,-11.8688,-37.704,668.8,0
2017-11-09,10,4.83333,0.0,4.33333,81,57.0867,52.36,-7.24938,-39.6174,637.867,0
2017-11-09,11,5.16667,0.0,4.83333,73,53.9567,50.2467,2.19474,-31.3025,663.257,0
2017-11-09,12,5.5,0.0,5.33333,67,54.86,50.8767,-0.10134,-29.8457,685.029,0
2017-11-09,13,5.66667,0.0,6.0,66,54.0,53.7833,-5.64462,-25.1418,655.2,0
2017-11-09,14,6.16667,0.0,6.66667,73,54.3867,53.98,-7.9407,-15.5985,624.24,0
2017-11-09,15,6.83333,0.0,7.0,81,53.4133,49.6033,-8.48784,-1.99672,556.5,0
2017-11-09,16,7.33333,0.0,7.0,89,50.9233,58.76,-3.61704,9.76232,505.44,0
2017-11-09,17,8.0,0.0,7.0,96,53.97,59.015,-12.0612,18.0772,420.0,0
2017-11-09,18,8.5,0.0,6.83333,99,60.19,61.44,-22.6806,29.9906,395.2,0
2017-11-09,19,8.5,0.0,6.33333,100,74.43,59.64,-8.47721,46.1449,385.0,0
2017-11-09,20,7.83333,0.0,5.83333,97,72.34,60.06,-1.93847,46.1449,401.85,0
2017-11-09,21,7.33333,0.0,5.66667,91,68.35,59.075,-1.93847,50.1449,405.45,0
2017-11-10,1,7.5,0.0,5.83333,91,55.5767,53.11,-15.706,34.9704,479.467,0
2017-11-10,2,8.33333,0.0,6.0,90,53.1267,51.8,-25.5141,34.9704,451.0,0
2017-11-10,3,9.33333,0.0,6.0,90,50.83,51.515,-38.0716,32.8713,360.0,0
2017-11-10,4,10.0,0.0,6.0,87,46.09,52.06,-42.3143,33.1139,339.2,0
2017-11-10,5,10.6667,0.0,6.0,81,45.9533,61.61,-39.6458,28.2806,333.45,0
2017-11-10,6,11.3333,0.0,5.83333,76,40.69,53.9,-44.2652,30.194,275.6,0
2017-11-10,7,11.8333,0.99,5.83333,72,40.18,62.56,-51.9077,26.4713,240.0,0
2017-11-10,8,12.3333,0.99,5.83333,78,35.8067,54.6467,-54.6793,27.6193,240.0,0
2017-11-10,9,12.8333,0.99,5.83333,77,34.5167,59.1267,-57.2806,23.7262,249.508,0
2017-11-10,10,14.0,0.99,6.16667,78,33.8233,57.0867,-47.1179,19.5167,286.7,0
2017-11-10,11,15.3333,0.99,6.5,74,31.93,53.9567,-43.6849,33.4021,206.7,0
2017-11-10,12,16.3333,0.99,7.0,73,33.8833,54.86,-36.3611,39.0671,184.08,0
2017-11-10,13,18.0,0.0,7.33333,72,34.9467,54.0,-35.2309,46.0549,186.66,0
2017-11-10,14,19.0,0.0,7.66667,73,32.04,54.3867,-43.1337,43.1337,178.286,0
2017-11-10,15,19.3333,0.0,8.0,78,34.0333,53.4133,-41.0124,41.0124,184.0,0
2017-11-10,16,18.5,0.48,7.83333,81,44.72,50.9233,-40.3053,40.3053,209.182,0
2017-11-10,17,17.3333,0.48,7.66667,76,55.895,53.97,-50.9119,50.9119,180.0,0
2017-11-10,18,16.8333,0.48,7.5,76,49.905,60.19,-45.255,45.255,208.8,0
2017-11-10,19,16.3333,1.22,7.33333,79,39.05,74.43,-46.3853,38.2673,225.318,0
2017-11-10,20,16.6667,1.22,7.0,77,33.85,72.34,-51.9181,33.5173,195.52,0
2017-11-10,21,17.6667,1.96,6.66667,81,4.29,68.35,-49.8895,20.6647,200.08,0
2017-11-10,23,21.1667,1.48,6.66667,74,6.83,53.71,-53.126,42.302,125.46,0
2017-11-11,0,22.1667,1.48,6.5,82,8.58,51.47,-51.619,51.619,120.0,1
2017-11-11,1,22.8333,0.74,6.16667,78,5.18333,55.5767,-50.2048,50.2048,144.692,1
2017-11-11,2,23.5,0.74,6.0,78,6.26333,53.1267,-31.82,54.82,151.2,1
2017-11-11,3,23.3333,0.91,5.66667,82,5.86,50.83,-24.0336,60.0224,136.286,1
2017-11-11,4,23.6667,0.91,5.16667,78,5.09667,46.09,-17.6033,65.4985,140.87,1
2017-11-11,5,23.6667,0.91,4.66667,78,4.98667,45.9533,-17.6033,70.4985,120.0,1
2017-11-11,6,24.3333,0.91,4.33333,77,5.32,40.69,-9.18432,50.1731,175.886,1
2017-11-11,7,23.8333,0.91,4.16667,77,5.76,40.18,-18.7513,73.2701,124.586,1
2017-11-11,8,23.0,0.91,4.0,78,7.6,35.8067,-18.7513,65.2701,145.75,1
2017-11-11,9,23.3333,0.0,4.16667,70,10.73,34.5167,-16.8379,60.6507,178.608,1
2017-11-11,10,22.3333,0.0,4.33333,71,12.2233,33.8233,-16.4552,59.7268,160.74,1
2017-11-11,11,22.3333,0.0,4.83333,60,11.8,31.93,-24.8742,60.0522,143.242,1
2017-11-11,12,22.5,0.0,5.5,51,11.97,33.8833,-26.7876,64.6716,140.4,1
2017-11-11,13,23.3333,0.0,6.16667,55,14.9033,34.9467,-27.553,66.5194,120.0,1
2017-11-11,14,24.6667,0.0,6.83333,57,17.3,32.04,-19.5167,47.1179,176.538,1
2017-11-11,15,23.8333,0.0,7.0,62,17.13,34.0333,-19.8994,48.0418,168.192,1
2017-11-11,16,23.6667,0.0,7.16667,72,17.09,44.72,-27.1703,65.5955,139.968,1
2017-11-11,17,22.3333,0.58,6.83333,69,21.13,55.895,-25.6396,61.9,170.667,1
2017-11-11,18,20.8333,1.16,6.33333,67,29.725,49.905,-15.3072,52.9552,202.926,1
2017-11-11,19,19.8333,3.14,5.83333,80,37.8,39.05,-20.0571,47.4223,225.886,1
2017-11-11,20,18.5,3.14,5.16667,82,25.025,33.85,-25.456,41.456,220.8,1
2017-11-11,21,17.5,3.14,4.83333,75,11.24,4.29,-38.891,38.891,201.318,1
2017-11-11,23,16.3333,2.56,4.33333,77,14.38,6.83,-46.6693,46.6693,200.842,1
2017-11-12,0,15.0,1.98,4.16667,75,10.71,8.58,-38.9744,47.0924,230.4,1
2017-11-12,1,14.0,0.0,4.0,80,13.2133,5.18333,-28.9834,41.9722,281.538,1
2017-11-12,2,13.6667,0.0,4.0,79,10.56,6.26333,-24.7658,44.7902,292.32,1
2017-11-12,3,13.8333,0.0,4.0,73,8.35333,5.86,-20.6647,49.8895,273.28,1
2017-11-12,4,13.5,0.0,3.83333,78,8.75333,5.09667,-20.282,48.9656,246.4,1
2017-11-12,5,13.6667,0.0,3.66667,76,7.43667,4.98667,-16.8379,53.6507,232.615,1
2017-11-12,6,14.6667,0.0,3.5,73,8.76,5.32,-11.8631,57.6403,233.365,1
2017-11-12,7,15.0,0.0,3.33333,82,11.68,5.76,-5.35752,56.9343,230.4,1
2017-11-12,8,14.5,0.0,3.16667,83,14.6067,7.6,0.0,59.0,214.338,1
2017-11-12,9,14.1667,0.0,3.16667,75,21.0033,10.73,-5.35752,58.9343,226.8,1
2017-11-12,10,14.3333,0.0,3.33333,75,15.6933,12.2233,-9.94968,54.0209,254.88,1
2017-11-12,11,13.8333,0.0,3.66667,73,15.5533,11.8,-15.3072,51.9552,264.0,1
2017-11-12,12,14.1667,0.0,4.16667,67,15.8167,11.97,-24.4996,46.1476,277.114,1
2017-11-12,13,14.3333,0.0,4.66667,65,20.6667,14.9033,-31.163,45.2342,235.2,1
2017-11-12,14,13.8333,0.0,5.33333,63,24.9633,17.3,-32.6937,48.9297,212.914,1
2017-11-12,15,13.0,0.0,5.66667,67,38.7733,17.13,-35.1144,43.7736,232.615,1
2017-11-12,16,11.8333,0.0,5.83333,76,54.69,17.09,-32.3891,37.2599,312.141,1
2017-11-12,17,11.0,0.0,5.66667,82,50.2267,21.13,-38.8563,39.9387,320.682,1
2017-11-12,18,9.5,0.0,5.33333,81,56.32,29.725,-30.8563,39.9387,309.6,1
2017-11-12,19,8.33333,0.0,5.0,80,59.74,37.8,-21.8968,20.5268,393.825,1
2017-11-12,20,7.83333,0.0,4.5,79,52.465,25.025,-21.8968,11.5268,360.0,1
2017-11-12,21,8.16667,0.0,4.16667,77,39.325,11.24,-15.774,-11.2553,398.945,1
2017-11-12,23,8.83333,0.71,4.0,77,23.35,14.38,4.93856,-42.391,401.85,1
2017-11-13,0,8.83333,1.42,3.83333,84,14.33,10.71,-3.06144,-52.391,371.25,0
2017-11-13,1,9.0,1.42,3.66667,79,33.8233,13.2133,0.0,-53.0,380.8,0
2017-11-13,2,9.83333,1.42,3.5,91,30.8633,10.56,10.0,-44.0,356.4,0
2017-11-13,3,10.5,1.42,3.33333,94,27.2367,8.35333,22.0104,-40.9748,300.0,0
2017-11-13,4,11.1667,2.61,3.16667,92,26.385,8.75333,35.0104,-22.9748,309.12,0
2017-11-13,5,10.6667,3.09,3.0,86,33.42,7.43667,48.0104,-12.9748,252.45,0
2017-11-13,6,11.3333,2.38,2.83333,91,38.37,8.76,55.0104,-4.97484,285.12,0
2017-11-13,7,10.8333,2.38,2.83333,94,31.6133,11.68,56.097,-0.38268,289.385,0
2017-11-13,8,10.3333,2.38,2.83333,86,29.8733,14.6067,49.0363,9.54193,354.738,0
2017-11-13,9,10.1667,2.38,3.0,80,28.4133,21.0033,56.1074,18.7807,310.708,0
2017-11-13,10,10.3333,1.19,3.16667,78,25.8567,15.6933,51.5928,29.8673,321.6,0
2017-11-13,11,11.8333,0.0,3.5,68,22.7667,15.5533,41.4923,42.8016,313.5,0
2017-11-13,12,13.0,0.0,4.0,61,21.62,15.8167,36.7697,48.0418,264.48,0
2017-11-13,13,14.8333,0.0,4.5,65,23.51,20.6667,43.1337,56.3567,188.7,0
2017-11-13,14,15.8333,0.0,5.0,69,22.8533,24.9633,37.4768,48.9656,212.625,0
2017-11-13,15,16.6667,0.0,5.33333,71,22.6633,38.7733,26.1631,50.1836,225.095,0
2017-11-13,16,16.8333,0.0,5.5,90,20.3767,54.69,12.728,49.6298,236.733,0
2017-11-13,17,17.0,0.0,5.5,86,29.63,50.2267,12.728,64.6298,194.133,0
2017-11-13,18,16.1667,0.0,5.33333,83,40.265,56.32,0.0,65.0,187.425,0
2017-11-13,19,15.5,0.0,5.0,82,44.18,59.74,0.0,63.0,209.647,0
2017-11-13,20,14.6667,0.0,4.66667,82,27.0933,52.465,0.0,60.0,220.0,0
2017-11-13,21,13.3333,0.0,4.16667,82,28.91,39.325,0.0,56.0,266.965,0
2017-11-13,23,11.3333,0.0,3.16667,89,17.29,23.35,-6.50556,54.706,318.171,0
2017-11-14,0,11.1667,0.0,3.0,83,14.17,14.33,-6.50556,52.706,339.429,0
2017-11-14,1,11.5,0.0,2.66667,84,21.1433,33.8233,2.68687,50.7164,329.018,0
2017-11-14,2,11.8333,0.0,2.5,84,21.33,30.8633,14.0006,54.4985,251.6,0
2017-11-14,3,12.1667,0.0,2.33333,87,20.5967,27.2367,20.5062,51.7925,255.2,0
2017-11-14,4,12.1667,0.0,2.33333,87,16.0733,26.385,28.2844,49.9552,271.385,0
2017-11-14,5,12.0,0.0,2.33333,85,16.5567,33.42,28.2844,57.9552,259.2,0
2017-11-14,6,11.3333,0.0,2.16667,84,20.4133,38.37,19.092,56.9448,303.525,0
2017-11-14,7,10.1667,0.0,2.16667,79,27.0867,31.6133,14.1422,50.4776,354.738,0
2017-11-14,8,9.16667,0.0,2.0,79,31.02,29.8733,14.1422,59.4776,321.6,0
2017-11-14,9,9.16667,0.0,2.0,78,26.4933,28.4133,11.4634,52.9448,372.655,0
2017-11-14,10,10.1667,0.0,2.33333,69,24.4767,25.8567,3.68523,53.7821,341.85,0
2017-11-14,11,11.3333,0.0,2.66667,63,26.5733,22.7667,-1.67229,58.7164,300.0,0
2017-11-14,12,12.0,0.0,3.0,63,25.2,21.62,-14.9245,56.0313,240.0,0
2017-11-14,13,13.0,0.0,3.5,61,31.3633,23.51,-21.4382,49.7566,228.0,0
2017-11-14,14,14.5,0.0,4.16667,58,34.66,22.8533,-27.1784,52.6148,212.914,0
2017-11-14,15,14.8333,0.0,4.66667,67,36.0333,22.6633,-27.9438,54.4625,224.0,0
2017-11-14,16,14.1667,0.0,4.66667,86,69.45,20.3767,-21.0555,50.8327,232.615,0
2017-11-14,17,13.8333,0.0,4.5,86,93.74,29.63,-15.6899,50.8791,273.28,0
2017-11-14,18,13.0,0.0,4.33333,86,65.58,40.265,-21.2634,48.3346,269.925,0
2017-11-14,19,11.8333,0.0,4.0,84,57.6,44.18,-13.2634,48.3346,266.325,0
2017-11-14,21,10.8333,0.0,3.66667,66,14.83,28.91,-24.6943,27.8235,321.48,0
2017-11-14,23,11.1667,0.0,3.83333,70,18.11,17.29,-31.7268,16.4552,333.45,0
2017-11-15,0,12.3333,0.0,4.16667,65,18.27,14.17,-43.6496,24.7076,281.455,0
2017-11-15,1,13.3333,0.0,4.33333,71,18.8867,21.1433,-44.0935,31.1047,245.1,0
2017-11-15,2,13.8333,0.0,4.33333,79,21.9067,21.33,-42.9065,36.4121,225.5,0
2017-11-15,3,14.3333,0.0,4.5,78,26.66,20.5967,-37.1775,44.7543,235.125,0
2017-11-15,4,14.6667,0.0,4.66667,76,29.87,16.0733,-31.6039,47.2987,237.12,0
2017-11-15,5,14.0,0.0,4.83333,83,32.07,16.5567,-26.3548,49.6264,239.4,0
2017-11-15,6,13.5,0.0,4.83333,81,35.28,20.4133,-21.0474,50.8134,257.914,0
2017-11-15,7,12.6667,0.0,5.0,83,43.6833,27.0867,-20.282,48.9656,282.72,0
2017-11-15,8,12.0,0.0,5.0,84,41.7467,31.02,-23.7262,57.2806,267.12,0
2017-11-15,9,11.3333,0.0,5.16667,86,43.2133,26.4933,-21.8128,52.6612,307.8,0
2017-11-15,10,11.0,0.0,5.33333,86,35.9967,24.4767,-20.6647,49.8895,324.8,0
2017-11-15,11,11.0,0.0,5.66667,74,40.59,26.5733,-24.5579,47.2883,324.8,0
2017-11-15,12,11.0,0.23,6.16667,75,50.0567,25.2,-28.451,44.687,300.667,0
2017-11-15,13,12.1667,0.23,6.66667,75,52.9285,31.3633,-33.4922,44.8574,273.48,0
2017-11-15,14,12.0,0.23,7.33333,71,53.2063,34.66,-36.7697,36.7697,276.0,0
2017-11-15,15,11.5,0.23,7.66667,76,51.7122,36.0333,-43.1337,43.1337,249.9,0
2017-11-15,16,10.6667,0.23,7.83333,89,65.8456,69.45,-40.3053,40.3053,291.5,0
2017-11-15,17,10.1667,0.23,7.83333,88,85.3831,93.74,-34.4987,38.2871,348.0,0
2017-11-15,18,9.33333,0.23,7.66667,87,83.1276,65.58,-40.8627,44.6511,311.1,0
2017-11-15,21,7.0,0.23,6.66667,84,29.16,14.83,-15.5308,27.5308,463.6,0
2017-11-15,23,7.0,0.23,6.33333,83,30.14,18.11,5.83321,21.1668,420.0,0
2017-11-16,0,7.0,0.0,6.16667,82,30.2,18.27,6.77781,12.1042,479.467,0
2017-11-16,1,6.66667,0.0,6.0,81,54.5265,18.8867,1.82804,17.054,435.2,0
2017-11-16,2,6.33333,0.0,6.0,85,52.8765,21.9067,6.66131,14.3855,490.629,0
2017-11-16,3,5.83333,0.0,6.0,79,52.1488,26.66,3.83287,17.2139,480.0,0
2017-11-16,4,5.66667,0.0,6.0,78,51.0206,29.87,14.3,14.5352,520.0,0
2017-11-16,5,5.66667,0.0,6.0,85,51.6771,32.07,15.3,14.5352,499.8,0
2017-11-16,6,5.83333,0.0,6.0,81,51.8788,35.28,3.64315,20.192,480.0,0
2017-11-16,7,5.83333,0.0,6.0,80,55.2826,43.6833,-9.01373,25.8489,480.0,0
2017-11-16,8,6.33333,0.0,6.0,83,60.0647,41.7467,-13.0137,25.8489,550.8,0
2017-11-16,9,6.83333,0.0,6.16667,82,61.4111,43.2133,1.37731,22.7875,555.429,0
2017-11-16,10,6.66667,0.0,6.33333,84,62.3061,35.9967,13.3271,17.8377,504.9,0
2017-11-16,11,6.33333,0.0,6.66667,76,61.4903,40.59,23.6862,11.3138,492.9,0
2017-11-16,12,6.33333,0.0,7.16667,81,61.4091,50.0567,15.4436,7.0711,490.629,0
2017-11-16,13,7.0,0.0,7.66667,77,62.008,52.9285,1.05254,4.00966,486.0,0
2017-11-16,14,7.16667,0.0,8.16667,80,43.65,53.2063,-0.68162,-4.70866,486.0,0
2017-11-16,15,7.33333,0.0,8.33333,86,65.4751,51.7122,-2.41578,-13.427,420.0,0
2017-11-16,16,7.5,0.0,8.33333,89,74.4794,65.8456,-20.8068,-16.4884,460.8,0
2017-11-16,17,7.66667,0.0,8.0,93,76.803,85.3831,-32.7566,-21.4382,451.0,0
2017-11-16,18,7.83333,0.0,7.5,88,74.2917,83.1276,-41.4353,-27.9053,432.0,0
2017-11-16,21,8.16667,0.0,5.66667,87,68.21,29.16,-33.4043,-36.4511,405.45,0
2017-11-16,23,8.5,0.0,5.0,89,65.38,30.14,-33.0844,-40.4608,360.0,0
2017-11-17,0,7.66667,0.0,4.33333,100,54.91,30.2,-31.1127,-34.7007,409.867,0
2017-11-17,1,7.5,0.0,3.83333,100,79.5706,54.5265,-32.6434,-38.3962,417.6,0
2017-11-17,2,6.83333,0.0,3.16667,94,76.5021,52.8765,-36.8861,-33.6389,443.143,0
2017-11-17,3,6.16667,0.0,2.16667,100,74.5964,52.1488,-40.4216,-37.1744,420.0,0
2017-11-17,4,6.33333,0.0,1.33333,100,73.5452,51.0206,-37.7429,-24.7073,466.4,0
2017-11-17,5,5.66667,0.0,0.833333,100,70.8406,51.6771,-37.7429,-24.7073,479.52,0
2017-11-17,6,5.66667,0.0,0.833333,97,66.6391,51.8788,-41.4384,-26.238,480.0,0
2017-11-17,7,5.83333,0.0,1.0,94,59.2278,55.2826,-30.3673,-19.1669,550.8,0
2017-11-17,8,6.16667,0.0,1.0,100,54.2572,60.0647,-29.4434,-13.4267,569.25,0
2017-11-17,9,7.16667,0.0,1.83333,92,49.2978,61.4111,-23.7865,-0.76981,530.4,0
2017-11-17,10,8.16667,0.0,2.5,91,46.697,62.3061,-18.0131,19.1684,440.64,0
2017-11-17,11,10.0,0.38,3.16667,86,41.5378,61.4903,-20.2178,30.5621,374.0,0
2017-11-17,12,11.0,0.38,3.66667,86,40.3051,61.4091,-12.2074,50.537,253.543,0
2017-11-17,13,11.3333,0.38,4.16667,90,45.1227,62.008,-9.567,50.097,276.0,0
2017-11-17,14,12.1667,0.38,5.0,91,48.3016,43.65,-9.567,59.097,249.9,0
2017-11-17,15,11.6667,0.38,5.5,86,47.852,65.4751,-9.567,59.097,276.48,0
2017-11-17,16,10.6667,0.38,5.83333,82,58.8211,74.4794,2.53719,53.5537,336.0,0
2017-11-17,17,9.33333,0.0,5.83333,78,76.8471,76.803,8.90118,61.8686,310.08,0
2017-11-17,18,8.83333,0.0,5.83333,80,88.1431,74.2917,13.8509,51.8184,349.92,0
2017-11-17,21,7.83333,0.0,3.5,91,52.07,68.21,19.9488,53.5139,410.4,0
2017-11-17,23,7.66667,0.0,1.83333,92,46.08,65.38,7.07921,48.905,432.667,0
2017-11-18,0,7.33333,0.0,0.833333,97,38.68,54.91,-4.94166,46.2469,425.829,1
2017-11-18,1,7.16667,0.0,0.0,95,70.0319,79.5706,-4.89143,41.2972,460.8,1
2017-11-18,2,7.0,0.0,-0.333333,95,61.4514,76.5021,-7.18751,46.8404,420.0,1
2017-11-18,3,6.33333,0.0,-1.16667,100,56.6303,74.5964,-17.6806,42.6694,437.143,1
2017-11-18,4,5.83333,0.0,-1.83333,100,52.7257,73.5452,-11.6806,35.6694,454.629,1
2017-11-18,5,6.0,0.0,-2.16667,100,48.62,70.8406,-5.0018,29.2022,542.88,1
2017-11-18,6,6.16667,0.0,-2.83333,100,47.1584,66.6391,7.825,19.9634,528.0,1
2017-11-18,7,6.83333,0.0,-3.0,100,57.3176,59.2278,13.825,19.9634,480.0,1
2017-11-18,8,7.5,0.0,-3.16667,100,59.8284,54.2572,32.1606,7.83936,483.36,1
2017-11-18,9,8.66667,0.0,-2.5,98,55.2738,49.2978,20.2179,-1.53072,451.0,1
2017-11-18,10,10.0,0.0,-1.66667,77,50.7103,46.697,32.7612,-3.8268,343.2,1
2017-11-18,11,10.8333,0.0,-0.833333,75,44.4573,41.5378,8.67464,0.76536,319.0,1
2017-11-18,12,12.1667,0.0,0.833333,67,40.0219,40.3051,16.6746,0.76536,250.92,1
2017-11-18,13,13.3333,0.0,2.33333,69,39.7941,45.1227,29.9134,4.59216,271.385,1
2017-11-18,14,14.8333,0.0,3.83333,61,40.9086,48.3016,4.89257,16.613,225.5,1
2017-11-18,15,15.8333,0.0,4.83333,58,42.7149,47.852,2.54404,25.456,180.0,1
2017-11-18,16,16.5,0.0,5.16667,69,40.9914,58.8211,-38.891,38.891,201.318,1
2017-11-18,17,17.8333,0.51,5.33333,69,40.5881,76.8471,-38.1839,38.1839,217.579,1
2017-11-18,18,19.6667,0.51,5.16667,60,39.8291,88.1431,-40.3053,40.3053,195.789,1
2017-11-18,21,22.0,2.03,4.0,73,14.82,52.07,-51.4382,39.5318,167.088,1
2017-11-18,23,22.8333,1.52,4.0,73,13.53,46.08,-32.5691,59.6291,120.0,1
2017-11-19,0,21.6667,1.52,3.83333,80,12.81,38.68,-27.1703,65.5955,153.9,1
2017-11-19,1,20.6667,1.24,3.66667,76,23.9149,70.0319,-23.3435,56.3567,183.0,1
2017-11-19,2,20.1667,1.24,3.5,71,19.1759,61.4514,-14.9245,52.0313,218.743,1
2017-11-19,3,18.6667,0.48,3.33333,79,16.5965,56.6303,-21.0474,66.8134,180.0,1
2017-11-19,4,18.3333,0.48,3.16667,75,15.8908,52.7257,-13.3938,48.3358,229.125,1
2017-11-19,5,18.0,0.96,3.0,70,13.8465,48.62,-21.0474,50.8134,196.725,1
2017-11-19,6,18.1667,0.96,3.0,75,12.1689,47.1584,-22.1954,53.585,188.779,1
2017-11-19,7,18.6667,0.48,2.83333,71,13.8984,57.3176,-22.1954,53.585,193.44,1
2017-11-19,8,19.1667,0.48,2.83333,69,14.9241,59.8284,-21.8128,52.6612,195.789,1
2017-11-19,9,19.5,0.96,2.83333,69,19.6324,55.2738,-21.8128,52.6612,195.789,1
2017-11-19,10,20.1667,0.96,3.0,75,22.1119,50.7103,-22.5781,54.5089,181.895,1
2017-11-19,11,21.5,0.48,3.16667,64,23.1773,44.4573,-24.4915,59.1283,149.368,1
2017-11-19,12,23.3333,0.48,3.5,62,23.7538,40.0219,-19.5167,47.1179,171.55,1
2017-11-19,13,24.8333,1.52,4.0,68,24.603,39.7941,-21.8128,52.6612,146.222,1
2017-11-19,14,25.3333,1.52,4.5,63,24.9397,40.9086,-22.1954,53.585,149.76,1
2017-11-19,15,25.6667,2.08,4.83333,71,32.3456,42.7149,-30.6144,73.9104,120.0,1
2017-11-19,16,25.3333,2.08,5.0,80,31.8844,40.9914,-35.3975,62.4575,143.786,1
2017-11-19,17,24.6667,2.08,5.0,83,29.6119,40.5881,-40.2389,52.1453,147.0,1
2017-11-19,18,22.8333,2.08,4.83333,78,22.7558,39.8291,-48.0835,48.0835,146.348,1
2017-11-19,21,21.0,0.84,4.16667,72,4.47,14.82,-22.5781,54.5089,181.895,1
2017-11-19,23,20.1667,0.84,3.5,80,9.57,13.53,-7.6536,60.4776,167.04,1
2017-11-20,0,20.8333,0.84,3.16667,75,8.79,12.81,-7.6536,60.4776,176.727,0
2017-11-20,1,22.3333,0.0,2.83333,85,4.19054,23.9149,-16.4552,59.7268,160.74,0
2017-11-20,2,24.1667,0.48,2.66667,76,2.97297,19.1759,-8.80164,50.2492,162.991,0
2017-11-20,3,25.5,0.48,2.33333,78,3.09486,16.5965,0.0,60.0,137.048,0
2017-11-20,4,26.8333,0.48,2.16667,75,3.22056,15.8908,0.0,61.0,138.194,0
2017-11-20,5,27.6667,0.48,2.16667,75,3.55694,13.8465,0.0,58.0,149.76,0
2017-11-20,6,27.5,0.48,2.33333,72,6.72703,12.1689,0.0,53.0,170.357,0
2017-11-20,7,26.3333,0.48,2.33333,68,12.6334,13.8984,0.0,75.0,134.014,0
2017-11-20,8,25.0,0.0,2.16667,68,22.5303,14.9241,0.0,69.0,150.528,0
2017-11-20,9,23.1667,0.0,2.33333,69,20.0568,19.6324,0.0,67.0,147.0,0
2017-11-20,10,21.1667,0.0,2.5,69,21.7164,22.1119,0.0,64.0,164.509,0
2017-11-20,11,20.3333,0.48,2.66667,65,28.1143,23.1773,0.0,58.0,206.87,0
2017-11-20,12,20.3333,0.48,2.83333,70,28.8697,23.7538,0.0,55.0,210.189,0
2017-11-20,13,19.8333,1.04,3.16667,73,24.5762,24.603,0.0,58.0,174.0,0
2017-11-20,14,19.0,1.04,3.66667,72,23.0606,24.9397,-7.27092,59.5537,173.46,0
2017-11-20,15,18.0,1.04,3.83333,73,28.115,32.3456,-7.27092,57.5537,195.873,0
2017-11-20,16,17.1667,1.04,3.83333,78,40.3417,31.8844,-7.27092,70.5537,180.0,0
2017-11-20,17,16.5,0.56,4.16667,80,49.0383,29.6119,-7.27092,59.5537,238.105,0
2017-11-20,18,15.1667,1.12,4.16667,84,48.7333,22.7558,0.0,58.0,256.0,0
2017-11-20,21,11.5,0.56,3.0,93,21.6,4.47,0.0,52.0,297.6,0
2017-11-20,23,10.0,0.56,2.0,100,13.54,9.57,-2.12133,47.9073,372.6,0
2017-11-21,0,9.33333,0.0,1.5,93,8.87,8.79,-8.48532,54.2713,342.514,0
2017-11-21,1,8.66667,0.0,1.33333,94,38.5624,4.19054,-12.3121,49.5101,360.0,0
2017-11-21,2,7.0,0.0,1.5,91,27.7809,2.97297,-17.2619,43.4598,411.927,0
2017-11-21,3,7.0,0.0,1.5,96,30.1626,3.09486,-17.969,44.1669,468.218,0
2017-11-21,4,6.16667,0.0,1.66667,92,30.5266,3.22056,-22.2117,48.4096,448.145,0
2017-11-21,5,5.5,0.0,1.83333,92,31.5354,3.55694,-25.9072,38.9403,496.8,0
2017-11-21,6,5.33333,0.0,2.0,92,35.6754,6.72703,-34.7692,35.3104,549.067,0
2017-11-21,7,5.33333,0.0,2.16667,94,39.0746,12.6334,-34.7692,35.3104,549.067,0
2017-11-21,8,6.66667,0.0,2.0,91,42.4017,22.5303,-27.7692,35.3104,496.4,0
2017-11-21,9,7.16667,0.0,2.0,86,41.381,20.0568,-12.4052,28.9464,511.68,0
2017-11-21,10,8.0,0.0,2.16667,88,41.5575,21.7164,-16.8934,16.2635,480.0,0
2017-11-21,11,8.66667,0.0,2.33333,87,39.6576,28.1143,-13.3578,0.0,405.6,0
2017-11-21,12,9.16667,0.0,2.66667,85,38.8557,28.8697,-13.3578,-6.88824,395.2,0
2017-11-21,13,9.83333,0.0,3.0,84,41.0411,24.5762,-18.0804,-17.8444,329.829,0
2017-11-21,14,10.0,0.0,3.33333,84,44.8711,23.0606,-14.0804,-17.8444,300.0,0
2017-11-21,15,9.66667,0.0,3.66667,86,48.0981,28.115,-24.0043,-18.2271,340.267,0
2017-11-21,16,9.16667,0.0,3.83333,92,53.6847,40.3417,-30.4714,-20.9058,312.8,0
2017-11-21,17,8.66667,0.0,3.83333,95,57.7584,49.0383,-29.6507,-16.8379,352.8,0
2017-11-21,18,7.66667,0.0,3.66667,97,63.6164,48.7333,-23.6319,-18.9371,420.0,0
2017-11-21,21,6.0,0.0,3.16667,93,24.28,21.6,-26.0924,-26.2684,448.145,0
2017-11-21,23,5.66667,0.0,3.0,98,25.43,13.54,-40.9192,-35.5072,511.68,0
2017-11-22,0,5.5,0.0,3.0,99,23.22,8.87,-33.5938,-36.2998,555.429,0
2017-11-22,1,5.0,0.0,3.0,99,47.4648,38.5624,-29.0401,-38.2405,583.0,0
2017-11-22,2,5.66667,1.12,3.0,100,42.277,27.7809,-30.9535,-42.8599,540.0,0
2017-11-22,3,6.33333,1.12,3.0,99,42.7733,30.1626,-26.5582,-43.3354,540.6,0
2017-11-22,4,6.83333,2.24,3.16667,97,43.1027,30.5266,-25.7597,-47.4077,514.8,0
2017-11-22,5,7.83333,2.24,3.33333,97,41.3641,31.5354,-19.5167,-47.1179,505.44,0
2017-11-22,6,9.16667,2.24,3.66667,96,40.2558,35.6754,-19.8994,-48.0418,419.76,0
2017-11-22,7,9.33333,2.24,4.16667,95,42.8418,39.0746,-21.0474,-50.8134,300.0,0
2017-11-22,8,9.66667,1.12,4.66667,94,45.1026,42.4017,-23.3767,-50.4367,339.2,0
2017-11-22,9,10.3333,1.12,5.33333,92,39.5889,41.381,-27.7108,-49.8999,312.8,0
2017-11-22,10,11.3333,0.0,5.83333,91,34.7949,41.5575,-30.3976,-43.3864,317.127,0
2017-11-22,11,12.5,0.0,6.5,89,34.9409,39.6576,-31.5457,-20.2894,299.815,0
2017-11-22,12,13.3333,0.0,7.16667,78,37.9833,38.8557,-29.2164,12.5935,228.0,0
2017-11-22,13,15.0,0.0,7.66667,79,39.8625,41.0411,-28.3264,37.0016,180.0,0
2017-11-22,14,15.5,0.0,8.33333,75,45.6162,44.8711,-19.8994,48.0418,228.8,0
2017-11-22,15,14.1667,0.0,8.66667,80,51.0186,48.0981,-25.2569,60.9761,194.133,0
2017-11-22,16,13.0,0.0,8.83333,88,61.3883,53.6847,-20.282,48.9656,299.0,0
2017-11-22,17,11.5,0.0,8.66667,93,66.4197,57.7584,-22.9608,55.4328,309.333,0
2017-11-22,18,10.0,0.0,8.33333,95,62.8063,63.6164,-24.3875,42.2471,385.125,0
2017-11-22,20,8.0,0.0,7.5,91,52.98,74.32,-34.8944,34.3532,423.514,0
2017-11-22,21,8.5,0.0,7.16667,87,26.34,24.28,-25.8944,34.3532,383.314,0
2017-11-22,23,8.5,0.0,6.66667,89,27.95,25.43,0.0552405,10.3324,395.2,0
2017-11-23,0,8.83333,0.0,6.5,86,26.54,23.22,16.3702,6.88824,409.867,0
2017-11-23,1,9.16667,0.0,6.16667,87,48.0558,47.4648,14.5224,-0.76536,380.8,0
2017-11-23,2,9.0,0.0,5.83333,92,48.4224,42.277,12.6746,-8.41896,352.8,0
2017-11-23,3,9.33333,0.0,5.33333,92,50.7124,42.7733,-3.7164,-11.4804,356.4,0
2017-11-23,4,9.66667,0.0,5.0,92,52.003,43.1027,-20.9552,-15.3072,327.6,0
2017-11-23,5,9.66667,0.0,4.5,94,52.2439,41.3641,-38.194,-19.134,300.0,0
2017-11-23,6,8.83333,0.0,4.0,95,53.4679,40.2558,-51.8509,-24.7909,335.345,0
2017-11-23,7,8.16667,0.0,3.66667,85,56.0815,42.8418,-47.2315,-22.8775,398.618,0
2017-11-23,8,8.0,0.0,3.5,90,60.9282,45.1026,-53.6986,-25.5562,372.764,0
2017-11-23,9,8.0,0.0,3.83333,78,59.0095,39.5889,-50.0031,-24.0255,390.0,0
2017-11-23,10,7.5,0.0,4.16667,75,54.6186,34.7949,-51.8509,-24.7909,386.88,0
2017-11-23,11,7.5,0.0,5.0,63,44.7673,34.9409,-49.0792,-23.6428,429.0,0
2017-11-23,12,8.33333,0.0,6.16667,60,38.0365,37.9833,-45.4973,-25.4729,437.25,0
2017-11-23,13,9.33333,0.0,7.5,56,38.3373,39.8625,-50.0031,-24.0255,360.0,0
2017-11-23,14,10.6667,0.0,8.83333,55,42.6462,45.6162,-50.0031,-24.0255,314.743,0
2017-11-23,15,11.3333,0.0,9.66667,61,54.0869,51.0186,-19.2972,-17.52,281.657,0
2017-11-23,16,11.3333,0.0,10.5,71,60.6936,61.3883,6.82688,-9.18432,259.418,0
2017-11-23,17,10.8333,0.0,10.8333,68,66.9822,66.4197,13.8269,-9.18432,250.364,0
2017-11-23,18,10.8333,0.0,10.6667,73,62.1335,62.8063,28.9896,-4.97484,332.215,0
2017-11-23,21,9.66667,0.0,9.0,69,23.91,26.34,-7.25968,-13.7765,320.914,0
2017-11-23,23,11.0,0.0,7.66667,77,21.12,27.95,-14.2597,-13.7765,305.455,0
2017-11-24,0,10.8333,0.0,7.5,73,18.31,26.54,-14.2597,-5.35752,313.5,0
2017-11-24,1,10.6667,0.0,7.16667,79,44.819,48.0558,-12.4119,3.06144,343.385,0
2017-11-24,2,9.83333,0.0,6.83333,82,42.1878,48.4224,10.5985,8.03628,346.92,0
2017-11-24,3,9.5,0.0,6.33333,84,39.0941,50.7124,3.20748,11.0977,312.12,0
2017-11-24,4,9.16667,0.0,6.33333,85,38.1939,52.003,-12.4494,5.44084,325.867,0
2017-11-24,5,8.5,0.0,6.16667,84,39.6062,52.2439,-27.9166,2.76208,372.655,0
2017-11-24,6,8.33333,0.0,5.83333,80,41.2751,53.4679,-10.7539,-1.4474,417.72,0
2017-11-24,7,8.5,0.0,5.83333,79,42.8154,56.0815,-19.0688,-4.89152,360.0,0
2017-11-24,8,9.16667,0.0,6.0,87,48.3292,60.9282,-31.9166,-13.3105,401.85,0
2017-11-24,9,9.5,0.0,6.33333,84,48.1411,59.0095,-35.6121,-20.9641,341.85,0
2017-11-24,10,10.6667,0.0,6.83333,75,42.9672,54.6186,-39.194,-19.134,300.0,0
2017-11-24,11,11.8333,0.0,7.66667,69,37.2279,44.7673,-52.6612,-21.8128,263.467,0
2017-11-24,12,13.0,0.0,8.66667,65,34.8364,38.0365,-57.2806,-23.7262,240.0,0
2017-11-24,13,13.0,0.0,9.83333,62,33.6654,38.3373,-49.8895,-20.6647,241.92,0
2017-11-24,14,13.0,0.0,11.0,60,39.1833,42.6462,-28.6507,-16.8379,248.571,0
2017-11-24,15,13.1667,0.0,12.0,62,42.2718,54.0869,-3.7164,-11.4804,267.429,0
2017-11-24,16,13.1667,0.0,12.1667,70,51.547,60.6936,-0.944759,-10.3324,307.125,0
2017-11-24,17,13.3333,0.0,12.0,74,56.3992,66.9822,-13.8791,-15.6899,248.625,0
2017-11-24,18,12.8333,0.0,11.6667,68,54.8605,62.1335,3.903,-9.567,276.0,0
2017-11-24,21,11.5,0.0,9.66667,78,30.39,23.91,33.0657,-5.35752,277.714,0
2017-11-24,23,9.5,0.23,9.33333,80,17.39,21.12,62.0,0.0,330.72,0
2017-11-25,0,9.16667,0.23,9.0,82,11.7,18.31,47.0,10.0,367.015,1
2017-11-25,1,9.0,0.23,8.66667,84,39.0322,44.819,29.7905,20.1627,363.0,1
2017-11-25,2,8.16667,0.23,8.5,92,33.2884,42.1878,19.7905,29.1627,356.4,1
2017-11-25,3,7.83333,1.22,8.33333,96,30.2678,39.0941,18.6425,31.9343,374.85,1
2017-11-25,4,8.33333,1.22,8.16667,85,30.9708,38.1939,10.6425,38.9343,402.8,1
2017-11-25,5,7.66667,0.99,8.0,90,30.7876,39.6062,8.71358,48.1731,360.0,1
2017-11-25,6,7.5,1.98,7.83333,91,37.3822,41.2751,7.25686,45.877,414.72,1
2017-11-25,7,7.83333,1.98,7.66667,91,45.4122,42.8154,17.2569,35.877,426.0,1
2017-11-25,8,8.83333,1.98,7.33333,94,49.4654,48.3292,17.2569,15.5517,402.8,1
2017-11-25,9,9.66667,1.47,7.16667,88,49.4041,48.1411,14.9608,-4.53488,361.029,1
2017-11-25,10,10.0,1.95,7.16667,83,48.3959,42.9672,10.3686,-22.6214,324.48,1
2017-11-25,11,11.3333,1.95,7.16667,75,47.12,37.2279,-6.83792,-40.6507,309.12,1
2017-11-25,12,11.6667,0.96,7.5,73,47.4089,34.8364,-22.1954,-53.585,271.745,1
2017-11-25,13,11.6667,3.32,7.83333,84,54.6895,33.6654,-26.4713,-51.9077,240.0,1
2017-11-25,14,11.5,3.32,8.33333,78,60.3653,39.1833,-30.8054,-51.371,249.9,1
2017-11-25,15,10.8333,2.84,8.5,80,56.3956,42.2718,-18.2132,-40.2844,291.5,1
2017-11-25,16,10.6667,2.36,8.5,83,48.7203,51.547,-16.6825,-21.8068,350.314,1
2017-11-25,17,10.8333,2.36,8.5,77,48.4571,56.3992,-20.892,-11.6441,300.0,1
2017-11-25,18,11.6667,2.36,8.16667,71,45.01,54.8605,-12.7893,23.6337,329.018,1
2017-11-25,21,16.5,2.24,7.33333,67,6.04,30.39,-38.1839,38.1839,209.012,1
2017-11-25,23,20.1667,2.24,6.16667,75,10.14,17.39,-35.2309,46.0549,186.66,1
2017-11-26,0,21.3333,2.24,5.5,74,11.73,11.7,-21.0887,59.9127,131.368,1
2017-11-26,1,22.1667,1.12,4.83333,78,20.8003,39.0322,0.0,52.0,175.886,1
2017-11-26,2,21.3333,1.12,4.16667,72,19.7892,33.2884,0.0,74.0,138.857,1
2017-11-26,3,20.3333,0.0,3.5,76,18.1076,30.2678,0.0,61.0,192.15,1
2017-11-26,4,19.6667,0.0,3.0,75,19.6146,30.9708,0.0,74.0,180.0,1
2017-11-26,5,17.1667,0.0,3.0,74,25.4703,30.7876,0.0,66.0,219.927,1
2017-11-26,6,15.6667,0.0,3.0,76,30.5446,37.3822,0.0,57.0,245.92,1
2017-11-26,7,14.8333,0.0,2.83333,78,32.1554,45.4122,0.0,57.0,232.615,1
2017-11-26,8,14.6667,0.0,2.83333,74,33.4019,49.4654,0.0,61.0,218.625,1
2017-11-26,9,14.8333,0.0,2.83333,72,37.4,49.4041,-5.35752,57.9343,214.338,1
2017-11-26,10,15.0,0.0,2.83333,75,43.5249,48.3959,-10.715,57.8686,220.0,1
2017-11-26,11,16.5,0.0,3.0,66,45.4319,47.12,-10.715,59.8686,217.412,1
2017-11-26,12,17.5,0.0,3.33333,58,44.3054,47.4089,-5.35752,51.9343,203.914,1
2017-11-26,13,17.8333,0.0,3.83333,55,41.4151,54.6895,0.0,60.0,164.965,1
2017-11-26,14,18.1667,0.0,4.16667,56,39.9556,60.3653,-7.27092,60.5537,176.727,1
2017-11-26,15,17.8333,0.0,4.33333,57,42.64,56.3956,-13.3938,53.3358,211.714,1
2017-11-26,16,17.1667,0.0,4.33333,63,53.2878,48.7203,-17.986,64.4224,199.886,1
2017-11-26,17,15.6667,0.0,4.0,67,57.7588,48.4571,-22.9608,55.4328,245.937,1
2017-11-26,21,11.8333,0.0,2.16667,65,15.23,6.04,-32.4827,47.0951,269.077,1
2017-11-26,23,11.0,0.0,1.83333,69,14.45,10.14,-43.7823,31.8759,291.5,1
2017-11-27,0,11.0,0.0,1.66667,70,11.66,11.73,-47.5051,24.2334,317.127,0
2017-11-27,1,11.1667,0.0,1.5,64,21.5592,20.8003,-48.2122,24.9406,305.455,0
2017-11-27,2,11.3333,0.0,1.5,73,19.3954,19.7892,-46.5348,29.2164,294.0,0
2017-11-27,3,11.8333,0.0,1.5,74,18.9467,18.1076,-44.8574,33.4922,291.5,0
2017-11-27,4,11.8333,0.0,1.5,68,16.9649,19.6146,-43.6704,38.7996,240.0,0
2017-11-27,5,12.1667,0.0,1.66667,71,17.8803,25.4703,-39.9477,46.4421,240.0,0
2017-11-27,6,12.0,0.0,1.83333,72,21.2881,30.5446,-39.2406,45.735,249.9,0
2017-11-27,7,12.5,0.0,2.16667,72,23.9627,32.1554,-38.5334,45.0278,260.0,0
2017-11-27,8,13.0,0.0,2.16667,74,28.18,33.4019,-35.7883,50.4007,249.171,0
2017-11-27,9,13.0,0.0,2.16667,73,26.8695,37.4,-31.9033,40.0213,270.327,0
2017-11-27,10,13.8333,0.0,2.5,69,27.5851,43.5249,-34.0246,42.1426,238.255,0
2017-11-27,11,14.8333,0.0,3.0,61,24.1954,45.4319,-38.2673,46.3853,211.68,0
2017-11-27,12,16.1667,0.0,3.5,57,23.2954,44.3054,-44.5479,44.5479,195.52,0
2017-11-27,13,16.6667,0.0,4.0,57,23.413,41.4151,-31.3127,41.5955,216.847,0
2017-11-27,14,17.3333,0.0,4.5,53,26.7337,39.9556,-26.18,46.2044,209.012,0
2017-11-27,15,17.3333,0.0,4.83333,59,39.1693,42.64,-21.4301,51.7373,202.926,0
2017-11-27,16,16.3333,0.0,4.83333,68,48.0782,53.2878,-24.0587,44.0831,236.733,0
2017-11-27,17,15.3333,0.0,4.5,67,48.9143,57.7588,-31.8369,51.8613,224.0,0
2017-11-28,1,15.5,0.0,3.0,64,19.8745,21.5592,32.1418,-5.7402,218.625,0
2017-11-28,2,15.3333,0.0,3.33333,74,18.2503,19.3954,32.1418,-5.7402,211.68,0
2017-11-28,3,15.1667,0.0,3.66667,69,16.9143,18.9467,32.1418,-5.7402,211.68,0
2017-11-28,4,15.1667,0.0,3.83333,67,13.7567,16.9649,32.1418,-5.7402,211.68,0
2017-11-28,5,14.6667,0.0,4.0,71,12.9661,17.8803,32.1418,-5.7402,218.625,0
2017-11-28,6,14.8333,0.0,4.0,67,14.7092,21.2881,28.1418,-5.7402,245.92,0
2017-11-28,7,14.6667,0.53,4.16667,71,18.4862,23.9627,29.1418,-5.7402,237.12,0
2017-11-28,8,14.6667,1.06,4.33333,71,20.8773,28.18,58.0,0.0,237.12,0
2017-11-28,9,14.6667,1.59,4.5,66,21.425,26.8695,58.0,0.0,216.0,0
2017-11-28,10,14.1667,1.59,4.66667,75,22.6,27.5851,61.0,0.0,218.625,0
2017-11-28,11,14.5,1.97,4.83333,75,24.0547,24.1954,57.0,0.0,245.92,0
2017-11-28,12,14.1667,2.38,5.0,76,27.2543,23.2954,56.0,0.0,254.88,0
2017-11-28,13,13.8333,2.23,5.0,75,35.6776,23.413,55.0,0.0,264.0,0
2017-11-28,14,13.0,1.7,5.0,73,39.0079,26.7337,53.0,0.0,265.5,0
2017-11-28,15,12.1667,1.4,5.16667,75,48.2134,39.1693,31.7612,3.8268,297.0,0
2017-11-28,16,11.8333,1.4,5.0,85,55.4537,48.0782,41.7612,3.8268,268.029,0
2017-11-28,17,11.1667,1.35,4.83333,79,58.7775,48.9143,37.7612,3.8268,307.8,0
2017-11-28,18,10.1667,0.99,4.66667,83,49.3067,46.0488,33.7612,3.8268,343.385,0
2017-11-29,1,8.16667,0.0,3.83333,78,39.7036,19.8745,-10.5642,12.2458,425.455,0
2017-11-29,2,8.5,0.0,3.5,95,43.5172,18.2503,-18.8791,15.6899,372.764,0
2017-11-29,3,7.83333,0.51,3.16667,100,44.9578,16.9143,6.75076,8.80164,393.6,0
2017-11-29,4,7.16667,0.51,2.83333,87,45.9992,13.7567,9.75076,8.80164,408.857,0
2017-11-29,5,7.0,1.02,2.5,86,47.5558,12.9661,10.6746,3.8268,458.28,0
2017-11-29,6,6.5,1.02,2.0,86,48.9781,14.7092,16.6746,3.8268,434.52,0
2017-11-29,7,6.16667,1.02,1.83333,87,55.2878,18.4862,2.43198,-0.41586,454.629,0
2017-11-29,8,5.83333,1.02,1.66667,79,63.5572,20.8773,2.43198,-5.77338,482.4,0
2017-11-29,9,6.33333,0.51,1.5,84,66.2725,21.425,-13.0352,-8.45214,515.2,0
2017-11-29,10,6.0,0.51,1.66667,75,64.9632,22.6,-18.5785,-10.7482,480.0,0
2017-11-29,11,5.33333,0.0,1.83333,68,59.1092,24.0547,-13.9591,-15.7231,564.667,0
2017-11-29,12,5.33333,0.0,2.33333,64,54.8654,27.2543,-15.8068,-16.4884,593.6,0
2017-11-29,13,5.16667,0.0,2.83333,63,52.5819,35.6776,-18.8068,-16.4884,540.0,0
2017-11-29,14,4.83333,0.0,3.5,67,56.6531,39.0079,-15.8068,-16.4884,540.0,0
2017-11-29,15,4.5,0.0,4.0,75,58.8494,48.2134,-5.26354,-14.1923,561.0,0
2017-11-29,16,4.33333,0.0,4.0,87,75.3956,55.4537,-14.092,-11.3639,604.2,0
2017-11-29,17,5.0,0.0,3.83333,94,83.9069,58.7775,-16.2133,-9.24257,600.0,0
2017-11-30,1,4.5,0.0,0.333333,90,76.68,39.7036,-4.4492,-4.11814,660.0,0
2017-11-30,2,4.83333,0.0,0.333333,86,74.5367,43.5172,-15.4492,-11.1181,655.2,0
2017-11-30,3,5.33333,0.0,0.5,87,71.677,44.9578,-12.7955,-21.6112,649.0,0
2017-11-30,4,5.33333,0.0,0.666667,88,71.0144,45.9992,-12.7955,-25.6112,622.2,0
2017-11-30,5,5.33333,0.0,0.833333,93,69.7353,47.5558,-10.4994,-35.1545,667.8,0
2017-11-30,7,4.66667,0.0,1.0,84,71.3612,55.2878,-10.9562,-47.4506,683.7,0
2017-11-30,10,6.16667,0.0,1.5,77,81.4525,64.9632,5.25348,-42.338,540.0,0
2017-11-30,11,6.83333,0.0,1.83333,71,83.4533,59.1092,14.9406,-32.8561,583.0,0
2017-11-30,13,8.66667,0.0,2.5,68,76.4346,52.5819,36.2367,-14.3128,440.64,0
2017-11-30,15,10.5,0.0,2.83333,79,82.2221,58.8494,56.706,0.38268,312.8,0
2017-11-30,16,11.5,0.0,2.66667,91,74.63,75.3956,55.0,0.0,288.0,0
2017-11-30,17,12.6667,0.0,2.5,90,61.13,83.9069,58.9343,5.35752,240.0,0
2017-11-30,21,14.1667,0.0,1.33333,86,57.6182,105.46,50.3335,27.0619,243.6,0
2017-11-30,23,14.3333,0.0,1.0,83,55.8471,95.63,41.4923,37.8159,245.1,0
2018-10-01,0,7.16667,0.0,7.83333,94,45.1029,40.945,-25.7087,-16.7959,470.25,0
2018-10-01,1,6.33333,0.0,6.5,95,41.6543,41.22,-27.6221,-21.4153,452.4,0
2018-10-01,2,6.0,0.0,5.5,96,40.1964,37.1421,-20.0518,-20.3778,461.76,0
2018-10-01,3,6.0,0.0,4.5,100,39.0523,37.23,-18.1111,-28.7584,495.0,0
2018-10-01,4,6.33333,0.0,4.0,95,40.4207,35.9521,-14.5292,-38.2421,515.2,0
2018-10-01,5,6.0,0.0,3.0,100,38.6079,35.5543,-11.1641,-39.7477,538.65,0
2018-10-01,6,5.33333,0.0,2.66667,100,37.38,36.7629,-13.9925,-42.5761,532.65,0
2018-10-01,7,5.16667,0.0,2.5,100,40.2473,37.9114,-14.6996,-43.2832,577.2,0
2018-10-01,8,4.66667,0.0,2.5,95,41.7493,39.9754,-11.8712,-40.4548,610.56,0
2018-10-01,9,4.16667,0.0,2.33333,100,37.6857,34.5957,-18.2352,-39.7477,649.0,0
2018-10-01,10,4.16667,0.0,3.5,65,29.6464,28.8938,-21.7707,-43.2832,600.0,0
2018-10-01,11,4.5,0.0,5.66667,54,23.0927,21.8536,-26.7787,-27.954,610.56,0
2018-10-01,12,5.66667,0.23,7.83333,44,22.9147,16.9785,-34.2354,-25.6307,620.229,0
2018-10-01,13,6.83333,0.46,10.0,40,21.972,11.5379,-38.9477,-16.1021,615.6,0
2018-10-01,14,7.83333,0.46,12.1667,42,20.2971,10.52,-33.2908,0.55477,540.0,0
2018-10-01,15,9.0,0.46,14.5,41,16.2214,10.7536,-21.9771,21.8685,429.3,0
2018-10-01,16,10.3333,0.46,15.5,42,16.268,14.7829,-20.2052,39.3191,345.257,0
2018-10-01,17,11.6667,0.46,15.8333,45,19.6385,16.3407,-11.9832,50.148,265.2,0
2018-10-01,18,13.0,0.23,15.6667,49,28.3908,23.4464,5.30738,49.0209,276.12,0
2018-10-01,19,13.8333,0.0,15.0,54,41.9008,39.94,5.30738,55.0209,225.5,0
2018-10-01,20,13.8333,0.0,14.0,63,39.1607,54.5369,9.89954,59.9343,211.68,0
2018-10-01,21,13.6667,0.0,13.1667,66,41.8592,51.2786,6.07274,54.1731,248.571,0
2018-10-01,22,13.3333,0.0,12.3333,70,28.9083,49.6462,-8.03628,51.4015,288.225,0
2018-10-01,23,13.3333,0.0,11.5,79,14.5785,48.3114,-17.2287,60.5939,240.0,0
2018-10-02,0,13.6667,0.0,10.8333,79,15.4736,45.1029,-22.5862,57.5282,257.4,0
2018-10-02,1,13.8333,0.0,10.3333,81,13.695,41.6543,-6.03145,48.9193,228.0,0
2018-10-02,2,14.3333,0.0,10.0,82,14.3364,40.1964,-1.82197,55.7566,188.308,0
2018-10-02,3,14.8333,0.0,9.5,89,17.4293,39.0523,7.37046,59.5642,196.114,0
2018-10-02,4,15.1667,0.0,8.83333,92,16.7529,40.4207,12.728,60.6298,224.0,0
2018-10-02,5,15.3333,0.0,8.33333,96,13.8843,38.6079,0.0,59.0,241.553,0
2018-10-02,6,14.8333,0.0,7.66667,98,13.2946,37.38,0.0,57.0,232.615,0
2018-10-02,7,14.6667,0.0,7.0,100,13.7,40.2473,0.0,59.0,221.571,0
2018-10-02,8,15.1667,0.0,6.5,90,12.5757,41.7493,0.0,61.0,211.68,0
2018-10-02,9,15.6667,0.0,6.33333,82,10.495,37.6857,0.0,62.0,203.52,0
2018-10-02,10,15.8333,0.0,6.5,67,9.16143,29.6464,0.0,64.0,187.68,0
2018-10-02,11,16.1667,0.0,6.83333,60,12.1407,23.0927,0.0,65.0,187.425,0
2018-10-02,12,16.8333,0.0,7.5,51,14.3729,22.9147,-6.50556,64.706,180.0,0
2018-10-02,13,17.8333,0.0,8.5,51,12.7243,21.972,-13.7765,49.2597,220.8,0
2018-10-02,14,19.1667,0.0,9.5,45,10.5873,20.2971,-22.1954,53.585,179.082,0
2018-10-02,15,20.3333,0.0,10.3333,43,10.1862,16.2214,-24.8742,60.0522,143.242,0
2018-10-02,16,21.6667,0.0,10.8333,50,11.915,16.268,-26.7876,64.6716,130.473,0
2018-10-02,17,22.8333,0.0,11.1667,42,8.83071,19.6385,-27.553,66.5194,130.0,0
2018-10-02,18,23.8333,0.0,11.1667,44,15.9429,28.3908,-27.553,66.5194,130.0,0
2018-10-02,19,24.1667,0.0,11.0,52,15.6929,41.9008,-27.9356,67.4432,124.95,0
2018-10-02,20,24.3333,0.0,10.5,54,16.5258,39.1607,-27.9356,67.4432,124.95,0
2018-10-02,21,24.6667,0.69,10.1667,55,12.3471,41.8592,-28.3183,68.3671,124.848,0
2018-10-02,22,25.0,0.69,10.0,64,14.9654,28.9083,-19.5167,47.1179,174.048,0
2018-10-02,23,25.5,0.69,9.83333,70,15.9457,14.5785,-28.3345,42.4057,170.769,0
2018-10-03,0,24.6667,0.69,9.5,76,17.2877,15.4736,-28.7172,43.3296,165.092,0
2018-10-03,1,24.1667,0.69,9.16667,73,14.9267,13.695,-42.8594,57.4718,134.538,0
2018-10-03,2,23.1667,0.69,9.0,65,12.7079,14.3364,-39.3239,53.9363,165.2,0
2018-10-03,3,22.3333,0.0,8.66667,62,12.4343,17.4293,-42.4266,42.4266,180.0,0
2018-10-03,4,21.8333,1.45,8.33333,61,12.6436,16.7529,-43.1337,43.1337,178.286,0
2018-10-03,5,21.6667,1.45,8.16667,66,9.78,13.8843,-37.086,49.5336,155.621,0
2018-10-03,6,22.5,1.45,8.33333,66,6.61846,13.2946,-33.6006,60.1194,125.314,0
2018-10-03,7,23.1667,1.45,8.5,80,7.12467,13.7,-9.94968,49.0209,176.538,0
2018-10-03,8,24.3333,1.45,8.66667,74,6.19933,12.5757,-19.5167,72.1179,120.0,0
2018-10-03,9,26.0,1.45,9.0,66,6.86429,10.495,-19.5167,47.1179,174.048,0
2018-10-03,10,27.3333,0.0,9.33333,68,5.83214,9.16143,-9.94968,55.0209,143.308,0
2018-10-03,11,28.8333,0.0,9.5,72,5.48313,12.1407,0.0,62.0,133.548,0
2018-10-03,12,30.6667,0.0,9.83333,66,7.258,14.3729,-13.3938,63.3358,115.742,0
2018-10-03,13,31.6667,0.0,10.1667,65,5.22429,12.7243,-13.3938,68.3358,107.52,0
2018-10-03,14,32.3333,0.0,10.6667,58,5.83231,10.5873,0.0,67.0,126.5,0
2018-10-03,15,32.0,0.0,11.0,57,6.75625,10.1862,0.0,61.0,138.194,0
2018-10-03,16,31.5,0.0,11.5,45,5.15545,11.915,0.0,59.0,144.84,0
2018-10-03,17,30.3333,0.0,11.8333,57,7.98,8.83071,19.7991,54.8686,151.945,0
2018-10-03,18,28.5,0.0,11.8333,49,11.0354,15.9429,19.7991,53.8686,154.286,0
2018-10-03,19,26.1667,0.0,11.6667,47,15.8717,15.6929,17.6777,51.097,170.357,0
2018-10-03,20,22.8333,0.0,11.3333,54,18.491,16.5258,17.6777,68.097,159.086,0
2018-10-03,21,20.5,0.0,10.8333,59,19.442,12.3471,17.6777,50.097,255.792,0
2018-10-03,22,18.3333,0.0,9.83333,68,21.6522,14.9654,17.6777,65.097,231.072,0
2018-10-03,23,16.1667,0.0,9.0,62,14.4283,15.9457,0.0,57.0,258.353,0
2018-10-04,0,13.6667,0.0,8.16667,71,12.206,17.2877,0.0,55.0,231.0,0
2018-10-04,1,12.8333,0.0,7.66667,74,12.26,14.9267,-3.8268,54.2388,264.0,0
2018-10-04,2,13.5,0.0,7.0,69,12.5467,12.7079,-8.41896,50.3254,292.32,0
2018-10-04,3,13.0,0.0,6.5,70,7.74909,12.4343,-8.41896,49.3254,302.08,0
2018-10-04,4,13.1667,0.0,6.33333,72,4.45833,12.6436,-13.0111,60.4119,257.92,0
2018-10-04,5,13.3333,0.0,6.16667,73,4.615,9.78,-15.3072,50.9552,255.2,0
2018-10-04,6,14.0,0.0,6.16667,74,4.83167,6.61846,-10.715,55.8686,230.4,0
2018-10-04,7,14.6667,0.0,6.0,72,8.56286,7.12467,-10.715,55.8686,216.0,0
2018-10-04,8,14.1667,0.0,6.16667,73,12.5585,6.19933,-6.12288,60.7821,210.6,0
2018-10-04,9,14.1667,0.0,6.5,70,8.074,6.86429,-4.20948,56.1627,252.225,0
2018-10-04,10,13.8333,0.0,7.16667,78,7.05533,5.83214,-8.80164,51.2492,277.114,0
2018-10-04,11,13.8333,0.0,8.0,69,8.18286,5.48313,-8.80164,51.2492,288.225,0
2018-10-04,12,14.6667,0.0,9.0,62,8.38214,7.258,-8.80164,51.2492,259.418,0
2018-10-04,13,15.0,0.0,10.1667,63,9.18467,5.22429,-4.59216,60.0866,188.7,0
2018-10-04,14,16.0,0.0,11.3333,57,8.14077,5.83231,0.0,53.0,212.625,0
2018-10-04,15,16.6667,0.0,12.5,56,7.63571,6.75625,0.0,54.0,217.579,0
2018-10-04,16,16.6667,0.0,13.3333,52,11.2738,5.15545,0.0,51.0,236.733,0
2018-10-04,17,16.3333,0.0,13.6667,60,21.2083,7.98,0.0,65.0,201.4,0
2018-10-04,18,14.5,0.0,13.8333,59,32.5292,11.0354,0.0,61.0,225.318,0
2018-10-04,19,12.8333,0.0,13.5,67,43.6377,15.8717,-3.06144,51.391,297.6,0
2018-10-04,20,10.8333,0.0,12.8333,77,44.7192,18.491,-6.12288,58.7821,294.0,0
2018-10-04,21,9.33333,0.0,11.8333,76,41.0693,19.442,-9.65843,62.3176,309.825,0
2018-10-04,22,8.33333,0.0,10.8333,78,38.2375,21.6522,-16.1256,48.9964,387.771,0
2018-10-04,23,7.5,0.0,10.1667,84,35.18,14.4283,-23.5166,52.0578,360.0,0
2018-10-05,0,7.16667,0.0,9.5,84,30.2779,12.206,-31.8315,41.5019,419.571,0
2018-10-05,1,7.16667,0.0,9.0,88,25.9507,12.26,-25.8315,27.5019,470.25,0
2018-10-05,2,7.66667,0.0,8.66667,91,24.7454,12.5467,-14.7701,20.1109,470.25,0
2018-10-05,3,7.33333,0.0,8.33333,91,27.3008,7.74909,-19.0997,9.65843,440.64,0
2018-10-05,4,6.83333,0.0,8.16667,83,27.6685,4.45833,-10.5642,6.12288,460.8,0
2018-10-05,5,6.33333,0.0,8.0,82,27.2015,4.615,-5.56416,6.12288,437.143,0
2018-10-05,6,6.66667,0.0,7.83333,81,25.2885,4.83167,-4.64028,1.14804,469.05,0
2018-10-05,7,6.16667,0.0,7.83333,85,24.0564,8.56286,-4.64028,-4.97484,482.4,0
2018-10-05,8,5.83333,0.0,8.0,86,30.9685,12.5585,8.67464,-8.41896,517.0,0
2018-10-05,9,6.5,0.0,8.66667,77,23.7365,8.074,8.67464,-8.41896,538.65,0
2018-10-05,10,7.16667,0.0,9.33333,68,22.3492,7.05533,-7.64028,-11.8631,520.8,0
2018-10-05,11,7.66667,0.0,10.5,57,18.584,8.18286,8.75076,-8.80164,461.76,0
2018-10-05,12,7.83333,0.0,11.8333,50,16.5586,8.38214,-9.56416,-12.2458,432.0,0
2018-10-05,13,8.5,0.0,13.5,45,12.8654,9.18467,-12.3358,-13.3938,405.45,0
2018-10-05,14,9.0,0.0,15.0,46,11.6182,8.14077,-18.2597,-13.7765,385.0,0
2018-10-05,15,8.83333,0.0,16.3333,42,12.9564,7.63571,-32.5746,-17.2206,366.667,0
2018-10-05,16,8.66667,0.0,17.5,43,14.76,11.2738,-16.2597,-13.7765,380.8,0
2018-10-05,17,9.0,0.0,17.8333,49,14.9418,21.2083,-32.6507,-16.8379,395.2,0
2018-10-05,18,9.33333,0.0,17.8333,57,19.5273,32.5292,-13.3358,-13.3938,366.667,0
2018-10-05,19,9.83333,0.0,17.1667,69,31.1233,43.6377,-12.7991,-17.7279,339.2,0
2018-10-05,20,9.83333,0.0,16.1667,80,38.2717,44.7192,-12.9695,-22.7691,300.0,0
2018-10-05,21,9.83333,0.0,15.0,82,36.9092,41.0693,-19.0186,-25.689,333.45,0
2018-10-05,22,9.83333,0.0,13.6667,83,36.4542,38.2375,-14.689,-30.0186,353.455,0
2018-10-05,23,9.5,0.0,12.5,78,36.8958,35.18,-17.7504,-37.4096,323.345,0
2018-10-06,0,9.16667,0.0,11.5,84,36.0273,30.2779,-32.1945,-45.7245,347.564,1
2018-10-06,1,8.66667,0.0,10.6667,85,34.4383,25.9507,-30.7803,-44.3103,381.9,1
2018-10-06,2,8.66667,0.0,9.83333,89,31.4409,24.7454,-28.659,-42.189,395.2,1
2018-10-06,3,8.66667,0.0,8.83333,94,27.8273,27.3008,-28.659,-42.189,386.4,1
2018-10-06,4,8.66667,0.0,8.16667,95,27.2682,27.6685,-31.2544,-40.4548,386.4,1
2018-10-06,5,8.16667,0.0,7.66667,93,26.5655,27.2015,-33.8498,-38.7206,395.2,1
2018-10-06,6,8.16667,0.0,6.66667,100,26.3664,25.2885,-38.0925,-42.9633,374.0,1
2018-10-06,7,7.66667,0.0,6.0,100,27.8608,24.0564,-38.0925,-42.9633,374.0,1
2018-10-06,8,6.66667,0.0,6.0,98,27.59,30.9685,-34.0246,-42.1426,417.6,1
2018-10-06,9,6.5,0.0,5.83333,100,27.9983,23.7365,-35.1726,-44.9142,435.2,1
2018-10-06,10,7.0,0.0,6.66667,70,27.2338,22.3492,-31.4874,-45.0174,466.4,1
2018-10-06,11,7.0,0.0,8.0,58,25.8408,18.584,-14.1234,-38.6534,420.0,1
2018-10-06,12,7.0,0.0,10.1667,50,23.3246,16.5586,-12.7092,-37.2392,452.4,1
2018-10-06,13,7.16667,0.0,12.5,45,19.5992,12.8654,-11.1246,-30.7838,479.467,1
2018-10-06,14,7.83333,0.0,14.6667,44,21.7385,11.6182,-13.8033,-24.3166,435.2,1
2018-10-06,15,8.16667,0.0,17.3333,42,20.2408,12.9564,-3.35922,-16.0017,420.0,1
2018-10-06,16,8.16667,0.0,18.8333,47,24.7625,14.76,9.0849,-7.68678,375.943,1
2018-10-06,17,8.66667,0.0,19.5,51,26.3033,14.9418,22.7637,-1.21962,372.764,1
2018-10-06,18,8.83333,0.0,19.6667,56,38.6758,19.5273,7.6914,-0.42108,395.2,1
2018-10-06,19,9.16667,0.0,19.1667,64,47.7209,31.1233,26.0063,3.02304,361.029,1
2018-10-06,20,9.16667,0.0,18.1667,73,53.1209,38.2717,37.6851,-3.44412,329.829,1
2018-10-06,21,8.66667,0.0,16.8333,78,50.8636,36.9092,37.6851,-3.44412,352.8,1
2018-10-06,22,8.33333,0.0,15.3333,82,53.14,36.4542,34.6851,-3.44412,411.927,1
2018-10-06,23,7.5,0.0,14.0,87,45.07,36.8958,26.3702,-6.88824,360.0,1
2018-10-07,0,6.83333,0.0,12.8333,89,45.5717,36.0273,11.6746,-8.41896,432.667,1
2018-10-07,1,6.33333,0.0,11.8333,89,45.9233,34.4383,25.9896,-4.97484,488.52,1
2018-10-07,2,6.16667,0.0,11.1667,85,45.745,31.4409,21.7469,-9.2175,464.28,1
2018-10-07,3,6.5,0.0,10.8333,83,46.9991,27.8273,7.50424,-13.4602,515.2,1
2018-10-07,4,5.83333,0.0,10.6667,92,48.13,27.2682,-8.8868,-16.5216,509.143,1
2018-10-07,5,6.5,0.0,10.3333,100,49.9175,26.5655,-12.4223,-20.0571,480.0,1
2018-10-07,6,6.66667,0.0,9.66667,100,48.9545,26.3664,-31.0792,-25.714,532.0,1
2018-10-07,7,6.83333,0.0,9.5,100,47.6825,27.8608,-37.5464,-28.3928,480.0,1
2018-10-07,8,7.5,0.0,9.83333,97,47.8362,27.59,-32.0031,-26.0967,477.0,1
2018-10-07,9,8.0,0.0,10.1667,96,47.88,27.9983,-42.9992,-25.6808,451.0,1
2018-10-07,10,9.16667,0.0,11.0,69,42.0227,27.2338,-48.9193,-25.6477,390.0,1
2018-10-07,11,9.5,0.0,12.5,59,39.5875,25.8408,-42.5848,-7.96412,341.85,1
2018-10-07,12,10.3333,0.0,14.5,55,30.3467,23.3246,-43.9991,4.76386,300.0,1
2018-10-07,13,12.0,0.0,16.3333,52,26.8618,19.5992,-35.6569,21.2079,297.0,1
2018-10-07,14,13.1667,0.0,17.8333,51,27.1673,21.7385,-16.2554,46.2442,286.7,1
2018-10-07,15,14.1667,0.0,18.8333,58,29.7092,20.2408,0.35761,50.8636,220.32,1
2018-10-07,16,17.1667,0.0,19.0,62,15.8075,24.7625,24.0417,48.4119,232.941,1
2018-10-07,17,20.0,0.0,18.1667,78,15.6742,26.3033,45.255,52.6252,138.424,1
2018-10-07,18,21.6667,0.0,17.1667,95,13.5569,38.6758,46.1581,31.5457,154.76,1
2018-10-07,19,22.0,0.0,15.8333,87,17.1817,47.7209,61.7145,47.1021,124.44,1
2018-10-07,20,21.6667,0.0,14.1667,73,17.7133,53.1209,53.9363,39.3239,165.2,1
2018-10-07,21,20.3333,0.0,12.6667,75,14.27,50.8636,42.8497,34.7317,216.0,1
2018-10-07,22,16.5,0.0,11.3333,75,6.58917,53.14,49.2137,41.0957,226.964,1
2018-10-07,23,14.0,0.0,10.6667,70,6.3575,45.07,54.1635,46.0455,240.0,1
2018-10-08,0,11.8333,0.0,9.83333,78,6.79455,45.5717,47.0924,38.9744,298.8,0
2018-10-08,1,10.1667,0.0,9.0,79,7.55308,45.9233,41.9722,28.9834,367.92,0
2018-10-08,2,8.66667,0.0,8.33333,79,8.26,45.745,48.3362,35.3474,341.28,0
2018-10-08,3,8.33333,0.0,7.83333,79,9.40231,46.9991,40.0213,31.9033,395.2,0
2018-10-08,4,8.16667,0.0,7.5,75,8.51167,48.13,46.4884,34.582,360.0,0
2018-10-08,5,7.16667,0.0,7.16667,74,8.1525,49.9175,45.6677,30.5141,375.943,0
2018-10-08,6,7.33333,0.0,6.83333,86,9.06182,48.9545,46.2612,27.8604,450.3,0
2018-10-08,7,6.5,0.0,6.5,97,14.5823,47.6825,47.7759,19.3751,448.0,0
2018-10-08,8,6.66667,0.0,6.33333,85,20.0358,47.8362,51.4714,17.8444,450.667,0
2018-10-08,9,6.66667,0.0,6.5,74,15.9329,47.88,49.6237,11.7215,482.4,0
2018-10-08,10,6.83333,0.0,6.83333,72,12.9964,42.0227,49.7268,2.67876,477.0,0
2018-10-08,11,6.66667,0.0,7.5,62,9.82187,39.5875,39.2338,-4.56709,472.457,0
2018-10-08,12,6.83333,0.0,8.5,50,7.80143,30.3467,32.7666,-12.2458,496.8,0
2018-10-08,13,8.0,0.0,9.83333,49,6.80429,26.8618,13.9019,-24.6162,488.52,0
2018-10-08,14,8.16667,0.0,11.1667,53,8.30692,27.1673,-3.87635,-32.3944,405.6,0
2018-10-08,15,8.16667,0.0,12.1667,50,12.8457,29.7092,0.42813,-30.8637,375.943,0
2018-10-08,16,7.66667,0.0,13.1667,47,16.095,15.8075,-10.9888,-33.1347,375.943,0
2018-10-08,17,8.33333,0.0,13.8333,51,18.4933,15.6742,-21.1515,-31.9867,425.829,0
2018-10-08,18,7.66667,0.0,13.8333,61,25.3858,13.5569,-24.5166,-30.481,360.0,0
2018-10-08,19,7.16667,0.0,13.3333,71,40.0333,17.1817,-29.4664,-30.4308,412.364,0
2018-10-08,20,7.16667,0.0,12.5,81,47.6417,17.7133,-27.3451,-28.3095,453.927,0
2018-10-08,21,6.83333,0.0,11.5,84,48.8825,14.27,-25.2237,-26.1881,470.25,0
2018-10-08,22,7.33333,0.0,10.3333,84,47.1309,6.58917,-27.1371,-30.8075,452.4,0
2018-10-08,23,6.66667,0.0,8.83333,92,47.2517,6.3575,-40.0869,-35.7573,454.629,0
2018-10-09,0,7.0,0.0,7.83333,93,44.5027,6.79455,-37.0505,-35.4269,443.7,0
2018-10-09,1,6.83333,0.0,7.16667,94,44.1925,7.55308,-33.355,-42.8962,435.2,0
2018-10-09,2,6.66667,0.0,6.5,95,43.8627,8.26,-27.7189,-45.9193,437.143,0
2018-10-09,3,6.5,0.0,6.16667,88,42.9,9.40231,-25.4478,-47.4366,452.4,0
2018-10-09,4,6.16667,0.0,5.83333,89,44.6492,8.51167,-19.791,-45.7798,520.8,0
2018-10-09,5,6.0,0.0,5.66667,100,44.135,8.1525,-23.3265,-49.3153,497.25,0
2018-10-09,6,5.66667,0.0,5.5,100,44.69,9.06182,-13.6696,-43.6584,524.16,0
2018-10-09,7,5.33333,0.0,5.0,100,47.6438,14.5823,-14.435,-45.5062,517.029,0
2018-10-09,8,5.0,0.0,5.0,100,50.44,20.0358,-13.0208,-44.092,524.16,0
2018-10-09,9,5.5,0.0,5.33333,100,50.6236,15.9329,-14.6429,-43.0081,582.4,0
2018-10-09,10,5.83333,0.0,6.33333,86,49.3533,12.9964,-21.1101,-36.6869,595.2,0
2018-10-09,11,6.16667,0.0,7.5,78,46.986,9.82187,-23.3811,-25.27,595.2,0
2018-10-09,12,6.0,0.0,9.0,72,45.3573,7.80143,-28.9244,-27.566,540.0,0
2018-10-09,13,6.16667,0.0,11.0,71,42.1513,6.80429,-30.4883,-21.3415,546.96,0
2018-10-09,14,6.33333,0.0,13.0,69,38.52,8.30692,-31.1954,-22.0486,504.9,0
2018-10-09,15,6.33333,0.0,14.6667,66,39.762,12.8457,-39.438,-17.806,517.029,0
2018-10-09,16,6.16667,0.0,16.0,59,39.0257,16.095,-36.7593,-4.33883,480.0,0
2018-10-09,17,5.66667,0.0,17.0,63,40.32,18.4933,-35.2315,5.02835,528.0,0
2018-10-09,18,5.5,0.0,17.3333,75,47.4,25.3858,-37.3528,7.14968,536.057,0
2018-10-09,19,5.5,0.0,17.3333,81,59.1792,40.0333,-34.4212,13.364,575.143,0
2018-10-09,20,5.33333,0.0,16.6667,88,62.0738,47.6417,-31.7675,13.9575,583.0,0
2018-10-09,21,5.0,0.0,15.5,93,64.4838,48.8825,-33.6809,9.3381,540.0,0
2018-10-09,22,5.0,0.0,13.8333,99,60.0433,47.1309,-28.1376,6.63418,561.0,0
2018-10-09,23,5.33333,0.0,12.3333,100,63.6877,47.2517,-21.5989,5.33356,561.0,0
2018-10-10,0,5.66667,0.0,11.1667,94,66.5392,44.5027,-20.8918,6.04067,582.4,0
2018-10-10,1,5.5,0.0,10.0,100,66.9146,44.1925,-16.6491,-5.20199,579.429,0
2018-10-10,2,5.5,0.0,9.16667,100,66.3508,43.8627,-16.6491,-17.202,604.2,0
2018-10-10,3,5.5,0.0,8.66667,100,65.3471,42.9,-13.0192,-24.1175,571.2,0
2018-10-10,4,5.33333,0.0,8.33333,100,63.0271,44.6492,-10.8979,-31.2388,563.04,0
2018-10-10,5,5.33333,0.0,8.16667,100,60.46,44.135,-10.8979,-38.3099,582.4,0
2018-10-10,6,5.16667,0.0,8.0,98,59.5029,44.69,-12.1374,-47.3887,586.56,0
2018-10-10,7,5.16667,0.0,7.33333,100,59.6053,47.6438,-14.4666,-47.012,563.04,0
2018-10-10,8,5.33333,0.0,7.0,100,59.8413,50.44,-14.4666,-47.012,582.4,0
2018-10-10,9,5.66667,0.0,7.16667,100,58.8713,50.6236,-16.7627,-47.4687,563.04,0
2018-10-10,10,6.0,0.0,8.16667,85,58.0088,49.3533,-13.2272,-50.9332,559.543,0
2018-10-10,11,6.16667,0.0,9.33333,74,52.5906,46.986,-18.1769,-43.8829,570.24,0
2018-10-10,12,6.33333,0.0,10.8333,70,47.7062,45.3573,-13.9675,-44.8068,546.96,0
2018-10-10,13,7.16667,0.0,13.6667,55,41.5806,42.1513,-16.6462,-46.274,501.84,0
2018-10-10,14,8.33333,0.0,16.3333,52,38.1087,38.52,-13.4019,-48.4417,457.6,0
2018-10-10,15,9.0,0.0,18.6667,48,37.9588,39.762,-9.15925,-52.199,360.0,0
2018-10-10,16,9.66667,0.0,20.0,51,37.0438,39.0257,-9.15925,-50.199,345.257,0
2018-10-10,17,10.8333,0.0,21.0,67,33.1219,40.32,-6.50556,-50.706,311.143,0
2018-10-10,18,11.3333,0.0,21.3333,83,36.7844,47.4,-13.0192,-53.4312,262.08,0
2018-10-10,19,11.5,0.0,21.0,75,48.3963,59.1792,-16.2635,-51.2635,289.385,0
2018-10-10,20,10.8333,0.0,20.1667,79,51.13,62.0738,-16.2635,-49.2635,294.0,0
2018-10-10,21,10.5,0.0,18.8333,88,49.255,64.4838,-16.2635,-47.2635,317.127,0
2018-10-10,22,10.0,0.0,17.5,89,46.334,60.0433,-16.2635,-45.2635,354.738,0
2018-10-10,23,9.83333,0.0,16.3333,78,46.6425,63.6877,-16.2635,-53.2635,332.677,0
2018-10-11,0,10.1667,0.0,15.5,85,45.0827,66.5392,-7.0711,-56.0711,312.12,0
2018-10-11,1,10.1667,0.0,14.5,89,43.2469,66.9146,0.0,-61.0,300.0,0
2018-10-11,2,10.1667,0.0,13.6667,89,44.3407,66.3508,0.0,-52.0,326.8,0
2018-10-11,3,10.0,0.0,13.1667,92,45.07,65.3471,-3.44412,-51.3149,319.2,0
2018-10-11,4,10.0,0.0,12.8333,91,46.5376,63.0271,-6.50556,-50.706,348.0,0
2018-10-11,5,9.5,0.0,12.3333,90,46.9206,60.46,-9.567,-58.097,322.4,0
2018-10-11,6,9.0,0.0,11.8333,94,49.735,59.5029,-13.0111,-54.4119,357.5,0
2018-10-11,7,8.66667,0.0,11.3333,93,50.6294,59.6053,-16.4552,-50.7268,385.527,0
2018-10-11,8,9.16667,0.0,11.1667,97,51.8967,59.8413,-19.8994,-48.0418,395.2,0
2018-10-11,9,9.83333,0.0,11.3333,88,50.5887,58.8713,-21.0474,-50.8134,341.85,0
2018-10-11,10,10.6667,0.0,12.0,70,49.6647,58.0088,-19.5167,-47.1179,340.267,0
2018-10-11,11,11.6667,0.0,13.1667,58,46.8456,52.5906,-25.265,-47.9954,288.0,0
2018-10-11,12,12.6667,0.0,14.6667,49,43.776,47.7062,-24.1169,-45.2237,276.0,0
2018-10-11,13,13.5,0.0,16.6667,45,40.2133,41.5806,-30.1314,-44.7438,245.1,0
2018-10-11,14,14.3333,0.0,18.6667,44,36.7487,38.1087,-30.8968,-46.5916,232.615,0
2018-10-11,15,15.3333,0.0,20.3333,43,34.8793,37.9588,-28.2099,-53.1051,211.68,0
2018-10-11,16,15.3333,0.0,21.5,44,31.995,37.0438,-29.358,-55.8768,187.68,0
2018-10-11,17,15.0,0.0,22.0,48,33.4321,33.1219,-23.7262,-57.2806,196.114,0
2018-10-11,18,14.8333,0.0,21.8333,57,34.972,36.7844,-27.5611,-53.5387,225.318,0
2018-10-11,19,14.3333,0.0,21.5,54,39.9821,48.3963,-30.955,-47.7323,256.0,0
2018-10-11,20,12.8333,0.0,20.6667,62,42.3986,51.13,-31.845,-38.8806,291.877,0
2018-10-11,21,11.6667,0.0,19.5,68,42.334,49.255,-34.9065,-46.2717,279.138,0
2018-10-11,22,11.1667,0.0,18.1667,78,42.5415,46.334,-29.9316,-45.2612,299.815,0
2018-10-11,23,10.6667,0.0,17.0,83,42.7585,46.6425,-24.566,-45.3076,339.429,0
2018-10-12,0,10.1667,0.0,16.3333,77,43.2425,45.0827,-28.3928,-54.5464,300.0,0
2018-10-12,1,9.66667,0.0,15.3333,77,44.5079,43.2469,-26.2715,-52.4251,300.0,0
2018-10-12,2,10.0,0.0,14.6667,79,47.0258,44.3407,-21.5547,-52.0379,300.0,0
2018-10-12,3,9.83333,0.0,14.1667,84,49.5608,45.07,-22.32,-53.8857,311.564,0
2018-10-12,4,9.5,0.0,13.8333,84,50.6793,46.5376,-26.1469,-52.1245,312.12,0
2018-10-12,5,9.66667,0.0,13.5,85,51.6329,46.9206,-25.3815,-50.2767,337.08,0
2018-10-12,6,9.66667,0.0,13.0,84,51.805,49.735,-29.3329,-48.8161,335.345,0
2018-10-12,7,10.3333,0.0,12.6667,93,52.9227,50.6294,-25.7642,-51.2006,300.0,0
2018-10-12,8,10.6667,0.0,12.5,91,52.58,51.8967,-23.4681,-45.6573,334.08,0
2018-10-12,9,11.1667,0.0,12.8333,77,49.1187,50.5887,-24.2334,-47.5051,291.6,0
2018-10-12,10,12.6667,0.0,13.5,67,45.5906,49.6647,-26.1469,-52.1245,260.945,0
2018-10-12,11,13.8333,0.0,14.6667,54,41.8569,46.8456,-29.8651,-40.6891,255.2,0
2018-10-12,12,14.6667,0.0,16.1667,46,40.99,43.776,-32.1612,-46.2324,197.6,0
2018-10-12,13,15.8333,0.0,17.8333,42,40.0944,40.2133,-33.908,-34.4492,232.941,0
2018-10-12,14,16.6667,0.0,19.5,41,39.1767,36.7487,-31.6371,-41.3787,221.0,0
2018-10-12,15,16.6667,0.0,20.8333,40,39.5363,34.8793,-40.4548,-31.2544,220.8,0
2018-10-12,16,15.3333,0.0,21.8333,40,40.4271,31.995,-52.4652,-36.2292,187.425,0
2018-10-12,17,13.8333,0.0,22.8333,41,41.0079,33.4321,-49.4664,-28.3596,261.979,0
2018-10-12,18,13.3333,0.0,23.1667,53,44.5329,34.972,-57.7813,-31.8037,256.168,0
2018-10-12,19,12.0,0.0,23.0,58,50.8207,39.9821,-53.5387,-27.5611,292.518,0
2018-10-12,20,10.6667,0.0,22.3333,63,51.0667,42.3986,-45.6109,-28.8337,321.231,0
2018-10-12,21,9.83333,0.0,20.8333,85,52.1838,42.334,-39.9645,-30.2229,340.267,0
2018-10-12,22,9.16667,0.0,19.0,82,53.2125,42.5415,-45.6213,-35.8797,300.0,0
2018-10-12,23,8.83333,0.0,16.8333,81,52.4754,42.7585,-39.2198,-37.055,352.8,0
2018-10-13,0,8.0,0.0,14.8333,86,52.9738,43.2425,-35.8547,-38.5607,415.385,1
2018-10-13,1,6.66667,0.0,13.0,89,52.68,44.5079,-38.9161,-45.9517,384.0,1
2018-10-13,2,6.5,0.0,11.3333,98,52.0223,47.0258,-30.8717,-39.5309,497.455,1
2018-10-13,3,6.16667,0.0,10.0,100,52.4264,49.5608,-30.8717,-47.5309,448.145,1
2018-10-13,4,6.16667,0.0,9.16667,100,52.17,50.6793,-23.0935,-45.7527,498.667,1
2018-10-13,5,5.5,0.0,8.33333,100,52.5843,51.6329,-25.0069,-50.3721,480.0,1
2018-10-13,6,5.33333,0.0,7.33333,100,51.12,51.805,-19.791,-46.7798,569.25,1
2018-10-13,7,5.66667,0.0,6.66667,100,50.8521,52.9227,-16.8128,-47.59,546.96,1
2018-10-13,8,5.33333,0.0,6.66667,100,51.1021,52.58,-14.8995,-47.9706,575.143,1
2018-10-13,9,6.0,0.0,7.5,100,49.6307,49.1187,-9.94968,-49.0209,607.05,1
2018-10-13,10,6.83333,0.0,8.83333,73,47.2786,45.5906,-10.715,-50.8686,480.0,1
2018-10-13,11,7.66667,0.0,10.6667,54,42.8846,41.8569,-18.8058,-43.9238,496.8,1
2018-10-13,12,8.33333,0.0,13.1667,47,38.2938,40.99,-18.8058,-45.9238,440.64,1
2018-10-13,13,9.83333,0.0,15.8333,44,34.53,40.0944,-23.5226,-46.311,360.0,1
2018-10-13,14,11.6667,0.0,18.1667,41,33.8915,39.1767,-33.7781,-34.2013,321.48,1
2018-10-13,15,12.5,0.0,20.1667,38,34.7262,39.5363,-45.6573,-31.4681,240.0,1
2018-10-13,16,12.5,0.0,21.3333,39,34.4762,40.4271,-50.2767,-25.3815,217.964,1
2018-10-13,17,13.1667,0.0,21.6667,56,33.4092,41.0079,-49.5696,-24.6744,248.571,1
2018-10-13,18,13.3333,0.0,21.3333,76,34.2192,44.5329,-47.7218,-23.909,284.612,1
2018-10-13,19,12.6667,0.0,20.5,70,43.0792,50.8207,-56.2071,-32.3943,248.4,1
2018-10-13,20,11.0,0.0,19.5,64,46.56,51.0667,-47.5723,-32.9599,295.68,1
2018-10-13,21,9.83333,0.0,18.0,81,41.0877,52.1838,-36.3928,-33.6868,346.92,1
2018-10-13,22,9.5,0.0,16.5,76,38.985,53.2125,-36.3928,-41.6868,312.12,1
2018-10-13,23,8.83333,0.0,15.5,69,39.2654,52.4754,-32.3832,-42.0068,357.5,1
2018-10-14,0,8.33333,0.0,14.6667,76,39.5758,52.9738,-24.3581,-44.8057,407.1,1
2018-10-14,1,8.5,0.0,14.0,80,41.2954,52.68,-30.722,-51.1697,360.0,1
2018-10-14,2,9.16667,0.0,13.1667,79,43.3575,52.0223,-19.3751,-45.7759,393.6,1
2018-10-14,3,9.16667,0.0,12.8333,84,45.0079,52.4264,-20.9058,-49.4714,341.85,1
2018-10-14,4,9.66667,0.0,12.6667,85,46.2569,52.17,-23.9673,-48.8625,341.85,1
2018-10-14,5,10.1667,0.0,12.1667,85,46.8915,52.5843,-25.1153,-51.6341,300.0,1
2018-10-14,6,10.5,0.0,11.8333,85,49.4808,51.12,-19.8994,-48.0418,341.127,1
2018-10-14,7,10.5,0.0,11.5,94,52.4146,50.8521,-23.4681,-45.6573,341.127,1
2018-10-14,8,10.6667,0.0,11.3333,91,51.4983,51.1021,-27.0368,-43.2728,319.2,1
2018-10-14,9,11.5,0.0,11.5,79,50.0492,49.6307,-28.5675,-46.9683,294.0,1
2018-10-14,10,12.1667,0.0,12.1667,63,46.6977,47.2786,-33.5505,-45.9981,271.745,1
2018-10-14,11,13.0,0.0,13.3333,47,41.4979,42.8846,-35.421,-33.7974,281.455,1
2018-10-14,12,14.3333,0.0,14.8333,44,36.5962,38.2938,-38.9566,-37.333,235.2,1
2018-10-14,13,15.5,0.0,16.6667,39,33.1323,34.53,-47.7995,-39.6815,180.0,1
2018-10-14,14,16.8333,0.0,18.5,39,30.2092,33.8915,-37.4768,-37.4768,212.625,1
2018-10-14,15,17.5,0.0,20.1667,40,28.9938,34.7262,-40.3053,-40.3053,195.789,1
2018-10-14,16,17.8333,0.0,21.1667,38,25.7533,34.4762,-38.891,-38.891,205.8,1
2018-10-14,17,17.3333,0.0,21.6667,40,25.0408,33.4092,-38.1839,-38.1839,221.76,1
2018-10-14,18,17.5,0.0,21.5,47,20.8477,34.2192,-47.3764,-47.3764,200.34,1
2018-10-14,19,16.8333,0.0,20.6667,52,26.0631,43.0792,-47.3764,-47.3764,180.0,1
2018-10-14,20,15.3333,0.0,20.0,47,28.28,46.56,-45.255,-45.255,202.024,1
2018-10-14,21,13.6667,0.0,18.8333,56,28.5492,41.0877,-43.3969,-37.4436,223.385,1
2018-10-14,22,13.0,0.0,17.5,61,28.5458,38.985,-39.1542,-33.201,318.24,1
2018-10-14,23,13.5,0.0,16.5,50,27.0677,39.2654,-48.3466,-42.3934,280.5,1
2018-10-15,0,12.3333,0.0,15.6667,51,24.9342,39.5758,-48.9865,-34.3741,268.029,0
2018-10-15,1,11.5,0.0,15.1667,48,22.9125,41.2954,-48.2794,-33.667,250.364,0
2018-10-15,2,11.5,0.0,14.3333,46,22.3117,43.3575,-41.4819,-27.9519,291.877,0
2018-10-15,3,12.0,0.0,13.8333,50,22.9675,45.0079,-49.2601,-35.7301,249.508,0
2018-10-15,4,11.5,0.0,13.5,52,24.4758,46.2569,-47.1387,-33.6087,303.525,0
2018-10-15,5,10.3333,0.0,12.8333,56,28.9069,46.8915,-36.1835,-36.7247,343.385,0
2018-10-15,6,9.66667,0.0,12.3333,60,30.7246,49.4808,-39.6276,-45.0396,310.708,0
2018-10-15,7,9.16667,0.0,11.8333,62,32.2421,52.4146,-33.8793,-44.1621,312.8,0
2018-10-15,8,8.83333,0.0,11.6667,60,33.4543,51.4983,-27.8604,-46.2612,372.655,0
2018-10-15,9,9.33333,0.0,11.3333,68,32.74,50.0492,-23.5263,-46.7979,389.88,0
2018-10-15,10,10.3333,0.0,12.0,45,30.9679,46.6977,-21.4301,-51.7373,349.92,0
2018-10-15,11,12.0,0.0,13.1667,36,27.0181,41.4979,-28.9412,-40.3064,313.6,0
2018-10-15,12,13.1667,0.0,14.6667,32,24.7693,36.5962,-36.6361,-39.8833,201.067,0
2018-10-15,13,16.0,0.0,16.3333,28,21.0047,33.1323,-39.5309,-30.8717,229.125,0
2018-10-15,14,17.6667,0.0,18.0,29,20.252,30.2092,-45.9981,-33.5505,188.779,0
2018-10-15,15,18.1667,0.0,20.0,29,20.9167,28.9938,-50.1167,-27.3863,174.0,0
2018-10-15,16,17.1667,0.0,21.0,30,18.1523,25.7533,-53.585,-22.1954,206.87,0
2018-10-15,17,15.8333,0.0,21.3333,36,20.6557,25.0408,-62.8238,-26.0222,212.348,0
2018-10-15,18,15.6667,0.0,21.0,43,24.6086,20.8477,-49.3528,-24.9988,278.526,0
2018-10-15,19,14.1667,0.0,20.3333,47,36.9879,26.0631,-45.6573,-23.4681,297.6,0
2018-10-15,20,12.3333,0.0,19.5,46,35.2186,28.28,-58.5916,-28.8256,240.0,0
2018-10-15,21,11.1667,0.0,18.1667,53,33.7979,28.5492,-51.2006,-25.7642,262.08,0
2018-10-15,22,10.8333,0.0,16.8333,53,30.6215,28.5458,-48.3258,-28.3014,282.764,0
2018-10-15,23,10.8333,0.0,15.6667,51,31.5179,27.0677,-46.2044,-26.18,346.48,0
2018-10-16,0,10.6667,0.0,15.0,48,31.3708,24.9342,-56.3671,-30.3895,300.0,0
2018-10-16,1,10.8333,0.0,14.3333,49,33.0486,22.9125,-55.4432,-30.0068,300.0,0
2018-10-16,2,10.8333,0.0,13.5,52,31.6392,22.3117,-45.7245,-32.1945,263.467,0
2018-10-16,3,10.6667,0.0,13.0,54,34.54,22.9675,-45.0174,-31.4874,265.2,0
2018-10-16,4,11.1667,0.0,12.5,53,35.0057,24.4758,-42.422,-33.2216,294.0,0
2018-10-16,5,10.1667,0.0,11.8333,61,35.0577,28.9069,-40.0375,-36.7903,318.171,0
2018-10-16,6,9.66667,0.0,11.3333,61,37.9307,30.7246,-40.0375,-41.7903,331.629,0
2018-10-16,7,8.83333,0.0,10.6667,66,39.6575,32.2421,-31.3127,-46.5955,373.92,0
2018-10-16,8,8.5,0.0,10.5,65,40.2327,33.4543,-24.5328,-45.2276,371.25,0
2018-10-16,9,8.16667,0.0,10.5,62,39.042,32.74,-21.172,-45.114,401.85,0
2018-10-16,10,8.33333,0.0,11.1667,49,38.216,30.9679,-23.4681,-50.6573,374.85,0
2018-10-16,11,9.0,0.0,12.6667,39,34.9081,27.0181,-8.40665,-43.2663,360.0,0
2018-10-16,12,9.16667,0.0,14.0,35,34.605,24.7693,-4.07256,-38.803,385.527,0
2018-10-16,13,9.83333,0.0,16.0,34,34.0173,21.0047,-8.3484,-37.1256,363.0,0
2018-10-16,14,11.0,0.0,17.6667,32,33.498,20.252,-12.1251,-32.2431,286.2,0
2018-10-16,15,12.0,0.0,19.3333,31,34.7238,20.9167,-19.0214,-35.8922,260.0,0
2018-10-16,16,12.0,0.0,20.3333,33,34.9671,18.1523,-36.0626,-36.0626,286.7,0
2018-10-16,17,12.3333,0.0,20.6667,38,37.0007,20.6557,-36.0626,-36.0626,297.0,0
2018-10-16,18,11.8333,0.0,20.5,43,40.4479,24.6086,-46.2253,-40.2721,258.514,0
2018-10-16,19,10.6667,0.0,19.6667,52,48.4614,36.9879,-42.6897,-36.7365,299.815,0
2018-10-16,20,9.16667,0.0,18.5,62,56.3014,35.2186,-38.4471,-32.4939,359.9,0
2018-10-16,21,8.33333,0.0,16.8333,70,57.2833,33.7979,-39.9778,-36.1894,381.9,0
2018-10-16,22,7.16667,0.0,15.0,77,55.6285,30.6215,-42.6566,-42.6566,360.0,0
2018-10-16,23,6.33333,0.0,13.3333,83,56.945,31.5179,-36.0846,-38.7906,450.3,0
2018-10-17,0,6.33333,0.0,11.8333,85,52.6269,31.3708,-36.0846,-44.7906,433.5,0
2018-10-17,1,6.5,0.0,10.6667,90,53.6869,33.0486,-33.9633,-42.6693,462.545,0
2018-10-17,2,6.66667,0.0,9.83333,88,51.9223,31.6392,-26.8621,-45.8509,482.4,0
2018-10-17,3,6.33333,0.0,8.83333,99,52.415,34.54,-25.1175,-41.4003,528.0,0
2018-10-17,4,6.33333,0.0,8.33333,97,52.7,35.0057,-25.1175,-46.4003,498.343,0
2018-10-17,5,6.0,0.0,7.83333,90,52.5164,35.0577,-22.0811,-46.0699,480.0,0
2018-10-17,6,5.33333,0.0,7.0,100,51.4314,37.9307,-22.0811,-46.0699,536.057,0
2018-10-17,7,4.5,0.0,6.5,100,55.4512,39.6575,-21.3158,-44.2221,546.96,0
2018-10-17,8,4.66667,0.0,6.33333,99,54.5075,40.2327,-22.4638,-46.9938,540.0,0
2018-10-17,9,4.33333,0.0,6.33333,100,51.6738,39.042,-22.8465,-47.9177,540.0,0
2018-10-17,10,5.0,0.0,7.5,60,46.2787,38.216,-23.9945,-44.6893,649.6,0
2018-10-17,11,6.0,0.0,8.83333,53,41.8287,34.9081,-25.9454,-41.7694,635.25,0
2018-10-17,12,6.83333,0.0,10.8333,47,40.0631,34.605,-29.9551,-41.4495,540.0,0
2018-10-17,13,7.83333,0.0,13.1667,39,38.8013,34.0173,-29.1625,-43.7749,480.0,0
2018-10-17,14,8.33333,0.0,15.3333,38,39.045,33.498,-29.1625,-43.7749,420.0,0
2018-10-17,15,9.16667,0.0,18.0,33,38.3138,34.7238,-26.1011,-45.3839,360.0,0
2018-10-17,16,8.83333,0.0,19.1667,37,38.3225,34.9671,-28.3138,-42.7258,352.8,0
2018-10-17,17,8.66667,0.0,19.8333,45,39.9147,37.0007,-26.4661,-41.9605,389.88,0
2018-10-17,18,8.66667,0.0,20.0,53,44.9413,40.4479,-22.8391,-43.2043,403.68,0
2018-10-17,19,8.33333,0.0,19.1667,61,57.0829,48.4614,-19.0123,-43.9655,395.2,0
2018-10-17,20,8.0,0.0,18.0,69,61.4613,56.3014,-16.3335,-50.4326,360.0,0
2018-10-17,21,7.83333,0.0,16.1667,81,65.2967,57.2833,-12.8894,-49.1177,388.267,0
2018-10-17,22,7.33333,0.0,14.5,77,64.5414,55.6285,-12.8894,-47.1177,405.45,0
2018-10-17,23,6.5,0.0,12.8333,89,64.9227,56.945,-7.23252,-45.4608,460.8,0
2018-10-18,0,6.16667,0.0,11.5,93,63.73,52.6269,-7.23252,-49.4608,454.629,0
2018-10-18,1,5.83333,0.0,10.1667,99,63.8193,53.6869,-0.76536,-54.7821,466.4,0
2018-10-18,2,5.5,0.0,9.0,95,61.3646,51.9223,2.67876,-51.4672,542.88,0
2018-10-18,3,5.16667,0.0,8.33333,100,62.4115,52.415,2.67876,-56.4672,527.88,0
2018-10-18,4,5.16667,0.0,7.33333,100,62.1764,52.7,0.76536,-51.0866,575.143,0
2018-10-18,5,5.16667,0.0,6.83333,95,65.5593,52.5164,-0.76536,-54.7821,559.543,0
2018-10-18,6,4.66667,0.0,6.5,100,67.5893,51.4314,-6.27256,-51.1434,620.229,0
2018-10-18,8,4.16667,0.0,5.83333,100,74.37,54.5075,-7.03792,-50.9911,685.029,0
2018-10-18,9,4.16667,0.0,6.0,100,73.3533,51.6738,-10.5735,-47.5267,683.7,0
2018-10-18,10,4.5,0.0,7.33333,71,70.5025,46.2787,-12.4869,-38.9073,655.2,0
2018-10-18,11,4.66667,0.0,8.5,68,67.446,41.8287,-12.4869,-28.9073,680.4,0
2018-10-18,12,5.16667,0.0,9.83333,60,68.3511,40.0631,-17.1063,-18.9939,699.84,0
2018-10-18,13,5.66667,0.0,12.0,52,66.3535,38.8013,-17.1063,-5.99387,624.24,0
2018-10-18,14,5.66667,0.0,14.0,51,63.4969,39.045,-19.0197,3.62553,624.24,0
2018-10-18,15,5.66667,0.0,16.0,50,56.2244,38.3138,-17.1063,13.2449,600.0,0
2018-10-18,16,6.0,0.0,17.0,48,53.2853,38.3225,-9.21156,23.3044,635.04,0
2018-10-18,17,7.0,0.0,17.8333,53,83.1,39.9147,-2.78932,37.5432,546.96,0
2018-10-18,18,7.33333,0.0,18.0,60,65.2714,44.9413,10.4378,44.2376,477.0,0
2018-10-18,19,7.5,0.0,17.5,69,77.935,57.0829,24.296,40.151,453.6,0
2018-10-18,20,7.66667,0.0,16.6667,76,86.6136,61.4613,28.5387,44.3937,420.0,0
2018-10-18,21,7.83333,0.0,15.0,88,89.1438,65.2967,34.6948,37.3175,440.64,0
2018-10-18,22,7.16667,0.0,13.5,88,86.8277,64.5414,38.9374,37.8608,419.76,0
2018-10-18,23,6.16667,0.0,12.0,93,79.9107,64.9227,35.4019,38.3253,470.25,0
2018-10-19,0,5.5,0.0,10.8333,94,76.8508,63.73,35.4019,43.3253,452.4,0
2018-10-19,1,6.33333,0.0,9.83333,96,72.4362,63.8193,27.4489,41.4775,522.327,0
2018-10-19,2,7.66667,0.0,9.33333,86,70.0823,61.3646,29.8334,37.9088,510.72,0
2018-10-19,3,8.33333,0.0,9.33333,89,69.2077,62.4115,29.2862,35.1968,432.0,0
2018-10-19,4,9.33333,0.0,9.33333,91,64.44,62.1764,34.2824,33.4804,360.0,0
2018-10-19,5,10.0,0.0,9.5,91,55.48,65.5593,37.1108,26.0082,319.0,0
2018-10-19,6,10.3333,0.0,9.66667,99,58.19,67.5893,45.7709,26.8289,317.127,0
2018-10-19,8,8.66667,0.0,10.0,97,53.2675,74.37,50.3903,28.7423,353.571,0
2018-10-19,9,7.33333,0.0,10.1667,94,52.7912,73.3533,43.9231,26.0635,403.68,0
2018-10-19,10,6.83333,0.0,10.3333,87,52.61,70.5025,45.7709,26.8289,443.52,0
2018-10-19,11,6.33333,0.0,11.0,78,49.3565,67.446,42.9992,25.6808,488.52,0
2018-10-19,12,6.0,0.0,11.6667,71,45.2931,68.3511,38.7566,29.9235,464.28,0
2018-10-19,13,6.16667,0.0,12.5,67,40.5553,66.3535,29.3894,28.3957,515.2,0
2018-10-19,14,6.5,0.0,13.5,70,42.1587,63.4969,29.3894,30.3466,503.25,0
2018-10-19,15,7.5,0.0,14.3333,65,46.3467,56.2244,30.3133,30.7293,486.0,0
2018-10-19,16,7.16667,0.0,15.0,60,48.04,53.2853,28.5791,35.0589,472.457,0
2018-10-19,17,7.16667,0.0,15.0,84,43.9962,83.1,22.112,37.3801,420.0,0
2018-10-19,18,7.16667,0.0,14.8333,95,42.8715,65.2714,24.5069,42.1581,437.143,0
2018-10-19,19,7.16667,0.0,14.3333,92,46.0231,77.935,22.2824,43.722,438.6,0
2018-10-19,20,7.16667,0.0,13.5,96,47.5758,86.6136,28.8211,42.936,463.6,0
2018-10-19,21,7.0,0.0,12.5,97,45.1769,89.1438,28.8211,40.9851,463.6,0
2018-10-19,22,7.0,0.0,11.6667,96,42.57,86.8277,33.7709,45.9349,420.0,0
2018-10-19,23,7.16667,0.0,11.0,90,42.5846,79.9107,25.456,47.4907,469.05,0
2018-10-20,0,7.16667,0.0,10.5,91,44.4223,76.8508,24.7488,46.5669,440.64,1
2018-10-20,1,6.83333,0.0,10.1667,89,40.47,72.4362,24.7488,47.5669,438.6,1
2018-10-20,2,6.16667,0.0,10.0,88,42.6333,70.0823,25.456,48.4907,420.0,1
2018-10-20,3,6.0,0.0,10.0,81,38.5042,69.2077,21.2133,49.2481,482.4,1
2018-10-20,4,6.66667,0.0,10.0,87,38.2808,64.44,27.2133,40.2481,532.0,1
2018-10-20,5,7.0,0.0,9.83333,89,37.4892,55.48,17.4052,42.199,509.143,1
2018-10-20,6,7.33333,0.0,9.66667,85,36.6442,58.19,12.4554,46.2492,440.64,1
2018-10-20,7,7.5,0.0,9.5,91,33.3583,53.35,12.4554,49.2492,420.0,1
2018-10-20,8,7.83333,0.0,9.33333,84,35.5015,53.2675,7.50565,44.7821,443.143,1
2018-10-20,9,8.66667,0.0,9.16667,77,37.7292,52.7912,7.50565,44.7821,419.76,1
2018-10-20,10,9.0,0.0,9.16667,69,27.7836,52.61,9.28386,49.9448,395.2,1
2018-10-20,11,10.1667,0.0,9.33333,67,25.76,49.3565,20.5062,49.4081,366.667,1
2018-10-20,12,11.6667,0.0,9.66667,56,26.94,45.2931,31.82,43.7218,305.25,1
2018-10-20,13,13.5,0.0,10.0,48,26.232,40.5553,38.891,41.2755,238.255,1
2018-10-20,14,15.3333,0.0,10.5,43,18.8719,42.1587,36.7697,36.7697,220.8,1
2018-10-20,15,16.5,0.0,10.8333,48,14.198,46.3467,38.1839,42.0858,209.012,1
2018-10-20,16,17.3333,0.0,10.8333,48,13.4013,48.04,38.891,46.6948,210.189,1
2018-10-20,17,16.6667,0.0,10.8333,52,20.7313,43.9962,36.7697,44.5734,228.8,1
2018-10-20,18,16.1667,0.0,10.6667,53,29.4093,42.8715,45.255,55.66,208.8,1
2018-10-20,19,14.8333,0.0,10.3333,55,40.6962,46.0231,42.4266,51.9645,239.733,1
2018-10-20,20,13.3333,0.0,9.66667,61,38.4513,47.5758,37.4768,45.4973,288.225,1
2018-10-20,21,11.5,0.0,9.16667,61,35.7387,45.1769,37.4768,54.4973,275.4,1
2018-10-20,22,10.6667,0.0,8.83333,58,29.0179,42.57,26.1631,50.1836,336.3,1
2018-10-20,23,10.3333,0.0,8.5,62,25.8753,42.5846,17.6777,50.097,361.371,1
2018-10-21,0,9.5,0.0,8.16667,65,23.2014,44.4223,17.6777,60.097,320.914,1
2018-10-21,1,8.83333,0.0,8.0,65,21.3143,40.47,14.1422,55.4776,347.564,1
2018-10-21,2,8.33333,0.0,7.83333,67,20.5077,42.6333,6.36399,52.3149,380.8,1
2018-10-21,3,8.5,0.0,7.5,78,20.5914,38.5042,6.36399,58.3149,360.0,1
2018-10-21,4,7.66667,0.0,7.16667,79,22.7327,38.2808,6.36399,50.3149,425.455,1
2018-10-21,5,7.5,0.0,6.83333,82,22.9693,37.4892,11.9073,52.611,412.364,1
2018-10-21,6,6.66667,0.0,6.5,80,23.8207,36.6442,11.9073,50.611,429.0,1
2018-10-21,7,6.0,0.0,6.16667,80,27.5207,33.3583,14.7357,54.3065,434.52,1
2018-10-21,8,6.33333,0.0,6.16667,85,29.8773,35.5015,17.5073,45.4546,532.0,1
2018-10-21,9,5.5,0.0,6.33333,86,27.8864,37.7292,19.1434,37.1396,528.0,1
2018-10-21,10,5.33333,0.0,6.66667,92,27.8086,27.7836,22.1434,37.1396,536.057,1
2018-10-21,11,4.66667,0.0,7.33333,77,26.5421,25.76,25.6789,33.6752,561.6,1
2018-10-21,12,5.16667,0.0,8.16667,73,29.2479,26.94,27.5923,23.0558,607.05,1
2018-10-21,13,5.66667,0.0,9.0,69,28.1886,26.232,34.5923,23.0558,540.0,1
2018-10-21,14,5.33333,0.0,9.83333,66,27.4479,18.8719,30.3496,10.8131,540.0,1
2018-10-21,15,5.5,0.0,10.8333,59,28.5713,14.198,19.2631,6.22097,593.6,1
2018-10-21,16,5.66667,0.0,11.5,62,25.6679,13.4013,23.2631,-2.77903,620.1,1
2018-10-21,17,6.16667,0.0,11.3333,88,29.2293,20.7313,18.1386,-12.0178,540.0,1
2018-10-21,18,5.66667,0.0,11.0,88,46.7687,29.4093,7.97589,-10.1044,540.0,1
2018-10-21,19,5.33333,0.0,10.5,92,49.7714,40.6962,-4.55483,-13.7999,570.24,1
2018-10-21,20,5.16667,0.0,9.66667,100,56.77,38.4513,-8.25035,-15.3307,540.0,1
2018-10-21,21,5.33333,0.0,8.33333,100,60.1107,35.7387,-15.3214,-22.4018,540.0,1
2018-10-21,22,5.16667,0.0,6.83333,99,59.6854,29.0179,-20.7704,-21.3179,579.429,1
2018-10-21,23,4.83333,0.0,5.66667,100,59.1733,25.8753,-31.306,-24.8535,604.2,1
2018-10-22,0,5.5,0.0,4.5,98,55.9407,23.2014,-31.306,-24.8535,604.2,0
2018-10-22,1,5.16667,0.0,3.5,100,53.3943,21.3143,-35.4195,-28.2143,583.0,0
2018-10-22,2,5.16667,0.0,2.66667,95,52.8171,20.5077,-36.8338,-29.6285,604.2,0
2018-10-22,3,5.66667,0.0,2.33333,96,50.2547,20.5914,-39.1571,-25.9986,655.2,0
2018-10-22,4,5.66667,0.0,1.66667,100,49.8379,22.7327,-39.1571,-32.1215,592.8,0
2018-10-22,5,5.5,0.0,1.33333,100,51.1143,22.9693,-41.1619,-31.9615,566.1,0
2018-10-22,6,5.16667,0.0,1.16667,100,52.615,23.8207,-42.0858,-32.3442,563.04,0
2018-10-22,7,5.16667,0.0,0.5,100,56.8393,27.5207,-44.0935,-31.1047,540.0,0
2018-10-22,8,5.16667,0.0,0.166667,100,62.6425,29.8773,-42.4057,-28.3345,610.56,0
2018-10-22,9,4.83333,0.0,0.0,100,64.6893,27.8864,-33.8702,-24.799,626.4,0
2018-10-22,10,5.5,0.0,1.33333,72,53.5112,27.8086,-35.1708,-22.8524,655.2,0
2018-10-22,11,6.33333,0.0,2.66667,64,46.4159,26.5421,-31.5438,-7.46639,570.24,0
2018-10-22,12,6.66667,0.0,4.16667,62,44.3956,29.2479,-36.1632,-9.37979,514.8,0
2018-10-22,13,8.16667,0.0,6.5,53,41.5563,28.1886,-17.2366,-2.7828,505.44,0
2018-10-22,14,9.16667,0.61,8.83333,52,37.0456,27.4479,-14.8522,9.20489,397.8,0
2018-10-22,15,10.5,0.61,10.6667,59,36.4263,28.5713,-22.2139,20.1329,316.2,0
2018-10-22,16,12.1667,1.22,11.5,66,40.9173,25.6679,-18.584,27.0484,309.12,0
2018-10-22,17,13.3333,1.22,12.0,89,46.6327,29.2293,-17.3452,49.8752,238.255,0
2018-10-22,18,15.0,1.22,12.0,100,45.7219,46.7687,-9.567,59.097,180.0,0
2018-10-22,19,16.0,1.22,11.5,96,43.636,49.7714,12.728,52.6298,217.579,0
2018-10-22,20,16.8333,0.61,10.6667,89,43.0479,56.77,24.7488,49.3358,224.824,0
2018-10-22,21,16.8333,0.61,9.83333,86,41.434,60.1107,36.0626,47.1179,236.733,0
2018-10-22,22,15.5,0.0,9.0,83,39.0307,59.6854,45.9622,57.0174,201.4,0
2018-10-22,23,14.3333,0.0,8.0,85,34.6436,59.1733,41.0124,50.5503,249.882,0
2018-10-23,0,12.8333,0.0,7.16667,83,33.7223,55.9407,36.0626,44.0831,307.125,0
2018-10-23,1,11.8333,0.0,6.5,89,28.5836,53.3943,36.0626,53.0831,294.0,0
2018-10-23,2,11.0,0.0,5.83333,82,26.0277,52.8171,24.7488,49.301,328.714,0
2018-10-23,3,10.5,0.0,5.33333,77,24.4443,50.2547,14.8493,50.4015,341.127,0
2018-10-23,4,10.6667,0.0,4.5,88,26.6893,49.8379,2.86162,50.4015,334.08,0
2018-10-23,5,11.0,0.0,4.16667,85,25.8329,51.1143,-8.80164,52.2492,300.667,0
2018-10-23,6,12.0,0.0,4.0,74,25.09,52.615,-13.3938,54.3358,282.764,0
2018-10-23,7,13.1667,0.0,4.0,72,26.2033,56.8393,-24.0005,53.9424,240.0,0
2018-10-23,8,14.8333,0.0,4.16667,70,27.1707,62.6425,-32.519,45.5077,225.5,0
2018-10-23,9,15.6667,0.94,4.33333,65,22.4053,64.6893,-38.1839,38.1839,200.08,0
2018-10-23,10,17.1667,1.73,5.16667,64,17.9807,53.5112,-42.3594,33.7002,205.8,0
2018-10-23,11,20.5,1.73,5.83333,72,16.1959,46.4159,-44.4807,35.8215,198.0,0
2018-10-23,12,24.1667,2.52,6.5,73,16.944,44.3956,-37.4768,37.4768,151.543,0
2018-10-23,13,26.3333,2.52,7.0,68,22.2553,41.5563,-48.7906,48.7906,106.312,0
2018-10-23,14,28.0,2.52,7.33333,77,25.688,37.0456,-38.0261,54.8033,125.319,0
2018-10-23,15,32.5,2.44,7.83333,76,24.1147,36.4263,-23.7262,57.2806,133.548,0
2018-10-23,16,37.6667,1.65,8.16667,69,22.9215,40.9173,-28.3183,68.3671,83.8452,0
2018-10-23,17,40.0,2.39,8.5,78,28.7523,46.6327,-19.8994,48.0418,115.385,0
2018-10-23,18,40.5,2.34,8.66667,76,31.7738,45.7219,-37.5026,90.5402,69.7846,0
2018-10-23,19,41.3333,4.07,8.83333,78,26.3331,43.636,-17.6033,82.4985,87.6522,0
2018-10-23,20,42.5,4.07,9.0,81,18.9436,43.0479,-13.7765,73.2597,103.68,0
2018-10-23,21,41.5,4.94,9.0,81,12.6486,41.434,-28.3183,68.3671,99.2,0
2018-10-23,22,38.0,4.94,9.0,79,8.12231,39.0307,-14.5418,72.1074,101.463,0
2018-10-23,23,36.3333,4.2,9.33333,69,3.89857,34.6436,0.0,68.0,125.319,0
2018-10-24,0,37.0,3.46,9.33333,82,2.52143,33.7223,0.0,67.0,111.484,0
2018-10-24,1,38.5,2.24,9.33333,77,1.86571,28.5836,0.0,80.0,78.4,0
2018-10-24,2,40.6667,2.24,9.33333,68,1.87571,26.0277,0.0,89.0,73.5,0
2018-10-24,3,42.3333,1.02,9.16667,72,1.98571,24.4443,36.0626,47.1179,117.647,0
2018-10-24,4,43.0,1.02,9.0,73,1.93071,26.6893,36.0626,94.1179,67.3412,0
2018-10-24,5,43.5,1.02,8.33333,66,2.45786,25.8329,0.0,82.0,102.894,0
2018-10-24,6,42.6667,1.02,8.0,62,2.79429,25.09,27.5773,71.0313,96.2057,0
2018-10-24,7,41.3333,0.51,7.83333,62,4.058,26.2033,55.1546,72.0626,93.8462,0
2018-10-24,8,38.8333,0.51,7.66667,58,4.44071,27.1707,53.7404,70.2149,100.8,0
2018-10-24,9,37.3333,0.51,7.66667,60,3.548,22.4053,51.619,67.4432,105.859,0
2018-10-24,10,37.6667,0.51,7.66667,60,4.47563,17.9807,52.3261,68.3671,99.2,0
2018-10-24,11,37.6667,0.51,7.83333,55,5.54588,16.1959,53.0332,69.291,101.463,0
2018-10-24,12,38.3333,0.51,8.16667,49,3.65438,16.944,53.7404,61.7608,94.9622,0
2018-10-24,13,39.3333,0.51,8.5,47,2.738,22.2553,57.983,67.3041,80.6769,0
2018-10-24,14,40.3333,0.51,8.83333,42,3.834,25.688,60.8115,70.1326,79.5349,0
2018-10-24,15,41.8333,0.0,9.16667,42,7.07143,24.1147,60.1043,60.1043,82.5488,0
2018-10-24,16,42.0,0.0,9.33333,42,8.24454,22.9215,62.9328,73.121,68.1429,0
2018-10-24,17,40.0,0.0,9.33333,49,13.02,28.7523,60.1043,78.5298,93.3957,0
2018-10-24,18,37.3333,0.0,9.0,60,18.2142,31.7738,45.9622,54.1994,140.621,0
2018-10-24,19,34.0,0.0,8.33333,55,25.9292,26.3331,38.1839,44.0367,162.222,0
2018-10-24,20,30.5,0.0,7.66667,54,27.4209,18.9436,54.4475,65.286,120.0,0
2018-10-24,21,24.6667,0.0,6.83333,68,27.5725,12.6486,50.2048,65.5955,149.333,0
2018-10-24,22,21.0,0.0,6.16667,66,28.5817,8.12231,39.5982,51.7373,220.226,0
2018-10-24,23,19.0,0.0,5.66667,61,19.2236,3.89857,39.5982,67.7373,186.261,0
2018-10-25,0,16.3333,0.0,5.0,72,20.2062,2.52143,23.3346,61.488,228.0,0
2018-10-25,1,15.3333,1.02,4.66667,66,17.8762,1.86571,8.48532,53.0866,255.2,0
2018-10-25,2,13.8333,1.02,4.33333,71,13.3131,1.87571,0.0,59.0,235.125,0
2018-10-25,3,13.6667,1.02,4.33333,80,10.6383,1.98571,0.0,55.0,264.0,0
2018-10-25,4,12.5,2.04,4.5,77,9.62545,1.93071,0.0,51.0,281.455,0
2018-10-25,5,11.8333,2.04,4.83333,79,9.86636,2.45786,-3.44412,59.3149,250.364,0
2018-10-25,6,13.3333,3.06,5.66667,81,11.8536,2.79429,-11.2223,56.0931,301.765,0
2018-10-25,7,14.0,2.04,6.33333,90,13.8075,4.058,-18.8759,45.5707,281.455,0
2018-10-25,8,15.1667,2.9,6.83333,100,11.3133,4.44071,-23.4681,45.6573,199.527,0
2018-10-25,9,17.0,3.76,7.33333,100,13.7883,3.548,-29.125,51.3142,180.0,0
2018-10-25,10,20.0,2.74,8.16667,80,12.956,4.47563,-29.8903,53.1619,171.943,0
2018-10-25,11,21.6667,2.74,9.0,88,10.2194,5.54588,-21.854,60.7604,125.621,0
2018-10-25,12,23.1667,1.72,9.66667,81,9.03214,3.65438,-16.4552,66.7268,130.473,0
2018-10-25,13,24.3333,1.72,10.3333,82,13.305,2.738,-8.03628,75.4015,120.0,0
2018-10-25,14,26.0,1.85,11.1667,84,13.3864,3.834,0.0,57.0,151.945,0
2018-10-25,15,27.1667,0.99,11.6667,87,10.7917,7.07143,0.0,57.0,149.1,0
2018-10-25,16,27.3333,1.98,11.6667,82,12.0291,8.24454,0.0,58.0,146.897,0
2018-10-25,17,29.3333,1.98,11.5,83,16.2327,13.02,0.0,57.0,151.945,0
2018-10-25,18,29.3333,1.98,11.3333,82,16.0173,18.2142,0.0,61.0,129.214,0
2018-10-25,19,28.1667,1.98,11.0,75,21.8264,25.9292,20.5062,53.5062,139.418,0
2018-10-25,20,26.6667,1.47,10.6667,74,16.5036,27.4209,35.3555,72.9077,120.0,0
2018-10-25,21,24.5,1.47,10.3333,70,16.9582,27.5725,49.4977,58.3853,163.572,0
2018-10-25,22,22.6667,0.48,10.0,67,15.421,28.5817,40.3053,52.6612,204.8,0
2018-10-25,23,19.3333,1.09,9.66667,68,8.97909,19.2236,37.4768,48.9656,229.14,0
