data,timeofday,windspeed6,opady6,temp6,rhumid,index_avg,prev_index_avg,wind_dir_ns,wind_dir_ew,dispel50,is_weekend
2017-11-01,1,10.0,0.0,3.33333,91,40.08,13.66,-20.9058,56.4714,330.72,1
2017-11-01,2,9.83333,0.0,3.5,98,39.67,10.52,-25.8807,53.4819,332.677,1
2017-11-01,3,10.5,0.0,3.83333,96,40.555,12.51,-25.498,52.558,312.12,1
2017-11-01,4,12.0,0.0,4.16667,96,37.19,10.8483,-24.3499,49.7864,265.2,1
2017-11-01,5,14.1667,0.0,4.5,100,36.285,12.438,-21.0474,50.8134,251.631,1
2017-11-01,6,15.8333,0.38,4.66667,97,34.415,13.2971,-11.4804,48.7164,221.4,1
2017-11-01,7,16.8333,0.38,4.83333,95,31.82,17.2143,-6.12288,54.7821,189.0,1
2017-11-01,8,17.8333,0.38,5.16667,94,29.27,17.8137,0.0,59.0,191.314,1
2017-11-01,9,18.1667,0.38,5.33333,92,30.74,15.7925,0.0,56.0,202.926,1
2017-11-01,12,17.8333,0.0,6.0,84,35.72,12.28,-20.6647,49.8895,204.6,1
2017-11-01,13,17.6667,0.0,6.33333,83,35.89,13.22,-25.8556,46.4212,217.579,1
2017-11-01,14,17.1667,0.0,6.5,84,49.3,12.28,-25.4729,45.4973,225.095,1
2017-11-01,15,17.6667,0.0,6.66667,86,38.025,13.742,-31.2131,59.3555,186.821,1
2017-11-01,16,17.6667,0.48,6.83333,94,36.035,19.8633,-19.8994,48.0418,228.8,1
2017-11-01,17,17.1667,0.48,7.0,91,49.3,38.81,-26.4462,44.847,208.32,1
2017-11-01,18,17.0,0.48,7.0,92,40.33,25.21,-32.0198,42.3026,217.579,1
2017-11-01,20,17.3333,0.48,7.16667,94,29.42,41.8,-48.7906,48.7906,180.0,1
2017-11-02,0,20.0,0.66,8.16667,93,33.47,43.07,-25.2569,60.9761,147.714,0
2017-11-02,1,20.6667,1.47,8.5,93,32.6,40.08,-24.4915,59.1283,178.608,0
2017-11-02,2,21.8333,2.28,8.66667,93,29.19,39.67,-23.7262,57.2806,167.04,0
2017-11-02,3,22.3333,1.95,8.83333,93,30.575,40.555,-24.8742,60.0522,143.242,0
2017-11-02,4,21.8333,1.95,9.0,93,30.42,37.19,-26.7876,64.6716,135.496,0
2017-11-02,5,22.1667,2.76,9.0,93,28.485,36.285,-26.4049,63.7477,140.87,0
2017-11-02,6,22.8333,3.24,9.0,93,28.065,34.415,-26.0222,62.8238,151.2,0
2017-11-02,7,21.5,2.43,9.0,96,28.24,31.82,-25.6396,61.9,147.0,0
2017-11-02,8,20.5,3.22,9.0,93,27.29,29.27,-22.9608,55.4328,189.382,0
2017-11-02,9,19.6667,3.22,8.83333,87,26.4,30.74,-21.0474,50.8134,227.061,0
2017-11-02,12,18.0,7.48,8.83333,92,15.84,35.72,-34.8482,45.131,188.779,0
2017-11-02,13,18.3333,8.75,8.83333,89,14.845,35.89,-40.3053,40.3053,200.34,0
2017-11-02,14,18.8333,8.42,8.83333,90,20.5,49.3,-38.1839,38.1839,217.579,0
2017-11-02,15,18.6667,9.69,9.0,92,28.8867,38.025,-32.4025,43.2264,205.8,0
2017-11-02,16,18.3333,7.73,8.83333,93,32.045,36.035,-32.4025,43.2264,201.318,0
2017-11-02,20,16.6667,3.56,8.16667,85,27.0175,29.42,-40.7713,49.4305,201.4,0
2017-11-03,0,16.1667,2.04,8.0,89,20.5,33.47,-19.5167,63.1179,180.0,0
2017-11-03,1,15.8333,2.04,8.0,84,17.99,32.6,-13.0111,61.4119,195.0,0
2017-11-03,2,15.8333,1.02,8.0,81,15.835,29.19,-6.88824,60.6298,224.0,0
2017-11-03,3,15.8333,0.51,8.0,89,18.16,30.575,0.0,61.0,218.625,0
2017-11-03,4,15.1667,0.51,7.83333,87,12.5,30.42,0.0,61.0,204.429,0
2017-11-03,5,15.0,1.02,7.66667,85,26.06,28.485,0.0,61.0,204.429,0
2017-11-03,6,14.6667,1.02,7.5,88,22.9825,28.065,0.0,62.0,217.412,0
2017-11-03,7,14.6667,1.02,7.33333,90,14.2725,28.24,0.0,57.0,252.225,0
2017-11-03,8,14.1667,1.02,7.33333,81,18.102,27.29,0.0,55.0,257.914,0
2017-11-03,9,13.8333,0.51,7.33333,86,15.7017,26.4,0.0,55.0,264.0,0
2017-11-03,10,13.6667,0.51,7.66667,87,16.5171,23.59,0.0,54.0,255.2,0
2017-11-03,11,13.6667,0.0,8.16667,84,17.6417,18.23,0.0,55.0,257.914,0
2017-11-03,12,14.0,0.0,8.66667,85,17.745,15.84,0.0,56.0,248.571,0
2017-11-03,13,14.0,0.0,9.16667,81,21.7812,14.845,0.0,56.0,248.571,0
2017-11-03,14,13.8333,0.0,9.5,85,23.3333,20.5,0.0,56.0,242.031,0
2017-11-03,15,13.6667,0.0,9.83333,84,15.81,28.8867,9.19243,55.0104,254.88,0
2017-11-03,16,14.0,0.0,10.0,94,20.1983,32.045,9.19243,53.0104,267.429,0
2017-11-03,19,11.0,0.0,9.5,88,39.095,33.18,9.19243,59.0104,269.077,0
2017-11-03,20,10.3333,0.0,9.16667,90,35.44,27.0175,0.0,53.0,343.385,0
2017-11-03,21,9.16667,0.0,8.83333,92,33.89,21.6667,-3.44412,61.3149,310.708,0
2017-11-04,0,7.5,0.0,7.83333,92,24.9575,20.5,-9.94968,55.0209,412.364,1
2017-11-04,1,7.5,0.0,7.5,88,24.0843,17.99,-14.8995,48.9706,437.25,1
2017-11-04,2,7.16667,0.0,7.16667,90,18.11,15.835,-19.1421,45.2133,451.0,1
2017-11-04,3,7.0,0.0,6.83333,94,19.9329,18.16,-25.6093,41.8921,463.6,1
2017-11-04,4,6.16667,0.0,6.66667,84,19.06,12.5,-20.6093,41.8921,450.667,1
2017-11-04,5,6.5,0.0,6.5,84,17.95,26.06,-21.7845,35.4906,477.0,1
2017-11-04,6,6.66667,0.0,6.33333,83,18.6586,22.9825,-12.7845,29.4905,479.52,1
2017-11-04,7,6.66667,0.0,6.16667,80,19.746,14.2725,-14.6146,25.9086,472.457,1
2017-11-04,8,6.66667,0.0,6.33333,78,21.6371,18.102,-5.93587,19.4415,490.629,1
2017-11-04,9,7.66667,0.0,6.5,79,24.7875,15.7017,-7.45326,11.8129,477.0,1
2017-11-04,10,8.66667,0.0,6.83333,66,25.8829,16.5171,14.2566,4.89152,440.64,1
2017-11-04,11,9.0,0.0,7.5,64,23.5129,17.6417,6.09775,-4.80009,395.2,1
2017-11-04,12,10.0,0.0,8.16667,59,24.6063,17.745,-10.6805,-12.5783,356.4,1
2017-11-04,13,11.1667,0.0,9.0,60,23.1017,21.7812,-23.9579,-23.5927,281.657,1
2017-11-04,14,12.1667,0.0,9.83333,54,24.675,23.3333,-29.5012,-25.8888,250.364,1
2017-11-04,15,12.5,0.0,10.6667,60,33.4817,15.81,-44.7334,-23.0854,281.455,1
2017-11-04,16,12.6667,0.0,11.0,74,40.8871,20.1983,-23.9552,-15.3072,277.114,1
2017-11-04,17,12.6667,0.0,11.0,84,43.1188,34.1286,0.97912,-9.94968,291.877,1
2017-11-04,18,12.3333,0.0,11.0,81,46.63,30.78,11.9791,-9.94968,249.508,1
2017-11-04,19,12.0,0.0,10.6667,84,45.7475,39.095,35.9896,-4.97484,259.2,1
2017-11-04,20,12.0,0.0,10.1667,82,44.804,35.44,37.8373,-4.20948,279.138,1
2017-11-04,21,12.1667,0.0,9.66667,73,43.6457,33.89,12.8269,-9.18432,270.3,1
2017-11-04,22,12.5,0.0,9.16667,73,47.1325,28.695,-12.1074,-14.5418,240.0,1
2017-11-05,0,13.1667,0.0,8.5,74,34.4433,24.9575,-50.8134,-21.0474,251.631,1
2017-11-05,1,13.0,0.0,8.33333,75,45.1512,24.0843,-25.803,-16.0726,257.914,1
2017-11-05,2,12.6667,0.0,8.16667,77,41.6575,18.11,-2.86864,-10.715,297.0,1
2017-11-05,3,12.1667,0.0,8.0,78,35.8257,19.9329,8.13136,-10.715,258.514,1
2017-11-05,4,11.5,0.0,8.0,79,38.8312,19.06,32.0657,-5.35752,287.571,1
2017-11-05,5,11.1667,0.0,7.83333,82,39.3225,17.95,35.7612,-3.8268,321.231,1
2017-11-05,6,11.0,0.0,7.66667,81,38.14,18.6586,11.6746,-8.41896,309.12,1
2017-11-05,7,11.3333,0.0,7.66667,78,39.4938,19.746,-9.41192,-13.0111,294.0,1
2017-11-05,8,11.6667,0.0,7.66667,78,38.81,21.6371,-31.4985,-17.6033,282.764,1
2017-11-05,9,12.1667,0.0,7.83333,76,38.1113,24.7875,-29.4985,-17.6033,250.92,1
2017-11-05,10,13.1667,0.0,8.16667,73,39.1014,25.8829,4.82688,-9.18432,286.7,1
2017-11-05,11,14.3333,0.0,8.83333,67,36.29,23.5129,1.13136,1.53072,245.1,1
2017-11-05,12,14.8333,0.0,9.66667,63,33.225,24.6063,-5.3358,-1.14804,188.308,1
2017-11-05,13,14.6667,0.0,10.5,64,31.0986,23.1017,-3.3358,-1.14804,180.0,1
2017-11-05,14,14.3333,0.0,11.3333,66,32.0812,24.675,-27.4985,-5.35752,218.625,1
2017-11-05,15,14.1667,0.0,11.8333,71,30.4375,33.4817,-20.4946,-19.2586,278.526,1
2017-11-05,16,13.0,0.0,12.1667,74,30.4986,40.8871,-29.687,-28.451,240.0,1
2017-11-05,17,12.0,0.0,12.3333,89,36.3887,43.1188,-18.4973,-27.5441,295.68,1
2017-11-05,18,11.3333,0.0,12.1667,84,31.23,46.63,-42.6897,-36.7365,282.764,1
2017-11-05,19,11.3333,0.0,11.6667,72,36.8,45.7475,-40.3053,-40.3053,282.764,1
2017-11-05,20,11.1667,0.0,11.0,81,41.868,44.804,-36.7365,-42.6897,299.815,1
2017-11-05,21,10.1667,0.0,10.3333,82,46.89,43.6457,-31.3709,-42.7361,300.667,1
2017-11-05,22,9.83333,0.0,9.66667,78,43.955,47.1325,-27.6857,-42.8393,354.738,1
2017-11-06,0,8.66667,0.0,8.16667,85,45.5533,34.4433,-24.2334,-47.5051,385.527,0
2017-11-06,1,8.33333,0.0,7.66667,84,45.115,45.1512,-19.8994,-48.0418,411.927,0
2017-11-06,2,8.16667,0.0,7.33333,90,51.38,41.6575,-13.5354,-54.4058,360.0,0
2017-11-06,3,8.33333,0.0,7.16667,88,48.3271,35.8257,-17.6408,-47.6872,373.32,0
2017-11-06,4,8.0,0.0,7.0,86,50.605,38.8312,-5.81401,-38.4484,360.0,0
2017-11-06,5,7.0,0.0,7.0,83,54.465,39.3225,-7.75465,-33.8946,392.229,0
2017-11-06,6,6.33333,0.0,7.0,84,53.9471,38.14,-9.60241,-34.66,420.0,0
2017-11-06,7,5.83333,0.0,7.0,87,57.3812,39.4938,-11.543,-26.2794,469.05,0
2017-11-06,8,5.16667,0.0,7.16667,84,57.5238,38.81,-14.0249,-21.1845,515.2,0
2017-11-06,9,4.83333,0.0,7.5,82,52.7363,38.1113,-18.6443,-23.0979,496.4,0
2017-11-06,10,5.0,0.0,8.0,81,50.3262,39.1014,-9.20017,-14.7829,547.2,0
2017-11-06,11,6.0,0.0,8.5,74,54.968,36.29,-9.56416,-8.41896,600.4,0
2017-11-06,12,7.0,0.0,9.16667,74,43.935,33.225,6.75076,-4.97484,607.05,0
2017-11-06,13,7.33333,0.0,9.83333,77,46.745,31.0986,-9.02745,2.80337,501.84,0
2017-11-06,14,8.33333,0.0,10.3333,77,55.2175,32.0812,-9.95133,8.54357,420.0,0
2017-11-06,15,9.5,0.0,10.5,81,47.4371,30.4375,-3.99813,19.0889,360.0,0
2017-11-06,16,10.0,0.0,10.5,89,51.0983,30.4986,-11.3787,34.0023,333.45,0
2017-11-06,17,10.0,0.0,10.5,93,49.5233,36.3887,-19.3787,43.0023,341.127,0
2017-11-06,18,9.5,0.0,10.1667,93,56.47,31.23,-19.3787,51.0023,311.564,0
2017-11-06,19,9.16667,0.0,9.83333,92,49.25,36.8,-11.6005,51.2241,313.65,0
2017-11-06,20,8.83333,0.0,9.5,91,40.3733,41.868,-4.20948,54.1627,372.655,0
2017-11-06,21,7.83333,0.0,9.16667,89,40.9233,46.89,6.36399,50.364,415.385,0
2017-11-06,22,8.0,0.0,8.83333,87,38.1167,43.955,12.8312,53.0428,396.277,0
2017-11-07,0,8.16667,0.0,8.33333,86,33.6,45.5533,29.8312,31.0427,405.45,0
2017-11-07,1,8.83333,0.0,8.16667,85,36.0933,45.115,39.8312,23.0427,374.85,0
2017-11-07,2,9.0,0.0,7.83333,87,34.4067,51.38,49.8312,9.04275,380.8,0
2017-11-07,3,9.5,0.0,7.66667,92,34.4083,48.3271,52.706,-1.14804,345.257,0
2017-11-07,4,9.5,0.0,7.5,92,37.076,50.605,55.4776,-7.6536,337.08,0
2017-11-07,5,10.3333,0.0,7.16667,87,37.124,54.465,54.7164,-11.4804,300.0,0
2017-11-07,6,10.1667,0.0,7.0,84,36.1867,53.9471,48.803,-16.0726,334.08,0
2017-11-07,7,10.1667,0.0,6.83333,85,37.5875,57.3812,45.167,-22.4366,346.92,0
2017-11-07,8,10.6667,0.0,6.83333,79,35.42,57.5238,42.9992,-25.6808,346.92,0
2017-11-07,9,11.0,0.0,6.83333,86,34.9271,52.7363,42.9529,-31.0465,309.12,0
2017-11-07,10,11.8333,0.0,7.16667,84,34.5375,50.3262,44.8006,-31.8118,302.4,0
2017-11-07,11,11.8333,0.0,7.66667,82,33.6912,54.968,44.3207,-37.8263,240.0,0
2017-11-07,12,12.6667,0.23,8.0,84,37.2375,43.935,35.4778,-35.4778,281.538,0
2017-11-07,13,13.3333,0.23,8.33333,78,38.9543,46.745,31.6429,-39.2197,265.5,0
2017-11-07,14,13.5,0.23,8.66667,79,41.71,55.2175,25.9138,-47.5618,264.0,0
2017-11-07,15,13.6667,0.23,9.16667,79,47.2014,47.4371,20.6647,-49.8895,255.2,0
2017-11-07,16,13.8333,0.23,9.16667,88,53.6488,51.0983,21.0474,-50.8134,257.914,0
2017-11-07,17,14.1667,0.46,9.16667,84,55.2163,49.5233,21.8128,-52.6612,239.4,0
2017-11-07,18,14.0,0.23,9.0,82,51.94,56.47,21.8128,-52.6612,239.4,0
2017-11-07,19,14.5,0.23,8.83333,79,61.4475,49.25,21.4301,-51.7373,242.031,0
2017-11-07,20,15.0,0.23,8.66667,77,53.8,40.3733,16.4552,-56.7268,226.8,0
2017-11-07,21,15.5,0.23,8.33333,75,37.19,40.9233,10.3324,-58.9448,204.429,0
2017-11-07,22,15.1667,0.23,8.16667,73,28.915,38.1167,4.97484,-62.0104,180.0,0
2017-11-08,0,14.8333,0.0,7.66667,77,25.17,33.6,0.0,-60.0,233.365,0
2017-11-08,1,13.6667,0.0,7.5,78,24.9,36.0933,0.0,-55.0,269.925,0
2017-11-08,2,13.1667,0.0,7.0,84,23.28,34.4067,0.0,-65.0,248.625,0
2017-11-08,3,12.8333,0.0,6.5,84,23.7862,34.4083,0.0,-63.0,249.171,0
2017-11-08,4,12.8333,0.0,6.0,81,21.3157,37.076,0.0,-63.0,240.0,0
2017-11-08,5,13.0,0.0,5.66667,83,26.2588,37.124,0.0,-52.0,264.48,0
2017-11-08,6,13.3333,0.0,5.33333,79,28.0817,36.1867,0.0,-56.0,248.571,0
2017-11-08,7,13.8333,0.0,5.0,79,32.9986,37.5875,0.0,-56.0,248.571,0
2017-11-08,8,13.3333,0.0,5.0,79,35.8833,35.42,0.0,-55.0,257.914,0
2017-11-08,9,13.3333,0.0,5.0,77,39.2725,34.9271,-4.20948,-51.1627,286.971,0
2017-11-08,10,14.0,0.0,5.16667,70,39.0737,34.5375,-4.20948,-51.1627,286.971,0
2017-11-08,11,14.1667,0.0,5.5,65,39.7088,33.6912,-4.20948,-55.1627,242.031,0
2017-11-08,12,14.6667,0.0,6.0,64,40.1625,37.2375,-4.20948,-57.1627,208.145,0
2017-11-08,13,15.5,0.0,6.5,63,41.1825,38.9543,0.0,-64.0,180.0,0
2017-11-08,14,15.8333,0.0,7.16667,61,42.0213,41.71,0.0,-68.0,180.0,0
2017-11-08,15,16.0,0.0,7.66667,69,44.035,47.2014,0.0,-63.0,195.52,0
2017-11-08,16,15.0,0.0,7.5,86,46.4487,53.6488,0.0,-63.0,209.647,0
2017-11-08,17,15.0,0.0,7.16667,92,48.32,55.2163,0.0,-58.0,256.0,0
2017-11-08,18,14.1667,0.0,6.66667,89,49.4875,51.94,0.0,-55.0,251.631,0
2017-11-08,19,13.6667,0.0,6.16667,81,49.4325,61.4475,0.0,-54.0,273.28,0
2017-11-08,20,13.5,0.0,5.5,86,51.376,53.8,0.0,-54.0,255.2,0
2017-11-08,21,12.8333,0.0,5.0,85,53.3333,37.19,0.0,-54.0,273.28,0
2017-11-08,22,12.6667,0.0,4.83333,86,52.155,28.915,0.0,-65.0,240.0,0
2017-11-09,0,11.1667,0.0,4.5,89,48.5,25.17,7.6536,-56.4776,305.52,0
2017-11-09,1,10.3333,0.0,4.16667,89,50.105,24.9,7.6536,-50.4776,348.0,0
2017-11-09,2,9.83333,0.0,4.0,97,48.3425,23.28,7.6536,-60.4776,300.0,0
2017-11-09,3,9.0,0.0,3.66667,92,49.0563,23.7862,7.6536,-57.4776,323.345,0
2017-11-09,4,8.33333,0.0,3.66667,88,48.4263,21.3157,5.35752,-52.0209,385.527,0
2017-11-09,5,8.0,0.0,3.5,96,50.71,26.2588,2.67876,-58.488,360.0,0
2017-11-09,6,7.66667,0.0,3.5,83,51.0075,28.0817,-4.20948,-54.7925,388.267,0
2017-11-09,7,6.66667,0.0,3.66667,89,49.9975,32.9986,-10.3324,-52.9448,417.6,0
2017-11-09,8,6.0,0.0,3.66667,90,54.8275,35.8833,-11.8631,-56.6403,420.0,0
2017-11-09,9,5.83333,0.0,4.16667,72,54.715,39.2725,-15.3986,-51.1758,495.0,0
2017-11-09,10,5.5,0.0,4.33333,86,54.2575,39.0737,-20.018,-53.0892,480.0,0
2017-11-09,11,5.33333,0.0,4.83333,76,55.9313,39.7088,-23.5536,-46.6248,547.2,0
2017-11-09,12,5.16667,0.0,5.33333,69,58.7825,40.1625,-27.7962,-41.8674,561.6,0
2017-11-09,13,5.83333,0.0,6.0,68,61.0588,41.1825,-31.0434,-34.0281,575.143,0
2017-11-09,14,6.33333,0.0,6.66667,64,63.26,42.0213,-31.4261,-20.1699,555.429,0
2017-11-09,15,6.66667,0.0,7.0,70,67.47,44.035,-34.4042,-8.04584,536.057,0
2017-11-09,16,7.0,0.0,7.33333,81,69.35,46.4487,-34.4042,4.88848,480.0,0
2017-11-09,17,7.16667,0.0,7.5,82,71.235,48.32,-32.0167,18.5867,483.36,0
2017-11-09,18,6.83333,0.0,7.5,82,74.4025,49.4875,-32.3471,25.4499,440.64,0
2017-11-09,19,6.66667,0.0,7.16667,81,73.9,49.4325,-31.64,31.8139,477.0,0
2017-11-09,20,6.33333,0.0,6.83333,81,76.16,51.376,-30.0761,42.5237,457.6,0
2017-11-09,21,6.33333,0.0,6.5,82,63.27,53.3333,-28.7755,44.4703,486.0,0
2017-11-09,22,6.83333,0.0,6.16667,82,62.8075,52.155,-20.7643,43.5464,503.25,0
2017-11-10,0,9.83333,0.0,5.5,81,57.8875,48.5,-22.1785,44.9606,392.229,0
2017-11-10,1,9.83333,0.0,5.16667,85,63.4463,50.105,-11.7215,45.7152,302.4,0
2017-11-10,2,10.6667,0.0,4.83333,97,59.6125,48.3425,-12.4286,46.4223,296.229,0
2017-11-10,3,11.3333,0.0,4.66667,90,54.9762,49.0563,-21.5879,50.1179,273.48,0
2017-11-10,4,11.1667,0.0,4.66667,89,59.5762,48.4263,-18.7262,53.2094,297.6,0
2017-11-10,5,10.5,0.0,4.66667,90,58.8613,50.71,-16.8128,48.59,357.12,0
2017-11-10,6,10.3333,0.0,4.66667,91,56.4362,51.0075,-26.0516,52.4169,320.32,0
2017-11-10,7,10.8333,0.0,4.83333,94,51.42,49.9975,-31.0014,42.3666,305.455,0
2017-11-10,8,11.1667,0.0,5.16667,80,51.0057,54.8275,-33.863,39.275,317.127,0
2017-11-10,9,11.8333,0.0,5.33333,77,52.31,54.715,-38.846,38.3048,275.6,0
2017-11-10,10,12.8333,0.0,5.66667,84,44.5157,54.2575,-40.0213,31.9033,286.971,0
2017-11-10,11,14.0,0.76,6.16667,72,39.1671,55.9313,-40.7284,32.6104,253.08,0
2017-11-10,12,14.3333,0.76,6.83333,69,40.6686,58.7825,-45.6782,37.5602,205.477,0
2017-11-10,13,15.1667,0.76,7.33333,76,40.9786,61.0588,-51.2678,34.4906,195.52,0
2017-11-10,14,15.5,0.76,7.5,76,41.9325,63.26,-48.0163,39.357,195.52,0
2017-11-10,15,16.0,0.76,7.66667,80,43.5088,67.47,-48.0163,39.357,209.647,0
2017-11-10,16,16.0,0.76,7.83333,76,44.2429,69.35,-48.7234,40.0642,195.0,0
2017-11-10,17,15.6667,1.24,7.83333,74,46.7225,71.235,-44.5479,44.5479,195.52,0
2017-11-10,18,15.3333,1.24,7.5,76,49.8325,74.4025,-44.5479,44.5479,195.52,0
2017-11-10,19,15.0,1.24,7.33333,78,47.0925,73.9,-46.8756,39.2988,224.0,0
2017-11-10,20,15.0,1.24,7.16667,86,43.7025,76.16,-46.1581,31.5457,245.92,0
2017-11-10,21,14.6667,2.48,7.0,82,16.11,63.27,-49.4096,26.6792,245.92,0
2017-11-10,22,15.0,3.72,6.66667,83,14.9025,62.8075,-53.585,22.1954,230.4,0
2017-11-11,0,17.1667,2.48,6.16667,84,13.0633,57.8875,-48.9656,20.282,212.625,1
2017-11-11,1,19.8333,2.48,6.0,82,15.462,63.4463,-54.5089,22.5781,171.953,1
2017-11-11,2,21.1667,3.29,5.83333,90,8.9,59.6125,-40.8316,28.9251,166.527,1
2017-11-11,3,22.1667,2.05,5.66667,87,12.014,54.9762,-36.7697,36.7697,178.428,1
2017-11-11,4,23.3333,1.62,5.33333,87,12.5775,59.5762,-45.1887,57.0951,143.379,1
2017-11-11,5,24.6667,1.62,5.0,91,11.3725,58.8613,-24.6825,60.5889,140.87,1
2017-11-11,6,25.3333,1.62,4.66667,87,11.106,56.4362,0.0,52.0,165.6,1
2017-11-11,7,23.6667,2.56,4.16667,88,9.48,51.42,0.0,54.0,164.914,1
2017-11-11,8,23.3333,1.75,4.0,86,12.5975,51.0057,0.0,73.0,143.786,1
2017-11-11,9,23.1667,1.75,3.83333,83,10.2729,52.31,-8.03628,64.4015,171.692,1
2017-11-11,10,22.6667,1.63,3.83333,83,13.1,44.5157,-8.03628,59.4015,168.505,1
2017-11-11,11,21.6667,1.63,3.83333,76,16.275,39.1671,-16.0726,59.803,165.714,1
2017-11-11,12,21.8333,1.63,4.0,69,13.244,40.6686,-23.5927,55.9579,159.6,1
2017-11-11,13,23.0,0.69,4.33333,68,18.7571,40.9786,-33.9251,59.9027,125.314,1
2017-11-11,14,23.3333,1.22,4.5,70,23.4788,41.9325,-20.282,48.9656,167.733,1
2017-11-11,15,23.0,1.22,4.66667,71,23.3943,43.5088,-29.0837,70.2149,124.667,1
2017-11-11,16,21.8333,0.53,4.83333,74,24.75,44.2429,-26.0222,62.8238,160.615,1
2017-11-11,17,21.6667,0.53,5.0,72,28.7775,46.7225,-25.9721,48.7025,220.226,1
2017-11-11,18,20.3333,1.06,5.0,70,21.0433,49.8325,-32.0198,42.3026,217.579,1
2017-11-11,19,18.8333,1.06,4.83333,72,26.87,47.0925,-38.1839,38.1839,195.429,1
2017-11-11,20,17.5,2.59,4.66667,81,26.828,43.7025,-40.3053,40.3053,204.8,1
2017-11-11,21,16.8333,2.59,4.33333,79,20.0,16.11,-39.3142,31.1962,240.505,1
2017-11-11,22,17.6667,2.59,4.0,81,10.7575,14.9025,-49.9208,41.8028,200.842,1
2017-11-12,0,15.6667,2.06,3.33333,82,10.6925,13.0633,-47.7995,39.6815,195.52,1
2017-11-12,1,15.1667,2.06,3.16667,83,12.73,15.462,-43.8408,43.8408,203.52,1
2017-11-12,2,15.3333,0.0,3.0,83,17.195,8.9,-46.1685,38.5917,238.105,1
2017-11-12,3,14.6667,0.0,3.0,86,11.7557,12.014,-44.0472,36.4704,230.4,1
2017-11-12,4,13.8333,0.0,3.0,94,13.0971,12.5775,-41.9258,34.349,257.914,1
2017-11-12,5,13.3333,0.0,3.0,90,14.4083,11.3725,-41.9258,34.349,257.914,1
2017-11-12,6,13.6667,0.0,3.0,90,12.7671,11.106,-36.7697,36.7697,297.6,1
2017-11-12,7,13.5,0.48,2.83333,87,13.2414,9.48,-25.456,41.456,270.327,1
2017-11-12,8,12.6667,0.48,2.66667,86,13.77,12.5975,-22.6526,45.6882,267.429,1
2017-11-12,9,13.1667,0.48,2.66667,89,12.6243,10.2729,-16.9625,45.9513,281.455,1
2017-11-12,10,13.5,0.48,2.66667,83,15.7833,13.1,-9.18432,52.1731,279.0,1
2017-11-12,11,14.1667,0.48,2.83333,74,18.805,16.275,-15.3072,50.9552,261.415,1
2017-11-12,12,14.3333,0.48,3.33333,59,19.6533,13.244,-16.0726,52.803,228.0,1
2017-11-12,13,14.8333,0.0,4.0,62,24.3917,18.7571,-18.3686,58.3462,196.114,1
2017-11-12,14,15.0,0.0,4.66667,62,20.182,23.4788,-24.4915,59.1283,195.0,1
2017-11-12,15,15.0,0.0,5.0,63,26.9571,23.3943,-26.854,52.8316,220.0,1
2017-11-12,16,14.0,0.0,5.16667,75,32.5233,24.75,-34.0481,44.3309,241.553,1
2017-11-12,17,12.8333,0.0,5.16667,81,40.6083,28.7775,-31.3693,37.8637,297.6,1
2017-11-12,18,11.0,0.0,4.83333,79,41.8375,21.0433,-38.7604,40.9252,294.0,1
2017-11-12,19,9.5,0.0,4.33333,83,35.3233,26.87,-44.3036,38.6291,300.0,1
2017-11-12,20,8.83333,0.0,3.83333,81,46.615,26.828,-43.1305,18.8972,357.5,1
2017-11-12,21,8.16667,0.0,3.5,79,34.5375,20.0,-34.6452,2.41191,423.514,1
2017-11-12,22,8.16667,0.0,3.33333,78,34.13,10.7575,-38.472,-6.82689,371.571,1
2017-11-13,0,10.1667,0.92,3.0,88,35.855,10.6925,-14.3198,-46.4846,349.8,0
2017-11-13,1,10.8333,0.92,2.83333,87,32.1538,12.73,-3.8268,-53.2388,291.6,0
2017-11-13,2,11.3333,1.81,2.83333,94,29.335,17.195,-3.8268,-56.2388,273.48,0
2017-11-13,3,11.5,1.81,2.66667,95,31.1943,11.7557,4.20948,-57.1627,262.08,0
2017-11-13,4,11.5,2.7,2.5,95,29.7987,13.0971,8.41896,-57.3254,270.3,0
2017-11-13,5,11.3333,2.24,2.33333,95,33.24,14.4083,12.2458,-54.5642,307.8,0
2017-11-13,6,10.3333,1.78,2.16667,97,32.4214,12.7671,20.024,-48.3424,317.127,0
2017-11-13,7,10.0,1.78,2.16667,92,35.4175,13.2414,25.6808,-42.9992,353.455,0
2017-11-13,8,9.66667,0.89,2.0,93,39.7425,13.77,34.6809,-42.9992,311.564,0
2017-11-13,9,9.66667,1.4,2.0,94,42.625,12.6243,36.8354,-26.4726,335.345,0
2017-11-13,10,10.5,0.51,2.0,95,45.4025,15.7833,42.7886,-12.1004,324.48,0
2017-11-13,11,11.0,1.4,2.0,90,44.3971,18.805,41.7902,15.5232,319.2,0
2017-11-13,12,11.8333,1.4,2.16667,83,44.7525,19.6533,49.0676,26.5376,251.6,0
2017-11-13,13,11.8333,1.4,2.5,81,50.5557,24.3917,42.8961,29.3661,259.418,0
2017-11-13,14,12.0,1.4,2.66667,87,53.4729,20.182,39.0974,31.5206,302.08,0
2017-11-13,15,11.5,0.89,2.83333,87,51.6662,26.9571,46.1685,40.7594,276.48,0
2017-11-13,16,11.0,0.89,3.0,94,58.6471,32.5233,41.2187,37.5438,339.429,0
2017-11-13,17,10.1667,0.0,3.16667,93,58.2225,40.6083,36.7697,43.2728,354.738,0
2017-11-13,18,9.5,0.0,3.16667,90,64.4538,41.8375,43.1337,51.5877,321.6,0
2017-11-13,19,9.33333,0.0,3.0,90,63.63,35.3233,40.3053,50.7102,325.867,0
2017-11-13,20,9.5,0.0,3.0,88,54.9917,46.615,33.9413,52.3462,349.92,0
2017-11-13,21,9.33333,0.0,3.0,87,21.0,34.5375,22.6607,53.2701,313.65,0
2017-11-13,22,9.5,0.0,3.0,86,36.72,34.13,12.054,50.8288,369.6,0
2017-11-14,0,10.6667,0.0,2.83333,92,23.035,35.855,-9.15925,51.1124,291.6,0
2017-11-14,1,11.3333,0.0,2.66667,87,34.9071,32.1538,-2.08815,52.3512,294.0,0
2017-11-14,2,11.1667,0.0,2.5,91,34.2767,29.335,10.6066,53.2751,240.0,0
2017-11-14,3,11.5,0.0,2.33333,89,32.6811,31.1943,15.5564,58.3254,269.077,0
2017-11-14,4,11.0,0.0,2.16667,84,26.5418,29.7987,21.9204,53.6403,325.68,0
2017-11-14,5,10.3333,0.0,1.83333,88,26.0367,33.24,21.9204,48.6403,346.92,0
2017-11-14,6,10.3333,0.0,1.66667,87,23.7373,32.4214,22.6275,49.5642,348.0,0
2017-11-14,7,10.0,0.0,1.5,78,22.1507,35.4175,22.6275,59.5642,300.0,0
2017-11-14,8,9.66667,0.0,1.33333,80,29.5442,39.7425,14.1422,58.4776,300.0,0
2017-11-14,9,9.5,0.0,1.16667,83,31.612,42.625,14.1422,56.4776,312.8,0
2017-11-14,10,9.66667,0.0,1.33333,77,30.1813,45.4025,7.77821,56.1627,337.08,0
2017-11-14,11,9.83333,0.0,1.83333,69,27.66,44.3971,3.56873,56.3254,335.345,0
2017-11-14,12,10.6667,0.0,2.33333,55,24.4263,44.7525,-4.20948,58.1627,312.12,0
2017-11-14,13,11.8333,0.0,3.0,54,28.8933,50.5557,-4.20948,53.1627,291.6,0
2017-11-14,14,13.6667,0.0,3.5,60,32.0807,53.4729,-4.20948,54.1627,238.255,0
2017-11-14,15,14.6667,0.0,4.0,69,31.3988,51.6662,0.0,51.0,225.28,0
2017-11-14,16,15.1667,0.0,4.0,78,43.0142,58.6471,0.0,65.0,180.0,0
2017-11-14,17,15.5,0.0,3.83333,85,53.34,58.2225,-5.35752,62.9343,202.024,0
2017-11-14,18,14.1667,0.0,3.66667,81,65.9727,64.4538,-10.715,58.8686,238.105,0
2017-11-14,19,12.1667,0.0,3.16667,77,75.945,63.63,-13.3938,65.3358,248.021,0
2017-11-14,20,10.0,0.0,3.0,78,42.04,54.9917,-8.3938,46.3358,339.429,0
2017-11-14,21,9.33333,0.0,2.83333,74,42.2233,21.0,-2.3938,46.3358,342.514,0
2017-11-14,22,8.66667,0.0,2.83333,71,34.36,36.72,-9.4649,39.4069,387.771,0
2017-11-15,1,11.1667,0.0,3.0,74,38.07,34.9071,-33.1438,26.155,270.4,0
2017-11-15,2,12.1667,0.0,2.83333,80,38.236,34.2767,-41.2651,28.2763,276.12,0
2017-11-15,3,12.8333,0.0,2.83333,78,38.289,32.6811,-40.5116,32.9348,277.114,0
2017-11-15,4,13.0,0.0,3.0,75,36.6208,26.5418,-37.4768,37.4768,277.114,0
2017-11-15,5,12.5,0.0,3.0,83,39.7575,26.0367,-45.255,45.255,240.0,0
2017-11-15,6,12.5,0.0,3.0,82,41.9821,23.7373,-43.1337,43.1337,259.2,0
2017-11-15,7,11.6667,0.0,3.0,84,45.2636,22.1507,-39.2988,46.8756,240.0,0
2017-11-15,8,11.3333,0.0,3.33333,89,48.6057,29.5442,-36.4704,44.0472,297.6,0
2017-11-15,9,10.3333,0.0,3.5,83,51.2856,31.612,-33.6419,41.2187,317.127,0
2017-11-15,10,10.5,0.0,3.66667,84,50.4406,30.1813,-33.2547,36.5019,353.455,0
2017-11-15,11,10.6667,0.0,4.16667,81,52.05,27.66,-33.9619,37.2091,361.371,0
2017-11-15,12,10.1667,0.0,4.66667,81,45.7988,24.4263,-42.4472,45.6944,300.0,0
2017-11-15,13,11.1667,0.0,5.16667,85,43.2219,28.8933,-39.211,34.8814,321.48,0
2017-11-15,14,11.6667,0.0,5.5,84,42.0329,32.0807,-42.0394,37.7098,252.45,0
2017-11-15,15,11.8333,0.0,5.83333,85,45.055,31.3988,-43.8408,43.8408,240.0,0
2017-11-15,16,11.6667,0.0,6.0,85,51.66,43.0142,-41.7195,41.7195,270.3,0
2017-11-15,17,10.6667,0.0,5.83333,90,60.7025,53.34,-37.4436,43.3969,271.745,0
2017-11-15,18,9.83333,0.0,5.66667,92,65.0867,65.9727,-33.9081,39.8613,350.314,0
2017-11-15,20,7.83333,0.0,5.33333,95,63.66,42.04,-34.7184,36.8832,427.938,0
2017-11-15,21,7.66667,0.0,5.16667,93,59.0,42.2233,-42.1094,39.9446,396.277,0
2017-11-15,22,7.16667,0.0,5.0,93,55.945,34.36,-40.308,33.8136,417.6,0
2017-11-16,1,8.0,0.0,5.0,87,58.9688,38.07,-44.1967,27.4195,413.4,0
2017-11-16,2,7.83333,0.0,4.83333,87,57.2733,38.236,-45.6109,28.8337,392.229,0
2017-11-16,3,7.16667,0.0,4.66667,86,56.5119,38.289,-45.6109,28.8337,405.45,0
2017-11-16,4,6.5,0.0,4.5,92,56.84,36.6208,-41.9154,27.303,470.25,0
2017-11-16,5,5.83333,0.0,4.33333,83,58.1856,39.7575,-45.6109,28.8337,469.05,0
2017-11-16,6,5.33333,0.0,4.0,89,63.6318,41.9821,-34.2199,25.7723,538.65,0
2017-11-16,7,5.33333,0.0,3.83333,95,67.7193,45.2636,-29.2199,25.7723,514.8,0
2017-11-16,8,5.16667,0.0,4.0,88,71.7425,48.6057,-30.954,23.1768,514.8,0
2017-11-16,9,5.33333,0.0,4.16667,83,75.014,51.2856,-19.2972,17.52,550.8,0
2017-11-16,10,5.66667,0.0,4.33333,84,73.0133,50.4406,-6.90612,14.4585,607.05,0
2017-11-16,11,5.83333,0.0,4.66667,78,73.6945,52.05,-12.4494,16.7546,558.45,0
2017-11-16,12,5.83333,0.0,5.33333,86,63.1358,45.7988,-1.79252,11.0977,599.657,0
2017-11-16,13,5.33333,0.0,5.83333,81,61.845,43.2219,0.0552405,10.3324,592.8,0
2017-11-16,14,5.16667,0.0,6.16667,79,63.0,42.0329,-0.868639,10.715,566.1,0
2017-11-16,15,5.66667,0.0,6.33333,91,64.0338,45.055,-0.708669,12.7199,540.0,0
2017-11-16,16,5.5,0.0,6.33333,100,65.046,51.66,-15.3655,18.3767,569.25,0
2017-11-16,17,5.5,0.0,6.16667,100,74.3511,60.7025,-19.9849,20.2901,540.0,0
2017-11-16,18,5.5,0.0,5.83333,93,81.5864,65.0867,-17.2133,19.1421,561.0,0
2017-11-16,20,5.83333,0.0,5.0,98,69.54,63.66,-35.1288,11.6854,561.0,0
2017-11-16,21,5.66667,0.0,4.66667,90,49.6667,59.0,-31.8816,3.84607,540.0,0
2017-11-16,22,6.0,0.0,4.5,88,54.1125,55.945,-34.9409,-4.53449,546.96,0
2017-11-17,0,6.33333,0.0,4.0,86,48.805,53.98,-33.7074,-20.6933,532.65,0
2017-11-17,1,6.66667,0.0,3.5,96,57.8215,58.9688,-32.2932,-30.5928,524.16,0
2017-11-17,2,6.66667,0.0,3.0,93,57.0588,57.2733,-23.0544,-42.4196,505.44,0
2017-11-17,3,7.0,0.0,2.5,95,53.5886,56.5119,-18.435,-46.5062,496.8,0
2017-11-17,4,6.66667,0.0,2.0,93,51.7771,56.84,-16.1389,-49.9629,438.6,0
2017-11-17,5,6.5,0.0,1.66667,86,52.69,58.1856,-13.8428,-49.4196,472.457,0
2017-11-17,6,6.16667,0.0,1.5,90,57.5936,63.6318,-13.0775,-47.5719,509.143,0
2017-11-17,7,6.0,0.0,1.5,87,59.9377,67.7193,-9.07748,-47.5719,498.343,0
2017-11-17,8,6.0,0.0,1.83333,87,62.0838,71.7425,-11.3485,-46.0545,480.0,0
2017-11-17,9,5.66667,0.51,2.16667,87,70.9955,75.014,-11.3485,-46.0545,480.0,0
2017-11-17,10,5.83333,0.76,2.66667,82,71.3513,73.0133,-7.10583,-48.8118,497.25,0
2017-11-17,11,6.33333,0.76,3.16667,84,68.426,73.6945,-12.6491,-38.5158,499.8,0
2017-11-17,12,7.66667,0.76,4.16667,69,72.48,63.1358,-4.64911,-32.5158,513.067,0
2017-11-17,13,8.0,0.76,5.16667,68,69.7482,61.845,-9.24127,-7.42919,420.0,0
2017-11-17,14,8.83333,0.76,5.83333,73,74.2285,63.0,-17.6919,3.5542,392.229,0
2017-11-17,15,9.83333,0.63,6.33333,85,77.1175,64.0338,-8.49943,23.7466,361.029,0
2017-11-17,16,10.8333,0.76,6.66667,94,69.4191,65.046,-2.95615,41.4506,305.25,0
2017-11-17,17,11.0,0.76,6.83333,96,62.895,74.3511,-10.9562,53.4506,291.5,0
2017-11-17,18,10.6667,0.76,6.5,88,60.8236,81.5864,-6.36399,51.364,300.667,0
2017-11-17,20,10.1667,0.76,5.5,93,61.85,69.54,0.0,53.0,343.385,0
2017-11-17,21,9.16667,0.38,5.16667,86,41.665,49.6667,0.0,61.0,321.6,0
2017-11-17,22,8.33333,0.0,4.66667,87,33.5633,54.1125,4.94977,54.4672,381.9,0
2017-11-18,0,7.5,0.0,3.66667,88,44.225,48.805,14.8493,53.8841,388.267,1
2017-11-18,1,7.66667,0.0,3.16667,90,46.0738,57.8215,19.7991,51.3512,429.0,1
2017-11-18,2,7.66667,0.0,2.66667,87,49.2773,57.0588,19.7991,51.3512,417.6,1
2017-11-18,3,7.66667,0.0,2.0,97,46.6673,53.5886,25.456,49.7423,421.2,1
2017-11-18,4,7.16667,0.0,1.66667,96,49.8643,51.7771,25.456,48.7423,425.829,1
2017-11-18,5,6.66667,0.0,1.5,93,53.0485,52.69,22.6275,51.5707,420.0,1
2017-11-18,6,6.16667,0.0,1.16667,92,51.844,57.5936,14.8493,47.932,472.457,1
2017-11-18,7,5.5,0.0,1.0,96,57.4186,59.9377,13.8995,42.9822,528.0,1
2017-11-18,8,5.5,0.0,1.16667,100,59.1508,62.0838,19.8995,42.9822,480.0,1
2017-11-18,9,6.0,0.0,1.5,89,54.0218,70.9955,15.6569,35.7048,559.32,1
2017-11-18,10,7.16667,0.0,1.83333,87,48.0436,71.3513,22.728,32.7759,538.65,1
2017-11-18,11,8.16667,0.0,2.16667,74,42.3182,68.426,12.8616,35.5475,472.457,1
2017-11-18,12,9.83333,0.0,2.66667,73,41.6183,72.48,6.45126,29.5459,382.5,1
2017-11-18,13,11.5,0.0,3.33333,73,39.6978,69.7482,-10.6198,36.617,305.25,1
2017-11-18,14,12.6667,0.0,3.66667,74,47.6425,74.2285,-34.6616,35.2028,281.455,1
2017-11-18,15,13.3333,0.0,3.83333,71,50.135,77.1175,-41.0588,35.6467,231.0,1
2017-11-18,16,13.1667,0.0,3.66667,87,54.3088,69.4191,-41.7195,41.7195,221.571,1
2017-11-18,17,13.3333,0.48,3.5,89,55.355,62.895,-38.891,38.891,269.925,1
2017-11-18,18,13.1667,0.96,3.5,77,54.77,60.8236,-49.0537,43.1005,240.0,1
2017-11-18,20,12.8333,0.96,3.0,80,33.12,61.85,-53.002,31.8952,249.171,1
2017-11-18,21,13.3333,0.96,2.83333,74,30.0,41.665,-48.9656,20.282,259.418,1
2017-11-19,0,16.1667,1.22,2.33333,80,19.39,44.225,-43.9231,26.0635,224.824,1
2017-11-19,1,17.6667,1.22,2.16667,85,39.477,46.0738,-39.5309,30.8717,229.125,1
2017-11-19,2,18.6667,1.7,2.0,83,36.1309,49.2773,-41.7195,41.7195,181.895,1
2017-11-19,3,19.5,1.7,1.83333,88,35.3667,46.6673,-35.938,46.762,159.6,1
2017-11-19,4,20.0,1.09,1.83333,84,24.4209,49.8643,-33.0432,55.7736,162.4,1
2017-11-19,5,20.0,1.57,1.83333,80,25.8811,53.0485,-23.3435,56.3567,173.46,1
2017-11-19,6,20.0,0.96,1.83333,83,22.334,51.844,-22.9608,55.4328,189.382,1
2017-11-19,7,19.6667,0.96,1.83333,85,18.2723,57.4186,-20.6647,49.8895,217.579,1
2017-11-19,8,19.6667,1.45,1.83333,80,23.4344,59.1508,-21.8128,52.6612,195.789,1
2017-11-19,9,18.6667,1.45,2.16667,71,23.8885,54.0218,-28.684,49.2496,174.0,1
2017-11-19,10,18.5,1.93,2.33333,82,30.304,48.0436,-33.8749,45.7813,202.473,1
2017-11-19,11,18.8333,1.45,2.66667,70,29.2182,42.3182,-32.3442,42.0858,221.76,1
2017-11-19,12,19.6667,1.45,3.0,72,28.9145,41.6183,-33.0513,42.7929,196.725,1
2017-11-19,13,19.5,1.45,3.33333,71,27.9064,39.6978,-36.5869,46.3285,170.133,1
2017-11-19,14,19.5,0.48,3.66667,66,23.2844,47.6425,-44.5479,44.5479,165.714,1
2017-11-19,15,20.0,0.48,3.83333,65,23.3444,50.135,-43.8408,43.8408,171.943,1
2017-11-19,16,20.1667,0.51,4.16667,64,25.0233,54.3088,-42.4266,42.4266,184.743,1
2017-11-19,17,19.6667,1.02,4.16667,68,33.4375,55.355,-41.0124,41.0124,193.44,1
2017-11-19,18,20.0,1.02,4.16667,75,38.1767,54.77,-39.5982,39.5982,202.926,1
2017-11-19,21,20.0,1.02,3.66667,79,15.835,30.0,-45.255,45.255,169.304,1
2017-11-19,23,20.3333,0.48,3.0,83,10.3567,21.58,-38.1839,38.1839,213.333,1
2017-11-20,0,19.0,0.48,2.5,82,9.51667,19.39,-41.0124,41.0124,188.779,0
2017-11-20,1,17.3333,0.48,2.16667,89,11.9267,39.477,-16.9706,41.4355,209.012,0
2017-11-20,2,16.6667,0.48,1.83333,92,12.61,36.1309,-16.9706,54.4355,180.0,0
2017-11-20,3,17.3333,0.48,1.66667,84,16.3483,35.3667,-14.8493,52.3142,234.109,0
2017-11-20,4,18.8333,0.0,1.5,84,14.8612,24.4209,-8.09453,58.007,180.0,0
2017-11-20,5,18.5,0.63,1.33333,86,13.406,25.8811,-28.6509,55.1697,126.771,0
2017-11-20,6,19.6667,0.63,1.5,86,9.527,22.334,-26.4049,63.7477,140.87,0
2017-11-20,7,20.8333,0.63,1.66667,90,10.4292,18.2723,-26.0222,62.8238,160.615,0
2017-11-20,8,21.6667,0.63,1.83333,85,11.6678,23.4344,-16.0726,58.803,167.04,0
2017-11-20,9,21.6667,0.63,1.83333,85,15.4064,23.8885,-8.41896,59.3254,183.0,0
2017-11-20,10,21.6667,0.63,1.83333,81,15.6154,30.304,0.0,62.0,167.04,0
2017-11-20,11,22.6667,0.0,2.0,72,20.0547,29.2182,18.3849,66.0209,125.621,0
2017-11-20,12,22.6667,0.0,2.16667,68,21.7969,28.9145,18.3849,50.0209,170.769,0
2017-11-20,13,22.3333,0.25,2.33333,69,21.8393,27.9064,18.3849,72.0209,129.6,0
2017-11-20,14,21.8333,0.25,2.5,68,21.2943,23.2844,0.0,66.0,171.692,0
2017-11-20,15,21.1667,0.25,2.5,66,28.0092,23.3444,0.0,56.0,216.0,0
2017-11-20,16,19.6667,0.5,2.5,66,42.5975,25.0233,0.0,53.0,221.0,0
2017-11-20,17,17.6667,0.5,2.5,75,50.2583,33.4375,0.0,52.0,220.8,0
2017-11-20,18,15.8333,0.5,2.33333,79,61.7825,38.1767,0.0,66.0,180.0,0
2017-11-20,21,11.5,0.25,1.5,85,44.665,15.835,-7.27092,54.5537,340.165,0
2017-11-20,23,10.5,0.0,1.16667,84,45.62,10.3567,-7.27092,50.5537,341.127,0
2017-11-21,1,11.3333,0.0,0.666667,84,48.2073,11.9267,0.0,51.0,291.877,0
2017-11-21,2,10.3333,0.0,0.333333,91,46.0364,12.61,-3.44412,59.3149,269.077,0
2017-11-21,3,8.66667,0.0,0.0,99,46.7867,16.3483,-4.20948,61.1627,310.708,0
2017-11-21,4,8.0,0.0,0.0,93,41.8393,14.8612,-1.20948,48.1627,435.771,0
2017-11-21,5,7.0,0.0,0.0,86,46.4542,13.406,-1.20948,58.1627,383.314,0
2017-11-21,6,6.0,0.0,0.166667,87,50.2664,9.527,-3.12288,48.7821,468.218,0
2017-11-21,7,5.66667,0.0,0.166667,93,45.3964,10.4292,-8.07265,53.7318,433.964,0
2017-11-21,8,6.0,0.0,0.666667,84,49.1356,11.6678,-13.0224,47.6816,515.631,0
2017-11-21,9,6.33333,0.0,1.16667,79,52.1571,15.4064,-15.8509,50.5101,523.477,0
2017-11-21,10,5.5,0.0,1.33333,85,46.6133,15.6154,-10.8509,37.5101,600.4,0
2017-11-21,11,6.0,0.48,1.66667,76,47.0781,20.0547,-5.85086,37.5101,575.467,0
2017-11-21,12,6.33333,0.48,2.16667,70,45.6687,21.7969,-12.0324,30.4088,559.32,0
2017-11-21,13,6.5,0.48,2.83333,71,46.0559,21.8393,-20.3473,33.8529,480.0,0
2017-11-21,14,7.0,0.48,3.16667,76,49.9676,21.2943,-25.825,22.295,490.629,0
2017-11-21,15,7.33333,0.48,3.33333,77,52.7576,28.0092,-13.8752,17.3452,490.629,0
2017-11-21,16,7.16667,0.48,3.5,91,57.7614,42.5975,-1.92544,12.3954,443.7,0
2017-11-21,17,7.0,0.0,3.5,92,62.4313,50.2583,4.903,9.567,461.76,0
2017-11-21,18,6.83333,0.0,3.33333,88,69.8033,61.7825,-6.56416,6.88824,420.0,0
2017-11-21,20,6.0,0.0,2.66667,98,62.37,37.2233,-13.4776,-3.85404,482.4,0
2017-11-21,21,5.66667,0.0,2.5,93,63.6667,44.665,-7.07604,-11.9176,538.65,0
2017-11-22,1,5.83333,0.0,1.66667,92,69.1136,48.2073,-20.9559,-37.5327,504.9,0
2017-11-22,2,5.83333,0.0,1.66667,94,67.298,46.0364,-29.1986,-41.7754,517.029,0
2017-11-22,3,6.33333,0.0,1.66667,92,60.8933,46.7867,-22.7314,-44.0966,569.25,0
2017-11-22,4,6.33333,0.0,1.66667,93,57.2989,41.8393,-18.4018,-48.4262,524.16,0
2017-11-22,5,6.83333,0.0,1.66667,95,57.1861,46.4542,-18.4018,-48.4262,524.16,0
2017-11-22,6,6.83333,0.51,1.5,94,55.7089,50.2664,-16.4884,-46.8068,505.44,0
2017-11-22,7,7.16667,0.51,1.5,99,54.8539,45.3964,-14.575,-51.1874,420.0,0
2017-11-22,8,7.66667,0.51,1.5,96,56.5225,49.1356,-15.7231,-53.9591,435.2,0
2017-11-22,9,7.83333,0.51,1.5,95,51.6929,52.1571,-11.0977,-48.7925,440.64,0
2017-11-22,10,9.0,0.51,1.83333,93,51.7124,46.6133,-14.5418,-52.1074,405.45,0
2017-11-22,11,9.66667,0.51,2.16667,93,53.262,47.0781,-20.6536,-44.6892,356.4,0
2017-11-22,12,10.0,1.12,2.66667,94,55.115,45.6687,-25.2457,-47.7757,312.8,0
2017-11-22,13,10.5,1.12,3.0,96,52.8741,46.0559,-26.3938,-41.5474,319.2,0
2017-11-22,14,10.3333,1.12,3.5,95,58.9265,49.9676,-27.5418,-44.319,288.0,0
2017-11-22,15,10.5,1.12,4.0,94,61.8293,52.7576,-26.7764,-42.4712,336.3,0
2017-11-22,16,9.66667,1.12,4.33333,99,69.2807,57.7614,-22.761,-44.9502,359.9,0
2017-11-22,17,8.5,1.12,4.66667,99,80.3907,62.4313,-27.7108,-49.8999,345.6,0
2017-11-22,18,7.66667,0.0,4.83333,99,92.68,69.8033,-25.032,-43.4328,425.455,0
2017-11-22,22,6.66667,0.0,5.66667,99,50.2875,63.765,-29.5473,-32.6633,454.629,0
2017-11-23,0,7.33333,0.0,6.0,97,45.4125,59.485,-36.4273,-12.2368,437.143,0
2017-11-23,1,7.33333,0.0,6.0,94,54.0233,69.1136,-25.4776,-7.287,420.0,0
2017-11-23,2,7.5,0.0,6.0,92,58.0193,67.298,-17.5642,-2.6676,420.0,0
2017-11-23,3,7.5,0.0,6.0,91,61.1854,60.8933,-9.26808,2.87568,420.0,0
2017-11-23,4,7.66667,0.0,5.83333,91,67.07,57.2989,2.05524,10.3324,432.667,0
2017-11-23,5,7.5,0.0,5.66667,90,68.0364,57.1861,6.54336,-2.35056,417.6,0
2017-11-23,6,8.33333,0.0,5.5,90,66.8293,55.7089,11.7968,-13.1857,432.667,0
2017-11-23,7,9.5,0.0,5.33333,88,65.4,54.8539,15.9023,-26.7925,360.0,0
2017-11-23,8,10.1667,0.0,5.16667,87,59.7264,56.5225,-11.2901,-35.985,340.267,0
2017-11-23,9,10.8333,0.0,5.16667,85,61.8557,51.6929,-24.1169,-45.2237,334.08,0
2017-11-23,10,10.8333,0.0,5.5,77,56.4006,51.7124,-25.265,-47.9954,278.25,0
2017-11-23,11,11.1667,0.0,6.0,71,54.3893,53.262,-31.4424,-44.4311,282.764,0
2017-11-23,12,11.0,0.0,6.66667,68,53.0167,55.115,-34.304,-41.3396,310.431,0
2017-11-23,13,10.6667,0.0,7.5,63,55.7671,52.8741,-15.1115,-32.1471,321.48,0
2017-11-23,14,11.0,0.0,8.5,63,59.4386,58.9265,-0.28474,-22.9083,332.215,0
2017-11-23,15,11.0,0.0,9.16667,71,64.185,61.8293,-3.79522,-19.3832,321.48,0
2017-11-23,16,11.1667,0.0,9.66667,77,74.52,69.2807,-3.74885,-24.7488,285.12,0
2017-11-23,17,11.1667,0.0,9.83333,94,80.599,80.3907,-6.84043,-21.8872,273.48,0
2017-11-23,18,11.3333,0.0,9.66667,91,81.238,92.68,-26.0792,-25.714,282.764,0
2017-11-23,22,10.0,0.0,6.83333,84,46.14,50.2875,-47.1179,-19.5167,346.92,0
2017-11-24,0,9.33333,0.0,5.66667,86,43.695,45.4125,-55.4328,-22.9608,311.564,0
2017-11-24,1,9.33333,0.0,5.33333,79,49.9991,54.0233,-38.2701,-18.7513,339.2,0
2017-11-24,2,8.66667,0.0,5.16667,81,50.2583,58.0193,-38.2701,-11.8631,349.92,0
2017-11-24,3,8.33333,0.0,5.16667,75,47.6733,61.1854,-34.5746,-5.7402,411.927,0
2017-11-24,4,8.33333,0.0,5.16667,80,48.8225,67.07,-42.8895,-2.29608,360.0,0
2017-11-24,5,8.0,0.0,5.16667,91,52.8542,68.0364,-41.0418,5.35752,360.0,0
2017-11-24,6,8.16667,0.0,5.16667,88,54.6917,66.8293,-40.1179,11.8631,386.88,0
2017-11-24,7,8.0,0.0,4.66667,94,54.0164,65.4,-38.2701,18.7513,375.943,0
2017-11-24,8,7.83333,0.0,4.66667,91,54.2445,59.7264,-50.927,13.0944,388.267,0
2017-11-24,9,7.83333,0.0,4.83333,82,50.9623,61.8557,-46.1476,6.11477,413.4,0
2017-11-24,10,7.33333,0.0,5.16667,70,48.7769,56.4006,-48.9193,0.37457,402.8,0
2017-11-24,11,7.66667,0.0,5.66667,67,49.07,54.3893,-46.1476,-5.36563,448.0,0
2017-11-24,12,8.16667,0.0,6.5,60,57.6714,53.0167,-27.8327,-8.80975,421.2,0
2017-11-24,13,9.16667,0.0,7.83333,58,60.6971,55.7671,-9.44167,-11.8712,374.85,0
2017-11-24,14,10.1667,0.0,8.83333,62,64.702,59.4386,17.6063,-9.27575,300.0,0
2017-11-24,15,10.5,0.0,9.5,73,60.98,64.185,40.4567,-2.29608,302.4,0
2017-11-24,16,11.1667,0.0,10.0,85,67.619,74.52,35.8373,-4.20948,273.48,0
2017-11-24,17,11.1667,0.0,10.3333,96,72.6809,80.599,16.5985,-8.03628,282.764,0
2017-11-24,18,11.0,0.0,10.1667,87,61.518,81.238,-3.64028,-11.8631,318.171,0
2017-11-24,22,10.8333,0.0,8.83333,75,63.03,46.14,16.5224,-7.6536,297.0,0
2017-11-25,0,10.5,0.0,8.33333,76,38.5175,43.695,17.4463,7.27092,317.127,1
2017-11-25,1,10.1667,0.0,8.16667,76,46.4794,49.9991,-1.86864,10.715,341.127,1
2017-11-25,2,9.66667,0.0,8.0,78,47.6371,50.2583,-10.1836,14.1592,300.0,1
2017-11-25,3,8.83333,0.0,7.83333,79,47.64,47.6733,-28.5746,17.2206,355.385,1
2017-11-25,4,8.5,0.0,7.66667,81,45.93,48.8225,-47.2315,22.8775,389.88,1
2017-11-25,5,8.5,0.0,7.33333,82,47.5321,52.8542,-45.3837,22.1121,409.867,1
2017-11-25,6,8.66667,0.0,7.0,88,46.7944,54.6917,-45.3837,22.1121,409.867,1
2017-11-25,7,8.83333,0.0,6.66667,84,53.6907,54.0164,-46.3076,22.4948,395.2,1
2017-11-25,8,8.66667,0.0,6.5,85,54.2393,54.2445,-37.9927,9.05068,371.25,1
2017-11-25,9,8.83333,0.0,6.5,85,55.7677,50.9623,-33.2804,-0.47792,386.4,1
2017-11-25,10,9.0,0.0,6.5,84,54.9315,48.7769,-27.6235,-15.1348,371.25,1
2017-11-25,11,9.5,0.0,6.83333,78,56.4254,49.07,-23.6766,-26.5112,366.667,1
2017-11-25,12,10.1667,0.0,7.33333,74,61.3825,57.6714,-23.847,-38.4406,337.08,1
2017-11-25,13,11.1667,0.0,8.0,72,61.3133,60.6971,-27.5425,-37.6249,326.4,1
2017-11-25,14,12.8333,0.0,8.5,72,61.4191,64.702,-36.1775,-33.4715,270.667,1
2017-11-25,15,13.3333,0.0,8.83333,78,68.295,60.98,-48.4394,-31.6622,206.7,1
2017-11-25,16,13.6667,0.0,9.0,81,62.7691,67.619,-51.0406,-27.769,221.571,1
2017-11-25,17,13.6667,0.0,9.0,84,59.93,72.6809,-48.269,-26.621,261.0,1
2017-11-26,0,17.1667,1.12,6.5,94,15.5833,38.5175,-32.1363,44.5839,184.08,1
2017-11-26,1,19.1667,2.21,6.0,92,19.4631,46.4794,-28.4179,50.6071,200.348,1
2017-11-26,2,20.0,1.09,5.66667,89,17.1277,47.6371,-28.4179,50.6071,177.0,1
2017-11-26,3,21.5,1.09,5.16667,88,20.9515,47.64,-24.4915,59.1283,144.0,1
2017-11-26,4,20.8333,1.09,4.83333,86,17.8115,45.93,-17.6033,66.4985,135.496,1
2017-11-26,5,21.3333,1.09,4.33333,89,20.8363,47.5321,-8.80164,64.2492,157.617,1
2017-11-26,6,20.6667,2.18,4.0,91,27.7708,46.7944,0.0,64.0,174.0,1
2017-11-26,7,19.6667,1.57,3.66667,92,25.76,53.6907,0.0,54.0,217.579,1
2017-11-26,8,18.3333,1.57,3.33333,91,26.75,54.2393,0.0,52.0,240.514,1
2017-11-26,9,16.5,1.57,3.16667,87,32.1592,55.7677,0.0,67.0,206.743,1
2017-11-26,10,15.6667,2.05,3.0,78,39.2362,54.9315,0.0,59.0,221.571,1
2017-11-26,11,14.5,2.05,3.0,69,42.4458,56.4254,0.0,59.0,241.553,1
2017-11-26,12,14.0,0.96,3.0,64,38.6708,61.3825,0.0,56.0,254.88,1
2017-11-26,13,13.0,0.48,3.16667,60,43.3,61.3133,0.0,52.0,281.538,1
2017-11-26,14,13.0,0.48,3.33333,62,45.095,61.4191,0.0,63.0,240.0,1
2017-11-26,15,13.1667,0.48,3.5,71,44.63,68.295,0.0,51.0,297.0,1
2017-11-26,16,12.8333,0.0,3.5,67,54.23,62.7691,0.0,51.0,281.455,1
2017-11-26,17,12.3333,0.0,3.33333,67,62.78,59.93,0.0,52.0,270.327,1
2017-11-26,20,10.6667,0.0,2.16667,78,52.82,34.8367,0.0,56.0,318.171,1
2017-11-26,21,9.33333,0.0,1.5,71,62.5,22.5,-5.65688,61.6569,300.0,1
2017-11-26,23,7.33333,0.0,0.5,77,57.7533,16.7733,-5.65688,48.6569,425.455,1
2017-11-27,0,7.33333,0.0,0.0,77,55.75,15.5833,-2.82844,51.4853,439.855,0
2017-11-27,1,6.66667,0.0,-0.333333,66,67.5554,19.4631,-9.19243,46.8493,448.0,0
2017-11-27,2,6.5,0.0,-0.833333,95,62.1338,17.1277,-14.7357,49.1454,420.0,0
2017-11-27,3,6.66667,0.0,-1.16667,100,56.8913,20.9515,-19.6855,35.1956,464.28,0
2017-11-27,4,6.66667,0.0,-1.5,93,59.428,17.8115,-24.6353,20.2458,486.0,0
2017-11-27,5,7.5,0.0,-1.5,84,55.0015,20.8363,-25.4455,17.2677,477.0,0
2017-11-27,6,7.66667,0.0,-1.33333,85,53.6323,27.7708,-31.8095,17.6317,437.143,0
2017-11-27,7,8.0,0.0,-1.16667,82,53.2777,25.76,-41.7091,14.8744,417.6,0
2017-11-27,8,8.5,0.0,-0.5,79,54.8538,26.75,-38.4065,15.9014,395.2,0
2017-11-27,9,9.0,0.0,0.0,79,53.2723,32.1592,-37.1523,22.3819,393.6,0
2017-11-27,10,9.5,0.0,0.666667,77,50.3708,39.2362,-41.4413,31.1585,345.257,0
2017-11-27,11,9.66667,0.0,1.33333,70,45.7931,42.4458,-42.0452,35.5508,325.867,0
2017-11-27,12,9.5,0.0,1.83333,70,41.5931,38.6708,-42.7523,36.2579,324.48,0
2017-11-27,13,10.5,0.0,2.33333,68,43.6869,43.3,-42.0452,35.5508,313.65,0
2017-11-27,14,11.5,0.0,2.66667,69,48.2523,45.095,-35.1025,37.2673,321.48,0
2017-11-27,15,12.0,0.0,3.0,75,55.296,44.63,-31.9866,48.2226,250.92,0
2017-11-27,16,12.3333,0.0,3.33333,76,66.46,54.23,-22.8192,46.0908,258.4,0
2017-11-27,17,11.8333,0.0,3.33333,75,62.6717,62.78,-24.9406,48.2122,257.914,0
2017-11-27,21,9.83333,0.0,2.0,75,62.5,62.5,9.07268,23.1745,321.6,0
2017-11-27,22,10.1667,0.0,1.33333,75,65.5,53.71,3.88484,6.9546,333.9,0
2017-11-28,0,11.3333,0.0,0.5,76,54.5,55.75,35.8373,-4.20948,273.48,0
2017-11-28,1,12.1667,0.0,0.333333,77,65.3427,67.5554,36.8373,-4.20948,271.745,0
2017-11-28,2,12.6667,0.0,0.0,84,60.9918,62.1338,51.0,0.0,297.0,0
2017-11-28,3,13.1667,0.0,-0.166667,80,60.594,56.8913,24.0657,-5.35752,281.455,0
2017-11-28,4,13.1667,0.0,-0.166667,74,56.2273,59.428,0.131361,-10.715,248.727,0
2017-11-28,5,13.6667,0.0,-0.166667,73,49.0408,55.0015,3.13136,-10.715,245.92,0
2017-11-28,6,14.0,0.0,0.0,74,49.8969,53.6323,-24.803,-16.0726,248.571,0
2017-11-28,7,13.8333,0.0,0.166667,74,48.2338,53.2777,-23.8791,-15.6899,257.914,0
2017-11-28,8,13.8333,0.0,0.5,74,48.4246,54.8538,-23.8791,-15.6899,257.914,0
2017-11-28,9,14.0,0.0,0.666667,70,47.9415,53.2723,-50.8134,-21.0474,257.914,0
2017-11-28,10,13.8333,0.0,1.0,70,49.2977,50.3708,-51.7373,-21.4301,242.031,0
2017-11-28,11,13.8333,0.0,1.5,62,53.8538,45.7931,-26.7268,-16.4552,248.571,0
2017-11-28,12,13.8333,0.0,2.0,60,53.595,41.5931,0.207481,-11.0977,248.571,0
2017-11-28,13,13.8333,0.0,2.5,55,59.1375,43.6869,1.13136,-10.715,264.0,0
2017-11-28,14,13.5,0.0,3.16667,57,59.71,48.2523,2.05524,-10.3324,261.415,0
2017-11-28,15,12.6667,0.0,3.66667,61,48.583,55.296,-19.4301,-18.8177,277.114,0
2017-11-28,16,12.0,0.0,4.0,71,51.665,66.46,-26.5012,-25.8888,249.171,0
2017-11-28,17,11.5,0.0,4.16667,70,55.094,62.6717,-46.8652,-32.2528,289.385,0
2017-11-28,21,11.1667,0.0,3.33333,71,55.5,62.5,43.636,-6.36399,240.0,0
2017-11-29,0,8.5,0.0,2.33333,73,38.335,54.5,60.0,0.0,352.0,0
2017-11-29,1,7.5,0.61,2.16667,74,59.3418,65.3427,39.4567,-2.29608,433.1,0
2017-11-29,2,6.5,0.61,2.0,85,51.5033,60.9918,39.4567,-8.29608,423.5,0
2017-11-29,3,6.33333,0.61,2.0,82,49.8992,60.594,23.2141,-12.5387,506.3,0
2017-11-29,4,7.0,0.61,2.0,86,50.337,56.2273,18.2643,-17.4885,475.2,0
2017-11-29,5,7.16667,0.61,2.0,85,43.9054,49.0408,-2.05063,-20.9326,469.05,0
2017-11-29,6,7.83333,1.22,2.0,90,43.0013,49.8969,-23.3655,-24.3767,470.25,0
2017-11-29,7,8.5,0.61,2.0,92,46.3231,48.2338,-21.3655,-24.3767,413.4,0
2017-11-29,8,9.0,0.61,2.0,93,49.1085,48.4246,-5.82227,-16.0807,385.0,0
2017-11-29,9,9.33333,0.61,2.0,93,56.294,47.9415,-9.89453,-15.2821,345.257,0
2017-11-29,10,9.33333,0.61,1.83333,93,60.716,49.2977,4.05524,-10.3324,339.2,0
2017-11-29,11,9.33333,1.35,1.83333,83,60.7262,53.8538,4.05524,-3.44412,339.2,0
2017-11-29,12,9.16667,0.74,1.83333,77,60.1654,53.595,4.05524,-3.44412,349.92,0
2017-11-29,13,9.33333,0.74,2.0,77,61.1862,59.1375,-14.2597,-6.88824,363.0,0
2017-11-29,14,8.66667,0.74,2.16667,76,62.3277,59.71,-13.2597,-6.88824,339.2,0
2017-11-29,15,8.33333,0.74,2.33333,81,61.8146,48.583,-9.56416,-5.35752,395.2,0
2017-11-29,16,8.0,0.74,2.5,94,68.962,51.665,-2.56416,-5.35752,360.0,0
2017-11-29,17,7.16667,0.48,2.5,94,73.643,55.094,-4.56416,-5.35752,388.267,0
2017-11-29,21,6.0,0.48,1.33333,86,73.4833,55.5,35.7612,0.0,507.055,0
2017-11-29,23,6.33333,0.0,0.833333,94,70.0,44.0,41.3806,1.9134,528.0,0
2017-11-30,0,5.83333,0.0,0.666667,92,70.18,38.335,36.7612,3.8268,498.343,0
2017-11-30,1,5.33333,0.0,0.666667,79,77.5692,59.3418,25.1418,5.7402,536.057,0
2017-11-30,2,5.83333,0.0,0.666667,87,78.09,51.5033,16.2284,1.1208,530.4,0
2017-11-30,3,6.33333,0.79,0.5,93,80.687,49.8992,6.57152,-4.53608,514.8,0
2017-11-30,4,5.83333,1.6,0.5,90,71.26,50.337,-4.10724,-11.0032,532.65,0
2017-11-30,5,6.83333,2.41,0.333333,96,72.1608,43.9054,-12.1072,-16.0032,546.96,0
2017-11-30,7,7.66667,3.22,0.166667,92,69.4383,46.3231,-22.1666,-35.3838,461.76,0
2017-11-30,17,9.83333,6.31,0.5,90,46.11,73.643,26.388,-43.7064,348.0,0
2017-11-30,21,9.5,3.79,0.0,91,50.6869,73.4833,43.7516,-30.9632,349.92,0
2017-11-30,22,10.0,3.11,-0.166667,92,48.8369,73.0,46.8431,-19.6826,337.08,0
2017-11-30,23,11.6667,2.09,-0.166667,95,55.35,70.0,45.3153,-4.95788,329.018,0
2018-10-01,0,7.33333,0.0,8.0,74,41.2515,57.99,16.3918,-23.2674,385.745,0
2018-10-01,1,6.66667,0.0,6.83333,82,41.8377,54.19,1.14914,-27.5101,443.52,0
2018-10-01,2,7.0,0.0,6.0,87,44.9669,53.23,-1.14694,-33.0533,420.0,0
2018-10-01,3,6.66667,0.0,5.16667,88,47.9773,55.9064,-13.443,-38.5966,479.52,0
2018-10-01,4,6.33333,0.0,4.66667,75,45.405,44.7346,-25.7391,-44.1399,468.0,0
2018-10-01,5,6.16667,0.0,3.66667,100,46.2957,44.8427,-25.2067,-46.8547,486.0,0
2018-10-01,6,6.33333,0.0,3.16667,99,50.49,39.7793,-22.1453,-46.4637,503.25,0
2018-10-01,7,6.33333,0.0,2.33333,100,44.075,41.0,-16.4884,-47.8068,520.8,0
2018-10-01,8,6.83333,0.0,1.83333,100,49.24,45.1827,-14.1923,-53.3501,480.0,0
2018-10-01,9,7.83333,0.0,2.0,100,37.0221,30.7457,-6.88824,-50.7164,477.0,0
2018-10-01,10,8.83333,0.0,3.0,67,25.6836,20.8362,2.29608,-50.7164,413.4,0
2018-10-01,11,9.33333,0.0,4.83333,59,20.5764,16.8445,-4.19832,-35.0377,361.029,0
2018-10-01,12,10.1667,0.0,6.5,52,21.7357,12.5243,-13.4371,-24.2109,314.743,0
2018-10-01,13,11.0,0.0,9.0,51,16.3015,8.755,-26.8198,-7.07544,288.0,0
2018-10-01,14,11.3333,0.0,11.5,46,15.5354,11.2491,-34.598,9.70277,291.5,0
2018-10-01,15,11.5,0.0,13.6667,44,20.2864,11.6614,-43.3996,30.952,302.4,0
2018-10-01,16,11.3333,0.0,14.6667,43,27.3087,12.7682,-41.5055,35.5523,273.48,0
2018-10-01,17,11.3333,0.0,15.0,50,29.0,18.2421,-36.4762,41.8882,280.8,0
2018-10-01,18,10.8333,0.0,15.5,52,38.3146,21.0543,-25.3896,47.296,294.0,0
2018-10-01,19,10.0,0.0,15.5,63,50.3927,29.3145,-17.6114,48.5178,317.127,0
2018-10-01,20,8.16667,0.0,14.6667,78,59.298,40.4736,-19.9075,54.0611,311.564,0
2018-10-01,21,6.5,0.0,13.0,87,53.5485,43.2371,-19.9075,54.0611,372.764,0
2018-10-01,22,6.16667,0.0,11.5,87,58.544,44.0573,-16.846,46.67,501.138,0
2018-10-01,23,6.16667,0.0,10.3333,79,43.5915,44.6127,-16.846,55.67,446.4,0
2018-10-02,0,7.0,0.0,9.16667,66,35.396,41.2515,-7.6536,56.4776,462.545,0
2018-10-02,1,8.5,0.0,8.33333,65,34.4538,41.8377,-3.44412,50.3149,479.467,0
2018-10-02,2,10.8333,0.0,7.83333,69,37.5377,44.9669,-1.14804,50.7716,291.2,0
2018-10-02,3,12.6667,0.0,8.0,83,43.182,47.9773,0.0,53.0,253.08,0
2018-10-02,4,13.1667,0.0,8.0,88,36.7831,45.405,0.0,57.0,239.4,0
2018-10-02,5,13.5,0.0,8.0,94,38.39,46.2957,0.0,55.0,264.0,0
2018-10-02,6,13.3333,0.0,7.5,100,30.6191,50.49,0.0,52.0,286.971,0
2018-10-02,7,13.5,0.0,7.33333,90,18.1291,44.075,0.0,51.0,297.0,0
2018-10-02,8,14.0,0.0,7.33333,86,27.7618,49.24,0.0,53.0,265.5,0
2018-10-02,9,14.6667,0.0,7.33333,80,28.1275,37.0221,0.0,58.0,216.0,0
2018-10-02,10,15.1667,0.0,7.66667,70,30.06,25.6836,0.0,51.0,229.125,0
2018-10-02,11,15.8333,0.0,8.0,64,30.5773,20.5764,0.0,66.0,180.0,0
2018-10-02,12,16.5,0.0,8.66667,58,25.1333,21.7357,0.0,66.0,187.2,0
2018-10-02,13,17.8333,0.0,9.16667,60,20.4492,16.3015,0.0,66.0,194.133,0
2018-10-02,14,18.8333,0.0,9.83333,55,16.538,15.5354,0.0,57.0,181.425,0
2018-10-02,15,19.5,0.0,10.3333,51,17.0192,20.2864,0.0,64.0,138.424,0
2018-10-02,16,20.5,0.0,10.5,53,16.0236,27.3087,0.0,69.0,145.75,0
2018-10-02,17,21.0,0.0,10.6667,49,18.725,29.0,-8.03628,64.4015,157.617,0
2018-10-02,18,21.3333,0.0,10.6667,49,22.1817,38.3146,-15.3072,58.9552,176.727,0
2018-10-02,19,21.1667,0.0,10.3333,53,34.959,50.3927,-22.5781,54.5089,191.314,0
2018-10-02,20,21.0,0.0,9.83333,49,26.4146,59.298,-23.3435,56.3567,168.505,0
2018-10-02,21,21.0,0.0,9.5,47,23.1462,53.5485,-24.4915,59.1283,149.368,0
2018-10-02,22,20.5,0.0,9.16667,55,21.591,58.544,-25.6396,61.9,151.93,0
2018-10-02,23,20.0,0.0,8.83333,58,15.665,43.5915,-33.4678,47.539,176.727,0
2018-10-03,0,20.1667,0.48,8.5,55,12.4523,35.396,-39.8309,33.3365,216.0,0
2018-10-03,1,19.6667,0.48,8.33333,64,12.6654,34.4538,-45.5541,27.1533,213.333,0
2018-10-03,2,19.5,0.48,8.16667,68,13.6117,37.5377,-43.0665,34.4073,189.0,0
2018-10-03,3,19.6667,0.48,8.0,75,17.5682,43.182,-43.1337,43.1337,173.46,0
2018-10-03,4,21.0,2.51,7.83333,87,16.1573,36.7831,-45.255,45.255,154.56,0
2018-10-03,5,22.6667,2.51,7.66667,81,14.133,38.39,-49.4977,49.4977,125.314,0
2018-10-03,6,23.6667,2.03,7.5,74,9.72583,30.6191,-36.7697,36.7697,170.769,0
2018-10-03,7,24.8333,4.57,7.5,73,5.8,18.1291,-36.7697,36.7697,170.769,0
2018-10-03,8,25.8333,7.11,7.5,70,10.4817,27.7618,-37.4768,37.4768,165.092,0
2018-10-03,9,25.8333,7.11,7.5,78,6.58364,28.1275,-38.1839,38.1839,162.222,0
2018-10-03,10,26.0,7.11,7.83333,76,12.0208,30.06,-46.9856,59.4332,120.0,0
2018-10-03,11,26.6667,7.11,8.16667,76,11.5238,30.5773,-27.8936,67.3412,120.0,0
2018-10-03,12,28.0,7.11,8.5,74,10.838,25.1333,0.0,57.0,146.222,0
2018-10-03,13,30.1667,4.9,8.83333,74,10.4442,20.4492,-13.0111,61.4119,121.44,0
2018-10-03,14,31.8333,2.69,9.16667,68,7.8075,16.538,-13.0111,71.4119,93.1765,0
2018-10-03,15,33.0,2.69,9.66667,70,8.022,17.0192,0.0,77.0,100.17,0
2018-10-03,16,34.1667,0.66,10.0,68,7.72,16.0236,0.0,67.0,129.405,0
2018-10-03,17,33.0,0.66,10.1667,67,9.87833,18.725,0.0,64.0,121.44,0
2018-10-03,18,31.1667,0.66,10.1667,74,12.9942,22.1817,0.0,57.0,165.776,0
2018-10-03,19,27.5,0.33,10.0,71,18.979,34.959,0.0,80.0,137.224,0
2018-10-03,20,24.5,0.0,9.66667,65,12.785,26.4146,0.0,64.0,169.304,0
2018-10-03,21,21.8333,0.0,9.16667,68,12.2854,23.1462,0.0,60.0,193.93,0
2018-10-03,22,19.1667,0.0,8.5,63,9.686,21.591,0.0,51.0,236.733,0
2018-10-03,23,18.3333,0.0,8.0,66,10.0954,15.665,0.0,51.0,240.505,0
2018-10-04,0,17.5,0.0,7.66667,65,13.6215,12.4523,0.0,69.0,180.0,0
2018-10-04,1,17.0,0.0,7.33333,61,14.3864,12.6654,0.0,54.0,213.333,0
2018-10-04,2,16.8333,0.0,7.0,62,13.6108,13.6117,0.0,51.0,236.733,0
2018-10-04,3,17.3333,0.0,6.66667,64,10.79,17.5682,0.0,51.0,236.733,0
2018-10-04,4,17.1667,0.0,6.5,64,12.7138,16.1573,0.0,68.0,180.0,0
2018-10-04,5,17.0,0.0,6.16667,70,16.4977,14.133,0.0,52.0,228.8,0
2018-10-04,6,16.5,0.0,5.83333,73,16.179,9.72583,0.0,51.0,232.941,0
2018-10-04,7,17.3333,0.0,5.5,76,17.85,5.8,-5.7402,64.8582,187.2,0
2018-10-04,8,17.1667,0.0,5.66667,74,17.4591,10.4817,-13.3938,49.3358,224.824,0
2018-10-04,9,17.6667,0.0,6.0,69,23.6155,6.58364,-13.3938,49.3358,216.72,0
2018-10-04,10,17.5,0.0,6.5,70,27.568,12.0208,-7.6536,55.4776,200.34,0
2018-10-04,11,17.8333,0.0,7.33333,62,19.0023,11.5238,11.3138,51.7821,216.847,0
2018-10-04,12,19.3333,0.0,8.33333,55,16.437,10.838,11.3138,53.7821,214.5,0
2018-10-04,13,19.3333,0.0,9.5,52,10.1567,10.4442,11.3138,57.7821,166.725,0
2018-10-04,14,20.1667,0.0,10.3333,49,9.43083,7.8075,0.0,63.0,155.621,0
2018-10-04,15,20.0,0.0,11.1667,49,6.301,8.022,0.0,66.0,162.4,0
2018-10-04,16,20.6667,0.0,11.8333,48,12.9008,7.72,0.0,61.0,173.46,0
2018-10-04,17,19.8333,0.0,12.1667,54,17.6925,9.87833,0.0,61.0,183.0,0
2018-10-04,18,18.1667,0.0,12.5,51,28.0538,12.9942,0.0,53.0,225.095,0
2018-10-04,19,16.3333,0.0,12.3333,59,41.034,18.979,0.0,67.0,193.768,0
2018-10-04,20,13.3333,0.0,11.8333,70,50.7362,12.785,0.0,57.0,275.94,0
2018-10-04,21,11.1667,0.0,11.0,76,48.4246,12.2854,-1.53072,60.6955,315.06,0
2018-10-04,22,8.83333,0.0,10.0,79,56.146,9.686,-5.77338,64.9382,327.54,0
2018-10-04,23,7.5,0.0,9.0,88,44.2933,10.0954,-11.3167,47.2343,423.514,0
2018-10-05,0,6.66667,0.0,8.16667,77,41.9711,13.6215,-15.5593,42.9916,419.571,0
2018-10-05,1,6.83333,0.0,7.66667,70,33.3936,14.3864,-23.8742,32.4357,483.429,0
2018-10-05,2,7.66667,0.0,7.5,76,28.5973,13.6108,-30.9453,39.5068,420.0,0
2018-10-05,3,8.0,0.0,7.5,69,29.002,10.79,-39.2603,28.9509,420.0,0
2018-10-05,4,8.33333,0.0,7.83333,69,31.3092,12.7138,-45.1206,19.3169,395.2,0
2018-10-05,5,8.66667,0.0,8.16667,84,35.9478,16.4977,-48.269,18.1356,360.0,0
2018-10-05,6,8.16667,0.0,8.16667,89,36.8636,16.179,-45.8741,23.1437,395.2,0
2018-10-05,7,7.5,0.0,8.0,89,37.2146,17.85,-51.4173,25.4397,374.0,0
2018-10-05,8,7.16667,0.0,8.0,88,39.219,17.4591,-37.1024,21.9956,429.0,0
2018-10-05,9,7.0,0.0,8.33333,78,34.5662,23.6155,-23.0313,14.9245,463.6,0
2018-10-05,10,7.5,0.0,8.83333,66,38.693,27.568,-16.0313,14.9245,420.0,0
2018-10-05,11,7.33333,0.0,9.83333,57,24.5415,19.0023,-8.10357,16.1972,437.25,0
2018-10-05,12,7.5,0.0,11.0,51,18.596,16.437,-3.39129,19.6029,453.6,0
2018-10-05,13,8.5,0.0,12.6667,46,14.8808,10.1567,10.9998,16.5415,451.0,0
2018-10-05,14,10.1667,0.0,14.3333,46,12.148,9.43083,-0.54353,18.8375,393.6,0
2018-10-05,15,10.8333,0.0,15.6667,43,17.7885,6.301,-21.0491,34.5435,317.127,0
2018-10-05,16,10.8333,0.0,16.5,46,15.491,12.9008,-23.4336,30.9748,281.657,0
2018-10-05,17,11.3333,0.0,16.8333,52,28.5315,17.6925,-37.9175,28.7171,286.7,0
2018-10-05,18,11.6667,0.0,16.6667,62,36.96,28.0538,-27.9175,28.7171,249.9,0
2018-10-05,19,10.8333,0.0,16.0,70,50.368,41.034,-7.83092,24.1249,320.682,0
2018-10-05,20,9.0,0.0,15.0,80,54.535,50.7362,-0.83092,24.1249,319.341,0
2018-10-05,21,8.33333,0.0,13.6667,86,49.4192,48.4246,1.43198,4.1763,385.527,0
2018-10-05,22,7.66667,0.0,12.5,88,52.769,56.146,-1.24678,-2.29086,360.0,0
2018-10-05,23,7.33333,0.0,11.3333,80,48.8492,44.2933,3.96613,-11.4501,412.364,0
2018-10-06,0,7.66667,0.0,10.5,84,48.6777,41.9711,11.0674,-23.0506,443.52,1
2018-10-06,1,8.33333,0.0,9.83333,83,47.1331,33.3936,-3.14211,-33.2133,417.6,1
2018-10-06,2,8.83333,0.0,9.33333,82,47.5908,28.5973,-16.3516,-43.376,360.0,1
2018-10-06,3,9.16667,0.0,9.16667,77,48.71,29.002,-22.553,-47.4482,361.029,1
2018-10-06,4,9.66667,0.0,9.0,76,53.052,31.3092,-23.3184,-49.296,329.829,1
2018-10-06,5,9.83333,0.0,9.0,76,49.2723,35.9478,-27.6074,-48.173,300.0,1
2018-10-06,6,9.16667,0.0,8.83333,78,51.998,36.8636,-32.8609,-44.2261,323.345,1
2018-10-06,7,9.0,0.0,8.66667,80,47.6892,37.2146,-31.3302,-40.5306,372.655,1
2018-10-06,8,8.83333,0.0,8.83333,75,53.306,39.219,-34.1918,-37.439,366.667,1
2018-10-06,9,9.33333,0.0,8.66667,84,48.2531,34.5662,-36.4046,-34.781,380.8,1
2018-10-06,10,10.5,0.0,9.33333,59,44.828,38.693,-41.4458,-34.9514,349.92,1
2018-10-06,11,11.0,0.0,10.3333,50,44.4231,24.5415,-39.598,-21.1749,281.657,1
2018-10-06,12,12.3333,0.0,11.8333,45,46.391,18.596,-48.0058,-19.2999,250.92,1
2018-10-06,13,13.1667,0.0,13.6667,45,49.4538,14.8808,-49.136,-12.3121,235.2,1
2018-10-06,14,15.1667,0.0,15.3333,41,49.55,12.148,-25.6507,-3.8268,241.553,1
2018-10-06,15,15.8333,0.0,17.5,44,53.2946,17.7885,10.0552,-10.3324,180.0,1
2018-10-06,16,15.3333,0.0,18.6667,46,54.3808,15.491,51.0,0.0,225.28,1
2018-10-06,17,15.0,0.0,19.8333,48,54.7838,28.5315,65.0,0.0,180.0,1
2018-10-06,18,13.8333,0.0,20.3333,54,57.3508,36.96,60.0,0.0,252.0,1
2018-10-06,19,12.6667,0.0,20.1667,63,63.425,50.368,68.0,0.0,255.84,1
2018-10-06,20,10.8333,0.0,19.6667,65,64.3069,54.535,40.609,-3.06144,333.0,1
2018-10-06,21,9.66667,0.0,18.3333,81,61.9131,49.4192,37.1648,-11.3764,309.825,1
2018-10-06,22,9.0,0.0,17.1667,78,55.954,52.769,12.8499,-14.8205,364.8,1
2018-10-06,23,8.5,0.0,15.6667,75,49.2508,48.8492,-10.3889,-18.6473,376.32,1
2018-10-07,0,8.33333,0.0,14.3333,76,51.2145,48.6777,-13.3889,-18.6473,401.85,1
2018-10-07,1,8.5,0.0,13.3333,76,48.635,47.1331,-6.38888,-18.6473,360.0,1
2018-10-07,2,8.16667,0.0,12.5,77,47.9515,47.5908,2.00216,-15.5858,409.867,1
2018-10-07,3,8.16667,0.51,12.3333,74,47.9677,48.71,9.00216,-15.5858,374.0,1
2018-10-07,4,8.0,0.51,12.1667,77,49.786,53.052,4.13136,-3.8268,374.0,1
2018-10-07,5,8.33333,0.51,12.1667,74,49.4654,49.2723,4.13136,3.06144,386.88,1
2018-10-07,6,8.66667,0.51,12.3333,81,52.51,51.998,5.05524,10.3324,360.0,1
2018-10-07,7,8.16667,1.02,12.5,84,52.5485,47.6892,0.0552405,10.3324,395.2,1
2018-10-07,8,8.5,1.02,12.5,90,55.207,53.306,-5.48804,8.03628,374.0,1
2018-10-07,9,8.66667,0.51,12.8333,81,52.8377,48.2531,-29.803,4.59216,409.867,1
2018-10-07,10,9.33333,0.51,13.5,71,50.73,44.828,-30.7268,-2.67876,395.2,1
2018-10-07,11,10.0,0.51,14.3333,64,46.0938,44.4231,-31.6043,3.06955,339.2,1
2018-10-07,12,10.6667,0.51,15.3333,57,46.395,46.391,-41.4819,8.81786,319.0,1
2018-10-07,13,11.8333,0.0,16.6667,52,41.4377,49.4538,-40.9134,23.1244,251.6,1
2018-10-07,14,12.6667,0.0,18.3333,50,39.359,49.55,-28.3345,42.4057,281.538,1
2018-10-07,15,13.3333,0.0,19.5,49,31.4238,53.2946,-24.4996,46.1476,271.385,1
2018-10-07,16,14.0,0.0,20.3333,50,40.375,54.3808,-20.6647,49.8895,261.415,1
2018-10-07,17,14.5,0.0,20.5,55,33.2831,54.7838,-22.1954,53.585,223.385,1
2018-10-07,18,15.5,0.0,20.1667,63,29.3485,57.3508,-23.3435,56.3567,204.429,1
2018-10-07,19,16.0,0.0,19.3333,62,15.561,63.425,-12.6284,49.488,224.824,1
2018-10-07,20,17.1667,0.0,18.0,65,9.053,64.3069,5.19088,48.5642,229.125,1
2018-10-07,21,17.3333,0.0,16.5,68,9.45077,61.9131,26.1631,48.6314,202.926,1
2018-10-07,22,16.6667,0.0,14.8333,67,9.433,55.954,36.7697,40.238,220.8,1
2018-10-07,23,16.0,0.0,13.5,65,8.53692,49.2508,45.9622,49.4305,187.425,1
2018-10-08,0,14.6667,0.0,12.3333,67,7.49154,51.2145,43.1337,43.1337,250.286,0
2018-10-08,1,13.6667,0.0,10.8333,80,12.6208,48.635,36.0626,36.0626,302.08,0
2018-10-08,2,11.0,0.0,9.5,81,17.5931,47.9515,43.1337,43.1337,276.48,0
2018-10-08,3,9.83333,0.0,8.5,86,21.0931,47.9677,36.0626,37.1465,366.277,0
2018-10-08,4,8.83333,0.0,7.5,84,18.957,49.786,41.7195,44.5375,343.938,0
2018-10-08,5,7.66667,0.0,6.66667,84,19.3431,49.4654,37.4768,41.8122,407.1,0
2018-10-08,6,6.66667,0.0,6.0,90,23.836,52.51,37.4768,46.8122,410.4,0
2018-10-08,7,6.16667,0.0,6.0,88,28.7592,52.5485,33.6109,40.2403,497.455,0
2018-10-08,8,6.16667,0.0,5.83333,98,32.3225,55.207,40.0781,42.9191,462.545,0
2018-10-08,9,5.83333,0.0,6.0,93,35.745,52.8377,32.2999,40.1409,542.88,0
2018-10-08,10,5.66667,0.0,6.83333,72,31.5783,50.73,36.5425,45.6841,511.68,0
2018-10-08,11,5.66667,0.0,7.66667,68,24.8658,46.0938,33.7141,34.3704,501.84,0
2018-10-08,12,5.66667,0.0,8.66667,62,21.112,46.395,30.1785,34.751,550.8,0
2018-10-08,13,5.33333,0.0,9.66667,57,12.4,41.4377,28.0572,30.8955,595.2,0
2018-10-08,14,5.33333,0.0,11.1667,55,12.684,39.359,24.5217,27.3599,559.543,0
2018-10-08,15,5.16667,0.0,12.5,46,19.1577,31.4238,14.9525,18.9794,563.04,0
2018-10-08,16,5.0,0.0,13.1667,47,18.597,40.375,11.4169,17.5149,563.04,0
2018-10-08,17,5.0,0.0,13.1667,62,34.9823,33.2831,2.17813,17.5149,599.657,0
2018-10-08,18,5.0,0.0,13.0,64,44.3823,29.3485,-8.90843,12.9228,610.56,0
2018-10-08,19,5.5,0.0,12.5,67,55.528,15.561,-6.99503,3.30337,626.4,0
2018-10-08,20,6.0,0.0,11.6667,72,63.3227,9.053,-14.2991,-9.63095,582.4,0
2018-10-08,21,6.0,0.0,10.0,92,64.3583,9.45077,-21.6032,-17.7793,570.24,0
2018-10-08,22,6.16667,0.0,8.33333,99,71.509,9.433,-23.2254,-25.9343,570.24,0
2018-10-08,23,6.33333,0.0,7.16667,100,60.3415,8.53692,-19.6898,-28.3987,546.96,0
2018-10-09,0,6.33333,0.0,6.0,98,64.3823,7.49154,-15.0704,-32.4853,524.16,0
2018-10-09,1,5.66667,0.0,5.0,95,62.9792,12.6208,-11.5349,-41.0209,524.16,0
2018-10-09,2,5.0,0.0,4.33333,99,62.3146,17.5931,-6.91548,-46.9343,546.96,0
2018-10-09,3,5.0,0.0,3.66667,100,61.2869,21.0931,-0.76536,-48.7164,570.24,0
2018-10-09,4,5.5,0.0,3.33333,100,64.924,18.957,-2.67876,-49.097,607.05,0
2018-10-09,5,5.5,0.0,3.16667,100,63.2631,19.3431,6.74667,-48.07,588.0,0
2018-10-09,6,5.5,0.0,3.16667,100,65.73,23.836,6.74667,-54.07,540.0,0
2018-10-09,7,5.5,0.0,3.33333,96,65.6831,28.7592,9.80811,-51.6789,540.0,0
2018-10-09,8,5.5,0.0,3.0,100,62.1262,32.3225,7.89471,-51.0595,582.4,0
2018-10-09,9,5.5,0.0,3.66667,100,61.382,35.745,9.42543,-48.755,626.4,0
2018-10-09,10,5.33333,0.0,5.16667,82,55.2331,31.5783,9.42543,-47.755,635.04,0
2018-10-09,11,5.66667,0.0,6.66667,68,52.893,24.8658,17.4254,-42.755,540.0,0
2018-10-09,12,6.33333,0.0,8.33333,64,48.2231,21.112,8.50367,-31.9981,501.84,0
2018-10-09,13,7.16667,0.0,10.1667,57,48.3515,12.4,0.18875,-23.5539,496.4,0
2018-10-09,14,7.83333,0.0,12.5,54,49.388,12.684,-14.4902,-7.74584,483.36,0
2018-10-09,15,8.16667,0.0,14.6667,56,50.5538,19.1577,-6.49016,1.25416,429.3,0
2018-10-09,16,7.83333,0.0,15.8333,57,47.4064,18.597,-14.488,2.27092,379.44,0
2018-10-09,17,7.0,0.0,16.5,65,58.4929,34.9823,-8.48804,7.27092,405.45,0
2018-10-09,18,6.66667,0.0,16.6667,76,64.8586,44.3823,-10.6094,9.39225,420.0,0
2018-10-09,19,6.0,0.0,16.3333,81,71.3682,55.528,-25.0765,12.071,436.05,0
2018-10-09,20,5.0,0.0,15.5,80,74.5636,63.3227,-22.3049,10.923,498.667,0
2018-10-09,21,4.83333,0.0,14.0,96,79.7964,64.3583,-24.1526,11.6883,530.0,0
2018-10-09,22,4.83333,0.0,12.5,93,81.0409,71.509,-11.5951,4.00155,582.4,0
2018-10-09,23,5.16667,0.0,11.0,96,82.2,60.3415,-7.35241,-0.24111,540.0,0
2018-10-10,0,4.83333,0.0,9.66667,100,81.0009,64.3823,2.87591,-8.30463,596.25,0
2018-10-10,1,5.16667,0.0,8.5,100,74.4829,62.9792,-5.12409,-13.3046,641.143,0
2018-10-10,2,5.5,0.0,7.5,96,77.1964,62.3146,4.02183,-17.093,626.4,0
2018-10-10,3,5.16667,0.0,6.66667,100,79.1509,61.2869,4.02183,-21.093,600.0,0
2018-10-10,4,5.0,0.0,6.0,100,77.2429,64.924,0.14316,-27.2144,662.4,0
2018-10-10,5,5.0,0.0,5.83333,100,79.5308,63.2631,0.14316,-32.2144,620.743,0
2018-10-10,6,5.0,0.0,5.83333,100,78.9546,65.73,6.61032,-39.8931,624.24,0
2018-10-10,7,4.66667,0.0,5.0,100,77.5857,65.6831,13.0775,-47.5719,626.4,0
2018-10-10,8,4.83333,0.0,4.66667,100,81.44,62.1262,8.83482,-48.3292,649.0,0
2018-10-10,9,5.16667,0.0,5.16667,100,69.41,61.382,8.83482,-53.3292,600.0,0
2018-10-10,10,5.5,0.0,6.66667,86,68.56,55.2331,2.67876,-50.4672,635.04,0
2018-10-10,11,5.66667,0.0,8.33333,68,54.0057,52.893,-3.7884,-48.1459,620.229,0
2018-10-10,12,5.83333,0.0,10.1667,61,47.9243,48.2231,-6.46716,-47.6788,592.8,0
2018-10-10,13,6.16667,0.0,13.3333,52,50.1745,48.3515,-6.46716,-49.6788,540.0,0
2018-10-10,14,6.66667,0.0,16.3333,51,41.5207,49.388,-6.46716,-47.6788,546.96,0
2018-10-10,15,7.0,0.0,18.8333,52,41.8755,50.5538,-9.5286,-50.0698,480.0,0
2018-10-10,16,7.33333,0.0,19.8333,60,44.6164,47.4064,-12.59,-47.4608,461.76,0
2018-10-10,17,7.83333,0.0,20.6667,64,45.3462,58.4929,-16.0342,-44.7758,460.8,0
2018-10-10,18,8.66667,0.0,20.8333,78,56.8807,64.8586,-13.0111,-50.4119,413.4,0
2018-10-10,19,9.0,0.0,20.1667,86,60.3,71.3682,-13.0111,-49.4119,377.143,0
2018-10-10,20,8.66667,0.0,19.0,86,61.3182,74.5636,-16.4552,-50.7268,356.4,0
2018-10-10,21,8.83333,0.0,17.1667,100,56.3529,79.7964,-15.6899,-48.8791,386.4,0
2018-10-10,22,9.16667,0.0,15.8333,94,58.7209,81.0409,-12.6284,-50.488,380.8,0
2018-10-10,23,9.0,0.0,14.1667,86,53.1014,82.2,-9.18432,-53.1731,352.8,0
2018-10-11,0,8.5,0.0,12.8333,91,56.3836,81.0009,-5.7402,-52.8582,385.527,0
2018-10-11,1,8.83333,0.0,11.6667,89,56.1129,74.4829,-5.7402,-49.8582,409.867,0
2018-10-11,2,9.0,0.0,10.6667,88,57.8157,77.1964,-2.29608,-52.5433,349.8,0
2018-10-11,3,8.83333,0.0,10.3333,92,60.5364,79.1509,0.0,-54.0,366.667,0
2018-10-11,4,8.5,0.0,9.66667,95,61.6593,77.2429,0.0,-53.0,398.618,0
2018-10-11,5,8.66667,0.0,9.16667,95,61.3157,79.5308,0.0,-51.0,401.85,0
2018-10-11,6,9.0,0.0,8.83333,100,61.56,78.9546,0.0,-52.0,386.4,0
2018-10-11,7,8.66667,0.0,8.83333,97,61.9007,77.5857,-3.8268,-53.2388,385.527,0
2018-10-11,8,9.0,0.0,9.16667,91,67.8545,81.44,-3.8268,-51.2388,377.143,0
2018-10-11,9,9.66667,0.0,9.66667,96,60.0214,69.41,-10.1908,-50.6028,356.4,0
2018-10-11,10,10.1667,0.0,10.5,83,56.5157,68.56,-10.1908,-54.6028,312.8,0
2018-10-11,11,10.8333,0.0,11.6667,64,59.1509,54.0057,-18.6761,-45.0881,334.08,0
2018-10-11,12,11.3333,0.0,13.0,58,51.8686,47.9243,-14.8493,-48.8493,288.0,0
2018-10-11,13,12.0,0.0,14.3333,57,50.7479,50.1745,-14.8493,-52.8493,240.0,0
2018-10-11,14,12.6667,0.0,15.6667,54,53.2173,41.5207,-13.4602,-46.4958,286.7,0
2018-10-11,15,12.6667,0.0,17.0,52,48.4329,41.8755,-4.97484,-51.0104,281.538,0
2018-10-11,16,12.5,0.0,18.1667,54,44.89,44.6164,-4.97484,-50.0104,291.877,0
2018-10-11,17,12.1667,0.0,19.0,60,47.7443,45.3462,-4.97484,-61.0104,249.508,0
2018-10-11,18,11.8333,0.0,19.3333,73,54.2373,56.8807,-9.18432,-58.1731,269.077,0
2018-10-11,19,11.1667,0.0,19.1667,70,54.895,60.3,-8.41896,-56.3254,289.385,0
2018-10-11,20,11.0,0.0,18.6667,69,55.0491,61.3182,-8.41896,-52.3254,324.8,0
2018-10-11,21,11.0,0.0,17.8333,73,52.8536,56.3529,-8.41896,-52.3254,317.127,0
2018-10-11,22,11.0,0.0,16.8333,73,57.3191,58.7209,-8.41896,-53.3254,305.455,0
2018-10-11,23,10.5,0.0,15.5,79,54.2164,53.1014,-4.20948,-54.1627,305.455,0
2018-10-12,0,10.5,0.0,14.3333,82,55.6838,56.3836,0.0,-52.0,326.8,0
2018-10-12,1,10.8333,0.0,13.3333,86,53.2029,56.1129,0.0,-54.0,324.8,0
2018-10-12,2,10.5,0.0,12.5,84,52.8621,57.8157,0.0,-53.0,336.3,0
2018-10-12,3,10.3333,0.0,11.5,96,57.2964,60.5364,0.0,-51.0,353.455,0
2018-10-12,4,9.83333,0.0,10.6667,100,55.3471,61.6593,0.0,-51.0,333.45,0
2018-10-12,5,9.66667,0.0,10.1667,95,57.6582,61.3157,0.0,-51.0,353.455,0
2018-10-12,6,8.83333,0.0,9.5,98,58.5871,61.56,0.0,-58.0,335.345,0
2018-10-12,7,8.0,0.0,9.0,99,59.4891,61.9007,0.0,-53.0,398.618,0
2018-10-12,8,7.5,0.0,8.83333,89,58.8843,67.8545,0.0,-59.0,385.745,0
2018-10-12,9,7.0,0.0,8.66667,100,56.0914,60.0214,2.67876,-54.4672,429.0,0
2018-10-12,10,7.0,0.0,9.5,77,57.0082,56.5157,2.67876,-52.4672,468.218,0
2018-10-12,11,7.16667,0.0,10.8333,63,53.185,59.1509,-4.71228,-55.5286,420.0,0
2018-10-12,12,7.5,0.0,12.6667,58,53.3955,51.8686,-4.71228,-52.5286,420.0,0
2018-10-12,13,7.83333,0.0,14.6667,54,52.1179,50.7479,-7.77372,-44.9196,451.0,0
2018-10-12,14,8.0,0.0,17.0,45,50.6864,53.2173,-7.77372,-46.9196,413.4,0
2018-10-12,15,8.0,0.0,19.5,47,52.9607,48.4329,-15.1648,-43.9811,392.229,0
2018-10-12,16,8.33333,0.0,20.8333,51,56.435,44.89,-9.84352,-37.5139,390.0,0
2018-10-12,17,8.16667,0.0,21.3333,57,57.4564,47.7443,0.15648,-29.5139,360.0,0
2018-10-12,18,8.16667,0.0,21.1667,69,61.5609,54.2373,1.08036,-29.1312,374.85,0
2018-10-12,19,7.66667,0.0,20.6667,74,64.55,54.895,-6.31068,-24.1927,374.85,0
2018-10-12,20,7.5,0.0,19.1667,81,68.0209,55.0491,-5.16264,-21.421,421.2,0
2018-10-12,21,7.33333,0.0,17.5,83,67.7136,52.8536,-7.8414,-19.8882,437.25,0
2018-10-12,22,7.0,0.0,15.8333,88,69.1018,57.3191,-3.12912,-23.2939,453.6,0
2018-10-12,23,6.5,0.0,14.1667,90,66.9521,54.2164,-11.1291,-31.2939,473.28,0
2018-10-13,0,5.83333,0.0,12.8333,96,70.2455,55.6838,-11.1291,-35.2939,479.52,1
2018-10-13,1,5.66667,0.0,11.5,97,64.7293,53.2029,-11.1291,-39.2939,480.0,1
2018-10-13,2,5.66667,0.0,10.5,94,68.235,52.8621,-18.3007,-42.1224,536.057,1
2018-10-13,3,5.66667,0.0,9.83333,99,71.3425,57.2964,-11.8335,-46.4436,550.8,1
2018-10-13,4,5.5,0.0,9.33333,94,67.1636,55.3471,-1.76372,-49.8493,524.16,1
2018-10-13,5,5.5,0.0,9.0,94,66.2764,57.6582,2.82844,-51.6971,517.029,1
2018-10-13,6,5.5,0.0,8.33333,100,66.0057,58.5871,5.5072,-49.2299,575.143,1
2018-10-13,7,5.5,0.0,8.16667,100,69.2236,59.4891,7.03792,-52.9254,559.543,1
2018-10-13,8,5.16667,0.0,8.16667,100,66.7177,58.8843,11.2474,-50.1538,635.25,1
2018-10-13,9,5.0,0.0,7.83333,100,70.2018,56.0914,13.1608,-54.7732,600.0,1
2018-10-13,10,5.0,0.0,8.83333,76,57.1871,57.0082,13.1608,-48.7732,592.8,1
2018-10-13,11,5.33333,0.0,10.3333,64,60.0836,53.185,3.8652,-44.6235,595.2,1
2018-10-13,12,5.66667,0.0,12.5,56,48.4586,53.3955,6.16128,-50.1668,540.0,1
2018-10-13,13,6.5,0.0,14.6667,50,50.2518,52.1179,6.16128,-49.1668,559.543,1
2018-10-13,14,7.0,0.0,17.1667,44,46.3507,50.6864,-5.56023,-42.5965,556.5,1
2018-10-13,15,7.0,0.0,19.8333,46,43.7064,52.9607,-12.7478,-40.5578,492.9,1
2018-10-13,16,7.83333,0.0,20.8333,53,45.94,56.435,-18.5212,-41.105,461.76,1
2018-10-13,17,8.66667,0.0,21.5,60,50.78,57.4564,-20.4346,-42.4856,408.857,1
2018-10-13,18,9.33333,0.0,21.6667,78,57.0855,61.5609,-20.473,-44.4262,367.2,1
2018-10-13,19,9.16667,0.0,21.1667,78,59.5829,64.55,-20.473,-48.4262,339.2,1
2018-10-13,20,9.33333,0.0,19.8333,77,59.5007,68.0209,-17.1705,-49.4533,341.85,1
2018-10-13,21,9.66667,0.0,18.0,99,58.1143,67.7136,-11.5136,-52.7964,300.0,1
2018-10-13,22,9.5,0.0,16.5,91,57.0491,69.1018,-7.27092,-56.5537,345.6,1
2018-10-13,23,9.5,0.0,15.1667,81,60.6864,66.9521,-7.27092,-55.5537,347.564,1
2018-10-14,0,9.16667,0.0,13.8333,83,62.4764,70.2455,-3.06144,-56.391,337.08,1
2018-10-14,1,9.0,0.0,12.6667,86,64.0121,64.7293,-3.06144,-54.391,341.85,1
2018-10-14,2,8.5,0.0,11.5,90,66.1109,68.235,0.0,-54.0,366.667,1
2018-10-14,3,8.33333,0.0,11.0,95,63.7814,71.3425,-2.29608,-50.5433,401.85,1
2018-10-14,4,7.5,0.0,10.3333,95,64.7691,67.1636,-2.29608,-57.5433,360.0,1
2018-10-14,5,7.16667,0.0,9.5,98,65.5271,66.2764,-2.29608,-55.5433,426.0,1
2018-10-14,6,7.16667,0.0,9.0,94,68.0693,66.0057,-2.29608,-53.5433,453.927,1
2018-10-14,7,7.5,0.0,8.66667,99,70.4536,69.2236,-2.29608,-50.5433,470.25,1
2018-10-14,8,7.5,0.0,8.5,100,69.7993,66.7177,-2.29608,-51.5433,443.143,1
2018-10-14,9,7.66667,0.0,8.83333,100,68.8518,70.2018,-2.29608,-50.5433,451.0,1
2018-10-14,10,8.33333,0.0,10.0,76,64.7436,57.1871,0.0,-53.0,425.829,1
2018-10-14,11,8.5,0.0,11.3333,63,65.3882,60.0836,-9.2388,-49.8268,360.0,1
2018-10-14,12,8.66667,0.0,12.8333,59,59.5914,48.4586,-9.2388,-44.8268,401.85,1
2018-10-14,13,8.66667,0.0,14.5,56,61.5,50.2518,-12.6829,-45.1417,395.2,1
2018-10-14,14,9.16667,0.0,16.6667,51,51.5529,46.3507,-12.6829,-45.1417,367.2,1
2018-10-14,15,9.66667,0.0,18.5,45,48.5129,43.7064,-12.6829,-48.1417,341.85,1
2018-10-14,16,9.83333,0.0,19.5,49,44.4391,45.94,-12.6829,-51.1417,324.48,1
2018-10-14,17,10.0,0.0,20.3333,59,42.5014,50.78,-7.6536,-57.4776,312.12,1
2018-10-14,18,9.83333,0.0,20.6667,72,47.9245,57.0855,-8.41896,-49.3254,340.267,1
2018-10-14,19,9.66667,0.0,20.3333,69,46.5329,59.5829,-14.0758,-54.9822,300.0,1
2018-10-14,20,9.5,0.0,19.5,66,51.9864,59.5007,-17.1373,-53.3733,312.8,1
2018-10-14,21,8.5,0.0,18.0,81,49.1429,58.1143,-20.1987,-51.7643,347.564,1
2018-10-14,22,8.5,0.0,16.5,80,57.0045,57.0491,-22.1121,-45.3837,425.455,1
2018-10-14,23,8.5,0.0,15.0,70,52.6707,60.6864,-17.9026,-46.221,425.455,1
2018-10-15,0,8.83333,0.0,13.5,75,56.1236,62.4764,-17.9026,-46.221,401.85,0
2018-10-15,1,8.5,0.0,12.5,79,57.0491,64.0121,-12.2458,-50.5642,371.25,0
2018-10-15,2,8.16667,0.0,11.5,77,56.2973,66.1109,-11.4804,-48.7164,401.85,0
2018-10-15,3,8.33333,0.0,11.0,75,56.4664,63.7814,-11.4804,-54.7164,374.85,0
2018-10-15,4,8.0,0.0,10.3333,84,54.33,64.7691,-8.41896,-53.3254,360.0,0
2018-10-15,5,7.33333,0.0,9.5,93,55.4418,65.5271,-3.06144,-57.0209,385.745,0
2018-10-15,6,6.83333,0.0,9.0,80,53.5586,68.0693,-0.38268,-52.488,439.855,0
2018-10-15,7,7.33333,0.0,8.0,100,54.2454,70.4536,3.8268,-49.3254,488.52,0
2018-10-15,8,7.33333,0.0,7.5,100,55.36,69.7993,7.27092,-57.6403,420.0,0
2018-10-15,9,7.5,0.0,7.33333,95,50.1893,68.8518,7.27092,-53.6403,420.0,0
2018-10-15,10,7.66667,0.0,8.5,67,51.6236,64.7436,12.2458,-48.5642,451.0,0
2018-10-15,11,8.16667,0.0,10.0,55,47.0721,65.3882,3.00696,-46.391,417.6,0
2018-10-15,12,8.66667,0.0,11.6667,50,45.515,59.5914,-9.67596,-41.9028,375.943,0
2018-10-15,13,8.66667,0.0,14.1667,41,48.5573,61.5,-21.5935,-32.2625,395.2,0
2018-10-15,14,9.33333,0.0,16.6667,39,39.5029,51.5529,-33.3526,-27.3917,367.2,0
2018-10-15,15,9.83333,0.0,18.6667,44,37.3892,48.5129,-40.4237,-28.4628,314.743,0
2018-10-15,16,9.83333,0.0,19.5,46,35.5808,44.4391,-50.1735,-29.0667,312.12,0
2018-10-15,17,9.66667,0.0,20.0,47,39.644,42.5014,-48.0058,-32.311,312.12,0
2018-10-15,18,9.5,0.0,20.0,54,46.9567,47.9245,-45.131,-34.8482,324.48,0
2018-10-15,19,9.5,0.0,19.3333,64,52.7707,46.5329,-42.2562,-37.3854,325.867,0
2018-10-15,20,9.16667,0.0,18.1667,70,62.0631,51.9864,-40.3053,-40.3053,337.08,0
2018-10-15,21,8.83333,0.0,16.6667,73,55.7957,49.1429,-33.2342,-41.2342,363.0,0
2018-10-15,22,8.5,0.0,15.3333,71,60.6783,57.0045,-26.1631,-42.1631,389.88,0
2018-10-15,23,8.33333,0.0,14.0,67,62.778,52.6707,-19.092,-43.092,409.867,0
2018-10-16,0,8.0,0.0,12.6667,65,59.2614,56.1236,-19.092,-51.092,360.0,0
2018-10-16,1,7.5,0.0,11.3333,71,59.55,57.0491,-15.4067,-51.1951,388.267,0
2018-10-16,2,7.16667,0.0,10.1667,74,58.6693,56.2973,-9.04275,-50.8312,432.667,0
2018-10-16,3,6.83333,0.0,9.33333,77,56.8307,56.4664,-2.67876,-50.4672,470.25,0
2018-10-16,4,6.16667,0.0,8.0,93,58.0025,54.33,-2.67876,-56.4672,436.05,0
2018-10-16,5,6.0,0.0,7.0,86,59.8033,55.4418,-2.67876,-52.4672,503.25,0
2018-10-16,6,5.5,0.0,6.33333,90,59.834,53.5586,-2.67876,-51.4672,520.8,0
2018-10-16,7,5.66667,0.0,5.5,100,60.3892,54.2454,-2.67876,-55.4672,514.8,0
2018-10-16,8,5.33333,0.0,5.0,100,59.6113,55.36,-2.67876,-54.4672,532.65,0
2018-10-16,9,5.66667,0.0,5.16667,93,58.9,50.1893,-2.67876,-50.4672,595.2,0
2018-10-16,10,6.16667,0.0,6.83333,63,56.9525,51.6236,3.06144,-51.391,561.6,0
2018-10-16,11,6.0,0.0,8.33333,55,54.8993,47.0721,-3.40572,-48.0698,540.6,0
2018-10-16,12,6.33333,0.0,10.1667,51,52.988,45.515,-5.7018,-47.6131,540.6,0
2018-10-16,13,6.66667,0.0,12.8333,39,52.57,48.5573,-7.99788,-47.1564,504.9,0
2018-10-16,14,7.5,0.0,15.5,39,48.714,39.5029,-11.442,-44.4713,492.9,0
2018-10-16,15,7.5,0.0,17.6667,40,44.9875,37.3892,-17.806,-46.8353,437.143,0
2018-10-16,16,8.0,0.0,18.6667,41,45.05,35.5808,-20.8674,-43.2263,437.25,0
2018-10-16,17,8.66667,0.0,19.5,47,48.6773,39.644,-33.1677,-39.6621,392.229,0
2018-10-16,18,8.83333,0.0,19.5,54,54.5333,46.9567,-33.6432,-35.2668,367.2,0
2018-10-16,19,8.66667,0.0,19.0,55,60.4667,52.7707,-34.0259,-36.1907,380.8,0
2018-10-16,20,8.66667,0.0,17.8333,62,68.6317,62.0631,-30.5818,-35.8758,395.2,0
2018-10-16,21,8.5,0.0,16.0,76,68.5087,55.7957,-24.2178,-38.5118,386.4,0
2018-10-16,22,7.83333,0.0,14.3333,74,71.5242,60.6783,-21.1564,-38.1208,417.72,0
2018-10-16,23,7.33333,0.0,12.8333,73,66.266,62.778,-21.1564,-44.1208,400.68,0
2018-10-17,0,7.5,0.0,11.5,75,68.0967,59.2614,-11.9176,-47.294,443.52,0
2018-10-17,1,7.33333,0.0,10.3333,78,64.66,59.55,-2.67876,-51.4672,443.143,0
2018-10-17,2,7.0,0.0,9.5,79,64.7513,58.6693,0.0,-52.0,453.6,0
2018-10-17,3,6.66667,0.0,9.33333,77,64.2608,56.8307,2.67876,-50.4672,479.467,0
2018-10-17,4,7.0,0.0,8.66667,100,66.8813,58.0025,7.29816,-52.3806,466.4,0
2018-10-17,5,6.66667,0.0,8.16667,100,69.062,59.8033,10.3596,-50.7716,454.629,0
2018-10-17,6,6.66667,0.0,8.0,100,69.185,59.834,10.3596,-48.7716,477.0,0
2018-10-17,7,6.66667,0.0,7.33333,100,69.7413,60.3892,10.3596,-50.7716,454.629,0
2018-10-17,8,6.16667,0.0,7.0,100,72.1417,59.6113,10.3596,-50.7716,469.05,0
2018-10-17,9,6.16667,0.0,7.0,99,63.426,58.9,10.3596,-46.7716,528.0,0
2018-10-17,10,6.0,0.0,8.33333,65,43.556,56.9525,10.3596,-51.7716,498.343,0
2018-10-17,11,6.5,0.0,9.83333,53,52.2433,54.8993,3.89244,-47.4504,498.343,0
2018-10-17,12,6.5,0.0,11.5,46,46.9558,52.988,-3.40572,-47.0698,520.8,0
2018-10-17,13,6.5,0.0,14.1667,36,43.466,52.57,-6.46716,-47.6788,483.36,0
2018-10-17,14,6.83333,0.0,16.6667,35,45.6313,48.714,-6.46716,-49.6788,486.0,0
2018-10-17,15,7.0,0.0,18.6667,40,51.714,44.9875,-10.7098,-45.9214,509.143,0
2018-10-17,16,7.16667,0.0,19.6667,48,50.9167,45.05,-13.0059,-44.4647,492.9,0
2018-10-17,17,7.16667,0.0,20.1667,49,58.7013,48.6773,-18.6628,-46.1216,420.0,0
2018-10-17,18,6.66667,0.0,20.0,55,67.2733,54.5333,-15.2571,-45.8339,470.25,0
2018-10-17,19,6.33333,0.0,19.1667,65,70.906,60.4667,-17.1705,-50.4533,452.4,0
2018-10-17,20,6.5,0.0,17.8333,71,73.6408,68.6317,-12.1705,-42.4533,503.25,0
2018-10-17,21,6.16667,0.0,16.5,79,73.276,68.5087,-9.4917,-40.9204,509.143,0
2018-10-17,22,5.5,0.0,15.1667,81,75.2317,71.5242,-9.4917,-44.9204,498.343,0
2018-10-17,23,5.0,0.0,14.0,81,74.9167,66.266,-9.4917,-41.9204,540.6,0
2018-10-18,0,5.0,0.0,13.0,81,79.2857,68.0967,-3.33564,-42.2972,561.6,0
2018-10-18,1,4.83333,0.0,12.0,84,77.4967,64.66,3.57984,-38.6673,607.05,0
2018-10-18,2,4.33333,0.0,11.5,82,79.4475,64.7513,3.57984,-42.6673,596.25,0
2018-10-18,3,4.83333,0.0,11.5,71,78.1625,64.2608,9.23672,-41.0104,675.45,0
2018-10-18,4,5.0,0.0,11.6667,69,78.195,66.8813,9.23672,-48.0104,600.0,0
2018-10-18,5,5.0,0.0,11.5,78,80.454,69.062,10.3848,-45.2388,600.0,0
2018-10-18,6,5.33333,0.0,11.1667,91,80.7742,69.185,12.2982,-45.6194,600.0,0
2018-10-18,7,5.16667,0.0,11.1667,94,70.6067,69.7413,7.29816,-52.6194,600.0,0
2018-10-18,8,5.0,0.0,11.3333,92,59.6667,72.1417,2.49807,-48.2735,627.3,0
2018-10-18,9,4.5,0.0,10.6667,100,74.9837,63.426,3.64611,-47.0452,655.2,0
2018-10-18,10,4.66667,0.0,10.8333,75,78.2875,43.556,2.11539,-46.7407,674.16,0
2018-10-18,11,4.16667,0.0,11.6667,60,51.6667,52.2433,-4.04067,-37.8786,648.96,0
2018-10-18,12,3.5,0.0,13.1667,53,56.2267,46.9558,-4.80603,-36.0309,660.0,0
2018-10-18,13,4.5,0.0,14.6667,50,54.2444,43.466,-10.5735,-31.3458,688.5,0
2018-10-18,14,5.33333,0.0,16.0,49,53.0536,45.6313,-14.0176,-15.0309,663.257,0
2018-10-18,15,6.0,0.0,17.8333,51,54.8221,51.714,-17.079,-0.63987,600.0,0
2018-10-18,16,6.33333,0.0,18.8333,54,51.5655,50.9167,-15.1656,16.9795,620.229,0
2018-10-18,17,7.16667,0.0,19.3333,65,75.88,58.7013,-13.0443,34.1009,540.8,0
2018-10-18,18,7.66667,0.0,19.3333,69,59.2467,67.2733,-12.6616,47.568,517.0,0
2018-10-18,19,7.16667,0.0,18.8333,81,70.7413,70.906,-8.41896,49.3254,459.0,0
2018-10-18,20,6.83333,0.0,17.8333,90,71.9458,73.6408,-6.50556,50.706,463.6,0
2018-10-18,21,6.16667,0.0,16.5,95,78.52,73.276,-6.50556,56.706,435.2,0
2018-10-18,22,5.16667,0.0,15.0,98,81.4383,75.2317,0.63408,46.8603,503.25,0
2018-10-18,23,4.66667,0.0,13.6667,97,79.9833,74.9167,2.48184,46.095,532.65,0
2018-10-19,0,4.0,0.0,12.3333,94,82.1042,79.2857,1.84776,40.2346,607.05,0
2018-10-19,1,3.5,0.0,11.3333,100,81.5417,77.4967,0.43354,41.6489,635.25,0
2018-10-19,2,3.5,0.0,10.5,100,82.3142,79.4475,-0.7145,44.4205,639.6,0
2018-10-19,3,3.16667,0.0,10.1667,100,83.246,78.1625,-6.25778,38.7166,680.4,0
2018-10-19,5,4.0,0.0,9.33333,100,79.1533,80.454,-3.48614,33.3953,749.829,0
2018-10-19,6,4.66667,0.0,9.16667,98,79.24,80.7742,2.05714,28.6914,756.0,0
2018-10-19,8,4.16667,0.0,9.0,87,82.3073,59.6667,9.44818,25.7529,769.6,0
2018-10-19,9,5.33333,0.0,9.0,95,81.1047,74.9837,13.1437,21.2836,820.8,0
2018-10-19,10,6.0,0.0,9.33333,89,80.8077,78.2875,9.44818,25.8143,703.8,0
2018-10-19,11,6.5,0.0,10.0,82,76.5653,51.6667,21.7102,23.6347,571.2,0
2018-10-19,12,7.33333,0.0,10.6667,81,66.8647,56.2267,34.7655,24.931,480.0,0
2018-10-19,13,9.0,0.0,11.3333,77,59.406,54.2444,42.1565,26.4617,420.0,0
2018-10-19,14,10.1667,0.0,12.3333,74,59.1107,53.0536,37.7075,29.5895,300.0,0
2018-10-19,15,10.0,0.0,13.3333,67,59.9673,54.8221,41.7902,26.837,326.8,0
2018-10-19,16,10.3333,0.0,14.1667,69,61.32,51.5655,32.7902,34.837,340.267,0
2018-10-19,17,10.1667,0.0,14.5,81,61.4614,75.88,34.2044,36.2512,329.018,0
2018-10-19,18,9.5,0.0,14.3333,88,64.6542,59.2467,39.8613,41.9081,300.0,0
2018-10-19,19,8.16667,0.0,14.1667,88,58.24,70.7413,34.6484,44.1658,357.5,0
2018-10-19,20,7.33333,0.0,13.5,89,63.9308,71.9458,37.4768,47.8613,372.3,0
2018-10-19,21,6.66667,0.0,12.6667,92,59.3433,78.52,33.2342,44.9193,439.855,0
2018-10-19,22,5.66667,0.0,11.6667,94,66.7542,81.4383,36.0626,48.6148,448.145,0
2018-10-19,23,5.16667,0.0,10.8333,96,61.1173,79.9833,28.2844,45.8366,503.25,0
2018-10-20,0,4.83333,0.0,10.3333,95,59.154,82.1042,31.82,50.456,480.0,1
2018-10-20,1,4.83333,0.0,9.83333,91,59.4158,81.5417,29.9065,47.0754,574.255,1
2018-10-20,2,4.5,0.0,9.5,86,57.3587,82.3142,27.0781,49.9038,572.945,1
2018-10-20,3,4.5,0.0,9.16667,86,57.2967,83.246,22.1283,45.8211,655.2,1
2018-10-20,5,4.16667,0.0,8.83333,91,64.4507,79.1533,24.167,41.695,707.143,1
2018-10-20,6,4.0,0.0,8.83333,91,65.1413,79.24,28.167,41.695,681.943,1
2018-10-20,8,3.66667,0.0,9.0,89,70.006,82.3073,28.2172,35.2278,720.0,1
2018-10-20,9,3.83333,0.28,9.16667,93,67.658,81.1047,30.3888,31.5323,744.6,1
2018-10-20,10,4.0,0.28,9.33333,94,61.2987,80.8077,31.1461,25.989,720.0,1
2018-10-20,11,4.16667,0.28,10.0,93,50.424,76.5653,26.4043,26.9129,720.0,1
2018-10-20,12,4.83333,0.28,10.5,90,44.3293,66.8647,22.8687,25.4484,720.0,1
2018-10-20,13,7.0,0.28,11.1667,83,41.1467,59.406,18.1851,23.6007,688.5,1
2018-10-20,14,8.83333,0.28,11.6667,76,41.8033,59.1107,10.4896,29.546,556.5,1
2018-10-20,15,10.6667,0.0,12.0,69,44.6813,59.9673,-3.51039,45.546,336.96,1
2018-10-20,16,13.6667,0.0,12.0,72,37.8593,61.32,-3.06144,53.391,226.8,1
2018-10-20,17,14.6667,0.23,11.6667,74,31.678,61.4614,0.0,55.0,196.725,1
2018-10-20,18,15.1667,0.23,11.1667,73,35.6925,64.6542,7.77821,65.1627,180.0,1
2018-10-20,19,14.5,1.2,10.3333,74,42.828,58.24,7.77821,60.1627,218.625,1
2018-10-20,20,13.1667,1.2,9.5,78,50.6017,63.9308,7.77821,54.1627,308.661,1
2018-10-20,21,11.6667,1.2,8.83333,82,44.7153,59.3433,7.77821,62.1627,319.304,1
2018-10-20,22,8.83333,1.2,8.0,100,45.4908,66.7542,7.77821,69.1627,326.296,1
2018-10-20,23,8.83333,0.97,7.16667,96,35.3587,61.1173,7.77821,52.1627,398.618,1
2018-10-21,0,8.16667,0.97,6.66667,91,36.4742,59.154,0.0,53.0,398.618,1
2018-10-21,1,7.83333,0.0,6.33333,88,34.4567,59.4158,4.94977,57.9498,372.764,1
2018-10-21,2,7.83333,0.0,5.83333,91,36.1433,57.3587,12.3408,50.0112,400.68,1
2018-10-21,3,7.5,0.0,5.33333,93,31.294,57.2967,19.7318,43.0727,405.45,1
2018-10-21,4,7.33333,0.0,5.16667,99,31.4927,61.088,24.3512,36.986,443.143,1
2018-10-21,5,6.5,0.0,5.0,89,36.1407,64.4507,27.8868,40.5216,420.0,1
2018-10-21,6,6.66667,0.0,4.5,95,40.926,65.1413,33.8868,33.5216,420.0,1
2018-10-21,7,6.0,0.0,4.0,91,38.17,69.6353,41.2778,30.583,462.545,1
2018-10-21,8,5.83333,0.0,3.83333,99,34.8753,70.006,44.9734,18.0523,528.0,1
2018-10-21,9,5.83333,0.0,4.0,100,32.7213,67.658,47.0236,13.1025,538.65,1
2018-10-21,10,6.16667,0.0,4.66667,82,29.2433,61.2987,51.643,11.1891,514.8,1
2018-10-21,11,6.0,0.0,5.5,74,18.7867,50.424,49.2017,3.17794,532.65,1
2018-10-21,12,5.5,0.0,6.66667,67,12.6193,44.3293,46.4301,-1.7969,546.96,1
2018-10-21,13,6.0,0.0,8.0,61,10.4673,41.1467,41.8107,1.2897,546.96,1
2018-10-21,14,6.16667,0.0,9.33333,56,18.1227,41.8033,38.2751,4.75415,520.0,1
2018-10-21,15,6.66667,0.0,10.3333,46,19.0193,44.6813,32.2751,12.7542,514.8,1
2018-10-21,16,6.83333,0.0,10.8333,52,22.2407,37.8593,28.5796,8.16199,509.143,1
2018-10-21,17,7.33333,0.0,11.1667,67,27.302,31.678,28.9706,5.10055,461.76,1
2018-10-21,18,7.33333,0.0,11.1667,79,40.1442,35.6925,31.7423,3.95251,437.143,1
2018-10-21,19,7.16667,0.0,10.8333,86,51.6907,42.828,26.7925,13.9023,440.64,1
2018-10-21,20,6.83333,0.0,10.0,99,59.99,50.6017,26.4158,21.359,420.0,1
2018-10-21,21,6.0,0.0,8.83333,99,63.4487,44.7153,30.6584,20.6016,437.143,1
2018-10-21,22,5.66667,0.0,7.5,100,65.8992,45.4908,32.7798,15.7229,520.8,1
2018-10-21,23,5.16667,0.0,6.0,100,63.5153,35.3587,28.5371,19.9656,480.0,1
2018-10-22,0,5.0,0.0,4.66667,94,65.6693,36.4742,25.0016,15.5012,532.65,0
2018-10-22,1,4.83333,0.0,3.5,100,67.7531,34.4567,17.6105,14.5626,607.05,0
2018-10-22,2,4.33333,0.0,2.66667,100,68.7073,36.1433,22.6105,14.5626,577.2,0
2018-10-22,3,4.33333,0.0,2.5,91,57.4157,31.294,18.2195,17.624,675.45,0
2018-10-22,4,3.83333,0.0,2.33333,100,54.185,31.4927,21.2195,17.624,680.4,0
2018-10-22,5,4.0,0.0,2.33333,98,55.4515,36.1407,24.2195,17.624,680.85,0
2018-10-22,6,4.33333,0.0,2.33333,100,52.6086,40.926,11.2852,18.3894,660.0,0
2018-10-22,7,4.66667,0.0,2.0,100,50.63,38.17,5.74188,11.0933,660.0,0
2018-10-22,8,5.33333,0.0,2.0,100,49.8853,34.8753,4.25656,1.30738,665.6,0
2018-10-22,9,5.16667,0.0,2.0,100,54.0158,32.7213,9.13523,-0.81395,622.2,0
2018-10-22,10,6.16667,0.0,2.83333,79,49.108,29.2433,11.9637,-3.64239,699.84,0
2018-10-22,11,6.83333,0.0,3.66667,71,44.5167,18.7867,12.0551,5.13698,635.04,0
2018-10-22,12,7.66667,0.0,4.66667,66,41.8047,12.6193,0.2283,14.3758,480.0,0
2018-10-22,13,8.5,0.0,6.33333,65,41.9607,10.4673,-4.4379,26.8345,432.0,0
2018-10-22,14,9.33333,0.0,8.0,58,39.8313,18.1227,-10.4868,40.2172,393.6,0
2018-10-22,15,11.5,0.0,9.5,51,35.9915,19.0193,-24.5579,47.2883,300.667,0
2018-10-22,16,12.8333,0.0,10.3333,50,45.3,22.2407,-26.854,52.8316,240.0,0
2018-10-22,17,13.3333,0.0,11.0,68,47.8167,27.302,-25.3232,49.136,235.2,0
2018-10-22,18,12.8333,0.48,11.5,78,53.0025,40.1442,-25.7059,50.0599,225.5,0
2018-10-22,19,12.3333,0.96,11.5,77,47.9113,51.6907,-22.8775,47.2315,282.72,0
2018-10-22,20,11.8333,0.96,11.1667,81,54.9833,59.99,-29.2415,53.5955,267.12,0
2018-10-22,21,13.0,0.96,10.5,84,36.9887,63.4487,-29.8653,46.1013,340.165,0
2018-10-22,22,12.5,0.96,9.66667,96,34.3158,65.8992,-23.3597,52.3953,259.2,0
2018-10-22,23,12.6667,0.96,8.83333,95,30.0127,63.5153,-12.728,48.728,234.667,0
2018-10-23,0,13.0,0.48,8.0,87,28.8833,65.6693,6.57033,47.7215,180.0,0
2018-10-23,1,13.8333,0.0,7.33333,84,27.3047,67.7531,20.0054,50.5963,263.782,0
2018-10-23,2,14.1667,0.0,6.5,83,22.3833,68.7073,29.905,41.5306,286.971,0
2018-10-23,3,12.6667,0.0,5.83333,80,19.5458,57.4157,37.6832,51.6933,249.171,0
2018-10-23,4,12.3333,0.0,5.33333,83,20.21,54.185,37.6832,50.6933,258.514,0
2018-10-23,5,11.8333,0.0,5.0,90,29.3713,55.4515,24.7488,57.3358,240.0,0
2018-10-23,6,12.8333,0.0,4.66667,83,33.0027,52.6086,17.6777,59.097,268.029,0
2018-10-23,7,13.0,0.0,4.33333,80,35.8473,50.63,0.0,52.0,281.538,0
2018-10-23,8,13.3333,0.0,4.33333,80,32.0527,49.8853,-5.7402,52.8582,255.2,0
2018-10-23,9,14.0,0.0,4.33333,73,28.168,54.0158,-10.715,52.8686,238.255,0
2018-10-23,10,15.5,1.02,4.33333,83,28.6813,49.108,-22.7359,53.8895,218.625,0
2018-10-23,11,17.6667,2.04,4.66667,83,21.3093,44.5167,-31.845,38.8806,217.477,0
2018-10-23,12,19.8333,3.06,5.0,79,17.706,41.8047,-43.8408,43.8408,151.412,0
2018-10-23,13,23.0,3.06,5.33333,78,19.24,41.9607,-37.4768,37.4768,159.75,0
2018-10-23,14,24.6667,4.03,5.5,74,23.65,39.8313,-44.5479,44.5479,122.897,0
2018-10-23,15,28.0,4.03,5.66667,78,22.4313,35.9915,-40.3053,40.3053,165.776,0
2018-10-23,16,33.5,3.98,6.0,81,21.4307,45.3,-42.4266,42.4266,118.33,0
2018-10-23,17,37.3333,2.96,6.16667,86,21.162,47.8167,-20.6647,49.8895,111.111,0
2018-10-23,18,39.0,2.91,6.33333,79,29.4908,53.0025,-53.8989,83.1237,67.1333,0
2018-10-23,19,38.8333,4.41,6.5,83,28.7,47.9113,-48.1587,69.2655,90.3319,0
2018-10-23,20,42.5,3.44,6.66667,86,31.5021,54.9833,-27.553,66.5194,115.446,0
2018-10-23,21,42.5,4.94,6.83333,85,26.3654,36.9887,-29.849,72.0626,76.0,0
2018-10-23,22,38.0,3.97,7.0,87,14.6,34.3158,-31.3798,75.7582,97.44,0
2018-10-23,23,35.5,3.97,7.16667,82,15.255,30.0127,-24.4915,59.1283,142.054,0
2018-10-24,0,35.1667,3.0,7.33333,79,7.82143,28.8833,-10.3324,56.9448,136.0,0
2018-10-24,1,35.8333,3.13,7.33333,87,4.07333,27.3047,0.0,69.0,106.312,0
2018-10-24,2,36.0,3.13,7.33333,84,2.49133,22.3833,0.0,74.0,102.162,0
2018-10-24,3,35.5,3.26,7.16667,81,3.116,19.5458,0.0,83.0,71.8054,0
2018-10-24,4,36.3333,3.26,6.83333,82,2.75933,20.21,24.0417,77.4119,106.748,0
2018-10-24,5,36.5,3.26,6.33333,88,2.79143,29.3713,46.6693,60.9761,124.8,0
2018-10-24,6,36.3333,3.26,5.83333,78,2.15857,33.0027,45.9622,60.0522,123.113,0
2018-10-24,7,36.1667,2.14,5.5,78,2.57733,35.8473,23.3346,66.488,109.382,0
2018-10-24,8,34.3333,2.14,5.16667,76,5.48167,32.0527,0.0,72.0,106.667,0
2018-10-24,9,35.1667,0.51,5.0,70,6.128,28.168,24.7488,68.3358,110.5,0
2018-10-24,10,33.3333,0.51,5.16667,65,4.26267,28.6813,52.3261,68.3671,96.2057,0
2018-10-24,11,31.8333,0.51,5.33333,62,3.8375,21.3093,42.4266,55.4328,165.292,0
2018-10-24,12,31.3333,0.51,5.5,49,4.0,17.706,59.3972,77.6059,140.462,0
2018-10-24,13,31.6667,0.0,5.83333,44,4.74333,19.24,40.3053,52.6612,137.35,0
2018-10-24,14,34.0,0.0,6.33333,43,4.57133,23.65,50.2048,65.5955,101.455,0
2018-10-24,15,34.5,0.0,6.66667,44,7.134,22.4313,61.5186,80.3776,62.8105,0
2018-10-24,16,35.3333,0.0,6.83333,41,8.02467,21.4307,64.347,84.0731,80.9633,0
2018-10-24,17,35.1667,0.0,6.83333,51,10.9753,21.162,48.0835,62.8238,139.543,0
2018-10-24,18,33.0,0.0,6.83333,58,9.452,29.4908,64.347,84.0731,123.857,0
2018-10-24,19,30.5,0.0,6.5,57,10.5373,28.7,48.7906,59.4123,155.215,0
2018-10-24,20,26.0,0.0,6.0,59,11.9875,31.5021,46.6693,56.6407,157.617,0
2018-10-24,21,22.0,0.0,5.5,61,14.2093,26.3654,45.9622,55.7168,148.5,0
2018-10-24,22,20.0,0.0,4.83333,62,10.8717,14.6,44.5479,58.2044,175.304,0
2018-10-24,23,19.0,0.0,4.5,64,14.2857,15.255,38.1839,49.8895,229.964,0
2018-10-25,0,18.5,0.0,4.0,64,11.1133,7.82143,50.2048,65.5955,186.382,0
2018-10-25,1,17.6667,0.0,3.66667,71,12.1567,4.07333,34.6484,62.2701,194.133,0
2018-10-25,2,17.0,0.0,3.16667,71,13.462,2.49133,12.0209,50.706,224.824,0
2018-10-25,3,16.8333,0.0,2.83333,71,16.854,3.116,0.0,53.0,216.847,0
2018-10-25,4,16.3333,0.0,2.66667,78,17.426,2.75933,0.0,53.0,221.0,0
2018-10-25,5,15.6667,0.25,2.33333,81,20.39,2.79143,0.0,64.0,208.8,0
2018-10-25,6,16.0,0.25,2.5,75,19.954,2.15857,0.0,59.0,247.8,0
2018-10-25,7,15.3333,0.25,2.66667,89,19.9427,2.57733,0.0,60.0,233.365,0
2018-10-25,8,15.3333,1.37,3.0,92,24.1627,5.48167,-5.35752,55.9343,217.964,0
2018-10-25,9,15.3333,1.37,3.33333,100,27.1653,6.128,-12.2458,48.5642,240.505,0
2018-10-25,10,17.0,2.36,4.0,93,23.0427,4.26267,-24.2666,60.585,186.821,0
2018-10-25,11,18.5,2.11,5.0,93,24.7467,3.8375,-18.9091,49.6507,198.4,0
2018-10-25,12,20.0,2.11,5.83333,90,20.0643,4.0,-27.5773,48.5773,164.965,0
2018-10-25,13,23.1667,2.87,6.83333,89,12.6013,4.74333,-26.2715,62.4251,120.0,0
2018-10-25,14,25.1667,1.75,7.83333,89,10.7133,4.57133,-10.715,58.8686,129.214,0
2018-10-25,15,26.8333,1.75,8.83333,84,11.226,7.134,0.0,63.0,134.909,0
2018-10-25,16,28.3333,0.76,9.5,81,14.7847,8.02467,0.0,57.0,154.76,0
2018-10-25,17,29.1667,1.52,9.83333,78,10.4647,10.9753,0.0,57.0,146.222,0
2018-10-25,18,28.0,2.28,9.83333,79,11.1113,9.452,0.0,57.0,154.76,0
2018-10-25,19,27.0,1.52,9.5,67,13.316,10.5373,14.8493,76.4015,128.96,0
2018-10-25,20,26.0,1.52,9.16667,67,11.7773,11.9875,14.8493,73.4015,129.422,0
2018-10-25,21,25.3333,2.51,8.83333,73,12.736,14.2093,0.0,51.0,179.022,0
2018-10-25,22,24.1667,2.51,8.5,67,12.7467,10.8717,0.0,74.0,134.267,0
2018-10-25,23,23.0,1.75,8.0,68,10.814,14.2857,0.0,70.0,140.4,0
