data,timeofday,windspeed6,opady6,temp6,rhumid,index_avg,prev_index_avg,wind_dir_ns,wind_dir_ew,dispel50,is_weekend
2017-11-01,1,14.3333,0.0,2.33333,85,18.1,3.1,0.0,55.0,257.914,1
2017-11-01,3,13.3333,0.0,3.0,77,19.0,5.0,0.0,57.0,232.615,1
2017-11-01,4,13.5,0.0,3.16667,78,15.5,3.8,0.0,56.0,266.965,1
2017-11-01,5,13.5,0.0,3.66667,78,12.8,4.3,0.0,51.0,291.877,1
2017-11-01,6,12.6667,0.23,4.16667,80,13.6,6.0,-4.97484,50.0104,297.0,1
2017-11-01,7,12.8333,0.23,4.66667,81,16.5,8.2,-9.567,61.097,249.171,1
2017-11-01,8,12.5,0.23,5.0,82,15.9,13.5,-9.567,49.097,286.7,1
2017-11-01,9,13.1667,0.23,5.33333,87,14.8,14.9333,-14.1592,48.1836,291.877,1
2017-11-01,10,14.0,0.23,5.66667,84,27.7,11.0,-9.18432,52.1731,255.2,1
2017-11-01,11,14.5,0.71,6.0,83,21.1,14.4,-11.0977,56.7925,221.571,1
2017-11-01,12,15.3333,0.48,6.33333,83,18.4,14.8,-17.2206,57.5746,188.7,1
2017-11-01,13,16.1667,0.48,6.66667,84,26.6,14.9,-19.134,62.194,180.0,1
2017-11-01,14,17.5,0.48,6.83333,84,18.2,24.05,-19.8994,48.0418,220.8,1
2017-11-01,15,18.0,0.48,7.0,85,22.7,18.4,-21.4301,51.7373,193.765,1
2017-11-01,16,18.1667,0.96,7.0,87,25.1,16.7,-22.1954,53.585,188.779,1
2017-11-01,19,18.8333,0.48,7.0,92,13.5,13.0,-21.0474,50.8134,205.8,1
2017-11-01,20,18.5,1.75,7.0,93,17.8,12.6,-21.4301,51.7373,198.4,1
2017-11-01,21,18.5,1.75,7.0,93,15.8,13.6,-21.4301,51.7373,202.926,1
2017-11-01,22,18.3333,1.27,7.16667,89,9.8,18.1,-21.4301,51.7373,202.926,1
2017-11-02,1,21.6667,2.54,7.83333,92,8.3,18.1,-24.8742,60.0522,132.141,0
2017-11-02,3,23.5,1.27,8.66667,85,6.13333,19.0,-20.6647,49.8895,164.914,0
2017-11-02,4,24.0,1.88,9.0,82,5.3,15.5,-29.0837,70.2149,129.257,0
2017-11-02,5,23.8333,1.22,9.33333,79,3.5,12.8,-18.3686,64.3462,160.615,0
2017-11-02,6,23.3333,1.22,9.66667,78,6.2,13.6,-8.41896,61.3254,170.564,0
2017-11-02,7,22.0,1.73,9.83333,79,4.1,16.5,0.0,64.0,154.56,0
2017-11-02,8,21.3333,1.73,10.0,78,3.5,15.9,0.0,64.0,159.6,0
2017-11-02,10,20.3333,1.12,10.0,72,11.0,27.7,-15.3072,56.9552,180.0,0
2017-11-02,11,20.0,0.51,10.0,69,4.8,21.1,-22.1954,53.585,202.473,0
2017-11-02,12,19.6667,0.51,10.0,72,5.2,18.4,-21.0474,50.8134,205.8,0
2017-11-02,13,19.3333,0.0,10.0,72,6.7,26.6,-22.1954,53.585,184.0,0
2017-11-02,14,18.8333,0.0,10.0,73,9.5,18.2,-22.1954,53.585,188.779,0
2017-11-02,15,18.8333,0.61,9.83333,75,5.8,22.7,-22.1954,53.585,198.0,0
2017-11-02,16,19.0,1.22,9.5,81,11.5,25.1,-21.0474,50.8134,205.8,0
2017-11-02,17,19.0,1.22,9.16667,80,17.9,23.8,-21.4301,51.7373,202.926,0
2017-11-02,18,18.3333,1.22,8.83333,79,15.9,11.4,-21.4301,51.7373,198.4,0
2017-11-02,19,18.5,1.22,8.5,80,19.9,13.5,-21.0474,50.8134,210.189,0
2017-11-02,20,17.8333,2.24,8.16667,79,12.5,17.8,-21.0474,50.8134,210.189,0
2017-11-02,21,17.3333,1.63,8.0,78,12.5,15.8,-19.5167,47.1179,232.941,0
2017-11-02,22,16.5,1.02,8.16667,72,5.1,9.8,-25.2569,60.9761,187.2,0
2017-11-03,1,13.8333,2.04,8.66667,72,5.1,8.3,-16.4552,52.7268,254.88,0
2017-11-03,3,12.1667,1.53,8.66667,75,5.0,6.13333,-10.715,61.8686,240.0,0
2017-11-03,4,11.3333,1.53,8.5,75,3.9,5.3,-5.35752,57.9343,287.571,0
2017-11-03,5,10.5,1.02,8.33333,77,2.4,3.5,0.0,54.0,332.215,0
2017-11-03,6,9.83333,1.02,8.16667,76,5.5,6.2,0.0,63.0,300.0,0
2017-11-03,7,9.5,1.5,8.0,80,9.1,4.1,0.0,59.0,333.9,0
2017-11-03,10,9.66667,0.99,8.33333,79,11.2,11.0,19.092,51.9448,366.667,0
2017-11-03,11,10.0,0.48,8.5,76,4.8,4.8,28.2844,52.1372,312.8,0
2017-11-03,12,10.6667,0.48,8.83333,73,5.4,5.2,36.0626,44.2999,346.92,0
2017-11-03,13,11.0,0.0,9.16667,73,10.7,6.7,38.1839,47.0715,291.6,0
2017-11-03,14,11.8333,0.0,9.5,73,14.2,9.5,41.0124,50.767,251.6,0
2017-11-03,15,12.0,0.0,9.5,76,17.5,5.8,43.8408,54.4625,249.508,0
2017-11-03,16,11.3333,0.0,9.5,78,22.0,11.5,41.7195,54.5089,260.945,0
2017-11-03,17,10.5,0.0,9.33333,90,22.1,17.9,40.3053,52.6612,299.815,0
2017-11-03,18,9.33333,0.0,9.0,88,25.3,15.9,44.5479,56.9038,300.0,0
2017-11-03,19,8.5,0.0,8.66667,86,27.2,19.9,39.5982,49.136,369.6,0
2017-11-03,20,7.5,0.0,8.33333,83,14.6,12.5,36.0626,44.5166,440.677,0
2017-11-03,22,6.16667,0.0,7.66667,78,24.6,5.1,31.82,45.9734,473.28,0
2017-11-04,1,5.66667,0.0,6.66667,84,21.3,5.1,25.2812,50.1063,513.067,1
2017-11-04,3,5.33333,0.0,6.5,75,11.4,5.0,6.89635,45.3269,540.6,1
2017-11-04,4,6.0,0.0,6.5,75,14.7,3.9,-1.58897,45.3269,555.429,1
2017-11-04,5,6.16667,0.0,6.33333,75,22.05,2.4,-12.1956,44.5166,536.057,1
2017-11-04,6,6.5,0.0,6.33333,74,24.5,5.5,-21.3881,42.2921,555.429,1
2017-11-04,7,6.83333,0.0,6.5,76,24.8,9.1,-27.0449,40.949,480.0,1
2017-11-04,10,7.83333,0.0,6.66667,84,17.9667,11.2,-37.7968,33.4672,451.0,1
2017-11-04,11,9.0,0.0,7.0,76,19.5,4.8,-40.6252,36.2956,405.45,1
2017-11-04,12,9.83333,0.0,7.5,69,12.3,5.4,-42.7361,31.3709,356.4,1
2017-11-04,13,10.8333,0.0,8.0,66,7.1,10.7,-44.1399,25.7391,319.2,1
2017-11-04,14,11.6667,0.0,8.33333,65,19.5,14.2,-50.4935,25.0571,252.45,1
2017-11-04,15,12.0,0.0,8.5,67,30.8,17.5,-48.0418,19.8994,281.538,1
2017-11-04,16,11.5,0.0,8.33333,76,55.0,22.0,-57.2806,23.7262,249.508,1
2017-11-04,17,10.5,0.0,8.16667,79,80.5967,22.1,-51.7373,21.4301,310.431,1
2017-11-04,18,10.0,0.0,7.66667,81,52.25,25.3,-44.7373,21.4301,300.0,1
2017-11-04,19,9.33333,0.0,7.16667,83,44.4,27.2,-22.7268,16.4552,332.677,1
2017-11-04,20,9.0,0.0,6.66667,87,57.63,14.6,-1.7164,11.4804,378.831,1
2017-11-04,22,9.33333,0.0,6.16667,91,20.1,24.6,23.1418,-0.38268,377.143,1
2017-11-05,1,10.3333,0.0,6.0,88,20.1,21.3,15.4463,-7.27092,341.127,1
2017-11-05,3,10.8333,0.0,5.66667,89,19.0,11.4,32.8373,-4.20948,317.127,1
2017-11-05,4,11.0,0.0,5.5,88,18.6,14.7,54.0,0.0,317.127,1
2017-11-05,5,11.5,0.0,5.33333,88,16.6,22.05,55.0,0.0,305.455,1
2017-11-05,6,11.8333,0.0,5.0,87,17.2,24.5,58.0,0.0,262.08,1
2017-11-05,7,11.8333,0.0,4.66667,93,16.3,24.8,61.0,0.0,240.0,1
2017-11-05,8,12.0,0.0,4.66667,90,19.2,25.5,60.0,0.0,250.364,1
2017-11-05,10,13.3333,0.0,5.16667,79,25.6,17.9667,63.0,0.0,249.171,1
2017-11-05,11,13.5,0.0,5.83333,73,23.4,19.5,53.0,0.0,253.08,1
2017-11-05,12,13.8333,0.0,6.66667,71,27.4,12.3,58.0,0.0,216.0,1
2017-11-05,13,14.5,0.0,7.66667,73,21.0,7.1,61.0,0.0,204.429,1
2017-11-05,14,15.0,0.0,8.33333,76,16.5,19.5,61.0,0.0,225.318,1
2017-11-05,15,14.6667,0.0,8.83333,83,20.6,30.8,59.0,0.0,228.48,1
2017-11-05,16,14.0,0.0,9.0,89,27.2,55.0,56.0,0.0,254.88,1
2017-11-05,17,13.8333,0.0,8.66667,93,22.9,80.5967,28.9896,-4.97484,267.429,1
2017-11-05,18,13.0,0.0,8.33333,94,28.1,52.25,2.05524,-10.3324,273.28,1
2017-11-05,19,12.3333,0.0,7.83333,95,30.4,44.4,12.0552,-10.3324,248.88,1
2017-11-05,20,11.5,0.0,7.5,93,31.8,57.63,-12.1836,-14.1592,270.3,1
2017-11-05,21,10.8333,0.0,7.16667,90,34.8,42.6,-33.4224,-17.986,299.815,1
2017-11-05,22,10.3333,0.0,6.83333,86,18.3,20.1,-28.803,-16.0726,361.371,1
2017-11-06,1,10.6667,0.0,6.33333,86,18.3,20.1,-55.4328,-22.9608,300.0,0
2017-11-06,3,11.0,0.0,5.66667,91,16.0,19.0,-51.7373,-21.4301,285.12,0
2017-11-06,4,10.3333,0.0,5.5,93,16.4,18.6,-51.7373,-21.4301,285.12,0
2017-11-06,5,10.0,0.0,5.33333,95,23.8,16.6,-48.0418,-19.8994,348.0,0
2017-11-06,6,9.33333,0.0,5.0,97,32.7,17.2,-53.6986,-25.5562,322.4,0
2017-11-06,7,8.5,0.0,4.66667,97,38.9,16.3,-50.0031,-24.0255,387.771,0
2017-11-06,8,8.33333,0.0,4.66667,96,37.0,19.2,-45.3837,-22.1121,417.72,0
2017-11-06,9,8.33333,0.0,5.0,88,43.7,24.1,-53.6986,-25.5562,360.0,0
2017-11-06,10,9.33333,0.0,5.5,77,42.8,25.6,-53.6986,-25.5562,360.0,0
2017-11-06,11,10.3333,0.0,6.16667,71,38.4,23.4,-50.0031,-14.8412,327.6,0
2017-11-06,12,11.1667,0.0,7.16667,68,37.8,27.4,-49.8895,-0.76536,300.667,0
2017-11-06,13,11.6667,0.0,8.33333,72,41.2,21.0,-53.585,7.6536,251.6,0
2017-11-06,14,11.6667,0.0,9.33333,71,45.1,16.5,-47.1179,19.5167,286.7,0
2017-11-06,15,12.1667,0.0,9.83333,77,35.9,20.6,-55.4328,22.9608,260.0,0
2017-11-06,16,11.3333,0.0,10.0,81,53.44,27.2,-53.5387,27.5611,268.029,0
2017-11-06,17,10.0,0.0,9.83333,94,56.13,22.9,-45.5541,27.1533,332.215,0
2017-11-06,18,8.83333,0.0,9.5,94,61.69,28.1,-49.7968,31.396,332.677,0
2017-11-06,19,7.66667,0.0,8.83333,95,61.69,30.4,-42.029,30.6638,407.1,0
2017-11-06,20,7.0,0.0,8.16667,95,52.44,31.8,-43.9424,35.2832,410.4,0
2017-11-06,21,5.83333,0.0,7.83333,92,37.7,34.8,-32.8558,35.691,479.467,0
2017-11-06,22,5.66667,0.0,7.66667,88,6.2,18.3,-28.6132,41.2343,450.667,0
2017-11-07,1,6.0,0.0,7.33333,91,6.2,18.3,3.03637,44.0406,517.029,0
2017-11-07,3,6.66667,0.0,6.66667,93,3.9,16.0,24.0793,41.8278,480.0,0
2017-11-07,4,7.16667,0.0,6.16667,93,7.3,16.4,34.478,37.2084,505.44,0
2017-11-07,5,7.16667,0.0,5.83333,93,3.2,23.8,40.842,38.5724,438.6,0
2017-11-07,6,7.33333,0.0,5.33333,92,4.6,32.7,38.0135,33.1427,470.25,0
2017-11-07,7,8.0,0.0,5.0,86,11.5,38.9,44.4807,35.8215,420.0,0
2017-11-07,8,7.83333,0.0,5.0,84,11.3,37.0,42.8961,22.4778,399.36,0
2017-11-07,9,8.0,0.51,5.16667,80,15.8,43.7,47.3605,18.9423,402.8,0
2017-11-07,10,8.16667,0.51,5.5,74,8.0,42.8,46.0456,15.4982,395.2,0
2017-11-07,11,8.5,0.74,6.0,70,2.5,38.4,48.8741,4.18441,374.0,0
2017-11-07,12,9.0,0.74,6.66667,66,8.9,37.8,40.68,-17.0753,393.6,0
2017-11-07,13,9.0,0.74,7.33333,66,11.2,41.2,38.0396,-28.9928,366.667,0
2017-11-07,14,9.16667,0.74,7.83333,65,14.7,45.1,29.7247,-34.5487,356.4,0
2017-11-07,15,9.66667,0.23,8.16667,68,19.5,35.9,25.1688,-42.8636,329.829,0
2017-11-07,16,9.33333,0.59,8.16667,84,30.9,53.44,21.9956,-52.1024,324.48,0
2017-11-07,17,9.0,0.36,8.0,85,30.5,56.13,17.986,-52.4224,349.92,0
2017-11-07,18,8.66667,0.36,7.83333,88,31.9,61.69,19.816,-48.8404,376.32,0
2017-11-07,19,8.66667,0.36,7.33333,89,32.7,61.69,21.6461,-45.2585,395.2,0
2017-11-07,20,8.33333,0.36,6.83333,91,42.8,52.44,25.0902,-44.5734,395.2,0
2017-11-07,21,8.16667,0.36,6.33333,93,39.6,37.7,25.0902,-51.5734,360.0,0
2017-11-07,22,8.33333,0.0,6.0,94,28.9,6.2,25.0902,-51.5734,373.32,0
2017-11-08,1,8.66667,0.0,4.5,96,19.6,6.2,0.38268,-48.3358,409.867,0
2017-11-08,3,9.33333,0.0,4.0,91,0.2,3.9,-10.715,-51.4985,352.8,0
2017-11-08,4,9.5,0.0,3.83333,85,18.6,7.3,-17.986,-52.4224,339.2,0
2017-11-08,5,10.1667,0.0,3.83333,82,23.2,3.2,-21.8128,-52.6612,300.0,0
2017-11-08,6,10.3333,0.0,3.83333,79,19.4,4.6,-19.5167,-47.1179,346.92,0
2017-11-08,7,10.6667,0.0,4.0,75,15.3,11.5,-19.8994,-48.0418,334.08,0
2017-11-08,8,11.1667,0.0,4.0,76,14.7,11.3,-20.6647,-49.8895,309.12,0
2017-11-08,9,11.8333,0.0,4.0,76,18.5,15.8,-21.8128,-52.6612,273.48,0
2017-11-08,10,13.1667,0.0,4.16667,73,15.1,8.0,-23.3435,-56.3567,240.0,0
2017-11-08,11,14.1667,0.0,4.5,69,19.95,2.5,-27.6525,-48.7593,225.5,0
2017-11-08,12,15.3333,0.0,4.83333,67,18.5,8.9,-29.5659,-53.3787,188.308,0
2017-11-08,13,16.1667,0.0,5.33333,67,13.15,11.2,-26.1218,-45.0638,221.0,0
2017-11-08,14,16.6667,0.0,5.66667,71,24.3,14.7,-25.4147,-44.3567,224.824,0
2017-11-08,16,15.5,0.0,5.66667,81,6.9,30.9,-38.7082,-48.4498,216.333,0
2017-11-08,17,14.5,0.0,5.16667,89,29.3,30.5,-41.0124,-41.0124,249.882,0
2017-11-08,18,13.5,0.0,4.66667,92,31.3,31.9,-36.7697,-36.7697,297.6,0
2017-11-08,19,12.1667,0.0,3.83333,95,24.2,32.7,-45.255,-45.255,257.4,0
2017-11-08,20,11.6667,0.0,3.16667,95,29.3,42.8,-40.3053,-40.3053,291.5,0
2017-11-08,22,10.6667,0.0,2.33333,96,20.9,28.9,-41.9826,-36.0294,294.0,0
2017-11-09,1,9.66667,0.0,1.83333,94,20.9,19.6,-48.8161,-29.3329,312.8,0
2017-11-09,3,8.66667,0.0,1.83333,81,19.0,0.2,-47.9386,-23.5846,385.527,0
2017-11-09,4,9.16667,0.0,1.83333,80,19.0333,18.6,-44.1399,-25.7391,386.4,0
2017-11-09,5,9.5,0.0,2.0,80,16.7,23.2,-44.5271,-30.4559,352.8,0
2017-11-09,6,10.0,0.0,2.0,81,18.7333,19.4,-40.4216,-37.1744,313.65,0
2017-11-09,7,9.83333,0.0,2.0,84,19.5,15.3,-32.4939,-38.4471,340.267,0
2017-11-09,8,10.1667,0.0,2.16667,84,21.0,14.7,-38.1508,-44.104,300.0,0
2017-11-09,9,10.5,0.0,2.5,80,20.6,18.5,-33.201,-39.1542,341.127,0
2017-11-09,10,10.5,0.0,2.83333,84,20.4,15.1,-35.5855,-35.5855,341.127,0
2017-11-09,11,10.3333,0.0,3.33333,82,14.4,19.95,-41.5387,-29.6323,341.127,0
2017-11-09,12,10.1667,0.0,4.0,80,14.8,18.5,-42.9992,-25.6808,333.45,0
2017-11-09,13,10.5,0.0,4.66667,80,19.7,13.15,-46.5812,-23.8508,329.018,0
2017-11-09,14,10.1667,0.0,5.16667,81,25.4,24.3,-48.0418,-19.8994,341.127,0
2017-11-09,16,9.16667,0.0,5.83333,84,50.75,6.9,-38.194,-19.134,335.345,0
2017-11-09,17,8.83333,0.0,6.0,89,53.56,29.3,-20.0313,-14.9245,363.0,0
2017-11-09,18,8.33333,0.0,6.0,90,46.3,31.3,-2.79252,-11.0977,389.88,0
2017-11-09,19,7.83333,0.48,6.0,87,40.7,24.2,4.20748,-11.0977,360.0,0
2017-11-09,20,7.5,0.48,5.83333,85,49.0,29.3,20.4463,-7.27092,400.68,0
2017-11-09,22,7.5,0.48,5.16667,86,22.6,20.9,38.5328,2.67876,453.6,0
2017-11-10,1,8.5,0.0,4.16667,79,22.1667,20.9,-8.24422,16.2554,392.229,0
2017-11-10,3,9.5,0.0,3.83333,84,22.6,19.0,-40.1421,32.5653,345.257,0
2017-11-10,4,9.5,0.0,3.66667,84,21.3,19.0333,-40.7461,36.9577,325.867,0
2017-11-10,5,10.0,0.48,3.5,82,19.2,16.7,-38.7951,39.8775,313.65,0
2017-11-10,6,10.3333,0.48,3.5,81,21.1,18.7333,-39.1823,44.5943,300.0,0
2017-11-10,7,10.8333,0.48,3.5,81,23.7,19.5,-33.5254,38.9374,334.08,0
2017-11-10,8,11.1667,0.48,3.5,82,33.0,21.0,-38.891,38.891,297.0,0
2017-11-10,9,11.5,0.48,3.83333,81,43.7,20.6,-40.3053,40.3053,263.467,0
2017-11-10,10,12.8333,0.96,4.16667,80,44.4,20.4,-45.0278,38.5334,250.364,0
2017-11-10,11,13.6667,0.48,4.66667,77,40.8,14.4,-40.7852,34.2908,261.415,0
2017-11-10,12,14.3333,0.48,5.0,74,38.9,14.8,-42.9065,36.4121,225.5,0
2017-11-10,13,14.8333,0.48,5.5,72,34.9,19.7,-45.735,39.2406,188.7,0
2017-11-10,14,15.3333,0.48,6.0,70,34.4,25.4,-49.4305,40.7713,194.541,0
2017-11-10,15,15.8333,0.48,6.33333,72,37.2,27.3,-51.2678,34.4906,202.725,0
2017-11-10,16,15.6667,0.0,6.33333,81,46.5,50.75,-53.8122,28.917,210.6,0
2017-11-10,17,15.6667,0.61,6.16667,83,60.31,53.56,-57.2806,23.7262,210.6,0
2017-11-10,18,15.5,0.61,6.0,84,46.1,46.3,-57.2806,23.7262,203.52,0
2017-11-10,19,15.5,0.61,5.66667,86,36.7,40.7,-57.2806,23.7262,203.52,0
2017-11-10,20,16.0,1.45,5.33333,87,37.9,49.0,-58.2044,24.1088,202.725,0
2017-11-10,22,17.3333,2.29,5.16667,81,15.4,22.6,-48.0418,19.8994,220.8,0
2017-11-11,1,21.5,3.26,5.33333,85,15.4,22.1667,-63.7477,26.4049,130.743,1
2017-11-11,8,22.8333,1.96,4.66667,82,4.8,33.0,-42.5038,41.9626,170.564,1
2017-11-11,9,21.3333,1.22,4.33333,78,8.23333,43.7,-31.3628,55.7168,148.5,1
2017-11-11,10,21.1667,1.22,4.16667,68,7.8,44.4,-27.8272,52.1812,184.743,1
2017-11-11,11,21.0,1.22,4.16667,62,2.1,40.8,-29.358,55.8768,174.0,1
2017-11-11,12,21.8333,1.22,4.33333,63,11.3,38.9,-35.023,48.553,146.88,1
2017-11-11,14,21.6667,0.99,4.83333,61,27.1,34.4,-49.4977,49.4977,125.314,1
2017-11-11,15,22.3333,0.99,4.83333,63,6.0,37.2,-48.7906,48.7906,150.528,1
2017-11-11,16,21.0,0.99,4.5,69,16.0,46.5,-44.5479,44.5479,179.95,1
2017-11-11,17,20.1667,1.98,4.16667,71,32.3,60.31,-39.5982,39.5982,207.36,1
2017-11-11,18,18.5,1.98,3.83333,70,25.1,46.1,-36.7697,36.7697,232.737,1
2017-11-11,19,16.8333,1.98,3.5,70,25.5,36.7,-47.3764,47.3764,193.768,1
2017-11-11,20,15.8333,0.99,3.16667,70,27.7,37.9,-43.8408,43.8408,217.412,1
2017-11-11,22,14.6667,2.18,3.0,72,7.9,15.4,-45.1878,36.5286,228.48,1
2017-11-12,8,13.6667,0.48,2.83333,73,11.3667,4.8,-32.9931,41.6523,273.28,1
2017-11-12,9,14.0,0.48,2.83333,68,25.5,8.23333,-32.2859,40.9451,271.385,1
2017-11-12,10,14.6667,0.48,3.0,74,15.1,7.8,-34.4073,43.0665,220.32,1
2017-11-12,11,15.3333,0.48,3.16667,68,10.7,2.1,-34.6071,53.5491,187.425,1
2017-11-12,12,16.6667,0.48,3.5,63,10.1,11.3,-25.0902,44.5734,220.8,1
2017-11-12,14,16.5,0.0,4.33333,62,11.8,27.1,-19.5167,47.1179,232.941,1
2017-11-12,15,15.8333,0.0,4.5,64,30.3,6.0,-24.4915,59.1283,202.024,1
2017-11-12,16,15.3333,0.0,4.33333,71,19.7,16.0,-22.5781,54.5089,247.8,1
2017-11-12,17,14.5,0.0,4.16667,78,37.5,32.3,-27.0036,49.1928,252.225,1
2017-11-12,18,13.1667,0.0,3.83333,77,28.1,25.1,-29.3661,42.8961,271.385,1
2017-11-12,19,12.1667,0.0,3.33333,76,56.5,25.5,-38.6049,46.7229,240.0,1
2017-11-12,20,11.3333,0.0,2.83333,75,65.19,27.7,-42.8688,38.5392,260.0,1
2017-11-12,21,10.6667,0.0,2.5,75,56.31,12.1,-45.6677,30.5141,333.0,1
2017-11-12,22,9.0,0.0,2.33333,74,15.3,7.9,-53.0588,33.5756,319.8,1
2017-11-13,3,6.33333,0.0,1.5,82,8.7,1.2,-15.1836,14.1592,479.52,0
2017-11-13,4,6.66667,0.0,1.33333,83,10.9,5.8,-13.3358,7.27092,486.0,0
2017-11-13,5,7.0,0.0,1.33333,80,11.0333,7.0,-13.3358,7.27092,486.0,0
2017-11-13,6,7.66667,0.0,1.33333,78,12.8,3.9,-12.4119,1.53072,477.0,0
2017-11-13,7,8.33333,0.0,1.33333,76,17.0,9.3,-8.61323,-9.04275,440.64,0
2017-11-13,8,8.5,0.0,1.33333,74,13.7,11.3667,-10.1691,-17.3577,360.0,0
2017-11-13,9,8.83333,0.0,1.33333,71,18.6,25.5,-20.3423,-26.5965,401.85,0
2017-11-13,10,9.16667,0.23,1.5,72,20.0,15.1,-9.12447,-32.7738,371.25,0
2017-11-13,11,9.5,0.46,1.66667,70,23.2,10.7,2.09337,-45.0741,329.829,0
2017-11-13,12,9.66667,0.46,2.0,74,17.3,10.1,12.0047,-50.7102,325.867,0
2017-11-13,13,10.1667,0.46,2.33333,72,18.7,13.1,22.1954,-53.585,312.8,0
2017-11-13,14,10.0,0.46,2.5,75,23.7,11.8,19.5167,-47.1179,346.92,0
2017-11-13,15,9.33333,0.46,2.5,79,20.6,30.3,22.9608,-55.4328,300.0,0
2017-11-13,16,8.83333,0.46,2.5,85,25.6,19.7,23.3767,-50.4367,349.92,0
2017-11-13,17,8.16667,0.23,2.5,85,51.69,37.5,24.4996,-36.2481,380.8,0
2017-11-13,18,7.5,0.23,2.33333,84,91.19,28.1,29.119,-34.3347,374.0,0
2017-11-13,19,6.66667,0.23,2.16667,83,42.5,56.5,29.9176,-21.7771,429.0,0
2017-11-13,20,6.66667,0.23,1.83333,82,45.1,65.19,26.0908,-5.53831,492.0,0
2017-11-13,22,7.5,0.0,1.5,82,34.6,15.3,14.6104,22.1781,435.2,0
2017-11-14,1,8.5,0.0,1.16667,86,34.6,15.3,-9.15114,51.5785,360.0,0
2017-11-14,3,8.83333,0.0,1.5,82,9.7,8.7,-16.4552,47.7268,409.867,0
2017-11-14,4,9.16667,0.0,1.66667,84,1.1,10.9,-17.2206,49.5746,380.8,0
2017-11-14,5,9.83333,0.0,1.66667,91,3.9,11.0333,-13.7765,52.2597,341.85,0
2017-11-14,6,10.0,0.0,1.66667,92,2.9,12.8,-10.715,48.8686,333.45,0
2017-11-14,7,10.1667,0.0,1.5,81,7.2,17.0,-7.6536,50.4776,326.8,0
2017-11-14,8,10.1667,0.0,1.5,78,10.3,13.7,2.15451,50.4776,341.127,0
2017-11-14,9,10.0,0.0,1.66667,70,15.21,18.6,2.15451,59.4776,300.0,0
2017-11-14,10,10.3333,0.0,1.83333,73,16.7675,20.0,6.36399,59.3149,311.564,0
2017-11-14,11,10.5,0.0,2.33333,67,13.1225,23.2,15.5564,60.3254,300.0,0
2017-11-14,12,11.1667,0.0,3.0,62,9.17,17.3,15.5564,52.3254,300.667,0
2017-11-14,13,12.1667,0.0,3.66667,61,15.85,18.7,9.19243,57.0104,251.6,0
2017-11-14,14,12.5,0.0,4.0,64,12.41,23.7,3.45223,51.8686,261.415,0
2017-11-14,15,12.6667,0.0,4.0,71,20.2225,20.6,-9.94968,50.0209,281.538,0
2017-11-14,16,11.8333,0.0,3.83333,71,42.605,25.6,-14.1592,60.1836,240.0,0
2017-11-14,17,11.1667,0.0,3.5,73,27.1025,51.69,-17.2206,54.5746,289.385,0
2017-11-14,18,10.8333,0.0,3.0,71,61.595,91.19,-20.6647,49.8895,346.48,0
2017-11-14,19,10.1667,0.0,2.33333,72,39.51,42.5,-24.8742,60.0522,300.0,0
2017-11-14,22,11.3333,0.0,1.33333,74,23.1,34.6,-31.6953,42.5193,300.667,0
2017-11-15,1,13.5,0.0,1.33333,74,36.925,34.6,-49.3528,24.9988,228.0,0
2017-11-15,3,14.6667,0.0,1.83333,78,34.89,9.7,-52.6612,21.8128,245.92,0
2017-11-15,4,14.8333,0.0,2.16667,79,30.91,1.1,-50.8238,28.0934,235.125,0
2017-11-15,5,15.0,0.0,2.5,79,37.275,3.9,-46.6484,32.5772,223.385,0
2017-11-15,6,14.5,0.0,2.83333,80,33.925,2.9,-45.9517,38.9161,196.8,0
2017-11-15,7,14.3333,0.0,3.16667,80,36.135,7.2,-43.1337,43.1337,225.318,0
2017-11-15,8,14.3333,0.0,3.5,81,38.5775,10.3,-35.705,42.1994,254.88,0
2017-11-15,9,13.8333,0.0,3.83333,79,37.8375,15.21,-34.2908,40.7852,279.0,0
2017-11-15,10,14.1667,0.0,4.33333,78,38.4775,16.7675,-32.8766,39.371,281.538,0
2017-11-15,11,14.0,0.63,4.83333,76,31.544,13.1225,-30.1897,45.8845,235.2,0
2017-11-15,12,14.3333,0.63,5.16667,76,34.355,9.17,-31.3377,48.6561,214.338,0
2017-11-15,13,14.8333,0.63,5.5,76,34.97,15.85,-27.8855,53.3219,204.429,0
2017-11-15,14,15.1667,0.86,5.83333,75,36.8033,12.41,-23.7262,57.2806,217.412,0
2017-11-15,15,14.6667,0.86,5.83333,75,50.66,20.2225,-22.9608,55.4328,220.0,0
2017-11-15,16,13.6667,0.86,5.66667,79,40.9775,42.605,-21.4301,51.7373,254.88,0
2017-11-15,17,13.3333,0.23,5.5,80,50.375,27.1025,-19.8994,48.0418,292.32,0
2017-11-15,18,12.6667,0.23,5.33333,81,48.4,61.595,-24.8742,60.0522,240.0,0
2017-11-15,22,12.8333,0.0,4.33333,78,20.2,23.1,-36.7697,36.7697,270.327,0
2017-11-16,1,10.8333,0.0,3.66667,82,36.5125,36.925,-30.1897,45.8845,318.171,0
2017-11-16,2,10.0,0.0,3.66667,79,54.2,50.2,-23.7343,44.2999,366.277,0
2017-11-16,3,9.5,0.0,3.66667,79,36.5175,34.89,-27.1784,52.6148,332.677,0
2017-11-16,4,9.33333,0.0,3.66667,81,33.8075,30.91,-21.8128,52.6612,357.5,0
2017-11-16,5,9.16667,0.0,3.66667,87,40.3325,37.275,-21.4301,51.7373,339.2,0
2017-11-16,6,8.83333,0.0,3.66667,89,44.402,33.925,-21.0474,50.8134,341.85,0
2017-11-16,7,9.0,0.0,3.66667,84,47.425,36.135,-20.282,48.9656,380.8,0
2017-11-16,8,8.5,0.0,3.66667,82,51.32,38.5775,-20.6647,49.8895,366.667,0
2017-11-16,9,8.5,0.0,3.66667,78,52.05,37.8375,-19.5167,47.1179,417.72,0
2017-11-16,10,8.33333,0.0,3.83333,81,48.3033,38.4775,-19.5167,47.1179,425.455,0
2017-11-16,11,9.0,0.0,4.16667,76,51.48,31.544,-23.3435,56.3567,360.0,0
2017-11-16,12,9.66667,0.0,4.66667,73,39.75,34.355,-20.6647,49.8895,332.8,0
2017-11-16,13,9.5,0.0,5.16667,73,30.12,34.97,-22.1954,53.585,324.48,0
2017-11-16,15,9.5,0.0,5.83333,79,48.632,50.66,-19.5167,47.1179,346.92,0
2017-11-16,16,8.83333,0.0,5.83333,86,51.4733,40.9775,-23.7593,51.3605,337.08,0
2017-11-16,17,7.83333,0.0,5.66667,89,62.7833,50.375,-24.1752,46.3644,407.1,0
2017-11-16,18,7.0,0.0,5.5,90,64.265,48.4,-28.4179,50.6071,397.5,0
2017-11-16,22,6.16667,0.0,4.33333,84,43.5,20.2,-37.9398,42.2694,480.0,0
2017-11-17,1,8.0,0.0,4.0,79,56.1275,36.5125,3.81645,16.2304,457.6,0
2017-11-17,2,8.83333,0.0,4.0,84,58.18,54.2,22.5947,8.45214,395.2,0
2017-11-17,3,9.66667,0.0,3.83333,85,36.4125,36.5175,22.2179,6.12288,336.96,0
2017-11-17,4,9.66667,0.0,3.66667,83,29.7575,33.8075,36.8373,4.20948,312.8,0
2017-11-17,5,10.0,0.0,3.5,84,22.0475,40.3325,36.8373,4.20948,300.0,0
2017-11-17,6,10.3333,0.0,3.33333,79,21.5025,44.402,10.5985,8.03628,353.455,0
2017-11-17,7,10.3333,0.0,3.0,80,31.3125,47.425,-10.5642,12.2458,353.455,0
2017-11-17,8,10.1667,0.0,2.83333,76,41.81,51.32,-10.5642,12.2458,346.92,0
2017-11-17,9,10.1667,0.0,2.83333,71,41.0675,52.05,-29.803,16.0726,340.267,0
2017-11-17,10,11.1667,0.0,3.0,73,36.33,48.3033,-48.0418,19.8994,334.08,0
2017-11-17,11,11.5,0.23,3.33333,69,33.09,51.48,-49.4096,26.6792,282.764,0
2017-11-17,12,11.5,0.23,3.66667,66,32.22,39.75,-50.3335,27.0619,271.745,0
2017-11-17,13,12.0,0.59,4.16667,69,31.14,30.12,-50.3335,27.0619,262.08,0
2017-11-17,15,12.1667,0.59,4.83333,77,44.3225,48.632,-53.9826,33.9582,240.0,0
2017-11-17,16,11.0,0.59,4.83333,88,54.4825,51.4733,-49.0329,29.0085,280.8,0
2017-11-17,17,10.0,0.36,4.66667,91,57.235,62.7833,-43.6032,30.0732,317.127,0
2017-11-17,18,9.16667,0.36,4.5,88,60.7167,64.265,-45.8993,35.6165,311.564,0
2017-11-17,22,6.83333,0.0,4.0,85,7.8,43.5,-33.5173,51.9181,420.0,0
2017-11-18,1,7.33333,0.0,3.0,88,18.4925,56.1275,-25.265,47.9954,438.6,1
2017-11-18,2,7.5,0.0,2.66667,84,27.24,58.18,-23.7343,44.2999,460.8,1
2017-11-18,3,7.33333,0.0,2.33333,84,15.4725,36.4125,-24.1169,45.2237,443.143,1
2017-11-18,4,7.0,0.0,2.0,83,16.4175,29.7575,-24.1169,45.2237,453.6,1
2017-11-18,5,7.5,0.0,1.83333,84,14.645,22.0475,-26.0303,49.8431,436.05,1
2017-11-18,6,8.16667,0.0,1.66667,82,12.8833,21.5025,-21.4633,45.8173,451.0,1
2017-11-18,7,9.5,0.0,1.5,86,13.935,31.3125,-25.7059,50.0599,374.85,1
2017-11-18,8,10.6667,0.0,1.33333,85,13.13,41.81,-30.8968,46.5916,313.65,1
2017-11-18,9,11.6667,0.0,1.33333,83,16.64,41.0675,-33.8498,38.7206,258.4,1
2017-11-18,10,13.1667,0.0,1.33333,85,22.1825,36.33,-39.5982,39.5982,235.2,1
2017-11-18,11,14.3333,0.0,1.66667,80,27.1775,33.09,-41.0124,41.0124,243.6,1
2017-11-18,12,14.5,0.0,2.0,76,24.565,32.22,-41.0124,41.0124,237.12,1
2017-11-18,13,14.5,0.0,2.5,75,26.13,31.14,-42.4162,35.3806,242.031,1
2017-11-18,14,14.1667,0.0,3.0,72,25.715,40.1875,-48.0058,32.311,221.571,1
2017-11-18,15,13.8333,0.0,3.16667,74,35.3075,44.3225,-50.1167,27.3863,243.6,1
2017-11-18,16,13.3333,0.48,3.16667,80,38.3075,54.4825,-48.9656,20.282,271.385,1
2017-11-18,17,12.6667,0.96,2.83333,89,37.8675,57.235,-47.1179,19.5167,307.125,1
2017-11-18,18,12.5,0.96,2.5,85,34.155,60.7167,-58.2044,24.1088,266.325,1
2017-11-18,22,14.1667,0.99,1.16667,70,26.5,7.8,-16.1836,14.1592,245.1,1
2017-11-19,1,16.8333,0.51,1.66667,69,27.1975,18.4925,-15.2597,13.7765,213.333,1
2017-11-19,2,16.8333,0.79,1.83333,73,27.705,27.24,-12.488,12.6284,236.733,1
2017-11-19,3,16.0,1.07,1.83333,75,19.31,15.4725,-25.4224,17.986,201.4,1
2017-11-19,4,15.6667,1.07,2.0,77,10.4275,16.4175,-20.803,16.0726,239.733,1
2017-11-19,5,15.1667,0.56,2.0,78,12.63,14.645,-50.1167,27.3863,237.12,1
2017-11-19,6,14.3333,0.56,2.0,78,14.705,12.8833,-46.8652,32.2528,230.4,1
2017-11-19,7,14.3333,0.56,2.0,79,15.1475,13.935,-43.1233,36.0877,232.615,1
2017-11-19,8,14.1667,0.28,2.0,77,16.77,13.13,-36.853,44.971,235.125,1
2017-11-19,9,14.6667,0.0,2.0,75,18.0025,16.64,-34.7317,42.8497,254.88,1
2017-11-19,10,14.6667,0.0,2.16667,75,18.89,22.1825,-30.2479,47.0251,232.615,1
2017-11-19,11,15.0,0.0,2.33333,71,21.035,27.1775,-27.1784,52.6148,220.0,1
2017-11-19,12,15.6667,0.0,2.66667,69,17.3075,24.565,-33.4591,50.7775,188.308,1
2017-11-19,13,16.1667,0.0,3.0,69,17.49,26.13,-36.2875,53.6059,180.0,1
2017-11-19,14,17.0,0.0,3.33333,71,20.04,25.715,-36.7697,36.7697,224.824,1
2017-11-19,15,17.0,0.0,3.5,73,24.23,35.3075,-37.4768,37.4768,216.847,1
2017-11-19,16,16.8333,0.0,3.33333,77,26.4075,38.3075,-36.7697,36.7697,228.8,1
2017-11-19,17,16.5,0.91,3.16667,78,27.785,37.8675,-47.3764,47.3764,187.0,1
2017-11-19,18,15.6667,0.91,2.83333,81,21.37,34.155,-48.5066,40.3886,208.8,1
2017-11-19,22,14.1667,1.19,2.0,69,3.4,26.5,-49.8895,20.6647,255.2,1
2017-11-20,1,13.0,0.58,2.33333,71,7.1375,27.1975,-51.7373,21.4301,254.88,0
2017-11-20,2,12.1667,0.58,2.33333,80,13.235,27.705,-60.0522,24.8742,240.0,0
2017-11-20,3,11.3333,0.58,2.16667,82,10.3833,19.31,-53.585,22.1954,313.2,0
2017-11-20,4,10.6667,0.3,2.0,83,11.0175,10.4275,-48.0418,19.8994,361.371,0
2017-11-20,5,9.83333,0.3,1.83333,84,8.9325,12.63,-59.1283,24.4915,300.0,0
2017-11-20,6,9.5,0.3,1.5,85,11.1925,14.705,-52.558,25.498,323.345,0
2017-11-20,7,9.33333,0.0,1.0,87,15.2075,15.1475,-48.7593,27.6525,325.867,0
2017-11-20,8,9.33333,0.0,0.666667,81,20.4533,16.77,-46.1013,29.8653,327.6,0
2017-11-20,9,9.66667,0.0,0.666667,75,23.8525,18.0025,-46.1013,29.8653,349.92,0
2017-11-20,10,9.66667,0.0,0.833333,73,21.03,18.89,-45.3478,34.5238,345.6,0
2017-11-20,11,10.5,0.46,1.0,70,16.28,21.035,-42.7465,38.4169,312.8,0
2017-11-20,12,11.8333,1.25,1.33333,72,9.2325,17.3075,-39.9181,35.5885,291.6,0
2017-11-20,13,13.3333,1.81,1.83333,72,11.765,17.49,-38.891,38.891,245.1,0
2017-11-20,14,14.3333,2.32,2.33333,76,8.155,20.04,-36.9113,46.1117,197.6,0
2017-11-20,15,14.6667,2.32,2.5,73,7.9875,24.23,-28.426,51.6264,196.114,0
2017-11-20,16,15.1667,2.32,2.16667,73,13.0525,26.4075,-18.5264,55.7268,217.412,0
2017-11-20,17,15.3333,1.86,1.83333,71,18.025,27.785,4.10109,57.5642,233.365,0
2017-11-20,18,14.6667,1.07,1.33333,71,13.63,21.37,10.6066,56.8582,230.4,0
2017-11-20,22,13.5,0.0,0.0,70,7.6,3.4,0.0,54.0,261.415,0
2017-11-21,1,12.3333,0.0,0.333333,67,10.82,7.1375,0.0,61.0,268.029,0
2017-11-21,2,11.3333,0.0,0.5,79,11.545,13.235,0.0,60.0,260.0,0
2017-11-21,3,11.0,0.0,0.5,82,7.05,10.3833,0.0,56.0,302.4,0
2017-11-21,4,10.6667,0.0,0.5,85,8.8075,11.0175,0.0,54.0,324.8,0
2017-11-21,5,10.1667,0.0,0.333333,76,13.9875,8.9325,7.0711,51.2388,341.127,0
2017-11-21,6,9.66667,0.0,0.0,80,16.015,11.1925,13.4351,59.5537,300.0,0
2017-11-21,7,8.83333,0.0,-0.5,87,17.97,15.2075,13.4351,56.5537,355.385,0
2017-11-21,8,9.16667,0.0,-0.833333,83,21.6075,20.4533,13.4351,51.5537,371.25,0
2017-11-21,9,9.0,0.0,-0.833333,75,24.585,23.8525,13.4351,53.5537,363.0,0
2017-11-21,10,8.66667,0.0,-0.666667,66,22.61,21.03,13.4351,52.5537,376.32,0
2017-11-21,11,8.5,0.1,-0.166667,60,24.5,16.28,6.36399,51.3149,395.2,0
2017-11-21,12,8.83333,0.1,0.5,57,31.35,9.2325,0.0,51.0,401.85,0
2017-11-21,13,9.0,0.23,1.33333,56,27.9625,11.765,0.0,53.0,371.25,0
2017-11-21,14,9.0,0.23,2.0,59,25.9375,8.155,-3.44412,53.3149,376.32,0
2017-11-21,15,8.66667,0.23,2.33333,67,26.23,7.9875,-7.27092,52.5537,366.667,0
2017-11-21,16,8.5,0.23,2.16667,77,28.5975,13.0525,-7.27092,50.5537,386.4,0
2017-11-21,17,7.83333,0.13,1.83333,89,29.9325,18.025,-7.27092,49.5537,401.85,0
2017-11-21,18,7.66667,0.13,1.16667,92,35.555,13.63,-7.27092,53.5537,405.45,0
2017-11-21,22,6.0,0.0,-0.833333,79,16.4,7.6,-11.4804,54.7164,464.28,0
2017-11-22,1,6.16667,0.0,-1.5,80,21.365,10.82,-18.9674,49.7914,498.343,0
2017-11-22,2,5.83333,0.0,-1.66667,89,28.89,11.545,-24.6242,44.4482,515.2,0
2017-11-22,3,5.0,0.0,-2.0,87,22.85,7.05,-28.1598,47.9838,496.4,0
2017-11-22,4,5.0,0.0,-2.33333,85,20.525,8.8075,-28.8669,48.6909,540.0,0
2017-11-22,5,4.33333,0.0,-2.5,83,19.8567,13.9875,-31.6385,40.8389,620.229,0
2017-11-22,6,4.5,0.0,-2.66667,86,15.375,16.015,-34.4102,41.987,620.743,0
2017-11-22,7,4.33333,0.0,-2.83333,94,17.2925,17.97,-38.1986,32.8411,620.743,0
2017-11-22,8,4.83333,0.0,-3.0,90,18.015,21.6075,-40.4696,21.4241,600.0,0
2017-11-22,9,6.0,0.0,-2.83333,85,18.395,24.585,-41.7091,19.4164,579.429,0
2017-11-22,10,7.16667,0.0,-2.5,81,21.365,22.61,-44.1503,11.4052,540.0,0
2017-11-22,11,8.5,0.0,-2.0,81,23.48,24.5,-43.4896,-2.32115,546.96,0
2017-11-22,12,9.16667,0.79,-1.33333,77,31.095,31.35,-37.9131,-19.0226,393.6,0
2017-11-22,13,9.83333,0.79,-0.666667,76,32.9225,27.9625,-41.6087,-20.5533,329.829,0
2017-11-22,14,10.5,0.79,0.0,75,29.7025,25.9375,-41.1647,-25.4699,333.45,0
2017-11-22,15,11.1667,0.79,0.5,79,29.28,26.23,-42.259,-30.8938,297.0,0
2017-11-22,16,11.1667,0.79,0.666667,79,31.64,28.5975,-41.5055,-35.5523,282.764,0
2017-11-22,17,11.0,0.79,0.833333,78,31.69,29.9325,-44.3671,-32.4607,294.0,0
2017-11-22,18,11.0,1.09,0.833333,80,31.58,35.555,-41.2755,-35.3223,305.455,0
2017-11-22,22,12.1667,1.32,0.666667,87,32.1,16.4,-41.0124,-41.0124,262.08,0
2017-11-23,1,13.1667,0.23,0.5,90,30.86,21.365,-44.0367,-29.4243,255.2,0
2017-11-23,2,13.0,0.23,0.5,88,29.96,28.89,-45.7141,-25.1485,282.72,0
2017-11-23,3,13.0,0.0,0.833333,90,29.435,22.85,-47.1179,-19.5167,297.0,0
2017-11-23,4,12.3333,0.0,1.16667,92,29.145,20.525,-58.2044,-24.1088,249.171,0
2017-11-23,5,12.0,0.0,1.5,92,28.1833,19.8567,-55.4328,-22.9608,269.077,0
2017-11-23,6,11.6667,0.0,1.66667,92,29.7767,15.375,-54.5089,-22.5781,260.945,0
2017-11-23,7,11.8333,0.0,1.83333,92,35.32,17.2925,-54.5089,-22.5781,279.138,0
2017-11-23,8,11.3333,0.0,2.0,92,37.6833,18.015,-30.4985,-17.6033,280.8,0
2017-11-23,9,11.8333,0.0,2.16667,92,34.025,18.395,-9.41192,-13.0111,294.0,0
2017-11-23,10,12.6667,0.0,2.5,96,30.1933,21.365,15.7508,-8.80164,260.0,0
2017-11-23,11,13.6667,0.0,3.0,94,32.8275,23.48,53.0,0.0,265.5,0
2017-11-23,12,14.3333,0.0,3.66667,92,28.01,31.095,59.0,0.0,189.72,0
2017-11-23,13,14.8333,0.0,4.33333,94,28.1475,32.9225,64.0,0.0,187.68,0
2017-11-23,14,15.6667,0.0,5.16667,91,29.5575,29.7025,64.0,0.0,195.0,0
2017-11-23,15,15.1667,0.0,5.66667,96,30.7,29.28,63.0,0.0,216.333,0
2017-11-23,16,15.1667,0.0,5.83333,98,30.4267,31.64,57.0,0.0,245.92,0
2017-11-23,17,14.5,0.0,5.66667,98,29.3,31.69,27.2179,-6.12288,237.12,0
2017-11-23,18,14.6667,0.0,5.33333,98,30.9,31.58,-0.716399,-11.4804,245.92,0
2017-11-23,22,15.3333,0.0,3.83333,100,21.7,32.1,-58.2044,-24.1088,202.725,0
2017-11-24,0,13.8333,0.0,3.5,98,21.7,28.0,-4.56416,-12.2458,264.333,0
2017-11-24,1,13.1667,0.0,3.33333,98,28.6667,30.86,6.43584,-12.2458,240.0,0
2017-11-24,2,12.0,0.0,3.0,98,30.19,29.96,34.0657,-5.35752,268.029,0
2017-11-24,3,11.1667,0.0,2.66667,98,29.1433,29.435,58.0,0.0,305.52,0
2017-11-24,4,10.0,0.0,2.5,97,26.065,29.145,52.0,0.0,334.08,0
2017-11-24,5,9.66667,0.0,2.33333,97,31.3767,28.1833,60.0,0.0,300.0,0
2017-11-24,6,9.0,0.0,2.16667,97,39.3,29.7767,42.609,3.06144,335.345,0
2017-11-24,7,8.5,0.0,1.83333,97,36.8775,35.32,25.1418,5.7402,385.527,0
2017-11-24,8,7.66667,0.0,1.83333,95,34.7633,37.6833,8.48492,11.3971,425.455,0
2017-11-24,9,7.66667,0.0,2.0,87,39.6225,34.025,2.94164,13.6932,412.364,0
2017-11-24,10,8.0,0.0,2.33333,81,36.2175,30.1933,0.94164,13.6932,417.6,0
2017-11-24,11,8.16667,0.0,3.0,73,38.3025,32.8275,-17.2972,17.52,390.0,0
2017-11-24,12,8.66667,0.0,3.83333,68,34.2567,28.01,-16.2972,17.52,374.85,0
2017-11-24,13,9.16667,0.0,5.0,67,36.6067,28.1475,-11.6778,7.95296,386.4,0
2017-11-24,14,9.83333,0.0,6.0,70,42.845,29.5575,4.97912,2.29608,316.2,0
2017-11-24,15,10.1667,0.0,6.66667,81,33.89,30.7,20.5224,0.0,300.0,0
2017-11-24,16,10.1667,0.0,7.0,91,34.91,30.4267,10.5985,-8.03628,340.267,0
2017-11-24,17,10.3333,0.0,6.83333,98,34.78,29.3,-7.64028,-11.8631,334.08,0
2017-11-24,18,10.5,0.0,6.5,98,33.04,30.9,-7.64028,-11.8631,341.127,0
2017-11-24,22,12.3333,0.0,5.0,99,41.4,21.7,-3.48804,-12.6284,240.0,0
2017-11-25,0,12.1667,0.0,5.0,93,30.1,21.7,51.0,0.0,297.0,1
2017-11-25,1,12.0,0.0,5.16667,91,37.715,28.6667,41.7612,3.8268,268.029,1
2017-11-25,2,11.3333,0.0,5.33333,94,37.6533,30.19,17.5985,8.03628,289.385,1
2017-11-25,3,10.8333,0.0,5.5,95,34.6675,29.1433,-4.64028,11.8631,328.714,1
2017-11-25,4,9.83333,0.0,5.66667,96,37.175,26.065,-27.8791,15.6899,346.92,1
2017-11-25,5,9.66667,0.0,5.83333,98,38.9725,31.3767,-35.2701,18.7513,312.12,1
2017-11-25,6,9.16667,0.0,5.83333,100,40.17,39.3,-53.585,22.1954,324.48,1
2017-11-25,7,8.83333,0.0,5.83333,98,40.735,36.8775,-50.8134,21.0474,372.655,1
2017-11-25,8,8.5,0.0,5.83333,97,40.09,34.7633,-31.6507,16.8379,389.88,1
2017-11-25,9,7.83333,0.0,5.83333,94,37.79,39.6225,-22.4119,21.0111,417.72,1
2017-11-25,10,8.0,0.0,6.0,89,36.1,36.2175,-22.4119,27.0111,400.68,1
2017-11-25,11,8.0,0.0,6.16667,83,34.9633,38.3025,-4.17312,23.1843,390.0,1
2017-11-25,12,8.83333,0.0,6.66667,77,35.0775,34.2567,-3.14607,13.7589,388.267,1
2017-11-25,13,9.66667,0.0,7.16667,73,34.345,36.6067,3.15069,-0.84931,380.8,1
2017-11-25,14,10.6667,0.0,7.66667,74,33.11,42.845,-11.2068,-13.7836,300.0,1
2017-11-25,15,12.3333,0.0,8.0,80,35.7233,33.89,-16.5644,-40.7179,251.6,1
2017-11-25,16,13.1667,0.0,8.16667,83,35.0967,34.91,-25.3232,-49.136,235.2,1
2017-11-25,17,14.0,0.0,8.16667,82,31.905,34.78,-22.1954,-53.585,230.4,1
2017-11-25,22,15.8333,1.12,7.33333,78,17.1,41.4,-54.313,-36.9946,180.0,1
2017-11-26,1,15.5,2.24,7.0,83,25.955,37.715,5.13136,-10.715,221.571,1
2017-11-26,2,15.0,2.24,7.0,86,24.065,37.6533,34.0657,-5.35752,204.429,1
2017-11-26,3,15.3333,2.24,6.83333,88,11.89,34.6675,33.1418,5.7402,203.52,1
2017-11-26,4,15.1667,2.24,6.66667,88,8.435,37.175,3.35972,11.8631,202.725,1
2017-11-26,5,14.5,2.24,6.5,86,4.365,38.9725,-21.8327,21.0555,226.8,1
2017-11-26,6,14.1667,2.24,6.16667,84,5.09,40.17,-45.6109,28.8337,264.0,1
2017-11-26,7,13.0,2.24,5.83333,80,7.28333,40.735,-37.1102,36.0278,279.0,1
2017-11-26,8,12.5,2.72,5.33333,81,9.47,40.09,-37.1102,45.0278,266.325,1
2017-11-26,9,12.1667,2.72,5.16667,80,7.19,37.79,-22.3282,50.905,279.138,1
2017-11-26,10,12.3333,1.6,5.0,68,9.4,36.1,-13.1357,55.7125,250.364,1
2017-11-26,11,12.5,2.08,4.83333,64,8.5,34.9633,4.54202,60.8686,249.171,1
2017-11-26,12,12.0,0.96,5.0,60,12.33,35.0775,18.3849,50.0209,276.0,1
2017-11-26,13,12.1667,0.96,5.0,62,15.0775,34.345,18.3849,49.0209,297.0,1
2017-11-26,14,12.1667,0.48,5.16667,62,17.2467,33.11,18.3849,59.0209,268.029,1
2017-11-26,15,11.5,0.48,5.0,64,14.27,35.7233,18.3849,57.0209,287.571,1
2017-11-26,16,10.3333,0.48,4.5,73,21.6133,35.0967,8.48532,54.0866,313.5,1
2017-11-26,17,9.83333,0.0,4.0,72,24.92,31.905,5.80656,60.5537,300.0,1
2017-11-26,22,8.0,0.0,1.33333,71,20.4,17.1,-14.9245,55.0313,386.88,1
2017-11-27,1,7.16667,0.0,0.333333,72,21.02,25.955,-17.6033,51.4985,417.6,0
2017-11-27,2,6.66667,0.0,0.0,81,22.1833,24.065,-19.5167,47.1179,470.25,0
2017-11-27,3,6.5,0.0,-0.166667,75,20.9233,11.89,-23.0522,50.6534,452.4,0
2017-11-27,4,6.5,0.0,-0.166667,73,24.0867,8.435,-24.2334,47.5051,486.0,0
2017-11-27,5,6.16667,0.0,-0.166667,73,25.4467,4.365,-27.6392,42.7928,490.629,0
2017-11-27,6,6.66667,0.0,-0.166667,70,28.22,5.09,-32.3514,39.3871,472.457,0
2017-11-27,7,7.33333,0.0,-0.166667,73,33.745,7.28333,-37.9876,36.364,479.52,0
2017-11-27,8,8.0,0.0,0.0,75,37.72,9.47,-40.5248,33.4892,438.6,0
2017-11-27,9,8.66667,0.0,0.166667,72,37.2025,7.19,-44.6302,26.7706,399.36,0
2017-11-27,10,9.5,0.0,0.333333,77,32.82,9.4,-46.0908,22.8192,377.143,0
2017-11-27,11,9.83333,0.0,0.666667,72,32.05,8.5,-44.2158,31.227,313.65,0
2017-11-27,12,10.0,0.0,1.16667,69,37.8225,12.33,-43.8959,35.2367,300.0,0
2017-11-27,13,10.3333,0.0,1.66667,68,42.0267,15.0775,-36.2881,32.4997,340.267,0
2017-11-27,14,10.6667,0.0,2.16667,69,40.35,17.2467,-35.7514,36.8338,321.48,0
2017-11-27,15,10.5,0.0,2.33333,70,40.7033,14.27,-36.6753,37.2164,324.8,0
2017-11-27,16,10.1667,0.0,2.33333,77,46.47,21.6133,-40.398,29.574,346.92,0
2017-11-27,17,9.83333,0.0,2.16667,81,44.24,24.92,-42.5657,26.3297,346.92,0
2017-11-27,22,8.5,0.0,1.0,74,23.8,20.4,-31.5746,17.2206,363.0,0
2017-11-28,0,9.0,0.0,0.833333,75,22.4,17.5,0.0552405,10.3324,395.2,0
2017-11-28,1,9.66667,0.0,0.666667,75,29.405,21.02,19.3702,6.88824,366.667,0
2017-11-28,2,10.5,0.0,0.333333,84,31.8167,22.1833,40.6851,3.44412,312.8,0
2017-11-28,3,11.0,0.0,0.0,84,27.535,20.9233,53.0,0.0,286.2,0
2017-11-28,4,12.5,0.0,-0.5,85,28.165,24.0867,51.0,0.0,281.455,0
2017-11-28,5,13.5,0.0,-0.833333,85,27.57,25.4467,55.0,0.0,251.631,0
2017-11-28,6,14.6667,0.0,-1.0,84,25.7825,28.22,28.1418,-5.7402,239.4,0
2017-11-28,7,15.6667,0.0,-1.16667,84,23.945,33.745,-2.48804,-12.6284,196.8,0
2017-11-28,8,16.8333,0.0,-1.16667,82,26.2275,37.72,-11.488,-12.6284,216.72,0
2017-11-28,9,18.0,0.0,-1.0,77,25.4975,37.2025,-17.0313,-14.9245,184.0,0
2017-11-28,10,19.1667,0.0,-0.5,73,22.105,32.82,-18.8791,-15.6899,175.137,0
2017-11-28,11,19.6667,0.0,0.0,68,23.6225,32.05,-15.8791,-15.6899,165.714,0
2017-11-28,12,19.8333,0.0,0.666667,62,24.37,37.8225,21.5224,-7.6536,180.0,0
2017-11-28,13,19.8333,0.0,1.33333,60,26.5175,42.0267,59.0,0.0,195.873,0
2017-11-28,14,19.3333,0.0,2.0,59,35.0867,40.35,56.0,0.0,198.4,0
2017-11-28,15,18.8333,0.0,2.33333,64,36.146,40.7033,56.0,0.0,202.926,0
2017-11-28,16,17.5,0.0,2.33333,69,38.762,46.47,54.0,0.0,217.579,0
2017-11-28,17,16.8333,0.0,2.16667,72,40.502,44.24,68.0,0.0,186.821,0
2017-11-28,22,14.6667,0.0,1.0,74,29.2,23.8,-55.4328,-22.9608,212.914,0
2017-11-29,0,14.1667,0.0,1.0,76,26.4,22.4,-26.6507,-16.8379,243.6,0
2017-11-29,1,13.6667,0.0,1.0,77,35.01,29.405,0.131361,-10.715,273.28,0
2017-11-29,2,13.0,0.0,1.0,85,35.11,31.8167,25.9896,-4.97484,297.0,0
2017-11-29,3,12.5,0.0,1.0,86,34.4833,27.535,37.9896,-4.97484,249.171,0
2017-11-29,4,12.1667,0.0,1.0,89,32.3667,28.165,35.9896,-4.97484,259.2,0
2017-11-29,5,11.5,0.0,0.833333,94,32.7683,27.57,60.0,0.0,260.0,0
2017-11-29,6,11.0,0.0,0.666667,100,37.7475,25.7825,57.0,0.0,291.5,0
2017-11-29,7,10.1667,0.0,0.333333,100,39.2717,23.945,54.0,0.0,324.8,0
2017-11-29,8,9.5,0.0,0.166667,99,40.095,26.2275,47.5328,-2.67876,311.1,0
2017-11-29,9,9.16667,0.0,0.166667,92,38.114,25.4975,28.1418,-5.7402,357.5,0
2017-11-29,10,8.83333,0.0,0.166667,71,36.304,22.105,6.903,-9.567,381.9,0
2017-11-29,11,9.16667,0.0,0.5,69,36.4233,23.6225,-14.3358,-13.3938,380.8,0
2017-11-29,12,9.5,0.0,0.833333,69,46.542,24.37,-33.4985,-17.6033,352.8,0
2017-11-29,13,10.0,0.0,1.33333,71,47.096,26.5175,-52.6612,-21.8128,300.0,0
2017-11-29,14,10.0,0.0,1.66667,75,45.345,35.0867,-45.8741,-23.1437,334.08,0
2017-11-29,15,10.0,0.0,1.83333,80,46.97,36.146,-51.5309,-28.8005,300.0,0
2017-11-29,16,10.0,0.41,1.83333,88,49.348,38.762,-49.3632,-32.0448,300.0,0
2017-11-29,17,9.5,0.87,1.66667,92,49.936,40.502,-47.1955,-35.2891,311.564,0
2017-11-29,22,8.33333,0.87,1.0,87,32.7,29.2,-38.0135,-33.1427,417.72,0
2017-11-30,0,8.5,0.0,1.0,88,29.1,26.4,-24.6005,-23.8589,401.85,0
2017-11-30,1,8.5,0.0,0.833333,87,35.36,35.01,-10.9436,-18.202,401.85,0
2017-11-30,2,8.33333,0.69,0.666667,92,37.86,35.11,2.71328,-12.5451,401.85,0
2017-11-30,3,7.83333,0.69,0.5,92,36.148,34.4833,9.71328,-12.5451,360.0,0
2017-11-30,4,7.33333,1.32,0.166667,96,33.18,32.3667,21.3702,-6.88824,402.8,0
2017-11-30,5,6.66667,1.93,0.0,92,34.37,32.7683,35.6851,-3.44412,448.0,0
2017-11-30,7,7.16667,2.54,-0.166667,88,47.87,39.2717,51.0,0.0,470.25,0
2017-11-30,16,14.3333,4.49,0.833333,87,7.6,49.348,-22.4697,-52.2469,228.48,0
2017-11-30,17,15.0,5.68,0.666667,89,7.1,49.936,-11.8631,-56.6403,235.125,0
2017-11-30,22,11.1667,3.44,0.166667,83,29.9667,32.7,11.4804,-55.7164,313.2,0
2018-10-01,0,10.6667,0.0,6.5,83,18.85,16.14,55.0,0.0,313.5,0
2018-10-01,1,10.1667,0.0,5.66667,86,13.02,13.35,52.0,0.0,348.0,0
2018-10-01,2,9.66667,0.0,5.16667,88,15.27,17.165,61.0,0.0,311.1,0
2018-10-01,3,9.33333,0.0,4.5,93,14.44,22.03,58.0,0.0,335.345,0
2018-10-01,4,9.16667,0.0,4.0,90,24.58,22.685,56.0,0.0,349.92,0
2018-10-01,5,8.83333,0.0,3.5,100,20.45,23.695,55.0,0.0,363.0,0
2018-10-01,6,8.83333,0.0,3.0,100,23.525,21.83,53.0,0.0,380.8,0
2018-10-01,7,8.83333,0.0,2.66667,100,21.085,21.565,35.6851,-3.44412,380.8,0
2018-10-01,8,9.0,0.0,2.5,100,20.34,18.32,18.3702,-6.88824,380.8,0
2018-10-01,9,9.16667,0.0,3.0,100,17.965,16.235,0.131361,-10.715,366.667,0
2018-10-01,10,9.5,0.0,4.16667,69,20.895,23.31,1.13136,-10.715,352.8,0
2018-10-01,11,10.1667,0.0,5.83333,59,18.01,11.145,3.13136,-10.715,313.65,0
2018-10-01,12,10.8333,0.0,7.83333,51,21.0,8.6,15.4463,-7.27092,326.8,0
2018-10-01,13,11.5,0.0,10.0,47,22.5,7.76,11.7508,1.14804,285.12,0
2018-10-01,14,12.1667,0.0,12.0,48,25.295,10.68,8.97912,9.94968,250.92,0
2018-10-01,15,12.6667,0.0,13.6667,47,40.705,29.065,-24.9552,15.3072,276.0,0
2018-10-01,16,12.5,0.0,14.5,49,54.41,16.125,-48.9656,20.282,271.385,0
2018-10-01,17,11.8333,0.0,14.8333,56,55.82,33.11,-56.0367,27.3531,240.0,0
2018-10-01,18,10.8333,0.0,14.3333,65,58.055,21.655,-49.6832,28.0352,289.385,0
2018-10-01,19,9.83333,0.0,13.5,70,67.19,12.82,-44.1399,25.7391,361.371,0
2018-10-01,20,8.5,0.0,12.3333,82,46.69,14.125,-50.6071,28.4179,353.571,0
2018-10-01,21,7.33333,0.0,10.6667,94,28.185,12.67,-43.216,25.3564,440.677,0
2018-10-01,22,6.66667,0.0,9.16667,98,27.36,16.87,-48.7593,27.6525,434.215,0
2018-10-01,23,6.5,0.0,7.83333,96,29.025,14.97,-54.3026,29.9486,420.0,0
2018-10-02,0,6.5,0.0,7.0,91,26.21,18.85,-47.2419,29.9235,464.28,0
2018-10-02,1,6.5,0.0,6.16667,93,26.885,13.02,-45.1206,27.8022,486.0,0
2018-10-02,2,6.66667,0.0,5.5,99,27.395,15.27,-44.4135,27.0951,490.629,0
2018-10-02,3,6.83333,0.0,5.16667,97,29.92,14.44,-40.6251,30.8835,490.629,0
2018-10-02,4,7.0,0.0,5.16667,88,31.785,24.58,-36.8367,34.6719,477.0,0
2018-10-02,5,7.33333,0.0,5.16667,84,30.995,20.45,-33.9721,38.8429,457.6,0
2018-10-02,6,7.83333,0.0,5.16667,87,33.58,23.525,-26.3297,42.5657,460.8,0
2018-10-02,7,8.5,0.0,5.33333,89,25.535,21.085,-25.2067,46.8547,408.857,0
2018-10-02,8,9.33333,0.0,5.83333,84,20.215,20.34,-19.5167,47.1179,393.6,0
2018-10-02,9,10.5,0.0,6.5,81,18.125,17.965,-16.8379,52.6507,314.743,0
2018-10-02,10,11.6667,0.0,7.16667,65,16.875,20.895,-11.4804,53.7164,275.6,0
2018-10-02,11,12.8333,0.0,8.0,59,16.06,18.01,-4.20948,50.1627,281.455,0
2018-10-02,12,14.0,0.0,9.0,53,13.335,21.0,0.0,56.0,235.2,0
2018-10-02,13,15.3333,0.0,10.1667,52,10.57,22.5,0.0,61.0,204.429,0
2018-10-02,14,16.6667,0.0,11.1667,48,14.5,25.295,-7.27092,50.5537,220.8,0
2018-10-02,15,17.6667,0.0,12.0,47,16.86,40.705,-14.9245,53.0313,193.765,0
2018-10-02,16,18.5,0.0,12.3333,47,19.985,54.41,-22.5781,54.5089,181.895,0
2018-10-02,17,18.6667,0.0,12.3333,52,15.535,55.82,-22.5781,54.5089,186.66,0
2018-10-02,18,18.6667,0.0,12.0,55,13.23,58.055,-21.4301,51.7373,207.36,0
2018-10-02,19,18.1667,0.0,11.3333,55,11.19,67.19,-20.282,48.9656,225.095,0
2018-10-02,20,17.5,0.0,10.5,56,10.925,46.69,-31.5958,60.2794,180.0,0
2018-10-02,21,17.3333,0.0,9.66667,53,14.345,28.185,-35.6386,54.0394,187.2,0
2018-10-02,22,17.8333,0.0,9.0,50,10.93,27.36,-36.0626,36.0626,229.125,0
2018-10-02,23,19.0,0.0,8.33333,50,10.365,29.025,-40.3053,40.3053,181.425,0
2018-10-03,0,20.1667,0.0,7.83333,54,9.76,26.21,-45.9622,45.9622,143.242,0
2018-10-03,1,21.5,0.0,7.5,61,8.215,26.885,-49.4977,49.4977,130.473,0
2018-10-03,2,22.8333,0.0,7.16667,67,8.075,27.395,-50.9119,50.9119,130.0,0
2018-10-03,3,23.5,0.0,7.0,67,11.01,29.92,-50.9119,50.9119,130.0,0
2018-10-03,4,23.6667,0.0,7.0,65,9.35,31.785,-42.7429,55.1905,135.15,0
2018-10-03,5,23.5,0.74,7.16667,63,10.595,30.995,-34.5739,59.4691,140.4,0
2018-10-03,6,23.5,0.74,7.33333,61,9.385,33.58,-26.4049,63.7477,140.87,0
2018-10-03,7,24.0,0.74,7.5,63,7.375,25.535,-26.7876,64.6716,135.496,0
2018-10-03,8,24.8333,0.74,7.83333,65,9.01,20.215,-19.5167,47.1179,171.55,0
2018-10-03,9,26.1667,1.73,8.0,65,11.105,18.125,-21.4301,51.7373,151.467,0
2018-10-03,10,27.0,1.73,8.0,64,10.955,16.875,-22.9608,55.4328,137.048,0
2018-10-03,11,28.3333,0.99,8.16667,63,7.355,16.06,-22.5781,54.5089,147.716,0
2018-10-03,12,29.6667,0.99,8.33333,61,6.475,13.335,-22.5781,54.5089,138.986,0
2018-10-03,13,30.5,0.99,8.66667,57,6.285,10.57,-11.8631,60.6403,128.981,0
2018-10-03,14,30.8333,0.99,9.16667,57,10.06,14.5,0.0,64.0,127.5,0
2018-10-03,15,30.8333,0.0,9.5,56,7.615,16.86,0.0,63.0,131.962,0
2018-10-03,16,31.1667,0.48,9.66667,56,8.925,19.985,21.9204,59.6403,133.548,0
2018-10-03,17,30.8333,0.48,9.5,61,7.29,15.535,43.1337,56.3567,138.194,0
2018-10-03,18,30.1667,0.48,9.33333,60,6.635,13.23,41.7195,54.5089,144.84,0
2018-10-03,19,29.1667,0.96,9.0,61,7.01,11.19,40.3053,52.6612,151.945,0
2018-10-03,20,28.0,0.96,8.5,61,6.865,10.925,38.1839,49.8895,164.914,0
2018-10-03,21,26.5,0.96,8.16667,61,7.145,14.345,55.1546,72.0626,120.0,0
2018-10-03,22,24.8333,0.48,7.83333,62,5.23,10.93,50.9119,66.5194,139.569,0
2018-10-03,23,23.1667,0.48,7.66667,61,5.955,10.365,46.6693,60.9761,162.4,0
2018-10-04,0,21.5,0.96,7.33333,59,4.73,9.76,43.1337,56.3567,183.0,0
2018-10-04,1,20.1667,1.04,7.0,57,4.885,8.215,40.3053,52.6612,200.34,0
2018-10-04,2,19.1667,1.04,6.66667,56,5.31,8.075,38.891,50.8134,210.189,0
2018-10-04,3,18.3333,1.6,6.33333,59,5.27,11.01,25.456,51.2597,213.333,0
2018-10-04,4,17.8333,1.6,6.16667,61,7.64,9.35,12.728,51.6298,221.0,0
2018-10-04,5,17.3333,1.6,6.0,62,7.25,10.595,0.0,52.0,228.8,0
2018-10-04,6,17.0,1.12,6.0,64,4.67,9.385,0.0,68.0,180.0,0
2018-10-04,7,16.8333,0.56,5.83333,71,7.445,7.375,0.0,66.0,187.2,0
2018-10-04,8,16.6667,0.56,5.83333,70,7.15,9.01,0.0,66.0,187.2,0
2018-10-04,9,16.8333,0.0,6.16667,65,7.03,11.105,12.0209,64.706,180.0,0
2018-10-04,10,17.1667,0.0,6.66667,65,4.785,10.955,24.7488,49.3358,224.824,0
2018-10-04,11,18.1667,0.0,7.33333,58,3.75,7.355,38.1839,49.8895,209.012,0
2018-10-04,12,19.3333,0.0,8.16667,50,5.985,6.475,41.7195,54.5089,177.0,0
2018-10-04,13,20.3333,0.0,9.33333,45,9.235,6.285,45.255,59.1283,149.368,0
2018-10-04,14,21.3333,0.0,10.3333,42,10.0,10.06,48.0835,62.8238,141.382,0
2018-10-04,15,21.6667,0.0,11.1667,37,24.975,7.615,48.7906,63.7477,140.87,0
2018-10-04,16,21.3333,0.0,11.6667,37,26.195,8.925,46.6693,60.9761,157.617,0
2018-10-04,17,19.8333,0.0,11.8333,43,16.32,7.29,42.4266,55.4328,193.93,0
2018-10-04,18,17.8333,0.0,11.6667,49,28.59,6.635,51.619,67.4432,180.0,0
2018-10-04,19,15.6667,0.0,11.1667,56,15.09,7.01,43.1337,56.3567,244.26,0
2018-10-04,20,13.3333,0.0,10.5,63,14.695,6.865,28.9915,47.8791,312.141,0
2018-10-04,21,11.5,0.0,9.5,66,19.215,7.145,28.9915,56.8791,301.765,0
2018-10-04,22,10.1667,0.0,8.66667,69,20.16,5.23,16.9706,50.1731,354.738,0
2018-10-04,23,9.5,0.0,7.83333,71,17.15,5.955,16.9706,59.1731,321.6,0
2018-10-05,0,9.16667,0.0,7.16667,72,17.18,4.73,7.77821,56.1627,347.564,0
2018-10-05,1,9.0,0.0,6.5,69,18.48,4.885,-3.44412,54.3149,363.0,0
2018-10-05,2,9.16667,0.0,6.0,75,20.69,5.31,-6.88824,52.6298,366.667,0
2018-10-05,3,9.33333,0.0,5.83333,70,21.58,5.27,-10.715,52.8686,352.8,0
2018-10-05,4,9.66667,0.0,5.83333,67,24.68,7.64,-17.7861,50.9397,339.2,0
2018-10-05,5,10.0,0.0,6.0,69,24.19,7.25,-25.5644,49.7179,312.8,0
2018-10-05,6,10.5,0.0,6.16667,73,25.04,4.67,-29.8984,40.1812,340.267,0
2018-10-05,7,11.1667,0.0,6.5,79,23.875,7.445,-34.9396,40.3516,309.12,0
2018-10-05,8,11.8333,0.0,7.0,79,22.465,7.15,-40.3053,40.3053,273.48,0
2018-10-05,9,12.6667,0.0,7.66667,76,23.645,7.03,-43.1337,43.1337,240.0,0
2018-10-05,10,13.5,0.0,8.33333,77,20.585,4.785,-38.1839,38.1839,255.2,0
2018-10-05,11,14.5,0.0,9.33333,67,20.725,3.75,-35.8215,44.4807,223.385,0
2018-10-05,12,15.6667,0.0,10.6667,60,20.075,5.985,-33.1346,50.9942,196.114,0
2018-10-05,13,16.8333,0.0,12.1667,54,20.095,9.235,-19.8994,48.0418,220.8,0
2018-10-05,14,18.0,0.0,13.5,53,28.215,10.0,-21.4301,51.7373,193.765,0
2018-10-05,15,18.6667,0.0,14.6667,49,39.28,24.975,-22.9608,55.4328,175.137,0
2018-10-05,16,18.8333,0.0,15.5,50,39.315,26.195,-22.9608,55.4328,180.0,0
2018-10-05,17,18.3333,0.0,15.8333,54,30.39,16.32,-21.8128,52.6612,204.8,0
2018-10-05,18,17.1667,0.0,15.5,61,30.455,28.59,-31.7123,62.5607,180.0,0
2018-10-05,19,15.6667,0.0,14.8333,64,25.84,15.09,-32.1613,51.6445,230.4,0
2018-10-05,20,13.8333,0.0,13.8333,70,20.705,14.695,-32.6686,41.869,284.612,0
2018-10-05,21,12.1667,0.0,12.5,71,17.865,19.215,-41.9074,45.6958,265.624,0
2018-10-05,22,11.0,0.0,11.3333,71,19.89,20.16,-43.7168,33.434,318.171,0
2018-10-05,23,10.3333,0.0,10.1667,73,16.8,17.15,-43.056,27.3612,348.0,0
2018-10-06,0,10.0,0.0,9.33333,74,15.465,17.18,-52.2948,31.188,300.0,1
2018-10-06,1,9.83333,0.0,8.66667,75,14.705,18.48,-53.0483,26.5295,311.564,1
2018-10-06,2,9.83333,0.0,8.16667,77,21.74,20.69,-54.5089,22.5781,312.12,1
2018-10-06,3,10.0,0.0,7.83333,80,23.635,21.58,-54.5089,22.5781,300.0,1
2018-10-06,4,10.0,0.0,7.33333,81,33.525,24.68,-55.4328,22.9608,300.0,1
2018-10-06,5,10.0,0.0,7.0,91,27.625,24.19,-55.4328,22.9608,300.0,1
2018-10-06,6,10.0,0.0,6.66667,100,27.815,25.04,-55.4328,22.9608,300.0,1
2018-10-06,7,10.1667,0.0,6.16667,100,25.875,23.875,-55.4328,22.9608,300.0,1
2018-10-06,8,10.5,0.0,6.16667,100,31.045,22.465,-47.1179,19.5167,346.92,1
2018-10-06,9,11.0,0.0,6.5,89,23.72,23.645,-48.9656,20.282,321.48,1
2018-10-06,10,11.8333,0.0,7.5,70,20.965,20.585,-51.7373,21.4301,285.12,1
2018-10-06,11,13.1667,0.0,9.0,60,24.125,20.725,-47.1179,19.5167,281.455,1
2018-10-06,12,14.6667,0.0,10.6667,53,20.02,20.075,-53.585,22.1954,216.0,1
2018-10-06,13,16.1667,0.0,12.8333,49,20.265,20.095,-48.0418,19.8994,216.72,1
2018-10-06,14,17.5,0.0,14.6667,50,27.345,28.215,-52.6612,21.8128,191.133,1
2018-10-06,15,18.3333,0.0,16.3333,48,52.88,39.28,-54.5089,22.5781,181.895,1
2018-10-06,16,18.5,0.0,17.3333,51,36.175,39.315,-53.585,22.1954,193.44,1
2018-10-06,17,17.8333,0.0,17.5,59,22.65,30.39,-19.1074,14.5418,221.76,1
2018-10-06,18,16.6667,0.0,17.1667,83,45.005,30.455,-5.10744,14.5418,193.44,1
2018-10-06,19,15.1667,0.0,16.3333,91,27.5,25.84,25.3702,6.88824,239.733,1
2018-10-06,20,13.5,0.0,15.1667,98,35.645,20.705,53.0,0.0,288.225,1
2018-10-06,21,12.1667,0.0,13.8333,94,29.12,17.865,63.0,0.0,266.325,1
2018-10-06,22,11.3333,0.0,12.6667,88,40.58,19.89,57.0,0.0,307.8,1
2018-10-06,23,10.8333,0.0,11.6667,85,36.795,16.8,32.8373,4.20948,324.8,1
2018-10-07,0,10.6667,0.0,11.0,86,26.975,15.465,10.6746,8.41896,329.018,1
2018-10-07,1,10.5,0.0,10.5,90,26.09,14.705,-10.488,12.6284,321.48,1
2018-10-07,2,10.5,0.0,10.3333,93,27.17,21.74,-29.7268,16.4552,321.48,1
2018-10-07,3,10.5,0.0,10.1667,94,28.885,23.635,-48.9656,20.282,329.018,1
2018-10-07,4,10.3333,0.0,9.83333,93,29.87,33.525,-48.0418,19.8994,341.127,1
2018-10-07,5,10.1667,0.0,9.66667,100,30.25,27.625,-47.1179,19.5167,353.455,1
2018-10-07,6,10.1667,0.0,9.5,100,34.935,27.815,-56.3567,23.3435,300.0,1
2018-10-07,7,10.3333,0.0,9.33333,100,34.205,25.875,-44.7334,23.0854,346.92,1
2018-10-07,8,10.5,0.0,9.33333,98,30.56,31.045,-43.2728,27.0368,334.08,1
2018-10-07,9,10.8333,0.51,9.66667,85,32.055,23.72,-41.8122,30.9882,321.48,1
2018-10-07,10,11.3333,0.51,10.5,72,29.795,20.965,-41.0588,35.6467,297.0,1
2018-10-07,11,12.0,0.51,11.5,65,32.095,24.125,-41.0124,41.0124,271.745,1
2018-10-07,12,12.6667,0.51,12.8333,60,27.735,20.02,-43.1337,43.1337,240.0,1
2018-10-07,13,13.5,0.51,14.3333,57,28.595,20.265,-38.1839,38.1839,255.2,1
2018-10-07,14,14.5,0.51,15.8333,58,34.84,27.345,-41.0124,41.0124,223.385,1
2018-10-07,15,15.1667,0.0,17.1667,52,24.135,52.88,-43.8408,43.8408,196.114,1
2018-10-07,16,15.3333,0.0,18.0,51,15.375,36.175,-45.255,45.255,187.68,1
2018-10-07,17,15.0,0.0,18.5,64,16.835,22.65,-44.5479,44.5479,202.725,1
2018-10-07,18,14.6667,0.0,18.1667,72,15.635,45.005,-37.8263,44.3207,241.553,1
2018-10-07,19,14.5,0.0,17.5,73,10.58,27.5,-16.613,44.3103,269.925,1
2018-10-07,20,14.3333,0.0,16.5,76,5.07,35.645,5.30738,43.6032,267.429,1
2018-10-07,21,14.1667,0.0,15.1667,75,1.7,29.12,29.989,39.8265,235.2,1
2018-10-07,22,14.1667,0.0,13.6667,77,0.98,40.58,48.4394,34.4802,214.338,1
2018-10-07,23,14.3333,0.0,12.1667,76,2.065,36.795,52.1812,27.8272,220.0,1
2018-10-08,0,14.1667,0.0,11.1667,76,0.82,26.975,53.585,22.1954,243.6,0
2018-10-08,1,13.6667,0.0,10.1667,74,2.425,26.09,49.8895,20.6647,273.28,0
2018-10-08,2,12.8333,0.0,9.33333,73,0.84,27.17,47.1179,19.5167,297.0,0
2018-10-08,3,12.1667,0.0,8.5,75,2.985,28.885,57.2806,23.7262,258.514,0
2018-10-08,4,11.5,0.0,7.83333,77,8.76,29.87,55.3462,18.3686,279.138,0
2018-10-08,5,11.0,0.0,7.33333,80,9.765,30.25,53.3358,13.3938,302.4,0
2018-10-08,6,10.6667,0.0,6.66667,85,3.265,34.935,52.2492,8.80164,324.8,0
2018-10-08,7,10.3333,0.0,5.83333,87,5.285,34.205,50.4015,0.38268,341.127,0
2018-10-08,8,10.1667,0.0,5.33333,89,6.69,30.56,49.4776,-7.6536,353.455,0
2018-10-08,9,9.83333,0.0,5.16667,83,7.27,32.055,58.7164,-11.4804,300.0,0
2018-10-08,10,9.66667,0.0,5.5,77,6.795,29.795,54.0804,-17.8444,312.12,0
2018-10-08,11,9.5,0.0,6.0,68,6.585,32.095,50.4444,-24.2084,324.48,0
2018-10-08,12,9.16667,0.0,6.83333,60,8.275,27.735,43.8885,-32.5233,337.08,0
2018-10-08,13,8.83333,0.0,8.33333,54,5.555,28.595,37.7111,-36.0875,363.0,0
2018-10-08,14,8.33333,0.0,9.5,54,13.95,34.84,28.4723,-40.2607,389.88,0
2018-10-08,15,8.0,0.0,10.6667,56,32.955,24.135,28.4723,-47.2607,360.0,0
2018-10-08,16,7.5,0.0,11.3333,58,41.58,15.375,16.5548,-49.9011,388.267,0
2018-10-08,17,6.83333,0.0,11.8333,62,53.15,16.835,7.89471,-49.0804,432.667,0
2018-10-08,18,6.33333,0.0,11.6667,73,58.43,15.635,4.35916,-52.6159,420.0,0
2018-10-08,19,5.83333,0.0,11.0,77,42.54,10.58,-5.54038,-49.7875,482.4,0
2018-10-08,20,5.66667,0.0,10.0,83,51.55,5.07,-12.5201,-45.0081,538.65,0
2018-10-08,21,5.5,0.0,8.66667,97,37.245,1.7,-16.7627,-49.2508,497.25,0
2018-10-08,22,5.66667,0.0,7.33333,99,57.14,0.98,-25.3674,-44.1558,532.65,0
2018-10-08,23,6.0,0.0,6.16667,96,26.225,2.065,-31.8346,-38.8346,536.057,0
2018-10-09,0,6.33333,0.0,5.33333,98,24.24,0.82,-38.3018,-34.5133,536.057,0
2018-10-09,1,6.66667,0.0,4.66667,100,22.4,2.425,-42.0901,-30.7249,520.0,0
2018-10-09,2,6.83333,0.0,4.33333,100,34.46,0.84,-32.7941,-25.1817,480.0,0
2018-10-09,3,7.0,0.0,4.16667,100,22.055,2.985,-18.723,-18.1106,483.36,0
2018-10-09,4,7.0,0.0,4.16667,100,24.63,8.76,-8.18742,-14.575,457.6,0
2018-10-09,5,6.83333,0.0,4.0,98,31.97,9.765,3.05524,-10.3324,438.6,0
2018-10-09,6,6.66667,0.0,4.0,98,23.495,3.265,14.5985,-8.03628,454.629,0
2018-10-09,7,6.5,0.0,3.83333,100,25.275,5.285,27.0657,-5.35752,472.457,0
2018-10-09,8,6.5,0.0,4.0,100,23.255,6.69,39.5328,-2.67876,490.629,0
2018-10-09,9,6.66667,0.0,4.5,94,23.605,7.27,53.0,0.0,490.629,0
2018-10-09,10,7.33333,0.0,5.33333,83,21.285,6.795,54.0,0.0,472.457,0
2018-10-09,11,8.33333,0.0,6.5,71,19.84,6.585,29.8373,4.20948,460.8,0
2018-10-09,12,9.33333,0.0,8.0,62,18.985,8.275,11.7508,8.80164,360.0,0
2018-10-09,13,10.3333,0.0,9.83333,57,23.2,5.555,-11.3358,13.3938,300.0,0
2018-10-09,14,11.1667,0.0,11.3333,59,33.475,13.95,-35.4224,17.986,278.25,0
2018-10-09,15,11.6667,0.0,12.6667,56,51.305,32.955,-54.5089,22.5781,260.945,0
2018-10-09,16,11.5,0.0,13.5,60,57.345,41.58,-54.5089,22.5781,270.3,0
2018-10-09,17,11.0,0.0,14.0,65,64.715,53.15,-52.6612,21.8128,291.5,0
2018-10-09,18,10.3333,0.0,13.6667,81,55.22,58.43,-49.8895,20.6647,324.8,0
2018-10-09,19,9.66667,0.0,13.0,90,35.87,42.54,-57.2806,23.7262,300.0,0
2018-10-09,20,9.0,0.0,12.0,99,40.83,51.55,-53.585,22.1954,345.6,0
2018-10-09,21,8.5,0.0,10.6667,99,27.845,37.245,-49.8895,20.6647,385.527,0
2018-10-09,22,8.16667,0.0,9.5,99,27.41,57.14,-47.1179,19.5167,417.72,0
2018-10-09,23,8.0,0.0,8.33333,99,20.81,26.225,-54.5089,22.5781,373.32,0
2018-10-10,0,8.0,0.0,7.5,100,19.855,24.24,-52.6612,21.8128,388.267,0
2018-10-10,1,7.83333,0.0,6.83333,100,21.145,22.4,-51.7373,21.4301,390.0,0
2018-10-10,2,7.66667,0.0,6.33333,100,23.0,34.46,-50.8134,21.0474,405.45,0
2018-10-10,3,7.5,0.0,6.0,100,32.0,22.055,-49.8895,20.6647,421.2,0
2018-10-10,4,7.33333,0.0,5.66667,100,45.335,24.63,-48.9656,20.282,437.25,0
2018-10-10,5,7.16667,0.0,5.33333,100,51.885,31.97,-46.5244,22.1704,453.6,0
2018-10-10,6,6.83333,0.0,5.16667,100,33.61,23.495,-44.0831,24.0587,470.25,0
2018-10-10,7,6.66667,0.0,4.83333,100,37.925,25.275,-48.3258,28.3014,436.05,0
2018-10-10,8,6.5,0.0,4.83333,100,36.875,23.255,-45.1774,29.4826,469.05,0
2018-10-10,9,6.33333,0.0,5.33333,100,37.585,23.605,-42.029,30.6638,490.629,0
2018-10-10,10,6.33333,0.0,6.33333,89,38.555,21.285,-39.8045,32.2277,509.143,0
2018-10-10,11,6.5,0.0,7.83333,76,36.155,19.84,-38.2871,34.4987,509.143,0
2018-10-10,12,6.83333,0.0,9.5,68,42.53,18.985,-37.4768,37.4768,490.629,0
2018-10-10,13,7.16667,0.0,11.6667,63,39.645,23.2,-38.1839,38.1839,472.457,0
2018-10-10,14,7.5,0.0,13.8333,66,49.01,33.475,-38.891,38.891,438.6,0
2018-10-10,15,7.83333,0.0,15.5,64,62.03,51.305,-36.0626,36.0626,451.0,0
2018-10-10,16,7.66667,0.0,16.5,67,62.75,57.345,-39.211,34.8814,413.4,0
2018-10-10,17,7.33333,0.0,16.8333,73,61.765,64.715,-40.5116,32.9348,425.829,0
2018-10-10,18,7.0,0.0,16.6667,98,65.39,55.22,-29.5618,27.985,453.6,0
2018-10-10,19,6.66667,0.0,15.8333,98,60.23,35.87,-35.1051,25.689,420.0,0
2018-10-10,20,6.33333,0.0,14.5,98,56.18,40.83,-33.6909,15.7894,452.4,0
2018-10-10,21,6.0,0.0,12.8333,99,48.14,27.845,-32.2767,5.88988,486.0,0
2018-10-10,22,6.0,0.0,11.3333,99,62.0,27.41,-30.8625,-4.00966,520.8,0
2018-10-10,23,6.0,0.0,10.0,95,40.355,20.81,-35.1051,-8.25232,480.0,0
2018-10-11,0,6.0,0.0,9.0,94,33.38,19.855,-33.6909,-18.1519,514.8,0
2018-10-11,1,6.0,0.0,8.16667,95,31.305,21.145,-30.5425,-25.456,520.0,0
2018-10-11,2,6.0,0.0,7.5,95,41.69,23.0,-29.2419,-31.9947,520.0,0
2018-10-11,3,6.0,0.0,7.16667,96,27.94,32.0,-39.4846,-36.2374,520.0,0
2018-10-11,4,6.16667,0.0,6.83333,96,50.755,45.335,-36.2374,-39.4846,520.0,0
2018-10-11,5,6.33333,0.0,6.5,100,56.76,51.885,-34.6735,-41.7091,499.8,0
2018-10-11,6,6.5,0.0,6.16667,100,33.525,33.61,-33.1096,-43.9336,480.0,0
2018-10-11,7,6.83333,0.0,5.83333,100,39.46,37.925,-27.303,-41.9154,517.0,0
2018-10-11,8,7.16667,0.0,6.0,100,41.245,36.875,-26.1218,-45.0638,477.0,0
2018-10-11,9,7.66667,0.0,6.5,100,33.105,37.585,-27.536,-46.478,438.6,0
2018-10-11,10,8.16667,0.0,7.5,89,30.77,38.555,-25.4147,-44.3567,432.0,0
2018-10-11,11,8.83333,0.0,9.0,72,30.965,36.155,-30.1897,-45.8845,375.943,0
2018-10-11,12,9.66667,0.0,10.8333,63,29.65,42.53,-32.6104,-40.7284,361.029,0
2018-10-11,13,10.5,0.0,13.0,58,28.435,39.645,-38.4169,-42.7465,300.0,0
2018-10-11,14,11.3333,0.0,15.0,59,29.07,49.01,-38.891,-38.891,288.0,0
2018-10-11,15,12.0,0.0,16.8333,57,33.18,62.03,-41.7195,-41.7195,250.92,0
2018-10-11,16,12.1667,0.0,17.8333,61,31.855,62.75,-36.0626,-36.0626,286.7,0
2018-10-11,17,12.1667,0.0,18.1667,68,31.835,61.765,-40.2721,-46.2253,240.0,0
2018-10-11,18,11.8333,0.0,17.8333,79,32.66,65.39,-35.9963,-47.9026,259.2,0
2018-10-11,19,11.3333,0.0,17.0,90,55.65,60.23,-30.6306,-47.949,289.385,0
2018-10-11,20,11.0,0.0,15.8333,95,33.565,56.18,-25.265,-47.9954,321.231,0
2018-10-11,21,10.6667,0.0,14.3333,95,31.685,48.14,-23.8508,-46.5812,329.018,0
2018-10-11,22,10.6667,0.0,13.0,97,35.12,62.0,-27.4195,-44.1967,329.018,0
2018-10-11,23,10.6667,0.0,11.8333,95,26.0,40.355,-30.9882,-41.8122,321.48,0
2018-10-12,0,10.6667,0.0,11.0,95,22.64,33.38,-34.9396,-40.3516,309.12,0
2018-10-12,1,10.6667,0.0,10.3333,96,25.1,31.305,-38.1839,-38.1839,317.127,0
2018-10-12,2,10.5,0.0,9.83333,96,27.51,41.69,-37.4768,-37.4768,329.018,0
2018-10-12,3,10.3333,0.0,9.5,95,27.275,27.94,-36.7697,-36.7697,341.127,0
2018-10-12,4,10.1667,0.0,9.16667,96,26.44,50.755,-36.0626,-36.0626,353.455,0
2018-10-12,5,10.0,0.0,8.83333,97,30.91,56.76,-43.1337,-43.1337,300.0,0
2018-10-12,6,10.0,0.0,8.5,96,30.855,33.525,-42.4266,-42.4266,300.0,0
2018-10-12,7,10.0,0.0,8.16667,100,37.97,39.46,-42.4266,-42.4266,300.0,0
2018-10-12,8,10.0,0.0,8.0,100,33.015,41.245,-42.4266,-42.4266,300.0,0
2018-10-12,9,10.1667,0.0,8.16667,97,31.38,33.105,-42.4266,-42.4266,300.0,0
2018-10-12,10,10.6667,0.0,9.0,79,31.285,30.77,-36.0626,-36.0626,346.92,0
2018-10-12,11,11.3333,0.0,10.1667,66,29.83,30.965,-38.1839,-38.1839,309.12,0
2018-10-12,12,12.1667,0.0,11.6667,58,30.675,29.65,-41.0124,-41.0124,262.08,0
2018-10-12,13,13.0,0.0,13.6667,54,33.965,28.435,-37.4768,-37.4768,259.418,0
2018-10-12,14,13.8333,0.0,15.6667,55,40.145,29.07,-40.3053,-40.3053,232.615,0
2018-10-12,15,14.3333,0.0,17.3333,53,33.975,33.18,-41.7195,-41.7195,221.571,0
2018-10-12,16,14.1667,0.0,18.3333,57,29.705,31.855,-41.7195,-41.7195,228.48,0
2018-10-12,17,13.6667,0.0,18.6667,67,29.975,31.835,-39.5982,-39.5982,254.88,0
2018-10-12,18,13.0,0.0,18.3333,93,37.265,32.66,-36.7697,-36.7697,292.32,0
2018-10-12,19,12.1667,0.0,17.3333,100,41.13,55.65,-46.9324,-40.9792,257.92,0
2018-10-12,20,11.3333,0.0,16.0,100,32.05,33.565,-45.5645,-34.1993,297.6,0
2018-10-12,21,10.6667,0.0,14.6667,100,33.375,31.685,-44.9038,-28.1266,324.8,0
2018-10-12,22,10.3333,0.0,13.3333,99,54.98,35.12,-45.6573,-23.4681,341.127,0
2018-10-12,23,10.0,0.0,12.3333,93,31.045,26.0,-47.1179,-19.5167,353.455,0
2018-10-13,0,9.66667,0.0,11.5,94,30.995,22.64,-55.4328,-22.9608,311.564,1
2018-10-13,1,9.5,0.0,11.0,95,27.74,25.1,-53.585,-22.1954,324.48,1
2018-10-13,2,9.33333,0.0,10.5,95,30.305,27.51,-52.6612,-21.8128,337.08,1
2018-10-13,3,9.16667,0.0,10.0,96,32.27,27.275,-51.7373,-21.4301,349.92,1
2018-10-13,4,8.83333,0.0,9.5,97,36.215,26.44,-50.8134,-21.0474,363.0,1
2018-10-13,5,8.66667,0.0,9.0,96,33.74,30.91,-48.9656,-20.282,380.8,1
2018-10-13,6,8.66667,0.0,8.66667,95,36.71,30.855,-48.0418,-19.8994,395.2,1
2018-10-13,7,8.66667,0.0,8.16667,100,39.035,37.97,-48.0418,-19.8994,395.2,1
2018-10-13,8,8.66667,0.0,8.0,100,37.255,33.015,-48.0418,-19.8994,395.2,1
2018-10-13,9,8.66667,0.0,8.16667,98,33.435,31.38,-48.0418,-19.8994,395.2,1
2018-10-13,10,9.0,0.0,9.0,82,39.18,31.285,-48.0418,-19.8994,386.4,1
2018-10-13,11,9.5,0.0,10.3333,65,37.435,29.83,-30.6507,-16.8379,356.4,1
2018-10-13,12,9.83333,0.0,12.0,57,35.235,30.675,-12.2597,-13.7765,325.867,1
2018-10-13,13,10.0,0.0,14.0,53,33.165,33.965,7.05524,-10.3324,300.0,1
2018-10-13,14,10.0,0.0,16.0,55,43.14,40.145,33.6851,-3.44412,340.267,1
2018-10-13,15,10.0,0.0,17.6667,54,54.46,33.975,51.0,0.0,346.92,1
2018-10-13,16,9.83333,0.0,18.6667,59,52.73,29.705,42.6851,-3.44412,300.0,1
2018-10-13,17,9.5,0.0,18.8333,66,43.425,29.975,24.3702,-6.88824,323.345,1
2018-10-13,18,9.16667,0.0,18.3333,100,51.755,37.265,5.05524,-10.3324,347.564,1
2018-10-13,19,9.0,0.0,17.3333,100,75.97,41.13,-14.2597,-13.7765,363.0,1
2018-10-13,20,9.0,0.0,16.0,100,48.41,32.05,-32.5746,-17.2206,366.667,1
2018-10-13,21,9.0,0.0,14.5,100,47.19,33.375,-49.8895,-20.6647,366.667,1
2018-10-13,22,9.0,0.0,13.0,100,50.08,54.98,-49.8895,-20.6647,366.667,1
2018-10-13,23,9.0,0.0,11.8333,94,42.225,31.045,-49.8895,-20.6647,366.667,1
2018-10-14,0,8.83333,0.0,11.0,94,41.37,30.995,-49.8895,-20.6647,366.667,1
2018-10-14,1,8.66667,0.0,10.3333,94,34.905,27.74,-48.9656,-20.282,380.8,1
2018-10-14,2,8.5,0.0,9.83333,95,38.12,30.305,-48.0418,-19.8994,395.2,1
2018-10-14,3,8.5,0.0,9.33333,97,38.57,32.27,-47.1179,-19.5167,409.867,1
2018-10-14,4,8.5,0.0,9.0,91,39.265,36.215,-47.1179,-19.5167,409.867,1
2018-10-14,5,8.5,0.0,8.66667,98,30.95,33.74,-45.167,-22.4366,409.867,1
2018-10-14,6,8.66667,0.0,8.33333,100,33.605,36.71,-43.216,-25.3564,401.85,1
2018-10-14,7,9.0,0.0,8.0,100,33.535,39.035,-42.189,-28.659,386.4,1
2018-10-14,8,9.33333,0.0,7.83333,100,37.89,37.255,-41.869,-32.6686,356.4,1
2018-10-14,9,9.66667,0.0,8.16667,100,39.085,33.435,-41.5491,-36.6783,339.2,1
2018-10-14,10,10.3333,0.0,9.0,80,30.395,39.18,-41.0124,-41.0124,312.8,1
2018-10-14,11,11.3333,0.0,10.1667,63,26.655,37.435,-37.4768,-37.4768,313.6,1
2018-10-14,12,12.6667,0.0,11.6667,52,25.815,35.235,-44.971,-36.853,250.92,1
2018-10-14,13,13.8333,0.0,13.5,45,24.22,33.165,-46.5348,-29.2164,228.0,1
2018-10-14,14,15.1667,0.0,15.3333,44,22.9,43.14,-54.4625,-27.9438,188.308,1
2018-10-14,15,16.1667,0.0,16.8333,44,27.92,54.46,-48.0418,-19.8994,224.824,1
2018-10-14,16,16.3333,0.0,17.6667,47,24.285,52.73,-48.0418,-19.8994,224.824,1
2018-10-14,17,16.0,0.0,17.6667,56,25.005,43.425,-60.9761,-25.2569,187.2,1
2018-10-14,18,15.1667,0.0,17.1667,77,25.265,51.755,-57.2806,-23.7262,224.0,1
2018-10-14,19,14.3333,0.0,16.1667,86,29.21,75.97,-51.7373,-21.4301,266.965,1
2018-10-14,20,13.3333,0.0,14.8333,83,25.94,48.41,-47.1179,-19.5167,297.0,1
2018-10-14,21,12.3333,0.0,13.3333,81,26.39,47.19,-58.2044,-24.1088,249.171,1
2018-10-14,22,11.8333,0.0,11.8333,81,27.97,50.08,-55.4328,-22.9608,269.077,1
2018-10-14,23,11.5,0.0,10.8333,74,22.195,42.225,-53.585,-22.1954,280.8,1
2018-10-15,0,11.3333,0.0,9.83333,74,22.28,41.37,-52.6612,-21.8128,291.5,0
2018-10-15,1,11.1667,0.0,9.16667,75,22.05,34.905,-51.7373,-21.4301,302.4,0
2018-10-15,2,10.8333,0.0,8.5,76,22.04,38.12,-50.8134,-21.0474,305.455,0
2018-10-15,3,10.6667,0.0,8.0,74,21.52,38.57,-49.8895,-20.6647,317.127,0
2018-10-15,4,10.5,0.0,7.66667,75,22.33,39.265,-48.9656,-20.282,329.018,0
2018-10-15,5,10.3333,0.0,7.16667,76,36.57,30.95,-48.0418,-19.8994,341.127,0
2018-10-15,6,10.1667,0.0,6.83333,76,31.84,33.605,-47.1179,-19.5167,353.455,0
2018-10-15,7,10.0,0.0,6.33333,90,33.805,33.535,-56.3567,-23.3435,300.0,0
2018-10-15,8,10.0,0.0,6.16667,90,34.775,37.89,-55.4328,-22.9608,300.0,0
2018-10-15,9,10.0,0.0,6.33333,79,42.935,39.085,-55.4328,-22.9608,300.0,0
2018-10-15,10,10.1667,0.0,6.83333,72,32.57,30.395,-55.4328,-22.9608,300.0,0
2018-10-15,11,10.5,0.0,8.16667,58,30.665,26.655,-47.1179,-19.5167,346.92,0
2018-10-15,12,11.0,0.0,9.83333,51,26.755,25.815,-48.9656,-20.282,321.48,0
2018-10-15,13,11.5,0.0,12.0,47,31.37,24.22,-51.7373,-21.4301,285.12,0
2018-10-15,14,12.1667,0.0,14.1667,47,38.88,22.9,-54.5089,-22.5781,250.92,0
2018-10-15,15,12.6667,0.0,16.0,48,47.19,27.92,-48.0418,-19.8994,276.0,0
2018-10-15,16,12.8333,0.0,17.1667,53,26.13,24.285,-48.9656,-20.282,271.385,0
2018-10-15,17,12.6667,0.0,17.5,63,40.97,25.005,-48.0418,-19.8994,281.538,0
2018-10-15,18,12.1667,0.0,17.1667,72,42.57,25.265,-58.2044,-24.1088,240.0,0
2018-10-15,19,11.8333,0.0,16.0,84,37.79,29.21,-55.4328,-22.9608,277.714,0
2018-10-15,20,11.3333,0.0,14.5,86,44.945,25.94,-52.6612,-21.8128,299.815,0
2018-10-15,21,10.8333,0.0,13.0,87,44.14,26.39,-50.8134,-21.0474,313.5,0
2018-10-15,22,10.5,0.0,11.5,92,42.11,27.97,-48.9656,-20.282,329.018,0
2018-10-15,23,10.1667,0.0,10.1667,91,33.025,22.195,-48.0418,-19.8994,334.08,0
2018-10-16,0,10.0,0.0,9.16667,90,30.25,22.28,-47.1179,-19.5167,353.455,0
2018-10-16,1,9.66667,0.0,8.5,92,25.865,22.05,-55.4328,-22.9608,311.564,0
2018-10-16,2,9.16667,0.0,7.83333,94,29.93,22.04,-53.585,-22.1954,335.345,0
2018-10-16,3,8.83333,0.0,7.33333,90,32.465,21.52,-50.8134,-21.0474,363.0,0
2018-10-16,4,8.33333,0.0,7.0,91,42.85,22.33,-48.9656,-20.282,389.88,0
2018-10-16,5,8.0,0.0,6.66667,92,40.77,36.57,-55.4328,-22.9608,360.0,0
2018-10-16,6,7.66667,0.0,6.16667,91,42.395,31.84,-52.6612,-21.8128,388.267,0
2018-10-16,7,7.33333,0.0,5.66667,100,40.325,33.805,-50.8134,-21.0474,417.6,0
2018-10-16,8,7.16667,0.0,5.66667,100,45.645,34.775,-48.9656,-20.282,448.0,0
2018-10-16,9,7.0,0.0,5.83333,92,42.55,42.935,-47.1179,-19.5167,470.25,0
2018-10-16,10,7.33333,0.0,6.5,79,43.015,32.57,-53.585,-22.1954,420.0,0
2018-10-16,11,7.83333,0.0,7.66667,65,44.845,30.665,-47.1179,-19.5167,460.8,0
2018-10-16,12,8.33333,0.0,9.33333,55,40.28,26.755,-49.8895,-20.6647,408.857,0
2018-10-16,13,8.83333,0.0,11.5,49,43.67,31.37,-52.6612,-21.8128,360.0,0
2018-10-16,14,9.16667,0.0,13.5,51,55.47,38.88,-48.9656,-20.282,361.029,0
2018-10-16,15,9.5,0.0,15.3333,51,58.37,47.19,-50.8134,-21.0474,329.829,0
2018-10-16,16,9.33333,0.0,16.6667,57,62.87,26.13,-52.6612,-21.8128,325.867,0
2018-10-16,17,8.83333,0.0,17.0,65,74.475,40.97,-51.7373,-21.4301,349.92,0
2018-10-16,18,8.33333,0.0,16.6667,74,79.485,42.57,-48.9656,-20.282,389.88,0
2018-10-16,19,7.83333,0.0,15.6667,85,81.805,37.79,-55.4328,-22.9608,360.0,0
2018-10-16,20,7.5,0.0,14.1667,97,70.98,44.945,-52.6612,-21.8128,400.68,0
2018-10-16,21,7.16667,0.0,12.3333,99,74.545,44.14,-49.8895,-20.6647,432.667,0
2018-10-16,22,6.83333,0.0,10.5,96,66.98,42.11,-48.0418,-19.8994,463.6,0
2018-10-16,23,6.66667,0.0,9.16667,94,47.7,33.025,-53.585,-22.1954,435.2,0
2018-10-17,0,6.5,0.0,8.0,97,40.24,30.25,-50.8134,-21.0474,469.05,0
2018-10-17,1,6.33333,0.0,7.16667,99,42.22,25.865,-48.9656,-20.282,490.629,0
2018-10-17,2,6.16667,0.0,6.5,99,48.39,29.93,-48.0418,-19.8994,509.143,0
2018-10-17,3,6.0,0.0,6.16667,96,43.1,32.465,-47.1179,-19.5167,528.0,0
2018-10-17,4,6.0,0.0,5.83333,98,62.53,42.85,-52.6612,-21.8128,480.0,0
2018-10-17,5,6.0,0.0,5.5,96,65.96,40.77,-51.7373,-21.4301,498.343,0
2018-10-17,6,6.0,0.0,5.33333,100,49.97,42.395,-50.8134,-21.0474,517.029,0
2018-10-17,7,6.0,0.0,5.0,100,51.04,40.325,-49.8895,-20.6647,520.0,0
2018-10-17,8,6.0,0.0,5.16667,100,50.435,45.645,-49.8895,-20.6647,520.0,0
2018-10-17,9,6.0,0.0,5.5,100,40.865,42.55,-49.8895,-20.6647,520.0,0
2018-10-17,10,6.16667,0.0,6.5,83,40.75,43.015,-49.8895,-20.6647,520.0,0
2018-10-17,11,6.5,0.0,8.0,65,41.48,44.845,-50.8134,-21.0474,499.8,0
2018-10-17,12,6.83333,0.0,10.0,51,38.645,40.28,-47.1179,-19.5167,517.0,0
2018-10-17,13,7.16667,0.0,12.5,45,46.585,43.67,-48.9656,-20.282,477.0,0
2018-10-17,14,7.5,0.0,14.8333,47,54.17,55.47,-50.8134,-21.0474,438.6,0
2018-10-17,15,7.83333,0.0,16.6667,51,59.92,58.37,-47.1179,-19.5167,451.0,0
2018-10-17,16,8.0,0.0,17.8333,60,62.395,62.87,-47.2315,-22.8775,413.4,0
2018-10-17,17,7.83333,0.0,18.1667,73,65.265,74.475,-47.3451,-26.2383,392.229,0
2018-10-17,18,7.66667,0.0,17.6667,80,78.95,79.485,-45.8277,-28.5093,405.45,0
2018-10-17,19,7.5,0.0,16.5,92,80.92,81.805,-43.3864,-30.3976,421.2,0
2018-10-17,20,7.33333,0.0,14.6667,100,62.005,70.98,-40.9451,-32.2859,437.25,0
2018-10-17,21,7.16667,0.0,12.8333,100,49.145,74.545,-38.5039,-34.1743,453.6,0
2018-10-17,22,6.83333,0.0,11.1667,96,51.3,66.98,-36.0626,-36.0626,470.25,0
2018-10-17,23,6.66667,0.0,9.83333,92,44.86,47.7,-40.3053,-40.3053,436.05,0
2018-10-18,0,6.5,0.0,8.83333,93,35.165,40.24,-38.891,-38.891,469.05,0
2018-10-18,1,6.5,0.0,8.0,93,35.31,42.22,-37.4768,-37.4768,490.629,0
2018-10-18,2,6.5,0.0,7.66667,91,42.23,48.39,-37.4768,-37.4768,490.629,0
2018-10-18,3,6.5,0.0,7.5,91,41.34,43.1,-37.4768,-37.4768,490.629,0
2018-10-18,4,6.5,0.0,7.16667,93,43.06,62.53,-37.4768,-37.4768,490.629,0
2018-10-18,5,6.5,0.0,6.83333,92,63.95,65.96,-36.7697,-36.7697,509.143,0
2018-10-18,6,6.5,0.0,6.33333,100,54.29,49.97,-36.0626,-36.0626,517.0,0
2018-10-18,8,6.16667,0.0,5.66667,100,64.88,50.435,-37.3632,-34.116,517.0,0
2018-10-18,9,6.16667,0.0,5.83333,100,57.205,40.865,-38.6638,-32.1694,528.0,0
2018-10-18,10,6.33333,0.0,6.66667,83,52.89,40.75,-40.1812,-29.8984,528.0,0
2018-10-18,11,6.66667,0.0,8.16667,65,50.25,41.48,-28.2315,-24.9487,528.0,0
2018-10-18,12,7.0,0.0,10.1667,54,52.735,38.645,-30.6727,-16.9375,496.8,0
2018-10-18,13,7.33333,0.0,12.5,48,52.39,46.585,-33.8211,-9.63336,457.6,0
2018-10-18,14,7.5,0.0,14.6667,49,67.125,54.17,-36.9695,-2.32926,420.0,0
2018-10-18,15,7.5,0.0,16.5,48,72.765,59.92,-32.1333,9.15925,451.0,0
2018-10-18,16,7.33333,0.0,17.6667,54,67.895,62.395,-31.5398,16.4051,443.143,0
2018-10-18,17,6.83333,0.0,17.6667,74,94.11,65.265,-27.3687,24.6271,460.8,0
2018-10-18,18,6.16667,0.0,17.1667,81,88.06,78.95,-27.3687,29.6271,437.143,0
2018-10-18,19,5.5,0.0,16.1667,88,83.08,80.92,-34.3687,33.6271,503.25,0
2018-10-18,20,5.0,0.0,14.6667,98,73.415,62.005,-34.3687,37.6271,497.25,0
2018-10-18,21,4.5,0.0,12.8333,100,79.52,49.145,-24.1493,38.2612,569.25,0
2018-10-18,22,4.33333,0.0,11.0,100,94.13,51.3,-21.3208,41.9567,558.45,0
2018-10-18,23,4.33333,0.0,9.66667,100,94.13,44.86,-10.3942,43.5147,615.6,0
2018-10-19,0,4.66667,0.0,8.66667,98,89.44,35.165,0.53236,43.9888,662.4,0
2018-10-19,1,5.0,0.0,8.0,94,84.23,35.31,4.77502,48.2315,600.0,0
2018-10-19,2,5.33333,0.0,7.66667,99,60.21,42.23,13.9675,47.5244,620.743,0
2018-10-19,3,5.83333,0.0,7.66667,99,54.32,41.34,24.4605,44.8707,622.2,0
2018-10-19,4,6.16667,0.0,7.66667,100,42.5,43.06,33.2237,37.0061,620.1,0
2018-10-19,5,6.5,0.0,7.66667,100,38.0,63.95,40.2237,33.0061,540.0,0
2018-10-19,6,6.66667,0.0,7.33333,100,45.4,54.29,44.3953,25.3106,504.9,0
2018-10-19,8,7.0,0.0,7.0,100,38.435,64.88,48.4958,13.4602,477.0,0
2018-10-19,9,7.16667,0.0,7.16667,100,32.185,57.205,51.2531,9.2175,457.6,0
2018-10-19,10,7.66667,0.0,7.83333,87,40.95,52.89,55.0104,4.97484,420.0,0
2018-10-19,11,8.16667,0.0,8.83333,78,47.08,50.25,53.0,0.0,425.829,0
2018-10-19,12,8.83333,0.0,10.1667,70,43.34,52.735,46.0,10.0,375.943,0
2018-10-19,13,9.5,0.0,11.5,65,42.75,52.39,43.0,10.0,361.029,0
2018-10-19,14,10.1667,0.0,13.0,64,49.48,67.125,47.0,10.0,300.0,0
2018-10-19,15,10.6667,0.0,14.1667,63,62.72,72.765,43.0,10.0,321.48,0
2018-10-19,16,10.6667,0.0,14.8333,67,57.435,67.895,44.0,10.0,309.12,0
2018-10-19,17,10.6667,0.0,14.8333,75,63.395,94.11,54.0,0.0,317.127,0
2018-10-19,18,10.3333,0.0,14.5,78,67.255,88.06,53.0,0.0,329.018,0
2018-10-19,19,10.0,0.0,13.8333,84,77.815,83.08,51.0,0.0,353.455,0
2018-10-19,20,9.66667,0.0,12.8333,85,83.42,73.415,60.0,0.0,311.564,0
2018-10-19,21,9.16667,0.0,11.6667,87,65.165,79.52,57.3149,-3.44412,335.345,0
2018-10-19,22,8.66667,0.0,10.5,93,62.61,94.13,53.706,-6.50556,363.0,0
2018-10-19,23,8.16667,0.0,9.5,97,47.65,94.13,50.1731,-9.18432,403.68,0
2018-10-20,0,7.83333,0.0,8.66667,97,35.13,89.44,56.6403,-11.8631,373.32,1
2018-10-20,1,7.5,0.0,8.0,94,23.1,84.23,53.1074,-14.5418,402.8,1
2018-10-20,2,7.16667,0.0,7.33333,92,26.38,60.21,51.1074,-14.5418,432.667,1
2018-10-20,3,7.0,0.0,6.66667,100,24.17,54.32,49.1074,-14.5418,463.6,1
2018-10-20,4,7.0,0.0,6.0,100,12.265,42.5,55.5746,-11.8631,420.0,1
2018-10-20,5,7.0,0.0,5.5,100,16.925,38.0,53.7268,-5.7402,436.05,1
2018-10-20,6,7.0,0.0,4.83333,100,18.785,45.4,52.803,0.0,437.143,1
2018-10-20,7,7.0,0.0,4.0,100,28.205,40.8,52.803,5.35752,437.143,1
2018-10-20,8,7.0,0.0,3.5,100,10.14,38.435,52.803,10.715,437.143,1
2018-10-20,9,7.0,0.0,3.5,98,17.16,32.185,52.803,16.0726,437.143,1
2018-10-20,10,7.0,0.0,4.0,67,13.5,40.95,50.7527,21.0223,437.143,1
2018-10-20,11,7.0,0.0,4.83333,56,20.6,47.08,48.7025,25.9721,437.143,1
2018-10-20,12,7.33333,0.23,6.0,50,15.79,43.34,47.1851,28.2431,437.143,1
2018-10-20,13,7.83333,0.23,7.5,45,37.855,42.75,40.6148,29.2496,460.8,1
2018-10-20,14,8.33333,0.23,9.0,45,41.03,49.48,41.2187,33.6419,408.857,1
2018-10-20,15,8.83333,0.23,10.1667,46,52.305,62.72,41.8227,38.0343,360.0,1
2018-10-20,16,9.0,0.23,10.8333,48,47.83,57.435,37.4768,37.4768,361.029,1
2018-10-20,17,9.0,0.23,11.0,62,51.505,63.395,38.1839,38.1839,345.257,1
2018-10-20,18,8.66667,0.23,11.0,66,41.645,67.255,39.7013,35.9129,366.667,1
2018-10-20,19,8.16667,1.42,10.5,73,31.38,77.815,39.8045,32.2277,403.68,1
2018-10-20,20,7.66667,1.42,9.66667,76,61.08,83.42,46.8045,32.2277,373.32,1
2018-10-20,21,7.16667,1.42,8.83333,74,44.855,65.165,46.7334,25.1566,414.72,1
2018-10-20,22,6.83333,1.42,8.0,76,51.88,62.61,46.6623,18.0855,458.28,1
2018-10-20,23,6.66667,1.42,7.0,81,38.12,47.65,52.6623,18.0855,434.52,1
2018-10-21,0,6.66667,1.19,5.83333,86,28.965,35.13,51.5912,11.0144,469.05,1
2018-10-21,1,6.66667,0.0,5.0,85,21.4,23.1,52.9343,5.35752,472.457,1
2018-10-21,2,6.5,0.0,4.33333,94,31.32,26.38,52.9343,5.35752,472.457,1
2018-10-21,3,6.5,0.0,3.83333,84,22.85,24.17,52.0104,4.97484,490.629,1
2018-10-21,4,6.66667,0.0,3.5,87,15.565,12.265,51.4776,7.6536,490.629,1
2018-10-21,5,6.66667,0.0,3.33333,88,35.4,16.925,51.4776,7.6536,490.629,1
2018-10-21,6,6.5,0.0,3.33333,86,18.72,18.785,50.4776,7.6536,496.8,1
2018-10-21,7,6.33333,0.0,3.33333,97,15.98,28.205,50.4776,7.6536,496.8,1
2018-10-21,8,6.33333,0.0,3.33333,100,12.365,10.14,50.4776,7.6536,509.143,1
2018-10-21,9,6.33333,0.0,3.5,92,24.98,17.16,49.4776,7.6536,528.0,1
2018-10-21,10,6.33333,0.0,4.16667,76,24.94,13.5,50.0104,4.97484,517.0,1
2018-10-21,11,6.5,0.0,5.33333,70,8.98,20.6,51.4672,2.67876,509.143,1
2018-10-21,12,6.83333,0.0,6.66667,61,8.845,15.79,51.4672,2.67876,509.143,1
2018-10-21,13,7.16667,0.0,8.16667,54,15.0,37.855,51.8582,5.7402,477.0,1
2018-10-21,14,7.5,0.0,9.66667,51,61.475,41.03,51.5151,11.3971,438.6,1
2018-10-21,15,7.5,0.0,10.8333,49,32.59,52.305,45.172,17.054,451.0,1
2018-10-21,16,7.5,0.0,11.3333,52,34.24,47.83,44.1217,22.0037,443.143,1
2018-10-21,17,7.33333,0.0,11.1667,62,43.265,51.505,42.0715,26.9535,443.143,1
2018-10-21,18,6.83333,0.0,10.6667,80,51.42,41.645,39.3142,31.1962,460.8,1
2018-10-21,19,6.33333,0.0,9.83333,85,36.99,31.38,42.8497,35.8156,437.143,1
2018-10-21,20,5.66667,0.0,8.83333,88,54.905,61.08,39.9181,37.7562,486.0,1
2018-10-21,21,5.33333,0.0,7.66667,90,45.58,44.855,39.9181,41.7562,480.0,1
2018-10-21,22,5.33333,0.0,6.5,90,61.64,51.88,30.6137,43.3142,532.65,1
2018-10-21,23,5.5,0.0,5.83333,77,46.67,38.12,20.007,42.607,550.8,1
2018-10-22,0,5.83333,0.0,5.5,73,15.33,28.965,9.40036,41.8999,555.429,0
2018-10-22,1,6.16667,0.0,5.0,80,20.37,21.4,-0.49918,41.8999,555.429,0
2018-10-22,2,6.66667,0.0,4.66667,86,16.075,31.32,-10.3987,41.8999,540.6,0
2018-10-22,3,7.16667,0.0,4.5,82,21.93,22.85,-19.5912,42.607,501.84,0
2018-10-22,4,7.33333,0.0,4.5,84,28.995,15.565,-32.3191,39.0251,468.0,0
2018-10-22,5,7.66667,0.0,4.33333,86,25.335,35.4,-36.0626,36.0626,460.8,0
2018-10-22,6,8.0,0.0,4.0,89,23.28,18.72,-37.4768,37.4768,425.829,0
2018-10-22,7,8.33333,0.0,3.83333,97,15.735,15.98,-38.891,38.891,392.229,0
2018-10-22,8,8.66667,0.0,3.66667,100,20.57,12.365,-40.3053,40.3053,360.0,0
2018-10-22,9,9.0,0.0,3.83333,95,32.05,24.98,-36.7697,36.7697,386.4,0
2018-10-22,10,9.83333,0.0,4.16667,80,26.805,24.94,-38.1839,38.1839,356.4,0
2018-10-22,11,11.0,0.0,4.83333,68,25.425,8.98,-37.5019,44.5375,300.0,0
2018-10-22,12,12.3333,0.0,5.83333,60,23.05,8.845,-30.8968,46.5916,263.467,0
2018-10-22,13,13.8333,0.0,7.16667,56,26.445,15.0,-24.6744,49.5696,220.32,0
2018-10-22,14,15.5,0.0,8.66667,57,30.74,61.475,-19.5167,47.1179,229.125,0
2018-10-22,15,16.8333,0.51,9.83333,54,39.49,32.59,-20.6647,49.8895,209.012,0
2018-10-22,16,17.5,0.51,10.6667,58,31.69,34.24,-21.0474,50.8134,205.8,0
2018-10-22,17,17.3333,1.02,11.0,73,26.335,43.265,-20.6647,49.8895,217.579,0
2018-10-22,18,16.8333,1.02,10.8333,78,22.835,51.42,-20.6647,64.8895,180.0,0
2018-10-22,19,16.1667,1.27,10.5,82,20.205,36.99,-13.3938,61.3358,208.8,0
2018-10-22,20,15.3333,1.27,10.0,84,19.705,54.905,3.39398,57.6403,233.365,0
2018-10-22,21,14.3333,0.76,9.33333,86,18.12,45.58,19.7991,51.8339,245.92,0
2018-10-22,22,13.1667,0.76,8.66667,89,35.77,61.64,28.2844,45.3192,267.429,0
2018-10-22,23,12.1667,0.25,8.0,89,31.65,46.67,35.3555,52.3903,240.0,0
2018-10-23,0,11.3333,0.25,7.5,87,26.04,15.33,41.7195,44.7543,287.571,0
2018-10-23,1,10.5,0.0,6.83333,85,11.285,20.37,38.1839,40.1349,339.429,0
2018-10-23,2,9.66667,0.0,6.16667,84,12.8,16.075,44.5479,48.4498,310.371,0
2018-10-23,3,9.33333,0.0,5.5,84,8.2,21.93,34.6484,47.5503,345.6,0
2018-10-23,4,9.33333,0.0,5.0,81,8.765,28.995,26.1631,49.0649,349.92,0
2018-10-23,5,9.66667,0.0,4.66667,79,11.94,25.335,19.092,51.9938,339.2,0
2018-10-23,6,10.0,0.0,4.33333,77,10.88,23.28,12.728,56.6298,312.8,0
2018-10-23,7,10.8333,0.84,4.16667,76,7.625,15.735,0.0,51.0,340.267,0
2018-10-23,8,12.1667,0.84,4.0,75,8.685,20.57,-5.35752,54.9343,285.12,0
2018-10-23,9,13.8333,0.84,4.16667,75,8.205,32.05,6.66335,50.6403,259.418,0
2018-10-23,10,16.0,2.54,4.16667,75,17.03,26.805,6.66335,48.6403,221.4,0
2018-10-23,11,18.5,4.24,4.33333,75,12.015,25.425,12.0209,58.706,164.965,0
2018-10-23,12,21.3333,4.24,4.5,75,12.995,23.05,0.0,69.0,125.46,0
2018-10-23,13,24.8333,3.4,4.66667,77,11.335,26.445,-10.715,51.8686,159.508,0
2018-10-23,14,28.1667,4.54,4.83333,77,9.675,30.74,-24.1088,58.2044,119.786,0
2018-10-23,15,32.0,5.68,4.83333,75,9.065,39.49,-27.553,66.5194,103.68,0
2018-10-23,16,37.0,5.12,5.16667,73,11.74,31.69,-30.6144,73.9104,81.3405,0
2018-10-23,17,41.8333,4.56,5.0,76,7.635,26.335,-37.4768,37.4768,113.208,0
2018-10-23,18,45.6667,4.56,4.83333,77,11.92,22.835,-38.891,38.891,109.091,0
2018-10-23,19,47.6667,5.17,4.66667,77,11.25,20.205,-36.0626,36.0626,117.647,0
2018-10-23,20,49.0,4.03,4.5,77,5.225,19.705,-69.2968,69.2968,67.3412,0
2018-10-23,21,48.8333,2.89,4.33333,78,6.5,18.12,-65.0541,65.0541,73.0213,0
2018-10-23,22,46.3333,2.36,4.0,79,4.91,35.77,-61.5186,61.5186,81.9733,0
2018-10-23,23,43.3333,1.22,4.5,69,5.89,31.65,-56.5688,56.5688,95.6571,0
2018-10-24,0,40.5,1.22,5.0,74,2.28,26.04,-53.0332,53.0332,101.463,0
2018-10-24,1,37.5,0.61,5.5,71,1.21,11.285,-50.2048,50.2048,113.449,0
2018-10-24,2,34.5,1.4,5.83333,71,0.99,12.8,-35.1395,50.8343,137.824,0
2018-10-24,3,31.8333,1.4,6.16667,73,0.33,8.2,-11.0977,53.7925,157.076,0
2018-10-24,4,29.8333,0.79,6.5,73,2.17,8.765,0.0,53.0,167.733,0
2018-10-24,5,28.3333,1.58,6.0,78,1.935,11.94,18.3849,50.0209,170.769,0
2018-10-24,6,27.8333,1.58,5.5,79,3.03,10.88,38.1839,43.82,159.508,0
2018-10-24,7,28.8333,2.39,5.0,79,4.925,7.625,41.7195,41.7195,138.986,0
2018-10-24,8,30.8333,2.41,4.83333,76,1.47,8.685,46.6693,46.6693,115.742,0
2018-10-24,9,33.6667,3.22,4.66667,73,1.805,8.205,52.3261,52.3261,96.2057,0
2018-10-24,10,37.1667,4.34,4.5,72,3.26,17.03,57.983,57.983,80.6769,0
2018-10-24,11,40.8333,3.55,4.66667,73,7.405,12.015,63.6399,63.6399,68.0372,0
2018-10-24,12,44.5,4.57,5.0,71,10.52,12.995,68.5897,68.5897,60.0,0
2018-10-24,13,48.0,4.78,5.33333,72,9.515,11.335,37.4768,37.4768,113.208,0
2018-10-24,14,50.0,3.97,5.5,73,9.255,9.675,39.5982,39.5982,107.143,0
2018-10-24,15,51.0,4.18,5.83333,72,0.79,9.065,47.1179,19.5167,117.647,0
2018-10-24,16,50.3333,3.06,6.16667,70,7.09,11.74,81.7663,54.1651,62.4,0
2018-10-24,17,48.5,3.06,6.16667,72,5.4,7.635,65.0541,65.0541,78.1714,0
2018-10-24,18,45.5,3.06,6.0,70,4.225,11.92,57.983,57.983,91.9256,0
2018-10-24,19,41.1667,2.52,5.83333,72,3.925,11.25,52.3261,52.3261,108.0,0
2018-10-24,20,37.6667,3.0,5.66667,70,2.55,5.225,45.9622,45.9622,132.0,0
2018-10-24,21,34.0,1.98,5.33333,68,3.755,6.5,48.9297,32.6937,140.0,0
2018-10-24,22,31.0,1.98,5.0,66,0.7,4.91,52.6612,21.8128,154.76,0
2018-10-24,23,28.3333,1.98,5.0,63,1.01,5.89,48.0418,19.8994,173.333,0
2018-10-25,0,26.0,0.96,5.0,62,7.0,2.28,69.291,28.701,129.422,0
2018-10-25,1,24.0,0.48,4.83333,61,3.78,1.21,63.7477,26.4049,150.528,0
2018-10-25,2,21.6667,0.0,4.66667,60,2.715,0.99,53.3787,29.5659,181.409,0
2018-10-25,3,19.6667,0.0,4.5,61,4.535,0.33,43.4432,32.078,218.743,0
2018-10-25,4,17.8333,0.0,4.16667,61,5.96,2.17,54.0499,42.6847,186.514,0
2018-10-25,5,16.3333,0.0,3.83333,61,9.525,1.935,44.5479,47.5827,216.333,0
2018-10-25,6,15.0,0.0,3.5,61,11.955,3.03,41.7195,47.789,235.125,0
2018-10-25,7,14.1667,0.0,3.33333,62,13.0,4.925,30.4057,49.4753,254.88,0
2018-10-25,8,13.6667,0.97,3.16667,62,16.065,1.47,19.7991,51.8686,267.429,0
2018-10-25,9,13.5,1.94,3.0,68,15.655,1.805,4.9247,50.9448,277.114,0
2018-10-25,10,13.8333,1.94,3.16667,75,15.545,3.26,-10.3324,50.9448,271.385,0
2018-10-25,11,14.5,2.91,3.33333,79,23.415,7.405,-21.6461,49.2585,242.031,0
2018-10-25,12,15.1667,3.88,3.66667,84,22.34,10.52,-34.3741,48.9865,196.8,0
2018-10-25,13,15.5,4.62,4.0,89,6.815,9.515,-36.0626,36.0626,229.125,0
2018-10-25,14,15.6667,4.39,4.5,91,17.685,9.255,-41.8028,49.9208,180.0,0
2018-10-25,15,16.0,4.16,5.16667,84,18.44,0.79,-35.8466,51.5414,208.8,0
2018-10-25,16,16.3333,4.16,5.83333,75,14.25,7.09,-23.1186,54.8134,217.412,0
2018-10-25,17,16.6667,3.19,6.5,80,12.53,5.4,1.63026,59.4224,195.52,0
2018-10-25,18,17.0,2.22,7.0,85,12.78,4.225,26.8702,51.1074,204.6,0
2018-10-25,19,17.5,1.96,7.33333,83,14.15,3.925,40.3053,52.6612,191.133,0
2018-10-25,20,18.0,1.22,7.5,83,11.205,2.55,40.3053,52.6612,200.34,0
2018-10-25,21,18.0,0.48,7.5,82,8.305,3.755,38.1839,49.8895,217.579,0
2018-10-25,22,17.5,0.48,7.16667,80,11.9,0.7,36.0626,47.1179,236.733,0
2018-10-25,23,16.5,0.96,6.83333,77,10.04,1.01,46.6693,60.9761,194.133,0
