data,timeofday,windspeed6,opady6,temp6,rhumid,index_avg,prev_index_avg,wind_dir_ns,wind_dir_ew,dispel50,is_weekend
2017-11-01,1,5.5,0.0,1.83333,86,72.01,15.9414,-14.3088,43.915,444.6,1
2017-11-01,2,5.16667,0.0,1.83333,82,35.9241,14.319,-15.0742,42.0672,480.0,1
2017-11-01,3,4.33333,0.0,2.16667,79,20.4339,14.56,-18.8759,18.3458,555.429,1
2017-11-01,4,4.16667,0.0,2.66667,80,16.7774,16.0155,-21.7044,15.5174,566.4,1
2017-11-01,5,4.33333,0.0,3.16667,81,17.9496,14.0614,-23.8257,13.3961,586.029,1
2017-11-01,6,5.5,0.0,3.5,82,17.9317,16.2495,-26.1218,4.93934,649.6,1
2017-11-01,7,6.33333,0.0,3.83333,86,22.9452,16.4379,-26.8871,6.7871,612.0,1
2017-11-01,8,6.0,0.0,4.0,77,27.5935,22.7571,-28.3928,3.42195,566.1,1
2017-11-01,9,6.5,0.0,4.16667,73,26.5117,14.4908,-27.4777,5.21291,563.04,1
2017-11-01,10,7.83333,0.0,4.83333,58,23.5952,11.5484,-28.9834,18.4776,480.0,1
2017-11-01,11,8.66667,0.0,5.66667,56,20.2861,10.1984,-27.4777,35.4378,420.0,1
2017-11-01,12,8.66667,0.0,6.5,51,23.2813,11.434,-24.4414,45.007,411.927,1
2017-11-01,13,9.33333,0.0,7.5,47,25.1965,14.2523,-28.0101,42.6225,377.143,1
2017-11-01,14,10.1667,0.0,8.33333,53,24.6474,19.9854,-28.9251,40.8316,326.4,1
2017-11-01,15,10.3333,0.0,8.83333,57,26.9478,31.3308,-31.0465,42.9529,317.127,1
2017-11-01,16,9.66667,0.0,8.83333,64,32.1087,54.3828,-32.4939,38.4471,353.455,1
2017-11-01,17,9.5,0.0,8.5,68,46.3159,56.084,-35.1726,44.9142,335.345,1
2017-11-01,18,9.16667,0.0,8.16667,70,46.5536,53.9168,-34.79,43.9904,347.564,1
2017-11-01,19,8.66667,0.0,7.5,70,46.7432,63.4395,-33.3757,42.5761,372.655,1
2017-11-01,20,8.66667,0.0,7.0,72,44.7657,80.755,-32.9886,37.8594,403.68,1
2017-11-01,21,9.0,0.0,6.83333,67,35.8627,87.7439,-32.9886,37.8594,386.4,1
2017-11-02,0,10.0,0.0,6.5,70,11.07,64.14,-39.211,34.8814,305.25,0
2017-11-02,1,9.83333,0.0,6.66667,77,15.6022,72.01,-36.7697,36.7697,334.08,0
2017-11-02,2,9.66667,0.0,6.66667,76,14.6574,35.9241,-39.4485,43.2369,312.12,0
2017-11-02,3,9.5,0.0,6.66667,77,16.4718,20.4339,-35.8215,44.4807,324.48,0
2017-11-02,4,8.66667,0.0,6.5,87,19.7339,16.7774,-35.1144,43.7736,357.5,0
2017-11-02,5,8.83333,0.0,6.66667,75,19.1978,17.9496,-29.3078,41.7554,427.938,0
2017-11-02,6,8.66667,0.0,7.0,77,19.9809,17.9317,-30.0149,42.4625,361.029,0
2017-11-02,7,8.66667,0.0,7.16667,73,29.9754,22.9452,-30.6084,35.2167,377.143,0
2017-11-02,8,8.83333,0.0,7.66667,68,28.1162,27.5935,-32.8795,23.7998,395.2,0
2017-11-02,9,9.0,0.0,8.0,71,26.0876,26.5117,-19.4353,15.4848,380.8,0
2017-11-02,10,9.33333,0.0,9.0,56,20.8724,23.5952,-3.07135,9.12085,345.257,0
2017-11-02,11,9.0,0.23,9.83333,58,17.6112,20.2861,-8.70751,-0.79043,387.771,0
2017-11-02,12,9.66667,0.23,10.8333,52,17.1624,23.2813,13.192,-10.69,332.8,0
2017-11-02,13,10.1667,0.23,12.0,49,19.7968,25.1965,14.4463,0.38268,346.92,0
2017-11-02,14,10.0,0.23,12.8333,52,25.0947,24.6474,-4.79252,4.20948,346.92,0
2017-11-02,15,10.5,0.23,13.1667,58,34.1728,26.9478,-13.1074,7.6536,300.0,0
2017-11-02,16,11.0,0.23,13.1667,67,42.5135,32.1087,-1.79252,11.0977,324.8,0
2017-11-02,17,10.5,0.0,12.8333,82,47.0748,46.3159,-1.79252,11.0977,309.12,0
2017-11-02,18,9.5,0.99,12.0,80,50.5096,46.5536,16.4463,7.27092,321.48,0
2017-11-02,19,8.5,0.99,11.0,74,54.9087,46.7432,12.7508,8.80164,337.08,0
2017-11-02,20,7.83333,1.75,10.1667,81,64.6696,44.7657,20.4588,8.67036,409.867,0
2017-11-02,21,7.33333,2.51,9.83333,75,65.6108,35.8627,25.0782,10.5838,402.8,0
2017-11-03,0,7.0,2.64,8.83333,80,17.69,11.07,45.6358,2.89698,433.5,0
2017-11-03,1,8.16667,3.38,8.66667,73,43.6752,15.6022,37.8785,8.44026,482.4,0
2017-11-03,2,8.16667,2.62,8.33333,73,39.2996,14.6574,32.574,17.9095,382.5,0
2017-11-03,3,8.5,1.86,8.0,83,34.1392,16.4718,37.6403,18.8334,379.44,0
2017-11-03,4,8.66667,1.86,7.66667,80,30.4368,19.7339,23.0209,28.92,425.455,0
2017-11-03,5,9.5,1.48,7.33333,76,30.3724,19.1978,12.0209,40.92,367.2,0
2017-11-03,6,10.6667,2.22,7.33333,74,33.0388,19.9809,3.53555,50.6194,353.455,0
2017-11-03,7,10.5,2.01,7.33333,74,37.7188,29.9754,3.53555,52.6194,274.56,0
2017-11-03,8,10.5,2.01,7.5,71,36.7628,28.1162,0.0,58.0,280.8,0
2017-11-03,9,10.0,2.01,7.66667,76,34.7644,26.0876,5.0,46.0,359.9,0
2017-11-03,10,9.33333,2.01,8.0,79,33.8652,20.8724,-3.31492,49.4441,322.4,0
2017-11-03,11,8.83333,1.27,8.33333,82,35.166,17.6112,-10.706,40.5056,360.0,0
2017-11-03,12,9.16667,0.53,8.5,77,33.474,17.1624,-10.706,37.5056,415.385,0
2017-11-03,13,8.83333,0.0,8.66667,79,32.1936,19.7968,-10.706,39.5056,363.0,0
2017-11-03,14,9.33333,0.48,8.66667,83,36.0584,25.0947,-10.706,37.5056,336.96,0
2017-11-03,15,8.5,0.48,8.66667,83,43.8796,34.1728,-7.70596,37.5056,339.2,0
2017-11-03,16,8.66667,0.48,8.5,90,56.3016,42.5135,4.60896,34.0614,401.85,0
2017-11-03,17,8.83333,0.48,8.16667,93,71.3854,47.0748,18.364,39.3149,386.4,0
2017-11-03,18,8.0,0.48,7.83333,98,79.6888,50.5096,18.364,40.3149,431.52,0
2017-11-03,19,7.5,0.48,7.33333,100,87.9092,54.9087,18.364,50.3149,382.72,0
2017-11-03,20,6.83333,0.0,7.0,100,94.3238,64.6696,22.9834,37.2283,437.25,0
2017-11-03,21,6.83333,0.0,6.66667,96,89.4669,65.6108,19.2879,38.759,436.05,0
2017-11-04,0,4.66667,0.0,5.66667,91,36.36,17.69,11.8947,26.6808,480.0,1
2017-11-04,1,4.83333,0.0,5.33333,95,52.36,43.6752,12.1374,22.4382,530.0,1
2017-11-04,2,5.0,0.0,5.0,96,51.2232,39.2996,11.7734,14.1233,582.4,1
2017-11-04,3,5.16667,0.0,4.5,97,51.2968,34.1392,8.23783,17.6588,557.6,1
2017-11-04,4,4.83333,0.0,3.83333,98,47.4368,30.4368,13.2378,8.65881,645.12,1
2017-11-04,5,4.83333,0.0,3.16667,99,45.9944,30.3724,15.2378,8.65881,673.92,1
2017-11-04,6,5.16667,0.0,2.5,99,44.6508,33.0388,10.6184,-3.25459,699.84,1
2017-11-04,7,4.66667,0.0,2.16667,97,45.552,37.7188,0.34215,0.48889,600.0,1
2017-11-04,8,4.66667,0.0,2.16667,98,48.2264,36.7628,1.91634,1.0795,627.3,1
2017-11-04,9,5.0,0.0,2.5,86,49.6772,34.7644,-3.69258,4.16818,600.0,1
2017-11-04,10,5.16667,0.0,3.33333,75,47.94,33.8652,6.3961,9.7771,626.4,1
2017-11-04,11,5.33333,0.0,4.33333,72,44.4444,35.166,9.3961,9.7771,622.2,1
2017-11-04,12,5.16667,0.0,5.66667,67,32.9568,33.474,2.85736,19.563,622.2,1
2017-11-04,13,5.66667,0.0,7.0,71,24.0052,32.1936,0.39291,9.02749,635.04,1
2017-11-04,14,5.83333,0.0,8.5,52,20.7272,36.0584,-0.36443,14.5708,540.0,1
2017-11-04,15,5.66667,0.0,9.66667,56,23.544,43.8796,-0.0411099,22.0274,607.05,1
2017-11-04,16,6.0,0.0,10.0,70,44.192,56.3016,-0.0411099,28.0274,558.45,1
2017-11-04,17,7.33333,0.0,10.5,58,50.1148,71.3854,11.2726,24.8686,570.24,1
2017-11-04,18,8.0,0.0,10.3333,69,39.9017,79.6888,20.1861,20.2492,420.0,1
2017-11-04,19,8.83333,0.0,9.66667,75,33.07,87.9092,9.31945,10.4965,392.229,1
2017-11-04,20,10.0,0.0,8.83333,63,33.7812,94.3238,-5.08589,7.74372,349.8,1
2017-11-04,21,10.5,0.0,8.0,62,32.0528,89.4669,10.2102,-3.79956,257.04,1
2017-11-05,0,11.5,0.0,7.0,60,11.92,36.36,-26.7268,-16.4552,294.0,1
2017-11-05,1,11.1667,0.0,7.16667,60,21.9236,52.36,-3.56416,-12.2458,289.385,1
2017-11-05,2,11.0,0.0,6.83333,58,17.6876,51.2232,-24.8791,-15.6899,300.667,1
2017-11-05,3,11.1667,0.0,6.66667,58,14.9485,51.2968,-27.6507,-16.8379,282.764,1
2017-11-05,4,11.0,0.0,6.5,58,15.038,47.4368,-7.48804,-12.6284,302.4,1
2017-11-05,5,10.3333,0.0,6.16667,59,16.3088,45.9944,13.5985,-8.03628,332.215,1
2017-11-05,6,10.0,0.0,5.66667,62,18.4423,44.6508,7.94164,-2.3794,310.708,1
2017-11-05,7,9.33333,0.0,5.33333,63,22.4604,45.552,-6.90612,5.2742,359.9,1
2017-11-05,8,8.33333,0.0,5.33333,58,21.3636,48.2264,-8.81952,9.8936,369.6,1
2017-11-05,9,8.0,0.0,5.5,55,17.5433,49.6772,-4.57686,5.65094,360.0,1
2017-11-05,10,7.16667,0.0,6.0,64,19.4788,47.94,14.5097,10.2431,386.88,1
2017-11-05,11,8.16667,0.0,7.33333,52,23.7508,44.4444,9.5097,10.2431,458.28,1
2017-11-05,12,8.16667,0.0,8.83333,50,27.5764,32.9568,-13.4246,4.88558,374.85,1
2017-11-05,13,10.0,0.0,10.3333,49,26.4352,24.0052,3.23226,-0.7713,372.764,1
2017-11-05,14,11.5,0.0,11.5,52,26.8108,20.7272,-3.7164,-11.4804,291.6,1
2017-11-05,15,12.6667,0.0,12.1667,54,30.9058,23.544,-27.323,-22.087,248.571,1
2017-11-05,16,14.0,0.0,12.3333,62,35.3596,44.192,-24.9954,-27.3362,217.964,1
2017-11-05,17,14.1667,0.0,11.5,83,36.8408,50.1148,-45.1878,-36.5286,235.125,1
2017-11-05,18,13.1667,0.0,10.5,85,37.7692,39.9017,-44.2639,-36.1459,237.12,1
2017-11-05,19,11.8333,0.0,9.5,72,37.6862,33.07,-39.2639,-36.1459,257.92,1
2017-11-05,20,11.1667,0.0,8.83333,65,35.9329,33.7812,-20.6573,-25.5393,325.68,1
2017-11-05,21,11.3333,0.0,8.5,68,35.2796,32.0528,-20.2133,-19.1421,354.738,1
2017-11-06,0,11.8333,0.0,8.83333,61,15.05,11.92,-49.8895,-20.6647,248.727,0
2017-11-06,1,11.8333,0.0,8.83333,66,31.606,21.9236,-48.0418,-19.8994,297.6,0
2017-11-06,2,10.5,0.0,8.66667,66,30.482,17.6876,-55.4328,-22.9608,294.0,0
2017-11-06,3,9.0,0.0,8.33333,70,30.0212,14.9485,-56.5808,-20.1892,329.925,0
2017-11-06,4,7.66667,0.0,8.16667,63,31.84,15.038,-48.2659,-11.3875,403.015,0
2017-11-06,5,6.66667,0.0,7.83333,70,37.2784,16.3088,-43.2659,-11.3875,408.738,0
2017-11-06,6,6.0,0.0,7.5,68,42.62,18.4423,-34.3169,0.97836,483.429,0
2017-11-06,7,5.66667,0.0,7.33333,66,43.1353,22.4604,-36.2303,5.59776,485.571,0
2017-11-06,8,5.83333,0.0,7.33333,65,50.7728,21.3636,-17.296,10.9553,549.067,0
2017-11-06,9,5.33333,0.0,7.66667,66,49.222,17.5433,-18.8267,7.25976,547.2,0
2017-11-06,10,5.0,0.0,8.16667,62,44.174,19.4788,-21.6552,4.43132,540.0,0
2017-11-06,11,4.33333,0.0,9.0,52,37.6868,23.7508,-14.4883,5.1038,635.25,0
2017-11-06,12,4.33333,0.0,10.0,49,31.9932,27.5764,-10.7928,3.57308,619.65,0
2017-11-06,13,3.83333,0.0,11.0,53,31.3348,26.4352,-2.25368,8.86288,662.4,0
2017-11-06,14,4.0,0.0,11.6667,56,33.3124,26.8108,-2.25368,11.8629,663.257,0
2017-11-06,15,4.66667,0.0,12.0,59,42.1632,30.9058,8.83288,11.0975,674.16,0
2017-11-06,16,5.5,0.0,12.1667,71,62.7304,35.3596,11.8329,11.0975,659.85,0
2017-11-06,17,5.83333,0.0,11.8333,93,93.9076,36.8408,22.2854,6.76792,600.0,0
2017-11-06,18,5.83333,0.0,11.0,87,111.493,37.7692,29.742,4.4446,600.0,0
2017-11-06,19,6.0,0.0,9.83333,84,111.99,37.6862,29.8922,10.0535,620.1,0
2017-11-06,20,5.66667,0.0,8.5,100,114.025,35.9329,35.549,10.0535,603.2,0
2017-11-06,21,5.16667,0.0,7.16667,100,107.884,35.2796,36.6971,9.82516,620.1,0
2017-11-07,0,4.16667,0.0,4.5,81,97.93,15.05,31.4436,-14.9486,607.05,0
2017-11-07,1,5.0,0.0,4.33333,94,102.259,31.606,31.4436,-15.9486,655.2,0
2017-11-07,2,4.66667,0.0,4.66667,87,96.4828,30.482,29.8076,-22.3125,635.25,0
2017-11-07,3,4.0,0.0,5.16667,91,93.2332,30.0212,30.5147,-23.0197,680.4,0
2017-11-07,4,3.5,0.0,5.5,91,93.6328,31.84,31.2218,-23.7268,723.45,0
2017-11-07,5,3.16667,0.0,5.83333,91,93.9092,37.2784,21.9174,-22.1688,756.0,0
2017-11-07,6,3.16667,0.0,6.16667,93,93.0328,42.62,21.152,-20.3211,769.6,0
2017-11-07,7,2.0,0.0,6.33333,92,91.2767,43.1353,20.7693,-19.3972,805.8,0
2017-11-07,8,2.33333,0.0,6.5,86,87.0848,50.7728,15.226,-19.6933,894.24,0
2017-11-07,9,3.0,0.0,6.66667,78,77.7204,49.222,17.3474,-17.5719,869.04,0
2017-11-07,10,3.16667,0.0,7.0,80,59.278,44.174,16.2635,-23.0209,840.0,0
2017-11-07,11,4.33333,0.0,7.16667,71,46.2924,37.6868,19.4351,-17.1924,836.16,0
2017-11-07,12,5.66667,0.0,7.5,65,42.9124,31.9932,27.75,-15.6365,803.25,0
2017-11-07,13,7.0,0.0,8.0,64,47.7064,31.3348,31.0526,-9.6095,784.0,0
2017-11-07,14,8.5,0.0,8.16667,68,48.5004,33.3124,27.1012,-11.0701,610.56,0
2017-11-07,15,9.16667,0.0,8.16667,73,52.842,42.1632,39.1278,-27.1746,375.84,0
2017-11-07,16,9.66667,0.0,7.66667,76,58.8844,62.7304,41.9563,-30.0031,316.2,0
2017-11-07,17,9.16667,0.0,7.0,80,63.38,93.9076,42.3202,-36.3671,312.8,0
2017-11-07,18,9.0,0.0,6.16667,80,67.9029,111.493,38.248,-37.1656,352.8,0
2017-11-07,19,8.16667,0.0,5.16667,86,70.0287,111.99,34.9454,-38.1926,376.32,0
2017-11-07,20,6.83333,0.0,4.66667,79,64.9172,114.025,38.481,-41.7282,373.32,0
2017-11-07,21,6.16667,0.0,4.16667,85,60.4244,107.884,34.6542,-36.4894,477.9,0
2017-11-08,0,5.33333,0.0,4.0,79,22.75,97.93,27.1032,-45.4328,530.0,0
2017-11-08,1,5.83333,0.0,4.0,74,49.8984,102.259,20.7392,-47.0688,547.2,0
2017-11-08,2,6.33333,0.0,3.66667,79,48.0344,96.4828,17.4366,-48.0958,520.0,0
2017-11-08,3,6.66667,0.0,3.5,87,46.1024,93.2332,18.1437,-48.8029,532.65,0
2017-11-08,4,7.0,0.0,3.16667,97,43.11,93.6328,17.7611,-47.8791,501.84,0
2017-11-08,5,7.66667,0.0,2.66667,99,41.3488,93.9092,21.2966,-47.4146,420.0,0
2017-11-08,6,7.33333,0.0,2.33333,89,41.0448,93.0328,13.5184,-48.1217,452.4,0
2017-11-08,7,7.16667,0.0,2.16667,88,41.04,91.2767,9.27575,-42.3644,453.6,0
2017-11-08,8,7.16667,0.0,2.16667,97,42.2156,87.0848,9.27575,-41.3644,470.25,0
2017-11-08,9,7.5,0.0,2.83333,70,41.5374,77.7204,6.59699,-47.8316,420.0,0
2017-11-08,10,7.5,0.0,3.66667,65,44.2178,59.278,2.0299,-43.8057,443.143,0
2017-11-08,11,7.33333,0.0,4.83333,57,45.9726,46.2924,6.42224,-44.4096,429.0,0
2017-11-08,12,7.33333,0.0,6.16667,50,46.9767,42.9124,9.95779,-39.7902,420.0,0
2017-11-08,13,7.16667,0.0,7.83333,49,47.3619,47.7064,0.59061,-38.2624,420.0,0
2017-11-08,14,6.83333,0.0,9.16667,55,51.6778,48.5004,4.83327,-28.0197,420.0,0
2017-11-08,15,6.83333,0.0,9.0,78,60.9589,52.842,12.6115,-20.2415,454.629,0
2017-11-08,16,6.83333,0.0,8.66667,90,70.9,58.8844,20.9264,-16.6856,420.0,0
2017-11-08,17,7.33333,0.0,8.16667,100,85.3258,63.38,29.3998,-5.73035,488.52,0
2017-11-08,18,7.5,0.0,7.0,100,97.49,67.9029,36.7909,-8.79179,434.52,0
2017-11-08,19,8.0,0.0,5.5,86,101.572,70.0287,31.134,-11.2899,451.0,0
2017-11-08,20,7.66667,0.0,4.16667,100,96.5323,64.9172,39.7941,-12.1106,395.2,0
2017-11-08,21,6.83333,0.0,3.66667,98,92.9045,60.4244,41.9154,-15.9892,440.64,0
2017-11-09,0,6.33333,0.0,3.33333,89,55.64,22.75,43.5503,-24.566,510.72,0
2017-11-09,1,6.0,0.0,3.33333,86,78.8359,49.8984,40.6754,-27.1032,503.25,0
2017-11-09,2,6.0,0.0,3.16667,92,77.2207,48.0344,38.2342,-28.9915,509.143,0
2017-11-09,3,5.66667,0.0,3.16667,97,79.8489,46.1024,41.2342,-28.9915,517.029,0
2017-11-09,4,4.83333,0.0,3.16667,90,80.4859,43.11,43.2342,-28.9915,540.0,0
2017-11-09,5,4.5,0.0,3.16667,90,82.2959,41.3488,41.2844,-24.0417,649.6,0
2017-11-09,6,4.66667,0.0,3.5,90,82.6815,41.0448,44.2844,-24.0417,657.2,0
2017-11-09,7,3.66667,0.0,3.83333,90,83.89,41.04,39.6259,-29.0379,540.0,0
2017-11-09,8,3.83333,0.0,4.33333,85,84.9378,42.2156,37.7213,-25.8268,675.45,0
2017-11-09,9,4.83333,0.0,5.0,77,84.7237,41.5374,41.4168,-27.3575,659.85,0
2017-11-09,10,4.83333,0.0,5.5,76,83.2835,44.2178,41.4168,-27.3575,600.0,0
2017-11-09,11,5.0,0.0,6.33333,65,82.6348,45.9726,36.4168,-24.3575,716.8,0
2017-11-09,12,4.33333,0.0,7.16667,62,82.8386,46.9767,34.8861,-20.662,700.267,0
2017-11-09,13,5.16667,0.0,8.0,66,86.0404,47.3619,34.0654,-16.594,726.857,0
2017-11-09,14,4.83333,0.0,8.83333,65,89.6333,51.6778,33.3583,-7.40162,660.0,0
2017-11-09,15,3.83333,0.0,8.83333,76,95.7284,60.9589,31.7725,-5.9874,660.0,0
2017-11-09,16,3.66667,0.0,8.83333,89,101.38,70.9,31.1867,-4.57318,693.6,0
2017-11-09,17,3.66667,0.0,8.5,87,111.424,85.3258,30.0345,-3.80782,728.0,0
2017-11-09,18,2.83333,0.0,8.0,87,119.87,97.49,29.8629,-0.97938,821.28,0
2017-11-09,19,2.33333,0.0,7.5,86,122.85,101.572,30.57,-0.27227,868.68,0
2017-11-09,20,2.5,0.0,7.0,86,124.71,96.5323,33.3417,0.87577,868.32,0
2017-11-09,21,2.33333,0.0,7.0,86,119.677,92.9045,36.3417,0.87577,862.92,0
2017-11-10,0,2.5,0.0,6.66667,88,106.88,55.64,35.3626,10.8799,967.2,0
2017-11-10,1,2.83333,0.0,6.5,85,120.696,78.8359,35.2027,8.8751,1031.25,0
2017-11-10,2,2.66667,0.0,6.33333,77,118.947,77.2207,35.2027,3.8751,960.0,0
2017-11-10,3,2.66667,0.0,6.16667,85,114.029,79.8489,29.5458,7.53198,999.6,0
2017-11-10,4,2.66667,0.0,5.66667,93,102.79,80.4859,29.9285,6.6081,1020.0,0
2017-11-10,5,3.16667,0.0,5.16667,92,94.0044,82.2959,29.9285,4.6081,1128.9,0
2017-11-10,6,3.33333,0.0,4.83333,88,72.6912,82.6815,26.8398,-1.00082,1144.8,0
2017-11-10,7,3.0,0.0,4.5,97,54.6485,83.89,17.0539,-2.9474,1144.8,0
2017-11-10,8,3.5,0.48,4.66667,82,46.834,84.9378,14.9325,-5.06873,1111.8,0
2017-11-10,9,4.16667,0.48,4.83333,72,37.7804,84.7237,9.27565,-15.7256,1020.0,0
2017-11-10,10,5.83333,0.48,5.5,75,30.9256,83.2835,10.6331,-19.8186,994.5,0
2017-11-10,11,6.0,0.96,6.5,62,27.1192,82.6348,-8.37621,-17.1066,703.8,0
2017-11-10,12,6.33333,0.96,7.5,55,29.5588,82.8386,-10.224,-11.872,660.0,0
2017-11-10,13,8.0,1.44,8.5,53,31.4764,86.0404,-19.4164,4.32042,540.0,0
2017-11-10,14,8.66667,0.96,9.0,58,38.1204,89.6333,-15.9119,22.4108,416.0,0
2017-11-10,15,9.5,0.96,9.16667,60,48.0583,95.7284,-20.1545,35.8961,356.16,0
2017-11-10,16,9.83333,0.96,9.16667,61,59.5557,101.38,-31.845,44.8806,347.564,0
2017-11-10,17,9.83333,0.96,8.83333,64,76.5564,111.424,-29.0416,43.1129,305.25,0
2017-11-10,18,9.5,0.96,8.0,73,73.6255,119.87,-28.928,39.752,366.277,0
2017-11-10,19,8.5,0.48,6.83333,82,61.1375,122.85,-22.928,39.752,367.015,0
2017-11-10,20,7.83333,1.45,6.0,76,51.3852,124.71,-20.632,21.2745,409.867,0
2017-11-10,21,7.16667,1.45,5.5,77,32.94,119.677,-17.0964,17.7389,402.8,0
2017-11-11,0,6.16667,1.94,5.0,75,10.74,106.88,-4.58521,10.9211,501.415,1
2017-11-11,1,6.83333,2.5,5.33333,81,22.5224,120.696,-9.20461,9.00773,494.308,1
2017-11-11,2,8.0,1.53,5.5,71,18.0996,118.947,-8.84917,-9.50827,457.6,1
2017-11-11,3,8.0,1.53,5.5,70,10.5468,114.029,-23.257,-7.63327,399.36,1
2017-11-11,4,8.33333,1.53,5.5,79,5.4728,102.79,-20.7925,-4.09772,395.2,1
2017-11-11,5,10.0,1.53,5.66667,73,3.798,94.0044,-17.3358,-6.3938,360.0,1
2017-11-11,6,11.3333,0.56,5.66667,76,3.9012,72.6912,-12.7548,6.90432,305.455,1
2017-11-11,7,11.0,0.48,5.83333,76,5.2372,54.6485,-7.56696,23.1242,291.5,1
2017-11-11,8,11.5,0.48,5.83333,72,9.57292,46.834,9.88359,36.0313,270.4,1
2017-11-11,9,12.8333,0.48,6.0,67,8.9656,37.7804,-10.8566,49.8895,284.612,1
2017-11-11,10,13.5,0.48,6.16667,56,7.7816,30.9256,-14.2506,44.0831,291.877,1
2017-11-11,11,13.6667,0.48,6.5,45,10.7304,27.1192,-14.2506,44.0831,270.667,1
2017-11-11,12,15.1667,1.22,6.83333,49,12.5736,29.5588,-33.3426,48.4962,220.0,1
2017-11-11,13,17.3333,0.74,7.33333,48,18.202,31.4764,-26.1218,45.0638,199.385,1
2017-11-11,14,16.0,1.22,7.66667,46,20.3088,38.1204,-29.5659,53.3787,156.8,1
2017-11-11,15,15.6667,1.22,7.66667,51,26.164,48.0583,-11.8882,47.1179,251.727,1
2017-11-11,16,15.5,1.22,7.33333,63,34.5596,59.5557,-16.4803,58.2044,241.364,1
2017-11-11,17,14.3333,1.22,6.5,70,42.7388,76.5564,-12.6535,48.9656,319.909,1
2017-11-11,18,13.3333,0.96,6.0,61,39.5542,73.6255,-20.4317,56.7439,303.709,1
2017-11-11,19,12.5,0.96,5.16667,65,42.8525,61.1375,-23.0854,44.7334,286.7,1
2017-11-11,20,13.6667,0.48,4.33333,69,51.3491,51.3852,-30.5141,45.6677,235.2,1
2017-11-11,21,12.0,0.96,3.66667,72,52.8,32.94,-38.8563,39.9387,208.145,1
2017-11-12,0,8.5,0.96,3.0,68,15.34,10.74,-37.2407,27.951,340.2,1
2017-11-12,1,6.33333,2.99,2.83333,80,22.9628,22.5224,-26.4985,15.0823,470.541,1
2017-11-12,2,5.0,5.02,2.83333,74,16.7092,18.0996,-22.8029,16.613,498.918,1
2017-11-12,3,5.5,4.54,3.16667,72,13.3748,10.5468,-16.8029,16.613,494.118,1
2017-11-12,4,4.5,4.54,3.33333,86,13.8533,5.4728,-20.3385,13.0775,493.2,1
2017-11-12,5,5.33333,4.06,3.66667,88,18.0344,3.798,-10.439,-1.06472,658.971,1
2017-11-12,6,6.0,4.06,3.66667,86,21.3468,3.9012,-18.7539,2.3794,586.029,1
2017-11-12,7,6.33333,2.03,3.83333,80,23.1676,5.2372,-10.3358,4.15123,564.667,1
2017-11-12,8,6.16667,0.0,4.0,77,18.992,9.57292,2.22179,11.838,556.5,1
2017-11-12,9,6.66667,0.48,4.16667,73,29.6836,8.9656,-3.69161,7.21861,546.96,1
2017-11-12,10,7.66667,0.48,4.33333,68,33.274,7.7816,-15.068,-3.61655,517.0,1
2017-11-12,11,7.33333,0.48,4.66667,63,23.91,10.7304,-29.3829,-0.17243,440.64,1
2017-11-12,12,6.0,0.48,5.16667,56,20.6132,12.5736,-28.6758,10.4342,448.0,1
2017-11-12,13,5.66667,0.48,5.83333,54,16.2572,18.202,-28.6758,11.4342,498.667,1
2017-11-12,14,6.33333,0.48,6.33333,51,17.7444,20.3088,-30.2065,7.7387,496.4,1
2017-11-12,15,6.83333,0.0,6.5,57,28.2608,26.164,-28.2556,10.6586,496.4,1
2017-11-12,16,6.5,0.0,6.5,71,41.2764,34.5596,-30.3437,10.2146,440.64,1
2017-11-12,17,6.33333,0.3,6.33333,76,48.5829,42.7388,-33.3801,19.7838,452.4,1
2017-11-12,18,7.66667,0.3,6.0,84,41.9929,39.5542,-35.8619,24.8787,498.667,1
2017-11-12,19,8.16667,0.3,5.5,81,25.7592,42.8525,-27.547,12.4346,472.457,1
2017-11-12,20,8.0,0.3,5.16667,85,17.6908,51.3491,-22.5972,-0.51516,382.5,1
2017-11-12,21,7.66667,0.3,5.0,81,14.4033,52.8,-28.4576,6.2418,388.267,1
2017-11-13,0,9.83333,0.71,5.5,77,5.44,15.34,-28.6043,-34.1519,366.667,0
2017-11-13,1,10.3333,0.71,5.83333,76,6.78292,22.9628,-41.5387,-23.5094,319.2,0
2017-11-13,2,10.0,0.96,6.0,86,10.9772,16.7092,-41.2187,-33.6419,300.667,0
2017-11-13,3,9.83333,0.96,6.33333,83,17.5808,13.3748,-40.398,-29.574,346.92,0
2017-11-13,4,8.66667,0.83,6.5,88,20.51,13.8533,-47.789,-32.6354,312.12,0
2017-11-13,5,7.5,1.08,6.66667,93,22.6268,18.0344,-40.7179,-22.5644,411.927,0
2017-11-13,6,5.83333,0.75,6.83333,82,29.6688,21.3468,-37.0224,-24.0951,426.0,0
2017-11-13,7,5.16667,0.75,6.66667,85,39.4112,23.1676,-33.0224,-24.0951,433.964,0
2017-11-13,8,5.16667,0.5,6.66667,81,50.8389,18.992,-21.0016,-12.0742,541.114,0
2017-11-13,9,4.66667,0.5,6.66667,75,47.0178,29.6836,-15.0016,-12.0742,522.429,0
2017-11-13,10,6.0,1.29,6.5,85,42.0944,33.274,2.93276,-6.71668,612.48,0
2017-11-13,11,6.66667,3.15,6.33333,80,34.5952,23.91,17.7821,-7.42379,540.6,0
2017-11-13,12,7.5,3.15,6.0,83,29.503,20.6132,20.2639,2.26333,532.65,0
2017-11-13,13,7.83333,3.15,5.66667,83,29.803,16.2572,36.6549,2.32477,443.7,0
2017-11-13,14,9.0,3.15,5.33333,82,34.0119,17.7444,34.6163,9.51237,413.4,0
2017-11-13,15,11.0,3.15,4.83333,77,40.733,28.2608,24.3736,18.2697,318.24,0
2017-11-13,16,11.3333,2.11,4.33333,82,51.7874,41.2764,11.5954,43.0479,278.25,0
2017-11-13,17,12.3333,0.0,3.83333,84,56.7735,48.5829,5.65688,48.6569,265.05,0
2017-11-13,18,12.1667,0.0,3.5,82,58.6512,41.9929,0.0,57.0,232.615,0
2017-11-13,19,11.6667,0.0,3.16667,82,68.6068,25.7592,0.0,52.0,302.824,0
2017-11-13,20,10.8333,1.02,2.83333,84,70.1588,17.6908,3.53555,55.5355,330.353,0
2017-11-13,21,9.0,2.04,2.5,84,69.3779,14.4033,3.53555,63.5355,319.341,0
2017-11-14,0,7.0,3.06,2.0,86,18.87,5.44,-12.5008,38.4853,483.429,0
2017-11-14,1,7.16667,3.06,2.16667,81,56.4933,6.78292,-12.5008,48.4853,420.0,0
2017-11-14,2,7.33333,2.04,2.16667,88,47.1278,10.9772,-12.5008,40.4853,452.4,0
2017-11-14,3,7.83333,1.02,2.16667,84,43.1363,17.5808,-19.4804,37.2647,453.6,0
2017-11-14,4,8.66667,1.02,2.16667,85,39.9811,20.51,-19.4804,38.2647,413.4,0
2017-11-14,5,9.33333,0.0,2.16667,91,39.8493,22.6268,-8.39389,49.2647,377.143,0
2017-11-14,6,9.5,0.0,2.33333,81,42.5459,29.6688,-3.44412,55.3149,349.92,0
2017-11-14,7,9.33333,0.0,2.16667,83,45.7889,39.4112,-3.44412,50.3149,340.267,0
2017-11-14,8,8.83333,0.0,2.33333,82,48.6937,50.8389,0.0914299,54.9343,339.2,0
2017-11-14,9,8.66667,0.0,2.5,75,45.6004,47.0178,7.77821,50.8621,380.8,0
2017-11-14,10,8.33333,0.0,3.0,68,35.9797,42.0944,7.77821,49.8621,411.927,0
2017-11-14,11,7.66667,0.25,3.5,59,32.3048,34.5952,14.1422,58.177,360.0,0
2017-11-14,12,7.33333,0.25,3.83333,57,29.3613,29.503,14.1422,54.177,412.364,0
2017-11-14,13,8.33333,0.5,4.33333,64,30.6034,29.803,22.4571,46.6211,439.855,0
2017-11-14,14,8.5,0.5,4.33333,66,31.6741,34.0119,32.6198,39.8306,360.0,0
2017-11-14,15,8.16667,0.5,4.33333,63,40.9457,40.733,29.7914,35.9183,401.85,0
2017-11-14,16,7.66667,0.5,4.0,73,59.3386,51.7874,34.034,41.4616,374.85,0
2017-11-14,17,7.16667,0.25,3.5,73,77.3382,56.7735,39.5773,35.7576,417.6,0
2017-11-14,18,6.16667,0.25,2.83333,80,93.475,58.6512,42.4057,38.5861,420.0,0
2017-11-14,19,5.0,0.0,2.0,86,101.187,68.6068,38.1631,32.3925,490.629,0
2017-11-14,20,4.66667,0.0,1.5,87,110.44,70.1588,38.1631,36.3925,480.0,0
2017-11-14,21,5.0,0.0,1.0,84,101.35,69.3779,36.2497,24.7731,547.2,0
2017-11-15,0,5.16667,0.0,-1.16667,92,67.58,18.87,10.0912,2.81506,620.229,0
2017-11-15,1,4.66667,0.0,-1.5,88,89.049,56.4933,7.2628,-0.01338,600.0,0
2017-11-15,2,4.16667,0.0,-1.66667,85,82.6424,47.1278,1.60592,-5.67026,715.0,0
2017-11-15,3,3.33333,0.0,-2.0,85,77.1983,43.1363,0.1917,-7.08448,731.4,0
2017-11-15,4,3.0,0.0,-2.33333,94,73.3438,39.9811,-2.57994,-8.23252,720.0,0
2017-11-15,5,3.16667,0.0,-2.5,91,71.8129,39.8493,-3.8226,-13.7758,795.0,0
2017-11-15,6,3.5,0.0,-2.83333,82,68.4107,42.5459,-13.6085,-11.8292,749.7,0
2017-11-15,7,4.33333,0.0,-3.0,70,73.1503,45.7889,-24.1016,-19.0751,717.6,0
2017-11-15,8,4.66667,0.0,-3.16667,79,78.7997,48.6937,-24.1016,-29.0751,685.44,0
2017-11-15,9,4.16667,0.0,-2.66667,68,74.1606,45.6004,-25.0166,-27.2841,767.25,0
2017-11-15,10,4.16667,0.0,-1.66667,72,59.8545,35.9797,-25.0166,-27.2841,833.25,0
2017-11-15,11,3.83333,0.0,-0.333333,66,51.2117,32.3048,-22.0166,-27.2841,826.8,0
2017-11-15,12,3.66667,0.0,1.33333,59,42.9517,29.3613,-21.7836,-22.7215,864.96,0
2017-11-15,13,3.5,0.0,3.0,55,33.9035,30.6034,-21.7836,-18.8947,864.96,0
2017-11-15,14,3.5,0.0,4.5,59,30.3438,31.6741,-26.403,-11.9813,842.4,0
2017-11-15,15,4.0,0.0,5.16667,66,41.2093,40.9457,-26.563,-6.91504,765.0,0
2017-11-15,16,3.5,0.0,5.33333,89,78.8196,59.3386,-25.1488,-2.50082,754.8,0
2017-11-15,17,3.0,0.0,5.16667,88,96.0779,77.3382,-25.1488,-2.50082,816.0,0
2017-11-15,18,2.5,0.0,4.33333,93,106.874,93.475,-25.5315,-1.57694,840.0,0
2017-11-15,21,2.0,0.0,0.833333,100,118.25,101.35,-29.8528,-1.78632,900.0,0
2017-11-16,0,3.5,0.0,-1.33333,92,98.46,67.58,-20.8322,-13.5807,1019.2,0
2017-11-16,1,3.83333,0.0,-1.5,92,98.7355,89.049,-24.5277,-9.11138,1029.6,0
2017-11-16,2,3.66667,0.0,-1.5,89,90.3079,82.6424,-25.3948,-7.81366,938.4,0
2017-11-16,3,3.33333,0.0,-1.5,89,84.0266,77.1983,-24.3948,-7.81366,933.3,0
2017-11-16,4,3.16667,0.0,-1.66667,100,77.5293,73.3438,-24.3948,-7.81366,994.5,0
2017-11-16,5,3.16667,0.0,-1.66667,97,76.6876,71.8129,-21.5664,-7.98522,1055.76,0
2017-11-16,6,3.33333,0.0,-1.83333,100,76.2131,68.4107,-18.4777,-13.5941,1088.64,0
2017-11-16,7,3.5,0.0,-1.66667,92,83.1124,73.1503,-10.3228,-19.0431,1065.3,0
2017-11-16,8,3.16667,0.0,-1.66667,89,89.9657,78.7997,-6.62723,-25.5738,999.6,0
2017-11-16,9,3.83333,0.0,-1.5,70,84.7848,74.1606,-6.62723,-30.5738,900.0,0
2017-11-16,10,4.16667,0.0,-0.833333,57,76.3032,59.8545,-5.47919,-37.3455,840.0,0
2017-11-16,11,3.83333,0.0,0.166667,54,66.631,51.2117,-5.97837,-43.3791,840.0,0
2017-11-16,12,4.0,0.0,1.83333,46,61.3803,42.9517,-4.83033,-40.6074,840.0,0
2017-11-16,13,4.16667,0.0,3.33333,40,42.1373,33.9035,-8.30763,-30.517,842.4,0
2017-11-16,14,4.33333,0.0,4.5,49,69.22,30.3438,-10.6037,-20.9737,780.0,0
2017-11-16,15,4.5,0.0,5.16667,62,58.5179,41.2093,-8.05623,-16.6714,810.9,0
2017-11-16,16,4.83333,0.0,5.5,76,89.4404,78.8196,0.25869,-17.0541,780.0,0
2017-11-16,17,5.16667,0.0,5.33333,72,111.618,96.0779,2.72585,-16.7328,660.0,0
2017-11-16,18,5.0,0.0,4.5,78,117.538,106.874,8.25657,-13.0373,685.44,0
2017-11-16,21,4.66667,0.0,1.16667,90,108.1,118.25,14.3404,-6.41514,624.24,0
2017-11-17,0,3.66667,0.46,-0.166667,91,74.39,98.46,19.7908,-4.09602,731.4,0
2017-11-17,1,3.16667,0.46,0.166667,86,102.308,98.7355,24.0335,-13.3387,756.0,0
2017-11-17,2,3.16667,0.46,0.333333,82,91.7638,90.3079,24.0335,-16.3387,744.6,0
2017-11-17,3,3.66667,0.46,0.166667,96,85.187,84.0266,27.4776,-29.6536,764.64,0
2017-11-17,4,3.5,0.46,0.0,95,83.135,77.5293,30.306,-32.482,720.0,0
2017-11-17,5,3.5,0.74,0.0,92,79.389,76.6876,26.3937,-31.2757,864.0,0
2017-11-17,6,2.83333,0.56,0.166667,91,80.9804,76.2131,26.3937,-34.2757,854.057,0
2017-11-17,7,2.5,0.56,0.166667,92,81.963,83.1124,26.7764,-35.1996,891.429,0
2017-11-17,8,1.83333,0.56,0.333333,87,83.6483,89.9657,27.1591,-36.1235,926.743,0
2017-11-17,9,1.5,0.56,1.16667,78,85.0279,84.7848,26.2352,-35.7408,960.0,0
2017-11-17,10,2.16667,1.14,2.0,77,87.3218,76.3032,21.7681,-33.0621,1029.6,0
2017-11-17,11,2.33333,0.86,2.83333,75,84.7803,66.631,14.2325,-29.5265,1023.36,0
2017-11-17,12,2.16667,0.58,3.66667,80,84.1528,61.3803,13.2325,-29.5265,1080.0,0
2017-11-17,13,2.0,0.58,4.5,76,80.7417,42.1373,13.2325,-29.5265,1144.8,0
2017-11-17,14,2.33333,1.32,5.16667,77,80.6369,69.22,13.2325,-29.5265,1209.6,0
2017-11-17,15,2.66667,1.32,5.16667,88,87.4896,58.5179,13.2325,-32.5265,1173.0,0
2017-11-17,16,2.16667,0.74,5.33333,85,94.9968,89.4404,16.928,-28.0572,1210.56,0
2017-11-17,17,2.33333,1.81,5.16667,82,98.9786,111.618,18.7758,-28.8226,1200.0,0
2017-11-17,18,3.16667,2.88,4.66667,83,102.853,117.538,7.84921,-22.2256,1122.0,0
2017-11-17,21,4.0,2.14,3.5,89,131.11,108.1,19.8492,-11.2256,1148.16,0
2017-11-18,0,3.5,1.82,2.66667,86,101.99,74.39,7.99874,0.75406,1122.0,1
2017-11-18,1,3.16667,1.82,2.66667,93,89.4621,102.308,3.53786,3.30574,948.6,1
2017-11-18,2,3.66667,2.68,2.66667,88,83.7172,91.7638,-1.23378,2.1577,992.16,1
2017-11-18,3,3.16667,2.68,2.66667,88,74.26,85.187,-1.23378,2.1577,967.2,1
2017-11-18,4,3.16667,1.77,2.83333,95,66.1959,83.135,-2.648,3.57192,960.0,1
2017-11-18,5,3.16667,1.72,3.0,87,61.8669,79.389,-8.06222,4.98614,877.2,1
2017-11-18,6,3.16667,1.72,3.0,85,56.1738,80.9804,-9.47644,9.40036,938.1,1
2017-11-18,7,3.16667,1.72,3.0,89,52.9662,81.963,-17.7914,9.01768,840.0,1
2017-11-18,8,2.83333,0.86,3.0,88,42.3314,83.6483,-22.4108,8.635,898.56,1
2017-11-18,9,3.0,0.86,3.16667,81,39.7914,85.0279,-15.8752,5.09945,959.04,1
2017-11-18,10,3.66667,0.86,3.33333,86,39.37,87.3218,-18.6468,6.24749,930.24,1
2017-11-18,11,4.0,0.0,3.5,77,39.1503,84.7803,-18.1036,8.54357,900.0,1
2017-11-18,12,4.33333,0.0,3.83333,74,42.7146,84.1528,-21.408,10.0743,928.56,1
2017-11-18,13,5.0,0.0,4.16667,72,45.8504,80.7417,-8.47373,10.0743,780.0,1
2017-11-18,14,5.5,0.0,4.5,67,45.3186,80.6369,4.46059,13.9011,754.8,1
2017-11-18,15,5.16667,0.0,4.5,75,52.5811,87.4896,13.2322,15.0491,720.0,1
2017-11-18,16,4.33333,0.0,4.5,80,73.4563,94.9968,17.6917,11.1309,765.0,1
2017-11-18,17,4.33333,0.0,4.33333,75,82.4168,98.9786,18.6917,11.1309,780.0,1
2017-11-18,18,4.33333,0.0,3.83333,75,91.9269,102.853,25.5201,8.30246,720.0,1
2017-11-18,21,5.16667,0.0,1.5,81,94.25,131.11,45.3397,21.3449,600.0,1
2017-11-19,0,5.5,0.0,0.166667,89,92.66,101.99,28.2427,17.9008,685.029,1
2017-11-19,1,5.33333,0.0,0.333333,89,44.1076,89.4621,19.4794,20.7653,691.2,1
2017-11-19,2,5.0,0.0,0.5,84,39.3286,83.7172,12.5555,15.148,540.0,1
2017-11-19,3,5.0,0.48,0.5,82,34.3066,74.26,11.5555,11.148,540.0,1
2017-11-19,4,5.5,0.48,0.5,87,30.329,66.1959,13.0988,8.85192,559.543,1
2017-11-19,5,5.83333,0.48,0.833333,82,27.4514,61.8669,6.09882,13.8519,599.657,1
2017-11-19,6,5.83333,0.48,1.0,86,27.7331,56.1738,3.03738,14.243,561.0,1
2017-11-19,7,7.0,0.48,1.16667,83,32.4262,52.9662,-1.20528,14.6997,561.0,1
2017-11-19,8,7.33333,0.48,1.66667,78,39.5352,42.3314,-4.78908,23.6487,457.6,1
2017-11-19,9,7.5,0.0,2.0,73,45.4369,39.7914,-2.493,24.1054,457.6,1
2017-11-19,10,8.0,0.0,2.5,58,42.0838,39.37,4.507,34.1054,451.0,1
2017-11-19,11,7.83333,0.0,3.0,55,41.121,39.1503,6.96372,36.4015,399.36,1
2017-11-19,12,8.0,0.48,3.83333,51,31.2814,42.7146,13.9637,31.4015,405.45,1
2017-11-19,13,7.0,0.96,4.5,56,27.9069,45.8504,17.0252,17.0104,395.2,1
2017-11-19,14,7.33333,0.96,4.83333,57,31.3186,45.3186,12.0754,6.06067,460.431,1
2017-11-19,15,7.33333,0.96,5.0,58,40.95,52.5811,6.41851,11.7175,420.0,1
2017-11-19,16,7.16667,0.96,4.83333,83,50.4193,73.4563,4.92619,-3.61413,460.8,1
2017-11-19,17,7.0,0.96,4.16667,90,61.0446,82.4168,-7.02358,1.33564,470.25,1
2017-11-19,18,7.0,0.96,3.16667,92,60.3878,91.9269,-2.78092,6.87892,436.05,1
2017-11-19,21,6.83333,0.71,0.666667,83,14.42,94.25,-15.3731,13.8789,472.457,1
2017-11-20,0,8.0,0.23,0.166667,74,7.51,92.66,14.1574,12.7891,437.143,0
2017-11-20,1,9.16667,0.0,0.333333,78,13.0407,44.1076,10.2724,13.3826,392.229,0
2017-11-20,2,9.66667,0.0,0.666667,70,7.24724,39.3286,0.59364,19.8498,316.2,0
2017-11-20,3,9.83333,0.0,1.0,71,3.8419,34.3066,-5.4252,28.8372,312.8,0
2017-11-20,4,10.6667,0.0,1.33333,79,3.94679,30.329,-23.664,25.0104,300.0,0
2017-11-20,5,11.0,0.0,1.5,75,5.62448,27.4514,-37.0203,32.6139,280.8,0
2017-11-20,6,11.0,0.41,1.5,77,10.1589,27.7331,-39.8191,24.5887,332.215,0
2017-11-20,7,11.3333,0.41,1.5,83,18.3545,32.4262,-45.9309,7.98614,313.6,0
2017-11-20,8,13.6667,0.89,1.33333,78,30.0955,39.5352,-43.3561,18.4002,250.92,0
2017-11-20,9,14.3333,0.89,1.33333,81,29.2117,45.4369,-24.2178,35.3275,180.0,0
2017-11-20,10,14.0,0.89,1.5,75,32.2162,42.0838,-11.0977,49.7925,216.72,0
2017-11-20,11,15.6667,1.25,1.83333,69,29.5462,41.121,-22.1843,54.3847,187.68,0
2017-11-20,12,15.8333,1.12,2.16667,62,25.7707,31.2814,-16.4441,58.5265,219.13,0
2017-11-20,13,15.1667,1.12,2.5,56,20.3003,27.9069,-28.4545,40.5013,239.4,0
2017-11-20,14,12.3333,0.64,2.83333,52,21.7334,31.3186,-23.097,38.567,255.2,0
2017-11-20,15,13.3333,0.64,2.83333,55,33.3268,40.95,-18.8543,42.8097,260.0,0
2017-11-20,16,14.1667,0.64,2.66667,60,51.6697,50.4193,-7.76778,58.2175,240.0,0
2017-11-20,17,12.6667,0.61,2.5,69,56.4414,61.0446,4.24266,52.2427,248.727,0
2017-11-20,18,11.3333,0.66,2.16667,74,51.5055,60.3878,4.24266,50.2427,237.6,0
2017-11-20,21,8.0,0.66,1.33333,82,44.59,14.42,0.0,62.0,375.84,0
2017-11-21,0,6.0,0.0,0.833333,82,45.11,7.51,9.33762,54.8474,481.412,0
2017-11-21,1,6.33333,0.0,0.666667,79,38.3948,13.0407,4.71822,56.7608,480.0,0
2017-11-21,2,5.66667,0.0,0.5,91,39.0248,7.24724,7.54666,43.4563,564.667,0
2017-11-21,3,6.16667,0.0,0.333333,84,41.223,3.8419,7.54666,48.4563,540.0,0
2017-11-21,4,5.66667,0.0,0.333333,82,41.5419,3.94679,16.5467,32.4563,532.0,0
2017-11-21,5,5.5,0.0,0.5,80,42.8754,5.62448,13.0111,35.9918,513.067,0
2017-11-21,6,5.5,0.0,0.5,80,43.0163,10.1589,17.6305,28.9053,540.6,0
2017-11-21,7,5.66667,0.0,0.666667,88,47.1341,18.3545,21.84,18.7426,588.0,0
2017-11-21,8,5.16667,0.0,0.833333,80,59.5682,30.0955,25.3755,22.2781,558.45,0
2017-11-21,9,4.66667,0.0,1.16667,74,61.0738,29.2117,19.3987,20.6309,649.0,0
2017-11-21,10,4.16667,0.0,1.5,71,55.7991,32.2162,12.86,21.9315,635.04,0
2017-11-21,11,3.66667,0.05,2.0,63,48.4879,29.5462,11.0122,21.1662,648.96,0
2017-11-21,12,4.16667,0.1,2.66667,63,42.5383,25.7707,9.16446,20.4008,660.0,0
2017-11-21,13,4.16667,0.1,3.5,56,36.5776,20.3003,10.9554,22.7919,624.24,0
2017-11-21,14,4.66667,0.1,4.16667,66,40.5128,21.7334,6.33602,19.7053,696.667,0
2017-11-21,15,4.16667,0.1,4.5,76,45.9952,33.3268,2.80047,23.2408,660.0,0
2017-11-21,16,4.66667,0.1,4.5,86,58.0654,51.6697,-8.32086,25.3622,711.36,0
2017-11-21,17,5.0,0.05,4.33333,96,60.0561,56.4414,-0.16591,23.74,711.36,0
2017-11-21,18,4.66667,0.0,3.83333,90,59.0964,51.5055,-6.31603,25.5221,737.76,0
2017-11-21,21,4.83333,0.89,2.66667,89,57.52,44.59,-13.5432,31.5557,683.4,0
2017-11-22,0,4.16667,0.89,2.83333,85,50.07,45.11,-15.2324,36.8476,660.0,0
2017-11-22,1,3.66667,0.48,2.83333,91,41.7821,38.3948,-17.3538,30.969,711.36,0
2017-11-22,2,3.66667,0.48,2.83333,91,39.5976,39.0248,-14.8557,31.1769,764.64,0
2017-11-22,3,3.33333,0.48,3.0,93,38.5221,41.223,-17.6273,32.3249,746.64,0
2017-11-22,4,3.5,0.48,3.0,94,41.4417,41.5419,-11.0918,28.7894,754.8,0
2017-11-22,5,4.0,0.48,3.0,94,37.0279,42.8754,-14.5137,28.9641,720.0,0
2017-11-22,6,4.5,0.48,3.0,95,37.4686,43.0163,-19.8985,28.8985,756.0,0
2017-11-22,7,4.66667,0.0,3.16667,95,41.6645,47.1341,-21.6558,24.6558,756.0,0
2017-11-22,8,4.66667,0.0,3.5,89,54.2194,59.5682,-25.3513,26.1866,720.0,0
2017-11-22,9,4.83333,0.0,4.0,81,51.0634,61.0738,-18.337,20.7958,720.0,0
2017-11-22,10,5.16667,0.0,4.5,79,54.7397,55.7991,-12.2157,18.6745,746.64,0
2017-11-22,11,5.16667,0.0,5.16667,71,53.3897,48.4879,2.31708,12.1417,693.6,0
2017-11-22,12,5.0,0.0,6.0,64,55.4253,42.5383,0.0431703,9.54483,632.4,0
2017-11-22,13,5.33333,0.0,6.83333,63,57.6535,36.5776,9.93614,6.27546,603.2,0
2017-11-22,14,5.83333,0.0,7.33333,62,59.4462,40.5128,11.1788,11.8187,582.4,0
2017-11-22,15,5.5,0.0,7.33333,82,59.4196,45.9952,22.2654,11.8187,582.4,0
2017-11-22,16,4.83333,0.0,7.33333,83,67.085,58.0654,24.1131,12.5841,600.0,0
2017-11-22,17,4.66667,0.0,7.0,93,72.1246,60.0561,29.2376,10.7363,644.8,0
2017-11-22,18,4.83333,0.0,6.5,92,73.8421,59.0964,29.995,14.979,627.3,0
2017-11-22,21,5.33333,0.0,5.16667,89,95.44,57.52,13.3756,28.8924,626.4,0
2017-11-23,1,5.33333,0.0,3.66667,99,67.8838,41.7821,-10.5608,30.1651,581.4,0
2017-11-23,2,5.33333,0.0,3.33333,86,62.7517,39.5976,-13.9392,33.0952,566.1,0
2017-11-23,3,5.66667,0.0,2.83333,92,57.8221,38.5221,-10.7677,29.3997,540.0,0
2017-11-23,4,5.83333,0.0,2.5,90,51.8072,41.4417,-10.8179,18.4499,583.0,0
2017-11-23,5,5.83333,0.0,2.16667,92,52.629,37.0279,-13.114,6.90664,583.0,0
2017-11-23,6,6.33333,0.0,1.83333,100,52.509,37.4686,-7.57072,-1.38944,570.24,0
2017-11-23,7,6.66667,0.0,1.83333,99,53.5117,41.6645,-2.95132,-8.47604,480.0,0
2017-11-23,8,6.66667,0.0,1.66667,100,58.3775,54.2194,-1.71185,-17.5549,480.0,0
2017-11-23,9,6.66667,0.0,2.0,85,60.0033,51.0634,-3.01247,-24.0936,480.0,0
2017-11-23,10,7.16667,0.0,2.66667,80,48.5345,54.7397,0.81433,-40.3324,477.0,0
2017-11-23,11,7.33333,0.0,3.66667,79,32.991,53.3897,-8.62979,-48.6473,437.143,0
2017-11-23,12,6.83333,0.0,4.83333,77,23.9214,55.4253,-13.5796,-50.6976,420.0,0
2017-11-23,13,7.33333,0.0,6.33333,66,23.3107,57.6535,-5.28348,-45.1543,420.0,0
2017-11-23,14,8.0,0.0,7.66667,67,27.1466,59.4462,-11.6475,-32.7903,420.0,0
2017-11-23,15,8.83333,0.0,8.16667,81,35.9275,59.4196,-16.4225,-11.1759,395.2,0
2017-11-23,16,9.33333,0.0,8.33333,86,50.855,67.085,-21.9658,2.71233,380.8,0
2017-11-23,17,10.0,0.0,8.0,86,64.7211,72.1246,-29.6082,15.6194,314.743,0
2017-11-23,18,10.5,0.0,7.33333,91,76.1786,73.8421,-45.7709,26.8289,300.667,0
2017-11-23,21,8.16667,0.0,4.0,93,96.34,95.44,-51.7373,17.6033,369.6,0
2017-11-24,1,6.83333,0.0,1.66667,82,60.7027,67.8838,-30.585,-3.60191,433.964,0
2017-11-24,2,6.83333,0.0,1.33333,78,52.0652,62.7517,-23.4838,-15.2024,450.667,0
2017-11-24,3,6.83333,0.0,1.16667,71,48.659,57.8221,-18.7044,-22.1821,490.629,0
2017-11-24,4,6.66667,0.0,1.16667,85,43.9911,51.8072,-15.7728,-28.3964,505.44,0
2017-11-24,5,6.5,0.0,1.16667,94,43.241,52.629,-14.689,-30.0186,505.44,0
2017-11-24,6,5.5,0.0,1.0,94,49.349,52.509,-15.7728,-28.3964,517.0,0
2017-11-24,7,5.66667,0.0,1.0,98,55.1614,53.5117,-17.6862,-33.0158,480.0,0
2017-11-24,8,5.66667,0.0,1.16667,99,62.6338,58.3775,-12.645,-32.8454,537.818,0
2017-11-24,9,6.0,0.0,1.83333,75,60.6659,60.0033,-14.5584,-37.4648,526.145,0
2017-11-24,10,6.0,0.0,2.66667,71,50.9176,48.5345,-30.5082,-42.4146,550.8,0
2017-11-24,11,6.16667,0.0,3.83333,65,42.7959,32.991,-22.4467,-35.0235,570.24,0
2017-11-24,12,6.33333,0.0,5.33333,60,38.6297,23.9214,-21.2073,-37.0313,546.96,0
2017-11-24,13,5.83333,0.0,7.16667,61,37.0227,23.3107,-17.6717,-39.4957,524.16,0
2017-11-24,14,6.16667,0.0,8.66667,64,39.095,27.1466,-19.6794,-38.2562,501.84,0
2017-11-24,15,6.33333,0.0,9.33333,75,42.2582,35.9275,-19.6138,-29.0447,549.067,0
2017-11-24,16,7.16667,0.0,9.66667,90,57.963,50.855,-22.6752,-21.6537,480.0,0
2017-11-24,17,7.66667,0.0,9.16667,95,70.0665,64.7211,-21.1445,0.51947,454.629,0
2017-11-24,18,7.66667,0.0,8.16667,93,77.2275,76.1786,-24.6389,13.7842,432.0,0
2017-11-24,21,8.5,0.0,4.5,98,108.43,96.34,-19.7869,38.2345,392.229,0
2017-11-25,0,8.33333,0.0,3.33333,84,69.84,66.81,-28.5015,27.2033,402.8,1
2017-11-25,1,8.33333,0.0,3.33333,82,65.4096,60.7027,-33.3723,22.3325,360.0,1
2017-11-25,2,8.33333,0.0,3.66667,80,58.5074,52.0652,-36.1439,23.4805,360.0,1
2017-11-25,3,7.5,0.0,4.0,78,52.2619,48.659,-26.6998,15.1656,360.0,1
2017-11-25,4,7.16667,0.0,4.33333,81,49.1,43.9911,-36.9424,10.923,426.0,1
2017-11-25,5,6.83333,0.0,4.5,91,45.7448,43.241,-39.7709,8.09453,433.964,1
2017-11-25,6,6.5,0.0,4.5,82,43.8589,49.349,-26.9294,-2.58211,420.0,1
2017-11-25,7,6.33333,0.0,4.33333,90,48.8096,55.1614,-27.8533,2.39273,450.667,1
2017-11-25,8,6.83333,0.0,4.16667,87,53.8826,62.6338,-21.4893,-11.9713,466.4,1
2017-11-25,9,8.0,0.0,4.33333,72,46.7241,60.6659,-4.17442,-15.4154,466.4,1
2017-11-25,10,8.83333,0.0,4.5,71,39.03,50.9176,-1.8595,-31.8595,395.2,1
2017-11-25,11,9.5,0.0,5.0,69,25.3096,42.7959,-1.15239,-31.1524,361.029,1
2017-11-25,12,9.83333,0.0,5.66667,60,22.6578,38.6297,6.33153,-28.8947,300.0,1
2017-11-25,13,10.8333,0.0,7.0,54,28.6652,37.0227,21.1136,-27.0176,340.267,1
2017-11-25,14,12.8333,0.0,8.5,52,33.5462,39.095,12.1136,-41.0176,310.431,1
2017-11-25,15,13.8333,0.0,9.5,56,36.3338,42.2582,-0.92388,-29.6899,238.255,1
2017-11-25,16,13.3333,0.0,9.83333,77,38.3177,57.963,-32.8366,-35.4714,195.429,1
2017-11-25,17,14.3333,0.0,10.0,77,38.9168,70.0665,-38.3798,-37.7674,212.914,1
2017-11-25,18,15.3333,0.0,10.1667,78,29.365,77.2275,-50.4007,-35.7883,235.314,1
2017-11-26,0,9.83333,2.22,8.0,75,23.5,69.84,-38.6689,-22.6445,357.12,1
2017-11-26,1,8.0,2.22,7.66667,78,34.0407,65.4096,-32.6689,-22.6445,362.88,1
2017-11-26,2,6.66667,2.6,7.5,84,28.4907,58.5074,-32.6689,-18.6445,382.72,1
2017-11-26,3,5.66667,2.98,7.16667,86,30.2873,52.2619,-14.1913,-10.9909,487.385,1
2017-11-26,4,6.16667,3.36,6.83333,82,29.1059,49.1,-9.94862,-15.2335,473.538,1
2017-11-26,5,6.16667,3.36,6.33333,84,28.01,45.7448,2.06182,1.7413,475.2,1
2017-11-26,6,6.0,4.48,5.83333,89,18.3015,43.8589,2.06182,5.7413,480.0,1
2017-11-26,7,6.66667,6.33,5.16667,96,17.4756,48.8096,14.0827,18.846,547.2,1
2017-11-26,8,7.33333,5.21,4.5,90,18.7704,53.8826,16.7407,27.947,480.0,1
2017-11-26,9,7.66667,4.09,4.0,87,25.6044,46.7241,13.1047,34.311,443.7,1
2017-11-26,10,6.83333,2.97,3.5,80,41.327,39.03,14.1422,35.7887,432.0,1
2017-11-26,11,7.66667,4.19,3.16667,75,53.3559,25.3096,16.3667,42.7101,477.9,1
2017-11-26,12,8.33333,3.07,3.16667,72,56.4967,22.6578,25.3667,42.7101,420.0,1
2017-11-26,13,8.83333,1.22,3.16667,73,56.3493,28.6652,34.3667,26.7101,360.0,1
2017-11-26,14,9.16667,1.22,3.16667,81,53.4258,33.5462,44.2662,24.212,380.8,1
2017-11-26,15,9.66667,1.22,3.16667,84,50.6588,36.3338,45.6805,28.0107,341.85,1
2017-11-26,16,9.66667,1.22,3.16667,83,55.9296,38.3177,41.3346,28.1036,340.267,1
2017-11-26,17,9.66667,0.0,3.0,84,56.5161,38.9168,46.2844,34.5707,312.8,1
2017-11-27,0,8.83333,0.0,1.66667,84,32.42,23.5,0.0,54.0,376.32,0
2017-11-27,1,8.0,0.0,1.33333,85,49.4085,34.0407,0.0,53.0,398.618,0
2017-11-27,2,7.33333,0.0,1.0,81,46.3081,28.4907,4.24266,58.5433,385.745,0
2017-11-27,3,6.66667,0.0,0.833333,80,47.9689,30.2873,4.24266,52.5433,448.0,0
2017-11-27,4,6.5,0.0,0.5,77,51.7781,29.1059,7.0711,55.3717,450.667,0
2017-11-27,5,5.66667,0.0,0.333333,76,52.9,28.01,12.0209,51.3215,469.05,0
2017-11-27,6,4.66667,0.0,0.333333,77,53.5615,18.3015,14.1422,53.4428,480.0,0
2017-11-27,7,5.16667,0.0,0.5,80,53.8,17.4756,16.2635,47.5641,569.25,0
2017-11-27,8,5.33333,0.0,0.666667,75,55.5646,18.7704,16.2635,48.5641,550.8,0
2017-11-27,9,5.83333,0.0,0.666667,72,51.3124,25.6044,20.5062,46.1074,600.4,0
2017-11-27,10,5.83333,0.0,1.0,69,40.4669,41.327,27.5062,46.1074,540.0,0
2017-11-27,11,6.16667,0.0,1.5,63,29.9603,53.3559,23.2635,38.5641,570.24,0
2017-11-27,12,7.66667,0.0,2.0,59,26.5262,56.4967,23.2635,38.5641,556.5,0
2017-11-27,13,8.5,0.0,2.33333,64,26.0028,56.3493,15.4853,42.7859,448.8,0
2017-11-27,14,9.16667,0.0,2.66667,61,34.2504,53.4258,11.2427,43.5433,385.0,0
2017-11-27,15,9.33333,0.0,3.0,65,47.0761,50.6588,7.0,48.0,329.829,0
2017-11-27,16,8.83333,0.0,3.5,61,63.0595,55.9296,0.0,56.0,314.743,0
2017-11-27,17,8.66667,0.0,3.66667,62,75.6763,56.5161,2.82844,52.6955,336.96,0
2017-11-27,21,4.16667,0.0,1.5,82,100.73,47.89,5.98725,43.0777,584.571,0
2017-11-28,0,4.16667,0.0,-2.16667,86,96.62,32.42,-3.20518,19.8853,700.92,0
2017-11-28,1,4.33333,0.0,-3.0,85,67.0659,49.4085,-5.32651,17.764,712.32,0
2017-11-28,2,4.5,0.0,-3.66667,84,62.3048,46.3081,-7.23991,13.1446,679.32,0
2017-11-28,3,4.66667,0.0,-4.0,82,56.3211,47.9689,-1.23991,3.14456,723.45,0
2017-11-28,4,4.83333,0.0,-4.33333,89,54.5379,51.7781,-6.78319,-2.55936,688.5,0
2017-11-28,5,5.16667,0.0,-4.33333,88,50.7565,52.9,-16.6827,-13.326,665.6,0
2017-11-28,6,5.83333,0.0,-4.33333,96,51.3941,53.5615,-14.1847,-18.011,627.3,0
2017-11-28,7,5.83333,0.0,-4.16667,93,57.3817,53.8,-15.0725,-26.2603,635.04,0
2017-11-28,8,5.66667,0.0,-4.16667,89,64.0017,55.5646,-16.1563,-24.6381,635.04,0
2017-11-28,9,6.0,0.0,-3.66667,72,62.7983,51.3124,-16.1563,-24.6381,603.2,0
2017-11-28,10,5.83333,0.0,-2.66667,57,52.8448,40.4669,-3.91365,-20.3955,524.16,0
2017-11-28,11,6.0,0.0,-1.5,57,44.2497,29.9603,-6.61965,-13.8627,540.6,0
2017-11-28,12,5.83333,0.0,0.0,49,40.1774,26.5262,-18.1629,-11.5666,540.6,0
2017-11-28,13,6.0,0.0,1.66667,47,42.5972,26.0028,-18.1629,-16.1588,540.6,0
2017-11-28,14,6.5,0.0,3.16667,53,37.5204,34.2504,-19.4635,-14.2122,524.16,0
2017-11-28,15,6.66667,0.0,3.83333,67,38.7221,47.0761,-31.474,-9.23735,498.343,0
2017-11-28,16,6.83333,0.0,4.0,75,54.1246,63.0595,-32.4907,2.58733,461.76,0
2017-11-28,17,6.66667,0.0,3.66667,100,65.5786,75.6763,-33.1979,10.3655,486.0,0
2017-11-28,18,6.5,0.0,2.83333,94,66.015,94.28,-44.7334,13.9011,505.44,0
2017-11-28,21,6.0,0.0,0.333333,83,118.07,100.73,-37.1256,23.9112,477.0,0
2017-11-29,0,5.83333,0.0,-1.16667,82,92.38,96.62,-33.1787,17.127,564.667,0
2017-11-29,1,5.5,0.0,-1.5,82,80.6917,67.0659,-22.5677,8.13959,583.0,0
2017-11-29,2,5.16667,0.0,-1.83333,78,73.6283,62.3048,-16.0289,-1.64635,570.24,0
2017-11-29,3,5.16667,0.0,-1.83333,82,67.8938,56.3211,-14.4982,-5.34187,540.0,0
2017-11-29,4,5.16667,0.0,-1.66667,76,61.8986,54.5379,-12.2021,-19.0401,607.05,0
2017-11-29,5,5.16667,0.0,-1.5,72,58.9355,50.7565,-12.2021,-25.0401,558.45,0
2017-11-29,6,5.16667,0.0,-1.16667,75,57.1367,51.3941,-4.8111,-31.1015,626.4,0
2017-11-29,7,4.66667,0.48,-0.833333,72,47.1345,57.3817,-0.56844,-41.3442,626.4,0
2017-11-29,8,4.5,0.48,-0.5,68,44.5779,64.0017,-0.56844,-44.3442,622.2,0
2017-11-29,9,4.66667,0.48,-0.166667,64,35.0711,62.7983,3.8268,-49.4119,691.2,0
2017-11-29,10,4.5,0.48,0.166667,63,31.6117,52.8448,12.59,-46.5474,600.0,0
2017-11-29,11,5.83333,0.84,1.0,57,26.05,44.2497,17.2736,-39.1564,622.2,0
2017-11-29,12,6.66667,1.14,1.66667,50,20.2907,40.1774,2.51879,-32.2793,540.0,0
2017-11-29,13,8.33333,0.91,2.5,44,18.2386,42.5972,-11.4707,-27.25,499.8,0
2017-11-29,14,9.83333,0.91,3.16667,53,20.7064,37.5204,-23.4811,-17.2248,360.0,0
2017-11-29,15,10.6667,0.91,3.33333,56,25.1829,38.7221,-39.8868,-13.3666,292.56,0
2017-11-29,16,11.6667,0.91,3.5,65,41.2129,54.1246,-31.4224,-17.986,260.945,0
2017-11-29,17,11.6667,0.55,3.0,68,51.7344,65.5786,-10.2597,-13.7765,260.945,0
2017-11-29,21,8.33333,2.11,-0.333333,84,92.96,118.07,-8.41192,-13.0111,357.5,0
2017-11-30,0,5.66667,7.6,-1.0,79,15.05,92.38,-26.0688,-24.668,448.145,0
2017-11-30,1,5.0,7.6,-0.833333,85,20.7538,80.6917,-31.0688,-24.668,522.327,0
2017-11-30,2,5.0,9.1,-0.5,76,19.0364,73.6283,-27.5332,-28.2036,510.545,0
2017-11-30,3,6.0,11.1,-0.166667,74,20.4886,67.8938,-17.3706,-28.9941,582.4,0
2017-11-30,4,6.83333,8.99,0.0,79,19.698,61.8986,-13.2651,-35.7126,547.2,0
2017-11-30,5,7.0,5.61,0.333333,85,22.525,58.9355,-8.01165,-39.6595,501.84,0
2017-11-30,7,7.66667,6.91,0.833333,85,39.967,47.1345,-7.63491,-41.9888,438.6,0
2017-11-30,10,5.66667,3.23,1.33333,71,54.1833,31.6117,-24.3581,-30.4146,440.64,0
2017-11-30,11,5.5,3.89,1.66667,68,48.4,26.05,-22.8273,-29.1101,537.818,0
2017-11-30,13,5.5,3.78,2.33333,79,37.6917,18.2386,-10.3958,-23.1185,532.65,0
2017-11-30,15,5.66667,3.22,2.66667,77,48.6886,25.1829,4.21238,-13.5494,555.429,0
2017-11-30,16,6.0,2.59,2.83333,80,61.69,41.2129,1.38394,-10.7209,540.0,0
2017-11-30,17,6.16667,1.93,2.66667,74,67.09,51.7344,4.03763,-11.3144,577.2,0
2017-11-30,21,6.0,0.0,1.66667,82,47.8641,92.96,-0.15321,2.7272,517.029,0
2018-10-01,0,6.5,0.0,7.83333,81,31.2167,49.7175,-26.3938,-32.3086,473.28,0
2018-10-01,1,5.5,0.0,7.0,86,32.1656,46.0778,-21.7744,-30.3952,464.28,0
2018-10-01,2,5.33333,0.0,6.0,90,31.12,44.0438,-13.3282,-23.0698,520.8,0
2018-10-01,3,5.0,0.0,5.33333,95,31.5067,38.1311,-7.32816,-23.0698,480.0,0
2018-10-01,4,5.16667,0.0,4.66667,96,35.4822,36.6613,4.68228,-21.9217,574.255,0
2018-10-01,5,4.66667,0.0,4.16667,94,30.6012,37.68,8.21783,-25.4573,556.364,0
2018-10-01,6,4.66667,0.0,3.5,100,32.2667,36.3989,13.8415,-16.7088,662.4,0
2018-10-01,7,4.16667,0.0,3.16667,99,34.5325,35.7089,18.4609,-18.6222,620.743,0
2018-10-01,8,4.0,0.0,3.5,95,40.2033,31.8978,22.5539,-13.5693,729.6,0
2018-10-01,9,3.66667,0.0,3.33333,100,37.3911,28.5122,19.0184,-17.1048,681.943,0
2018-10-01,10,4.0,0.0,4.83333,67,30.2322,25.0338,19.5758,-12.759,717.6,0
2018-10-01,11,4.16667,0.0,6.16667,64,29.9711,16.2311,30.2713,-11.2283,660.0,0
2018-10-01,12,4.16667,0.0,8.16667,56,26.83,8.11333,35.1847,-15.8477,711.36,0
2018-10-01,13,4.66667,0.0,10.3333,54,24.06,4.56375,28.6519,-13.1417,711.36,0
2018-10-01,14,4.83333,0.0,12.5,38,23.1189,3.88444,22.1191,-6.60887,731.4,0
2018-10-01,15,5.16667,0.0,15.0,47,24.7,3.9775,13.823,-1.06559,711.36,0
2018-10-01,16,6.0,0.0,15.8333,50,19.9212,9.90556,12.7392,4.38336,711.36,0
2018-10-01,17,6.83333,0.0,16.5,60,33.7167,12.2156,-6.72953,4.17543,570.24,0
2018-10-01,18,7.33333,0.0,16.5,63,35.9775,20.7433,-8.46369,6.77087,528.0,0
2018-10-01,19,7.16667,0.0,15.8333,70,46.9367,35.5713,-7.46369,6.77087,448.8,0
2018-10-01,20,7.33333,0.0,14.6667,73,48.5678,45.9989,-14.1592,8.30159,461.76,0
2018-10-01,21,7.0,0.0,13.5,76,51.2675,42.8025,-18.713,6.36095,420.0,0
2018-10-01,22,5.66667,0.51,12.5,78,49.3988,38.7833,-18.9209,3.86288,477.0,0
2018-10-01,23,5.0,0.51,11.6667,79,49.2812,36.7978,-20.3203,-0.14968,505.44,0
2018-10-02,0,5.0,0.51,11.0,84,44.9,31.2167,-16.3203,-0.14968,480.0,0
2018-10-02,1,5.33333,0.51,10.5,82,44.0786,32.1656,-22.9173,3.70581,540.0,0
2018-10-02,2,5.16667,0.51,10.0,82,42.1275,31.12,-19.9753,14.4872,588.0,0
2018-10-02,3,5.5,0.51,9.5,84,38.4062,31.5067,-13.9753,14.4872,540.0,0
2018-10-02,4,6.33333,0.0,9.16667,70,35.6763,35.4822,-6.58425,22.5486,596.25,0
2018-10-02,5,7.16667,0.0,8.83333,73,29.9886,30.6012,-10.8887,30.0179,575.143,0
2018-10-02,6,7.33333,0.0,8.5,72,26.9412,32.2667,-2.30024,34.2178,492.9,0
2018-10-02,7,7.0,0.0,8.5,66,29.5214,34.5325,-2.60472,41.6871,453.6,0
2018-10-02,8,6.83333,0.0,8.5,66,33.16,40.2033,-2.60472,45.6871,452.4,0
2018-10-02,9,7.0,0.0,8.66667,67,36.2487,37.3911,0.45672,43.2961,477.0,0
2018-10-02,10,7.0,0.0,8.66667,80,37.94,30.2322,10.2427,46.5433,477.0,0
2018-10-02,11,7.0,0.25,8.83333,80,28.7663,29.9711,10.6066,49.8582,479.467,0
2018-10-02,12,7.16667,0.25,9.16667,79,21.845,26.83,16.9706,49.1731,479.467,0
2018-10-02,13,7.66667,0.25,9.33333,86,19.16,24.06,24.0417,49.4119,463.6,0
2018-10-02,14,8.16667,1.27,9.5,84,15.1325,23.1189,17.5746,52.0907,420.0,0
2018-10-02,15,8.5,1.27,9.66667,79,17.8414,24.7,10.1835,42.1521,379.44,0
2018-10-02,16,7.83333,1.27,9.5,83,29.4237,19.9212,-1.45016,34.6703,409.867,0
2018-10-02,17,7.33333,1.02,9.5,73,36.19,33.7167,3.16924,36.5837,402.8,0
2018-10-02,18,6.83333,1.02,9.16667,79,42.4625,35.9775,1.04791,32.5114,448.0,0
2018-10-02,19,7.5,1.02,8.66667,85,54.0829,46.9367,-0.36631,29.1463,488.52,0
2018-10-02,20,7.83333,0.0,8.0,88,47.36,48.5678,-7.43741,30.9075,443.143,0
2018-10-02,21,8.33333,0.0,7.33333,87,44.66,51.2675,-0.97025,38.2287,405.45,0
2018-10-02,22,9.0,0.0,6.83333,86,37.4162,49.3988,2.21131,45.3299,360.0,0
2018-10-02,23,9.0,0.0,6.16667,75,31.4475,49.2812,4.98295,49.3551,332.8,0
2018-10-03,0,9.0,0.0,5.5,75,16.1688,44.9,6.74029,45.1124,345.257,0
2018-10-03,1,8.5,0.0,5.16667,75,8.24286,44.0786,8.79052,40.1627,385.527,0
2018-10-03,2,8.16667,0.0,5.0,72,6.18667,42.1275,1.39948,26.1012,417.72,0
2018-10-03,3,7.83333,0.0,4.83333,70,5.95,38.4062,-5.99156,23.0398,373.32,0
2018-10-03,4,8.0,0.0,5.0,71,5.74167,35.6763,-14.3065,9.59568,398.945,0
2018-10-03,5,8.66667,0.0,5.33333,72,6.49,29.9886,-0.0969995,-0.567,388.267,0
2018-10-03,6,9.16667,0.51,5.83333,74,4.865,26.9412,-15.3358,-5.7402,377.143,0
2018-10-03,7,9.5,0.51,6.16667,75,6.78857,29.5214,-29.4069,1.3309,341.85,0
2018-10-03,8,9.83333,0.51,6.66667,73,7.08429,33.16,-25.8427,13.6311,313.65,0
2018-10-03,9,10.6667,0.51,7.33333,73,10.3917,36.2487,-22.2784,25.9314,300.0,0
2018-10-03,10,11.5,0.51,8.0,70,12.78,37.94,-33.863,39.275,309.12,0
2018-10-03,11,13.1667,0.51,8.66667,66,8.12875,28.7663,-24.6242,50.4482,250.92,0
2018-10-03,12,15.0,0.0,9.5,57,6.745,21.845,-27.8685,48.2805,189.72,0
2018-10-03,13,18.6667,0.91,10.6667,48,6.25,19.16,-28.9915,43.9915,184.08,0
2018-10-03,14,22.1667,0.91,11.6667,49,3.56571,15.1325,-14.8493,46.8493,151.543,0
2018-10-03,15,24.6667,0.91,12.3333,49,8.04857,17.8414,-11.8631,60.6403,131.962,0
2018-10-03,16,25.0,0.91,12.6667,58,7.04429,29.4237,-11.8631,57.6403,142.916,0
2018-10-03,17,24.1667,0.91,12.8333,57,11.3571,36.19,-11.8631,74.6403,137.961,0
2018-10-03,18,23.8333,0.91,13.0,50,16.6414,42.4625,-5.7402,59.8582,213.848,0
2018-10-03,19,22.0,0.25,12.3333,65,20.25,54.0829,-5.7402,49.8582,232.941,0
2018-10-03,20,18.8333,0.25,11.5,58,13.63,47.36,-5.7402,53.8582,192.0,0
2018-10-03,21,16.8333,0.25,10.6667,62,12.555,44.66,0.0,52.0,232.737,0
2018-10-03,22,16.3333,0.25,10.0,67,14.4686,37.4162,0.0,69.0,180.0,0
2018-10-03,23,15.3333,0.25,9.16667,65,11.16,31.4475,-5.35752,62.9343,228.0,0
2018-10-04,0,14.3333,0.25,8.16667,66,9.39857,16.1688,-8.80164,50.2492,276.0,0
2018-10-04,1,13.8333,0.0,7.66667,62,9.18857,8.24286,-8.80164,51.2492,293.647,0
2018-10-04,2,15.0,0.0,7.33333,64,6.87,6.18667,-8.80164,52.2492,267.429,0
2018-10-04,3,14.6667,0.0,7.0,66,9.43714,5.95,-3.44412,58.3149,180.0,0
2018-10-04,4,14.6667,0.0,6.66667,68,8.86714,5.74167,0.0,52.0,228.8,0
2018-10-04,5,14.3333,0.25,6.33333,67,5.335,6.49,0.0,66.0,194.133,0
2018-10-04,6,13.0,0.25,6.0,73,5.35571,4.865,0.0,55.0,286.989,0
2018-10-04,7,10.6667,0.25,5.83333,76,9.25,6.78857,0.0,60.0,316.737,0
2018-10-04,8,9.33333,0.25,5.83333,70,13.06,7.08429,-1.53072,63.6955,347.368,0
2018-10-04,9,8.5,0.25,6.16667,63,10.0114,10.3917,-1.53072,55.6955,396.48,0
2018-10-04,10,8.5,0.25,6.66667,65,8.21714,12.78,-8.60182,47.7666,448.2,0
2018-10-04,11,9.83333,0.0,7.66667,56,5.37167,8.12875,1.29772,46.7009,393.6,0
2018-10-04,12,11.8333,0.0,8.66667,51,6.61571,6.745,1.29772,49.7009,240.0,0
2018-10-04,13,14.0,0.0,9.66667,49,6.65714,6.25,2.82844,52.0054,220.32,0
2018-10-04,14,14.5,0.0,10.5,51,5.86167,3.56571,9.89954,61.9343,187.971,0
2018-10-04,15,16.0,0.0,11.3333,48,13.9286,8.04857,0.0,63.0,195.52,0
2018-10-04,16,15.6667,0.0,11.8333,46,22.4757,7.04429,0.0,67.0,180.0,0
2018-10-04,17,15.0,0.0,11.8333,48,24.1371,11.3571,0.0,62.0,217.412,0
2018-10-04,18,13.8333,0.0,11.5,61,39.5229,16.6414,0.0,56.0,248.571,0
2018-10-04,19,12.6667,0.0,10.6667,75,65.9357,20.25,0.0,52.0,313.137,0
2018-10-04,20,11.1667,0.0,10.0,74,69.0286,13.63,0.0,62.0,298.8,0
2018-10-04,21,8.66667,0.0,8.83333,83,66.0617,12.555,0.0,67.0,318.568,0
2018-10-04,22,7.33333,0.0,7.5,90,59.3429,14.4686,-3.69552,46.4693,420.0,0
2018-10-04,23,6.16667,0.0,6.33333,90,58.1143,11.16,0.30448,46.4693,436.8,0
2018-10-05,0,4.83333,0.0,5.33333,92,53.2786,9.39857,-1.22624,42.7738,447.2,0
2018-10-05,1,4.16667,0.0,4.66667,94,47.0914,9.18857,-2.64046,41.3595,480.0,0
2018-10-05,2,4.16667,0.0,3.83333,96,46.9167,6.87,3.35954,29.3595,558.0,0
2018-10-05,3,4.33333,0.0,3.33333,92,42.9014,9.43714,8.35954,29.3595,540.0,0
2018-10-05,4,4.0,0.0,3.16667,89,39.96,8.86714,13.3595,18.3595,627.0,0
2018-10-05,5,4.16667,0.0,2.83333,100,37.0757,5.335,15.3595,18.3595,655.08,0
2018-10-05,6,4.66667,0.0,2.66667,100,39.25,5.35571,15.3595,3.35954,751.68,0
2018-10-05,7,4.0,0.0,2.33333,95,37.4517,9.25,10.7401,1.44614,718.68,0
2018-10-05,8,3.66667,0.0,2.5,100,39.9957,13.06,8.89238,0.68078,740.52,0
2018-10-05,9,3.33333,0.0,3.33333,81,39.6514,10.0114,6.12074,-10.4673,801.36,0
2018-10-05,10,4.16667,0.0,4.66667,51,28.885,8.21714,3.3491,-11.6153,780.0,0
2018-10-05,11,3.83333,0.0,6.16667,55,25.1486,5.37167,14.0446,-15.0846,749.7,0
2018-10-05,12,4.0,0.0,8.0,48,17.81,6.61571,13.0446,-15.0846,780.0,0
2018-10-05,13,4.5,0.0,10.3333,43,10.4329,6.65714,13.6935,-4.43156,756.0,0
2018-10-05,14,5.0,0.0,12.5,42,11.1163,5.86167,4.15793,-0.89601,764.64,0
2018-10-05,15,5.5,0.0,14.3333,38,9.40429,13.9286,-3.13815,4.64727,737.76,0
2018-10-05,16,5.16667,0.0,15.5,38,16.9675,22.4757,-15.6814,6.94335,699.84,0
2018-10-05,17,5.5,0.0,16.3333,45,20.52,24.1371,-15.6814,16.9433,699.84,0
2018-10-05,18,6.0,0.0,16.5,53,28.87,39.5229,-14.5976,22.3923,642.6,0
2018-10-05,19,6.66667,0.0,16.0,59,41.2325,65.9357,-13.5705,31.8177,575.143,0
2018-10-05,20,6.5,0.0,14.6667,68,46.3288,69.0286,-29.9345,25.4537,517.0,0
2018-10-05,21,6.33333,0.0,12.8333,74,49.0971,66.0617,-34.5539,23.5403,480.0,0
2018-10-05,22,5.83333,0.0,11.1667,69,56.9825,59.3429,-34.1712,13.3777,480.0,0
2018-10-05,23,5.83333,0.0,9.66667,65,56.76,58.1143,-31.401,7.99435,561.6,0
2018-10-06,0,5.16667,0.0,8.33333,71,49.7988,53.2786,-27.1916,-2.16833,583.0,1
2018-10-06,1,4.66667,0.0,7.33333,74,50.78,47.0914,-30.7271,-5.70388,540.0,1
2018-10-06,2,4.66667,0.0,6.66667,71,40.9562,46.9167,-30.7271,-15.296,570.24,1
2018-10-06,3,4.66667,0.0,6.33333,67,37.3057,42.9014,-30.7271,-22.3671,618.667,1
2018-10-06,4,5.16667,0.0,6.0,65,31.5287,39.96,-34.2627,-25.9027,593.6,1
2018-10-06,5,5.16667,0.0,5.66667,65,31.2414,37.0757,-29.8121,-36.8861,668.8,1
2018-10-06,6,5.16667,0.0,5.5,77,30.0863,39.25,-29.8121,-41.8861,637.867,1
2018-10-06,7,5.16667,0.0,5.16667,86,31.94,37.4517,-26.9836,-39.0576,648.96,1
2018-10-06,8,5.33333,0.0,5.5,73,30.385,39.9957,-22.3642,-43.1442,624.24,1
2018-10-06,9,5.5,0.0,6.16667,60,28.7071,39.6514,-21.9816,-42.2204,586.56,1
2018-10-06,10,6.33333,0.0,7.33333,55,25.8813,28.885,-17.895,-37.601,563.04,1
2018-10-06,11,7.33333,0.0,9.16667,50,18.9686,25.1486,1.18387,-31.7693,524.16,1
2018-10-06,12,7.83333,0.0,11.5,40,18.2787,17.81,19.255,-24.6982,440.64,1
2018-10-06,13,9.5,0.0,14.1667,38,17.0057,10.4329,13.7773,-12.0174,419.76,1
2018-10-06,14,11.1667,0.0,16.6667,38,19.295,11.1163,35.609,3.06144,319.0,1
2018-10-06,15,12.1667,0.0,18.8333,37,21.3875,9.40429,35.609,3.06144,281.455,1
2018-10-06,16,12.8333,0.0,20.1667,40,20.7125,16.9675,13.5224,-1.53072,252.0,1
2018-10-06,17,13.1667,0.0,20.8333,48,21.795,20.52,7.97912,-9.94968,243.6,1
2018-10-06,18,13.0,0.0,20.6667,58,27.3962,28.87,4.97912,-9.94968,269.925,1
2018-10-06,19,12.0,0.0,20.1667,58,32.2812,41.2325,-1.48804,-12.6284,275.4,1
2018-10-06,20,10.1667,0.0,19.0,62,35.3875,46.3288,-7.48804,-12.6284,302.4,1
2018-10-06,21,9.5,0.0,17.3333,71,33.7271,49.0971,-11.0236,-16.164,311.1,1
2018-10-06,22,9.33333,0.0,16.3333,54,37.7713,56.9825,8.06297,-11.5718,376.2,1
2018-10-06,23,9.83333,0.0,15.3333,55,34.5775,56.76,33.9973,-6.21431,378.831,1
2018-10-07,0,10.3333,0.0,14.6667,55,32.4912,49.7988,12.6824,2.58733,334.08,1
2018-10-07,1,10.6667,0.0,14.1667,53,29.6543,50.78,12.6824,2.58733,292.56,1
2018-10-07,2,10.8333,0.0,13.8333,61,33.105,40.9562,20.2179,6.12288,291.877,1
2018-10-07,3,10.8333,0.0,14.0,52,32.4457,37.3057,15.9753,10.3655,299.815,1
2018-10-07,4,9.66667,0.0,13.6667,53,36.2088,31.5287,10.9753,10.3655,374.4,1
2018-10-07,5,8.33333,0.0,13.3333,58,36.4443,31.2414,16.9753,10.3655,382.8,1
2018-10-07,6,7.5,0.51,12.8333,59,41.4075,30.0863,9.58422,13.427,360.0,1
2018-10-07,7,6.33333,0.51,12.5,62,41.5386,31.94,27.9018,11.9235,429.0,1
2018-10-07,8,6.16667,0.51,12.0,76,45.605,30.385,32.5213,10.0101,420.0,1
2018-10-07,9,5.83333,0.51,11.6667,69,46.3071,28.7071,22.5212,15.0101,518.7,1
2018-10-07,10,6.16667,0.51,12.0,58,42.5429,25.8813,26.7639,20.5534,494.7,1
2018-10-07,11,5.66667,0.51,12.8333,55,41.4829,18.9686,27.0066,16.3107,538.65,1
2018-10-07,12,5.83333,0.0,14.5,41,40.9,18.2787,23.471,19.8463,514.8,1
2018-10-07,13,6.5,0.0,16.1667,39,38.7463,17.0057,13.1749,25.3895,520.0,1
2018-10-07,14,7.5,0.0,18.3333,41,39.4544,19.295,-1.13998,28.8337,497.25,1
2018-10-07,15,7.83333,0.0,20.0,46,36.705,21.3875,13.7155,21.1528,420.0,1
2018-10-07,16,8.0,0.0,21.0,50,40.84,20.7125,17.0961,18.0662,413.4,1
2018-10-07,17,8.16667,0.0,21.6667,58,43.7156,21.795,21.8535,12.523,390.0,1
2018-10-07,18,7.66667,0.0,21.5,69,49.5967,27.3962,19.8535,12.523,379.44,1
2018-10-07,19,6.83333,0.0,20.8333,70,58.3267,32.2812,26.389,8.9874,432.0,1
2018-10-07,20,5.83333,0.0,19.6667,71,63.5144,35.3875,22.6935,10.5181,420.0,1
2018-10-07,21,5.33333,0.0,18.5,77,64.27,33.7271,29.9896,4.97484,482.4,1
2018-10-07,22,4.66667,0.0,17.5,79,56.7978,37.7713,43.3045,1.53072,569.455,1
2018-10-07,23,4.66667,0.0,16.3333,78,57.2738,34.5775,46.84,-2.00483,558.0,1
2018-10-08,0,4.66667,0.0,15.3333,79,49.3944,32.4912,31.5974,-6.24749,607.05,0
2018-10-08,1,4.83333,0.0,14.5,85,37.2667,29.6543,29.476,-8.36882,615.6,0
2018-10-08,2,4.83333,0.0,14.0,82,24.6467,33.105,25.0116,-11.9044,688.267,0
2018-10-08,3,5.33333,0.0,13.5,82,10.0138,32.4457,30.0116,-11.9044,657.2,0
2018-10-08,4,5.83333,0.0,12.8333,85,5.97444,36.2088,26.6685,-6.24749,622.2,0
2018-10-08,5,6.16667,0.0,12.3333,81,5.85875,36.4443,25.6685,-6.24749,540.0,0
2018-10-08,6,6.33333,0.51,11.6667,89,8.3,41.4075,32.364,-7.77821,524.16,0
2018-10-08,7,6.16667,0.51,11.1667,92,12.0289,41.5386,31.364,-7.77821,546.96,0
2018-10-08,8,6.16667,0.51,10.6667,89,12.075,45.605,31.8284,-4.24266,583.0,0
2018-10-08,9,5.83333,0.51,10.5,83,17.7478,46.3071,36.8284,-4.24266,540.0,0
2018-10-08,10,5.5,0.51,10.6667,75,20.5367,42.5429,49.1924,2.12133,524.16,0
2018-10-08,11,5.33333,0.51,10.8333,71,22.27,41.4829,51.2002,3.3608,501.84,0
2018-10-08,12,5.5,0.0,11.5,65,21.9189,40.9,52.6673,0.68204,514.8,0
2018-10-08,13,5.66667,0.0,12.3333,59,24.4487,38.7463,50.546,-0.35544,569.25,0
2018-10-08,14,5.5,0.0,13.3333,57,27.8656,39.4544,50.546,4.64456,540.0,0
2018-10-08,15,5.33333,0.0,14.3333,54,29.375,36.705,45.3744,7.473,615.6,0
2018-10-08,16,5.66667,0.0,15.0,57,32.7889,40.84,41.9938,5.5596,620.1,0
2018-10-08,17,5.83333,0.0,15.3333,65,36.18,43.7156,33.9938,-2.4404,570.24,0
2018-10-08,18,6.16667,0.0,15.1667,70,37.7811,49.5967,36.3849,-5.50184,520.0,0
2018-10-08,19,6.33333,0.0,14.6667,76,45.91,58.3267,35.3346,-10.4516,499.8,0
2018-10-08,20,6.66667,0.0,13.8333,82,43.4656,63.5144,35.3346,-10.4516,517.029,0
2018-10-08,21,6.33333,0.0,12.6667,87,42.22,64.27,34.4108,-10.0689,501.84,0
2018-10-08,22,5.66667,0.0,11.5,90,37.8011,56.7978,32.0233,-17.46,546.96,0
2018-10-08,23,5.5,0.0,10.8333,84,39.5288,57.2738,34.8517,-25.2884,556.5,0
2018-10-09,0,5.5,0.0,10.1667,85,37.5756,49.3944,34.702,-34.584,501.84,0
2018-10-09,1,5.66667,0.0,9.66667,86,37.2463,37.2667,32.7614,-39.1378,514.8,0
2018-10-09,2,5.66667,0.0,9.33333,80,38.8089,24.6467,32.7614,-38.1378,532.65,0
2018-10-09,3,5.66667,0.0,9.0,86,39.7588,10.0138,25.3703,-41.0763,555.429,0
2018-10-09,4,5.5,0.0,8.83333,83,37.4144,5.97444,24.2223,-43.848,559.543,0
2018-10-09,5,4.83333,0.0,8.5,92,39.7375,5.85875,18.1245,-36.1266,626.4,0
2018-10-09,6,4.33333,0.0,8.33333,92,35.6956,8.3,21.1245,-36.1266,622.2,0
2018-10-09,7,3.83333,0.0,8.33333,79,33.4989,12.0289,12.7528,-36.6589,667.8,0
2018-10-09,8,3.83333,0.0,8.16667,98,34.7388,12.075,4.38104,-37.1913,665.6,0
2018-10-09,9,4.33333,0.0,8.66667,97,32.9133,17.7478,0.93692,-39.9629,600.0,0
2018-10-09,10,4.66667,0.0,9.66667,78,33.5025,20.5367,-4.1876,-42.6778,620.743,0
2018-10-09,11,4.83333,0.0,11.1667,61,35.2733,22.27,-2.24696,-34.2972,663.257,0
2018-10-09,12,5.0,0.0,12.5,68,35.6633,21.9189,-6.45644,-31.5256,729.6,0
2018-10-09,13,5.33333,0.0,13.8333,62,37.3838,24.4487,-8.36984,-36.145,681.943,0
2018-10-09,14,5.33333,0.0,15.6667,58,37.37,27.8656,-2.82656,-31.441,683.4,0
2018-10-09,15,5.16667,0.0,17.3333,50,32.53,29.375,0.61756,-28.2127,632.4,0
2018-10-09,16,5.16667,0.0,18.3333,55,31.2222,32.7889,-1.2344,-25.9843,620.1,0
2018-10-09,17,5.66667,0.0,18.5,60,32.7222,36.18,6.21344,-21.2425,592.8,0
2018-10-09,18,5.5,0.0,18.3333,69,41.932,37.7811,15.509,-15.7353,561.0,0
2018-10-09,19,5.16667,0.0,17.8333,71,57.179,45.91,21.5006,-8.66128,604.2,0
2018-10-09,20,4.83333,0.0,16.6667,82,64.736,43.4656,27.4922,-1.58728,635.04,0
2018-10-09,21,4.66667,0.0,15.0,89,65.0089,42.22,31.4922,-1.58728,600.0,0
2018-10-09,22,4.66667,0.0,13.3333,90,60.645,37.8011,28.4036,-7.1962,600.0,0
2018-10-09,23,4.33333,0.0,12.0,91,56.355,39.5288,31.8477,-8.12008,600.0,0
2018-10-10,0,4.33333,0.0,11.0,87,53.194,37.5756,35.6745,-8.12008,622.2,0
2018-10-10,1,4.33333,0.0,10.1667,80,50.2478,37.2463,26.4357,-4.29328,667.8,0
2018-10-10,2,3.83333,0.0,9.5,82,46.07,38.8089,22.6089,-2.44552,699.84,0
2018-10-10,3,3.83333,0.0,9.0,79,44.13,39.7588,22.2262,-3.3694,737.76,0
2018-10-10,4,3.33333,0.0,8.66667,79,42.646,37.4144,22.2262,-12.3694,764.64,0
2018-10-10,5,3.0,0.0,8.33333,84,42.75,39.7375,22.2262,-14.3694,773.76,0
2018-10-10,6,2.83333,0.0,8.16667,90,43.689,35.6956,16.4588,-19.0544,864.0,0
2018-10-10,7,2.5,0.0,8.0,95,45.4044,33.4989,14.3374,-21.1758,854.057,0
2018-10-10,8,2.66667,0.0,8.33333,87,48.0245,34.7388,12.4897,-21.9411,865.543,0
2018-10-10,9,2.66667,0.0,9.16667,71,43.4156,32.9133,8.02251,-24.6199,938.1,0
2018-10-10,10,3.33333,0.0,10.5,65,40.509,33.5025,0.63147,-27.6813,938.1,0
2018-10-10,11,3.83333,0.0,11.8333,65,40.739,35.2733,-3.06405,-35.2121,872.1,0
2018-10-10,12,4.33333,0.0,13.3333,55,42.6667,35.6633,-8.59477,-25.5165,894.24,0
2018-10-10,13,5.0,0.0,15.3333,50,34.9678,37.3838,-4.50817,-20.8971,864.96,0
2018-10-10,14,5.66667,0.0,17.3333,47,20.2062,37.37,-6.42157,-10.2777,810.9,0
2018-10-10,15,5.83333,0.0,18.6667,52,19.8867,32.53,-1.19533,-2.11293,720.0,0
2018-10-10,16,6.16667,0.0,19.3333,45,21.4456,31.2222,2.7229,7.43035,703.8,0
2018-10-10,17,7.0,0.0,20.0,56,24.5722,32.7222,13.9923,14.3233,581.4,0
2018-10-10,18,7.66667,0.0,20.1667,75,36.3389,41.932,27.6982,12.4099,457.6,0
2018-10-10,19,7.33333,0.0,19.3333,85,52.9478,57.179,36.937,8.58312,432.0,0
2018-10-10,20,6.83333,0.0,17.8333,89,62.2278,64.736,39.7655,5.75468,420.0,0
2018-10-10,21,6.5,0.0,16.3333,85,62.2556,65.0089,34.9135,2.98304,477.0,0
2018-10-10,22,5.66667,0.0,14.8333,88,61.1178,60.645,34.9135,-0.01696,480.0,0
2018-10-10,23,4.5,0.0,13.1667,81,55.47,56.355,36.0616,-8.7886,540.6,0
2018-10-11,0,3.16667,0.0,11.6667,83,49.1611,53.194,36.0616,-18.7886,570.24,0
2018-10-11,1,3.16667,0.0,10.6667,90,49.4457,50.2478,36.0616,-20.7886,586.56,0
2018-10-11,2,2.83333,0.0,9.83333,87,43.6033,46.07,32.526,-29.408,655.2,0
2018-10-11,3,2.66667,0.0,9.16667,89,41.2511,44.13,32.1433,-30.3319,701.25,0
2018-10-11,4,2.66667,0.0,8.5,84,39.7289,42.646,31.378,-32.1796,723.45,0
2018-10-11,5,2.66667,0.0,8.0,95,39.1644,42.75,29.2566,-34.301,720.0,0
2018-10-11,6,3.0,0.0,7.66667,100,39.4711,43.689,17.5611,-35.8317,864.327,0
2018-10-11,7,3.16667,0.0,7.16667,91,41.7233,45.4044,21.5611,-35.8317,844.145,0
2018-10-11,8,3.33333,0.0,7.0,100,41.3256,48.0245,11.3984,-36.6222,960.48,0
2018-10-11,9,3.33333,0.0,7.33333,100,38.7822,43.4156,11.3984,-38.6222,981.12,0
2018-10-11,10,3.83333,0.0,8.83333,60,37.82,40.509,10.6331,-40.47,997.92,0
2018-10-11,11,4.16667,0.0,10.3333,58,35.27,40.739,-4.14901,-38.9393,967.2,0
2018-10-11,12,4.5,0.0,12.1667,49,29.8512,42.6667,-5.82941,-38.8825,915.2,0
2018-10-11,13,4.83333,0.0,14.5,45,30.0971,34.9678,-12.5207,-35.4069,874.5,0
2018-10-11,14,5.66667,0.0,17.0,45,24.6537,20.2062,-15.1995,-22.9397,780.0,0
2018-10-11,15,6.33333,0.0,19.5,37,19.4275,19.8867,-16.7302,-9.70093,632.4,0
2018-10-11,16,6.33333,0.0,20.6667,40,25.8344,21.4456,-13.2094,-0.5056,620.1,0
2018-10-11,17,6.33333,0.0,21.6667,57,26.1644,24.5722,-17.2094,5.4944,586.56,0
2018-10-11,18,7.16667,0.0,22.0,72,35.1911,36.3389,-11.2094,12.4944,480.0,0
2018-10-11,19,7.16667,0.0,21.6667,74,44.646,52.9478,-0.69132,6.47556,438.6,0
2018-10-11,20,7.16667,0.0,20.5,67,51.235,62.2278,-0.30864,5.55168,420.0,0
2018-10-11,21,6.5,0.0,18.5,77,50.1033,62.2556,5.23464,0.84776,420.0,0
2018-10-11,22,6.16667,0.0,16.5,79,52.719,61.1178,7.9134,-7.6194,509.143,0
2018-10-11,23,5.83333,0.0,14.6667,73,46.026,55.47,7.9134,-11.6194,498.343,0
2018-10-12,0,5.33333,0.0,13.0,76,41.494,49.1611,6.89664,-19.6173,540.6,0
2018-10-12,1,5.0,0.0,11.5,84,39.9144,49.4457,9.19272,-33.1606,499.8,0
2018-10-12,2,4.66667,0.0,10.1667,87,34.385,43.6033,4.57332,-41.074,520.0,0
2018-10-12,3,4.66667,0.0,9.16667,94,32.507,41.2511,-3.34008,-45.6934,607.418,0
2018-10-12,4,4.66667,0.0,8.5,92,30.0478,39.7289,-4.10544,-47.5411,641.455,0
2018-10-12,5,4.83333,0.0,7.83333,100,30.089,39.1644,-5.63616,-51.2366,635.345,0
2018-10-12,6,4.33333,0.0,7.16667,100,30.6567,39.4711,-9.84564,-46.074,685.029,0
2018-10-12,7,4.33333,0.0,6.66667,91,33.536,41.7233,-12.5244,-44.6068,729.6,0
2018-10-12,8,4.33333,0.0,6.83333,95,37.985,41.3256,-8.98885,-41.0713,681.943,0
2018-10-12,9,4.83333,0.0,6.83333,100,34.5689,38.7822,-8.98885,-37.0713,655.2,0
2018-10-12,10,5.33333,0.0,8.33333,62,31.407,37.82,-10.9023,-37.6907,627.3,0
2018-10-12,11,5.33333,0.0,9.66667,59,29.9189,35.27,-0.20673,-36.1599,639.6,0
2018-10-12,12,5.5,0.0,11.6667,51,31.02,29.8512,-2.12013,-32.7793,648.96,0
2018-10-12,13,5.66667,0.0,14.1667,38,27.8856,30.0971,0.20319,-25.3226,624.24,0
2018-10-12,14,5.83333,0.0,16.6667,40,26.145,24.6537,-2.66133,-16.5594,566.1,0
2018-10-12,15,5.83333,0.0,19.5,35,23.689,19.4275,4.86939,-12.8639,540.0,0
2018-10-12,16,5.66667,0.0,20.5,37,26.374,25.8344,4.86939,-2.86389,540.0,0
2018-10-12,17,5.5,0.0,21.5,54,33.466,26.1644,-4.20944,-3.69552,570.24,0
2018-10-12,18,5.33333,0.0,21.5,73,47.744,35.1911,-7.90496,-2.1648,540.0,0
2018-10-12,19,5.16667,0.0,20.5,81,58.148,44.646,-7.90496,7.8352,540.0,0
2018-10-12,20,5.0,0.0,18.6667,83,58.9373,51.235,-1.37216,14.368,579.429,0
2018-10-12,21,5.33333,0.0,16.5,86,61.592,50.1033,-3.75276,12.4546,586.56,0
2018-10-12,22,5.0,0.0,14.6667,79,58.7564,52.719,-8.30652,14.3952,561.0,0
2018-10-12,23,5.0,0.0,12.8333,73,56.0645,46.026,-7.54116,5.15644,604.2,0
2018-10-13,0,4.83333,0.0,11.5,76,51.8155,41.494,-1.99788,-1.13964,649.0,1
2018-10-13,1,4.66667,0.0,10.3333,88,48.826,39.9144,2.00212,-1.13964,622.2,1
2018-10-13,2,4.16667,0.0,9.5,85,47.2155,34.385,-3.99788,-5.13964,648.96,1
2018-10-13,3,3.83333,0.0,8.83333,86,41.4909,32.507,-3.99788,-7.13964,660.0,1
2018-10-13,4,3.5,0.0,8.16667,89,39.771,30.0478,-3.99788,-17.1396,683.4,1
2018-10-13,5,3.66667,0.0,7.5,95,38.5482,30.089,0.78004,-16.6913,747.3,1
2018-10-13,6,3.66667,0.0,6.83333,100,36.661,30.6567,8.01111,-21.7576,737.76,1
2018-10-13,7,3.83333,0.0,6.5,95,39.3855,33.536,5.18267,-29.586,764.64,1
2018-10-13,8,4.16667,0.0,6.66667,99,40.307,37.985,-2.97228,-35.035,764.64,1
2018-10-13,9,3.5,0.0,6.5,100,37.8355,34.5689,-4.503,-38.7305,720.0,1
2018-10-13,10,4.0,0.0,8.0,55,37.848,31.407,-9.50508,-37.741,864.0,1
2018-10-13,11,3.83333,0.0,9.5,55,34.3009,29.9189,-14.1245,-39.6544,804.343,1
2018-10-13,12,3.5,0.0,11.3333,43,32.34,31.02,-11.3528,-35.4449,810.9,1
2018-10-13,13,3.66667,0.0,13.5,40,30.5845,27.8856,-11.6699,-30.984,874.5,1
2018-10-13,14,4.0,0.0,15.6667,40,27.369,26.145,-13.966,-21.4407,810.9,1
2018-10-13,15,4.83333,0.0,18.6667,33,27.2209,23.689,-20.262,-11.8975,765.0,1
2018-10-13,16,4.83333,0.0,19.6667,40,26.3136,26.374,-20.262,-3.89746,720.0,1
2018-10-13,17,5.0,0.0,20.6667,58,40.92,33.466,-21.4101,7.5697,711.36,1
2018-10-13,18,5.83333,0.0,20.8333,76,58.37,47.744,-21.4101,14.6408,688.5,1
2018-10-13,19,6.16667,0.0,20.5,70,67.1355,58.148,-8.57893,18.326,683.7,1
2018-10-13,20,6.0,0.0,19.3333,74,65.9827,58.9373,0.72551,19.884,563.04,1
2018-10-13,21,5.83333,0.0,17.5,78,66.497,61.592,10.3449,21.7974,540.0,1
2018-10-13,22,5.66667,0.0,15.8333,79,63.7364,58.7564,11.2688,21.4147,540.6,1
2018-10-13,23,5.0,0.0,14.1667,73,61.746,56.0645,9.86935,17.4021,583.0,1
2018-10-14,0,4.66667,0.0,12.8333,75,55.0218,51.8155,8.94547,17.7848,626.4,1
2018-10-14,1,4.16667,0.0,11.3333,87,51.3518,48.826,11.2415,7.24155,649.0,1
2018-10-14,2,3.66667,0.0,10.3333,82,46.6082,47.2155,11.2415,2.24155,600.0,1
2018-10-14,3,3.66667,0.0,9.33333,82,45.184,41.4909,11.2415,-5.75845,674.16,1
2018-10-14,4,3.83333,0.0,8.5,82,41.1827,39.771,13.155,-15.3778,674.16,1
2018-10-14,5,3.83333,0.0,7.66667,85,38.7645,38.5482,9.6194,-23.9134,707.143,1
2018-10-14,6,3.66667,0.0,7.0,96,38.8309,36.661,9.6194,-24.9134,749.829,1
2018-10-14,7,3.66667,0.0,6.66667,100,38.3491,39.3855,9.6194,-28.9134,720.0,1
2018-10-14,8,4.16667,0.0,6.66667,91,40.547,40.307,1.23884,-30.854,787.05,1
2018-10-14,9,3.66667,0.0,6.5,100,37.6364,37.8355,-4.2388,-32.412,801.36,1
2018-10-14,10,4.16667,0.0,8.0,52,35.647,37.848,-3.47344,-34.2598,807.84,1
2018-10-14,11,4.83333,0.0,9.66667,52,32.84,34.3009,-11.2451,-39.2346,780.0,1
2018-10-14,12,5.0,0.0,11.6667,42,26.463,32.34,-11.2451,-43.0614,737.76,1
2018-10-14,13,5.5,0.0,14.1667,38,19.6,30.5845,-15.8645,-39.9748,737.76,1
2018-10-14,14,5.5,0.0,16.8333,34,17.4636,27.369,-8.47344,-36.0362,648.96,1
2018-10-14,15,6.83333,0.0,19.6667,32,17.76,27.2209,-3.85404,-32.9496,648.96,1
2018-10-14,16,8.0,0.0,20.5,35,21.5236,26.3136,-13.0928,-26.7764,524.16,1
2018-10-14,17,9.5,0.0,21.8333,30,26.14,40.92,-24.4648,-26.2965,390.0,1
2018-10-14,18,10.3333,0.0,22.5,35,30.0955,58.37,-13.1925,-32.3426,319.2,1
2018-10-14,19,10.0,0.0,22.3333,39,36.3809,67.1355,-29.8224,-33.108,257.04,1
2018-10-14,20,10.1667,0.0,21.1667,40,40.9855,65.9827,-38.6844,-35.4372,297.0,1
2018-10-14,21,10.0,0.0,19.5,51,37.476,66.497,-29.4456,-37.6104,378.88,1
2018-10-14,22,9.16667,0.0,18.0,55,37.8536,63.7364,-32.8897,-45.9254,352.0,1
2018-10-14,23,8.66667,0.0,15.8333,53,35.235,61.746,-26.1099,-44.5575,399.514,1
2018-10-15,0,7.83333,0.0,13.8333,58,34.534,55.0218,-24.9619,-41.7859,403.68,0
2018-10-15,1,7.66667,0.0,12.0,59,34.324,51.3518,-29.5813,-43.6993,400.68,0
2018-10-15,2,7.33333,0.0,10.3333,64,30.165,46.6082,-22.2559,-44.4919,432.0,0
2018-10-15,3,6.66667,0.0,9.33333,63,28.6891,45.184,-22.2559,-48.4919,420.0,0
2018-10-15,4,5.83333,0.0,8.5,60,27.625,41.1827,-19.9266,-48.8686,438.6,0
2018-10-15,5,5.5,0.0,7.66667,70,30.4573,38.7645,-24.546,-44.782,498.667,0
2018-10-15,6,6.0,0.0,7.16667,79,29.9736,38.8309,-17.6578,-44.782,510.72,0
2018-10-15,7,5.83333,0.0,6.66667,87,33.044,38.3491,-13.831,-43.5432,553.527,0
2018-10-15,8,5.83333,0.0,6.83333,78,36.1091,40.547,-15.3617,-47.2387,558.0,0
2018-10-15,9,5.83333,0.0,6.66667,91,35.257,37.6364,-12.5332,-50.0672,556.364,0
2018-10-15,10,6.16667,0.0,8.0,47,28.1127,35.647,-4.78821,-35.2851,563.04,0
2018-10-15,11,5.66667,0.0,10.0,36,26.6673,32.84,8.74459,-28.7523,556.5,0
2018-10-15,12,5.33333,0.0,12.1667,30,22.407,26.463,12.9873,-28.9949,524.16,0
2018-10-15,13,5.83333,0.0,14.6667,31,20.6836,19.6,10.658,-20.1329,501.84,0
2018-10-15,14,6.33333,0.0,17.0,30,15.494,17.4636,21.7445,-20.8982,530.0,0
2018-10-15,15,6.66667,0.0,19.6667,29,14.1,17.76,23.2502,-6.11616,550.8,0
2018-10-15,16,6.5,0.0,20.5,37,26.3367,21.5236,28.2,8.351,504.9,0
2018-10-15,17,7.33333,0.0,21.1667,29,27.5309,26.14,32.4455,12.5789,505.44,0
2018-10-15,18,7.66667,0.0,21.1667,33,46.3882,30.0955,21.1318,0.18127,420.0,0
2018-10-15,19,8.0,0.0,20.5,35,56.8091,36.3809,4.23223,-1.23295,432.0,0
2018-10-15,20,7.66667,0.0,19.1667,41,58.2291,40.9855,2.1109,-11.8396,392.229,0
2018-10-15,21,7.33333,0.0,17.3333,54,59.6922,37.476,0.64374,-9.16084,425.829,0
2018-10-15,22,7.16667,0.0,15.6667,56,54.371,37.8536,0.31337,-17.5414,460.8,0
2018-10-15,23,6.16667,0.0,13.5,58,53.72,35.235,2.22677,-22.1608,437.143,0
2018-10-16,0,5.66667,0.0,11.3333,64,45.9045,34.534,-7.3424,-30.5414,457.6,0
2018-10-16,1,5.5,0.0,9.66667,61,40.2591,34.324,-17.5051,-26.3319,537.818,0
2018-10-16,2,5.33333,0.0,8.33333,63,35.1282,30.165,-17.5051,-34.3319,480.0,0
2018-10-16,3,5.66667,0.0,7.5,65,33.6836,28.6891,-12.5553,-29.3821,550.8,0
2018-10-16,4,5.5,0.0,6.66667,67,31.483,27.625,-6.89843,-30.7252,582.4,0
2018-10-16,5,4.83333,0.0,6.0,74,31.0745,30.4573,-8.42915,-34.4207,575.467,0
2018-10-16,6,4.66667,0.0,5.66667,86,31.551,29.9736,-8.81183,-35.3446,618.8,0
2018-10-16,7,3.66667,0.0,5.33333,91,36.6509,33.044,-2.44784,-32.9806,648.96,0
2018-10-16,8,3.83333,0.0,5.5,79,37.8409,36.1091,-2.44784,-34.9806,660.0,0
2018-10-16,9,3.5,0.0,6.33333,59,36.725,35.257,-3.91229,-38.5162,660.0,0
2018-10-16,10,3.83333,0.0,7.83333,52,32.62,28.1127,-10.4451,-41.2222,660.0,0
2018-10-16,11,4.5,0.0,9.5,45,29.32,26.6673,-13.2824,-32.3933,699.84,0
2018-10-16,12,4.5,0.0,11.6667,35,25.306,22.407,-10.5764,-38.9261,743.85,0
2018-10-16,13,4.83333,0.0,14.1667,31,23.94,20.6836,-14.2719,-37.3954,723.45,0
2018-10-16,14,4.5,0.0,16.8333,29,25.1009,15.494,-14.2719,-25.3954,747.3,0
2018-10-16,15,4.33333,0.0,18.6667,29,20.212,14.1,-11.2719,-25.3954,720.0,0
2018-10-16,16,4.16667,0.0,19.5,35,26.9927,26.3367,-4.44345,-22.5669,790.457,0
2018-10-16,17,4.16667,0.0,20.1667,40,31.0382,27.5309,-6.35685,-10.9475,780.0,0
2018-10-16,18,4.33333,0.0,19.8333,47,54.81,46.3882,0.17595,-4.41475,717.6,0
2018-10-16,19,4.5,0.0,18.6667,58,62.31,56.8091,0.17595,6.58525,699.84,0
2018-10-16,20,4.83333,0.0,16.6667,64,70.8545,58.2291,1.2598,12.0342,699.84,0
2018-10-16,21,4.83333,0.0,14.6667,71,72.667,59.6922,3.1732,11.6536,715.0,0
2018-10-16,22,4.83333,0.0,13.0,72,69.354,54.371,6.00164,8.82516,683.4,0
2018-10-16,23,4.83333,0.0,11.0,81,62.326,53.72,11.5449,1.52908,685.44,0
2018-10-17,0,5.16667,0.0,9.66667,74,55.934,45.9045,13.4583,1.14848,660.0,0
2018-10-17,1,4.66667,0.0,8.66667,76,54.3233,40.2591,10.6867,-7.061,600.0,0
2018-10-17,2,4.16667,0.0,8.0,80,50.093,35.1282,6.27246,-8.47522,655.2,0
2018-10-17,3,4.33333,0.0,7.5,77,50.07,33.6836,4.4247,-9.24058,660.0,0
2018-10-17,4,3.83333,0.0,7.16667,73,46.43,31.483,2.3381,-13.86,660.0,0
2018-10-17,5,3.33333,0.0,7.16667,84,41.6722,31.0745,5.01686,-20.3271,737.76,0
2018-10-17,6,3.16667,0.0,7.0,93,42.404,31.551,5.01686,-22.3271,746.64,0
2018-10-17,7,3.66667,0.0,7.0,97,44.1522,36.6509,-5.14582,-26.5366,720.0,0
2018-10-17,8,4.0,0.0,7.33333,89,47.805,37.8409,-8.68137,-35.0722,720.0,0
2018-10-17,9,4.0,0.0,8.16667,70,46.806,36.725,-13.3008,-40.9856,746.64,0
2018-10-17,10,4.66667,0.0,9.5,51,44.423,32.62,-17.9202,-37.899,720.0,0
2018-10-17,11,4.66667,0.0,10.6667,51,40.3467,29.32,-14.7486,-30.0705,764.64,0
2018-10-17,12,4.5,0.0,12.3333,43,37.013,25.306,-16.5964,-30.8359,773.76,0
2018-10-17,13,4.0,0.0,14.3333,37,33.554,23.94,-11.977,-27.7493,814.629,0
2018-10-17,14,3.66667,0.0,16.3333,33,34.7818,25.1009,-10.1292,-28.5147,829.029,0
2018-10-17,15,3.66667,0.0,18.3333,30,32.624,20.212,-8.71499,-29.9289,840.0,0
2018-10-17,16,3.66667,0.0,19.5,33,43.9991,26.9927,1.01415,-20.0705,829.44,0
2018-10-17,17,4.16667,0.0,20.3333,47,47.7655,31.0382,-0.89925,-9.45113,720.0,0
2018-10-17,18,4.16667,0.0,20.5,48,59.7844,54.81,1.87094,-0.98397,731.4,0
2018-10-17,19,4.66667,0.0,20.0,51,70.9691,62.31,10.9498,4.84766,737.76,0
2018-10-17,20,5.5,0.0,18.8333,55,71.9427,70.8545,19.1047,10.2966,717.6,0
2018-10-17,21,5.33333,0.0,17.0,65,70.154,72.667,24.0545,9.34684,660.0,0
2018-10-17,22,5.0,0.0,15.3333,68,67.0773,69.354,28.6739,7.26024,707.2,0
2018-10-17,23,4.83333,0.0,14.1667,64,63.5318,62.326,22.6739,3.26024,660.0,0
2018-10-18,0,5.0,0.0,13.0,65,59.78,55.934,24.5217,0.0256,685.44,0
2018-10-18,1,4.83333,0.0,12.0,76,55.2627,54.3233,16.6403,-1.88142,635.04,0
2018-10-18,2,3.83333,0.0,11.1667,69,51.587,50.093,13.8118,-4.70986,600.0,0
2018-10-18,3,3.83333,0.0,10.3333,71,49.424,50.07,13.1047,-10.417,715.0,0
2018-10-18,4,3.83333,0.0,9.83333,79,49.075,46.43,13.1047,-14.417,683.4,0
2018-10-18,5,3.83333,0.0,9.0,88,47.1944,41.6722,11.574,-24.1125,711.36,0
2018-10-18,6,3.66667,0.0,8.33333,90,51.4809,42.404,6.50773,-32.4274,737.76,0
2018-10-18,7,3.83333,0.0,8.0,90,52.38,44.1522,7.97218,-35.963,737.76,0
2018-10-18,8,4.16667,0.0,8.16667,82,53.1,47.805,3.35278,-42.8764,773.143,0
2018-10-18,9,3.66667,0.0,8.16667,93,52.9356,46.806,6.35278,-42.8764,766.629,0
2018-10-18,10,4.0,0.0,9.0,62,52.699,44.423,7.35278,-42.8764,804.343,0
2018-10-18,11,4.16667,0.0,10.1667,62,42.6167,40.3467,6.64567,-28.3833,810.9,0
2018-10-18,12,3.83333,0.0,11.6667,53,43.05,37.013,11.6457,-24.3833,780.0,0
2018-10-18,13,4.0,0.0,13.1667,51,43.9213,33.554,14.6457,-20.3833,847.0,0
2018-10-18,14,4.33333,0.0,14.8333,46,47.341,34.7818,16.9417,-19.9266,810.9,0
2018-10-18,15,5.0,0.0,17.0,43,45.9122,32.624,24.0128,-12.8555,747.3,0
2018-10-18,16,4.83333,0.0,18.0,49,50.401,43.9991,29.0128,-8.85549,717.6,0
2018-10-18,17,5.16667,0.0,18.5,59,92.38,47.7655,35.5436,-5.15997,688.5,0
2018-10-18,18,5.33333,0.0,18.5,66,68.33,59.7844,39.0743,-1.46445,699.84,0
2018-10-18,19,5.0,0.23,18.1667,68,84.493,70.9691,42.7698,0.0662699,660.0,0
2018-10-18,20,4.83333,0.23,17.0,71,83.7156,71.9427,43.4653,6.59699,600.0,0
2018-10-18,21,4.66667,0.23,15.5,79,81.8467,70.154,42.4653,10.597,644.8,0
2018-10-18,22,4.16667,0.23,14.0,84,74.664,67.0773,36.6919,1.35819,674.16,0
2018-10-18,23,3.83333,0.23,12.8333,84,67.7656,63.5318,35.9266,-0.48957,685.44,0
2018-10-19,0,4.0,0.23,11.8333,82,66.1167,59.78,29.84,-5.10897,715.0,0
2018-10-19,1,4.0,0.0,11.1667,79,66.6611,55.2627,31.7534,-9.72837,660.0,0
2018-10-19,2,3.66667,0.0,10.6667,83,65.89,51.587,29.4573,-8.18509,685.44,0
2018-10-19,3,3.83333,0.0,10.3333,82,64.7811,49.424,26.6871,-13.5684,764.64,0
2018-10-19,4,4.16667,0.23,10.1667,83,60.795,49.075,21.6871,-18.5684,764.64,0
2018-10-19,5,4.0,0.23,10.1667,88,70.08,47.1944,24.5156,-21.3968,720.0,0
2018-10-19,6,4.0,0.23,10.1667,89,75.58,51.4809,16.6871,-18.5684,790.457,0
2018-10-19,7,4.16667,0.23,10.0,90,76.3,52.38,5.06772,-20.4818,780.0,0
2018-10-19,8,4.0,0.23,10.1667,86,66.6964,53.1,1.3722,-27.0125,749.7,0
2018-10-19,9,3.5,0.23,10.5,82,68.3545,52.9356,1.3722,-28.0125,780.0,0
2018-10-19,10,3.83333,1.02,11.0,77,68.4682,52.699,-3.73754,-30.9575,842.4,0
2018-10-19,11,3.66667,2.04,11.8333,74,68.9836,42.6167,0.50512,-29.4142,780.0,0
2018-10-19,12,3.5,2.04,12.8333,72,68.1145,43.05,4.92253,-21.7496,829.44,0
2018-10-19,13,3.83333,2.04,13.8333,69,65.0536,43.9213,7.75097,-18.9211,780.0,0
2018-10-19,14,4.83333,2.5,14.8333,69,64.2573,47.341,10.9242,-9.68233,780.0,0
2018-10-19,15,5.5,2.5,15.6667,70,70.18,45.9122,16.626,-1.15581,711.36,0
2018-10-19,16,5.83333,1.48,16.1667,71,75.3545,50.401,20.8686,8.08685,660.0,0
2018-10-19,17,6.16667,0.92,16.0,80,78.7655,92.38,28.8686,8.08685,624.24,0
2018-10-19,18,6.66667,0.92,15.6667,80,84.4636,68.33,38.1074,11.9136,624.24,0
2018-10-19,19,6.16667,0.92,15.1667,79,92.749,84.493,45.9888,22.0066,540.6,0
2018-10-19,20,5.83333,0.46,14.3333,87,88.4218,83.7156,45.7462,16.4634,540.8,0
2018-10-19,21,5.66667,0.46,13.5,88,83.75,81.8467,48.6248,14.342,504.9,0
2018-10-19,22,5.0,0.46,12.6667,88,81.8173,74.664,50.7964,11.5136,536.057,0
2018-10-19,23,4.83333,0.0,12.1667,88,77.2,67.7656,47.4919,13.0443,595.2,0
2018-10-20,0,4.5,0.0,11.5,90,74.4773,66.1167,50.3203,15.8727,579.429,1
2018-10-20,1,5.0,0.0,10.8333,92,73.293,66.6611,48.8532,13.194,604.2,1
2018-10-20,2,5.33333,0.0,10.3333,95,63.9991,65.89,49.5603,13.9011,615.6,1
2018-10-20,3,6.16667,0.0,10.0,80,57.1918,64.7811,48.5603,13.9011,586.56,1
2018-10-20,4,6.5,0.25,9.83333,80,54.4464,60.795,47.4737,9.30893,556.5,1
2018-10-20,5,6.33333,0.25,9.66667,83,54.8418,70.08,49.4737,9.30893,524.16,1
2018-10-20,6,5.66667,0.25,9.5,84,55.3627,75.58,47.4737,9.30893,570.24,1
2018-10-20,7,4.66667,0.25,9.66667,79,55.8573,76.3,48.4737,9.30893,610.56,1
2018-10-20,8,3.83333,0.25,9.83333,86,55.8527,66.6964,49.4737,9.30893,648.96,1
2018-10-20,9,2.66667,0.25,10.0,84,58.1318,68.3545,51.4737,9.30893,660.0,1
2018-10-20,10,2.66667,0.0,10.1667,83,58.4609,68.4682,49.2454,10.457,688.5,1
2018-10-20,11,2.66667,0.0,10.3333,77,52.8936,68.9836,46.9641,10.3405,699.84,1
2018-10-20,12,3.0,0.0,10.8333,72,47.2191,68.1145,49.7357,11.4885,685.44,1
2018-10-20,13,3.33333,0.0,11.3333,72,51.4727,65.0536,47.5074,12.6365,773.143,1
2018-10-20,14,4.0,0.46,11.8333,67,55.5036,64.2573,50.279,13.7846,766.629,1
2018-10-20,15,4.5,0.92,12.3333,72,57.5373,70.18,45.3292,14.8348,790.457,1
2018-10-20,16,4.5,1.38,12.6667,72,59.3982,75.3545,42.5719,19.0775,868.68,1
2018-10-20,17,4.83333,1.38,12.6667,81,62.7336,78.7655,46.8145,24.6208,801.72,1
2018-10-20,18,4.66667,1.81,12.5,76,70.403,84.4636,40.3501,28.1563,832.0,1
2018-10-20,19,5.16667,3.38,12.1667,77,74.8636,92.749,41.7643,29.5705,840.0,1
2018-10-20,20,5.16667,4.49,11.6667,80,66.8918,88.4218,35.007,33.8132,703.8,1
2018-10-20,21,5.0,4.03,11.0,77,40.791,83.75,36.2353,32.6651,691.2,1
2018-10-20,22,6.33333,3.57,10.3333,76,32.9364,81.8173,36.6121,30.3359,665.6,1
2018-10-20,23,7.83333,4.54,9.66667,83,35.425,77.2,28.2971,40.8918,480.0,1
2018-10-21,0,9.5,5.08,9.0,74,35.8127,74.4773,32.7462,30.4634,419.76,1
2018-10-21,1,10.0,3.51,8.33333,74,35.862,73.293,34.6403,25.8631,319.0,1
2018-10-21,2,10.5,2.7,7.66667,69,33.93,63.9991,35.0043,34.178,257.04,1
2018-10-21,3,10.0,3.46,7.0,68,35.2909,57.1918,36.7489,40.5795,297.6,1
2018-10-21,4,9.0,3.46,6.5,72,35.9464,54.4464,35.9835,42.4273,342.514,1
2018-10-21,5,8.16667,3.25,6.16667,83,37.1318,54.8418,35.9835,36.4273,411.429,1
2018-10-21,6,7.66667,2.28,6.0,79,38.1109,55.3627,35.9835,45.4273,371.571,1
2018-10-21,7,7.16667,3.25,5.83333,73,35.5527,55.8573,19.6051,48.3847,410.4,1
2018-10-21,8,7.16667,2.49,5.83333,78,37.0536,55.8527,12.7612,48.0352,463.6,1
2018-10-21,9,7.83333,2.7,6.0,76,36.7055,58.1318,12.7612,46.0842,463.6,1
2018-10-21,10,8.33333,2.7,6.16667,79,29.7309,58.4609,18.7612,46.0842,435.2,1
2018-10-21,11,8.66667,1.94,6.5,84,33.9,52.8936,24.1625,35.9216,360.0,1
2018-10-21,12,8.66667,1.94,6.83333,75,42.2045,47.2191,35.1625,18.9216,395.2,1
2018-10-21,13,8.66667,0.97,7.16667,74,43.4327,51.4727,47.6067,10.6066,367.2,1
2018-10-21,14,8.0,0.97,7.66667,71,40.9982,55.5036,47.6067,10.6066,395.2,1
2018-10-21,15,7.83333,0.0,8.0,61,40.3518,57.5373,52.2261,12.5201,388.267,1
2018-10-21,16,7.33333,0.0,8.5,65,44.8609,59.3982,50.4815,8.06946,413.4,1
2018-10-21,17,6.83333,0.0,8.66667,77,51.2836,62.7336,52.4815,8.06946,439.855,1
2018-10-21,18,6.16667,0.0,8.66667,80,55.59,70.403,48.8725,11.1309,482.727,1
2018-10-21,19,5.83333,0.0,8.5,76,63.6573,74.8636,53.4919,13.0443,477.164,1
2018-10-21,20,5.5,0.0,8.16667,83,64.1818,66.8918,57.1874,14.575,480.0,1
2018-10-21,21,5.0,0.0,7.66667,87,66.416,40.791,48.3088,17.3467,582.4,1
2018-10-21,22,3.66667,0.0,7.0,78,62.7636,32.9364,48.3088,19.3467,612.0,1
2018-10-21,23,2.83333,0.0,6.66667,78,62.4691,35.425,48.3088,19.3467,676.8,1
2018-10-22,0,2.0,0.0,6.33333,79,59.736,35.8127,46.1874,21.468,680.0,0
2018-10-22,1,2.0,0.0,6.0,83,58.4627,35.862,46.1874,21.468,741.2,0
2018-10-22,2,2.16667,0.0,5.66667,86,57.989,33.93,33.4919,22.9987,795.0,0
2018-10-22,3,2.5,0.0,5.5,88,53.6691,35.2909,33.2492,18.7561,829.44,0
2018-10-22,4,3.0,0.0,5.33333,85,49.3,35.9464,37.2492,18.7561,780.0,0
2018-10-22,5,2.66667,0.0,5.0,88,45.8055,37.1318,35.6298,16.8426,836.16,0
2018-10-22,6,2.83333,0.0,4.5,82,44.1173,38.1109,36.6298,16.8426,869.04,0
2018-10-22,7,2.83333,0.0,4.33333,93,43.2273,35.5527,37.6298,16.8426,900.0,0
2018-10-22,8,2.5,0.0,4.16667,100,41.397,37.0536,33.0104,10.9292,1004.4,0
2018-10-22,9,2.66667,0.0,4.33333,84,38.5018,36.7055,32.2451,9.08149,1014.0,0
2018-10-22,10,2.83333,0.0,4.66667,76,37.6155,29.7309,19.6257,10.9949,1097.25,0
2018-10-22,11,3.33333,0.0,5.5,68,39.0936,33.9,19.6257,6.99489,1048.05,0
2018-10-22,12,3.83333,0.0,6.66667,59,36.8145,42.2045,16.2346,3.93345,1085.76,0
2018-10-22,13,4.16667,0.0,7.83333,58,32.4909,43.4327,8.7868,4.84849,1092.0,0
2018-10-22,14,4.83333,0.0,9.33333,56,27.7636,40.9982,-2.57333,2.84221,1009.8,0
2018-10-22,15,4.83333,0.0,10.6667,49,21.0755,40.3518,5.548,-1.27912,842.4,0
2018-10-22,16,5.0,0.0,11.5,51,23.8564,44.8609,14.2435,-2.80984,810.9,0
2018-10-22,17,5.16667,0.0,12.1667,63,39.0445,51.2836,8.33012,1.80956,780.0,0
2018-10-22,18,5.33333,0.0,12.3333,90,58.9345,55.59,-1.58328,6.42896,660.0,0
2018-10-22,19,5.5,0.0,12.0,88,67.042,63.6573,2.03612,12.3424,642.6,0
2018-10-22,20,5.66667,0.0,11.0,84,80.9927,64.1818,13.888,14.9555,620.1,0
2018-10-22,21,5.66667,0.0,9.66667,90,80.7109,66.416,20.888,18.9555,540.0,0
2018-10-22,22,5.66667,0.0,9.0,84,79.8227,62.7636,24.3359,18.0404,583.0,0
2018-10-22,23,5.66667,0.0,8.0,83,79.191,62.4691,22.4225,22.6598,540.0,0
2018-10-23,0,5.66667,0.0,7.33333,74,65.1464,59.736,24.4302,23.8993,561.0,0
2018-10-23,1,5.33333,0.0,7.0,78,62.096,58.4627,13.8108,25.8127,563.04,0
2018-10-23,2,5.16667,0.76,7.0,77,45.704,57.989,8.81081,20.8127,563.04,0
2018-10-23,3,4.83333,1.52,7.16667,90,34.5745,53.6691,10.7242,10.1933,540.0,0
2018-10-23,4,6.0,1.52,7.0,90,13.9189,49.3,12.6376,2.57391,586.56,0
2018-10-23,5,7.16667,1.52,7.0,90,11.8344,45.8055,1.55105,9.98175,555.429,0
2018-10-23,6,7.66667,1.52,7.0,92,18.259,44.1173,-1.58303,19.1549,461.76,0
2018-10-23,7,8.0,3.55,6.83333,91,21.0045,43.2273,9.5228,18.391,440.64,0
2018-10-23,8,8.16667,4.82,6.66667,85,17.128,41.397,19.092,21.4274,399.36,0
2018-10-23,9,9.66667,4.06,6.66667,72,16.119,38.5018,24.0417,31.3771,377.4,0
2018-10-23,10,9.16667,4.06,6.66667,64,10.547,37.6155,19.4496,51.4637,345.6,0
2018-10-23,11,8.66667,4.42,7.0,54,8.246,39.0936,19.4496,48.4637,381.9,0
2018-10-23,12,9.16667,4.42,7.5,49,11.469,36.8145,7.52014,45.6921,386.4,0
2018-10-23,13,9.66667,3.33,8.33333,42,12.676,32.4909,-2.34622,48.4637,329.829,0
2018-10-23,14,12.1667,1.3,9.16667,46,16.763,27.7636,-16.0726,47.803,359.9,0
2018-10-23,15,14.0,1.3,9.5,50,20.929,21.0755,-11.4804,49.7164,258.4,0
2018-10-23,16,14.6667,1.3,9.83333,50,15.963,23.8564,-12.6284,52.488,165.0,0
2018-10-23,17,14.8333,1.88,9.83333,64,16.016,39.0445,-17.9941,52.4417,202.473,0
2018-10-23,18,17.5,1.88,9.66667,69,20.6389,58.9345,-21.8209,61.6805,206.182,0
2018-10-23,19,20.3333,2.01,9.16667,77,16.796,67.042,-40.9128,58.7724,180.0,0
2018-10-23,20,20.0,3.08,8.66667,82,15.746,80.9927,-38.1839,38.1839,162.222,0
2018-10-23,21,20.3333,4.15,8.5,78,14.0778,80.7109,-52.3261,52.3261,134.267,0
2018-10-23,22,23.1667,4.15,8.16667,89,7.93364,79.8227,-42.8012,56.3312,144.222,0
2018-10-23,23,25.6667,4.28,7.83333,87,5.024,79.191,-30.7803,44.3103,151.2,0
2018-10-24,0,26.3333,4.28,7.33333,82,1.939,65.1464,-38.891,38.891,165.0,0
2018-10-24,1,28.6667,4.35,7.0,82,1.511,62.096,-39.5982,39.5982,145.728,0
2018-10-24,2,30.8333,4.42,6.66667,85,1.525,45.704,-50.9119,50.9119,91.3548,0
2018-10-24,3,31.3333,4.49,6.83333,81,1.81889,34.5745,-41.6199,59.4795,113.737,0
2018-10-24,4,31.6667,5.63,7.0,75,2.37778,13.9189,-23.3435,56.3567,144.0,0
2018-10-24,5,35.1667,4.56,7.16667,70,2.64333,11.8344,-10.715,57.8686,134.057,0
2018-10-24,6,36.3333,4.56,7.33333,73,4.79667,18.259,0.0,78.0,72.9,0
2018-10-24,7,34.1667,4.28,7.5,77,6.395,21.0045,0.0,84.0,93.8087,0
2018-10-24,8,33.3333,3.14,7.66667,71,6.52333,17.128,0.0,66.0,136.421,0
2018-10-24,9,32.3333,2.0,7.33333,66,6.24444,16.119,0.0,56.0,154.286,0
2018-10-24,10,29.6667,0.86,7.16667,70,6.54667,10.547,15.5564,76.3254,120.0,0
2018-10-24,11,26.3333,0.86,7.0,66,7.844,8.246,15.5564,64.3254,180.686,0
2018-10-24,12,26.1667,2.0,6.5,60,6.377,11.469,15.5564,62.3254,164.509,0
2018-10-24,13,25.6667,1.14,6.5,52,6.76667,12.676,26.1631,60.1836,113.4,0
2018-10-24,14,28.3333,1.14,6.5,44,8.10111,16.763,26.1631,59.1836,150.811,0
2018-10-24,15,31.5,1.14,6.5,35,7.888,20.929,0.0,69.0,83.328,0
2018-10-24,16,32.0,1.14,6.66667,38,7.558,15.963,28.9915,81.8791,85.2818,0
2018-10-24,17,30.3333,1.14,7.0,35,13.097,16.016,42.4266,55.4328,170.693,0
2018-10-24,18,26.8333,0.0,7.66667,40,17.808,20.6389,53.7404,70.2149,184.537,0
2018-10-24,19,25.8333,0.0,7.66667,44,18.0333,16.796,36.0626,47.1179,240.505,0
2018-10-24,20,20.8333,0.0,7.5,48,16.097,15.746,36.0626,47.1179,229.125,0
2018-10-24,21,16.0,0.0,7.16667,52,16.4318,14.0778,45.9622,60.0522,187.425,0
2018-10-24,22,15.8333,0.0,6.33333,56,12.26,7.93364,43.1337,56.3567,218.625,0
2018-10-24,23,16.5,0.0,5.66667,45,11.2591,5.024,31.82,59.5746,222.821,0
2018-10-25,0,16.6667,0.1,5.0,50,9.40222,1.939,18.3849,62.0209,180.0,0
2018-10-25,1,15.8333,0.1,4.5,53,8.003,1.511,0.0,55.0,205.8,0
2018-10-25,2,16.6667,0.1,4.0,52,8.29444,1.525,0.0,51.0,244.26,0
2018-10-25,3,16.6667,0.1,3.66667,56,8.44222,1.81889,0.0,70.0,180.0,0
2018-10-25,4,16.6667,0.1,3.66667,61,8.08444,2.37778,0.0,62.0,217.412,0
2018-10-25,5,15.5,0.1,3.33333,68,7.31778,2.64333,0.0,63.0,187.971,0
2018-10-25,6,14.8333,0.1,3.33333,62,7.94333,4.79667,0.0,62.0,230.4,0
2018-10-25,7,13.8333,0.1,3.16667,64,8.757,6.395,-4.97484,55.0104,235.2,0
2018-10-25,8,11.1667,1.04,3.33333,68,9.92444,6.52333,-4.97484,51.0104,308.0,0
2018-10-25,9,10.3333,1.04,3.5,67,11.275,6.24444,-6.12288,53.7821,357.0,0
2018-10-25,10,9.5,1.04,3.83333,71,10.061,6.54667,-11.0726,58.7318,358.4,0
2018-10-25,11,9.83333,1.04,4.66667,63,9.821,7.844,-16.0475,52.7423,367.015,0
2018-10-25,12,11.0,2.06,5.33333,68,7.799,6.377,-26.6541,50.3489,343.938,0
2018-10-25,13,13.3333,2.06,6.33333,72,7.31111,6.76667,-34.6735,41.7091,205.029,0
2018-10-25,14,16.0,1.12,7.33333,73,9.61182,8.10111,-40.3053,40.3053,176.32,0
2018-10-25,15,18.0,1.12,8.5,70,7.647,7.888,-43.1337,43.1337,173.46,0
2018-10-25,16,19.5,2.26,9.5,73,12.3256,7.558,-36.2624,46.5452,189.382,0
2018-10-25,17,20.3333,2.26,9.83333,76,21.7289,13.097,-29.125,51.3142,175.137,0
2018-10-25,18,20.0,2.28,10.1667,76,21.575,17.808,-23.3435,56.3567,168.505,0
2018-10-25,19,20.3333,3.32,10.3333,79,28.607,18.0333,-22.9608,55.4328,189.382,0
2018-10-25,20,20.5,4.36,10.3333,76,24.3445,16.097,-14.5418,59.1074,167.04,0
2018-10-25,21,20.0,4.36,10.0,76,15.195,16.4318,-6.88824,60.6298,156.8,0
2018-10-25,22,19.3333,3.22,9.66667,75,12.5182,12.26,0.0,60.0,198.4,0
2018-10-25,23,20.3333,3.22,9.5,78,15.413,11.2591,0.0,54.0,221.76,0
