data,timeofday,windspeed6,opady6,temp6,rhumid,index_avg,prev_index_avg,wind_dir_ns,wind_dir_ew,dispel50,is_weekend
2017-11-01,2,7.16667,0.0,-1.16667,86,8.35,9.77,-28.4554,43.0678,432.667,1
2017-11-01,4,7.33333,0.0,-0.666667,90,13.41,9.44,-22.553,47.4482,425.829,1
2017-11-01,6,8.16667,0.0,-0.333333,87,6.8,6.92,-22.9357,48.3721,395.2,1
2017-11-01,8,8.16667,0.0,0.0,85,7.34,14.0,-24.5579,47.2883,408.857,1
2017-11-01,9,8.33333,0.0,0.166667,91,16.41,11.94,-25.3232,49.136,375.943,1
2017-11-01,10,8.5,0.0,0.833333,78,17.26,6.31,-24.583,54.3489,360.0,1
2017-11-01,12,8.83333,0.0,2.16667,71,13.07,5.73667,-14.0288,37.1824,386.4,1
2017-11-01,13,9.33333,0.0,3.0,67,18.93,14.15,-17.3314,36.1553,336.96,1
2017-11-01,14,9.33333,0.23,3.5,73,17.18,24.55,-13.7958,40.6198,339.2,1
2017-11-01,15,9.0,0.46,3.83333,81,11.89,21.99,-10.3517,41.3049,360.0,1
2017-11-01,16,9.0,0.46,3.83333,84,17.06,17.2,-9.58632,39.4571,356.4,1
2017-11-01,21,9.16667,0.53,2.33333,87,8.91,28.59,-41.2931,34.2575,325.867,1
2017-11-02,0,8.5,0.9,2.33333,90,3.0,8.83,-42.8032,34.6852,347.564,0
2017-11-02,1,8.16667,0.9,2.5,92,3.0,6.84,-27.6405,30.4757,425.455,0
2017-11-02,2,8.5,0.9,2.66667,92,3.0,8.35,-34.0045,36.8397,372.764,0
2017-11-02,3,8.83333,0.6,2.83333,92,3.0,9.57,-25.2561,34.0444,393.6,0
2017-11-02,4,8.83333,0.6,2.83333,92,6.93,13.41,-13.5773,27.5773,380.8,0
2017-11-02,5,8.66667,0.3,3.16667,86,25.8,8.14,1.7867,21.2133,380.8,0
2017-11-02,6,9.0,0.0,3.33333,89,56.47,6.8,16.1507,14.8493,356.16,0
2017-11-02,7,8.33333,0.0,3.5,90,35.195,10.61,4.68353,17.5281,366.667,0
2017-11-02,8,8.0,0.0,3.83333,88,8.53,7.34,1.14798,21.0636,360.0,0
2017-11-02,9,8.5,0.0,4.16667,100,28.145,16.41,17.512,14.6996,384.8,0
2017-11-02,10,8.0,0.0,5.0,83,23.7,17.26,8.51197,14.6996,409.867,0
2017-11-02,12,9.0,0.23,6.83333,76,25.07,13.07,3.20749,20.8225,360.0,0
2017-11-02,14,10.0,0.23,8.16667,79,14.84,17.18,25.5356,23.0272,300.0,0
2017-11-02,15,9.5,0.23,8.5,84,11.94,11.89,25.5356,23.0272,322.4,0
2017-11-02,16,10.0,0.23,8.83333,72,13.3,17.06,45.9282,5.88177,346.92,0
2017-11-02,21,12.5,0.63,8.5,91,17.39,8.91,-12.8695,47.07,270.667,0
2017-11-03,0,12.0,0.91,6.0,88,13.155,3.0,-19.134,62.194,248.4,0
2017-11-03,1,11.3333,1.9,5.16667,89,13.705,3.0,-12.6284,52.488,343.125,0
2017-11-03,2,10.1667,2.89,4.66667,90,12.73,3.0,-12.6284,49.488,367.92,0
2017-11-03,3,9.66667,2.89,4.16667,91,11.585,3.0,-12.6284,58.488,341.28,0
2017-11-03,4,9.16667,1.98,3.83333,92,7.97,6.93,-11.4804,55.7164,300.0,0
2017-11-03,5,8.66667,1.98,3.5,93,19.76,25.8,-11.9545,51.8609,363.0,0
2017-11-03,6,9.33333,1.98,3.16667,85,9.43,56.47,-8.12771,49.6221,367.2,0
2017-11-03,8,7.83333,0.48,2.83333,88,8.94,8.53,-16.1972,57.1036,371.908,0
2017-11-03,9,6.83333,0.48,2.83333,82,10.26,28.145,-9.19717,44.1036,402.8,0
2017-11-03,10,7.0,0.48,3.16667,80,9.43,23.7,-13.4398,39.3462,477.9,0
2017-11-03,11,7.33333,0.48,3.66667,82,10.115,15.95,-18.9831,41.6423,461.1,0
2017-11-03,12,7.0,1.19,4.16667,77,17.67,25.07,-14.2995,35.3351,460.8,0
2017-11-03,14,7.5,0.71,5.0,82,20.525,14.84,-27.3474,37.0534,420.0,0
2017-11-03,15,7.66667,0.71,5.33333,79,39.265,11.94,-24.9349,29.2289,443.143,0
2017-11-03,16,7.66667,1.52,5.16667,87,50.565,13.3,-36.8846,34.1786,432.0,0
2017-11-03,21,5.0,0.81,2.83333,100,65.785,17.39,-16.9506,33.8682,532.65,0
2017-11-04,0,5.16667,0.0,1.16667,91,42.755,13.155,-19.6087,22.4712,577.2,1
2017-11-04,1,5.16667,0.0,0.5,92,38.965,13.705,-9.33241,18.7277,620.229,1
2017-11-04,2,4.5,0.0,0.166667,100,32.04,12.73,-13.0279,17.197,600.0,1
2017-11-04,3,3.83333,0.0,0.0,98,18.41,11.585,-9.00204,11.8645,715.0,1
2017-11-04,4,3.66667,0.0,0.0,100,29.26,7.97,-7.00204,11.8645,731.4,1
2017-11-04,5,3.66667,0.0,-0.166667,100,42.47,19.76,0.29404,6.32124,756.0,1
2017-11-04,6,3.66667,0.0,-0.5,100,29.26,9.43,-3.24151,-3.21431,728.0,1
2017-11-04,8,4.16667,0.0,-0.333333,100,19.395,8.94,-15.5564,-9.65843,711.36,1
2017-11-04,9,4.83333,0.0,0.166667,85,40.1,10.26,-16.5564,-9.65843,756.0,1
2017-11-04,10,4.5,0.0,0.833333,71,22.53,9.43,-16.5564,-5.06627,756.0,1
2017-11-04,11,4.66667,0.0,1.83333,73,17.995,10.115,-19.3281,-3.91823,744.6,1
2017-11-04,12,4.83333,0.0,3.66667,55,17.51,17.67,-13.7848,4.37785,720.0,1
2017-11-04,13,5.16667,0.0,5.5,49,41.195,18.855,-19.3281,2.84713,747.3,1
2017-11-04,14,5.5,0.0,6.66667,60,76.58,20.525,-10.466,9.00319,600.0,1
2017-11-04,15,5.83333,0.0,7.33333,71,99.78,39.265,-11.466,9.00319,635.04,1
2017-11-04,16,6.16667,0.0,7.83333,77,107.545,50.565,0.0695404,12.5387,563.04,1
2017-11-04,20,5.0,0.0,4.66667,99,119.08,62.92,12.1473,7.76966,540.0,1
2017-11-04,21,4.16667,0.0,3.5,100,110.63,65.785,11.2234,5.0909,582.4,1
2017-11-05,0,3.66667,0.0,0.0,95,88.365,42.755,8.45174,-6.6493,715.0,1
2017-11-05,1,3.83333,0.0,-0.5,100,72.135,38.965,4.91619,-10.1848,660.0,1
2017-11-05,2,3.66667,0.0,-0.333333,95,53.96,32.04,-3.94587,-16.3409,683.4,1
2017-11-05,3,4.0,0.0,-0.166667,94,52.17,18.41,-12.7175,-17.4889,789.6,1
2017-11-05,4,4.16667,0.0,-0.5,100,48.1,29.26,-14.6309,-12.8695,742.05,1
2017-11-05,5,4.5,0.0,-0.5,100,51.37,42.47,-22.6309,-16.8696,773.76,1
2017-11-05,6,4.5,0.0,-0.333333,100,53.545,29.26,-32.2503,-18.7829,749.7,1
2017-11-05,7,4.33333,0.0,0.0,100,47.73,18.555,-30.0787,-15.9545,746.64,1
2017-11-05,8,4.66667,0.0,0.333333,87,29.62,19.395,-29.6961,-15.0306,749.7,1
2017-11-05,9,4.66667,0.0,1.0,72,29.15,40.1,-21.0005,-16.5613,720.0,1
2017-11-05,10,5.5,0.0,2.16667,73,20.815,22.53,-9.53339,-13.8826,693.6,1
2017-11-05,11,5.66667,0.0,3.5,70,19.515,17.995,-7.43423,-3.27159,600.0,1
2017-11-05,12,6.83333,0.0,5.16667,61,23.295,17.51,0.72072,8.17736,603.2,1
2017-11-05,13,8.16667,0.0,6.83333,56,27.785,41.195,17.4058,8.706,505.44,1
2017-11-05,14,9.16667,0.0,8.0,59,30.26,76.58,28.1117,6.02724,382.5,1
2017-11-05,15,10.1667,0.0,8.66667,63,28.915,99.78,34.8051,5.51328,300.0,1
2017-11-05,16,9.83333,0.0,9.16667,69,58.49,107.545,43.4119,-7.01112,302.4,1
2017-11-05,17,10.0,0.0,9.16667,73,36.325,119.94,40.7332,-6.54396,336.3,1
2017-11-05,21,9.16667,0.0,7.83333,63,91.44,110.63,20.4337,-12.6418,323.345,1
2017-11-06,0,8.0,0.0,7.5,72,42.88,88.365,4.56762,-22.528,390.831,0
2017-11-06,1,7.33333,0.0,7.16667,72,38.115,72.135,10.5676,-22.528,384.0,0
2017-11-06,2,5.83333,0.0,6.5,80,42.235,53.96,26.2736,-19.0839,453.6,0
2017-11-06,3,5.33333,0.0,5.83333,81,49.995,52.17,30.2736,-19.0839,452.4,0
2017-11-06,4,4.83333,0.0,5.16667,78,48.57,48.1,26.2736,-19.0839,574.338,0
2017-11-06,5,4.16667,0.0,4.33333,77,50.88,51.37,29.0452,-20.2319,599.631,0
2017-11-06,6,3.83333,0.0,4.0,81,73.0,53.545,31.8737,-16.5364,603.138,0
2017-11-06,7,3.83333,0.0,3.83333,73,47.93,47.73,35.5692,-18.0671,600.0,0
2017-11-06,8,3.33333,0.0,4.0,74,29.12,29.62,25.0895,-16.7878,663.257,0
2017-11-06,9,3.33333,0.0,4.33333,73,24.355,29.15,24.3823,-16.0807,704.229,0
2017-11-06,10,3.5,0.0,4.83333,67,30.395,20.815,19.4459,-17.0974,756.0,0
2017-11-06,11,3.5,0.0,5.66667,60,28.76,19.515,15.7504,-15.5667,720.0,0
2017-11-06,12,3.83333,0.0,7.0,55,21.22,23.295,23.993,-11.324,810.0,0
2017-11-06,13,4.0,0.0,8.0,57,32.81,27.785,31.946,-11.2105,820.8,0
2017-11-06,14,4.83333,0.0,8.66667,63,51.33,30.26,30.5654,-13.1238,810.9,0
2017-11-06,15,5.5,0.0,8.83333,71,69.61,28.915,32.8699,-11.5931,749.7,0
2017-11-06,16,6.0,0.0,8.5,80,66.84,58.49,32.8699,-11.5931,660.0,0
2017-11-06,17,5.83333,0.0,8.0,72,94.335,36.325,34.2698,-14.1406,627.3,0
2017-11-06,21,4.16667,0.0,3.66667,90,130.59,91.44,41.1543,-11.2835,600.0,0
2017-11-07,0,3.33333,0.0,1.33333,96,79.84,42.88,33.8923,-16.5245,707.2,0
2017-11-07,1,2.83333,0.0,1.16667,89,77.07,38.115,30.0655,-7.2857,737.76,0
2017-11-07,2,2.33333,0.0,1.16667,98,125.12,42.235,29.3584,-6.57859,773.76,0
2017-11-07,3,2.5,0.0,1.5,97,119.8,49.995,28.4345,-6.19591,807.84,0
2017-11-07,4,3.0,0.0,2.0,88,75.15,48.57,28.8151,-4.28251,832.0,0
2017-11-07,5,2.83333,0.0,2.5,91,82.405,50.88,20.9017,-8.90191,899.25,0
2017-11-07,6,2.83333,0.0,2.83333,91,73.0725,73.0,20.519,-9.82579,939.6,0
2017-11-07,7,3.33333,0.0,3.16667,86,43.895,47.93,24.2146,-11.3565,900.0,0
2017-11-07,8,4.16667,0.0,3.5,84,44.3,29.12,19.9101,-12.8872,981.257,0
2017-11-07,9,4.0,0.0,3.83333,79,37.325,24.355,17.1527,-17.1299,900.0,0
2017-11-07,10,3.83333,0.0,4.16667,78,39.585,30.395,15.305,-16.3645,938.1,0
2017-11-07,11,4.83333,0.0,4.83333,67,39.305,28.76,15.305,-16.3645,938.1,0
2017-11-07,12,5.0,0.0,5.66667,65,45.335,21.22,14.2882,-21.301,840.0,0
2017-11-07,13,5.5,0.0,6.33333,65,45.325,32.81,23.1591,-22.2101,810.9,0
2017-11-07,14,5.66667,0.0,7.0,67,48.975,51.33,33.3208,-26.9954,674.16,0
2017-11-07,15,6.16667,0.0,7.16667,75,57.64,69.61,35.3208,-26.9954,624.24,0
2017-11-07,16,6.5,0.0,6.83333,86,74.045,66.84,40.3885,-17.2426,556.5,0
2017-11-07,17,6.5,0.0,6.16667,80,53.45,94.335,42.693,-15.7119,540.6,0
2017-11-07,21,5.0,0.0,2.33333,99,49.305,130.59,43.2069,-11.1434,570.24,0
2017-11-08,0,4.16667,0.0,1.16667,92,35.96,79.84,39.2174,-3.07984,641.143,0
2017-11-08,1,4.16667,0.0,0.833333,92,23.44,77.07,43.2174,-3.07984,620.743,0
2017-11-08,2,3.66667,0.0,0.333333,92,31.01,125.12,40.2174,-3.07984,685.029,0
2017-11-08,3,3.5,0.0,0.0,92,36.865,119.8,41.2174,-3.07984,726.857,0
2017-11-08,4,3.5,0.0,-0.166667,90,49.41,75.15,38.7502,-5.7586,781.0,0
2017-11-08,5,3.5,0.0,-0.833333,95,62.5,82.405,35.9218,-2.93016,744.6,0
2017-11-08,6,3.5,0.0,-1.16667,90,50.645,73.0725,26.2262,-1.39944,814.629,0
2017-11-08,7,3.0,0.0,-1.16667,85,46.83,43.895,29.0547,1.429,780.0,0
2017-11-08,8,3.0,0.0,-1.16667,91,36.08,44.3,23.2946,4.81487,874.5,0
2017-11-08,9,2.83333,0.0,-1.0,90,29.845,37.325,24.0017,5.73875,904.8,0
2017-11-08,10,2.83333,0.0,-0.333333,70,29.62,39.585,20.0017,8.73875,938.1,0
2017-11-08,11,3.0,0.0,1.16667,59,31.615,39.305,15.6426,9.60583,938.1,0
2017-11-08,12,2.66667,0.0,2.5,50,34.295,45.335,17.4335,14.3477,928.56,0
2017-11-08,13,3.33333,0.0,4.0,44,48.02,45.325,19.2813,15.113,930.24,0
2017-11-08,14,4.0,0.0,5.66667,55,64.78,48.975,19.2813,15.113,900.0,0
2017-11-08,15,4.33333,0.0,6.83333,65,102.8,57.64,23.9768,13.5823,938.1,0
2017-11-08,16,4.5,0.0,7.0,86,111.19,74.045,24.5962,11.6689,904.8,0
2017-11-08,21,4.0,0.0,3.83333,95,108.75,49.305,28.9111,12.7847,728.0,0
2017-11-09,0,3.0,2.24,3.0,89,77.255,35.96,35.2751,21.2325,773.76,0
2017-11-09,1,2.83333,2.24,3.16667,84,75.685,23.44,36.6894,23.0803,780.0,0
2017-11-09,2,2.33333,2.47,3.33333,85,71.32,31.01,32.07,22.1669,826.2,0
2017-11-09,3,2.33333,2.47,3.33333,90,47.42,36.865,29.4568,23.2493,894.24,0
2017-11-09,4,2.16667,2.47,3.33333,94,32.3,49.41,28.6915,25.097,898.56,0
2017-11-09,5,1.5,1.58,3.33333,97,61.92,62.5,27.9844,25.8041,930.24,0
2017-11-09,6,1.5,0.69,3.5,100,74.155,50.645,27.2773,26.5113,960.0,0
2017-11-09,7,1.5,1.38,3.5,99,78.285,46.83,20.8101,25.3632,1055.76,0
2017-11-09,8,1.5,1.15,3.5,91,61.205,36.08,19.8862,25.7459,1085.76,0
2017-11-09,9,2.0,1.15,3.83333,89,61.695,29.845,18.472,27.1601,1080.0,0
2017-11-09,10,2.66667,1.78,4.33333,85,50.99,29.62,18.472,27.1601,1080.0,0
2017-11-09,11,3.33333,1.55,4.83333,83,44.425,31.615,9.23319,30.9869,1080.0,0
2017-11-09,12,3.83333,1.95,5.33333,80,41.2,34.295,9.61379,32.9003,1080.0,0
2017-11-09,13,4.5,1.74,5.66667,80,45.055,48.02,9.23319,34.8137,1080.0,0
2017-11-09,14,4.83333,1.74,6.0,81,64.51,64.78,11.3545,32.5854,1085.76,0
2017-11-09,15,4.66667,1.74,6.0,83,98.81,102.8,15.05,29.1161,1020.0,0
2017-11-09,16,4.5,1.11,5.83333,86,84.2,111.19,18.7456,26.6468,1055.76,0
2017-11-09,21,3.5,0.48,4.5,91,24.625,108.75,21.7937,18.4622,780.0,0
2017-11-10,0,4.66667,0.0,3.66667,93,17.795,77.255,26.5796,26.0657,746.64,0
2017-11-10,1,5.0,0.0,3.5,86,15.15,75.685,16.0363,28.3618,720.0,0
2017-11-10,2,6.16667,0.0,3.16667,92,19.02,71.32,2.3381,24.1251,747.3,0
2017-11-10,3,6.66667,0.0,2.83333,92,15.95,47.42,-8.49706,29.3785,655.2,0
2017-11-10,4,7.0,0.0,2.33333,95,15.915,32.3,-24.2598,31.9076,530.4,0
2017-11-10,5,7.5,0.0,2.0,99,18.495,61.92,-24.2598,31.9076,496.8,0
2017-11-10,6,8.0,0.0,1.83333,87,15.465,74.155,-37.6949,31.2005,451.0,0
2017-11-10,7,8.0,0.0,1.5,92,19.545,78.285,-33.4522,35.9579,395.2,0
2017-11-10,8,7.5,0.58,1.66667,82,20.22,61.205,-27.909,39.6618,395.2,0
2017-11-10,9,7.0,0.58,2.0,83,16.23,61.695,-26.6083,41.6083,432.667,0
2017-11-10,10,7.5,0.58,2.66667,69,21.02,50.99,-17.1642,33.2934,479.467,0
2017-11-10,11,7.33333,0.58,3.5,70,18.69,44.425,-15.2133,36.2133,451.0,0
2017-11-10,12,7.16667,1.11,4.16667,67,22.085,41.2,-10.9706,39.9706,448.0,0
2017-11-10,13,8.5,1.59,5.16667,65,23.98,45.055,-7.66809,40.9977,463.6,0
2017-11-10,14,10.1667,1.01,5.66667,67,44.295,64.51,-7.66809,39.9977,385.0,0
2017-11-10,15,11.5,1.01,5.66667,72,62.185,98.81,-9.42543,51.755,288.0,0
2017-11-10,16,11.8333,1.01,5.5,80,59.465,84.2,-3.06144,51.391,252.0,0
2017-11-10,21,8.33333,0.96,2.5,91,32.72,24.625,-3.44412,56.3149,376.2,0
2017-11-11,0,9.83333,0.96,1.83333,88,7.875,17.795,-8.29058,26.8842,360.0,1
2017-11-11,1,10.0,0.96,1.66667,88,5.28,15.15,-2.55038,-9.97402,340.267,1
2017-11-11,2,10.5,0.96,1.83333,86,4.195,19.02,4.33786,-26.6039,326.4,1
2017-11-11,3,11.1667,0.96,2.16667,84,4.23,15.95,19.0166,-33.071,285.12,1
2017-11-11,4,11.6667,0.96,2.5,77,5.79,15.915,38.4181,-33.4537,273.48,1
2017-11-11,5,11.8333,0.96,2.66667,78,7.96,18.495,26.3722,-14.3722,286.0,1
2017-11-11,6,11.6667,0.96,2.83333,74,8.345,15.465,20.632,10.486,275.6,1
2017-11-11,7,12.1667,1.44,2.66667,86,10.48,19.545,17.1878,32.801,249.9,1
2017-11-11,8,12.5,0.96,2.83333,79,9.29,20.22,5.18784,44.801,240.0,1
2017-11-11,9,13.0,0.96,2.83333,77,7.865,16.23,9.89954,49.9343,281.455,1
2017-11-11,10,13.1667,0.96,2.5,76,11.675,21.02,9.89954,52.9343,267.429,1
2017-11-11,11,13.6667,0.96,2.33333,72,10.85,18.69,9.89954,52.9343,255.2,1
2017-11-11,12,14.0,1.44,2.0,79,11.525,22.085,9.89954,54.9343,248.571,1
2017-11-11,13,13.8333,1.44,2.0,82,17.12,23.98,-6.12288,56.7821,230.4,1
2017-11-11,14,13.8333,1.44,1.66667,79,20.13,44.295,-10.3324,52.9448,257.914,1
2017-11-11,15,13.8333,1.92,1.33333,81,40.52,62.185,-15.6899,51.8791,257.914,1
2017-11-11,16,13.8333,1.44,1.16667,76,44.89,59.465,-21.0474,50.8134,269.925,1
2017-11-11,21,10.5,0.0,0.666667,80,51.56,32.72,-21.2303,51.2547,307.8,1
2017-11-12,0,8.33333,0.79,0.333333,78,38.29,7.875,-18.3546,27.2254,360.0,1
2017-11-12,1,8.5,0.79,0.5,80,30.92,5.28,-20.4508,8.14384,360.0,1
2017-11-12,2,8.5,1.88,0.666667,89,6.28,4.195,-17.5892,1.23542,417.72,1
2017-11-12,3,9.0,3.05,0.833333,84,4.325,4.23,-6.69132,1.23542,385.0,1
2017-11-12,4,9.33333,2.67,1.0,86,8.25,5.79,-4.59216,-9.37558,332.8,1
2017-11-12,5,8.66667,2.26,0.666667,100,10.06,7.96,-4.59216,-11.3756,327.6,1
2017-11-12,6,8.0,2.26,0.333333,98,15.98,8.345,-7.6536,-7.98454,403.68,1
2017-11-12,7,8.5,2.26,0.5,82,10.58,10.48,-3.41094,-12.2272,386.88,1
2017-11-12,8,8.66667,1.17,0.666667,77,12.12,9.29,7.86964,-1.31878,417.72,1
2017-11-12,10,8.5,0.48,1.0,70,11.79,11.675,0.0331799,18.92,356.4,1
2017-11-12,11,8.83333,0.48,1.66667,65,18.375,10.85,-1.88022,31.5394,365.7,1
2017-11-12,12,9.0,1.6,2.5,63,25.325,11.525,4.11978,35.5394,349.8,1
2017-11-12,13,7.66667,2.08,2.83333,61,32.205,17.12,-2.80164,33.3149,411.429,1
2017-11-12,14,7.33333,2.08,3.0,62,38.81,20.13,-7.0443,29.0723,407.314,1
2017-11-12,15,7.16667,1.6,3.16667,72,49.185,40.52,1.27062,11.6281,439.855,1
2017-11-12,16,7.5,1.6,3.0,77,38.41,44.89,8.34172,-6.44296,453.927,1
2017-11-12,20,8.0,0.0,2.0,79,16.535,69.55,38.6105,-17.4366,413.4,1
2017-11-12,21,9.33333,2.03,2.0,77,21.235,51.56,52.8532,-13.194,388.267,1
2017-11-13,0,10.6667,5.84,2.5,87,37.405,38.29,52.6569,-5.65688,240.0,0
2017-11-13,1,11.0,5.84,2.83333,81,31.505,30.92,44.2128,2.65804,250.92,0
2017-11-13,2,10.3333,6.93,3.0,87,27.975,6.28,40.6799,5.3368,347.2,0
2017-11-13,3,8.0,4.9,3.0,96,28.3,4.325,44.9226,1.09414,358.4,0
2017-11-13,4,6.33333,3.96,2.83333,96,41.995,8.25,48.6181,2.62486,381.333,0
2017-11-13,6,4.66667,4.36,2.66667,92,33.345,15.98,34.9773,2.62486,526.971,0
2017-11-13,7,4.33333,4.87,2.33333,92,14.16,10.58,33.8292,-0.14678,551.571,0
2017-11-13,8,4.0,3.78,2.16667,87,13.84,12.12,37.3648,4.47262,540.0,0
2017-11-13,10,4.83333,2.69,2.33333,85,11.27,11.79,14.0124,11.6602,630.667,0
2017-11-13,11,5.16667,1.6,2.5,81,14.46,18.375,18.6318,13.5736,600.0,0
2017-11-13,12,5.33333,0.51,2.0,94,14.855,25.325,16.5326,7.55478,620.743,0
2017-11-13,13,5.33333,0.0,1.66667,89,13.405,32.205,6.36993,6.40674,667.8,0
2017-11-13,14,5.5,0.0,1.33333,87,17.465,38.81,-1.40828,14.1849,655.2,0
2017-11-13,15,5.66667,0.0,1.0,85,28.9,49.185,-5.1038,17.6542,627.3,0
2017-11-13,16,6.16667,0.0,0.5,89,27.22,38.41,0.0,16.9818,570.24,0
2017-11-13,20,8.0,0.61,-0.833333,88,91.915,16.535,28.9243,-0.00801992,440.64,0
2017-11-13,21,7.5,0.61,-1.16667,88,29.215,21.235,39.4598,-3.54357,399.36,0
2017-11-14,0,6.33333,1.07,-1.83333,88,20.22,37.405,13.2924,6.10071,488.52,0
2017-11-14,1,5.83333,1.07,-2.0,94,32.275,31.505,9.59689,4.56999,495.0,0
2017-11-14,2,5.83333,0.46,-2.0,86,33.135,27.975,5.90137,3.03927,495.72,0
2017-11-14,3,6.0,0.46,-2.0,86,38.13,28.3,-7.63689,7.43161,498.343,0
2017-11-14,4,6.16667,0.46,-2.0,87,33.7825,41.995,-9.15428,9.70262,498.343,0
2017-11-14,6,6.5,0.0,-2.0,88,87.345,33.345,-30.932,2.18769,528.0,0
2017-11-14,7,6.66667,0.0,-2.0,85,68.5767,14.16,-26.6894,7.73097,480.0,0
2017-11-14,8,6.5,0.0,-2.0,90,60.9333,13.84,-26.359,0.8678,517.029,0
2017-11-14,9,6.16667,0.0,-2.0,83,56.8233,12.78,-15.8659,8.11365,480.0,0
2017-11-14,10,5.66667,0.0,-1.66667,84,41.76,11.27,-4.93934,14.7106,528.0,0
2017-11-14,11,5.0,0.25,-1.16667,75,38.79,14.46,-8.47489,11.1751,498.343,0
2017-11-14,12,4.83333,0.25,-0.666667,65,28.8167,14.855,-4.12906,11.7325,575.143,0
2017-11-14,13,4.83333,0.28,-0.166667,68,43.94,13.405,-7.66461,8.19697,540.0,0
2017-11-14,14,4.66667,0.28,0.166667,69,53.2867,17.465,-7.99498,1.3338,596.25,0
2017-11-14,15,4.66667,0.28,0.333333,73,70.155,28.9,-0.4247,-8.94248,641.143,0
2017-11-14,16,4.66667,0.28,0.166667,75,80.805,27.22,3.11085,-5.40693,600.0,0
2017-11-14,18,4.83333,0.03,-1.0,84,118.245,95.5,4.79207,-5.97537,600.0,0
2017-11-14,19,4.5,0.0,-1.83333,87,147.41,100.11,8.26343,-1.29033,667.8,0
2017-11-14,20,4.33333,0.0,-2.66667,80,65.08,91.915,6.1421,-3.41166,660.0,0
2017-11-14,21,4.0,0.0,-3.33333,81,58.79,29.215,-3.0967,-7.23846,685.44,0
2017-11-15,0,3.66667,0.0,-5.16667,84,42.35,20.22,4.25299,-6.26517,737.76,0
2017-11-15,1,3.83333,0.0,-5.5,85,57.31,32.275,4.09302,-4.26034,764.64,0
2017-11-15,2,3.83333,0.0,-5.66667,97,55.1725,33.135,0.3975,-5.79106,720.0,0
2017-11-15,3,3.83333,0.0,-5.83333,90,52.9633,38.13,-0.2219,-3.87766,746.64,0
2017-11-15,4,3.66667,0.0,-6.0,83,55.6167,33.7825,-4.90694,-0.4063,801.36,0
2017-11-15,5,3.16667,0.0,-6.0,88,75.9767,46.7367,-7.02827,-2.52763,780.0,0
2017-11-15,6,3.33333,0.0,-6.16667,98,81.4767,87.345,-11.2709,-6.77029,894.24,0
2017-11-15,7,3.0,0.0,-6.16667,83,69.3833,68.5767,-20.8903,-8.68369,913.0,0
2017-11-15,8,3.0,0.0,-6.0,72,55.98,60.9333,-22.7381,-9.44905,922.2,0
2017-11-15,9,3.16667,0.0,-5.16667,58,52.5625,56.8233,-18.7255,-8.04961,915.2,0
2017-11-15,10,3.16667,0.0,-4.33333,55,47.6325,41.76,-21.273,-12.352,877.2,0
2017-11-15,11,3.66667,0.0,-3.16667,57,56.485,38.79,-21.273,-12.352,904.8,0
2017-11-15,12,3.83333,0.0,-1.16667,44,32.8575,28.8167,-13.5775,-10.8212,877.2,0
2017-11-15,13,4.0,0.0,0.833333,40,45.2625,43.94,-20.3491,-7.37713,874.5,0
2017-11-15,14,4.16667,0.0,2.5,48,54.3433,53.2867,-23.1208,-6.22909,840.0,0
2017-11-15,15,4.16667,0.0,3.16667,67,53.76,70.155,-18.4252,-4.69837,874.5,0
2017-11-15,16,4.33333,0.0,3.66667,81,90.77,80.805,-16.2605,0.52787,874.5,0
2017-11-15,17,4.33333,0.0,3.5,81,147.225,95.215,-23.0889,3.35631,852.8,0
2017-11-15,18,4.33333,0.0,2.5,88,174.135,118.245,-16.3172,4.50435,816.0,0
2017-11-15,20,4.5,0.0,-0.166667,89,68.42,65.08,3.97835,10.0115,717.6,0
2017-11-15,21,4.33333,0.0,-1.33333,91,69.29,58.79,9.50907,6.31603,717.6,0
2017-11-16,0,4.0,0.0,-3.5,92,60.445,42.35,13.6304,8.43736,781.0,0
2017-11-16,1,4.0,0.0,-4.0,92,81.2925,57.31,9.011,6.52396,720.0,0
2017-11-16,2,4.0,0.0,-4.33333,92,70.275,55.1725,13.7904,-0.45571,737.76,0
2017-11-16,3,3.83333,0.0,-4.33333,91,66.5125,52.9633,5.09485,-1.98643,747.3,0
2017-11-16,4,4.16667,0.0,-4.16667,88,65.2033,55.6167,3.24709,-2.75179,749.7,0
2017-11-16,5,4.33333,0.0,-4.5,100,77.07,75.9767,9.77781,-6.44731,720.0,0
2017-11-16,6,4.33333,0.0,-4.66667,100,81.92,81.4767,13.6063,-9.27575,781.0,0
2017-11-16,7,4.5,0.0,-4.33333,95,83.1175,69.3833,10.0707,-12.8113,720.0,0
2017-11-16,8,4.16667,0.0,-3.83333,84,70.24,55.98,-6.47258,-15.1074,747.3,0
2017-11-16,9,4.5,0.0,-3.16667,87,70.87,52.5625,-8.32034,-15.8727,749.7,0
2017-11-16,10,4.0,0.0,-2.5,69,106.105,47.6325,-8.32034,-15.8727,720.0,0
2017-11-16,11,3.33333,0.0,-1.0,67,65.3125,56.485,-12.7346,-17.287,754.8,0
2017-11-16,12,2.5,0.0,0.5,58,66.26,32.8575,-13.4417,-17.9941,780.0,0
2017-11-16,13,2.0,0.0,2.0,53,77.37,45.2625,-13.4417,-17.9941,840.0,0
2017-11-16,14,2.66667,0.0,3.16667,57,91.94,54.3433,-14.3203,-15.8727,872.1,0
2017-11-16,15,3.33333,0.0,3.66667,66,96.5125,53.76,-4.62482,-14.342,840.0,0
2017-11-16,16,4.16667,0.0,4.0,84,128.355,90.77,11.5301,-8.89307,810.9,0
2017-11-16,17,5.0,0.0,3.83333,84,142.08,147.225,24.0734,-6.59699,746.64,0
2017-11-16,18,5.83333,0.0,3.16667,79,133.565,174.135,13.5301,-4.30091,720.0,0
2017-11-16,21,6.16667,0.0,0.666667,76,95.215,69.29,21.507,-2.65369,642.6,0
2017-11-17,0,6.16667,0.0,0.0,78,66.405,60.445,5.72101,-3.19243,497.25,0
2017-11-17,1,6.16667,0.0,0.333333,81,103.235,81.2925,-6.52165,-7.43509,517.029,0
2017-11-17,2,5.5,0.33,0.5,72,85.01,70.275,-7.52165,-7.43509,520.0,0
2017-11-17,3,5.0,0.33,0.833333,77,84.1725,66.5125,1.02163,-9.73117,570.24,0
2017-11-17,4,5.0,0.33,1.16667,89,94.955,65.2033,4.02163,-9.73117,563.04,0
2017-11-17,5,4.83333,0.66,1.5,96,91.13,77.07,-6.52165,-12.0272,561.0,0
2017-11-17,6,4.16667,0.66,1.66667,92,89.8867,81.92,-7.52165,-12.0272,599.657,0
2017-11-17,7,3.66667,0.66,1.83333,91,100.913,83.1175,-5.52165,-12.0272,620.743,0
2017-11-17,8,3.66667,1.52,2.0,90,107.84,70.24,2.42812,-7.07748,691.2,0
2017-11-17,9,4.16667,2.71,2.16667,89,104.957,70.87,4.54945,-4.30584,683.4,0
2017-11-17,10,3.5,2.71,2.5,88,95.57,106.105,3.24883,-2.35926,683.4,0
2017-11-17,11,3.0,2.38,2.83333,84,84.3075,65.3125,7.37789,1.35104,781.0,0
2017-11-17,12,3.0,2.38,3.16667,86,104.003,66.26,6.61253,3.1988,795.0,0
2017-11-17,13,2.83333,2.38,3.16667,96,81.9325,77.37,8.02675,5.04656,805.8,0
2017-11-17,14,3.0,1.19,3.33333,93,70.7425,91.94,9.87451,-0.18808,913.0,0
2017-11-17,15,3.5,0.86,3.33333,91,87.445,96.5125,13.8745,-0.18808,867.0,0
2017-11-17,16,4.5,1.65,3.0,94,87.18,128.355,3.80225,0.61046,816.0,0
2017-11-17,17,4.66667,2.44,2.66667,92,81.475,142.08,-7.85463,6.26734,769.6,0
2017-11-17,18,5.16667,3.23,2.16667,91,83.22,133.565,-4.43268,10.6847,829.44,0
2017-11-17,21,4.66667,2.37,1.33333,91,74.66,95.215,-18.4674,-5.70629,756.0,0
2017-11-18,0,3.66667,0.0,0.5,91,59.965,66.405,-8.62322,-15.7935,660.0,1
2017-11-18,1,3.16667,0.2,0.333333,92,79.6667,103.235,-11.8852,-15.4066,683.7,1
2017-11-18,2,3.16667,0.2,0.166667,91,58.655,85.01,-8.8852,-15.4066,660.0,1
2017-11-18,3,3.0,0.2,0.0,92,65.88,84.1725,-9.8852,-15.4066,784.0,1
2017-11-18,4,2.66667,0.2,0.0,92,45.135,94.955,-7.8852,-15.4066,806.4,1
2017-11-18,5,2.66667,0.4,0.0,92,33.535,91.13,-6.03744,-14.6413,825.067,1
2017-11-18,6,2.83333,0.4,-0.166667,92,37.345,89.8867,5.04912,-10.0491,949.05,1
2017-11-18,7,3.0,0.2,-0.166667,90,47.875,100.913,8.74464,-8.5184,914.25,1
2017-11-18,8,3.0,0.2,-0.166667,94,44.83,107.84,17.23,-11.3468,915.2,1
2017-11-18,9,3.66667,0.2,0.0,84,42.4433,104.957,22.1229,-12.3201,959.04,1
2017-11-18,10,3.66667,0.2,0.333333,87,34.855,95.57,18.493,-9.99681,950.4,1
2017-11-18,11,3.66667,0.0,0.833333,77,34.8675,84.3075,20.493,-9.99681,956.8,1
2017-11-18,12,3.66667,0.0,1.33333,75,45.7525,104.003,23.2647,-2.84877,977.6,1
2017-11-18,13,4.0,0.0,1.5,81,46.79,81.9325,26.0931,2.97967,938.4,1
2017-11-18,14,5.0,0.0,1.66667,78,47.2433,70.7425,32.0931,9.97967,915.2,1
2017-11-18,15,5.16667,0.0,1.66667,77,63.055,87.445,35.2867,12.5451,790.4,1
2017-11-18,16,6.0,0.0,1.33333,84,81.245,87.18,35.439,11.7798,665.6,1
2017-11-18,17,6.0,0.0,0.666667,84,74.155,81.475,24.022,4.15123,620.1,1
2017-11-18,18,6.83333,0.0,0.0,88,81.42,83.22,21.9007,2.0299,600.0,1
2017-11-18,21,7.0,0.0,-1.5,86,14.775,74.66,-1.10757,13.348,420.0,1
2017-11-19,0,8.0,0.0,-1.66667,83,13.525,59.965,-33.0291,28.5105,420.0,1
2017-11-19,1,8.33333,0.0,-1.5,91,26.8375,79.6667,-29.7848,44.8204,388.267,1
2017-11-19,2,9.83333,0.0,-1.66667,81,23.2275,58.655,-23.4208,49.4564,360.0,1
2017-11-19,3,10.8333,0.0,-1.66667,78,30.195,65.88,-8.77657,48.1886,333.45,1
2017-11-19,4,11.3333,0.0,-2.0,85,25.6825,45.135,-14.1341,53.1229,240.0,1
2017-11-19,5,11.0,0.0,-2.16667,90,34.375,33.535,-9.567,49.097,281.455,1
2017-11-19,6,10.6667,0.0,-2.33333,76,35.315,37.345,-11.4804,53.7164,294.0,1
2017-11-19,7,10.6667,0.08,-2.5,90,41.9533,47.875,-11.4804,50.7164,357.12,1
2017-11-19,8,9.83333,0.08,-2.16667,80,36.455,44.83,-15.6899,60.8791,310.08,1
2017-11-19,9,9.5,0.08,-1.83333,78,36.5967,42.4433,-19.5167,55.1179,353.571,1
2017-11-19,10,9.33333,0.08,-1.33333,79,30.155,34.855,-14.1592,54.1836,347.564,1
2017-11-19,11,9.83333,0.08,-0.833333,74,30.03,34.8675,-11.8631,48.6403,333.45,1
2017-11-19,12,9.83333,0.08,-0.333333,70,30.3025,45.7525,-19.2541,43.7017,353.455,1
2017-11-19,13,8.83333,0.23,0.333333,69,36.6667,46.79,-24.911,49.3586,323.345,1
2017-11-19,14,8.33333,0.23,0.333333,70,37.3767,47.2433,-24.2371,42.7315,389.88,1
2017-11-19,15,7.33333,0.23,0.333333,79,49.515,63.055,-29.1868,47.6812,360.0,1
2017-11-19,16,6.83333,0.23,0.166667,87,47.26,81.245,-19.36,38.4424,436.8,1
2017-11-19,17,7.66667,0.23,-0.166667,84,60.62,74.155,-25.8272,29.1212,488.52,1
2017-11-19,18,8.66667,0.23,-0.833333,86,63.5,81.42,-22.0004,32.8824,421.2,1
2017-11-19,21,10.0,0.71,-2.16667,86,11.215,14.775,-16.3335,45.4983,296.229,1
2017-11-20,0,10.1667,0.96,-2.5,86,7.86,13.525,-20.9641,56.6121,320.914,0
2017-11-20,1,10.8333,0.96,-2.16667,83,14.0675,26.8375,-25.9389,54.6225,300.0,0
2017-11-20,2,11.8333,1.06,-2.16667,78,9.5275,23.2275,-16.0726,53.803,240.0,0
2017-11-20,3,12.6667,1.06,-2.0,74,5.87,30.195,-9.567,52.097,255.2,0
2017-11-20,4,12.5,1.87,-1.83333,84,13.1,25.6825,-9.567,52.097,261.415,0
2017-11-20,5,14.1667,1.62,-1.66667,81,34.0967,34.375,-15.931,58.461,240.0,0
2017-11-20,6,14.0,1.62,-1.66667,79,55.8667,35.315,-10.9562,53.4506,239.4,0
2017-11-20,7,14.0,1.62,-2.0,80,36.42,41.9533,-22.0427,44.0427,245.1,0
2017-11-20,8,13.6667,1.22,-2.16667,87,24.775,36.455,-23.1908,46.8144,190.4,0
2017-11-20,9,13.5,1.65,-2.5,83,25.5967,36.5967,-21.4189,51.5369,256.2,0
2017-11-20,10,14.5,0.84,-2.33333,76,25.5167,30.155,-21.4189,62.5369,240.0,0
2017-11-20,11,13.0,0.84,-2.33333,69,22.2267,30.03,-10.3324,50.9448,282.72,0
2017-11-20,12,13.8333,0.84,-2.33333,66,18.57,30.3025,-9.567,49.097,286.7,0
2017-11-20,13,13.6667,0.92,-2.16667,71,30.83,36.6667,-11.4804,53.7164,228.0,0
2017-11-20,14,14.1667,0.51,-2.0,70,30.9333,37.3767,-16.8379,55.6507,228.48,0
2017-11-20,15,14.0,0.08,-1.5,56,42.065,49.515,-22.5781,54.5089,214.338,0
2017-11-20,16,13.1667,0.08,-1.83333,75,45.825,47.26,-21.4301,51.7373,266.965,0
2017-11-20,17,12.3333,0.26,-1.66667,70,54.175,60.62,-25.2569,60.9761,248.4,0
2017-11-20,18,11.0,0.26,-1.5,71,61.97,63.5,-24.4082,50.927,307.8,0
2017-11-21,0,7.66667,0.0,-2.66667,85,13.36,7.86,-19.2918,50.5746,374.85,0
2017-11-21,1,7.33333,0.0,-2.83333,86,52.1033,14.0675,-15.931,50.461,417.6,0
2017-11-21,2,7.0,0.0,-3.0,88,42.03,9.5275,-17.4366,47.0958,448.0,0
2017-11-21,3,7.0,0.0,-3.0,89,35.64,5.87,-11.4366,47.0958,420.0,0
2017-11-21,4,6.83333,0.0,-2.83333,83,28.91,13.1,0.92735,40.7318,452.4,0
2017-11-21,5,6.16667,0.48,-2.66667,86,29.085,34.0967,6.92735,32.7318,457.6,0
2017-11-21,6,6.16667,0.48,-2.66667,84,41.4467,55.8667,2.68469,30.9745,472.457,0
2017-11-21,7,6.0,0.48,-2.66667,87,48.4567,36.42,0.38861,29.5178,526.68,0
2017-11-21,8,6.0,0.48,-2.33333,83,55.95,24.775,-1.90747,35.0611,495.72,0
2017-11-21,9,6.16667,0.48,-2.0,80,32.96,25.5967,-2.32333,30.0649,499.8,0
2017-11-21,10,5.5,0.48,-1.83333,82,33.06,25.5167,6.97275,24.5217,498.343,0
2017-11-21,11,5.0,0.43,-1.66667,77,32.875,22.2267,10.0748,20.3372,583.0,0
2017-11-21,12,5.16667,0.86,-1.33333,77,37.99,18.57,7.95343,22.4586,582.4,0
2017-11-21,13,5.5,0.86,-0.833333,82,43.975,30.83,6.9032,27.4083,561.0,0
2017-11-21,14,5.66667,0.86,-0.666667,79,62.715,30.9333,0.56008,34.7994,583.0,0
2017-11-21,15,5.83333,0.86,-0.5,80,70.63,42.065,11.2699,33.2355,561.6,0
2017-11-21,16,6.66667,0.86,-0.333333,88,82.405,45.825,20.957,30.7536,520.0,0
2017-11-21,17,7.16667,0.43,-0.166667,89,93.78,54.175,28.2029,20.2606,499.8,0
2017-11-21,18,6.66667,0.0,0.0,88,96.795,61.97,38.4455,16.0179,517.029,0
2017-11-22,0,8.33333,0.48,0.5,91,18.44,13.36,3.10374,29.7914,451.0,0
2017-11-22,1,8.83333,0.96,0.666667,96,29.5775,52.1033,-6.34038,38.1063,360.0,0
2017-11-22,2,9.33333,0.48,1.0,91,50.995,42.03,-18.4018,45.4973,336.96,0
2017-11-22,3,8.5,0.48,1.33333,92,30.7833,35.64,-24.9988,49.3528,360.0,0
2017-11-22,4,8.0,0.48,1.5,92,66.5875,28.91,-19.5167,47.1179,417.72,0
2017-11-22,5,7.83333,0.48,1.66667,92,73.4975,29.085,-22.1954,53.585,386.88,0
2017-11-22,6,7.83333,0.48,1.83333,92,81.3525,41.4467,-24.7326,50.7102,400.68,0
2017-11-22,7,7.5,0.0,2.0,92,92.6275,48.4567,-27.2698,47.8354,402.8,0
2017-11-22,8,7.66667,0.0,2.16667,91,87.8725,55.95,-26.1218,45.0638,437.25,0
2017-11-22,9,8.33333,0.0,2.5,86,87.6225,32.96,-31.3753,41.1169,421.2,0
2017-11-22,10,9.0,0.0,2.83333,83,98.9,33.06,-37.5526,37.5526,360.0,0
2017-11-22,11,8.5,0.0,3.33333,80,73.6575,32.875,-40.356,33.3204,366.667,0
2017-11-22,12,8.16667,0.0,4.0,86,51.49,37.99,-39.5353,24.6603,409.867,0
2017-11-22,13,8.33333,0.0,4.66667,84,51.555,43.975,-42.214,31.1275,374.0,0
2017-11-22,14,8.0,0.0,4.83333,84,40.07,62.715,-42.3172,27.4422,360.0,0
2017-11-22,15,7.66667,0.0,4.83333,88,56.57,70.63,-40.0211,14.899,388.267,0
2017-11-22,16,7.16667,0.0,4.83333,84,52.8,82.405,-24.3152,14.5163,414.72,0
2017-11-22,17,7.0,0.0,4.5,87,55.02,93.78,-7.68533,13.7509,453.927,0
2017-11-22,18,7.33333,0.0,3.83333,89,68.56,96.795,-2.68533,13.7509,448.145,0
2017-11-22,21,7.33333,0.0,2.33333,91,48.59,30.715,7.87481,16.7829,443.143,0
2017-11-23,0,6.5,0.0,1.16667,92,47.125,18.44,7.534,25.6713,452.4,0
2017-11-23,1,6.0,0.0,1.0,91,54.465,29.5775,5.14296,22.6098,461.76,0
2017-11-23,2,5.66667,0.0,0.833333,92,45.735,50.995,-5.40032,20.3138,498.667,0
2017-11-23,3,5.5,0.0,0.5,100,39.14,30.7833,-9.09584,18.783,496.4,0
2017-11-23,4,5.5,0.0,0.166667,99,43.5725,66.5875,-8.27513,10.123,547.2,0
2017-11-23,5,5.5,0.0,0.166667,91,48.4325,73.4975,-13.8184,-1.17311,561.6,0
2017-11-23,6,5.66667,0.0,0.166667,82,60.5825,81.3525,-12.5178,-7.71185,575.143,0
2017-11-23,7,5.16667,0.0,-0.166667,96,71.505,92.6275,-13.1113,-14.9577,583.0,0
2017-11-23,8,5.33333,0.0,-0.333333,75,50.1467,87.8725,-15.8829,-16.1057,582.4,0
2017-11-23,9,5.16667,0.0,0.166667,72,74.85,87.6225,-25.4185,-19.6413,604.2,0
2017-11-23,10,4.5,0.0,1.0,67,54.5725,98.9,-34.954,-23.1768,610.56,0
2017-11-23,11,4.5,0.0,2.0,62,45.3175,73.6575,-32.954,-23.1768,624.24,0
2017-11-23,12,4.16667,0.0,3.33333,52,42.145,51.49,-31.954,-23.1768,622.2,0
2017-11-23,13,4.33333,0.0,4.83333,57,48.19,51.555,-22.4108,-20.8808,627.3,0
2017-11-23,14,4.66667,0.0,6.0,62,57.1075,40.07,-14.7152,-19.35,667.8,0
2017-11-23,15,5.0,0.0,7.0,62,59.385,56.57,-2.7048,-14.3752,644.8,0
2017-11-23,16,5.66667,0.0,7.83333,64,78.815,52.8,7.78825,-7.12935,622.2,0
2017-11-23,17,5.66667,0.0,8.16667,55,99.665,55.02,12.0309,3.11331,622.2,0
2017-11-23,21,5.5,0.0,3.83333,87,61.19,48.59,11.3883,7.43929,530.4,0
2017-11-24,0,5.0,0.0,0.166667,95,22.675,47.125,10.267,5.31796,559.543,0
2017-11-24,1,4.66667,0.0,-0.166667,100,37.115,54.465,9.79984,2.6392,579.429,0
2017-11-24,2,4.33333,0.0,-1.0,98,43.1275,45.735,8.85007,-2.31057,626.4,0
2017-11-24,3,4.66667,0.0,-1.33333,95,43.545,39.14,12.8501,-2.31057,600.0,0
2017-11-24,4,4.16667,0.0,-1.5,91,45.25,43.5725,10.9367,-12.93,622.2,0
2017-11-24,5,4.16667,0.0,-1.5,82,58.645,48.4325,15.3319,-17.9977,691.2,0
2017-11-24,6,4.16667,0.0,-1.33333,74,60.075,60.5825,13.2106,-20.119,683.4,0
2017-11-24,7,4.5,0.0,-1.33333,85,65.18,71.505,22.9965,-18.1724,683.4,0
2017-11-24,8,4.66667,0.0,-0.833333,82,52.9,50.1467,11.4532,-20.4685,683.4,0
2017-11-24,9,4.83333,0.0,-0.166667,79,45.0875,74.85,13.1978,-16.0179,715.0,0
2017-11-24,10,5.16667,0.0,0.666667,71,49.175,54.5725,1.65455,-18.314,665.6,0
2017-11-24,11,5.16667,0.0,1.83333,73,68.6733,45.3175,-5.96485,-16.4006,667.8,0
2017-11-24,12,4.83333,0.0,3.33333,56,70.2075,42.145,-8.73649,-15.2526,660.0,0
2017-11-24,13,5.5,0.0,5.16667,52,84.225,48.19,-18.432,-13.7218,660.0,0
2017-11-24,14,5.83333,0.0,6.66667,60,92.4125,57.1075,-15.2798,-5.27565,603.2,0
2017-11-24,15,6.0,0.0,7.5,73,101.97,59.385,-7.06067,6.08448,561.6,0
2017-11-24,16,6.33333,0.0,8.5,61,101.795,78.815,-7.65418,14.8477,540.6,0
2017-11-24,17,6.83333,0.0,9.16667,57,110.095,99.665,-7.06067,22.0936,501.84,0
2017-11-24,21,5.66667,0.0,5.0,97,96.47,61.19,2.77164,23.0824,510.72,0
2017-11-25,0,6.16667,0.0,1.5,100,84.99,22.675,-12.7886,7.66388,536.057,1
2017-11-25,1,5.83333,0.0,1.33333,96,106.368,37.115,-21.9811,-3.04594,555.429,1
2017-11-25,2,5.66667,0.0,1.16667,77,104.665,43.1275,-12.0313,-7.99571,583.0,1
2017-11-25,3,5.33333,0.0,1.33333,76,94.0375,43.545,-16.274,-18.2384,540.8,1
2017-11-25,4,5.0,0.0,1.33333,85,96.6925,45.25,-17.6882,-19.6526,540.0,1
2017-11-25,5,4.83333,0.0,1.33333,81,92.42,58.645,-22.3076,-24.566,579.429,1
2017-11-25,6,4.83333,0.0,1.5,77,84.3133,60.075,-20.4598,-23.8006,620.229,1
2017-11-25,7,5.0,0.0,1.33333,84,72.5125,65.18,-9.51006,-18.8509,592.8,1
2017-11-25,8,4.83333,0.0,1.16667,78,62.6175,52.9,-0.68162,-16.0224,599.657,1
2017-11-25,9,5.5,0.0,1.0,79,61.6667,45.0875,-9.59502,-20.6418,626.4,1
2017-11-25,10,5.83333,0.0,1.33333,71,32.43,49.175,0.19092,-12.8025,626.4,1
2017-11-25,11,6.5,0.0,1.83333,73,33.1225,68.6733,10.9007,-11.2386,586.56,1
2017-11-25,12,7.16667,0.0,2.5,67,34.3275,70.2075,3.77941,-0.63191,520.2,1
2017-11-25,13,9.33333,0.0,4.33333,47,37.5633,84.225,16.8841,11.9345,440.64,1
2017-11-25,14,11.1667,0.0,6.0,49,48.59,92.4125,4.14601,36.021,319.0,1
2017-11-25,15,12.6667,0.0,7.66667,51,60.0,101.97,4.74995,47.9386,234.667,1
2017-11-25,16,15.8333,0.0,8.83333,51,92.05,101.795,-2.74426,35.8344,180.0,1
2017-11-25,17,17.6667,0.0,9.66667,59,73.86,110.095,23.4556,9.04188,181.425,1
2017-11-25,21,16.1667,0.0,8.16667,77,16.41,96.47,21.8562,15.5202,221.76,1
2017-11-26,0,8.16667,6.78,6.0,80,6.515,84.99,3.31292,20.2241,347.368,1
2017-11-26,1,6.16667,6.78,5.5,82,18.29,106.368,7.00844,18.6934,370.421,1
2017-11-26,2,5.33333,6.78,4.83333,82,14.04,104.665,-10.1438,17.928,523.8,1
2017-11-26,3,5.5,6.78,4.16667,90,12.4275,94.0375,-12.4399,23.4713,513.0,1
2017-11-26,4,5.66667,2.46,3.5,94,19.2325,96.6925,0.49444,26.1138,569.455,1
2017-11-26,5,5.83333,0.0,2.83333,89,10.6167,92.42,-4.45533,31.0636,526.145,1
2017-11-26,6,6.66667,0.0,2.16667,86,16.8767,84.3133,-5.90273,26.5578,517.029,1
2017-11-26,7,7.16667,0.0,1.5,82,14.745,72.5125,-6.72344,28.2178,528.0,1
2017-11-26,8,7.0,0.0,1.0,85,20.7825,62.6175,-8.63684,32.8372,498.343,1
2017-11-26,9,6.5,0.0,0.666667,83,37.0875,61.6667,-10.6368,32.8372,480.0,1
2017-11-26,10,5.83333,0.79,0.5,84,36.6925,32.43,-11.5607,33.2199,477.0,1
2017-11-26,11,5.0,0.79,0.166667,84,40.065,33.1225,-8.56072,33.2199,480.0,1
2017-11-26,12,4.33333,0.79,-0.166667,86,38.01,34.3275,-3.26464,27.6766,569.25,1
2017-11-26,13,5.33333,0.79,-0.5,85,36.7325,37.5633,1.73536,27.6766,540.0,1
2017-11-26,14,6.5,0.79,-0.666667,85,50.385,48.59,16.8478,18.9363,550.8,1
2017-11-26,15,7.5,0.79,-1.0,86,53.035,60.0,30.99,4.79415,496.4,1
2017-11-26,16,8.16667,0.0,-1.33333,87,52.835,92.05,47.0456,-13.9675,420.0,1
2017-11-26,17,9.16667,0.0,-1.5,87,53.54,73.86,43.8934,-9.37529,387.6,1
2017-11-26,21,8.0,0.0,-2.5,87,28.41,16.41,42.4081,5.11003,398.618,1
2017-11-27,0,8.0,0.0,-3.16667,89,17.765,6.515,26.9409,36.3722,380.8,0
2017-11-27,1,6.83333,0.0,-3.33333,87,40.91,18.29,30.6364,37.9029,388.267,0
2017-11-27,2,6.5,0.0,-3.5,87,33.7775,14.04,25.3319,39.4336,482.727,0
2017-11-27,3,5.83333,0.0,-3.66667,88,29.25,12.4275,22.5035,36.6052,492.0,0
2017-11-27,4,5.16667,0.0,-3.83333,83,37.195,19.2325,21.0893,35.1909,526.145,0
2017-11-27,5,4.33333,0.0,-4.0,82,49.0675,10.6167,15.1692,36.5247,540.6,0
2017-11-27,6,4.0,0.0,-4.16667,90,60.4925,16.8767,15.1692,36.5247,540.6,0
2017-11-27,7,4.5,0.0,-4.16667,83,54.1325,14.745,15.1692,38.5247,561.0,0
2017-11-27,8,4.5,0.0,-4.16667,89,47.9125,20.7825,20.119,38.9919,609.12,0
2017-11-27,9,4.5,0.0,-4.16667,88,39.53,37.0875,17.2906,41.8203,600.0,0
2017-11-27,10,4.33333,0.0,-3.83333,81,30.3875,36.6925,15.8764,33.2346,765.927,0
2017-11-27,11,4.33333,0.0,-3.5,78,22.9375,40.065,12.3408,36.7701,736.364,0
2017-11-27,12,5.0,0.0,-2.83333,73,23.33,38.01,-0.98068,28.9035,717.6,0
2017-11-27,13,4.83333,0.0,-2.33333,75,31.8975,36.7325,-8.91886,31.6154,660.0,0
2017-11-27,14,5.0,0.0,-1.83333,73,41.275,50.385,-14.0286,37.1558,600.0,0
2017-11-27,15,5.83333,0.0,-1.5,67,49.245,53.035,-17.2338,40.4834,622.2,0
2017-11-27,16,5.66667,0.0,-1.66667,83,67.31,52.835,-21.4764,41.9402,600.0,0
2017-11-27,17,4.83333,0.0,-2.0,85,91.315,53.54,-24.3049,36.7686,641.143,0
2017-11-28,0,5.5,0.0,-7.66667,92,48.51,17.765,-32.1824,12.008,600.0,0
2017-11-28,1,5.5,0.0,-8.16667,92,74.49,40.91,-32.5591,5.85196,600.0,0
2017-11-28,2,5.0,0.0,-8.33333,92,60.8775,33.7775,-27.9397,8.93856,641.829,0
2017-11-28,3,4.16667,0.0,-8.33333,92,59.9967,29.25,-27.9397,10.9386,660.0,0
2017-11-28,4,4.33333,0.0,-8.66667,99,65.9625,37.195,-27.9397,6.93856,688.5,0
2017-11-28,5,4.83333,0.0,-8.83333,100,72.1375,49.0675,-29.9475,5.69909,624.24,0
2017-11-28,6,4.33333,0.0,-8.66667,94,75.82,60.4925,-28.0997,2.63765,610.56,0
2017-11-28,7,3.83333,0.0,-8.33333,84,77.0225,54.1325,-29.9475,1.87229,624.24,0
2017-11-28,8,4.16667,0.0,-8.16667,83,68.955,47.9125,-36.7952,1.10693,743.85,0
2017-11-28,9,4.33333,0.0,-7.5,70,68.03,39.53,-33.9668,3.93537,723.45,0
2017-11-28,10,3.66667,0.0,-6.33333,65,67.645,30.3875,-25.045,3.30129,764.64,0
2017-11-28,11,3.33333,0.0,-5.16667,68,68.5675,22.9375,-26.8928,4.06665,773.76,0
2017-11-28,12,3.66667,0.0,-3.66667,58,71.5333,23.33,-28.9005,5.30612,746.64,0
2017-11-28,13,4.16667,0.0,-2.16667,51,76.1425,31.8975,-27.9766,1.862,773.76,0
2017-11-28,14,4.66667,0.0,-0.5,55,73.94,41.275,-27.9766,1.862,773.76,0
2017-11-28,15,5.16667,0.0,0.5,62,80.725,49.245,-21.5095,-2.45924,660.0,0
2017-11-28,16,5.83333,0.0,1.0,81,98.435,67.31,-8.9662,-7.75532,743.85,0
2017-11-28,17,5.66667,0.0,1.16667,92,97.24,91.315,-3.42292,-5.45924,680.85,0
2017-11-29,0,3.16667,0.0,-3.5,88,80.66,48.51,0.76352,-18.1429,699.84,0
2017-11-29,1,3.16667,0.0,-3.83333,93,78.66,74.49,0.76352,-21.1429,685.44,0
2017-11-29,2,3.0,0.0,-3.83333,91,65.8267,60.8775,4.23488,-22.0011,773.143,0
2017-11-29,3,3.0,0.0,-3.83333,87,50.42,59.9967,2.82066,-23.4153,790.457,0
2017-11-29,4,3.16667,0.0,-3.66667,91,48.09,65.9625,5.82066,-23.4153,780.0,0
2017-11-29,5,3.33333,0.0,-3.33333,96,47.7725,72.1375,-3.41814,-24.9461,879.429,0
2017-11-29,6,3.83333,0.25,-3.33333,100,54.3467,75.82,-6.17548,-19.4028,885.6,0
2017-11-29,7,4.33333,0.86,-3.16667,95,58.9425,77.0225,-11.7188,-15.6989,864.96,0
2017-11-29,8,5.0,1.49,-3.16667,93,66.09,68.955,-2.63993,-9.86723,836.16,0
2017-11-29,9,5.66667,1.49,-3.0,88,59.95,68.03,4.66417,1.76647,790.4,0
2017-11-29,10,7.33333,1.49,-2.66667,75,42.5475,67.645,14.4007,3.98068,660.0,0
2017-11-29,11,8.0,1.79,-2.16667,65,39.1,68.5675,32.3099,15.1371,480.0,0
2017-11-29,12,8.66667,1.84,-1.5,62,42.98,71.5333,42.7346,11.5765,395.2,0
2017-11-29,13,9.16667,1.48,-1.0,67,47.9167,76.1425,48.4919,0.0331799,367.2,0
2017-11-29,14,10.0,0.85,-0.666667,75,42.045,73.94,51.2635,1.18122,316.2,0
2017-11-29,15,10.1667,0.85,-0.5,76,64.605,80.725,50.7164,-4.59216,343.385,0
2017-11-29,16,9.16667,0.85,-0.833333,94,89.98,98.435,58.1074,-1.53072,321.6,0
2017-11-29,17,8.16667,0.55,-1.33333,93,94.44,97.24,52.1074,-1.53072,363.0,0
2017-11-29,20,6.0,0.96,-3.33333,100,88.08,125.225,35.5344,0.91504,420.0,0
2017-11-29,21,5.66667,0.96,-3.83333,100,76.96,105.67,31.5344,0.91504,466.4,0
2017-11-30,0,5.16667,1.92,-4.16667,98,38.565,80.66,6.51806,5.37978,569.25,0
2017-11-30,1,5.0,1.44,-4.0,92,40.985,78.66,6.51806,7.37978,596.25,0
2017-11-30,2,4.33333,0.96,-3.66667,95,40.0,65.8267,1.04042,-0.30106,641.143,0
2017-11-30,3,4.16667,1.44,-3.5,96,38.035,50.42,1.80578,-2.14882,663.257,0
2017-11-30,5,4.0,1.98,-3.16667,98,34.94,47.7725,0.13229,0.47169,648.96,0
2017-11-30,7,4.0,2.01,-3.0,99,65.145,58.9425,18.4499,10.1301,691.2,0
2017-11-30,15,4.83333,5.9,-0.666667,84,25.52,64.605,39.1978,12.2539,764.64,0
2017-11-30,16,5.0,4.1,-0.5,90,23.33,89.98,35.6623,14.7183,737.76,0
2017-11-30,17,4.5,2.22,-0.5,86,20.195,94.44,31.0429,6.80492,711.36,0
2017-11-30,20,5.66667,1.96,-1.5,86,27.1133,88.08,25.4586,-1.53217,674.16,0
2017-11-30,21,7.0,1.35,-1.83333,87,24.9733,76.96,11.3164,5.53893,626.4,0
2018-10-01,0,6.0,0.0,3.16667,89,34.7075,39.84,41.1174,-4.76314,520.8,0
2018-10-01,1,6.16667,0.0,2.0,96,32.92,32.8225,28.7766,-12.7744,528.0,0
2018-10-01,2,6.16667,0.0,1.33333,100,37.755,30.095,16.8268,-7.82458,538.65,0
2018-10-01,3,6.33333,0.0,1.16667,91,34.735,26.0225,10.3596,-10.5033,480.0,0
2018-10-01,4,6.0,0.0,1.16667,93,39.9525,25.95,-4.48967,-16.8673,528.0,0
2018-10-01,5,6.33333,0.0,1.16667,94,33.88,29.1125,-7.31811,-19.6958,517.029,0
2018-10-01,6,6.16667,0.0,0.833333,100,35.245,29.2,-16.6142,-25.239,520.0,0
2018-10-01,7,6.16667,0.0,1.0,100,40.92,32.2067,-28.1575,-22.943,520.0,0
2018-10-01,8,6.0,0.0,1.5,97,33.785,17.89,-24.9843,-13.7042,528.0,0
2018-10-01,9,5.5,0.0,1.33333,100,28.5275,15.4425,-29.2269,-17.9468,480.0,0
2018-10-01,10,6.5,0.0,2.5,75,21.2575,27.72,-27.1056,-15.8255,536.057,0
2018-10-01,11,6.66667,0.0,4.0,64,15.315,8.91,-31.3946,-16.9485,480.0,0
2018-10-01,12,6.83333,0.0,6.16667,62,13.91,6.4925,-17.9275,-14.2697,480.0,0
2018-10-01,13,7.16667,0.0,8.16667,59,14.3375,10.345,-3.14926,-6.4915,477.0,0
2018-10-01,14,7.5,0.0,10.0,57,16.935,6.735,7.46174,-4.39234,420.0,0
2018-10-01,15,8.16667,0.0,12.0,56,20.2375,5.14,14.005,-6.68842,451.0,0
2018-10-01,16,8.0,0.0,12.3333,62,18.82,29.7775,23.9046,4.94528,382.5,0
2018-10-01,17,7.83333,0.0,12.1667,74,30.5625,33.775,20.369,1.40973,386.88,0
2018-10-01,18,8.0,0.0,11.6667,74,28.61,45.98,31.9039,-7.96035,408.857,0
2018-10-01,19,7.16667,0.0,10.8333,84,30.6125,39.5333,17.5128,-4.89891,392.229,0
2018-10-01,20,6.66667,0.0,9.66667,92,33.6875,49.0125,14.5128,-4.89891,463.6,0
2018-10-01,21,6.16667,0.0,8.66667,96,39.8,34.01,19.5128,-4.89891,450.667,0
2018-10-01,22,5.5,1.27,7.83333,97,34.73,42.2425,13.1113,-6.07419,503.25,0
2018-10-01,23,5.33333,1.27,7.16667,96,37.06,37.4425,9.57578,-2.53864,480.0,0
2018-10-02,0,4.83333,1.27,6.83333,90,36.675,34.7075,-1.95977,0.99691,532.65,0
2018-10-02,1,5.0,1.27,6.5,91,36.5733,32.92,-11.1522,-2.85858,600.4,0
2018-10-02,2,5.0,1.52,6.33333,91,35.4633,37.755,-13.0656,1.76082,575.467,0
2018-10-02,3,4.5,1.77,6.16667,88,31.885,34.735,-6.70161,13.1248,604.2,0
2018-10-02,4,4.66667,0.5,6.0,89,29.515,39.9525,-6.70161,15.1248,622.2,0
2018-10-02,5,4.83333,0.75,5.83333,90,32.155,33.88,-13.2403,24.9107,659.85,0
2018-10-02,6,5.33333,0.75,5.33333,90,23.1275,35.245,-10.092,26.092,627.3,0
2018-10-02,7,5.83333,0.75,5.0,93,38.615,40.92,-24.7488,31.7488,610.56,0
2018-10-02,8,6.5,0.5,4.66667,93,22.2025,33.785,-29.7237,43.7593,540.0,0
2018-10-02,9,7.83333,0.25,4.5,91,21.84,28.5275,-22.6526,45.6882,501.84,0
2018-10-02,10,8.5,0.25,4.5,85,28.13,21.2575,-10.1325,44.6043,440.64,0
2018-10-02,11,9.16667,0.0,4.66667,82,16.985,15.315,1.18122,40.4328,385.0,0
2018-10-02,12,9.66667,0.0,5.0,81,12.3325,13.91,12.495,43.2612,341.85,0
2018-10-02,13,9.5,1.96,5.33333,81,14.025,14.3375,25.9301,45.3825,300.0,0
2018-10-02,14,9.33333,1.96,5.5,82,10.395,16.935,28.9915,44.9915,325.867,0
2018-10-02,15,9.16667,1.96,5.5,83,16.83,20.2375,28.9915,43.9915,349.92,0
2018-10-02,16,8.66667,1.96,5.5,83,16.93,18.82,21.9204,45.9204,363.0,0
2018-10-02,17,8.5,1.96,5.33333,84,23.8975,30.5625,12.1705,45.3165,403.68,0
2018-10-02,18,8.5,1.96,5.0,84,21.1525,28.61,1.65533,46.5603,425.455,0
2018-10-02,19,9.16667,0.0,4.5,88,20.36,30.6125,-10.3324,48.9448,393.6,0
2018-10-02,20,9.83333,0.0,4.16667,88,17.9675,33.6875,-18.1106,49.723,341.85,0
2018-10-02,21,10.6667,0.0,3.66667,88,29.975,39.8,-26.5959,50.2083,300.0,0
2018-10-02,22,10.8333,0.0,3.16667,88,18.3975,34.73,-33.8167,44.6407,263.467,0
2018-10-02,23,10.6667,0.0,2.5,90,15.2375,37.06,-33.434,43.7168,294.0,0
2018-10-03,0,10.3333,0.0,2.16667,88,11.7925,36.675,-32.2859,40.9451,329.018,0
2018-10-03,1,10.0,0.0,2.0,84,7.395,36.5733,-27.9519,41.4819,359.9,0
2018-10-03,2,10.0,0.0,1.83333,84,5.215,35.4633,-36.2668,44.926,322.4,0
2018-10-03,3,10.0,0.0,1.83333,85,5.4375,31.885,-38.868,41.0328,342.514,0
2018-10-03,4,11.1667,0.0,1.83333,87,6.085,29.515,-38.8414,29.0998,319.2,0
2018-10-03,5,12.5,0.51,2.16667,89,7.96,32.155,-46.3866,32.3154,240.0,0
2018-10-03,6,13.8333,0.51,2.33333,90,7.28,23.1275,-45.9413,31.8701,225.5,0
2018-10-03,7,15.3333,0.51,2.5,90,14.6075,38.615,-41.3603,42.9839,196.114,0
2018-10-03,8,16.5,0.51,2.83333,90,16.3575,22.2025,-24.7076,43.6496,229.125,0
2018-10-03,9,16.1667,0.51,3.33333,89,18.975,21.84,-13.3938,51.3358,209.012,0
2018-10-03,10,17.1667,0.76,3.83333,83,13.4175,28.13,-17.986,62.4224,187.2,0
2018-10-03,11,17.3333,0.5,4.66667,68,11.395,16.985,-4.59216,51.0866,232.737,0
2018-10-03,12,18.3333,0.5,5.5,67,12.9175,12.3325,-4.59216,68.0866,180.0,0
2018-10-03,13,18.6667,0.5,6.33333,68,8.3925,14.025,-8.80164,59.2492,178.286,0
2018-10-03,14,19.0,0.5,7.0,61,9.06,10.395,-8.80164,58.2492,164.965,0
2018-10-03,15,19.5,0.5,7.5,59,8.715,16.83,-8.80164,62.2492,169.304,0
2018-10-03,16,18.8333,0.25,7.83333,68,11.13,16.93,0.0,56.0,207.36,0
2018-10-03,17,18.1667,1.22,8.0,60,11.9525,23.8975,-6.50556,51.706,233.143,0
2018-10-03,18,17.0,2.44,8.0,67,13.4875,21.1525,-11.4804,63.7164,213.714,0
2018-10-03,19,15.5,2.44,7.66667,82,15.625,20.36,-11.4804,58.7164,211.68,0
2018-10-03,20,13.6667,2.44,7.33333,78,12.2,17.9675,-15.6899,53.8791,258.353,0
2018-10-03,21,13.0,2.44,6.66667,85,14.61,29.975,-22.761,60.9502,240.0,0
2018-10-03,22,12.0,2.44,6.0,84,13.6675,18.3975,-20.4649,55.4069,259.2,0
2018-10-03,23,12.0,1.22,5.16667,83,8.13,15.2375,-19.6995,53.5591,303.525,0
2018-10-04,0,11.0,0.0,4.5,78,7.3925,11.7925,-19.6995,50.5591,294.0,0
2018-10-04,1,10.6667,0.0,4.0,78,6.41,7.395,-19.3169,49.6353,297.0,0
2018-10-04,2,10.3333,0.33,3.5,77,4.625,5.215,-18.6098,48.9282,317.127,0
2018-10-04,3,10.0,0.33,3.16667,79,7.13,5.4375,-20.0571,44.4223,353.455,0
2018-10-04,4,9.66667,0.33,3.0,78,9.4575,6.085,-23.5013,52.7373,311.564,0
2018-10-04,5,8.5,0.33,2.66667,80,6.75,7.96,-22.7359,50.8895,355.385,0
2018-10-04,6,8.0,0.66,2.33333,80,8.3575,7.28,-25.032,43.4328,417.72,0
2018-10-04,7,7.5,0.66,2.33333,75,25.685,14.6075,-29.9818,48.3826,386.88,0
2018-10-04,8,7.33333,0.33,2.5,80,13.0067,16.3575,-30.3976,43.3864,432.667,0
2018-10-04,9,7.16667,0.33,2.83333,81,8.715,18.975,-24.0336,44.0224,453.6,0
2018-10-04,10,8.16667,0.33,3.5,75,10.01,13.4175,-21.4382,45.7566,463.6,0
2018-10-04,11,9.16667,0.33,4.16667,69,6.305,11.395,-7.38742,51.2999,374.0,0
2018-10-04,12,10.3333,0.0,5.0,63,9.36,12.9175,-12.7338,42.0338,329.829,0
2018-10-04,13,11.0,0.0,5.83333,58,12.3575,8.3925,-3.54135,46.8414,253.543,0
2018-10-04,14,11.8333,0.0,6.66667,55,7.955,9.06,-4.30671,41.6892,302.08,0
2018-10-04,15,11.8333,0.0,7.5,52,22.3125,8.715,-4.30671,53.6892,257.92,0
2018-10-04,16,10.8333,0.0,7.83333,52,45.01,11.13,-14.9134,47.831,302.4,0
2018-10-04,17,10.1667,0.0,8.16667,58,48.71,11.9525,-3.8268,52.2388,350.314,0
2018-10-04,18,8.66667,0.0,8.0,66,58.57,13.4875,-3.8268,60.2388,331.629,0
2018-10-04,19,8.16667,0.0,7.5,74,64.1775,15.625,-5.7402,50.8582,403.68,0
2018-10-04,20,6.83333,0.0,6.5,85,58.17,12.2,-5.7402,57.8582,373.32,0
2018-10-04,21,6.33333,0.0,5.33333,92,51.17,14.61,-5.60892,50.1501,477.9,0
2018-10-04,22,5.83333,0.0,4.33333,96,50.635,13.6675,-0.60892,50.1501,475.2,0
2018-10-04,23,5.5,0.0,3.16667,98,50.6575,8.13,5.39108,38.1501,520.8,0
2018-10-05,0,5.66667,0.0,2.33333,98,40.535,7.3925,-0.1522,35.854,480.0,0
2018-10-05,1,5.5,0.0,1.5,98,37.8425,6.41,-5.69548,25.558,530.0,0
2018-10-05,2,5.83333,0.0,1.0,98,43.335,4.625,-11.2388,14.2619,569.25,0
2018-10-05,3,5.83333,0.0,0.666667,96,36.1125,7.13,-16.782,3.9658,570.24,0
2018-10-05,4,5.66667,0.0,0.333333,99,39.245,9.4575,-19.488,-2.567,595.2,0
2018-10-05,5,5.5,0.0,0.0,100,46.01,6.75,-23.0236,-6.10255,559.543,0
2018-10-05,6,5.5,0.0,-0.166667,100,43.4175,8.3575,-18.0236,-13.1025,540.0,0
2018-10-05,7,5.33333,0.0,-0.166667,100,40.53,25.685,-24.8713,-16.9293,583.0,0
2018-10-05,8,5.33333,0.0,0.166667,96,25.27,13.0067,-28.4069,-20.4649,540.0,0
2018-10-05,9,4.83333,0.0,1.0,78,41.645,8.715,-38.6496,-24.7076,540.0,0
2018-10-05,10,5.33333,0.0,2.33333,63,20.76,10.01,-34.5205,-23.8257,626.4,0
2018-10-05,11,5.5,0.0,4.33333,58,24.5,6.305,-36.3683,-18.4682,582.4,0
2018-10-05,12,5.0,0.0,6.33333,48,14.0575,9.36,-30.825,-10.1721,582.4,0
2018-10-05,13,5.16667,0.0,8.5,48,16.635,12.3575,-25.2817,-4.87602,635.04,0
2018-10-05,14,5.66667,0.0,10.5,50,26.04,7.955,-15.119,-0.66654,610.56,0
2018-10-05,15,6.83333,0.0,12.1667,52,20.19,22.3125,-10.2195,9.233,583.0,0
2018-10-05,16,7.0,0.0,13.1667,54,41.9925,45.01,3.63872,8.08496,501.84,0
2018-10-05,17,7.33333,0.0,13.5,59,48.2367,48.71,20.4169,15.8632,420.0,0
2018-10-05,18,8.0,0.0,13.1667,67,61.48,58.57,29.8312,17.2774,420.0,0
2018-10-05,19,7.66667,0.0,12.3333,74,64.0575,64.1775,44.2222,8.21595,416.0,0
2018-10-05,20,7.0,0.0,11.0,87,62.2875,58.17,48.2222,5.21595,432.0,0
2018-10-05,21,6.5,0.0,9.33333,85,59.305,51.17,39.1434,-0.61568,479.467,0
2018-10-05,22,6.0,0.0,7.66667,88,59.465,50.635,45.1434,-0.61568,450.667,0
2018-10-05,23,5.66667,0.0,6.16667,91,46.24,50.6575,33.2361,-9.27575,498.667,0
2018-10-06,0,5.5,0.0,5.0,92,45.5325,40.535,19.3779,-3.53555,549.067,1
2018-10-06,1,5.16667,0.0,4.16667,93,43.795,37.8425,25.3779,-3.53555,513.067,1
2018-10-06,2,5.16667,0.0,3.66667,93,42.615,43.335,27.3779,-3.53555,540.0,1
2018-10-06,3,5.16667,0.0,3.33333,90,39.425,36.1125,23.3779,-3.53555,596.25,1
2018-10-06,4,5.16667,0.0,3.16667,82,46.985,39.245,21.3779,-3.53555,620.229,1
2018-10-06,5,5.16667,0.0,3.16667,75,40.95,46.01,12.0818,-9.07883,592.8,1
2018-10-06,6,5.16667,0.0,2.83333,94,41.3475,43.4175,14.0818,-9.07883,563.04,1
2018-10-06,7,5.83333,0.0,2.83333,85,40.69,40.53,12.0741,-7.83936,561.0,1
2018-10-06,8,5.5,0.0,3.16667,78,34.27,25.27,12.0741,-7.83936,561.0,1
2018-10-06,9,5.66667,0.0,3.16667,94,35.77,41.645,20.6174,-5.54328,626.4,1
2018-10-06,10,6.33333,0.0,4.66667,62,25.86,20.76,21.2109,-12.7891,604.2,1
2018-10-06,11,6.66667,0.0,6.5,58,25.92,24.5,3.97207,-8.96233,480.0,1
2018-10-06,12,7.16667,0.0,9.0,49,22.285,14.0575,-1.37105,-1.57129,496.8,1
2018-10-06,13,8.16667,0.0,11.5,47,21.1,16.635,9.92503,3.97199,438.6,1
2018-10-06,14,9.66667,0.0,13.8333,51,24.2575,26.04,14.0605,-4.81849,377.4,1
2018-10-06,15,10.3333,0.0,16.3333,53,30.5625,20.19,22.0102,0.13128,346.92,1
2018-10-06,16,10.3333,0.0,17.8333,40,35.02,41.9925,42.249,-3.69552,319.2,1
2018-10-06,17,10.8333,0.0,18.5,47,32.8475,48.2367,27.3534,-7.25976,300.667,1
2018-10-06,18,10.6667,0.0,18.6667,62,35.75,61.48,14.1439,2.90292,302.4,1
2018-10-06,19,9.66667,0.0,18.3333,63,45.2325,64.0575,16.9428,10.928,348.0,1
2018-10-06,20,8.83333,0.0,17.5,63,48.255,62.2875,12.7001,15.1707,345.6,1
2018-10-06,21,8.5,0.0,16.6667,65,36.165,59.305,5.64987,21.6379,398.618,1
2018-10-06,22,7.83333,0.0,15.1667,65,45.65,59.465,1.01386,15.2739,417.72,1
2018-10-06,23,7.5,0.0,14.1667,60,46.055,46.24,1.01386,9.27387,400.68,1
2018-10-07,0,7.66667,0.0,13.3333,62,49.1625,45.5325,18.5676,8.89119,426.0,1
2018-10-07,1,8.5,0.0,13.0,58,57.425,43.795,29.1411,7.04343,421.2,1
2018-10-07,2,9.16667,0.0,12.8333,60,49.3475,42.615,15.83,10.0717,393.6,1
2018-10-07,3,9.5,0.0,12.8333,61,55.39,39.425,6.67074,13.7672,352.8,1
2018-10-07,4,9.16667,0.0,13.0,65,44.21,46.985,11.3068,26.1312,340.267,1
2018-10-07,5,9.66667,0.0,13.1667,59,47.69,40.95,14.1352,29.8267,352.8,1
2018-10-07,6,9.33333,0.51,13.3333,64,47.1125,41.3475,-5.26629,30.9748,312.8,1
2018-10-07,7,8.66667,0.51,13.1667,76,42.61,40.69,-6.68051,17.7101,360.0,1
2018-10-07,8,8.16667,0.51,13.1667,72,45.2675,34.27,9.94933,10.8218,411.927,1
2018-10-07,9,7.66667,0.51,13.3333,72,53.7,35.77,15.6062,16.4787,372.764,1
2018-10-07,10,8.66667,0.51,13.5,67,44.975,25.86,27.2067,9.37747,412.364,1
2018-10-07,11,8.16667,0.51,14.3333,52,45.155,25.92,4.13949,9.50875,420.0,1
2018-10-07,12,9.16667,0.0,15.5,50,45.955,22.285,-2.2245,15.8727,372.3,1
2018-10-07,13,10.5,0.0,16.6667,49,41.535,21.1,16.9123,16.2304,329.829,1
2018-10-07,14,11.0,0.0,17.8333,54,40.4875,24.2575,-9.06995,18.9924,278.25,1
2018-10-07,15,11.0,0.0,18.6667,58,35.6,30.5625,-26.6237,20.1405,262.08,1
2018-10-07,16,10.5,0.0,19.3333,65,48.9225,35.02,-20.4463,23.7047,275.6,1
2018-10-07,17,10.1667,0.0,18.8333,65,50.525,32.8475,-9.13255,12.391,332.215,1
2018-10-07,18,8.66667,0.0,18.0,65,51.11,35.75,-2.66539,9.71219,321.6,1
2018-10-07,19,7.0,0.0,16.8333,70,53.7225,45.2325,-14.1347,6.01667,443.52,1
2018-10-07,20,6.0,0.0,15.5,84,57.035,48.255,-9.13467,6.01667,454.72,1
2018-10-07,21,5.5,0.0,14.1667,85,52.385,36.165,-12.6702,9.55222,457.92,1
2018-10-07,22,4.5,0.0,13.1667,89,43.61,45.65,-2.34757,7.34757,553.527,1
2018-10-07,23,4.0,0.0,12.5,91,49.175,46.055,-3.05468,8.05468,607.418,1
2018-10-08,0,4.16667,0.0,12.0,88,32.2875,49.1625,-0.22624,11.7502,606.764,0
2018-10-08,1,3.83333,0.0,11.6667,87,32.1375,57.425,14.5558,9.45412,675.45,0
2018-10-08,2,3.5,0.0,11.5,88,32.1075,49.3475,17.3275,10.6022,680.4,0
2018-10-08,3,3.66667,0.0,11.3333,85,36.365,55.39,20.0991,11.7502,680.85,0
2018-10-08,4,4.83333,0.0,11.0,85,27.3775,44.21,27.4032,9.90244,704.229,0
2018-10-08,5,5.0,0.0,10.5,90,34.64,47.69,29.8445,17.9137,681.943,0
2018-10-08,6,5.0,0.51,10.0,87,26.77,47.1125,27.9967,22.5058,660.0,0
2018-10-08,7,5.33333,0.51,9.66667,87,23.83,42.61,31.0854,24.2879,660.0,0
2018-10-08,8,5.66667,0.51,9.33333,92,25.025,45.2675,31.0854,24.2879,660.0,0
2018-10-08,9,5.66667,0.51,9.33333,87,24.06,53.7,39.621,20.7524,660.0,0
2018-10-08,10,5.66667,0.51,9.5,84,23.0975,44.975,47.0352,12.8142,635.04,0
2018-10-08,11,5.16667,0.51,10.0,79,31.03,45.155,42.7056,2.36172,540.8,0
2018-10-08,12,4.66667,0.0,10.5,76,23.5175,45.955,43.4709,0.51396,540.0,0
2018-10-08,13,4.66667,0.0,11.1667,73,28.53,41.535,41.4647,-2.48184,626.4,0
2018-10-08,14,4.66667,0.0,12.0,72,30.7,40.4875,40.7575,-11.5607,675.45,0
2018-10-08,15,4.66667,0.0,12.8333,72,33.955,35.6,44.2931,-6.94127,639.6,0
2018-10-08,16,5.16667,0.0,13.5,71,39.6625,48.9225,41.1447,-4.45943,624.24,0
2018-10-08,17,6.0,0.0,13.8333,82,46.8,50.525,42.9059,-4.45943,540.0,0
2018-10-08,18,6.83333,0.0,14.0,94,46.4,51.11,37.8557,0.49034,561.6,0
2018-10-08,19,6.66667,0.0,14.0,91,44.235,53.7225,38.8557,0.49034,569.25,0
2018-10-08,20,6.5,0.0,13.6667,90,44.7875,57.035,42.5512,-1.04038,558.45,0
2018-10-08,21,6.33333,0.0,12.6667,95,55.01,52.385,42.4199,6.6677,520.2,0
2018-10-08,22,5.33333,0.0,11.5,96,37.395,43.61,46.274,10.4289,501.84,0
2018-10-08,23,4.5,0.0,10.5,88,40.42,49.175,44.6518,9.34501,501.84,0
2018-10-09,0,4.16667,0.0,9.66667,87,29.825,32.2875,41.8816,2.87785,583.0,0
2018-10-09,1,4.33333,0.0,8.66667,95,36.71,32.1375,39.9682,7.49725,540.0,0
2018-10-09,2,4.0,0.0,7.66667,98,25.6875,32.1075,40.7256,1.95397,641.455,0
2018-10-09,3,3.5,0.0,7.33333,93,30.385,36.365,42.7256,1.95397,671.564,0
2018-10-09,4,3.5,0.0,7.16667,93,34.3475,27.3775,44.7256,1.95397,697.745,0
2018-10-09,5,4.0,0.0,7.16667,93,38.74,34.64,29.1062,0.04057,749.829,0
2018-10-09,6,3.5,0.0,7.16667,93,36.2675,26.77,19.537,-6.8226,796.8,0
2018-10-09,7,3.5,0.0,6.83333,100,34.08,23.83,17.6892,-7.58796,814.629,0
2018-10-09,8,3.83333,0.0,7.0,100,37.6,25.025,6.06984,-9.50136,810.9,0
2018-10-09,9,4.16667,0.0,7.5,97,26.988,24.06,-1.3212,-9.50136,810.9,0
2018-10-09,10,4.33333,0.0,8.66667,75,33.095,23.0975,-8.71224,-9.50136,829.44,0
2018-10-09,11,4.33333,0.0,10.0,70,27.08,31.03,-15.6277,-5.87148,801.36,0
2018-10-09,12,4.33333,0.0,11.6667,60,29.575,23.5175,-14.0056,2.28347,720.0,0
2018-10-09,13,4.83333,0.0,14.0,55,34.885,28.53,-13.3567,5.54545,801.36,0
2018-10-09,14,5.5,0.0,16.0,57,35.8633,30.7,-5.78643,-4.73083,720.0,0
2018-10-09,15,6.66667,0.0,17.5,56,28.56,33.955,-7.39539,-7.79227,624.24,0
2018-10-09,16,6.5,0.0,18.0,62,42.765,39.6625,11.4694,6.96257,524.16,0
2018-10-09,17,7.0,0.0,18.0,60,48.8475,46.8,16.0888,13.876,504.9,0
2018-10-09,18,7.33333,0.0,17.3333,65,50.405,46.4,30.8709,19.9988,477.0,0
2018-10-09,19,6.16667,0.0,16.3333,58,48.3325,44.235,31.6362,10.76,505.44,0
2018-10-09,20,5.5,0.0,15.1667,63,46.815,44.7875,31.6362,9.76005,546.96,0
2018-10-09,21,4.66667,0.0,13.8333,73,56.32,55.01,25.2722,3.39606,520.2,0
2018-10-09,22,4.66667,0.0,12.6667,75,45.2325,37.395,18.3147,-0.31424,532.65,0
2018-10-09,23,4.16667,0.0,11.5,72,38.1975,40.42,17.6579,5.34264,588.0,0
2018-10-10,0,4.33333,0.0,10.5,74,35.3,29.825,14.1223,1.80709,558.45,0
2018-10-10,1,4.83333,0.0,9.66667,69,44.415,36.71,3.19571,1.33298,659.127,0
2018-10-10,2,4.83333,0.0,8.83333,64,31.02,25.6875,0.36727,-1.49546,653.345,0
2018-10-10,3,4.66667,0.0,8.5,59,34.3025,30.385,-11.1065,-13.1889,699.84,0
2018-10-10,4,4.16667,0.0,8.33333,62,37.4825,34.3475,-15.7259,-20.1023,743.85,0
2018-10-10,5,3.83333,0.0,8.5,57,38.3775,38.74,-17.5736,-20.8676,767.25,0
2018-10-10,6,3.66667,0.0,8.83333,54,32.9275,36.2675,-20.3453,-22.0157,764.4,0
2018-10-10,7,3.66667,0.0,9.0,66,43.205,34.08,-31.4318,-26.6078,780.0,0
2018-10-10,8,3.66667,0.0,9.5,58,30.9925,37.6,-33.5966,-23.443,747.3,0
2018-10-10,9,3.66667,0.0,10.0,45,37.14,26.988,-34.4637,-22.1453,781.0,0
2018-10-10,10,4.16667,0.0,11.0,62,31.5725,33.095,-39.0831,-24.0587,720.0,0
2018-10-10,11,4.0,0.0,12.1667,62,30.035,27.08,-37.0754,-25.2982,720.0,0
2018-10-10,12,4.16667,0.0,13.6667,54,35.465,29.575,-42.8407,-27.1459,801.36,0
2018-10-10,13,4.33333,0.0,15.3333,48,30.56,34.885,-39.3052,-18.6104,801.36,0
2018-10-10,14,5.0,0.0,17.0,50,32.575,35.8633,-31.1502,-13.1614,780.0,0
2018-10-10,15,5.5,0.0,18.1667,47,44.245,28.56,-16.6263,-8.80227,737.76,0
2018-10-10,16,5.5,0.0,18.6667,53,46.205,42.765,-2.15911,-6.12351,600.0,0
2018-10-10,17,5.83333,0.0,18.6667,65,43.13,48.8475,9.30805,-3.44475,620.1,0
2018-10-10,18,5.66667,0.0,17.8333,75,48.6975,50.405,17.0036,-1.91403,620.1,0
2018-10-10,19,5.5,0.0,16.8333,77,48.0425,48.3325,24.6991,-0.38331,635.04,0
2018-10-10,20,4.83333,0.0,15.3333,85,48.545,46.815,27.5275,2.44513,600.0,0
2018-10-10,21,4.33333,0.0,13.8333,86,51.41,56.32,28.4514,2.82781,624.24,0
2018-10-10,22,4.33333,0.0,12.3333,88,41.3175,45.2325,28.1329,6.29772,610.56,0
2018-10-10,23,4.33333,0.0,10.8333,94,52.145,38.1975,23.5135,-0.61568,610.56,0
2018-10-11,0,4.33333,0.0,9.83333,95,33.6725,35.3,16.0657,-5.35752,675.45,0
2018-10-11,1,4.33333,0.0,9.0,94,37.52,44.415,20.0657,-5.35752,659.85,0
2018-10-11,2,4.33333,0.0,8.5,91,30.9975,31.02,16.0657,-5.35752,743.85,0
2018-10-11,3,4.16667,0.0,8.16667,84,27.4075,34.3025,12.3702,-6.88824,723.45,0
2018-10-11,4,4.0,0.0,8.0,85,32.4925,37.4825,0.67464,-8.41896,764.64,0
2018-10-11,5,4.16667,0.0,7.83333,94,38.355,38.3775,-3.02088,-9.94968,720.0,0
2018-10-11,6,4.33333,0.0,8.0,97,28.9775,32.9275,-16.6403,-11.8631,747.3,0
2018-10-11,7,4.33333,0.0,8.16667,100,29.925,43.205,-25.2597,-13.7765,717.6,0
2018-10-11,8,4.33333,0.0,8.0,88,25.1775,30.9925,-24.0881,-16.6049,717.6,0
2018-10-11,9,4.33333,0.0,8.16667,81,25.8125,37.14,-23.221,-17.9026,737.76,0
2018-10-11,10,4.66667,0.0,9.16667,63,31.275,31.5725,-22.2972,-17.52,764.64,0
2018-10-11,11,4.33333,0.0,10.8333,57,25.8775,30.035,-23.221,-17.9026,717.6,0
2018-10-11,12,4.33333,0.0,12.5,47,25.385,35.465,-23.1642,-16.2222,747.3,0
2018-10-11,13,4.5,0.0,14.1667,41,29.475,30.56,-22.5448,-14.3088,717.6,0
2018-10-11,14,5.16667,0.0,16.3333,47,29.27,32.575,-21.5448,-14.3088,688.5,0
2018-10-11,15,5.83333,0.0,18.1667,49,22.84,44.245,-8.49692,-16.9043,627.3,0
2018-10-11,16,6.0,0.0,19.0,50,46.0325,46.205,7.818,-13.4602,610.56,0
2018-10-11,17,6.66667,0.0,19.0,60,47.45,43.13,19.4374,-11.5468,540.0,0
2018-10-11,18,6.5,0.0,18.5,62,44.525,48.6975,24.733,-6.03956,504.9,0
2018-10-11,19,6.33333,0.0,17.5,72,44.8475,48.0425,32.4285,-4.50884,540.6,0
2018-10-11,20,5.66667,0.0,15.8333,86,38.9675,48.545,41.9718,-2.21276,540.8,0
2018-10-11,21,5.0,0.0,14.0,92,31.645,51.41,41.0479,0.466,546.96,0
2018-10-11,22,4.66667,0.0,12.1667,93,36.8325,41.3175,32.733,-2.97812,570.24,0
2018-10-11,23,4.33333,0.0,10.6667,92,32.115,52.145,32.733,-2.97812,607.05,0
2018-10-12,0,4.5,0.0,9.16667,91,24.0025,33.6725,37.733,-2.97812,577.2,0
2018-10-12,1,4.5,0.0,8.0,90,28.895,37.52,27.4567,0.76536,635.25,0
2018-10-12,2,4.0,0.0,7.16667,92,22.625,30.9975,24.6283,-2.06308,619.65,0
2018-10-12,3,4.0,0.0,6.83333,85,24.5375,27.4075,23.9212,-2.77019,660.0,0
2018-10-12,4,3.83333,0.0,6.33333,91,25.145,32.4925,19.9212,-2.77019,726.857,0
2018-10-12,5,3.66667,0.0,5.83333,97,31.79,38.355,16.9212,-2.77019,796.8,0
2018-10-12,6,3.5,0.0,5.66667,100,24.275,28.9775,20.9212,-2.77019,766.629,0
2018-10-12,7,3.5,0.0,5.66667,95,30.685,29.925,18.454,-5.44895,780.0,0
2018-10-12,8,4.0,0.0,5.83333,100,25.095,25.1775,18.454,-5.44895,780.0,0
2018-10-12,9,4.0,0.0,6.0,84,23.555,25.8125,10.7585,-6.97967,780.0,0
2018-10-12,10,4.33333,0.0,7.33333,68,25.5975,31.275,10.7585,-10.0411,780.0,0
2018-10-12,11,4.16667,0.0,8.83333,60,30.375,25.8775,20.454,-8.51039,746.64,0
2018-10-12,12,4.16667,0.0,10.5,52,23.2175,25.385,18.454,-8.51039,801.36,0
2018-10-12,13,4.0,0.0,12.3333,47,25.955,29.475,16.2824,-4.81487,829.44,0
2018-10-12,14,4.16667,0.0,14.5,42,35.06,29.27,19.2824,-4.81487,807.84,0
2018-10-12,15,4.5,0.0,16.1667,44,44.945,22.84,28.9018,-2.90147,780.0,0
2018-10-12,16,4.5,0.0,16.8333,50,46.9125,46.0325,34.4374,0.63408,747.3,0
2018-10-12,17,5.0,0.0,17.1667,59,49.815,47.45,32.7335,-4.9092,688.5,0
2018-10-12,18,5.33333,0.0,16.6667,72,52.7625,44.525,30.2768,-7.20528,683.7,0
2018-10-12,19,5.5,0.0,15.6667,79,52.325,44.8475,32.2768,-7.20528,627.3,0
2018-10-12,20,5.33333,0.0,14.0,84,52.7475,38.9675,39.6678,-4.14384,627.3,0
2018-10-12,21,5.5,0.0,12.3333,93,51.835,31.645,47.3633,-2.61312,667.8,0
2018-10-12,22,5.16667,0.0,10.6667,91,44.5675,36.8325,31.8962,-5.29188,620.1,0
2018-10-12,23,5.0,0.0,9.16667,89,35.645,32.115,27.537,-5.29188,603.2,0
2018-10-13,0,5.16667,0.0,8.0,88,28.26,24.0025,29.537,-5.29188,586.56,1
2018-10-13,1,5.16667,0.0,7.0,88,36.13,28.895,19.5872,-10.2416,561.0,1
2018-10-13,2,5.16667,0.0,6.33333,92,27.3325,22.625,9.89171,-11.7724,604.2,1
2018-10-13,3,4.16667,0.0,5.83333,100,26.73,24.5375,11.5956,-6.22909,649.0,1
2018-10-13,4,4.16667,0.0,5.66667,84,31.435,25.145,12.5956,-6.22909,691.2,1
2018-10-13,5,3.5,0.0,5.5,81,30.2975,31.79,8.90011,-7.75981,660.0,1
2018-10-13,6,3.0,0.0,5.5,79,31.635,24.275,2.43295,-5.84641,781.0,1
2018-10-13,7,3.16667,0.0,5.66667,79,35.26,30.685,-0.39549,-8.67485,744.6,1
2018-10-13,8,3.16667,0.0,6.0,71,28.685,25.095,-9.93104,-12.2104,720.0,1
2018-10-13,9,3.66667,0.0,6.33333,75,28.625,23.555,-17.3221,-15.2718,720.0,1
2018-10-13,10,3.83333,0.0,7.66667,56,30.95,25.5975,-17.3221,-15.2718,790.457,1
2018-10-13,11,4.0,0.0,9.5,50,29.99,30.375,-15.4743,-14.5065,780.0,1
2018-10-13,12,4.16667,0.0,11.5,43,30.56,23.2175,-17.3221,-15.2718,780.0,1
2018-10-13,13,4.5,0.0,13.6667,37,27.005,25.955,-17.7048,-14.348,780.0,1
2018-10-13,14,4.5,0.0,15.6667,41,28.39,35.06,-16.2376,-11.6692,780.0,1
2018-10-13,15,5.0,0.0,17.6667,43,39.54,44.945,-7.28783,-6.71943,780.0,1
2018-10-13,16,4.83333,0.0,18.1667,44,47.5425,46.9125,-1.59231,-5.18871,717.6,1
2018-10-13,17,5.5,0.0,17.8333,56,50.8775,49.815,6.72261,-4.80603,683.7,1
2018-10-13,18,5.66667,0.0,17.0,63,53.42,52.7625,13.7937,-6.22025,648.96,1
2018-10-13,19,5.33333,0.0,16.0,65,54.3,52.325,21.5719,-6.92736,600.0,1
2018-10-13,20,5.33333,0.0,14.6667,70,51.0575,52.7475,19.354,-0.77724,635.04,1
2018-10-13,21,4.83333,0.0,12.8333,90,53.22,51.835,23.354,-0.77724,600.0,1
2018-10-13,22,4.83333,0.0,11.1667,90,40.97,44.5675,26.9928,-0.92692,610.56,1
2018-10-13,23,4.5,0.0,9.66667,89,42.99,35.645,32.9062,-5.54632,662.4,1
2018-10-14,0,4.33333,0.0,8.33333,88,32.2425,28.26,36.9062,-5.54632,641.829,1
2018-10-14,1,4.16667,0.0,6.83333,91,25.875,36.13,25.8196,-10.1385,627.3,1
2018-10-14,2,4.16667,0.0,5.5,89,27.9625,27.3325,25.8196,-10.1385,685.029,1
2018-10-14,3,4.16667,0.0,5.0,83,28.955,26.73,29.8196,-10.1385,660.0,1
2018-10-14,4,4.16667,0.0,4.83333,85,26.33,31.435,19.9912,-12.9669,660.0,1
2018-10-14,5,4.16667,0.0,4.83333,89,28.5025,30.2975,20.2956,-11.4362,707.2,1
2018-10-14,6,4.0,0.0,4.66667,100,24.1775,31.635,12.3575,-8.72426,756.0,1
2018-10-14,7,4.0,0.0,5.0,94,23.9275,35.26,16.3575,-8.72426,720.0,1
2018-10-14,8,4.0,0.0,5.83333,88,25.72,28.685,10.5841,-8.17712,746.64,1
2018-10-14,9,4.0,0.0,5.83333,96,18.0975,28.625,8.80196,-14.3272,749.7,1
2018-10-14,10,4.33333,0.0,7.0,56,23.475,30.95,3.27124,-18.0228,749.7,1
2018-10-14,11,4.5,0.0,8.83333,45,16.7375,29.99,8.09968,-15.1943,747.3,1
2018-10-14,12,4.83333,0.0,11.1667,39,18.485,30.56,0.56413,-11.6588,737.76,1
2018-10-14,13,5.16667,0.0,13.3333,37,14.9,27.005,11.1835,-9.74537,688.5,1
2018-10-14,14,5.83333,0.0,15.1667,42,18.78,28.39,0.88745,-4.20209,683.7,1
2018-10-14,15,6.33333,0.0,17.5,43,17.68,39.54,7.10693,-4.43509,620.1,1
2018-10-14,16,6.66667,0.0,18.3333,47,34.325,47.5425,17.8025,-2.90437,540.0,1
2018-10-14,17,6.66667,0.0,18.1667,57,41.3975,50.8775,22.7242,-2.27029,480.0,1
2018-10-14,18,6.5,0.0,17.6667,58,44.285,53.42,32.9505,2.95595,517.0,1
2018-10-14,19,6.16667,0.0,16.5,70,39.5825,54.3,37.9505,2.95595,480.0,1
2018-10-14,20,5.83333,0.0,14.8333,70,37.7075,51.0575,28.2549,1.42523,501.84,1
2018-10-14,21,5.5,0.0,13.0,80,43.635,53.22,26.2472,-4.4064,499.8,1
2018-10-14,22,5.0,0.0,11.1667,87,36.3625,40.97,16.7117,-7.94195,520.0,1
2018-10-14,23,5.0,0.0,9.5,88,43.545,42.99,17.0943,-18.1046,569.25,1
2018-10-15,0,4.83333,0.0,7.83333,89,33.99,32.2425,17.0943,-13.1046,540.0,0
2018-10-15,1,4.83333,0.0,6.5,89,31.335,25.875,6.87485,-12.8716,599.657,0
2018-10-15,2,4.5,0.0,5.66667,90,29.62,27.9625,-3.82067,-14.4023,675.45,0
2018-10-15,3,4.5,0.0,5.16667,77,29.2175,28.955,0.17933,-14.4023,659.85,0
2018-10-15,4,4.33333,0.0,4.83333,76,24.605,26.33,-2.59231,-13.2543,674.16,0
2018-10-15,5,4.16667,0.0,4.5,81,38.5925,28.5025,-10.4207,-16.0828,699.84,0
2018-10-15,6,4.16667,0.0,4.5,87,34.2175,24.1775,-14.1163,-17.6135,660.0,0
2018-10-15,7,4.16667,0.0,4.66667,82,30.395,23.9275,-21.9447,-20.4419,660.0,0
2018-10-15,8,4.16667,0.0,5.0,80,23.05,25.72,-21.0776,-21.7396,707.2,0
2018-10-15,9,4.0,0.0,5.0,82,27.51,18.0975,-18.3628,-22.272,737.76,0
2018-10-15,10,4.33333,0.0,6.33333,50,22.5925,23.475,-17.6557,-21.5649,764.64,0
2018-10-15,11,4.16667,0.0,8.33333,42,21.0725,16.7375,-9.74228,-16.9455,737.76,0
2018-10-15,12,4.33333,0.0,10.5,33,20.375,18.485,-6.74228,-16.9455,720.0,0
2018-10-15,13,4.5,0.0,12.6667,30,21.26,14.9,-0.37829,-14.4976,747.3,0
2018-10-15,14,4.66667,0.0,14.8333,35,21.455,18.78,8.31723,-12.9669,717.6,0
2018-10-15,15,5.33333,0.0,17.0,42,21.0,17.68,6.23063,-17.5863,711.36,0
2018-10-15,16,5.5,0.0,17.6667,47,47.6825,34.325,7.50111,-20.2355,655.2,0
2018-10-15,17,5.66667,0.0,17.6667,63,45.695,41.3975,20.4922,-18.5551,620.1,0
2018-10-15,18,5.5,0.0,16.8333,60,57.34,44.285,27.0162,-17.2574,620.1,0
2018-10-15,19,5.5,0.0,15.5,65,54.97,39.5825,33.5401,-15.9597,620.1,0
2018-10-15,20,5.33333,0.0,13.6667,76,51.7275,37.7075,40.988,-15.0446,626.4,0
2018-10-15,21,4.66667,0.0,11.6667,82,48.44,43.635,37.2925,-16.5754,600.0,0
2018-10-15,22,4.33333,0.0,9.66667,85,40.5425,36.3625,24.597,-18.1061,635.04,0
2018-10-15,23,4.5,0.0,7.66667,87,48.75,43.545,16.442,-24.6389,635.04,0
2018-10-16,0,4.66667,0.0,6.16667,85,31.6425,33.99,16.442,-24.6389,635.04,0
2018-10-16,1,4.5,0.0,5.16667,84,29.415,31.335,9.9092,-21.9329,675.45,0
2018-10-16,2,4.5,0.0,4.33333,82,27.5175,29.62,6.21368,-23.4636,659.85,0
2018-10-16,3,4.66667,0.0,3.83333,80,27.2475,29.2175,7.15224,-16.0726,729.6,0
2018-10-16,4,4.66667,0.0,3.66667,75,35.8733,24.605,12.1522,-16.0726,681.943,0
2018-10-16,5,4.16667,0.0,3.83333,73,38.9,38.5925,2.14953,-16.9293,660.0,0
2018-10-16,6,4.0,0.0,4.0,74,28.995,34.2175,-2.96021,-16.8128,717.6,0
2018-10-16,7,4.16667,0.0,3.66667,90,40.4233,30.395,-10.3512,-16.8128,737.76,0
2018-10-16,8,4.16667,0.0,3.83333,79,28.035,23.05,-19.59,-16.8128,717.6,0
2018-10-16,9,4.0,0.0,4.5,65,37.84,27.51,-17.4252,-18.9776,717.6,0
2018-10-16,10,4.33333,0.0,5.83333,55,26.26,22.5925,-16.5582,-20.2754,737.76,0
2018-10-16,11,4.83333,0.0,7.5,45,25.5375,21.0725,-18.4059,-15.6832,685.44,0
2018-10-16,12,5.0,0.0,9.33333,36,22.74,20.375,-19.8704,-12.1477,685.44,0
2018-10-16,13,5.0,0.0,11.8333,35,28.2225,21.26,-11.7154,-5.61486,660.0,0
2018-10-16,14,5.16667,0.0,14.1667,37,37.6775,21.455,-15.5555,-0.54859,699.84,0
2018-10-16,15,5.33333,0.0,15.8333,43,36.9,21.0,-15.5555,-0.54859,699.84,0
2018-10-16,16,5.33333,0.0,16.5,48,43.13,47.6825,-7.01991,2.98696,642.6,0
2018-10-16,17,5.66667,0.0,16.5,53,53.555,45.695,5.08983,5.9319,610.56,0
2018-10-16,18,6.0,0.0,15.8333,62,58.5475,57.34,16.7092,7.8453,540.0,0
2018-10-16,19,6.0,0.0,14.6667,67,62.44,54.97,27.5355,11.6905,555.429,0
2018-10-16,20,6.0,0.0,13.0,72,57.815,51.7275,38.6221,7.09834,570.24,0
2018-10-16,21,5.83333,0.0,11.3333,79,50.62,48.44,30.4672,5.47619,570.24,0
2018-10-16,22,5.5,0.0,9.83333,83,48.4375,40.5425,34.4672,5.47619,540.0,0
2018-10-16,23,4.83333,0.0,8.33333,79,45.8375,48.75,34.4672,4.39234,540.0,0
2018-10-17,0,4.5,0.0,7.33333,78,43.4975,31.6425,40.124,2.97812,586.56,0
2018-10-17,1,4.5,0.0,6.66667,75,47.845,29.415,30.5046,1.06472,586.56,0
2018-10-17,2,4.5,0.0,6.33333,74,42.775,27.5175,20.8852,-0.84868,620.229,0
2018-10-17,3,4.66667,0.0,6.5,63,43.79,27.2475,18.8852,-0.84868,662.4,0
2018-10-17,4,4.66667,0.0,6.66667,66,48.0775,35.8733,23.8852,-0.84868,620.743,0
2018-10-17,5,4.5,0.0,7.0,66,43.585,38.9,13.3497,2.68687,663.257,0
2018-10-17,6,4.5,0.0,7.33333,71,53.025,28.995,11.9355,4.10109,681.943,0
2018-10-17,7,4.5,0.0,7.33333,81,44.995,40.4233,1.93276,10.3154,685.44,0
2018-10-17,8,4.5,0.0,7.66667,74,40.965,28.035,-4.60004,7.6094,685.44,0
2018-10-17,9,4.5,0.0,8.0,67,39.395,37.84,5.01936,5.696,660.0,0
2018-10-17,10,5.0,0.0,8.66667,60,26.68,26.26,6.01936,5.696,660.0,0
2018-10-17,11,5.66667,0.0,9.5,57,31.9,25.5375,-7.02856,3.10056,600.0,0
2018-10-17,12,5.33333,0.0,10.6667,51,30.785,22.74,-0.0858397,1.38408,635.04,0
2018-10-17,13,6.0,0.0,12.8333,37,39.5525,28.2225,-2.20717,-0.73725,624.24,0
2018-10-17,14,6.5,0.0,14.8333,36,45.0875,37.6775,-3.89225,2.70687,586.56,0
2018-10-17,15,7.0,0.0,16.3333,44,25.065,36.9,9.05752,-2.2429,501.84,0
2018-10-17,16,6.66667,0.0,17.1667,49,53.2125,43.13,22.5065,-1.15905,483.36,0
2018-10-17,17,6.66667,0.0,17.6667,55,58.5325,53.555,23.5065,-1.15905,461.76,0
2018-10-17,18,6.83333,0.0,17.5,58,48.665,58.5475,24.5065,-1.15905,486.0,0
2018-10-17,19,6.16667,0.0,16.3333,63,65.44,62.44,28.202,-2.68977,480.0,0
2018-10-17,20,5.66667,0.0,14.6667,67,58.6875,57.815,40.593,-5.75121,499.8,0
2018-10-17,21,5.16667,0.0,13.1667,64,61.615,50.62,50.0104,1.9134,549.067,0
2018-10-17,22,5.0,0.0,12.0,69,57.365,48.4375,45.391,0.0,530.0,0
2018-10-17,23,4.83333,0.0,11.0,64,52.195,45.8375,32.4567,-5.35752,588.0,0
2018-10-18,0,5.0,0.0,10.3333,66,42.54,43.4975,27.8373,-7.27092,558.45,0
2018-10-18,1,4.83333,0.0,10.0,67,40.875,47.845,15.2179,-5.35752,615.6,0
2018-10-18,2,4.83333,0.0,9.83333,61,40.75,42.775,19.2179,-5.35752,600.0,0
2018-10-18,3,4.66667,0.0,9.66667,62,37.01,43.79,6.59852,-7.27092,622.2,0
2018-10-18,4,4.5,0.0,9.5,61,46.3225,48.0775,4.59852,-7.27092,667.8,0
2018-10-18,5,4.5,0.0,9.33333,61,34.39,43.585,2.59852,-7.27092,683.7,0
2018-10-18,6,4.5,0.0,9.16667,64,52.0425,53.025,-5.7164,-7.6536,674.16,0
2018-10-18,7,4.66667,0.0,9.0,70,56.225,44.995,-5.7164,-7.6536,674.16,0
2018-10-18,8,4.5,0.0,8.83333,68,47.815,40.965,-14.2519,-4.11805,674.16,0
2018-10-18,9,4.0,0.0,8.83333,61,43.5,39.395,-12.461,-5.03309,699.84,0
2018-10-18,10,4.33333,0.0,9.5,56,45.3825,26.68,-13.1681,-5.7402,737.76,0
2018-10-18,11,4.33333,0.0,10.5,54,32.63,31.9,-4.30604,0.41586,711.36,0
2018-10-18,12,4.5,0.0,11.6667,49,40.136,30.785,-3.22219,-1.20629,711.36,0
2018-10-18,13,4.66667,0.0,13.0,45,48.0,39.5525,5.63987,1.12297,660.0,0
2018-10-18,14,5.0,0.0,14.3333,47,50.5225,45.0875,11.8026,0.74029,683.7,0
2018-10-18,15,6.16667,0.0,15.3333,56,39.33,25.065,13.3458,-1.55579,627.3,0
2018-10-18,16,6.66667,0.0,15.6667,58,57.41,53.2125,21.9652,0.35761,610.56,0
2018-10-18,17,7.16667,0.0,15.5,69,81.375,58.5325,29.5008,-3.17794,556.5,0
2018-10-18,18,6.83333,0.0,15.0,77,65.56,48.665,41.0363,0.35761,457.6,0
2018-10-18,19,6.5,0.23,14.1667,80,69.12,65.44,40.7937,-3.88505,483.36,0
2018-10-18,20,6.16667,0.23,13.3333,84,62.64,58.6875,48.0247,-1.88022,517.0,0
2018-10-18,21,5.5,0.23,12.5,84,58.46,61.615,52.0247,-1.88022,499.8,0
2018-10-18,22,4.16667,0.23,11.6667,82,56.335,57.365,44.0866,-7.6536,540.6,0
2018-10-18,23,3.0,0.23,10.8333,79,64.02,52.195,43.1627,-8.03628,582.4,0
2018-10-19,0,2.83333,0.23,10.1667,72,59.485,42.54,42.2388,-8.41896,622.2,0
2018-10-19,1,2.33333,0.0,9.66667,77,51.005,40.875,33.9239,-4.97484,691.2,0
2018-10-19,2,2.33333,0.0,9.16667,75,40.93,40.75,33.0,-4.59216,731.4,0
2018-10-19,3,2.33333,0.0,8.83333,73,49.705,37.01,24.6283,0.53236,812.25,0
2018-10-19,4,2.83333,0.0,8.5,77,40.0067,46.3225,21.7998,-2.29608,787.05,0
2018-10-19,5,3.33333,0.0,8.33333,74,60.43,34.39,17.7998,-2.29608,897.067,0
2018-10-19,6,3.16667,0.23,8.0,86,61.775,52.0425,21.7998,-2.29608,871.2,0
2018-10-19,7,3.33333,0.23,7.5,98,55.605,56.225,23.7998,-2.29608,887.467,0
2018-10-19,8,3.5,0.23,7.5,96,54.6575,47.815,21.9521,-3.06144,900.0,0
2018-10-19,9,3.33333,1.3,7.66667,90,48.135,43.5,12.9521,1.93856,977.85,0
2018-10-19,10,3.83333,1.3,8.0,84,51.3175,45.3825,12.9521,4.93856,960.0,0
2018-10-19,11,3.83333,1.3,8.66667,80,50.4225,32.63,7.41924,2.2598,933.3,0
2018-10-19,12,4.66667,1.78,9.66667,80,54.8225,40.136,7.41924,2.2598,933.3,0
2018-10-19,13,5.33333,1.78,10.8333,78,52.5575,48.0,12.9884,9.12297,780.0,0
2018-10-19,14,5.66667,1.78,11.5,77,61.405,50.5225,17.6078,13.9749,717.6,0
2018-10-19,15,6.83333,0.71,12.6667,56,66.0975,39.33,29.7318,16.6537,683.7,0
2018-10-19,16,6.83333,0.71,13.5,64,68.88,57.41,26.8029,9.58259,520.2,0
2018-10-19,17,7.5,0.71,13.5,75,74.67,81.375,35.1179,8.02671,478.4,0
2018-10-19,18,7.33333,1.12,13.1667,75,75.4533,65.56,42.5089,1.96527,437.143,0
2018-10-19,19,7.16667,1.12,12.5,80,79.3433,69.12,37.8895,8.47083,460.8,0
2018-10-19,20,7.33333,1.12,11.8333,89,75.565,62.64,42.5089,10.3842,437.143,0
2018-10-19,21,6.5,1.12,10.6667,82,75.75,58.46,43.216,5.09134,460.8,0
2018-10-19,22,6.16667,1.63,9.66667,80,75.42,56.335,41.3026,9.71074,437.143,0
2018-10-19,23,5.66667,1.63,9.16667,81,63.3825,64.02,34.8355,2.03198,510.72,0
2018-10-20,0,5.5,0.51,8.66667,86,63.27,59.485,38.371,-1.50357,495.72,1
2018-10-20,1,5.33333,0.51,8.5,87,62.065,51.005,35.9193,3.65413,536.057,1
2018-10-20,2,4.83333,0.51,8.5,87,44.1025,40.93,29.4521,-3.02463,607.05,1
2018-10-20,3,4.83333,0.51,8.16667,88,46.13,49.705,34.4521,-3.02463,577.2,1
2018-10-20,4,4.83333,0.25,7.83333,92,46.4775,40.0067,31.6805,1.95021,604.2,1
2018-10-20,5,4.66667,0.25,7.5,88,42.4775,60.43,30.7566,-2.25927,610.56,1
2018-10-20,6,4.5,0.25,7.33333,89,43.23,61.775,28.9657,-7.00111,675.45,1
2018-10-20,7,4.5,0.25,7.0,95,40.595,55.605,32.6612,-8.53183,659.85,1
2018-10-20,8,4.5,0.25,6.83333,92,39.01,54.6575,31.0043,-14.1887,699.84,1
2018-10-20,9,4.66667,0.25,7.0,93,38.96,48.135,37.9177,-18.8081,699.84,1
2018-10-20,10,4.83333,0.0,7.16667,92,42.765,51.3175,43.461,-16.1042,674.16,1
2018-10-20,11,5.16667,0.28,7.5,87,38.1625,50.4225,45.4687,-14.8647,648.96,1
2018-10-20,12,5.66667,0.28,8.0,80,41.1325,54.8225,46.8493,-12.9513,600.0,1
2018-10-20,13,6.16667,0.28,8.83333,78,41.425,52.5575,48.3165,-11.6301,610.56,1
2018-10-20,14,6.33333,0.91,9.5,76,44.0475,61.405,50.1642,-16.2222,563.04,1
2018-10-20,15,6.66667,0.91,9.33333,92,43.1075,66.0975,48.7164,-11.4804,556.5,1
2018-10-20,16,6.66667,1.54,9.16667,95,33.8525,68.88,48.4119,-6.88824,505.44,1
2018-10-20,17,6.66667,1.64,8.83333,92,28.665,74.67,47.6546,-2.64558,496.8,1
2018-10-20,18,6.33333,2.02,8.33333,89,47.73,75.4533,46.354,3.89316,496.8,1
2018-10-20,19,6.0,2.02,7.66667,86,28.5125,79.3433,45.8107,6.18924,517.0,1
2018-10-20,20,6.33333,2.91,7.0,87,23.6,75.565,45.8107,11.1892,480.0,1
2018-10-20,21,6.0,4.43,6.83333,84,26.6,75.75,33.3435,21.868,528.0,1
2018-10-20,22,6.0,3.8,6.66667,85,25.2525,75.42,29.1009,26.1107,480.0,1
2018-10-20,23,6.5,4.69,6.33333,86,24.19,63.3825,28.177,31.0855,480.0,1
2018-10-21,0,7.16667,4.31,5.83333,86,29.57,63.27,21.1499,34.3881,517.0,1
2018-10-21,1,8.66667,4.31,5.16667,92,28.5975,62.065,25.9073,30.1454,457.6,1
2018-10-21,2,9.5,3.55,4.33333,90,29.5275,44.1025,26.5641,30.8023,386.4,1
2018-10-21,3,9.5,2.79,3.66667,89,30.03,46.13,39.9992,27.752,319.0,1
2018-10-21,4,9.5,2.79,3.0,87,28.235,46.4775,30.2133,29.6986,340.267,1
2018-10-21,5,9.0,2.28,2.5,85,28.22,42.4775,36.2133,29.6986,325.867,1
2018-10-21,6,8.66667,2.28,2.0,87,28.355,43.23,25.6066,27.5773,366.667,1
2018-10-21,7,8.16667,3.35,1.83333,87,25.8575,40.595,10.1395,30.2561,435.771,1
2018-10-21,8,7.0,2.59,1.83333,84,24.0275,39.01,20.3022,34.4655,371.571,1
2018-10-21,9,7.33333,1.83,2.0,83,23.1325,38.96,14.6453,28.8086,460.431,1
2018-10-21,10,8.16667,1.83,2.33333,82,25.805,42.765,7.25425,25.7472,420.0,1
2018-10-21,11,8.33333,2.47,2.83333,84,23.335,38.1625,13.3045,12.3121,377.4,1
2018-10-21,12,8.83333,2.47,3.33333,82,22.905,41.1325,12.2542,7.36235,360.0,1
2018-10-21,13,8.0,1.4,3.83333,80,18.975,41.425,30.0352,-6.63017,398.618,1
2018-10-21,14,8.5,1.4,4.33333,85,32.1175,44.0475,34.2778,-10.8728,385.745,1
2018-10-21,15,8.16667,1.4,4.83333,78,43.3075,43.1075,28.8725,-19.325,401.85,1
2018-10-21,16,8.33333,1.4,5.16667,77,41.7,33.8525,34.4158,-21.621,374.85,1
2018-10-21,17,8.66667,0.0,5.0,88,47.44,28.665,53.8068,-18.5596,360.0,1
2018-10-21,18,8.33333,0.0,5.0,86,47.485,47.73,46.857,-13.6098,403.68,1
2018-10-21,19,8.0,0.0,4.83333,84,53.8175,28.5125,54.857,-13.6098,360.0,1
2018-10-21,20,7.33333,0.0,4.66667,87,44.1325,23.6,46.2552,-10.2343,395.2,1
2018-10-21,21,7.5,0.0,4.33333,87,61.62,26.6,47.0126,-5.9916,448.0,1
2018-10-21,22,6.16667,0.0,3.83333,89,36.1225,25.2525,44.4797,-8.67036,451.0,1
2018-10-21,23,5.0,0.0,3.66667,84,32.82,24.19,48.4797,-8.67036,438.6,1
2018-10-22,0,4.5,0.0,3.33333,86,28.565,29.57,44.9364,-6.37428,579.5,0
2018-10-22,1,4.16667,0.0,3.0,89,20.0875,28.5975,40.317,-4.46088,571.2,0
2018-10-22,2,3.66667,0.0,2.33333,94,22.83,29.5275,38.4693,-3.69552,604.8,0
2018-10-22,3,3.0,0.0,1.66667,100,21.145,30.03,40.4693,-3.69552,634.4,0
2018-10-22,4,2.83333,0.0,1.33333,89,24.1025,28.235,31.4693,-3.69552,757.867,0
2018-10-22,5,2.83333,0.0,1.16667,83,28.69,28.22,28.6976,-4.84356,762.667,0
2018-10-22,6,2.5,0.0,1.16667,80,29.53,28.355,27.9323,-6.69132,784.4,0
2018-10-22,7,3.16667,0.0,1.16667,94,27.7625,25.8575,25.8109,-8.81265,780.0,0
2018-10-22,8,3.66667,0.0,1.5,86,30.89,24.0275,14.5149,-14.3559,826.8,0
2018-10-22,9,3.83333,0.0,2.16667,75,22.2225,23.1325,11.5149,-14.3559,810.9,0
2018-10-22,10,4.0,0.0,3.0,80,20.1425,25.805,17.0456,-10.6604,836.16,0
2018-10-22,11,4.16667,0.0,4.0,74,19.2675,23.335,9.21715,-7.83197,905.143,0
2018-10-22,12,4.16667,0.0,5.16667,63,19.485,22.905,11.3385,-5.71064,891.429,0
2018-10-22,13,5.0,0.0,6.66667,61,22.9125,18.975,6.99265,-0.91055,938.1,0
2018-10-22,14,5.83333,0.0,8.16667,55,28.475,32.1175,16.6121,-2.82395,765.0,0
2018-10-22,15,6.16667,0.0,9.16667,58,30.3525,43.3075,23.3025,-9.51237,581.4,0
2018-10-22,16,6.83333,0.0,9.66667,72,31.21,41.7,32.1892,-5.54328,561.6,0
2018-10-22,17,7.66667,0.0,9.83333,83,31.1525,47.44,28.8284,5.65688,501.84,0
2018-10-22,18,8.33333,0.0,9.5,100,31.3,47.485,12.4374,8.71832,443.7,0
2018-10-22,19,7.16667,0.0,8.66667,100,36.2,53.8175,18.0943,10.2357,360.0,0
2018-10-22,20,6.5,0.0,7.5,90,29.125,44.1325,12.2774,9.6451,453.927,0
2018-10-22,21,6.83333,0.0,6.5,90,39.69,61.62,18.2774,9.6451,433.964,0
2018-10-22,22,6.33333,0.0,5.66667,92,30.9025,36.1225,4.21599,17.0361,464.28,0
2018-10-22,23,6.33333,0.0,4.83333,85,31.59,32.82,-4.76851,28.7266,496.8,0
2018-10-23,0,6.5,0.0,4.16667,87,16.62,28.565,-13.8299,36.1177,486.0,0
2018-10-23,1,6.66667,0.0,4.0,80,28.92,20.0875,-2.51619,37.8518,486.0,0
2018-10-23,2,7.0,0.51,4.0,83,18.0525,22.83,0.25545,36.7038,528.0,0
2018-10-23,3,7.16667,0.51,4.0,87,16.94,21.145,-12.0854,33.2981,468.0,0
2018-10-23,4,7.66667,0.51,4.0,95,8.745,24.1025,-14.3898,40.7674,470.25,0
2018-10-23,5,7.66667,1.02,3.83333,92,11.065,28.69,-5.67152,40.7674,440.64,0
2018-10-23,6,7.33333,1.02,4.0,92,9.0675,29.53,-6.81956,43.539,421.2,0
2018-10-23,7,8.0,1.02,3.83333,90,11.9,27.7625,-6.0542,41.6912,453.6,0
2018-10-23,8,8.16667,1.02,3.83333,88,12.4525,30.89,-11.7111,43.3002,399.36,0
2018-10-23,9,8.33333,1.53,3.83333,83,10.7325,22.2225,-10.5358,49.7017,374.85,0
2018-10-23,10,8.33333,1.53,4.16667,58,13.9767,20.1425,-10.2159,53.7114,360.0,0
2018-10-23,11,9.5,1.02,4.66667,51,12.955,19.2675,-15.8727,50.3683,360.0,0
2018-10-23,12,11.1667,1.02,5.16667,49,15.2375,19.485,-21.9123,43.9011,340.267,0
2018-10-23,13,12.3333,1.02,5.66667,47,11.6433,22.9125,-28.0352,49.6832,251.6,0
2018-10-23,14,13.1667,0.74,6.16667,55,11.155,28.475,-23.6428,49.0792,214.65,0
2018-10-23,15,13.3333,0.23,6.5,60,10.2575,30.3525,-23.3435,56.3567,211.68,0
2018-10-23,16,14.8333,0.46,6.5,61,8.54,31.21,-17.6033,53.4985,252.225,0
2018-10-23,17,14.8333,0.69,6.33333,66,9.3325,31.1525,-17.986,54.4224,243.6,0
2018-10-23,18,16.6667,0.69,6.66667,54,18.35,31.3,-11.8631,54.6403,239.4,0
2018-10-23,19,18.5,0.69,6.5,73,11.565,36.2,-16.8379,55.6507,171.953,0
2018-10-23,20,21.1667,2.16,6.33333,65,11.6775,29.125,-20.6647,49.8895,162.222,0
2018-10-23,21,23.6667,3.86,6.33333,70,19.72,39.69,-21.8128,52.6612,146.222,0
2018-10-23,22,25.5,5.33,6.33333,79,8.9775,30.9025,-21.4301,51.7373,159.84,0
2018-10-23,23,27.5,6.12,6.16667,82,5.8825,31.59,-9.94968,52.0209,159.508,0
2018-10-24,0,28.3333,7.14,5.33333,85,5.54,16.62,-10.3324,52.9448,159.557,0
2018-10-24,1,29.5,9.86,5.0,88,4.0275,28.92,-22.5781,54.5089,136.0,0
2018-10-24,2,30.0,10.88,4.66667,92,5.45333,18.0525,-25.2569,60.9761,118.8,0
2018-10-24,3,30.3333,11.9,4.66667,80,3.2825,16.94,-25.6396,61.9,120.6,0
2018-10-24,4,30.6667,12.92,4.33333,86,2.8125,8.745,-12.6284,58.488,144.0,0
2018-10-24,5,31.1667,14.62,4.33333,86,3.875,11.065,-11.4804,55.7164,144.0,0
2018-10-24,6,30.3333,16.32,4.33333,84,4.46,9.0675,-11.4804,57.7164,140.0,0
2018-10-24,7,28.1667,14.08,4.16667,81,3.195,11.9,-10.3324,54.9448,154.76,0
2018-10-24,8,28.0,11.36,4.0,83,5.575,12.4525,-18.3686,74.3462,128.96,0
2018-10-24,9,27.3333,8.64,3.5,85,8.1175,10.7325,-20.282,48.9656,151.543,0
2018-10-24,10,25.8333,5.92,3.33333,79,9.7775,13.9767,-21.4301,51.7373,165.3,0
2018-10-24,11,23.8333,3.2,3.0,79,8.5125,12.955,-29.4664,71.1388,142.312,0
2018-10-24,12,24.1667,0.48,2.66667,77,8.8025,15.2375,-17.2206,59.5746,179.95,0
2018-10-24,13,24.8333,0.0,2.5,72,8.2425,11.6433,-19.134,64.194,136.286,0
2018-10-24,14,25.0,0.0,2.66667,55,8.5,11.155,-28.7755,44.4703,167.586,0
2018-10-24,15,25.8333,0.0,2.66667,66,11.2075,10.2575,5.65688,48.1658,135.072,0
2018-10-24,16,26.8333,0.0,2.5,61,10.215,8.54,43.8408,50.9942,139.418,0
2018-10-24,17,27.1667,0.0,2.83333,54,10.1325,9.3325,20.5062,47.5062,157.076,0
2018-10-24,18,25.3333,0.0,3.0,58,13.7825,18.35,34.6484,65.9838,133.779,0
2018-10-24,19,23.1667,0.61,3.0,63,16.325,11.565,14.1422,63.4776,181.867,0
2018-10-24,20,20.0,0.64,2.5,66,14.815,11.6775,22.6275,74.5642,180.0,0
2018-10-24,21,17.0,0.64,2.0,66,14.175,19.72,32.5271,60.4985,221.76,0
2018-10-24,22,14.5,0.64,1.5,66,9.7925,8.9775,26.1631,52.1836,281.4,0
2018-10-24,23,14.0,0.64,0.666667,66,8.7775,5.8825,34.6484,63.2701,248.2,0
2018-10-25,0,12.8333,0.64,0.166667,66,6.27667,5.54,38.1839,46.2044,267.429,0
2018-10-25,1,13.0,0.03,-0.166667,74,6.4425,4.0275,36.0626,41.0483,281.455,0
2018-10-25,2,12.3333,0.0,-0.5,76,6.955,5.45333,28.2844,43.8856,265.5,0
2018-10-25,3,12.1667,0.0,-0.5,70,9.3975,3.2825,19.7991,42.7991,312.141,0
2018-10-25,4,11.8333,0.0,-0.333333,77,12.0075,2.8125,15.9723,52.0379,292.518,0
2018-10-25,5,11.3333,0.0,-0.333333,88,13.06,3.875,0.12461,49.2558,317.127,0
2018-10-25,6,11.3333,0.13,-0.5,90,11.255,4.46,-17.5531,51.3771,299.815,0
2018-10-25,7,11.0,0.13,-0.5,90,17.11,3.195,-25.3314,46.1553,297.0,0
2018-10-25,8,11.0,0.94,-0.333333,96,12.9275,5.575,-25.3314,47.1553,285.12,0
2018-10-25,9,11.1667,1.75,-0.166667,89,9.9175,8.1175,-28.5756,44.9876,285.12,0
2018-10-25,10,12.3333,2.97,0.333333,88,9.4575,9.7775,-28.9583,45.9115,307.8,0
2018-10-25,11,12.0,2.97,1.16667,81,9.80667,8.5125,-25.5644,51.7179,250.364,0
2018-10-25,12,12.6667,2.84,2.16667,81,6.1725,8.8025,-17.7861,55.9397,240.0,0
2018-10-25,13,14.3333,2.84,3.16667,77,5.625,8.2425,-10.715,52.8686,238.255,0
2018-10-25,14,15.6667,2.03,4.16667,82,6.115,8.5,-6.50556,63.706,194.541,0
2018-10-25,15,17.0,2.03,5.16667,78,7.65,11.2075,-6.88824,52.6298,200.08,0
2018-10-25,16,17.8333,1.62,6.0,71,10.8725,10.215,-6.88824,56.6298,198.0,0
2018-10-25,17,18.8333,1.62,6.83333,75,13.035,10.1325,-6.88824,57.6298,177.0,0
2018-10-25,18,19.0,2.43,7.33333,74,11.88,13.7825,-6.88824,57.6298,181.895,0
2018-10-25,19,18.1667,3.47,7.5,81,16.0825,16.325,-13.0111,53.4119,216.0,0
2018-10-25,20,17.0,3.47,7.5,82,16.1925,14.815,-13.0111,69.4119,180.0,0
2018-10-25,21,16.1667,2.66,7.33333,83,11.655,14.175,-17.2206,57.5746,231.8,0
2018-10-25,22,14.8333,1.85,6.83333,85,11.0175,9.7925,-15.6899,53.8791,252.225,0
2018-10-25,23,14.6667,2.89,6.16667,86,15.6325,8.7775,-14.9245,52.0313,269.925,0
