data,timeofday,windspeed6,opady6,temp6,rhumid,index_avg,prev_index_avg,wind_dir_ns,wind_dir_ew,dispel50,is_weekend
2017-11-01,1,12.5,0.0,3.33333,81,17.15,3.46,-21.4301,51.7373,254.88,1
2017-11-01,3,12.0,0.0,3.66667,86,17.4,4.47,-23.3435,56.3567,249.9,1
2017-11-01,4,11.8333,0.0,4.0,89,18.46,5.02,-18.7513,56.2701,286.0,1
2017-11-01,5,11.1667,0.0,4.33333,91,17.69,4.61,-17.2206,52.5746,318.171,1
2017-11-01,6,11.0,0.23,4.66667,90,11.38,6.36,-16.0726,49.803,321.48,1
2017-11-01,7,11.8333,0.23,5.0,87,8.2,10.48,-17.2206,52.5746,285.12,1
2017-11-01,8,12.0,0.71,5.33333,92,12.91,11.55,-19.134,57.194,240.0,1
2017-11-01,9,12.5,0.71,5.5,89,18.44,10.09,-23.3435,56.3567,240.0,1
2017-11-01,10,13.1667,0.71,5.83333,86,33.5,10.22,-14.9245,50.0313,271.385,1
2017-11-01,11,14.1667,0.71,6.16667,89,44.17,9.15,-15.6899,51.8791,264.0,1
2017-11-01,12,14.6667,0.48,6.66667,82,45.21,6.84,-16.4552,53.7268,217.964,1
2017-11-01,13,14.3333,0.48,7.0,83,50.04,6.64,-18.3686,58.3462,196.114,1
2017-11-01,14,14.6667,0.0,7.33333,88,49.98,4.06,-23.3435,56.3567,211.68,1
2017-11-01,15,15.0,0.0,7.66667,84,41.75,6.49,-26.7957,51.6909,241.553,1
2017-11-01,16,15.1667,0.0,7.83333,90,21.88,8.9,-31.6039,47.2987,243.6,1
2017-11-01,17,15.0,0.3,8.0,88,28.2,11.8,-36.7948,43.8304,223.385,1
2017-11-01,18,15.0,0.3,8.0,85,25.3,15.15,-37.9428,46.602,196.8,1
2017-11-01,19,15.3333,1.01,8.0,93,31.38,16.15,-34.8733,52.1917,195.0,1
2017-11-01,20,16.1667,1.72,8.0,93,29.74,14.45,-29.2997,54.7361,202.725,1
2017-11-01,21,16.8333,1.72,8.0,94,20.08,14.38,-30.7139,56.1503,187.425,1
2017-11-01,22,18.3333,1.72,8.16667,91,9.04,17.15,-26.1218,45.0638,208.32,1
2017-11-02,1,20.6667,0.71,8.66667,92,9.04,17.15,-25.6396,61.9,161.472,0
2017-11-02,3,20.0,1.04,9.5,88,14.84,17.4,-8.41896,56.3254,202.473,0
2017-11-02,4,18.0,1.04,9.66667,84,13.49,18.46,0.0,53.0,225.095,0
2017-11-02,5,17.1667,2.08,9.83333,84,15.81,17.69,0.0,66.0,200.842,0
2017-11-02,6,16.6667,2.08,10.0,87,25.15,11.38,-5.7402,60.8582,217.412,0
2017-11-02,7,16.1667,2.08,10.0,82,25.42,8.2,-13.0111,61.4119,202.024,0
2017-11-02,8,16.6667,1.52,9.66667,83,22.68,12.91,-19.134,59.194,180.0,0
2017-11-02,9,16.8333,1.52,9.5,75,19.2733,18.44,-27.536,46.478,210.189,0
2017-11-02,10,18.1667,1.9,9.5,78,15.64,33.5,-27.1533,45.5541,204.6,0
2017-11-02,11,18.6667,0.86,9.5,79,15.51,44.17,-29.0667,50.1735,186.66,0
2017-11-02,12,18.8333,1.24,9.5,78,15.46,45.21,-21.8128,52.6612,191.133,0
2017-11-02,14,19.1667,1.19,9.66667,80,9.54,49.98,-21.8128,52.6612,191.133,0
2017-11-02,15,19.3333,1.62,9.66667,81,9.33,41.75,-22.1954,53.585,193.44,0
2017-11-02,16,18.5,1.67,9.5,87,11.24,21.88,-21.8128,52.6612,195.789,0
2017-11-02,17,17.8333,2.1,9.33333,83,14.9,28.2,-20.6647,49.8895,217.579,0
2017-11-02,18,16.5,1.72,9.0,80,18.88,25.3,-26.0222,62.8238,186.821,0
2017-11-02,19,15.0,1.72,8.66667,81,18.52,31.38,-23.3435,56.3567,238.105,0
2017-11-02,20,13.6667,1.29,8.5,88,16.51,29.74,-16.0726,48.803,297.6,0
2017-11-02,21,12.5,0.86,8.33333,86,19.3,20.08,-16.0726,59.803,266.325,0
2017-11-02,22,11.8333,1.45,8.33333,77,12.25,9.04,-9.94968,57.0209,287.571,0
2017-11-03,1,11.5,2.55,8.66667,78,12.25,9.04,0.0,59.0,260.945,0
2017-11-03,3,11.3333,2.55,8.66667,86,13.98,14.84,0.0,58.0,280.8,0
2017-11-03,4,10.5,1.53,8.5,80,14.24,13.49,0.0,56.0,318.171,0
2017-11-03,5,9.83333,1.02,8.33333,85,14.93,15.81,0.0,63.0,310.371,0
2017-11-03,6,9.83333,1.02,8.0,88,9.73,25.15,0.0,59.0,312.12,0
2017-11-03,7,10.3333,0.51,7.66667,90,5.58,25.42,0.0,59.0,312.12,0
2017-11-03,8,10.1667,0.99,7.5,87,6.49,22.68,9.19243,61.0104,300.0,0
2017-11-03,9,10.8333,0.99,7.66667,76,11.17,19.2733,16.9706,49.1731,326.4,0
2017-11-03,10,11.5,0.99,7.66667,87,7.35,15.64,26.8702,55.1074,262.08,0
2017-11-03,11,11.3333,0.48,7.83333,84,2.44,15.51,26.8702,56.1074,250.92,0
2017-11-03,12,12.0,0.48,8.16667,86,2.08,15.46,26.8702,55.1074,289.385,0
2017-11-03,14,12.1667,0.0,8.83333,79,3.06,9.54,31.8095,47.8087,268.029,0
2017-11-03,15,12.1667,0.0,8.83333,81,3.51,9.33,30.3953,45.9609,260.945,0
2017-11-03,16,12.1667,0.0,8.83333,87,8.27,11.24,40.2948,35.8605,277.114,0
2017-11-03,17,12.8333,0.0,8.66667,83,28.15,14.9,48.073,46.0232,240.0,0
2017-11-03,18,10.8333,0.0,8.5,82,54.48,18.88,47.3659,48.1341,240.0,0
2017-11-03,19,9.66667,0.0,8.0,87,53.06,18.52,35.3555,45.1592,348.0,0
2017-11-03,20,8.33333,0.0,7.66667,84,50.02,16.51,31.1128,49.4019,345.6,0
2017-11-03,21,6.83333,0.0,7.33333,84,39.19,19.3,27.4173,50.9326,360.0,0
2017-11-03,22,6.5,0.0,7.16667,78,40.56,12.25,14.3126,41.7594,470.314,0
2017-11-04,1,6.66667,0.0,6.66667,91,40.56,12.25,-23.7009,37.1622,515.631,1
2017-11-04,3,7.66667,0.0,6.33333,88,39.26,13.98,-44.9038,28.1266,457.6,1
2017-11-04,4,7.5,0.0,6.16667,92,40.29,14.24,-43.4328,25.032,440.64,1
2017-11-04,5,7.5,0.0,6.0,84,37.86,14.93,-46.2044,26.18,432.667,1
2017-11-04,6,7.66667,0.0,6.0,85,24.63,9.73,-46.2044,26.18,432.667,1
2017-11-04,7,8.16667,0.0,6.0,80,27.83,5.58,-48.1554,23.2602,421.2,1
2017-11-04,8,7.83333,0.0,6.16667,76,30.08,6.49,-49.8895,20.6647,379.44,1
2017-11-04,9,8.5,0.0,6.33333,85,38.13,11.17,-50.8134,21.0474,405.45,1
2017-11-04,10,8.5,0.0,6.66667,78,35.77,7.35,-44.7334,23.0854,401.85,1
2017-11-04,11,9.16667,0.0,7.16667,69,32.34,2.44,-29.3424,20.024,409.867,1
2017-11-04,12,10.5,0.0,7.66667,63,28.36,2.08,-8.02745,16.5798,352.8,1
2017-11-04,13,11.0,0.0,8.33333,67,25.39,2.06,24.6785,10.0743,255.0,1
2017-11-04,14,12.1667,0.0,8.83333,64,28.44,3.06,41.2218,7.77821,250.364,1
2017-11-04,15,12.0,0.0,9.16667,68,36.0,3.51,54.0,0.0,261.415,1
2017-11-04,16,12.1667,0.0,9.16667,83,53.31,8.27,51.0,0.0,312.141,1
2017-11-04,17,11.6667,0.0,8.83333,83,49.01,28.15,60.0,0.0,301.765,1
2017-11-04,18,10.3333,0.0,8.5,95,49.46,54.48,35.9289,-7.0711,329.018,1
2017-11-04,19,10.1667,0.0,8.0,94,47.21,53.06,18.5649,-13.4351,366.277,1
2017-11-04,20,10.1667,0.0,7.5,86,51.67,50.02,11.4938,-20.5062,321.6,1
2017-11-04,21,10.1667,0.0,7.16667,88,52.76,39.19,-20.6986,-29.6986,340.267,1
2017-11-04,22,10.3333,0.0,7.0,90,54.93,40.56,-36.7697,-36.7697,334.08,1
2017-11-05,1,12.6667,0.0,6.66667,89,54.93,40.56,-49.2033,-34.0497,259.2,1
2017-11-05,3,12.3333,0.0,6.33333,90,56.06,39.26,-50.8134,-21.0474,251.631,1
2017-11-05,4,12.1667,0.0,6.16667,91,55.6,40.29,-47.1179,-19.5167,302.08,1
2017-11-05,5,12.0,0.0,5.83333,93,55.77,37.86,-55.4328,-22.9608,286.0,1
2017-11-05,6,11.1667,0.0,5.66667,93,56.02,24.63,-52.6612,-21.8128,315.52,1
2017-11-05,7,10.5,0.0,5.5,92,57.52,27.83,-48.0418,-19.8994,348.0,1
2017-11-05,8,10.8333,0.0,5.5,94,57.8,30.08,-47.1179,-19.5167,340.267,1
2017-11-05,9,11.6667,0.0,5.66667,88,58.39,38.13,-51.7373,-21.4301,275.6,1
2017-11-05,10,12.3333,0.0,6.0,82,58.68,35.77,-56.3567,-23.3435,249.9,1
2017-11-05,11,12.5,0.0,6.66667,76,55.07,32.34,-23.0313,-14.9245,270.327,1
2017-11-05,12,13.0,0.0,7.5,74,54.76,28.36,0.131361,-10.715,267.429,1
2017-11-05,13,13.6667,0.0,8.33333,76,54.37,25.39,26.0657,-5.35752,277.114,1
2017-11-05,14,13.1667,0.0,9.0,77,55.65,28.44,54.0,0.0,261.415,1
2017-11-05,15,13.1667,0.0,9.33333,83,53.91,36.0,30.8373,-4.20948,281.538,1
2017-11-05,16,12.6667,0.0,9.5,89,59.94,53.31,31.8373,-4.20948,271.385,1
2017-11-05,17,12.6667,0.0,9.33333,96,64.24,49.01,22.5985,-8.03628,240.0,1
2017-11-05,18,11.6667,0.0,9.0,97,58.04,49.46,-2.41192,-13.0111,257.92,1
2017-11-05,19,11.0,0.0,8.5,92,52.87,47.21,-22.3617,-17.9609,305.455,1
2017-11-05,20,10.5,0.0,8.0,97,52.46,51.67,-19.9772,-21.5296,328.714,1
2017-11-05,21,9.83333,0.0,7.66667,93,56.04,52.76,-25.6341,-27.1865,310.371,1
2017-11-05,22,9.33333,0.0,7.16667,85,58.97,54.93,-46.7052,-34.2576,312.12,1
2017-11-06,1,8.16667,0.0,6.16667,94,58.97,54.93,-38.5039,-34.1743,411.927,0
2017-11-06,3,7.33333,0.0,5.33333,99,60.88,56.06,-39.9181,-35.5885,421.2,0
2017-11-06,4,7.16667,0.0,5.16667,93,65.24,55.6,-37.3227,-37.3227,443.52,0
2017-11-06,5,7.16667,0.0,5.0,100,60.6,55.77,-42.8659,-39.6187,420.0,0
2017-11-06,6,6.66667,0.0,4.33333,100,60.07,56.02,-36.5019,-33.2547,470.25,0
2017-11-06,7,6.83333,0.0,4.33333,99,70.86,57.52,-38.4153,-37.8741,452.4,0
2017-11-06,9,7.0,0.0,4.5,100,68.68,58.39,-39.3392,-38.2568,436.05,0
2017-11-06,10,7.5,0.0,4.66667,95,73.68,58.68,-39.2256,-34.896,420.0,0
2017-11-06,11,7.66667,0.0,5.16667,87,72.51,55.07,-23.6286,-23.9694,451.0,0
2017-11-06,12,8.16667,0.0,6.16667,85,74.83,54.76,-26.4003,-18.2292,421.2,0
2017-11-06,13,7.83333,0.0,6.83333,85,76.63,54.37,-28.1344,-9.51092,379.44,0
2017-11-06,14,8.0,0.0,7.66667,84,75.79,55.65,-32.6882,-2.21276,402.8,0
2017-11-06,15,8.5,0.0,8.16667,85,66.06,53.91,-30.7373,7.59535,390.0,0
2017-11-06,16,8.0,0.0,8.66667,90,58.43,59.94,-25.9011,21.9123,409.867,0
2017-11-06,17,7.66667,0.0,8.5,91,38.89,64.24,-25.9011,27.9123,388.267,0
2017-11-06,18,7.5,0.0,8.33333,90,28.41,58.04,-34.9011,34.9123,417.6,0
2017-11-06,19,7.33333,0.48,8.0,90,31.93,52.87,-26.5862,38.4682,437.25,0
2017-11-06,20,7.0,0.48,7.5,92,44.19,52.46,-19.1951,41.4067,460.8,0
2017-11-06,21,6.33333,0.48,7.0,99,55.0,56.04,-12.728,45.728,479.467,0
2017-11-06,22,6.0,0.48,6.5,91,47.71,58.97,-12.728,50.728,466.4,0
2017-11-07,1,7.0,0.0,5.66667,96,47.71,58.97,0.0,52.0,509.143,0
2017-11-07,3,6.83333,0.0,5.33333,99,54.81,60.88,12.0209,53.706,438.6,0
2017-11-07,4,6.83333,0.0,5.0,95,52.19,65.24,12.0209,51.706,490.629,0
2017-11-07,5,6.0,0.0,4.66667,97,44.83,60.6,12.0209,55.706,480.0,0
2017-11-07,6,5.5,0.0,4.5,100,43.09,60.07,14.8493,52.4015,501.84,0
2017-11-07,7,4.16667,0.0,4.33333,95,34.84,70.86,18.5448,48.9322,504.9,0
2017-11-07,9,4.33333,0.0,4.5,95,40.13,68.68,25.9359,47.9936,575.467,0
2017-11-07,10,4.5,0.0,5.0,88,31.74,73.68,30.1785,43.2363,599.657,0
2017-11-07,11,4.83333,0.0,5.66667,76,14.85,72.51,35.1785,36.2363,682.08,0
2017-11-07,12,5.66667,0.0,6.33333,71,8.78,74.83,41.1785,36.2363,636.48,0
2017-11-07,13,7.33333,0.0,7.16667,68,9.13,76.63,40.4714,20.6335,600.0,0
2017-11-07,14,8.16667,0.0,7.66667,70,10.17,75.79,40.1138,-4.92021,480.0,0
2017-11-07,15,9.16667,0.0,7.83333,74,13.75,66.06,35.9516,-21.0745,377.4,0
2017-11-07,16,10.1667,0.0,7.83333,80,22.01,58.43,30.7578,-38.6998,300.0,0
2017-11-07,17,10.6667,0.0,7.5,82,35.26,38.89,23.9673,-48.8625,288.0,0
2017-11-07,18,10.6667,0.0,7.0,95,53.39,28.41,21.0474,-50.8134,313.5,0
2017-11-07,19,10.3333,0.0,6.33333,91,47.61,31.93,16.4552,-48.7268,341.127,0
2017-11-07,20,9.66667,0.0,6.0,90,53.13,44.19,12.2458,-48.5642,359.9,0
2017-11-07,21,9.0,0.0,5.83333,87,48.7,55.0,12.2458,-55.5642,345.6,0
2017-11-07,22,8.5,0.0,5.66667,87,52.36,47.71,10.715,-51.8686,385.527,0
2017-11-08,1,8.0,0.0,5.5,98,54.6,47.71,6.12288,-56.7821,374.0,0
2017-11-08,3,8.83333,0.0,5.16667,88,55.49,54.81,6.12288,-55.7821,360.0,0
2017-11-08,4,9.33333,0.0,5.0,87,48.91,52.19,3.06144,-52.391,371.25,0
2017-11-08,5,10.0,0.0,4.83333,84,32.01,44.83,3.06144,-55.391,327.6,0
2017-11-08,6,11.1667,0.0,5.0,76,39.62,43.09,0.0,-52.0,326.8,0
2017-11-08,7,12.1667,0.0,5.33333,76,45.89,34.84,-5.7402,-56.8582,251.6,0
2017-11-08,8,13.1667,0.0,5.5,76,44.92,39.24,-5.7402,-51.8582,259.418,0
2017-11-08,9,14.0,0.0,5.5,68,43.28,40.13,-11.4804,-54.7164,225.5,0
2017-11-08,10,14.6667,0.0,5.83333,65,43.91,31.74,-17.6033,-57.4985,211.68,0
2017-11-08,11,14.5,0.0,6.16667,62,43.43,14.85,-22.4697,-54.2469,211.68,0
2017-11-08,12,15.0,0.0,6.5,61,43.76,8.78,-30.2479,-47.0251,245.92,0
2017-11-08,13,15.3333,0.0,6.83333,62,40.19,9.13,-31.396,-49.7968,226.8,0
2017-11-08,14,15.5,0.0,7.0,63,38.34,10.17,-31.7787,-50.7207,211.68,0
2017-11-08,15,14.8333,0.0,7.0,75,42.28,13.75,-19.5167,-47.1179,236.733,0
2017-11-08,16,14.3333,0.0,6.66667,80,51.73,22.01,-24.1088,-58.2044,216.333,0
2017-11-08,17,13.5,0.0,6.33333,85,59.17,35.26,-21.8128,-52.6612,258.353,0
2017-11-08,18,11.8333,0.0,5.66667,89,73.78,53.39,-26.0554,-56.9038,274.447,0
2017-11-08,19,10.1667,0.0,5.0,91,62.07,47.61,-25.2067,-46.8547,353.4,0
2017-11-08,20,9.0,0.0,4.33333,94,53.33,53.13,-27.8855,-53.3219,350.625,0
2017-11-08,21,9.33333,0.0,4.0,96,46.07,48.7,-25.2067,-46.8547,394.4,0
2017-11-08,22,9.16667,0.0,3.5,99,40.89,52.36,-33.5489,-41.1257,369.6,0
2017-11-09,1,10.3333,0.0,2.66667,94,40.89,54.6,-44.2652,-30.194,275.6,0
2017-11-09,3,8.83333,0.0,2.66667,87,44.81,55.49,-45.4133,-32.9657,353.571,0
2017-11-09,4,8.33333,0.0,2.83333,84,45.98,48.91,-32.479,-35.6082,398.618,0
2017-11-09,5,8.33333,0.0,3.0,87,45.52,32.01,-35.5404,-42.9992,360.0,0
2017-11-09,6,8.16667,0.0,2.83333,97,50.37,39.62,-29.2045,-48.0285,360.0,0
2017-11-09,7,8.83333,0.0,2.83333,86,55.7,45.89,-27.7439,-51.9799,372.3,0
2017-11-09,8,9.0,0.0,3.0,85,54.97,44.92,-20.7893,-47.1901,349.8,0
2017-11-09,9,9.0,0.0,3.16667,84,53.97,43.28,-23.443,-46.5966,356.4,0
2017-11-09,10,9.0,0.0,3.5,79,52.28,43.91,-29.0999,-44.2535,356.4,0
2017-11-09,11,9.16667,0.0,3.83333,70,51.86,43.43,-31.6953,-42.5193,376.32,0
2017-11-09,12,9.16667,0.0,4.5,69,52.31,43.76,-35.6467,-41.0588,372.655,0
2017-11-09,13,8.83333,0.0,5.0,70,50.6,40.19,-35.6467,-41.0588,363.0,0
2017-11-09,14,8.83333,0.0,5.5,73,48.97,38.34,-37.4768,-37.4768,361.029,0
2017-11-09,15,8.5,0.0,5.83333,76,55.93,42.28,-37.4768,-37.4768,371.25,0
2017-11-09,16,7.66667,0.0,6.0,83,58.64,51.73,-36.0626,-36.0626,401.85,0
2017-11-09,17,6.66667,0.0,6.0,85,61.64,59.17,-38.8342,-37.2106,421.2,0
2017-11-09,18,6.66667,0.0,5.83333,80,65.58,73.78,-28.1774,-31.5538,497.455,0
2017-11-09,19,6.16667,0.0,5.66667,83,55.93,62.07,-30.5618,-19.5661,497.455,0
2017-11-09,20,6.0,0.0,5.16667,83,54.57,53.33,-34.0974,-16.0305,492.0,0
2017-11-09,22,8.33333,0.51,4.16667,89,52.8,40.89,-34.6909,8.18596,454.629,0
2017-11-10,1,10.6667,0.51,3.5,85,52.8,40.89,-34.1772,37.4244,302.4,0
2017-11-10,3,10.8333,0.0,3.66667,88,48.47,44.81,-41.3978,35.4446,282.764,0
2017-11-10,4,10.5,0.99,4.0,84,55.27,45.98,-41.0107,30.7278,317.127,0
2017-11-10,5,10.6667,0.99,4.33333,85,57.9,45.52,-41.5474,26.3938,348.0,0
2017-11-10,6,11.1667,1.98,4.5,91,58.91,50.37,-24.9552,15.3072,348.0,0
2017-11-10,7,12.3333,1.98,4.66667,87,58.61,55.7,-27.7268,16.4552,305.455,0
2017-11-10,8,13.1667,1.98,4.83333,86,60.9,54.97,-27.7268,16.4552,223.2,0
2017-11-10,9,14.3333,2.46,5.0,85,62.99,53.97,-34.194,19.134,180.0,0
2017-11-10,10,14.8333,2.41,5.16667,84,59.09,52.28,-60.0522,24.8742,180.0,0
2017-11-10,11,14.5,2.41,5.33333,82,54.2,51.86,-54.6793,27.6193,230.4,0
2017-11-10,12,14.1667,1.42,5.5,85,50.34,52.31,-46.3644,24.1752,288.225,0
2017-11-10,13,13.0,1.42,5.83333,80,48.63,50.6,-58.3748,29.15,240.0,0
2017-11-10,14,12.5,1.42,6.16667,81,41.12,48.97,-54.6793,27.6193,267.12,0
2017-11-10,15,12.1667,0.94,6.33333,88,42.33,55.93,-52.8316,26.854,260.0,0
2017-11-10,16,12.3333,0.0,6.33333,90,41.99,58.64,-47.1179,19.5167,291.877,0
2017-11-10,17,12.8333,0.48,6.33333,87,35.74,61.64,-47.1179,19.5167,286.7,0
2017-11-10,18,12.8333,0.48,6.16667,87,46.93,65.58,-23.0313,14.9245,281.538,0
2017-11-10,19,13.5,0.48,5.83333,89,53.08,55.93,1.97912,9.94968,281.538,0
2017-11-10,20,13.8333,0.48,5.5,94,49.07,54.57,-0.792519,11.0977,251.631,0
2017-11-10,22,15.3333,1.6,5.33333,86,31.0,52.8,31.2179,6.12288,188.308,0
2017-11-11,1,18.0,2.77,5.16667,88,31.0,52.8,58.0,0.0,179.082,1
2017-11-11,3,19.6667,3.51,5.0,87,9.56,48.47,18.5224,7.6536,200.34,1
2017-11-11,4,20.8333,3.13,4.83333,86,5.65,55.27,-17.7411,23.9171,164.965,1
2017-11-11,5,21.0,3.13,4.66667,87,6.7,57.9,-43.9254,46.0902,136.74,1
2017-11-11,6,20.6667,2.22,4.5,87,7.64,58.91,-33.8668,58.762,140.87,1
2017-11-11,7,22.1667,2.39,4.33333,86,7.63,58.61,-24.4915,59.1283,174.0,1
2017-11-11,8,22.0,2.39,4.16667,82,8.5,60.9,-25.2569,60.9761,152.727,1
2017-11-11,9,21.3333,1.65,4.0,78,9.42,62.99,-30.273,54.0858,150.333,1
2017-11-11,10,21.1667,0.91,4.16667,71,9.81,59.09,-36.8199,50.8911,183.138,1
2017-11-11,11,21.3333,0.91,4.33333,61,8.23,54.2,-43.1337,43.1337,168.505,1
2017-11-11,12,22.3333,1.65,4.66667,60,8.26,50.34,-45.9622,45.9622,143.242,1
2017-11-11,13,21.6667,0.74,4.83333,65,8.54,48.63,-49.4977,49.4977,135.496,1
2017-11-11,14,22.0,0.74,5.0,63,10.79,41.12,-48.7906,48.7906,140.87,1
2017-11-11,15,22.0,1.22,5.0,61,14.4,42.33,-40.5633,51.9285,156.75,1
2017-11-11,16,21.6667,1.22,5.0,68,14.79,41.99,-37.0278,48.393,176.727,1
2017-11-11,17,20.5,1.7,4.83333,64,16.28,35.74,-36.3207,47.6859,178.286,1
2017-11-11,18,19.1667,0.96,4.5,66,15.41,46.93,-39.5982,39.5982,202.926,1
2017-11-11,19,17.8333,0.96,4.33333,73,16.99,53.08,-37.4768,37.4768,233.143,1
2017-11-11,20,16.6667,0.96,4.0,72,22.42,49.07,-47.3764,47.3764,206.743,1
2017-11-11,22,14.5,1.37,3.5,80,23.86,31.0,-46.1581,31.5457,252.225,1
2017-11-12,1,13.0,0.89,3.0,79,23.86,31.0,-52.7852,32.2196,249.171,1
2017-11-12,3,13.1667,0.0,3.0,72,14.52,9.56,-50.1839,36.1128,249.171,1
2017-11-12,4,13.8333,0.48,2.83333,80,14.39,5.65,-43.82,29.7488,248.727,1
2017-11-12,5,14.5,0.48,2.83333,74,13.78,6.7,-46.3853,38.2673,211.68,1
2017-11-12,6,15.0,0.48,2.83333,75,12.51,7.64,-43.1337,43.1337,188.7,1
2017-11-12,7,15.0,0.48,2.83333,82,11.19,7.63,-44.5479,44.5479,202.725,1
2017-11-12,8,15.5,0.48,2.83333,79,11.13,8.5,-38.9744,47.0924,224.0,1
2017-11-12,9,15.3333,0.48,3.0,73,13.4733,9.42,-36.853,44.971,228.48,1
2017-11-12,10,15.1667,0.48,3.33333,73,13.63,9.81,-31.9866,48.2226,221.571,1
2017-11-12,11,16.0,0.48,3.66667,67,14.58,8.23,-28.5926,54.029,203.52,1
2017-11-12,12,16.8333,0.48,4.0,62,14.28,8.26,-19.8994,48.0418,216.72,1
2017-11-12,14,17.0,0.48,4.66667,60,23.13,10.79,-25.5312,46.638,221.76,1
2017-11-12,15,16.6667,0.48,4.83333,65,22.26,14.4,-36.8449,57.9517,180.0,1
2017-11-12,16,16.1667,0.0,4.83333,75,24.31,14.79,-38.3838,48.6666,222.821,1
2017-11-12,17,14.3333,0.0,4.66667,76,34.26,16.28,-41.0124,41.0124,237.12,1
2017-11-12,18,13.1667,0.0,4.5,72,33.9,15.41,-36.7697,36.7697,297.6,1
2017-11-12,19,12.1667,0.0,4.33333,71,38.52,16.99,-45.255,45.255,257.4,1
2017-11-12,20,10.6667,0.0,4.0,77,43.21,22.42,-42.2562,37.3854,299.815,1
2017-11-12,22,8.83333,0.0,3.33333,76,57.14,23.86,-34.3787,31.6371,342.514,1
2017-11-13,1,7.0,0.0,2.16667,86,57.14,23.86,-35.7257,18.668,423.5,0
2017-11-13,3,5.83333,0.0,1.5,97,54.96,14.52,-35.1785,4.4093,482.4,0
2017-11-13,4,6.0,0.0,1.33333,91,52.11,14.39,-26.8636,-4.03482,528.0,0
2017-11-13,5,5.66667,0.0,1.16667,92,55.7,13.78,-36.9251,-11.4259,532.0,0
2017-11-13,6,6.0,0.0,1.0,93,56.47,12.51,-36.9251,-18.4259,480.0,0
2017-11-13,7,5.33333,0.0,1.0,93,60.72,11.19,-28.6101,-27.87,498.343,0
2017-11-13,8,5.16667,0.0,1.16667,89,64.1,11.13,-22.143,-32.5487,618.667,0
2017-11-13,9,4.83333,0.0,1.33333,85,61.51,13.4733,-24.2643,-34.6701,630.667,0
2017-11-13,10,4.33333,0.0,1.66667,77,69.17,13.63,-24.2643,-37.6701,637.867,0
2017-11-13,11,3.83333,0.0,2.0,72,74.67,14.58,-11.33,-39.2008,627.3,0
2017-11-13,12,3.33333,0.0,2.5,67,69.49,14.28,-10.0323,-40.0679,667.8,0
2017-11-13,14,4.5,0.23,3.5,71,70.39,23.13,-5.53821,-42.6094,674.16,0
2017-11-13,15,5.0,0.23,3.5,78,71.73,22.26,-11.0815,-35.3133,701.25,0
2017-11-13,16,5.0,0.23,3.5,94,68.2,24.31,-8.02005,-21.9223,729.6,0
2017-11-13,17,5.16667,0.23,3.33333,97,67.19,34.26,-9.93345,-17.3029,681.943,0
2017-11-13,18,5.33333,0.23,3.0,94,59.035,33.9,-4.93345,-10.3029,707.2,0
2017-11-13,19,5.5,0.23,2.5,97,57.4667,38.52,-7.76189,-1.47445,660.0,0
2017-11-13,20,5.66667,0.0,2.16667,93,39.93,43.21,-8.31932,12.114,635.04,0
2017-11-13,22,7.66667,0.0,2.33333,97,19.89,57.14,-20.1712,27.6615,499.8,0
2017-11-14,1,9.33333,0.0,2.83333,87,19.445,57.14,5.08771,47.5578,329.829,0
2017-11-14,3,9.5,0.0,3.0,82,17.2467,54.96,14.2336,56.4119,300.0,0
2017-11-14,4,8.5,0.0,3.0,87,13.94,52.11,17.6777,55.097,376.2,0
2017-11-14,5,9.0,0.0,2.83333,77,11.3783,55.7,7.77821,50.1627,425.455,0
2017-11-14,6,9.66667,0.0,2.66667,80,10.5567,56.47,0.0,54.0,345.257,0
2017-11-14,7,9.66667,0.0,2.33333,89,13.7133,60.72,0.0,58.0,300.0,0
2017-11-14,8,9.83333,0.0,2.16667,80,15.0317,64.1,0.0,58.0,324.48,0
2017-11-14,9,10.0,0.0,2.16667,74,18.7383,61.51,-4.20948,51.1627,319.2,0
2017-11-14,10,10.6667,0.0,2.16667,74,20.0537,69.17,-4.20948,51.1627,361.371,0
2017-11-14,11,10.3333,0.0,2.5,62,18.5025,74.67,-8.80164,62.2492,300.0,0
2017-11-14,12,10.5,0.0,3.0,59,15.56,69.49,-13.3938,48.3358,333.45,0
2017-11-14,13,11.1667,0.0,3.66667,58,10.2563,71.26,-21.8791,48.8211,305.455,0
2017-11-14,14,11.6667,0.0,4.16667,61,11.8188,70.39,-26.155,47.1438,265.2,0
2017-11-14,15,11.8333,0.0,4.33333,63,14.95,71.73,-31.5125,52.0781,240.0,0
2017-11-14,16,12.0,0.0,4.5,72,23.9363,68.2,-30.3644,49.3064,270.3,0
2017-11-14,17,11.8333,0.0,4.33333,77,28.175,67.19,-34.9647,47.4123,260.0,0
2017-11-14,18,11.8333,0.0,4.0,75,29.0963,59.035,-34.2576,46.7052,270.3,0
2017-11-14,19,11.8333,0.0,3.5,77,32.41,57.4667,-36.8588,42.812,287.571,0
2017-11-14,22,13.0,0.0,2.83333,77,46.18,19.89,-48.9656,20.282,265.5,0
2017-11-15,1,14.5,0.0,3.16667,86,47.2687,19.445,-54.5089,22.5781,214.338,0
2017-11-15,2,14.3333,0.74,3.16667,89,43.755,19.995,-53.585,22.1954,230.4,0
2017-11-15,3,14.6667,0.74,3.33333,86,39.2975,17.2467,-51.2574,27.4446,253.895,0
2017-11-15,4,14.6667,1.48,3.5,92,38.0062,13.94,-44.3103,30.7803,251.631,0
2017-11-15,5,14.0,1.48,3.66667,90,39.528,11.3783,-37.6574,38.7398,235.2,0
2017-11-15,6,14.1667,1.48,4.0,83,36.9625,10.5567,-37.1775,44.7543,228.48,0
2017-11-15,7,14.3333,1.48,4.16667,87,36.435,13.7133,-31.9283,47.0819,237.12,0
2017-11-15,8,14.1667,0.74,4.5,80,36.4987,15.0317,-26.2965,48.4857,248.571,0
2017-11-15,9,14.0,0.74,4.83333,79,34.6875,18.7383,-26.2965,48.4857,254.88,0
2017-11-15,10,13.8333,0.0,5.16667,83,33.7525,20.0537,-25.5894,47.7786,257.914,0
2017-11-15,11,13.5,0.48,5.5,74,32.1475,18.5025,-25.2067,46.8547,261.415,0
2017-11-15,12,13.3333,0.48,5.83333,82,27.4937,15.56,-29.4243,44.0367,267.429,0
2017-11-15,13,13.1667,0.48,6.16667,78,29.07,10.2563,-29.0416,43.1129,277.114,0
2017-11-15,14,12.8333,0.96,6.5,73,26.9029,11.8188,-23.7343,44.2999,291.877,0
2017-11-15,15,13.0,0.96,6.5,74,30.06,14.95,-28.3264,55.3864,240.0,0
2017-11-15,16,12.3333,0.96,6.5,81,35.1213,23.9363,-19.8994,48.0418,281.538,0
2017-11-15,17,12.0,0.48,6.5,79,38.1925,28.175,-23.3435,56.3567,259.2,0
2017-11-15,18,12.1667,0.48,6.16667,88,40.575,29.0963,-26.1469,52.1245,270.3,0
2017-11-15,22,12.1667,0.0,4.83333,86,37.02,46.18,-29.0416,43.1129,277.114,0
2017-11-16,1,11.6667,0.0,4.33333,88,36.0137,47.2687,-22.1954,53.585,289.385,0
2017-11-16,2,11.0,0.0,4.33333,92,35.935,43.755,-21.8128,52.6612,299.815,0
2017-11-16,3,10.0,0.0,4.33333,90,38.1175,39.2975,-20.282,48.9656,313.6,0
2017-11-16,4,9.83333,0.0,4.16667,91,39.975,38.0062,-19.5167,47.1179,353.455,0
2017-11-16,5,9.5,0.0,3.83333,95,40.7313,39.528,-25.1736,52.7748,323.345,0
2017-11-16,6,8.66667,0.0,3.83333,83,36.8725,36.9625,-24.4082,50.927,357.5,0
2017-11-16,7,8.33333,0.0,3.83333,87,36.8225,36.435,-24.7658,44.7902,420.0,0
2017-11-16,8,8.5,0.0,3.83333,88,36.6,36.4987,-31.8369,51.8613,360.0,0
2017-11-16,9,9.0,0.0,3.83333,85,32.8925,34.6875,-27.6274,41.6986,393.6,0
2017-11-16,10,9.0,0.0,4.16667,82,25.7129,33.7525,-28.7755,44.4703,356.4,0
2017-11-16,11,8.83333,0.0,4.66667,77,31.9367,32.1475,-26.18,46.2044,366.667,0
2017-11-16,12,9.0,0.0,5.16667,76,35.5037,27.4937,-28.3928,43.5464,361.029,0
2017-11-16,13,8.33333,0.0,5.66667,75,33.952,29.07,-30.8341,41.6581,376.32,0
2017-11-16,15,7.83333,0.0,6.16667,84,49.6257,30.06,-23.4198,40.2438,386.88,0
2017-11-16,16,7.16667,0.0,5.83333,87,56.25,35.1213,-27.908,34.4492,400.68,0
2017-11-16,17,6.66667,0.0,5.5,90,62.2287,38.1925,-27.7767,26.7411,470.25,0
2017-11-16,18,6.33333,0.0,5.0,90,58.1557,40.575,-31.3122,23.2055,452.4,0
2017-11-16,22,7.0,0.0,4.0,89,59.34,37.02,-28.456,-2.12133,486.0,0
2017-11-17,1,8.66667,0.0,4.0,95,57.9775,36.0137,2.43198,-12.6616,377.4,0
2017-11-17,2,8.66667,0.25,4.0,89,57.5117,35.935,21.2179,-6.12288,395.2,0
2017-11-17,3,9.0,0.25,4.0,89,61.5062,38.1175,21.2179,-6.12288,377.143,0
2017-11-17,4,9.5,0.5,4.0,87,64.0163,39.975,36.6851,-3.44412,366.667,0
2017-11-17,5,10.0,0.5,4.0,84,62.4725,40.7313,57.0,0.0,325.867,0
2017-11-17,6,11.0,0.5,4.0,77,54.9025,36.8725,51.0,0.0,340.267,0
2017-11-17,7,11.5,0.75,4.0,76,53.3312,36.8225,57.0,0.0,263.467,0
2017-11-17,8,12.3333,0.75,4.0,73,52.82,36.6,51.0,0.0,286.7,0
2017-11-17,9,13.0,0.75,4.0,75,51.58,32.8925,26.0657,5.35752,265.5,0
2017-11-17,10,12.8333,0.5,4.16667,77,54.3811,25.7129,27.0657,5.35752,273.28,0
2017-11-17,11,12.6667,0.5,4.33333,74,57.005,31.9367,16.903,9.567,240.0,0
2017-11-17,12,11.8333,0.5,4.66667,79,60.0513,35.5037,-8.25968,13.7765,249.9,0
2017-11-17,13,11.5,0.25,5.0,82,61.1113,33.952,-27.3308,20.8476,287.571,0
2017-11-17,15,9.66667,0.0,5.66667,82,56.2487,49.6257,-38.2944,31.8,341.127,0
2017-11-17,16,8.83333,0.0,5.66667,86,57.4325,56.25,-40.5904,37.3432,335.345,0
2017-11-17,17,8.0,0.0,5.66667,94,60.4863,62.2287,-32.7238,38.677,398.618,0
2017-11-17,18,7.5,0.0,5.33333,88,65.5938,58.1557,-36.9665,42.9197,385.745,0
2017-11-17,22,7.5,0.0,3.33333,81,52.04,59.34,-33.0181,48.7129,420.0,0
2017-11-18,1,8.0,0.0,2.33333,88,44.8737,57.9775,-38.3542,37.813,392.229,1
2017-11-18,2,7.83333,0.0,2.0,87,38.5633,57.5117,-41.3323,37.0027,390.0,1
2017-11-18,3,8.0,0.0,1.83333,86,38.0488,61.5062,-41.3323,37.0027,402.8,1
2017-11-18,4,8.16667,0.0,1.66667,86,39.4963,64.0163,-43.2832,34.0828,390.0,1
2017-11-18,5,8.66667,0.0,1.5,87,44.8213,62.4725,-45.0174,31.4874,375.943,1
2017-11-18,6,9.33333,0.0,1.33333,91,47.754,54.9025,-42.8393,27.6857,386.4,1
2017-11-18,7,10.5,0.0,1.16667,92,48.4263,53.3312,-48.269,26.621,327.6,1
2017-11-18,8,11.5,0.0,1.16667,90,48.24,52.82,-21.9552,15.3072,288.0,1
2017-11-18,9,12.5,0.0,1.16667,84,44.9325,51.58,7.75076,8.80164,270.327,1
2017-11-18,10,13.5,0.48,1.5,82,44.2388,54.3811,4.05524,10.3324,235.2,1
2017-11-18,11,14.1667,0.48,2.0,72,46.4238,57.005,2.20748,11.0977,237.12,1
2017-11-18,12,14.6667,0.48,2.5,71,43.7225,60.0513,-26.6507,16.8379,230.4,1
2017-11-18,13,15.0,0.48,3.16667,69,39.305,61.1113,-54.5089,22.5781,228.48,1
2017-11-18,14,15.8333,0.48,3.83333,64,38.72,57.45,-56.3567,23.3435,204.429,1
2017-11-18,15,16.0,0.48,4.16667,73,41.1,56.2487,-47.1179,19.5167,225.28,1
2017-11-18,16,16.1667,0.0,4.33333,75,42.4562,57.4325,-48.0418,19.8994,224.824,1
2017-11-18,17,16.5,0.48,4.33333,71,41.7212,60.4863,-61.9,25.6396,180.0,1
2017-11-18,18,16.8333,0.48,4.16667,74,46.9757,65.5938,-29.194,19.134,193.768,1
2017-11-18,22,17.3333,1.8,3.0,75,39.02,52.04,52.0,0.0,212.571,1
2017-11-19,1,16.0,1.32,2.66667,79,37.7825,44.8737,12.0552,10.3324,215.368,1
2017-11-19,2,15.0,0.66,2.5,83,36.69,38.5633,-18.9552,15.3072,256.0,1
2017-11-19,3,13.6667,0.66,2.16667,86,27.6825,38.0488,-48.9656,20.282,277.114,1
2017-11-19,4,13.5,0.51,2.16667,85,17.4725,39.4963,-56.7439,28.0602,240.0,1
2017-11-19,5,13.6667,0.51,2.16667,87,17.5513,44.8213,-43.82,29.7488,261.415,1
2017-11-19,6,13.5,1.04,2.0,83,17.0963,47.754,-37.5497,38.6321,242.031,1
2017-11-19,7,14.1667,1.04,1.83333,87,15.25,48.4263,-34.0246,42.1426,238.255,1
2017-11-19,8,14.6667,2.31,1.83333,82,15.59,48.24,-38.2673,46.3853,225.318,1
2017-11-19,9,15.3333,2.31,2.16667,83,16.0163,44.9325,-37.5602,45.6782,220.0,1
2017-11-19,10,15.6667,1.8,2.33333,84,17.8862,44.2388,-42.4266,42.4266,197.6,1
2017-11-19,11,16.5,1.83,2.66667,75,16.1138,46.4238,-47.3764,47.3764,180.0,1
2017-11-19,12,17.6667,1.3,3.0,73,17.7675,43.7225,-38.1839,38.1839,200.08,1
2017-11-19,13,18.0,1.3,3.33333,74,20.1187,39.305,-41.0124,41.0124,188.779,1
2017-11-19,14,18.1667,0.03,3.66667,71,23.8678,38.72,-41.0124,41.0124,193.44,1
2017-11-19,15,17.5,0.03,3.83333,73,26.1812,41.1,-42.5761,33.3757,210.189,1
2017-11-19,16,16.6667,1.3,4.0,76,32.4487,42.4562,-52.7388,37.5852,200.842,1
2017-11-19,17,16.0,1.27,3.83333,76,33.5929,41.7212,-52.238,29.5077,238.105,1
2017-11-19,18,15.1667,2.54,3.66667,72,31.17,46.9757,-53.585,22.1954,249.882,1
2017-11-19,22,11.8333,1.27,2.66667,83,6.94,39.02,32.2179,6.12288,266.325,1
2017-11-20,1,9.33333,0.23,2.16667,87,7.85375,37.7825,21.5985,8.03628,320.914,0
2017-11-20,2,9.33333,1.32,2.0,87,9.50833,36.69,0.207481,11.0977,349.92,0
2017-11-20,3,8.33333,2.41,1.83333,84,13.738,27.6825,-16.8636,18.1688,339.2,0
2017-11-20,4,8.16667,2.41,1.5,88,16.565,17.4725,-19.6353,19.3169,360.0,0
2017-11-20,5,8.0,2.41,1.33333,90,15.8337,17.5513,-35.1024,21.9956,374.85,0
2017-11-20,6,8.33333,2.18,1.33333,83,6.71375,17.0963,-51.4173,25.4397,386.88,0
2017-11-20,7,9.33333,2.18,1.33333,80,6.81625,15.25,-54.189,26.5878,360.0,0
2017-11-20,8,9.83333,1.85,1.5,80,4.702,15.59,-46.5348,29.2164,349.92,0
2017-11-20,9,12.5,0.76,1.83333,77,7.10625,16.0163,-45.8845,30.1897,253.543,0
2017-11-20,10,14.6667,0.76,2.16667,78,8.76625,17.8862,-17.6673,41.6205,214.338,0
2017-11-20,11,15.3333,1.12,2.5,66,8.86125,16.1138,18.3849,45.2237,208.338,0
2017-11-20,12,16.1667,1.42,2.66667,71,8.10375,17.7675,36.7697,48.0418,232.737,0
2017-11-20,13,16.6667,1.42,2.83333,69,8.95125,20.1187,23.3346,48.488,244.26,0
2017-11-20,14,16.8333,0.66,2.83333,65,8.25875,23.8678,23.3346,65.488,193.44,0
2017-11-20,15,15.8333,1.09,2.66667,71,9.41625,26.1812,9.19243,61.0104,188.308,0
2017-11-20,16,14.6667,1.09,2.33333,73,10.9688,32.4487,0.0,62.0,224.0,0
2017-11-20,17,14.5,0.73,2.0,82,13.1975,33.5929,0.0,57.0,258.353,0
2017-11-20,18,13.0,0.43,1.66667,77,16.6475,31.17,0.0,52.0,286.971,0
2017-11-20,22,10.1667,0.0,0.5,79,17.78,6.94,0.0,51.0,359.9,0
2017-11-21,1,8.16667,0.0,0.0,81,21.4688,7.85375,0.0,54.0,403.015,0
2017-11-21,2,8.33333,0.0,-0.166667,82,24.3983,9.50833,0.0,62.0,371.908,0
2017-11-21,3,8.5,0.0,-0.333333,86,22.6112,13.738,-4.20948,59.1627,360.0,0
2017-11-21,4,8.16667,0.0,-0.5,81,24.0912,16.565,-7.27092,49.5537,417.72,0
2017-11-21,5,8.16667,0.0,-0.666667,86,26.2437,15.8337,-7.27092,57.5537,373.32,0
2017-11-21,6,8.0,0.0,-0.833333,90,29.1787,6.71375,-7.27092,54.5537,375.943,0
2017-11-21,7,7.66667,0.0,-1.0,87,33.7388,6.81625,-7.27092,53.5537,392.229,0
2017-11-21,8,7.0,0.0,-1.0,88,37.0525,4.702,-7.27092,52.5537,421.2,0
2017-11-21,9,7.0,0.0,-1.0,87,44.435,7.10625,-9.94968,51.0209,468.218,0
2017-11-21,10,6.33333,0.0,-0.666667,81,44.2912,8.76625,-13.0111,58.4119,420.0,0
2017-11-21,11,6.0,0.0,-0.166667,71,45.1587,8.86125,-11.6301,51.0777,486.0,0
2017-11-21,12,6.33333,0.0,0.333333,68,41.7675,8.10375,-13.188,45.6,538.65,0
2017-11-21,13,7.0,0.0,1.0,65,35.545,8.95125,-18.8449,43.2569,528.0,0
2017-11-21,14,7.0,0.0,1.5,73,30.4813,8.25875,-25.916,43.328,457.6,0
2017-11-21,15,6.66667,0.0,1.66667,80,34.1912,9.41625,-30.8658,42.2778,438.6,0
2017-11-21,16,7.0,0.0,1.33333,92,37.0675,10.9688,-35.1084,40.5205,454.629,0
2017-11-21,17,7.66667,0.0,0.833333,100,39.55,13.1975,-37.973,36.3494,486.0,0
2017-11-21,18,7.33333,0.0,0.166667,100,38.965,16.6475,-40.398,29.574,440.64,0
2017-11-21,22,7.0,0.0,-1.66667,79,36.1,17.78,-27.9088,20.6728,432.0,0
2017-11-22,1,5.5,0.0,-1.5,91,32.2175,21.4688,-16.9417,27.0684,498.667,0
2017-11-22,2,5.16667,0.0,-1.5,94,29.1633,24.3983,-19.063,29.1897,513.067,0
2017-11-22,3,5.33333,0.0,-1.66667,95,27.0613,22.6112,-3.74808,25.7456,499.8,0
2017-11-22,4,6.16667,0.0,-1.83333,95,21.905,24.0912,-5.59584,20.3881,513.067,0
2017-11-22,5,6.5,0.0,-2.0,97,18.5671,26.2437,-21.063,17.7093,547.2,0
2017-11-22,6,6.83333,0.0,-2.0,100,20.14,29.1787,-4.74808,14.2652,536.057,0
2017-11-22,7,7.66667,0.0,-2.0,96,23.7975,33.7388,-6.42399,4.40625,477.0,0
2017-11-22,8,8.0,0.0,-1.83333,95,29.9375,37.0525,-11.5189,-4.19847,438.6,0
2017-11-22,9,8.33333,0.0,-1.66667,92,32.3925,44.435,-20.0043,-18.2271,392.229,0
2017-11-22,10,9.33333,0.0,-1.33333,88,34.705,44.2912,-34.0754,-25.2982,360.0,0
2017-11-22,11,10.3333,1.24,-1.0,82,41.5088,45.1587,-32.2276,-24.5328,327.6,0
2017-11-22,12,11.3333,1.24,-0.5,78,48.085,41.7675,-42.7361,-31.3709,291.6,0
2017-11-22,13,12.6667,1.24,-0.166667,83,53.965,35.545,-38.8806,-31.845,276.12,0
2017-11-22,14,13.3333,1.24,0.0,86,56.1075,30.4813,-43.1233,-36.0877,232.615,0
2017-11-22,15,13.8333,1.24,0.333333,84,59.0687,34.1912,-36.0877,-43.1233,239.4,0
2017-11-22,16,13.6667,1.24,0.5,84,57.9175,37.0675,-35.3806,-42.4162,248.571,0
2017-11-22,17,13.6667,2.13,0.666667,87,60.3475,39.55,-33.9664,-41.0019,279.0,0
2017-11-22,18,14.1667,2.13,0.666667,89,60.6975,38.965,-32.5521,-39.5877,281.538,0
2017-11-22,22,13.6667,2.13,1.5,95,47.11,36.1,-35.4971,-44.6975,249.882,0
2017-11-23,1,12.1667,0.0,1.83333,93,50.4625,32.2175,-46.1685,-38.5917,268.029,0
2017-11-23,2,11.6667,0.0,2.0,92,51.2557,29.1633,-47.3555,-33.2843,279.138,0
2017-11-23,3,11.3333,0.3,2.33333,92,50.8025,27.0613,-45.9413,-31.8701,273.48,0
2017-11-23,4,12.0,0.6,2.66667,92,51.4137,21.905,-49.0329,-29.0085,262.08,0
2017-11-23,5,12.0,0.6,3.0,92,52.8288,18.5671,-54.8961,-27.2949,258.514,0
2017-11-23,6,11.5,0.6,3.33333,92,54.2337,20.14,-51.2006,-25.7642,280.8,0
2017-11-23,7,11.0,0.6,3.66667,92,55.26,23.7975,-50.2767,-25.3815,282.764,0
2017-11-23,8,11.1667,0.6,3.83333,92,55.115,29.9375,-50.8134,-21.0474,305.455,0
2017-11-23,9,11.5,0.3,4.0,93,54.7812,32.3925,-49.136,-25.3232,318.171,0
2017-11-23,10,11.5,0.0,4.33333,89,52.5662,34.705,-48.2122,-24.9406,297.0,0
2017-11-23,11,12.6667,0.0,4.83333,82,51.1562,41.5088,-51.9077,-26.4713,260.945,0
2017-11-23,12,13.6667,0.0,5.5,80,50.3688,48.085,-49.136,-25.3232,235.2,0
2017-11-23,13,14.8333,0.0,6.16667,76,54.0088,53.965,-56.3567,-23.3435,196.8,0
2017-11-23,14,15.8333,0.0,6.83333,78,55.945,56.1075,-28.3462,-18.3686,180.0,0
2017-11-23,15,16.1667,0.0,7.33333,91,57.0771,59.0687,-16.3358,-13.3938,232.941,0
2017-11-23,16,15.8333,0.0,7.33333,99,58.8757,57.9175,-30.194,-19.134,187.2,0
2017-11-23,17,15.3333,0.0,7.16667,97,59.64,60.3475,-25.5746,-17.2206,218.625,0
2017-11-23,18,14.8333,0.0,6.83333,98,60.665,60.6975,-54.5089,-22.5781,247.8,0
2017-11-23,22,12.6667,0.0,5.5,91,61.88,47.11,-48.9656,-20.282,277.114,0
2017-11-24,0,11.0,0.0,5.16667,90,62.88,44.23,-20.0313,-14.9245,336.0,0
2017-11-24,1,10.3333,0.0,5.0,89,60.28,50.4625,4.82688,-9.18432,353.455,0
2017-11-24,2,10.1667,0.0,5.0,90,59.1529,51.2557,25.9896,-4.97484,366.277,0
2017-11-24,3,9.33333,0.0,5.0,89,58.77,50.8025,35.9896,-4.97484,321.6,0
2017-11-24,4,9.16667,0.0,4.83333,90,59.222,51.4137,56.0,0.0,339.2,0
2017-11-24,5,8.66667,0.0,4.66667,91,60.49,52.8288,55.0,0.0,329.829,0
2017-11-24,6,7.5,0.0,4.5,93,59.015,54.2337,52.0,0.0,411.927,0
2017-11-24,7,6.5,0.0,4.33333,95,58.7725,55.26,56.0,0.0,426.0,0
2017-11-24,8,5.83333,0.0,4.33333,98,59.1675,55.115,51.3806,1.9134,420.0,0
2017-11-24,9,5.5,0.0,4.33333,94,57.06,54.7812,34.8373,4.20948,492.0,0
2017-11-24,10,5.66667,0.0,4.83333,84,55.54,52.5662,29.8373,4.20948,559.32,0
2017-11-24,11,6.5,0.0,5.5,83,54.7887,51.1562,38.8373,4.20948,480.0,0
2017-11-24,12,7.0,0.0,6.16667,82,56.1037,50.3688,29.8373,4.20948,538.65,0
2017-11-24,13,8.0,0.0,7.0,82,56.7762,54.0088,23.3702,1.53072,480.0,0
2017-11-24,14,9.33333,0.0,7.66667,79,58.692,55.945,-2.79252,-2.67876,399.36,0
2017-11-24,15,10.8333,0.0,8.16667,81,56.16,57.0771,-2.52938,-16.7878,300.0,0
2017-11-24,16,11.6667,0.0,8.5,83,55.5686,58.8757,-28.136,-27.3944,275.6,0
2017-11-24,17,12.3333,0.0,8.5,85,58.1214,59.64,-36.0264,-37.65,248.727,0
2017-11-24,18,13.5,0.0,8.33333,95,60.5975,60.665,-37.8741,-38.4153,248.571,0
2017-11-24,22,13.6667,0.72,7.5,79,56.67,61.88,31.0657,-5.35752,230.4,0
2017-11-25,0,12.3333,1.44,7.5,81,37.85,62.88,52.0,0.0,286.971,1
2017-11-25,1,11.6667,1.67,7.5,85,49.65,60.28,43.6851,3.44412,268.029,1
2017-11-25,2,10.1667,1.54,7.33333,93,45.9057,59.1529,38.6851,3.44412,340.165,1
2017-11-25,3,8.5,1.54,7.33333,97,29.1157,58.77,35.1495,6.97967,359.718,1
2017-11-25,4,7.83333,1.18,7.16667,95,23.6543,59.222,15.4708,13.4468,425.455,1
2017-11-25,5,7.33333,0.82,7.0,94,28.0683,60.49,12.792,19.914,398.945,1
2017-11-25,6,7.0,0.69,6.66667,100,28.535,59.015,8.25917,22.5928,443.52,1
2017-11-25,7,6.83333,0.46,6.5,98,39.35,58.7725,3.20894,27.5425,479.467,1
2017-11-25,8,7.16667,0.23,6.33333,95,37.6338,59.1675,11.2089,27.5425,420.0,1
2017-11-25,9,7.0,0.23,6.16667,97,41.5075,57.06,16.8451,17.6312,450.667,1
2017-11-25,10,7.16667,0.23,6.16667,86,43.3338,55.54,5.54902,12.088,440.64,1
2017-11-25,11,7.5,0.23,6.33333,86,43.7029,54.7887,9.08457,0.55241,420.0,1
2017-11-25,12,8.0,0.0,6.5,85,55.305,56.1037,14.4421,-21.3819,443.143,1
2017-11-25,13,8.33333,0.0,6.66667,84,63.2363,56.7762,7.97493,-34.0607,392.229,1
2017-11-25,14,8.83333,0.48,6.83333,87,66.3112,58.692,3.02516,-49.0104,360.0,1
2017-11-25,15,9.66667,0.48,7.0,83,65.7557,56.16,-2.29608,-52.5433,349.8,1
2017-11-25,16,11.0,0.48,7.0,94,67.3157,55.5686,0.0,-58.0,300.0,1
2017-11-25,17,12.1667,0.48,7.0,87,66.6825,58.1214,-6.12288,-55.7821,273.48,1
2017-11-25,22,14.1667,1.12,6.83333,91,33.57,56.67,-15.905,-22.3282,276.0,1
2017-11-26,0,14.3333,2.03,6.5,93,2.14,37.85,31.0657,-5.35752,230.4,1
2017-11-26,1,15.0,0.91,6.16667,94,20.9186,49.65,29.2179,6.12288,212.914,1
2017-11-26,2,15.3333,0.91,5.83333,89,2.91286,45.9057,0.435841,12.2458,217.412,1
2017-11-26,3,16.0,0.91,5.5,86,3.3775,29.1157,-27.8779,23.5595,196.8,1
2017-11-26,4,16.6667,1.65,5.16667,86,5.29125,23.6543,-47.7662,40.1894,180.0,1
2017-11-26,5,16.1667,2.39,4.66667,90,5.758,28.0683,-18.202,48.9436,196.725,1
2017-11-26,6,15.6667,2.22,4.16667,88,5.02714,28.535,-18.202,58.9436,187.425,1
2017-11-26,7,14.1667,2.22,3.83333,87,4.64143,39.35,-6.88824,60.6298,224.0,1
2017-11-26,8,13.0,2.7,3.5,86,8.72571,37.6338,0.0,51.0,332.0,1
2017-11-26,9,12.0,2.7,3.16667,87,11.5629,41.5075,0.0,60.0,331.143,1
2017-11-26,10,9.83333,2.44,3.16667,78,17.6875,43.3338,0.0,51.0,346.92,1
2017-11-26,11,10.0,1.7,3.33333,75,20.6763,43.7029,0.0,59.0,312.12,1
2017-11-26,12,9.66667,0.96,3.5,67,22.74,55.305,-4.20948,59.1627,332.677,1
2017-11-26,13,10.6667,0.96,3.66667,66,21.0175,63.2363,-8.41896,49.3254,340.267,1
2017-11-26,14,11.3333,0.48,3.83333,64,23.0183,66.3112,-13.3938,52.3358,313.5,1
2017-11-26,15,11.0,0.48,3.83333,68,24.2,65.7557,-18.3686,52.3462,265.2,1
2017-11-26,16,11.1667,0.0,3.5,68,23.6529,67.3157,-22.1954,53.585,271.745,1
2017-11-26,17,10.6667,0.0,3.0,70,27.8225,66.6825,-24.3499,49.7864,294.0,1
2017-11-26,22,9.5,0.0,1.16667,68,39.11,33.57,-40.3053,40.3053,325.867,1
2017-11-27,0,8.83333,0.0,1.16667,67,50.04,2.14,-38.1839,38.1839,366.667,0
2017-11-27,1,8.33333,0.0,1.16667,66,46.1712,20.9186,-23.82,31.82,398.618,0
2017-11-27,2,8.5,0.0,1.0,71,51.2686,2.91286,-15.8199,31.82,360.0,0
2017-11-27,3,8.83333,0.0,1.0,77,52.166,3.3775,10.0294,16.9706,417.72,0
2017-11-27,4,9.5,0.0,1.0,76,54.5214,5.29125,29.1005,9.89954,380.8,0
2017-11-27,5,10.5,0.0,1.0,72,56.38,5.758,26.9896,4.97484,319.2,0
2017-11-27,6,10.8333,0.0,1.0,75,54.0225,5.02714,29.9896,4.97484,278.25,0
2017-11-27,7,11.5,0.0,1.0,79,55.3975,4.64143,31.9896,4.97484,282.764,0
2017-11-27,8,11.6667,0.0,1.16667,77,55.4075,8.72571,12.5042,13.4602,280.8,0
2017-11-27,9,11.6667,0.0,1.33333,74,55.0938,11.5629,12.5042,13.4602,289.385,0
2017-11-27,10,11.5,0.0,1.66667,78,52.7529,17.6875,36.5147,8.48532,282.764,0
2017-11-27,11,11.8333,0.0,2.0,68,49.2088,20.6763,14.4281,13.0775,262.08,0
2017-11-27,12,12.3333,0.0,2.5,67,46.2612,22.74,17.4281,13.0775,249.9,0
2017-11-27,13,12.5,0.0,3.0,68,45.3162,21.0175,13.903,9.567,240.0,0
2017-11-27,14,12.5,0.0,3.33333,70,42.4062,23.0183,-22.1074,14.5418,286.7,0
2017-11-27,15,12.3333,0.0,3.5,71,47.2857,24.2,-19.5062,18.435,291.877,0
2017-11-27,16,11.8333,0.0,3.5,78,45.6075,23.6529,-29.6689,22.6445,249.508,0
2017-11-27,17,11.6667,0.0,3.5,74,43.25,27.8225,-50.9838,26.0886,289.385,0
2017-11-27,22,11.3333,0.0,2.0,76,52.92,39.11,27.1418,-5.7402,302.4,0
2017-11-28,0,13.3333,0.0,1.33333,82,52.42,50.04,-6.64028,-11.8631,253.08,0
2017-11-28,1,14.3333,0.0,1.0,76,54.7075,46.1712,-32.3462,-18.3686,220.0,0
2017-11-28,2,15.6667,0.0,0.666667,79,55.3557,51.2686,-33.2701,-18.7513,188.7,0
2017-11-28,3,16.3333,0.0,0.5,78,57.275,52.166,-47.1179,-19.5167,232.941,0
2017-11-28,4,17.1667,0.0,0.5,68,57.5938,54.5214,-48.9656,-20.282,212.625,0
2017-11-28,5,17.3333,0.0,0.5,68,58.965,56.38,-49.8895,-20.6647,213.333,0
2017-11-28,6,17.6667,0.0,0.5,73,59.0514,54.0225,-48.9656,-20.282,225.095,0
2017-11-28,7,18.1667,0.0,0.666667,73,58.3275,55.3975,-48.9656,-20.282,216.847,0
2017-11-28,8,18.3333,0.0,0.833333,70,57.5438,55.4075,-50.8134,-21.0474,201.318,0
2017-11-28,9,18.3333,0.0,1.0,74,56.7675,55.0938,-52.6612,-21.8128,195.789,0
2017-11-28,10,18.5,0.0,1.16667,75,56.0325,52.7529,-52.6612,-21.8128,195.789,0
2017-11-28,11,18.6667,0.0,1.5,68,54.5438,49.2088,-51.7373,-21.4301,202.926,0
2017-11-28,12,19.0,0.0,1.83333,65,53.82,46.2612,-50.8134,-21.0474,210.189,0
2017-11-28,13,19.1667,0.0,2.16667,61,52.21,45.3162,-52.6612,-21.8128,191.133,0
2017-11-28,14,18.3333,0.0,2.5,64,53.0187,42.4062,-54.5089,-22.5781,177.0,0
2017-11-28,15,17.5,0.0,2.83333,66,53.2886,47.2857,-23.8791,-15.6899,218.743,0
2017-11-28,16,16.8333,0.0,2.83333,75,56.4514,45.6075,-36.8134,-21.0474,193.143,0
2017-11-28,17,16.0,0.3,2.66667,74,59.7914,43.25,-30.3462,-18.3686,236.64,0
2017-11-28,22,12.6667,0.6,1.83333,76,58.97,52.92,-55.6032,-28.002,240.0,0
2017-11-29,0,12.1667,0.0,2.16667,81,54.64,52.42,-48.0418,-19.8994,286.971,0
2017-11-29,1,11.1667,0.0,2.5,79,59.8775,54.7075,-39.0418,-19.8994,268.029,0
2017-11-29,2,10.0,0.0,2.66667,92,60.3714,55.3557,-20.1074,-14.5418,343.385,0
2017-11-29,3,9.5,0.0,2.66667,87,59.2487,57.275,-13.1074,-14.5418,332.677,0
2017-11-29,4,8.66667,0.0,2.5,87,62.0187,57.5938,8.903,-9.567,367.015,0
2017-11-29,5,8.0,0.0,2.33333,96,65.8463,58.965,13.5224,-7.6536,420.0,0
2017-11-29,6,7.83333,0.0,2.0,89,66.855,59.0514,6.13136,-10.715,384.8,0
2017-11-29,7,8.0,0.0,1.66667,87,68.2375,58.3275,9.82688,-9.18432,402.8,0
2017-11-29,8,8.0,0.0,1.5,85,69.4525,57.5438,-4.12289,-14.1341,395.2,0
2017-11-29,9,7.66667,0.99,1.5,79,70.6829,56.7675,-16.59,-16.8128,392.229,0
2017-11-29,10,7.66667,0.99,1.5,77,71.8314,56.0325,-29.2469,-22.4697,414.72,0
2017-11-29,11,7.66667,1.5,1.66667,73,71.6438,54.5438,-44.9038,-28.1266,421.2,0
2017-11-29,12,7.16667,2.01,2.0,77,69.9714,53.82,-43.1697,-30.722,421.2,0
2017-11-29,13,7.16667,2.01,2.33333,73,68.8043,52.21,-40.398,-29.574,470.25,0
2017-11-29,14,7.66667,2.01,2.66667,75,67.285,53.0187,-43.0768,-36.0412,420.0,0
2017-11-29,15,8.16667,1.02,2.66667,86,63.5186,53.2886,-34.5628,-37.2688,425.829,0
2017-11-29,16,8.5,1.73,2.5,94,63.6771,56.4514,-32.3051,-44.7527,374.85,0
2017-11-29,17,8.16667,1.93,2.16667,89,66.5086,59.7914,-28.0624,-40.51,401.85,0
2017-11-29,22,6.5,0.71,1.0,83,57.82,58.97,-31.163,-45.2342,426.0,0
2017-11-30,0,6.33333,0.0,1.0,86,60.58,54.64,-36.1923,-38.8983,495.0,0
2017-11-30,1,6.33333,0.0,1.0,86,58.4475,59.8775,-22.1212,-31.8272,496.8,0
2017-11-30,2,6.33333,0.0,1.0,87,58.3757,60.3714,-10.8785,-27.5845,503.25,0
2017-11-30,3,6.66667,0.0,1.0,88,57.3257,59.2487,-0.8171,-20.1935,509.143,0
2017-11-30,4,6.66667,0.0,1.0,88,55.3325,62.0187,10.8617,-13.7263,472.457,0
2017-11-30,5,6.83333,0.0,1.0,89,53.3243,65.8463,19.8114,-8.77657,528.0,0
2017-11-30,7,6.83333,0.0,0.833333,93,56.7729,68.2375,28.9896,0.38268,457.6,0
2017-11-30,16,10.8333,3.56,1.33333,94,35.43,63.6771,4.20948,-53.1627,309.12,0
2017-11-30,22,9.5,2.66,0.0,86,29.2314,57.82,34.1034,-46.551,311.564,0
2018-10-01,0,7.83333,0.0,7.83333,86,25.1429,21.5096,10.8269,-9.18432,385.12,0
2018-10-01,1,7.16667,0.0,6.66667,87,25.0341,20.9193,7.29133,-12.7199,394.32,0
2018-10-01,2,6.83333,0.0,5.66667,89,27.1332,20.0411,-11.2442,-16.2554,463.6,0
2018-10-01,3,6.0,0.0,5.0,87,28.3437,17.8893,-17.7114,-18.9342,420.0,0
2018-10-01,4,5.83333,0.0,4.33333,93,33.7443,16.6171,-31.3308,-20.8476,482.4,0
2018-10-01,5,6.0,0.0,3.83333,94,35.2818,17.7257,-43.7749,-29.1625,495.0,0
2018-10-01,6,5.83333,0.0,3.5,88,38.5411,22.2482,-47.3104,-32.6981,480.0,0
2018-10-01,7,5.66667,0.0,3.33333,100,44.1936,32.5361,-39.6024,-32.5668,577.92,0
2018-10-01,8,5.83333,0.0,3.33333,98,46.4339,34.6333,-41.1331,-36.2623,574.08,0
2018-10-01,9,6.0,0.0,3.16667,98,44.9207,25.9982,-33.8556,-36.5616,546.96,0
2018-10-01,10,5.83333,0.0,4.16667,67,41.5075,19.15,-32.6162,-38.5694,524.16,0
2018-10-01,11,6.0,0.0,5.66667,54,38.4018,13.1436,-21.0806,-35.0338,498.343,0
2018-10-01,12,6.83333,0.0,7.5,50,31.4714,12.0104,-20.1567,-34.6511,480.0,0
2018-10-01,13,7.5,0.0,9.5,47,24.8718,11.3139,-15.5373,-41.7378,480.0,0
2018-10-01,14,7.5,0.0,11.5,47,18.2711,11.1218,-14.2146,-35.5442,443.7,0
2018-10-01,15,7.66667,0.0,13.6667,43,15.0981,12.3718,-3.15312,-28.1531,437.25,0
2018-10-01,16,7.33333,0.0,14.8333,40,17.5625,14.2268,9.50376,-22.4962,432.0,0
2018-10-01,17,7.0,0.0,15.1667,52,21.1354,22.3457,7.55718,-12.7103,453.6,0
2018-10-01,18,6.83333,0.0,15.0,64,32.6643,17.4015,10.3856,-9.01478,452.4,0
2018-10-01,19,6.16667,0.0,14.3333,72,45.7233,22.4,-0.67582,-1.62374,420.0,0
2018-10-01,20,5.0,0.0,13.1667,89,53.6554,20.4019,3.33674,-3.02318,498.667,0
2018-10-01,21,4.33333,0.0,11.5,100,58.5739,24.8107,2.62963,-3.73029,547.2,0
2018-10-01,22,3.83333,0.0,9.83333,95,58.4744,33.3289,0.5083,-5.85162,557.6,0
2018-10-01,23,3.66667,0.0,8.83333,89,58.8279,30.1107,-2.26334,2.00034,655.2,0
2018-10-02,0,3.33333,0.0,7.83333,88,55.5181,25.1429,0.73666,2.00034,659.85,0
2018-10-02,1,3.66667,0.0,7.16667,88,50.8754,25.0341,6.39354,13.6572,701.25,0
2018-10-02,2,4.83333,0.0,6.66667,93,50.1415,27.1332,-5.84912,9.41456,729.6,0
2018-10-02,3,5.33333,0.0,6.83333,93,49.9768,28.3437,-12.8491,17.4146,691.2,0
2018-10-02,4,6.5,0.0,7.0,81,49.9864,33.7443,-14.1497,15.468,655.2,0
2018-10-02,5,7.66667,0.0,6.83333,88,41.2057,35.2818,-16.9782,21.7725,600.0,0
2018-10-02,6,8.5,0.0,6.83333,92,25.1352,38.5411,-9.55758,30.9054,448.8,0
2018-10-02,7,9.0,0.0,6.83333,95,19.1825,44.1936,-9.78594,37.0534,385.0,0
2018-10-02,8,9.33333,0.0,7.16667,90,20.0182,46.4339,-5.54328,50.2961,356.4,0
2018-10-02,9,10.3333,0.0,7.5,81,15.6121,44.9207,-5.54328,52.2961,300.0,0
2018-10-02,10,10.8333,0.0,8.0,65,15.4293,41.5075,0.0,52.0,334.08,0
2018-10-02,11,11.6667,0.0,8.66667,57,15.0071,38.4018,0.0,55.0,305.455,0
2018-10-02,12,12.6667,0.0,9.5,51,20.765,31.4714,-5.7402,57.8582,240.0,0
2018-10-02,13,13.6667,0.0,10.3333,52,21.9718,24.8718,-12.2458,54.5642,225.5,0
2018-10-02,14,14.8333,0.0,11.0,50,16.2146,18.2711,-17.986,56.4224,205.477,0
2018-10-02,15,15.6667,0.0,11.3333,50,13.9521,15.0981,-24.4915,59.1283,187.68,0
2018-10-02,16,16.0,0.0,11.1667,63,12.3107,17.5625,-25.2569,60.9761,187.2,0
2018-10-02,17,16.1667,0.0,11.0,55,12.8318,21.1354,-29.358,55.8768,187.68,0
2018-10-02,18,16.1667,0.0,10.6667,51,15.0104,32.6643,-34.9315,53.3323,194.541,0
2018-10-02,19,16.5,0.0,10.1667,53,15.0357,45.7233,-40.4468,49.6472,194.541,0
2018-10-02,20,16.6667,0.56,9.5,52,12.015,53.6554,-45.9622,45.9622,180.0,0
2018-10-02,21,17.1667,0.56,9.0,55,15.757,58.5739,-36.7697,36.7697,224.824,0
2018-10-02,22,17.8333,1.12,8.83333,67,16.6342,58.4744,-38.891,38.891,201.318,0
2018-10-02,23,18.8333,1.12,8.33333,70,20.0685,58.8279,-44.4239,34.1411,191.133,0
2018-10-03,0,19.8333,1.12,7.83333,69,18.5163,55.5181,-52.0213,29.8321,173.46,0
2018-10-03,1,20.0,1.12,7.66667,76,19.3081,50.8754,-54.1426,31.9534,149.368,0
2018-10-03,2,20.0,1.45,7.66667,72,17.3967,50.1415,-53.2187,31.5707,170.564,0
2018-10-03,3,19.8333,1.45,7.66667,70,17.5789,49.9768,-49.5232,30.04,200.348,0
2018-10-03,4,20.0,0.89,7.66667,71,12.6262,49.9864,-50.8134,21.0474,205.8,0
2018-10-03,5,20.0,1.78,7.83333,73,9.49769,41.2057,-48.3258,28.3014,191.133,0
2018-10-03,6,20.3333,1.78,8.0,73,6.62769,25.1352,-47.2523,36.9695,168.505,0
2018-10-03,7,22.0,2.49,8.0,79,7.37154,19.1825,-39.2656,52.7956,136.74,0
2018-10-03,8,24.0,1.6,8.0,74,7.40577,20.0182,-29.3661,42.8961,162.432,0
2018-10-03,9,24.5,1.6,8.16667,73,6.18333,15.6121,-41.0124,41.0124,144.0,0
2018-10-03,10,25.5,1.6,8.33333,68,5.33714,15.4293,-36.7697,36.7697,180.96,0
2018-10-03,11,25.5,0.71,8.66667,74,4.40704,15.0071,-36.7697,62.7697,128.96,0
2018-10-03,12,25.6667,0.71,9.0,67,3.54074,20.765,-23.9754,61.8818,130.473,0
2018-10-03,13,24.6667,0.0,9.33333,66,2.82333,21.9718,-18.3686,70.3462,129.6,0
2018-10-03,14,23.6667,1.27,9.66667,64,3.11333,16.2146,-18.3686,66.3462,130.473,0
2018-10-03,15,24.6667,1.27,9.83333,72,2.71667,13.9521,-9.94968,70.0209,139.569,0
2018-10-03,16,24.8333,1.27,9.83333,72,3.38481,12.3107,0.0,52.0,165.6,0
2018-10-03,17,25.6667,1.27,9.66667,68,6.84852,12.8318,0.0,55.0,159.557,0
2018-10-03,18,25.8333,1.27,9.5,70,7.64357,15.0104,0.0,54.0,162.222,0
2018-10-03,19,25.3333,1.27,9.16667,70,9.33778,15.0357,19.092,51.9448,162.222,0
2018-10-03,20,24.1667,0.0,8.66667,67,10.6126,12.015,19.092,70.9448,139.2,0
2018-10-03,21,22.8333,0.0,8.16667,68,8.65714,15.757,19.092,60.9448,193.422,0
2018-10-03,22,21.1667,0.48,7.83333,65,9.95926,16.6342,14.1422,54.4776,202.926,0
2018-10-03,23,19.5,0.48,7.5,65,12.0779,20.0685,14.1422,52.4776,209.012,0
2018-10-04,0,17.1667,0.48,7.0,73,12.745,18.5163,26.1631,51.1836,221.76,0
2018-10-04,1,15.5,0.48,6.66667,78,8.62778,19.3081,26.1631,64.1836,200.34,0
2018-10-04,2,14.1667,0.48,6.5,74,7.43964,17.3967,12.0209,54.706,266.965,0
2018-10-04,3,12.3333,0.48,6.33333,69,7.10185,17.5789,8.57675,63.0209,256.941,0
2018-10-04,4,11.1667,0.0,6.16667,72,4.48536,12.6262,8.57675,55.0209,330.353,0
2018-10-04,5,10.0,0.48,6.0,71,2.56893,9.49769,4.74995,64.2597,300.0,0
2018-10-04,6,9.66667,0.96,6.0,65,3.77407,6.62769,-7.27092,58.5537,332.677,0
2018-10-04,7,10.1667,0.96,5.83333,77,5.69071,7.37154,-7.27092,56.5537,312.8,0
2018-10-04,8,10.1667,0.96,5.83333,81,6.89963,7.40577,4.65852,50.3254,326.8,0
2018-10-04,9,10.3333,0.96,6.0,69,5.00407,6.18333,4.65852,50.3254,334.08,0
2018-10-04,10,11.3333,0.96,6.5,66,4.05679,5.33714,8.48532,51.0866,334.08,0
2018-10-04,11,11.8333,0.48,7.33333,60,2.525,4.40704,19.7991,55.8686,271.745,0
2018-10-04,12,12.1667,0.0,8.33333,51,2.62852,3.54074,19.7991,57.8686,260.0,0
2018-10-04,13,14.0,0.0,9.5,42,3.0725,2.82333,11.3138,50.7821,264.48,0
2018-10-04,14,15.6667,0.0,10.6667,43,3.96179,3.11333,27.5773,62.0313,187.425,0
2018-10-04,15,17.8333,0.0,11.6667,43,4.42571,2.71667,16.2635,53.2492,182.031,0
2018-10-04,16,17.6667,0.0,12.3333,45,6.64964,3.38481,32.5271,61.4985,163.409,0
2018-10-04,17,16.8333,0.0,12.6667,55,9.23893,6.84852,16.2635,55.2492,195.789,0
2018-10-04,18,15.3333,0.0,12.6667,59,14.1507,7.64357,16.2635,63.2492,208.042,0
2018-10-04,19,12.5,0.0,12.5,62,21.8122,9.33778,16.2635,67.2492,240.0,0
2018-10-04,20,11.0,0.0,12.0,67,29.7921,10.6126,16.2635,54.2492,381.026,0
2018-10-04,21,8.5,0.0,11.0,76,29.3836,8.65714,9.19243,61.3203,362.817,0
2018-10-04,22,7.5,0.0,10.0,75,23.54,9.95926,-12.728,45.728,455.68,0
2018-10-04,23,7.66667,0.0,8.83333,74,22.7971,12.0779,-19.092,52.092,418.0,0
2018-10-05,0,8.83333,0.0,8.0,66,20.5496,12.745,-27.4069,40.5361,421.2,0
2018-10-05,1,9.33333,0.0,7.5,75,18.0646,8.62778,-37.5696,32.7456,349.8,0
2018-10-05,2,9.16667,0.0,7.16667,82,19.3715,7.43964,-43.9336,33.1096,349.92,0
2018-10-05,3,9.83333,0.0,7.5,81,21.7679,7.10185,-43.2264,32.4025,341.85,0
2018-10-05,4,9.83333,0.0,7.83333,83,23.1175,4.48536,-48.6561,31.3377,300.0,0
2018-10-05,5,9.83333,0.0,8.33333,82,23.7271,2.56893,-50.6071,28.4179,300.0,0
2018-10-05,6,9.66667,0.0,8.83333,87,25.9918,3.77407,-50.6071,28.4179,323.345,0
2018-10-05,7,10.3333,0.0,9.0,90,29.4093,5.69071,-49.6832,28.0352,312.8,0
2018-10-05,8,11.1667,0.0,9.33333,83,31.4093,6.89963,-23.9552,15.3072,336.3,0
2018-10-05,9,11.5,0.0,9.66667,74,32.3611,5.00407,-25.803,16.0726,288.0,0
2018-10-05,10,12.5,0.0,10.3333,77,30.8322,4.05679,-22.1074,14.5418,276.12,0
2018-10-05,11,13.5,0.0,11.1667,66,29.2646,2.525,-23.4753,21.3217,242.031,0
2018-10-05,12,14.3333,0.0,12.0,60,26.4636,2.62852,-21.4753,21.3217,230.4,0
2018-10-05,13,14.5,0.0,13.1667,62,21.8596,3.0725,-22.3992,21.7044,221.571,0
2018-10-05,14,14.5,0.0,14.1667,59,16.9464,3.96179,-22.3992,21.7044,228.48,0
2018-10-05,15,14.6667,0.0,15.1667,54,17.5068,4.42571,-24.7268,16.4552,237.12,0
2018-10-05,16,14.0,0.0,15.8333,54,16.205,6.64964,-50.3335,27.0619,237.12,0
2018-10-05,17,13.3333,0.0,16.1667,55,18.2143,9.23893,-44.2535,29.0999,267.429,0
2018-10-05,18,13.0,0.0,16.0,60,22.1878,14.1507,-39.0974,31.5206,297.0,0
2018-10-05,19,12.3333,0.0,15.5,64,29.9436,21.8122,-51.1078,36.4954,240.0,0
2018-10-05,20,11.6667,0.0,14.8333,71,35.7063,29.7921,-28.1735,31.1379,286.0,0
2018-10-05,21,11.0,0.0,13.8333,73,36.0754,29.3836,-7.56686,20.5313,305.455,0
2018-10-05,22,10.8333,0.0,12.8333,74,37.1489,23.54,11.2114,12.753,305.455,0
2018-10-05,23,10.6667,0.0,11.8333,76,36.56,22.7971,28.9896,4.97484,332.215,0
2018-10-06,0,10.3333,0.0,11.0,79,37.9,20.5496,51.0,0.0,346.92,1
2018-10-06,1,10.3333,0.0,10.3333,81,41.3471,18.0646,52.0,0.0,334.08,1
2018-10-06,2,10.3333,0.0,9.83333,81,41.017,19.3715,52.0,0.0,341.127,1
2018-10-06,3,10.1667,0.0,9.33333,85,43.0446,21.7679,51.0,0.0,346.92,1
2018-10-06,4,9.83333,0.0,8.83333,86,47.2268,23.1175,51.0,0.0,346.92,1
2018-10-06,5,10.0,0.0,8.5,96,48.7889,23.7271,45.3431,-5.65688,312.12,1
2018-10-06,6,10.0,0.0,8.16667,100,48.67,25.9918,46.3431,-5.65688,311.564,1
2018-10-06,7,9.83333,0.0,7.83333,94,48.8018,29.4093,25.1804,-9.86636,300.0,1
2018-10-06,8,9.66667,0.0,7.66667,99,48.3629,31.4093,6.86552,-13.3105,312.12,1
2018-10-06,9,9.83333,0.0,8.0,91,46.6921,32.3611,-11.4494,-16.7546,324.48,1
2018-10-06,10,10.8333,0.0,8.66667,73,41.6686,30.8322,-25.9552,-15.3072,353.455,1
2018-10-06,11,11.0,0.0,9.66667,59,37.0396,29.2646,-22.9552,-15.3072,317.127,1
2018-10-06,12,12.1667,0.0,11.0,55,35.8182,26.4636,-23.8791,-15.6899,288.0,1
2018-10-06,13,13.5,0.0,12.6667,51,33.5007,21.8596,10.7508,-8.80164,238.255,1
2018-10-06,14,14.1667,0.0,14.1667,55,31.2111,16.9464,37.9134,-4.59216,204.429,1
2018-10-06,15,14.8333,0.0,15.5,49,31.6921,17.5068,36.9134,-4.59216,197.6,1
2018-10-06,16,14.6667,0.0,16.3333,51,36.7129,16.205,34.1418,-5.7402,216.333,1
2018-10-06,17,14.5,0.0,16.6667,55,36.8914,18.2143,4.13136,-10.715,249.882,1
2018-10-06,18,13.8333,0.0,16.6667,63,42.9267,22.1878,-23.0313,-14.9245,281.538,1
2018-10-06,19,12.5,0.0,16.0,72,50.1332,29.9436,-22.0313,-14.9245,282.72,1
2018-10-06,20,11.3333,0.0,15.0,85,52.0878,35.7063,-13.0313,-14.9245,267.12,1
2018-10-06,21,10.0,0.0,13.6667,90,56.2768,36.0754,-4.7164,-11.4804,343.385,1
2018-10-06,22,9.5,0.0,12.6667,85,57.8507,37.1489,-11.1836,-14.1592,332.677,1
2018-10-06,23,8.83333,0.0,11.5,86,59.4189,36.56,10.8269,-9.18432,347.564,1
2018-10-07,0,7.83333,0.0,10.3333,93,61.213,37.9,27.9896,-4.97484,423.514,1
2018-10-07,1,7.33333,0.0,9.66667,92,62.105,41.3471,20.5985,-8.03628,395.229,1
2018-10-07,2,7.16667,0.0,9.33333,88,63.52,41.017,1.05524,-10.3324,448.0,1
2018-10-07,3,7.16667,0.0,9.33333,82,63.9082,43.0446,-2.48031,-13.8679,435.2,1
2018-10-07,4,6.5,0.0,8.66667,100,64.5443,47.2268,-4.48031,-13.8679,420.0,1
2018-10-07,5,6.83333,0.0,8.33333,100,64.6868,48.7889,-4.48031,-9.27575,437.143,1
2018-10-07,6,6.5,0.0,8.5,97,64.2904,48.67,-6.32807,-3.15287,449.28,1
2018-10-07,7,6.83333,0.0,8.66667,93,64.8357,48.8018,-10.3281,-3.15287,472.457,1
2018-10-07,8,7.33333,0.0,9.0,90,65.1271,48.3629,-9.32807,-3.15287,469.05,1
2018-10-07,9,7.66667,0.0,9.33333,83,65.2532,46.6921,6.06297,-0.0914299,438.6,1
2018-10-07,10,8.5,0.0,10.5,70,61.755,41.6686,24.1418,5.7402,425.829,1
2018-10-07,11,9.33333,0.0,12.1667,58,56.72,37.0396,14.9069,11.2223,409.867,1
2018-10-07,12,10.3333,0.0,13.6667,50,53.1664,35.8182,37.2218,7.77821,300.0,1
2018-10-07,13,11.3333,0.0,15.1667,47,50.4361,33.5007,35.2218,7.77821,291.6,1
2018-10-07,14,12.6667,0.0,16.6667,54,46.7189,31.2111,5.28747,13.1357,281.455,1
2018-10-07,15,14.0,0.0,17.8333,56,41.6014,31.6921,-1.7164,11.4804,248.571,1
2018-10-07,16,15.0,0.0,18.3333,61,25.3279,36.7129,-22.222,27.1864,206.7,1
2018-10-07,17,15.0,0.0,18.0,75,10.49,36.8914,-40.7275,42.8923,180.0,1
2018-10-07,18,15.6667,0.0,17.3333,75,5.03926,42.9267,-27.7932,51.5348,195.0,1
2018-10-07,19,17.5,0.0,16.1667,76,4.18607,50.1332,-13.0111,61.4119,202.024,1
2018-10-07,20,19.0,0.0,14.6667,85,4.59815,52.0878,17.6777,53.097,187.114,1
2018-10-07,21,19.0,0.0,13.1667,85,3.77036,56.2768,35.3555,56.7747,120.0,1
2018-10-07,22,18.1667,0.0,11.8333,83,2.68778,57.8507,47.3764,52.7956,161.472,1
2018-10-07,23,17.3333,0.0,10.6667,82,1.93,59.4189,38.1839,38.1839,241.968,1
2018-10-08,0,16.1667,0.0,9.5,82,0.987778,61.213,44.5479,44.5479,258.912,0
2018-10-08,1,13.8333,0.0,8.5,92,1.65179,62.105,50.9119,50.9119,262.032,0
2018-10-08,2,11.3333,0.0,7.66667,92,1.46037,63.52,41.0124,41.0124,320.682,0
2018-10-08,3,10.0,0.0,6.83333,99,2.52,63.9082,38.2303,32.8183,359.9,0
2018-10-08,4,9.33333,0.0,6.0,99,5.14643,64.5443,44.5943,39.1823,322.4,0
2018-10-08,5,8.83333,0.0,5.16667,95,8.2875,64.6868,41.7659,38.088,339.2,0
2018-10-08,6,7.83333,0.0,4.5,100,10.8375,64.2904,35.4019,37.724,380.8,0
2018-10-08,7,6.16667,0.0,4.0,100,14.7807,64.8357,35.4019,40.724,402.8,0
2018-10-08,8,5.16667,0.0,3.66667,96,26.1254,65.1271,35.4019,41.724,450.667,0
2018-10-08,9,4.5,0.0,3.83333,94,23.8664,65.2532,25.3424,36.8908,553.527,0
2018-10-08,10,4.33333,0.0,4.5,76,21.0046,61.755,23.429,41.5102,541.964,0
2018-10-08,11,4.0,0.0,5.66667,62,18.0261,56.72,10.701,28.7822,595.08,0
2018-10-08,12,4.0,0.0,7.0,56,9.225,53.1664,7.87254,25.9537,591.48,0
2018-10-08,13,5.16667,0.0,8.5,47,3.85,50.4361,5.1009,24.8057,600.0,0
2018-10-08,14,5.83333,0.0,10.0,51,3.06179,46.7189,-4.1379,12.9789,618.8,0
2018-10-08,15,6.66667,0.0,11.1667,48,3.10821,41.6014,-10.5019,-1.38509,619.65,0
2018-10-08,16,6.83333,0.0,12.0,48,3.70464,25.3279,-23.2299,-21.8472,540.0,0
2018-10-08,17,7.33333,0.0,12.3333,53,4.69286,10.49,-25.1912,-33.0348,461.76,0
2018-10-08,18,7.83333,0.0,12.1667,62,17.83,5.03926,-25.9566,-44.1214,454.629,0
2018-10-08,19,7.5,0.0,11.6667,68,27.6589,4.18607,-26.5501,-41.4677,420.0,0
2018-10-08,20,7.16667,0.0,10.6667,79,28.9441,4.59815,-26.4933,-39.7873,437.25,0
2018-10-08,21,6.33333,0.0,9.66667,85,24.9957,3.77036,-32.0366,-34.0834,470.25,0
2018-10-08,22,5.83333,0.0,8.5,84,22.0744,2.68778,-35.5721,-37.6189,452.4,0
2018-10-08,23,5.5,0.0,7.5,91,23.3121,1.93,-30.5721,-29.6189,526.68,0
2018-10-09,0,5.33333,0.0,6.83333,93,28.1837,0.987778,-35.1915,-31.5323,511.68,0
2018-10-09,1,5.16667,0.0,6.16667,93,31.2514,1.65179,-23.1204,-24.4612,569.25,0
2018-10-09,2,5.0,0.0,5.83333,93,32.6778,1.46037,-27.7398,-26.3746,540.0,0
2018-10-09,3,5.0,0.0,5.66667,92,32.7661,2.52,-26.7023,-22.6311,579.429,0
2018-10-09,4,4.66667,0.0,5.5,93,34.4796,5.14643,-19.0236,-16.164,604.2,0
2018-10-09,5,4.66667,0.0,5.5,93,35.2275,8.2875,-16.0236,-16.164,600.0,0
2018-10-09,6,4.33333,0.0,5.5,92,36.8804,10.8375,-15.0997,-15.7813,622.2,0
2018-10-09,7,4.83333,0.0,5.5,93,41.1896,14.7807,-12.3281,-14.6333,691.2,0
2018-10-09,8,4.83333,0.0,5.66667,93,44.4761,26.1254,1.21521,-12.3372,624.24,0
2018-10-09,9,4.66667,0.0,5.33333,100,39.5821,23.8664,9.75076,-8.80164,624.24,0
2018-10-09,10,5.83333,0.0,6.0,82,31.9071,21.0046,8.75076,-8.80164,648.96,0
2018-10-09,11,6.66667,0.0,7.0,65,29.7107,18.0261,-0.868639,-3.06144,586.56,0
2018-10-09,12,8.66667,0.0,8.16667,60,24.5832,9.225,18.3702,0.76536,524.16,0
2018-10-09,13,8.83333,0.0,9.66667,56,24.1239,3.85,32.7612,3.8268,386.4,0
2018-10-09,14,9.83333,0.0,11.1667,55,25.8311,3.06179,33.7612,3.8268,336.96,0
2018-10-09,15,11.3333,0.0,13.1667,54,28.9571,3.10821,35.7612,3.8268,297.0,0
2018-10-09,16,11.1667,0.0,14.1667,57,34.0421,3.70464,32.9896,4.97484,262.08,0
2018-10-09,17,10.8333,0.0,14.5,61,39.2375,4.69286,14.6746,8.41896,315.52,0
2018-10-09,18,10.0,0.0,14.3333,73,45.4541,17.83,22.6746,8.41896,300.0,0
2018-10-09,19,9.66667,0.0,13.8333,84,52.0989,27.6589,8.67464,8.41896,353.455,0
2018-10-09,20,8.33333,0.0,13.0,94,54.5489,28.9441,15.6746,8.41896,335.345,0
2018-10-09,21,7.33333,0.0,11.8333,98,57.2075,24.9957,12.903,7.27092,360.0,0
2018-10-09,22,6.66667,0.0,10.6667,97,59.3826,22.0744,8.903,7.27092,434.215,0
2018-10-09,23,6.5,0.0,9.5,100,59.5014,23.3121,13.903,7.27092,433.108,0
2018-10-10,0,6.16667,0.0,8.66667,96,59.4015,28.1837,32.9134,2.29608,466.4,0
2018-10-10,1,5.83333,0.0,8.0,100,59.3736,31.2514,49.2284,-1.14804,469.05,0
2018-10-10,2,6.5,0.0,7.5,100,59.2122,32.6778,36.609,-3.06144,542.88,0
2018-10-10,3,6.5,0.0,7.16667,100,59.5593,32.7661,31.6592,1.88833,495.72,0
2018-10-10,4,6.33333,0.0,7.0,93,59.8029,34.4796,15.192,4.56709,498.343,0
2018-10-10,5,5.83333,0.0,7.0,100,60.0468,35.2275,4.49651,3.03637,480.0,0
2018-10-10,6,5.33333,0.0,7.0,100,61.4554,36.8804,3.57263,2.65369,536.057,0
2018-10-10,7,4.83333,0.0,6.83333,90,63.9154,41.1896,1.57263,2.65369,546.96,0
2018-10-10,8,4.16667,0.0,7.0,94,65.4286,44.4761,3.57263,2.65369,563.04,0
2018-10-10,9,3.66667,0.0,7.5,99,66.1804,39.5821,1.57263,2.65369,641.143,0
2018-10-10,10,4.16667,0.0,8.33333,89,64.8368,31.9071,-2.12289,4.18441,620.743,0
2018-10-10,11,4.33333,0.0,9.66667,71,60.2071,29.7107,-15.59,6.86317,639.6,0
2018-10-10,12,4.83333,0.0,11.3333,65,50.7275,24.5832,-25.5034,2.24377,648.96,0
2018-10-10,13,5.83333,0.0,13.3333,59,39.9193,24.1239,-12.884,4.15717,620.743,0
2018-10-10,14,6.5,0.0,15.1667,58,28.5964,25.8311,-15.3253,2.26884,600.0,0
2018-10-10,15,6.66667,0.0,16.6667,54,26.1648,28.9571,1.83736,1.1208,566.1,0
2018-10-10,16,6.66667,0.0,17.8333,51,26.0568,34.0421,1.99733,6.18707,563.04,0
2018-10-10,17,6.5,0.0,18.3333,70,34.8725,39.2375,-1.00267,6.18707,492.9,0
2018-10-10,18,6.0,0.0,18.0,94,45.72,45.4541,-0.13559,7.48479,528.0,0
2018-10-10,19,5.66667,0.0,17.1667,87,57.6164,52.0989,-4.75499,9.39819,498.343,0
2018-10-10,20,5.0,0.0,15.8333,85,60.1037,54.5489,-2.53049,2.47677,480.0,0
2018-10-10,21,4.5,0.0,14.3333,89,62.8668,57.2075,-2.73842,4.97484,569.25,0
2018-10-10,22,4.16667,0.0,12.6667,99,62.4752,59.3826,-4.58618,4.20948,596.25,0
2018-10-10,23,4.5,0.0,11.1667,98,64.1286,59.5014,-14.4996,-0.40992,655.2,0
2018-10-11,0,4.66667,0.0,10.0,96,64.8215,59.4015,-18.7422,-4.65258,600.0,0
2018-10-11,1,4.66667,0.0,9.16667,98,65.6086,59.3736,-13.6473,-13.2573,620.743,0
2018-10-11,2,5.0,0.0,8.5,95,66.2618,59.2122,-22.9434,-18.8006,600.0,0
2018-10-11,3,5.66667,0.0,8.0,100,65.3925,59.5593,-19.4078,-27.3361,641.829,0
2018-10-11,4,6.0,0.0,7.66667,100,63.8054,59.8029,-28.7039,-32.8794,600.0,0
2018-10-11,5,6.33333,0.0,7.33333,100,62.7879,60.0468,-23.9348,-44.0884,626.4,0
2018-10-11,6,6.83333,0.0,7.16667,100,64.395,61.4554,-20.6323,-45.1155,520.2,0
2018-10-11,7,7.33333,0.0,7.0,94,65.0875,63.9154,-20.3152,-48.0456,477.0,0
2018-10-11,8,8.0,0.0,7.16667,98,63.5229,65.4286,-16.0726,-52.803,420.0,0
2018-10-11,9,8.5,0.0,7.66667,98,61.7796,66.1804,-11.4804,-50.7164,399.36,0
2018-10-11,10,9.33333,0.0,8.5,86,61.2861,64.8368,-12.6284,-48.488,393.6,0
2018-10-11,11,9.83333,0.0,9.83333,68,59.9432,60.2071,-18.435,-50.5062,327.6,0
2018-10-11,12,10.6667,0.0,11.5,65,56.5319,50.7275,-15.3736,-54.1152,300.0,0
2018-10-11,13,11.8333,0.0,13.5,59,54.9571,39.9193,-17.287,-49.7346,288.0,0
2018-10-11,14,12.3333,0.0,15.3333,59,52.2618,28.5964,-25.1566,-43.7334,265.5,0
2018-10-11,15,12.6667,0.0,17.0,55,50.6567,26.1648,-25.1566,-43.7334,259.418,0
2018-10-11,16,12.8333,0.0,18.1667,57,52.8786,26.0568,-29.3661,-42.8961,277.114,0
2018-10-11,17,13.1667,0.0,18.6667,62,53.8179,34.8725,-28.9834,-41.9722,297.6,0
2018-10-11,18,13.0,0.0,18.5,71,54.5933,45.72,-33.9582,-53.9826,248.625,0
2018-10-11,19,12.3333,0.0,17.8333,78,56.1104,57.6164,-27.6193,-54.6793,240.0,0
2018-10-11,20,11.8333,0.0,17.0,82,54.2578,60.1037,-14.9245,-48.0313,291.877,0
2018-10-11,21,11.8333,0.0,15.8333,81,53.6946,62.8668,-14.9245,-57.0313,269.077,0
2018-10-11,22,11.1667,0.0,14.8333,80,52.0359,62.4752,-14.1592,-55.1836,289.385,0
2018-10-11,23,11.0,0.0,13.8333,80,52.0379,64.1286,-12.6284,-51.488,332.215,0
2018-10-12,0,10.3333,0.0,13.1667,78,51.6137,64.8215,-12.2458,-50.5642,336.3,0
2018-10-12,1,10.3333,0.0,12.5,83,51.8993,65.6086,-18.6098,-56.9282,300.0,0
2018-10-12,2,11.1667,0.0,12.0,85,51.7037,66.2618,-27.0951,-44.4135,329.018,0
2018-10-12,3,11.1667,0.0,11.6667,79,51.0436,65.3925,-32.7851,-44.1503,275.6,0
2018-10-12,4,11.5,0.0,11.3333,85,51.3668,63.8054,-37.1192,-43.6136,280.8,0
2018-10-12,5,11.3333,0.0,11.0,86,50.875,62.7879,-40.3053,-40.3053,263.467,0
2018-10-12,6,12.1667,0.0,10.6667,83,50.5475,64.395,-41.7195,-41.7195,270.3,0
2018-10-12,7,12.5,0.0,10.3333,94,52.0236,65.0875,-38.5917,-46.1685,268.029,0
2018-10-12,8,12.1667,0.0,10.1667,98,51.1832,63.5229,-34.0497,-49.2033,240.0,0
2018-10-12,9,12.0,0.0,10.1667,81,49.6179,61.7796,-23.0854,-44.7334,281.455,0
2018-10-12,10,12.5,0.0,10.5,71,50.0059,61.2861,-30.1565,-51.8045,240.0,0
2018-10-12,11,13.0,0.0,11.5,56,50.265,59.9432,-35.3126,-49.3838,240.0,0
2018-10-12,12,13.3333,0.0,12.8333,53,48.6768,56.5319,-35.3126,-49.3838,240.0,0
2018-10-12,13,13.5,0.0,14.5,51,46.3436,54.9571,-36.6767,-36.6767,241.92,0
2018-10-12,14,13.8333,0.0,16.1667,52,42.2582,52.2618,-40.2122,-40.2122,221.571,0
2018-10-12,15,14.3333,0.0,17.6667,50,42.173,50.6567,-37.1775,-44.7543,221.571,0
2018-10-12,16,13.8333,0.0,18.8333,51,42.1571,52.8786,-18.82,-31.82,243.6,0
2018-10-12,17,13.3333,0.0,19.1667,57,42.8718,53.8179,-17.6689,-24.7157,282.72,0
2018-10-12,18,12.1667,0.0,18.8333,68,48.5389,54.5933,-27.8315,-28.9251,248.88,0
2018-10-12,19,11.1667,0.0,18.1667,76,52.3664,56.1104,-8.2249,-18.3185,297.6,0
2018-10-12,20,10.0,0.0,17.0,86,56.2822,54.2578,-4.68935,-14.7829,343.385,0
2018-10-12,21,8.16667,0.0,15.6667,90,58.2007,53.6946,-9.63912,-19.7327,332.677,0
2018-10-12,22,6.66667,0.0,14.0,94,58.5185,52.0359,-11.0533,-21.1469,371.908,0
2018-10-12,23,6.16667,0.0,12.8333,93,55.4568,52.0379,-25.4676,-22.5612,497.455,0
2018-10-13,0,6.0,0.0,11.8333,95,53.5489,51.6137,-31.1244,-28.218,448.145,1
2018-10-13,1,5.83333,0.0,11.0,96,53.9757,51.8993,-28.3528,-27.07,492.0,1
2018-10-13,2,5.66667,0.0,10.5,92,53.7867,51.7037,-25.5812,-25.922,515.2,1
2018-10-13,3,6.16667,0.0,9.83333,99,54.1971,51.0436,-31.1244,-28.218,480.0,1
2018-10-13,4,7.33333,0.0,9.5,100,55.4718,51.3668,-36.5889,-31.7536,547.2,1
2018-10-13,5,7.16667,0.0,9.0,100,55.8829,50.875,-33.669,-33.7045,517.029,1
2018-10-13,6,7.16667,0.0,8.66667,99,56.6618,50.5475,-28.5696,-32.3935,470.25,1
2018-10-13,7,7.16667,0.0,8.33333,96,57.8193,52.0236,-25.9741,-34.1276,470.25,1
2018-10-13,8,7.0,0.0,8.16667,98,58.5896,51.1832,-24.24,-36.7231,470.25,1
2018-10-13,9,7.5,0.0,8.16667,100,58.7411,49.6179,-26.1534,-41.3425,452.4,1
2018-10-13,10,7.5,0.0,9.16667,83,57.5589,50.0059,-21.8238,-45.6721,420.0,1
2018-10-13,11,7.33333,0.0,10.6667,61,55.3536,50.265,-10.816,-39.8404,432.667,1
2018-10-13,12,7.0,0.0,12.5,55,53.1796,48.6768,-9.668,-37.0688,460.8,1
2018-10-13,13,7.33333,0.0,14.5,53,51.8339,46.3436,-15.2113,-39.3649,420.0,1
2018-10-13,14,7.66667,0.0,16.5,53,50.1207,42.2582,0.52892,-25.5067,453.6,1
2018-10-13,15,7.83333,0.0,18.6667,51,51.0904,42.173,1.23603,-24.7996,440.64,1
2018-10-13,16,8.16667,0.0,19.8333,55,50.8579,42.1571,-3.21456,-26.5442,405.45,1
2018-10-13,17,8.83333,0.0,20.1667,73,51.4211,42.8718,10.8469,-19.1531,374.0,1
2018-10-13,18,9.5,0.0,20.0,87,52.9678,48.5389,-2.92814,-20.6809,349.8,1
2018-10-13,19,9.5,0.0,19.1667,96,55.8639,52.3664,-6.62366,-22.2117,337.08,1
2018-10-13,20,9.5,0.0,17.8333,88,55.2637,56.2822,-20.4505,-31.4505,300.0,1
2018-10-13,21,8.66667,0.0,16.3333,86,56.2129,58.2007,-18.1794,-32.9678,325.867,1
2018-10-13,22,8.16667,0.0,15.0,85,57.2944,58.5185,-13.3462,-30.2994,411.927,1
2018-10-13,23,7.5,0.0,13.5,88,56.3929,55.4568,-20.7372,-33.3608,372.764,1
2018-10-14,0,7.33333,0.0,12.5,83,55.8133,53.5489,-34.0333,-38.9041,429.0,1
2018-10-14,1,7.16667,0.0,11.8333,84,55.9743,53.9757,-33.3262,-38.197,443.52,1
2018-10-14,2,7.33333,0.0,11.5,85,56.8419,53.7867,-32.4023,-37.8143,458.28,1
2018-10-14,3,8.0,0.0,11.1667,87,58.1068,54.1971,-35.9665,-31.6369,460.8,1
2018-10-14,4,8.0,0.0,10.6667,89,58.6996,55.4718,-40.6788,-28.2312,405.6,1
2018-10-14,5,8.5,0.0,10.5,91,59.4332,55.8829,-42.2095,-31.9268,390.0,1
2018-10-14,6,8.5,0.0,9.83333,95,59.5389,56.6618,-32.5224,-32.322,409.867,1
2018-10-14,7,8.5,0.0,9.33333,100,60.1875,57.8193,-29.6026,-34.273,409.867,1
2018-10-14,8,8.83333,0.0,9.16667,97,60.7186,58.5896,-24.7318,-39.1438,401.85,1
2018-10-14,9,9.33333,0.0,9.5,94,60.2174,58.7411,-21.1675,-45.3211,371.25,1
2018-10-14,10,10.3333,0.0,10.0,80,57.9525,57.5589,-17.986,-52.4224,327.6,1
2018-10-14,11,11.8333,0.0,11.1667,64,53.7914,55.3536,-27.8588,-41.3888,313.6,1
2018-10-14,12,12.8333,0.0,12.6667,59,47.6521,53.1796,-27.8588,-41.3888,253.08,1
2018-10-14,13,14.0,0.0,14.5,53,41.525,51.8339,-34.6387,-42.7567,208.145,1
2018-10-14,14,15.3333,0.0,16.1667,52,33.7804,50.1207,-41.743,-43.9078,187.971,1
2018-10-14,15,15.8333,0.0,17.5,47,32.2333,51.0904,-41.5366,-51.2782,187.0,1
2018-10-14,16,16.1667,0.0,18.5,50,33.0179,50.8579,-44.5479,-44.5479,195.52,1
2018-10-14,17,15.3333,0.0,18.8333,49,36.2361,51.4211,-45.255,-45.255,195.0,1
2018-10-14,18,15.5,0.0,18.6667,60,38.0944,52.9678,-43.1337,-43.1337,231.8,1
2018-10-14,19,14.5,0.0,17.8333,71,38.8468,55.8639,-36.5286,-45.1878,221.571,1
2018-10-14,20,12.5,0.0,16.6667,71,36.0633,55.2637,-30.4559,-44.5271,269.925,1
2018-10-14,21,11.6667,0.0,15.5,75,36.0525,56.2129,-32.7519,-50.0704,284.625,1
2018-10-14,22,10.5,0.0,14.3333,73,34.5556,57.2944,-27.8022,-45.1206,332.215,1
2018-10-14,23,10.3333,0.0,13.1667,73,37.2756,56.3929,-36.1171,-48.5647,300.0,1
2018-10-15,0,9.66667,0.0,12.3333,81,38.8959,55.8133,-35.41,-47.8576,340.2,0
2018-10-15,1,10.0,0.0,11.6667,89,40.6074,55.9743,-33.8793,-44.1621,324.48,0
2018-10-15,2,10.8333,0.0,11.1667,90,40.683,56.8419,-36.2417,-37.8653,300.667,0
2018-10-15,3,11.5,0.0,10.6667,84,39.943,58.1068,-37.6559,-39.2795,275.6,0
2018-10-15,4,12.0,0.0,10.3333,93,40.1122,58.6996,-38.5334,-45.0278,260.0,0
2018-10-15,5,11.5,0.0,10.0,87,40.8886,59.4332,-38.5334,-45.0278,260.0,0
2018-10-15,6,11.1667,0.0,9.66667,86,42.4507,59.5389,-40.3053,-40.3053,291.5,0
2018-10-15,7,10.8333,0.0,9.33333,90,44.8275,60.1875,-41.0588,-35.6467,305.455,0
2018-10-15,8,10.1667,0.0,9.16667,86,44.7754,60.7186,-42.5193,-31.6953,332.215,0
2018-10-15,9,9.33333,0.0,9.33333,79,44.2014,60.2174,-45.1981,-38.1625,321.6,0
2018-10-15,10,9.33333,0.0,9.83333,73,43.2682,57.9525,-41.6625,-34.6269,369.6,0
2018-10-15,11,10.0,0.0,11.0,51,42.3211,53.7914,-44.2638,-30.7338,339.2,0
2018-10-15,12,10.5,0.0,12.1667,52,40.77,47.6521,-47.0922,-33.5622,300.0,0
2018-10-15,13,11.0,0.0,13.8333,52,38.6361,41.525,-33.5895,-37.9191,296.229,0
2018-10-15,14,11.3333,0.0,15.5,51,37.3857,33.7804,-30.2287,-37.8055,286.7,0
2018-10-15,15,11.8333,0.0,17.1667,43,38.3963,32.2333,-36.5927,-44.1695,260.0,0
2018-10-15,16,11.6667,0.0,18.3333,50,38.4107,33.0179,-33.2843,-47.3555,279.138,0
2018-10-15,17,11.6667,0.0,18.6667,58,40.9564,36.2361,-34.2546,-42.3726,299.815,0
2018-10-15,18,11.3333,0.0,18.6667,69,45.1207,38.0944,-41.2902,-35.337,299.815,0
2018-10-15,19,10.8333,0.0,17.8333,79,47.6119,38.8468,-44.0935,-31.1047,288.0,0
2018-10-15,20,10.5,0.0,16.6667,79,45.3056,36.0633,-44.8006,-31.8118,294.0,0
2018-10-15,21,10.3333,0.0,15.1667,80,44.6067,36.0525,-39.7012,-30.5008,341.127,0
2018-10-15,22,9.66667,0.0,13.6667,82,43.7737,34.5556,-36.6096,-33.3624,366.277,0
2018-10-15,23,9.33333,0.0,12.3333,81,46.4043,37.2756,-41.5594,-38.3122,355.385,0
2018-10-16,0,9.16667,0.0,11.5,75,45.2385,38.8959,-37.3271,-41.1156,360.0,0
2018-10-16,1,9.16667,0.0,11.0,78,46.6368,40.6074,-38.7877,-37.1641,363.0,0
2018-10-16,2,9.5,0.0,10.5,79,47.9037,40.683,-40.9554,-33.9198,329.829,0
2018-10-16,3,9.33333,0.0,10.0,82,50.3196,39.943,-46.5916,-30.8968,337.08,0
2018-10-16,4,9.16667,0.0,9.5,85,52.9575,40.1122,-45.8845,-30.1897,314.743,0
2018-10-16,5,8.5,0.0,9.0,92,55.1366,40.8886,-43.2308,-30.7832,372.655,0
2018-10-16,6,8.0,0.0,8.16667,91,55.7679,42.4507,-38.1313,-29.4721,417.72,0
2018-10-16,7,7.5,0.0,7.5,100,56.5671,44.8275,-40.8101,-35.9393,386.88,0
2018-10-16,8,6.83333,0.0,7.16667,99,57.6246,44.7754,-34.2501,-38.5797,429.0,0
2018-10-16,9,6.33333,0.0,7.33333,82,57.6832,44.2014,-37.7856,-42.1152,420.0,0
2018-10-16,10,7.0,0.0,8.0,72,54.5944,43.2682,-32.7895,-42.5311,466.4,0
2018-10-16,11,7.5,0.0,9.33333,56,54.6311,42.3211,-14.4746,-39.087,450.667,0
2018-10-16,12,8.33333,0.0,11.1667,50,51.0093,40.77,-12.8856,-34.2508,443.143,0
2018-10-16,13,8.66667,0.0,13.0,53,42.8278,38.6361,-14.799,-38.8702,360.0,0
2018-10-16,14,9.16667,0.0,14.8333,53,40.538,37.3857,-12.8856,-34.2508,356.16,0
2018-10-16,15,9.83333,0.0,16.6667,44,40.0715,38.3963,-15.0069,-36.3721,316.2,0
2018-10-16,16,9.16667,0.0,18.0,47,41.4181,38.4107,-0.76426,-32.1295,312.12,0
2018-10-16,17,8.5,0.0,18.3333,56,48.1396,40.9564,-4.76426,-32.1295,363.0,0
2018-10-16,18,7.66667,0.0,18.1667,65,53.0512,45.1207,-3.23644,-27.3544,433.1,0
2018-10-16,19,7.66667,0.0,17.5,76,57.0574,47.6119,-8.18621,-32.3042,410.4,0
2018-10-16,20,7.5,0.0,16.1667,92,59.7708,45.3056,-9.95804,-27.5816,417.6,0
2018-10-16,21,6.5,0.0,14.1667,95,61.8789,44.6067,-11.4637,-24.2165,437.25,0
2018-10-16,22,6.16667,0.0,12.3333,89,63.1496,43.7737,-15.1592,-25.7472,436.05,0
2018-10-16,23,6.16667,0.0,11.0,93,63.6967,46.4043,-13.1978,-21.621,526.68,0
2018-10-17,0,5.83333,0.0,9.5,93,64.6023,45.2385,-15.4939,-27.1643,495.72,0
2018-10-17,1,5.16667,0.0,8.5,95,62.8541,46.6368,-27.4073,-31.7837,520.0,0
2018-10-17,2,5.0,0.0,7.83333,100,61.2274,47.9037,-33.4073,-36.7837,540.6,0
2018-10-17,3,5.33333,0.0,7.33333,95,59.7112,50.3196,-27.864,-40.4876,555.429,0
2018-10-17,4,5.5,0.0,6.83333,100,61.8133,52.9575,-22.9143,-41.5379,600.4,0
2018-10-17,5,5.33333,0.0,6.0,100,61.6252,55.1366,-22.9143,-46.5379,575.467,0
2018-10-17,6,5.33333,0.0,5.66667,100,61.3292,55.7679,-16.5503,-45.1739,620.229,0
2018-10-17,7,5.33333,0.0,5.66667,100,65.8174,56.5671,-11.6005,-45.2241,620.1,0
2018-10-17,8,5.33333,0.0,6.0,87,71.773,57.6246,-7.905,-48.6934,592.8,0
2018-10-17,9,5.33333,0.0,6.0,100,72.1707,57.6832,-6.50556,-52.706,582.4,0
2018-10-17,10,6.0,0.0,7.16667,74,57.175,54.5944,-6.50556,-52.706,563.04,0
2018-10-17,11,6.33333,0.0,9.16667,50,58.5604,54.6311,4.40784,-43.0866,540.6,0
2018-10-17,12,7.16667,0.0,11.3333,42,54.0838,51.0093,1.72908,-43.5537,520.0,0
2018-10-17,13,7.33333,0.0,13.5,39,50.6926,42.8278,-5.34202,-39.6248,461.76,0
2018-10-17,14,7.83333,0.0,15.5,39,44.9185,40.538,-9.58468,-38.8675,440.64,0
2018-10-17,15,8.66667,0.0,18.0,42,43.5377,40.0715,-15.9487,-35.2315,413.4,0
2018-10-17,16,8.33333,0.0,19.1667,47,44.3156,41.4181,-21.5192,-28.3544,395.2,0
2018-10-17,17,8.16667,0.0,19.5,52,48.92,48.1396,-27.9863,-31.0331,360.0,0
2018-10-17,18,8.16667,0.0,19.1667,62,54.2186,53.0512,-41.229,-35.2758,375.943,0
2018-10-17,19,8.33333,0.0,18.1667,72,58.9322,57.0574,-42.377,-38.0475,373.32,0
2018-10-17,20,8.0,0.0,16.6667,92,62.005,59.7708,-35.306,-37.9763,360.0,0
2018-10-17,21,7.33333,0.0,14.8333,91,65.2946,61.8789,-33.7421,-40.2008,388.267,0
2018-10-17,22,7.33333,0.0,13.1667,89,67.1967,63.1496,-32.3278,-38.7866,439.855,0
2018-10-17,23,7.0,0.0,11.6667,95,69.1514,63.6967,-24.8439,-41.0443,460.8,0
2018-10-18,0,6.5,0.0,10.3333,95,70.2846,64.6023,-26.3746,-44.7398,454.629,0
2018-10-18,1,6.0,0.0,9.33333,99,69.9993,62.8541,-17.2287,-48.5282,438.6,0
2018-10-18,2,5.5,0.0,8.66667,99,69.7648,61.2274,-12.986,-48.2856,526.68,0
2018-10-18,3,5.5,0.0,8.16667,99,69.6267,59.7112,-12.986,-52.2856,527.88,0
2018-10-18,4,4.66667,0.0,7.66667,93,68.6281,61.8133,-11.838,-49.5139,536.057,0
2018-10-18,5,4.83333,0.0,7.33333,100,67.8914,61.6252,-12.6034,-51.3617,559.543,0
2018-10-18,6,4.5,0.0,7.0,95,67.9936,61.3292,-12.6034,-49.3617,599.657,0
2018-10-18,8,4.66667,0.0,6.83333,100,73.39,71.773,-13.7514,-52.1333,600.0,0
2018-10-18,9,4.33333,0.0,7.16667,100,73.7714,72.1707,-8.80164,-51.1836,663.257,0
2018-10-18,10,5.16667,0.0,8.0,66,70.3393,57.175,-6.12288,-49.7164,655.2,0
2018-10-18,11,5.16667,0.0,9.5,52,52.59,58.5604,-11.0593,-43.3421,641.829,0
2018-10-18,12,5.16667,0.0,11.5,44,57.3636,54.0838,-17.2736,-40.4105,627.3,0
2018-10-18,13,5.16667,0.0,13.5,41,54.1541,50.6926,-21.893,-38.3239,600.0,0
2018-10-18,14,5.33333,0.0,15.6667,43,51.2236,44.9185,-26.5124,-36.2373,641.829,0
2018-10-18,15,5.33333,0.0,17.5,45,50.4271,43.5377,-18.0683,-27.9224,635.04,0
2018-10-18,16,5.0,0.0,18.6667,47,51.4579,44.3156,-13.0683,-22.9224,635.04,0
2018-10-18,17,5.33333,0.0,19.3333,51,71.45,48.92,-14.6905,-14.7674,635.04,0
2018-10-18,18,5.66667,0.0,19.3333,55,59.3689,54.2186,-19.2442,-7.46928,566.1,0
2018-10-18,19,5.5,0.0,19.0,59,66.3226,58.9322,-24.194,6.48049,595.2,0
2018-10-18,20,5.33333,0.0,17.8333,73,71.5963,62.005,-24.194,10.4805,579.429,0
2018-10-18,21,5.66667,0.0,16.5,76,75.0318,65.2946,-14.8984,10.6302,610.56,0
2018-10-18,22,5.16667,0.0,14.8333,90,75.8919,67.1967,-4.89568,16.8445,563.04,0
2018-10-18,23,5.33333,0.0,13.0,87,76.4271,69.1514,1.57148,19.5232,635.04,0
2018-10-19,0,5.5,0.0,11.6667,88,77.3104,70.2846,11.8478,28.8277,563.04,0
2018-10-19,1,6.5,0.0,10.3333,89,71.1707,69.9993,9.2388,31.8891,546.96,0
2018-10-19,2,7.33333,0.0,9.5,91,65.2844,69.7648,19.8454,35.4247,480.0,0
2018-10-19,3,7.33333,0.0,9.0,100,68.9393,69.6267,37.6264,34.1601,468.0,0
2018-10-19,4,8.0,0.0,9.16667,97,59.98,68.6281,41.2651,30.0105,460.8,0
2018-10-19,5,8.16667,0.0,9.33333,90,40.32,67.8914,46.8084,32.3065,420.0,0
2018-10-19,6,8.5,0.0,9.33333,93,16.25,67.9936,46.8084,32.3065,374.85,0
2018-10-19,8,7.5,0.0,9.83333,90,51.4475,73.39,49.4664,28.3596,386.88,0
2018-10-19,9,7.66667,0.0,10.1667,84,33.4571,73.7714,46.638,25.5312,432.667,0
2018-10-19,10,8.16667,0.0,10.3333,78,14.1761,70.3393,47.665,22.2286,425.829,0
2018-10-19,11,8.83333,0.0,10.8333,62,8.96821,52.59,47.5618,27.8648,377.4,0
2018-10-19,12,9.66667,0.0,11.5,53,7.27214,57.3636,46.7036,22.1246,389.88,0
2018-10-19,13,10.3333,0.0,12.1667,51,8.01607,54.1541,44.8559,21.3592,319.0,0
2018-10-19,14,11.0,0.0,13.0,48,7.60036,51.2236,51.6132,17.1166,265.2,0
2018-10-19,15,10.8333,0.0,13.6667,45,5.97714,50.4271,53.461,17.8819,251.6,0
2018-10-19,16,11.0,0.0,14.1667,48,8.31429,51.4579,53.5642,6.88824,310.431,0
2018-10-19,17,10.3333,0.0,14.0,63,9.97607,71.45,47.6353,13.9593,357.12,0
2018-10-19,18,9.33333,0.0,13.5,73,18.2764,59.3689,53.9992,20.3233,330.72,0
2018-10-19,19,9.0,0.0,12.5,88,25.2193,66.3226,48.456,18.0273,360.0,0
2018-10-19,20,8.83333,0.0,11.1667,96,36.9304,71.5963,43.82,24.3912,376.32,0
2018-10-19,21,9.16667,0.0,9.66667,100,48.7243,75.0318,40.9451,26.9284,361.029,0
2018-10-19,22,8.5,0.0,8.33333,94,53.6048,75.8919,40.842,35.9712,363.0,0
2018-10-19,23,7.16667,0.0,7.16667,94,54.66,76.4271,38.0135,33.1427,409.867,0
2018-10-20,0,6.16667,0.0,6.0,100,53.5289,77.3104,38.7206,33.8498,463.6,1
2018-10-20,1,5.33333,0.0,5.16667,92,50.1911,71.1707,37.5726,36.6215,482.4,1
2018-10-20,2,4.16667,0.0,4.33333,100,47.3474,65.2844,36.0419,40.317,480.0,1
2018-10-20,3,3.66667,0.0,3.66667,100,42.4025,68.9393,28.9125,35.8008,600.4,1
2018-10-20,4,3.33333,0.0,3.0,92,40.1668,59.98,34.9125,35.8008,557.6,1
2018-10-20,5,4.0,0.0,2.16667,100,38.7554,40.32,22.9021,33.8874,649.6,1
2018-10-20,6,4.83333,0.0,1.66667,99,36.2961,16.25,18.2827,35.8008,618.8,1
2018-10-20,7,5.0,0.0,1.5,99,38.5489,12.47,4.52767,32.4982,637.867,1
2018-10-20,8,5.33333,0.0,1.33333,100,41.7496,51.4475,3.16368,26.1342,716.8,1
2018-10-20,9,5.16667,0.0,1.5,100,39.3925,33.4571,-0.53184,24.6035,700.267,1
2018-10-20,10,5.5,0.23,2.33333,82,32.6361,14.1761,-1.89583,18.2395,731.4,1
2018-10-20,11,5.66667,0.23,3.5,74,33.9004,8.96821,-6.8456,19.2898,632.4,1
2018-10-20,12,5.16667,0.46,4.83333,71,25.9146,7.27214,0.0758203,17.0653,581.4,1
2018-10-20,13,5.33333,0.69,6.16667,72,18.1139,8.01607,-2.69437,11.6819,582.4,1
2018-10-20,14,5.83333,0.69,7.83333,61,20.7446,7.60036,-2.69437,11.6819,540.0,1
2018-10-20,15,6.33333,0.69,9.33333,56,26.7004,5.97714,0.67078,13.1876,588.0,1
2018-10-20,16,6.33333,0.46,10.0,66,27.0657,8.31429,5.00038,17.5172,546.96,1
2018-10-20,17,6.5,0.46,10.3333,81,30.9232,9.97607,-4.24228,21.7599,504.9,1
2018-10-20,18,7.16667,0.46,10.1667,96,29.5264,18.2764,-10.4965,28.2403,517.0,1
2018-10-20,19,6.83333,0.23,9.66667,99,37.3868,25.2193,-4.13254,30.5553,457.6,1
2018-10-20,20,7.16667,0.46,8.66667,94,35.9632,36.9304,-11.2036,29.1411,483.36,1
2018-10-20,21,7.33333,0.46,7.66667,90,35.3632,48.7243,-1.3041,40.9915,420.0,1
2018-10-20,22,7.83333,0.46,6.66667,94,42.7507,53.6048,4.00966,44.3567,453.6,1
2018-10-20,23,8.16667,0.46,6.0,96,47.605,54.66,13.4351,45.2805,413.4,1
2018-10-21,0,7.66667,0.23,5.33333,95,46.6156,53.5289,17.6777,50.0379,375.943,1
2018-10-21,1,7.5,0.71,4.66667,96,48.1532,50.1911,22.6275,51.0881,417.6,1
2018-10-21,2,6.66667,0.48,4.33333,98,47.3641,47.3474,22.6275,54.0881,435.2,1
2018-10-21,3,5.83333,0.48,3.66667,93,46.8007,42.4025,16.2635,49.7732,443.7,1
2018-10-21,4,5.16667,0.96,3.33333,95,42.9429,40.1668,16.2635,49.7732,515.2,1
2018-10-21,5,4.5,0.96,3.0,91,40.8311,38.7554,14.3501,54.3926,496.4,1
2018-10-21,6,4.33333,0.96,2.5,100,40.2785,36.2961,7.98614,51.0777,564.667,1
2018-10-21,7,4.5,0.48,2.33333,100,39.5489,38.5489,7.98614,56.0777,540.0,1
2018-10-21,8,4.5,0.48,2.33333,99,41.6689,41.7496,-2.07337,49.2935,630.667,1
2018-10-21,9,4.16667,0.48,2.16667,100,42.3859,39.3925,-3.60409,52.989,618.8,1
2018-10-21,10,4.5,0.0,3.0,87,41.4375,32.6361,-10.7334,46.5218,757.867,1
2018-10-21,11,4.16667,0.0,3.66667,82,35.1097,33.9004,-10.7334,53.5218,680.0,1
2018-10-21,12,4.16667,0.0,5.0,78,26.9489,25.9146,-10.7334,47.5218,756.0,1
2018-10-21,13,4.83333,0.0,6.33333,72,12.8443,18.1139,-15.3528,43.4352,728.0,1
2018-10-21,14,5.16667,0.0,8.0,57,9.14037,20.7446,-15.3528,44.4352,655.2,1
2018-10-21,15,5.66667,0.0,10.1667,50,10.7205,26.7004,-8.28174,47.1501,624.24,1
2018-10-21,16,5.66667,0.0,11.0,54,19.0309,27.0657,-2.83279,47.1501,624.24,1
2018-10-21,17,5.83333,0.0,11.5,75,28.4243,30.9232,-2.83279,44.1501,620.1,1
2018-10-21,18,5.66667,0.0,11.5,93,43.1896,29.5264,0.86273,46.6194,620.1,1
2018-10-21,19,5.16667,0.0,11.0,97,54.7426,37.3868,-0.43499,45.7523,581.4,1
2018-10-21,20,4.66667,0.0,9.66667,88,58.5854,35.9632,-4.28903,45.8179,599.657,1
2018-10-21,21,4.66667,0.0,8.0,94,56.2568,35.3632,-7.06067,46.966,600.0,1
2018-10-21,22,4.83333,0.0,6.5,100,51.237,42.7507,-7.06067,41.966,610.56,1
2018-10-21,23,5.5,0.0,5.5,97,46.2357,47.605,-8.09815,45.7094,596.25,1
2018-10-22,0,6.16667,0.0,4.83333,94,44.2786,46.6156,-13.755,43.3663,561.0,0
2018-10-22,1,6.66667,0.0,4.33333,94,46.8271,48.1532,-27.1901,38.8605,575.143,0
2018-10-22,2,7.0,0.0,4.16667,94,48.2348,47.3641,-34.5812,34.922,504.9,0
2018-10-22,3,7.33333,0.0,4.16667,94,47.4768,46.8007,-39.2006,32.8354,480.0,0
2018-10-22,4,7.83333,0.0,4.33333,97,45.1314,42.9429,-34.4315,34.5607,448.8,0
2018-10-22,5,7.83333,0.0,4.33333,100,44.1232,40.8311,-41.8225,32.6221,405.45,0
2018-10-22,6,8.0,0.0,4.33333,100,46.4293,40.2785,-43.5567,30.0267,405.45,0
2018-10-22,7,8.16667,0.0,4.5,100,49.1589,39.5489,-46.2147,27.8139,390.0,0
2018-10-22,8,9.16667,0.0,4.66667,100,51.2611,41.6689,-48.8728,25.6012,374.85,0
2018-10-22,9,10.3333,0.0,5.0,97,52.1719,42.3859,-47.025,24.8358,329.829,0
2018-10-22,10,10.6667,0.0,5.33333,81,50.037,41.4375,-47.1179,19.5167,333.45,0
2018-10-22,11,11.6667,0.0,6.0,74,46.4093,35.1097,-48.9193,25.6477,275.6,0
2018-10-22,12,13.0,0.0,6.83333,66,42.1489,26.9489,-45.2237,24.1169,270.327,0
2018-10-22,13,13.6667,1.37,8.0,64,41.9507,12.8443,-50.767,26.413,230.4,0
2018-10-22,14,14.3333,1.37,9.0,66,42.103,9.14037,-49.8431,26.0303,232.615,0
2018-10-22,15,14.5,1.37,9.83333,70,45.557,10.7205,-54.5089,22.5781,221.571,0
2018-10-22,16,14.8333,1.37,10.3333,78,52.3126,19.0309,-55.4328,22.9608,233.365,0
2018-10-22,17,15.0,2.74,10.5,96,52.2111,28.4243,-53.585,22.1954,223.385,0
2018-10-22,18,14.0,2.74,10.1667,100,48.2922,43.1896,-47.3148,31.0788,220.0,0
2018-10-22,19,12.8333,1.37,9.5,94,40.7019,54.7426,-37.6661,35.5013,254.88,0
2018-10-22,20,11.3333,1.37,9.0,85,34.4041,58.5854,-39.9622,41.0446,267.12,0
2018-10-22,21,10.5,1.37,8.33333,80,26.5333,56.2568,-26.104,41.3044,357.12,0
2018-10-22,22,9.33333,1.37,7.83333,79,21.057,51.237,-26.104,51.3044,320.32,0
2018-10-22,23,8.33333,0.0,7.33333,75,17.8326,46.2357,-12.2458,53.5642,396.48,0
2018-10-23,0,8.0,0.0,7.0,78,14.1511,44.2786,-12.2458,62.5642,360.0,0
2018-10-23,1,8.5,0.0,6.66667,73,14.3981,46.8271,-6.50556,57.706,385.745,0
2018-10-23,2,8.83333,0.0,6.16667,79,14.5881,48.2348,-3.44412,50.3149,385.0,0
2018-10-23,3,9.16667,0.0,5.83333,81,12.4219,47.4768,-3.44412,52.3149,389.88,0
2018-10-23,4,10.3333,0.0,5.5,75,10.2789,45.1314,-8.03628,53.4015,341.85,0
2018-10-23,5,11.1667,0.0,5.33333,73,11.0832,44.1232,-13.7765,50.2597,313.6,0
2018-10-23,6,12.1667,0.0,5.16667,77,10.8371,46.4293,-19.134,54.194,251.6,0
2018-10-23,7,13.0,1.4,5.0,74,11.8807,49.1589,-26.2965,48.4857,235.2,0
2018-10-23,8,14.3333,2.8,5.0,77,15.7141,51.2611,-31.6039,47.2987,237.12,0
2018-10-23,9,15.6667,2.8,5.0,77,20.7997,52.1719,-37.1775,44.7543,221.571,0
2018-10-23,10,17.1667,4.88,5.0,76,14.1104,50.037,-50.2976,39.4735,180.0,0
2018-10-23,11,19.3333,6.96,5.0,81,12.3307,46.4093,-51.9645,28.1517,159.6,0
2018-10-23,12,22.5,6.96,5.0,79,9.75321,42.1489,-47.1179,19.5167,171.55,0
2018-10-23,13,25.3333,5.56,5.16667,80,9.96704,41.9507,-48.9865,34.3741,126.133,0
2018-10-23,14,26.6667,4.16,5.33333,75,11.5331,42.103,-45.9622,45.9622,129.071,0
2018-10-23,15,29.0,5.91,5.66667,80,13.7348,45.557,-38.891,38.891,167.69,0
2018-10-23,16,33.5,7.36,6.16667,76,12.1241,52.3126,-41.0124,41.0124,132.0,0
2018-10-23,17,36.5,5.28,6.33333,91,6.81074,52.2111,-36.0626,36.0626,117.647,0
2018-10-23,18,35.5,5.28,6.5,89,7.13556,48.2922,-53.2832,77.6372,72.4706,0
2018-10-23,19,33.0,7.34,6.66667,80,8.26259,40.7019,-27.9356,67.4432,128.64,0
2018-10-23,20,32.5,9.4,6.66667,81,8.49259,34.4041,-34.0585,82.2253,143.36,0
2018-10-23,21,30.6667,7.65,6.66667,80,8.4663,26.5333,-16.8379,61.6507,186.3,0
2018-10-23,22,25.3333,4.12,6.5,82,10.0465,21.057,-6.12288,58.7821,159.6,0
2018-10-23,23,21.1667,6.18,6.5,77,6.82704,17.8326,13.4351,61.5537,165.714,0
2018-10-24,0,20.1667,6.18,6.5,81,2.60222,14.1511,27.5773,59.0313,181.409,0
2018-10-24,1,19.5,5.8,6.33333,83,2.59407,14.3981,43.1337,56.3567,168.505,0
2018-10-24,2,17.6667,3.74,6.33333,80,2.94074,14.5881,29.6986,50.803,221.76,0
2018-10-24,3,16.6667,3.74,6.16667,82,3.43778,12.4219,29.6986,60.803,221.76,0
2018-10-24,4,16.8333,3.74,6.0,83,1.40852,10.2789,15.5564,59.3254,256.2,0
2018-10-24,5,17.0,3.36,5.83333,79,0.796667,11.0832,14.1422,57.4776,206.7,0
2018-10-24,6,19.0,3.36,5.66667,78,0.925185,10.8371,14.1422,56.4776,179.082,0
2018-10-24,7,23.5,2.59,5.5,77,1.87852,11.8807,24.0417,52.4119,139.543,0
2018-10-24,8,27.8333,2.59,5.16667,79,2.58538,15.7141,51.619,67.4432,96.8824,0
2018-10-24,9,31.0,2.59,5.0,75,3.60593,20.7997,53.0332,69.291,104.369,0
2018-10-24,10,34.1667,2.59,5.0,69,3.62593,14.1104,50.9119,66.5194,106.667,0
2018-10-24,11,38.6667,1.75,5.16667,73,2.8337,12.3307,53.0332,69.291,95.5667,0
2018-10-24,12,40.3333,1.75,5.33333,66,2.6263,9.75321,61.5186,80.3776,65.6,0
2018-10-24,13,41.5,0.84,5.66667,66,2.6837,9.96704,65.0541,75.4591,75.6,0
2018-10-24,14,41.6667,1.75,6.16667,60,3.06481,11.5331,63.6399,73.6113,70.6909,0
2018-10-24,15,40.8333,1.75,6.5,63,3.89185,13.7348,58.6901,68.6616,96.9652,0
2018-10-24,16,40.0,2.66,6.66667,67,3.65,12.1241,48.0835,48.0835,125.319,0
2018-10-24,17,38.0,1.82,6.66667,75,3.68407,6.81074,45.9622,53.3323,120.077,0
2018-10-24,18,36.0,2.73,6.66667,71,4.55333,7.13556,49.4977,56.8679,108.424,0
2018-10-24,19,32.6667,2.73,6.5,61,4.47889,8.26259,48.0835,48.0835,122.4,0
2018-10-24,20,30.8333,2.3,6.33333,55,4.4,8.49259,41.0124,41.0124,155.4,0
2018-10-24,21,29.3333,2.3,6.0,57,5.28556,8.4663,36.7697,36.7697,170.769,0
2018-10-24,22,26.6667,1.87,5.66667,61,4.18269,10.0465,52.3261,52.3261,129.6,0
2018-10-24,23,24.0,1.87,5.5,62,8.82296,6.82704,46.6693,50.5711,171.692,0
2018-10-25,0,21.6667,0.96,5.16667,61,6.08,2.60222,42.4266,46.3285,189.382,0
2018-10-25,1,19.1667,0.96,4.83333,59,6.21111,2.59407,43.5,37.6603,198.4,0
2018-10-25,2,16.3333,0.48,4.5,68,7.0937,2.94074,43.5,48.6603,187.0,0
2018-10-25,3,14.3333,0.48,4.33333,74,5.04185,3.43778,30.772,41.0304,267.84,0
2018-10-25,4,13.1667,0.0,4.0,72,4.98519,1.40852,30.772,51.0304,255.84,0
2018-10-25,5,11.3333,0.0,3.66667,71,6.33037,0.796667,16.6298,47.8882,318.6,0
2018-10-25,6,10.5,0.0,3.5,77,6.60741,0.925185,13.1857,56.2032,300.0,0
2018-10-25,7,10.6667,0.0,3.33333,73,8.5463,1.87852,-8.41896,50.3254,326.8,0
2018-10-25,8,11.0,0.99,3.33333,76,15.7633,2.58538,-16.9043,49.8107,297.0,0
2018-10-25,9,11.5,1.98,3.33333,86,25.7785,3.60593,-24.6825,47.5889,294.0,0
2018-10-25,10,12.0,1.98,3.66667,81,21.4574,3.62593,-36.6929,41.5637,251.6,0
2018-10-25,11,12.8333,1.98,4.16667,84,10.1756,2.8337,-38.6063,46.1831,240.0,0
2018-10-25,12,13.6667,3.1,4.83333,72,14.2037,2.6263,-11.1462,25.6874,270.327,0
2018-10-25,13,15.1667,4.22,5.83333,69,11.4641,2.6837,14.632,17.9092,214.338,0
2018-10-25,14,16.3333,3.23,6.83333,71,7.26593,3.06481,17.1507,14.8493,203.914,0
2018-10-25,15,16.6667,2.24,7.83333,70,5.53556,3.89185,-3.73755,31.4791,191.133,0
2018-10-25,16,18.6667,2.24,8.66667,69,6.51519,3.65,-21.7375,46.4791,225.886,0
2018-10-25,17,20.0,2.24,9.0,89,13.0204,3.68407,11.4966,55.6507,177.0,0
2018-10-25,18,20.0,1.12,9.16667,97,14.7996,4.55333,33.9413,59.3462,133.12,0
2018-10-25,19,18.5,0.0,9.0,92,11.6796,4.47889,33.9413,62.3462,171.692,0
2018-10-25,20,17.0,0.48,8.5,88,10.4893,4.4,24.0417,49.4119,244.364,0
2018-10-25,21,17.3333,0.48,8.0,86,9.90593,5.28556,30.4057,55.7759,256.2,0
2018-10-25,22,15.1667,0.48,7.5,83,6.98423,4.18269,26.8702,51.1565,272.8,0
2018-10-25,23,13.5,0.48,7.33333,79,10.2326,8.82296,26.8702,46.1565,286.7,0
