data,timeofday,windspeed6,opady6,temp6,rhumid,index_avg,prev_index_avg,wind_dir_ns,wind_dir_ew,dispel50,is_weekend
2017-11-01,1,8.5,0.23,4.66667,74,14.35,11.12,-6.50556,51.706,361.029,1
2017-11-01,3,8.0,0.23,5.0,75,10.1,7.6,-8.41896,57.3254,360.0,1
2017-11-01,4,7.66667,0.23,5.0,74,12.38,7.11,-8.41896,56.3254,386.88,1
2017-11-01,5,7.5,0.23,5.16667,72,10.34,7.86,-11.4804,53.7164,414.72,1
2017-11-01,6,6.83333,0.23,5.16667,74,7.54,10.98,-17.1373,49.3733,432.667,1
2017-11-01,7,7.0,0.48,5.16667,68,7.44,10.55,-18.668,53.0688,435.2,1
2017-11-01,8,6.83333,0.48,5.33333,71,8.37,10.19,-17.52,50.2972,469.05,1
2017-11-01,9,7.0,0.48,5.33333,84,6.39,11.44,-20.9257,45.5849,440.64,1
2017-11-01,10,7.66667,0.48,5.66667,75,8.84,14.5,-22.4564,49.2804,420.0,1
2017-11-01,11,7.66667,1.24,5.83333,76,10.77,16.48,-33.543,37.8726,421.2,1
2017-11-01,12,8.0,1.24,6.16667,79,10.23,19.97,-37.8726,33.543,421.2,1
2017-11-01,13,8.0,0.76,6.5,82,12.88,22.41,-36.4583,32.1287,405.6,1
2017-11-01,14,7.66667,0.76,6.83333,83,11.33,21.11,-39.1703,32.6759,395.2,1
2017-11-01,15,7.66667,0.76,7.16667,84,11.37,16.1,-41.4936,29.046,425.829,1
2017-11-01,16,7.66667,1.95,7.16667,84,12.9033,12.7467,-35.0264,35.3672,417.6,1
2017-11-01,17,7.83333,2.38,7.16667,86,15.42,17.72,-40.0676,35.5376,410.4,1
2017-11-01,18,8.16667,2.38,7.16667,88,25.13,22.61,-19.9811,30.9455,405.45,1
2017-11-01,19,8.16667,2.61,7.33333,89,15.23,15.36,-19.9811,30.9455,377.4,1
2017-11-01,21,8.66667,2.61,7.66667,86,6.2,18.11,-18.8868,25.5216,409.867,1
2017-11-01,22,7.66667,1.42,8.0,88,5.94,14.35,-22.7136,25.7604,420.0,1
2017-11-02,1,7.16667,0.23,8.33333,91,5.94,14.35,-30.4814,26.4926,420.0,0
2017-11-02,3,6.5,0.66,8.16667,90,11.39,10.1,-30.6336,25.7272,438.6,0
2017-11-02,4,6.66667,0.66,7.83333,92,14.28,12.38,-31.5575,26.1099,437.143,0
2017-11-02,5,6.83333,0.86,7.66667,94,16.3,10.34,-18.0903,23.4311,479.52,0
2017-11-02,6,7.16667,0.86,7.5,100,9.98,7.54,-5.26354,14.1923,438.6,0
2017-11-02,7,6.83333,0.86,7.16667,100,14.3,7.44,5.97912,9.94968,452.4,0
2017-11-02,8,7.33333,0.86,7.0,100,16.94,8.37,18.3702,6.88824,461.76,0
2017-11-02,9,7.66667,0.43,7.0,92,21.13,6.39,14.6746,8.41896,420.0,0
2017-11-02,10,7.83333,0.43,7.5,87,22.92,8.84,6.85393,12.4869,425.829,0
2017-11-02,11,8.33333,0.0,8.0,86,29.75,10.77,21.3211,9.80811,408.857,0
2017-11-02,12,8.5,0.94,8.5,85,26.67,10.23,26.3211,9.80811,360.0,0
2017-11-02,13,9.5,0.94,9.33333,84,18.97,12.88,18.3211,9.80811,375.84,0
2017-11-02,14,9.83333,1.4,10.0,83,19.47,11.33,24.3211,9.80811,325.867,0
2017-11-02,15,10.1667,1.4,10.5,81,24.7,11.37,43.636,6.36399,300.0,0
2017-11-02,16,9.66667,1.4,10.5,81,27.9133,12.9033,53.0,0.0,336.3,0
2017-11-02,17,8.5,1.4,10.5,84,22.17,15.42,48.3806,1.9134,345.6,0
2017-11-02,18,8.0,1.17,10.3333,83,25.69,25.13,39.9161,5.44895,401.85,0
2017-11-02,19,7.16667,2.69,10.0,82,35.18,15.23,43.4517,10.0683,390.0,0
2017-11-02,21,6.83333,2.23,9.33333,80,27.47,6.2,27.3903,17.4594,497.455,0
2017-11-02,22,7.83333,2.23,9.16667,80,26.91,5.94,16.3903,29.4594,482.727,0
2017-11-03,1,11.0,0.51,9.0,80,26.91,5.94,5.42388,53.4776,278.25,0
2017-11-03,3,11.0,0.51,8.66667,79,20.54,11.39,16.2635,55.2492,282.764,0
2017-11-03,4,11.1667,0.51,8.5,79,22.94,14.28,16.2635,53.2492,313.5,0
2017-11-03,5,11.1667,0.51,8.33333,81,19.32,16.3,24.7488,52.3358,313.5,0
2017-11-03,6,11.1667,0.51,8.16667,78,17.59,9.98,16.2635,53.2492,305.455,0
2017-11-03,7,11.3333,0.51,8.0,78,19.26,14.3,16.2635,54.2492,294.0,0
2017-11-03,8,11.5,0.51,8.0,79,18.16,16.94,8.48532,56.0866,263.467,0
2017-11-03,9,12.0,0.51,8.0,77,24.54,21.13,16.9706,58.1731,260.0,0
2017-11-03,10,11.8333,0.51,8.16667,85,16.45,22.92,16.9706,58.1731,260.0,0
2017-11-03,11,11.8333,0.51,8.33333,81,20.73,29.75,24.7488,56.3358,270.3,0
2017-11-03,12,12.1667,0.51,8.66667,77,13.5,26.67,33.2342,55.4224,270.3,0
2017-11-03,13,12.3333,0.0,9.0,76,7.77,18.97,43.1337,56.3567,249.9,0
2017-11-03,15,11.5,0.0,9.5,78,15.9,24.7,36.0626,47.1179,286.7,0
2017-11-03,16,10.3333,0.0,9.5,80,23.1367,27.9133,41.0124,53.585,280.8,0
2017-11-03,17,9.5,0.0,9.5,81,21.39,22.17,43.8408,57.2806,300.0,0
2017-11-03,18,8.33333,0.0,9.16667,84,16.81,25.69,35.3555,53.194,376.2,0
2017-11-03,19,7.0,0.0,8.83333,86,22.41,35.18,35.3555,60.194,360.0,0
2017-11-03,21,5.83333,0.0,8.16667,87,55.25,27.47,23.5426,56.8791,459.877,0
2017-11-03,22,5.5,0.0,7.83333,89,53.28,26.91,11.6714,51.3358,533.6,0
2017-11-04,1,5.0,0.0,6.66667,93,53.28,26.91,2.96783,39.3851,599.657,1
2017-11-04,3,5.5,0.0,6.0,89,52.86,20.54,-15.8969,24.6302,579.429,1
2017-11-04,4,6.66667,0.0,5.66667,90,43.47,22.94,-22.2609,11.2662,540.0,1
2017-11-04,5,7.33333,0.0,5.5,91,40.6,19.32,-28.6249,-7.09776,501.84,1
2017-11-04,6,7.5,0.0,5.16667,92,49.15,17.59,-32.3684,-17.374,480.0,1
2017-11-04,7,7.66667,0.0,5.0,86,50.88,19.26,-30.1785,-32.1694,451.0,1
2017-11-04,8,8.5,0.0,5.0,88,47.03,18.16,-37.0999,-34.3939,432.0,1
2017-11-04,9,9.16667,0.0,5.0,91,46.34,24.54,-33.7916,-37.58,409.867,1
2017-11-04,10,10.1667,0.0,5.66667,77,34.78,16.45,-14.4276,-31.216,352.8,1
2017-11-04,11,11.8333,0.0,6.5,72,29.34,20.73,-13.0134,-29.8018,296.229,1
2017-11-04,12,14.1667,0.0,7.66667,68,24.11,13.5,-22.0147,-25.2731,217.964,1
2017-11-04,13,16.5,0.0,8.66667,67,20.32,7.77,-46.638,-25.5312,200.08,1
2017-11-04,15,19.3333,0.0,11.0,63,20.08,15.9,22.5985,-8.03628,165.714,1
2017-11-04,16,19.5,0.0,11.3333,71,25.1833,23.1367,62.0,0.0,171.943,1
2017-11-04,17,19.0,0.0,11.3333,72,21.57,21.39,57.0,0.0,204.8,1
2017-11-04,18,18.1667,0.0,11.0,80,31.62,16.81,51.0,0.0,244.26,1
2017-11-04,19,17.5,0.0,10.6667,79,33.13,22.41,67.0,0.0,200.34,1
2017-11-04,21,17.0,0.0,9.66667,73,25.08,55.25,52.0,0.0,220.8,1
2017-11-04,22,17.1667,0.0,9.33333,73,20.92,53.28,55.0,0.0,201.318,1
2017-11-05,1,16.8333,0.0,9.0,78,20.92,53.28,38.9896,-4.97484,215.368,1
2017-11-05,3,16.3333,0.0,8.5,80,20.29,52.86,36.9896,-4.97484,188.308,1
2017-11-05,4,16.5,0.0,8.5,75,24.15,43.47,53.0,0.0,221.0,1
2017-11-05,5,17.1667,0.0,8.33333,75,20.44,40.6,53.0,0.0,212.625,1
2017-11-05,6,17.0,0.0,8.16667,82,21.36,49.15,54.0,0.0,217.579,1
2017-11-05,7,16.5,0.0,8.16667,86,21.34,50.88,68.0,0.0,186.821,1
2017-11-05,8,16.5,0.0,8.33333,83,21.68,47.03,64.0,0.0,208.8,1
2017-11-05,9,15.8333,0.0,8.5,76,22.38,46.34,62.0,0.0,217.412,1
2017-11-05,10,16.5,0.0,8.83333,71,24.61,34.78,60.0,0.0,212.914,1
2017-11-05,11,17.6667,0.0,9.5,63,26.66,29.34,53.0,0.0,212.625,1
2017-11-05,12,19.1667,0.0,10.3333,59,27.72,24.11,61.0,0.0,146.88,1
2017-11-05,13,19.3333,0.0,11.3333,58,24.65,20.32,69.0,0.0,135.873,1
2017-11-05,14,19.8333,0.0,12.0,62,21.43,17.05,32.2179,-6.12288,179.95,1
2017-11-05,15,20.0,0.0,12.5,63,19.21,20.08,-9.3358,-13.3938,206.87,1
2017-11-05,16,19.0,0.0,12.6667,73,23.38,25.1833,-47.1179,-19.5167,229.125,1
2017-11-05,17,17.8333,0.0,12.5,87,25.27,21.57,-47.1179,-19.5167,240.505,1
2017-11-05,18,16.8333,0.0,11.8333,83,26.33,31.62,-30.1179,-19.5167,186.821,1
2017-11-05,19,16.3333,0.0,11.0,81,27.7,33.13,4.43584,-12.2458,180.0,1
2017-11-05,21,14.1667,0.0,10.0,77,33.44,25.08,58.0,0.0,249.882,1
2017-11-05,22,13.8333,0.0,9.5,76,39.64,20.92,52.0,0.0,302.824,1
2017-11-06,1,11.0,0.0,8.83333,77,39.64,20.92,19.3702,-6.88824,317.127,0
2017-11-06,3,9.33333,0.0,8.5,82,25.88,20.29,14.8269,-9.18432,300.0,0
2017-11-06,4,8.5,0.0,8.5,83,28.89,24.15,9.82688,-9.18432,387.771,0
2017-11-06,5,8.5,0.0,8.5,80,32.77,20.44,4.82688,-9.18432,409.867,0
2017-11-06,6,8.16667,0.0,8.33333,86,35.64,21.36,22.1418,-5.7402,409.867,0
2017-11-06,7,7.66667,0.0,8.33333,86,36.43,21.34,15.6746,-3.06144,374.0,0
2017-11-06,8,7.0,0.0,8.33333,91,35.28,21.68,32.9896,0.38268,410.4,0
2017-11-06,9,6.66667,0.0,8.16667,91,18.96,22.38,31.1418,-0.38268,447.2,0
2017-11-06,10,6.5,0.0,8.33333,78,11.05,24.61,23.1418,-0.38268,496.8,0
2017-11-06,11,6.83333,0.0,8.66667,77,8.61,26.66,34.342,9.30444,457.6,0
2017-11-06,12,8.0,0.0,9.0,74,10.02,27.72,28.342,20.3044,420.0,0
2017-11-06,13,7.83333,0.0,9.5,74,12.99,24.65,20.2415,33.2388,392.229,0
2017-11-06,14,8.66667,0.48,10.0,72,11.54,21.43,32.3655,37.951,402.8,0
2017-11-06,15,9.16667,0.48,10.5,76,11.83,19.21,30.1631,45.1836,343.2,0
2017-11-06,16,9.0,0.48,10.3333,83,15.7567,23.38,31.1128,51.6507,341.85,0
2017-11-06,17,8.33333,0.48,10.1667,90,13.89,25.27,30.4057,50.7268,385.527,0
2017-11-06,18,6.83333,0.48,10.0,89,19.15,26.33,35.3555,55.6766,360.0,0
2017-11-06,19,6.33333,0.48,9.66667,89,18.59,27.7,39.9749,46.59,470.314,0
2017-11-06,21,5.5,0.0,9.0,85,26.18,33.44,37.1465,40.7268,538.65,0
2017-11-06,22,5.0,0.0,8.83333,83,23.09,39.64,40.842,42.2575,532.65,0
2017-11-07,1,5.0,0.0,8.33333,84,23.09,39.64,45.0174,34.5222,559.543,0
2017-11-07,3,6.33333,0.0,8.0,80,26.59,25.88,46.7373,23.5013,599.657,0
2017-11-07,4,6.83333,0.0,8.0,88,24.15,28.89,47.1681,16.6381,546.96,0
2017-11-07,5,6.83333,0.0,8.0,89,25.01,32.77,50.0997,10.4238,501.84,0
2017-11-07,6,6.5,0.0,8.0,91,26.76,35.64,48.4119,3.06144,492.9,0
2017-11-07,7,6.66667,0.0,7.83333,96,25.4,36.43,47.5448,-1.29772,517.0,0
2017-11-07,8,6.66667,0.0,7.83333,92,28.12,35.28,46.2442,-7.83646,517.0,0
2017-11-07,9,6.5,0.0,7.83333,87,24.33,18.96,47.7009,-10.1325,483.36,0
2017-11-07,10,6.16667,0.0,8.0,88,21.71,11.05,51.3965,-15.4901,437.143,0
2017-11-07,11,7.16667,0.0,8.16667,82,23.33,8.61,46.3099,-20.1095,510.72,0
2017-11-07,12,8.16667,0.0,8.5,75,25.17,10.02,47.3964,-24.7016,437.143,0
2017-11-07,13,8.83333,0.0,9.16667,75,30.34,12.99,42.4571,-26.7979,382.5,0
2017-11-07,14,9.0,0.0,9.66667,77,31.62,11.54,42.4571,-26.7979,361.029,0
2017-11-07,15,9.16667,0.0,10.1667,76,29.07,11.83,38.5185,-34.1889,366.667,0
2017-11-07,16,10.5,0.0,10.1667,80,40.6367,15.7567,34.0304,-39.9836,300.0,0
2017-11-07,17,10.1667,0.0,10.0,83,43.38,13.89,26.0053,-42.7825,346.92,0
2017-11-07,18,10.1667,0.23,9.5,85,50.39,19.15,22.761,-44.9502,346.92,0
2017-11-07,19,10.1667,0.23,8.83333,78,50.67,18.59,22.761,-44.9502,333.45,0
2017-11-07,21,11.3333,0.23,7.0,91,34.78,26.18,22.9438,-49.3914,299.815,0
2017-11-07,22,10.6667,0.23,6.5,85,36.175,23.09,13.7595,-47.5437,297.0,0
2017-11-08,1,9.0,0.0,5.16667,86,37.17,23.09,-14.7829,-46.6894,372.6,0
2017-11-08,3,6.5,0.0,4.16667,100,41.59,26.59,-15.1656,-53.1565,432.0,0
2017-11-08,4,5.83333,0.0,3.5,100,39.86,24.15,-12.8695,-58.6998,420.0,0
2017-11-08,5,5.0,0.0,3.16667,94,40.35,25.01,-9.334,-48.2353,507.055,0
2017-11-08,6,5.0,0.0,2.66667,90,36.34,26.76,-7.03792,-53.7786,480.0,0
2017-11-08,7,5.33333,0.0,2.5,94,38.58,25.4,-0.53236,-49.1592,530.0,0
2017-11-08,8,5.5,0.0,2.5,93,50.44,28.12,2.29608,-46.3308,624.327,0
2017-11-08,9,5.33333,0.0,2.83333,95,51.55,24.33,5.83163,-49.8663,606.764,0
2017-11-08,10,5.33333,0.0,3.5,83,47.97,21.71,8.12771,-44.323,649.0,0
2017-11-08,11,5.66667,0.0,4.0,80,42.09,23.33,4.59216,-47.8586,600.0,0
2017-11-08,12,6.33333,0.0,4.83333,78,39.46,25.17,4.97484,-43.3914,583.0,0
2017-11-08,13,7.0,0.0,5.5,77,37.73,30.34,2.67876,-47.8482,480.0,0
2017-11-08,14,7.66667,0.0,6.33333,75,35.94,31.62,-6.59699,-47.0842,477.0,0
2017-11-08,15,8.33333,0.0,6.83333,82,36.76,29.07,-8.80164,-46.3203,440.64,0
2017-11-08,16,9.0,0.0,6.83333,89,41.1333,40.6367,-12.3372,-51.7848,360.0,0
2017-11-08,17,8.33333,0.0,6.83333,92,42.0,43.38,-6.88824,-52.6298,356.4,0
2017-11-08,18,7.83333,0.0,6.5,93,40.8,50.39,-6.88824,-56.6298,360.0,0
2017-11-08,19,7.5,0.0,6.0,98,43.96,50.67,-4.20948,-55.097,400.68,0
2017-11-08,21,6.83333,0.0,4.66667,99,43.08,34.78,6.86317,-48.199,463.6,0
2017-11-08,22,6.5,0.0,4.16667,97,50.32,36.175,6.86317,-55.199,420.0,0
2017-11-09,1,4.5,0.0,3.33333,92,50.32,37.17,9.92461,-49.5035,582.4,0
2017-11-09,3,3.66667,0.0,3.5,89,49.0,41.59,11.838,-54.1229,618.8,0
2017-11-09,4,3.33333,0.0,3.66667,90,49.67,39.86,13.7514,-49.7423,600.0,0
2017-11-09,5,3.5,0.0,3.66667,95,50.14,40.35,15.6648,-50.3617,641.829,0
2017-11-09,6,3.83333,0.0,4.0,86,54.68,36.34,11.4553,-47.59,707.143,0
2017-11-09,7,4.33333,0.0,4.33333,89,60.82,38.58,9.92461,-51.2856,681.943,0
2017-11-09,8,4.33333,0.0,4.5,87,61.84,50.44,4.97484,-50.3358,749.829,0
2017-11-09,9,4.16667,0.0,4.83333,85,63.39,51.55,4.97484,-54.3358,720.0,0
2017-11-09,10,4.0,0.0,5.33333,80,66.14,47.97,2.29608,-51.8686,790.457,0
2017-11-09,11,4.0,0.0,6.0,75,71.19,42.09,0.76536,-48.5642,864.0,0
2017-11-09,12,4.0,0.0,6.5,76,71.96,39.46,-0.76536,-52.2597,829.029,0
2017-11-09,13,4.5,0.0,7.16667,76,70.91,37.73,-3.5938,-48.0881,816.0,0
2017-11-09,14,4.83333,0.0,8.0,77,70.44,35.94,-10.061,-45.2236,688.5,0
2017-11-09,15,4.5,0.0,8.5,80,56.15,36.76,-5.59168,-41.5281,660.0,0
2017-11-09,16,4.16667,0.0,8.66667,86,50.13,41.1333,-5.50508,-36.9087,737.76,0
2017-11-09,17,4.5,0.0,8.66667,82,45.94,42.0,-6.9193,-35.4945,746.64,0
2017-11-09,18,4.66667,0.0,8.66667,92,55.21,40.8,-7.30198,-21.1795,747.3,0
2017-11-09,19,4.33333,0.0,8.33333,89,60.25,43.96,-9.30681,-13.9485,717.6,0
2017-11-09,22,5.16667,0.0,7.33333,85,57.76,50.32,-15.1384,14.5214,683.7,0
2017-11-10,1,5.0,0.0,6.83333,80,57.76,50.32,-11.3832,35.7952,715.0,0
2017-11-10,3,5.16667,0.0,6.66667,81,47.55,49.0,-13.8824,39.0004,626.4,0
2017-11-10,4,5.16667,0.0,6.5,81,48.34,49.67,-8.8824,33.0004,635.04,0
2017-11-10,5,5.16667,0.0,6.5,80,51.14,50.14,-9.96625,31.3783,635.04,0
2017-11-10,6,5.16667,0.0,6.33333,79,52.91,54.68,-12.6722,28.6722,635.04,0
2017-11-10,7,5.66667,0.0,6.16667,81,48.82,60.82,-15.3782,22.1395,635.04,0
2017-11-10,8,6.33333,0.0,6.16667,80,48.02,61.84,-3.8427,18.6039,563.04,0
2017-11-10,9,7.33333,0.0,6.33333,71,42.73,63.39,13.2284,11.5328,501.84,0
2017-11-10,10,8.5,0.0,6.66667,74,38.71,66.14,26.1418,1.9134,438.6,0
2017-11-10,11,9.16667,0.23,7.16667,65,37.37,71.19,8.67464,4.59216,375.84,0
2017-11-10,12,10.0,0.23,7.66667,62,29.62,71.96,22.294,2.67876,300.0,0
2017-11-10,13,10.6667,0.23,8.33333,65,26.13,70.91,28.9134,4.59216,334.08,0
2017-11-10,14,10.8333,0.23,8.66667,62,27.59,70.44,30.9134,4.59216,317.127,0
2017-11-10,15,10.5,0.23,9.0,68,24.86,56.15,30.9134,4.59216,324.8,0
2017-11-10,16,10.0,0.59,9.0,77,25.0867,50.13,51.0,0.0,340.267,0
2017-11-10,17,10.3333,0.72,8.66667,75,30.15,45.94,51.0,0.0,346.92,0
2017-11-10,18,10.5,0.72,8.33333,76,31.96,55.21,30.8373,4.20948,348.0,0
2017-11-10,19,10.0,0.72,7.83333,79,28.58,60.25,8.67464,8.41896,353.455,0
2017-11-10,22,11.1667,1.74,6.66667,79,3.17,57.76,12.6746,8.41896,305.455,0
2017-11-11,1,13.5,1.38,6.0,80,3.17,57.76,58.0,0.0,237.12,1
2017-11-11,3,14.5,1.66,5.66667,79,5.47,47.55,5.3377,18.0855,187.971,1
2017-11-11,4,14.3333,0.97,5.5,80,5.71,48.34,-13.2545,29.1721,225.318,1
2017-11-11,5,14.5,0.97,5.33333,76,9.09,51.14,-30.2545,40.1721,257.914,1
2017-11-11,6,13.6667,1.94,5.33333,76,10.04,52.91,-17.3201,49.8145,272.8,1
2017-11-11,7,13.0,1.94,5.16667,73,6.91,48.82,-17.3201,61.8145,240.0,1
2017-11-11,8,12.3333,0.97,5.0,72,6.4,48.02,-4.59216,59.0866,260.0,1
2017-11-11,9,13.5,0.97,5.0,69,6.63,42.73,0.0,51.0,302.08,1
2017-11-11,10,14.6667,1.45,5.16667,64,5.94,38.71,-7.27092,53.5537,245.1,1
2017-11-11,11,15.6667,1.45,5.5,55,6.49,37.37,-14.1592,48.1836,221.4,1
2017-11-11,12,17.3333,0.96,5.83333,52,9.58,29.62,-22.1954,53.585,188.779,1
2017-11-11,13,18.8333,0.96,6.33333,56,8.86,26.13,-23.3435,56.3567,163.4,1
2017-11-11,14,19.6667,0.96,6.66667,57,8.98,27.59,-23.7262,57.2806,171.943,1
2017-11-11,15,19.1667,1.65,7.0,65,9.92,24.86,-22.9608,55.4328,189.382,1
2017-11-11,16,17.8333,1.17,7.0,68,12.8933,25.0867,-20.6647,49.8895,217.579,1
2017-11-11,17,16.1667,1.86,6.66667,71,14.29,30.15,-24.4915,59.1283,215.368,1
2017-11-11,18,14.6667,1.38,6.16667,74,19.73,31.96,-24.9988,49.3528,278.526,1
2017-11-11,19,12.6667,1.38,5.5,72,15.48,28.58,-34.1912,58.5452,240.0,1
2017-11-11,22,10.6667,2.54,4.33333,77,28.89,3.17,-1.4378,19.6494,329.018,1
2017-11-12,1,9.83333,1.85,4.16667,77,28.89,3.17,52.0,0.0,341.127,1
2017-11-12,3,8.5,1.85,4.0,81,10.77,5.47,56.0,0.0,360.0,1
2017-11-12,4,8.33333,0.0,4.0,79,6.53,5.71,39.4567,2.29608,425.455,1
2017-11-12,5,8.33333,0.0,3.83333,82,4.46,9.09,39.4567,12.2961,360.0,1
2017-11-12,6,8.5,0.0,3.66667,77,6.3,10.04,36.2349,22.4588,360.0,1
2017-11-12,7,8.5,0.0,3.5,80,7.07,6.91,17.2349,31.4588,393.6,1
2017-11-12,8,8.33333,0.0,3.5,80,8.94,6.4,10.2349,38.4588,401.85,1
2017-11-12,9,8.66667,0.0,3.5,82,8.04,6.63,10.2349,45.4588,360.0,1
2017-11-12,10,8.5,0.0,3.66667,80,5.93,5.94,13.4351,48.8196,403.68,1
2017-11-12,11,8.0,0.0,4.16667,69,6.03,6.49,13.4351,47.8196,425.455,1
2017-11-12,12,8.33333,0.48,4.83333,60,6.63,9.58,21.4351,47.8196,385.745,1
2017-11-12,13,8.33333,0.48,5.5,56,7.06,8.86,13.6569,48.6569,360.0,1
2017-11-12,14,8.5,1.24,6.0,57,6.34,8.98,10.9781,46.124,360.0,1
2017-11-12,15,9.0,1.24,6.33333,64,9.55,9.92,3.58708,35.1855,401.85,1
2017-11-12,16,9.33333,1.24,6.33333,72,9.8,12.8933,8.9302,29.5286,366.667,1
2017-11-12,17,9.66667,1.24,6.16667,88,13.81,14.29,-1.23248,16.3191,327.6,1
2017-11-12,18,9.5,1.52,5.83333,85,19.56,19.73,-18.4713,12.4923,335.345,1
2017-11-12,19,9.5,1.52,5.5,79,19.53,15.48,-22.2981,-7.74648,300.0,1
2017-11-12,22,10.3333,2.56,4.5,84,14.05,28.89,-34.2353,-33.1529,346.92,1
2017-11-13,1,10.5,4.14,4.0,83,14.05,28.89,-20.4294,-45.3002,305.455,0
2017-11-13,3,9.0,4.14,3.66667,100,14.44,10.77,-10.4797,-48.9957,343.938,0
2017-11-13,4,8.5,3.08,3.5,100,10.32,6.53,8.92176,-47.0823,385.527,0
2017-11-13,5,8.33333,2.22,3.33333,98,12.16,4.46,16.3128,-39.1438,425.455,0
2017-11-13,6,8.66667,2.22,3.16667,96,14.5,6.3,25.5516,-35.317,360.0,0
2017-11-13,7,9.33333,1.48,3.0,90,17.92,7.07,37.5393,-8.37607,386.4,0
2017-11-13,8,10.1667,1.48,3.0,88,20.79,8.94,45.5644,3.60713,314.743,0
2017-11-13,9,11.3333,1.99,3.0,86,24.32,8.04,46.5812,17.7279,305.25,0
2017-11-13,10,12.3333,1.25,3.16667,79,26.22,5.93,49.7968,31.396,240.0,0
2017-11-13,11,12.8333,0.51,3.33333,68,23.78,6.03,42.6793,29.6905,265.5,0
2017-11-13,12,13.1667,0.51,3.66667,63,19.71,6.63,40.7852,34.2908,255.2,0
2017-11-13,13,13.1667,0.51,4.16667,61,17.22,7.06,38.891,38.891,264.0,0
2017-11-13,14,13.1667,0.51,4.5,63,20.6,6.34,36.7697,39.371,286.971,0
2017-11-13,15,12.6667,0.0,4.83333,70,18.99,9.55,45.255,47.8563,240.0,0
2017-11-13,16,12.3333,0.0,4.83333,84,14.9167,9.8,43.8408,46.4421,249.508,0
2017-11-13,17,12.0,0.0,4.83333,85,14.58,13.81,43.1337,48.3362,259.2,0
2017-11-13,18,11.0,0.0,4.66667,83,24.8767,19.56,41.7195,46.922,270.3,0
2017-11-13,19,10.3333,0.0,4.33333,84,25.25,19.53,38.1839,40.7852,324.8,0
2017-11-13,22,10.0,0.0,3.66667,85,21.32,14.05,35.3555,51.2921,333.9,0
2017-11-14,1,11.0,0.0,3.16667,87,25.41,14.05,33.2342,52.4224,275.6,0
2017-11-14,3,10.5,0.0,3.33333,75,25.32,14.44,38.891,50.8134,321.231,0
2017-11-14,4,9.83333,0.0,3.5,80,20.3825,10.32,44.5479,58.2044,300.0,0
2017-11-14,5,9.33333,0.0,3.66667,74,20.46,12.16,35.3555,55.194,333.9,0
2017-11-14,6,9.16667,0.0,3.83333,70,15.905,14.5,33.2342,52.4224,349.92,0
2017-11-14,7,9.0,0.0,3.83333,87,24.6275,17.92,34.478,46.6277,363.0,0
2017-11-14,8,8.83333,0.0,3.66667,79,24.815,20.79,33.7709,43.7529,376.32,0
2017-11-14,9,9.0,0.0,3.66667,72,27.535,24.32,35.0147,37.9582,371.25,0
2017-11-14,10,9.33333,0.0,3.66667,77,22.615,26.22,29.3578,39.5672,366.667,0
2017-11-14,11,9.33333,0.0,3.66667,68,11.3075,23.78,37.136,40.7298,339.2,0
2017-11-14,12,10.5,0.0,3.83333,69,8.025,19.71,37.136,40.7298,339.2,0
2017-11-14,13,10.5,0.0,4.16667,63,12.3175,17.22,33.7709,45.7038,300.667,0
2017-11-14,14,10.3333,0.0,4.5,60,16.1325,20.6,31.82,50.5746,300.667,0
2017-11-14,15,10.3333,0.0,4.5,65,19.71,18.99,37.4768,48.9656,329.018,0
2017-11-14,16,8.83333,0.0,4.5,73,24.682,14.9167,29.6986,47.803,340.267,0
2017-11-14,17,8.5,0.0,4.33333,76,41.6025,14.58,31.1128,49.6507,380.8,0
2017-11-14,18,7.0,0.0,3.83333,82,66.0425,24.8767,24.7488,48.3358,463.125,0
2017-11-14,19,6.66667,0.0,3.33333,87,71.175,25.25,22.0701,54.803,452.4,0
2017-11-14,22,6.5,0.0,2.0,79,45.24,21.32,22.3923,31.706,538.65,0
2017-11-15,1,6.33333,0.0,1.16667,87,52.66,25.41,20.8541,16.1459,528.0,0
2017-11-15,2,6.33333,0.0,0.833333,90,62.835,39.11,28.8541,9.14592,509.143,0
2017-11-15,3,6.33333,0.0,0.666667,99,48.915,25.32,32.8541,9.14592,498.343,0
2017-11-15,4,6.33333,0.0,0.5,93,56.96,20.3825,42.5328,2.67876,498.343,0
2017-11-15,5,6.5,0.0,0.5,93,55.9033,20.46,38.5328,2.67876,509.143,0
2017-11-15,6,6.83333,0.0,0.5,91,60.7125,15.905,24.1418,5.7402,490.629,0
2017-11-15,7,6.5,0.0,0.833333,90,63.9533,24.6275,37.609,3.06144,490.629,0
2017-11-15,8,6.83333,0.0,1.16667,89,63.64,24.815,36.609,3.06144,483.36,0
2017-11-15,9,6.33333,0.0,1.66667,84,63.2525,27.535,37.609,3.06144,503.25,0
2017-11-15,10,6.5,0.0,2.16667,82,60.9375,22.615,41.609,3.06144,497.25,0
2017-11-15,11,6.33333,0.0,2.83333,78,59.344,11.3075,37.609,3.06144,490.629,0
2017-11-15,12,6.33333,0.0,3.66667,76,59.0325,8.025,37.609,3.06144,490.629,0
2017-11-15,13,6.33333,0.0,4.5,76,59.6425,12.3175,37.609,3.06144,503.25,0
2017-11-15,14,6.33333,0.0,5.16667,83,66.6533,16.1325,51.0,0.0,528.0,0
2017-11-15,15,6.0,0.0,5.66667,86,70.74,19.71,57.0,0.0,480.0,0
2017-11-15,16,5.0,0.0,5.83333,86,73.3775,24.682,52.0,0.0,561.6,0
2017-11-15,17,4.5,0.0,5.66667,96,82.2125,41.6025,50.1522,0.76536,582.4,0
2017-11-15,18,4.33333,0.0,5.33333,97,83.7675,66.0425,41.3238,-2.06308,626.4,0
2017-11-15,22,5.83333,0.0,3.16667,98,103.05,45.24,37.7931,-5.7586,599.657,0
2017-11-16,1,4.33333,0.0,1.66667,93,116.465,52.66,15.4407,-7.28932,667.8,0
2017-11-16,2,3.83333,0.0,1.33333,100,109.095,62.835,14.0265,-8.70354,683.4,0
2017-11-16,3,3.5,0.0,0.5,100,103.19,48.915,10.6459,-10.6169,600.0,0
2017-11-16,4,3.66667,0.0,0.0,100,100.85,56.96,14.3414,-12.1477,655.2,0
2017-11-16,5,3.83333,0.0,-0.333333,100,104.475,55.9033,13.6343,-12.8548,667.8,0
2017-11-16,6,3.66667,0.0,-0.5,100,103.016,60.7125,7.63427,-17.8548,737.2,0
2017-11-16,7,4.33333,0.0,-0.333333,100,101.084,63.9533,7.63427,-20.8548,741.6,0
2017-11-16,8,4.83333,0.0,-0.166667,100,97.93,63.64,4.63427,-20.8548,789.6,0
2017-11-16,9,5.83333,0.0,0.666667,99,89.1975,63.2525,4.63427,-20.8548,717.6,0
2017-11-16,10,5.83333,0.0,1.5,82,89.3,60.9375,2.46947,-18.69,655.2,0
2017-11-16,11,6.0,0.0,2.5,84,86.2933,59.344,1.76236,-25.054,627.3,0
2017-11-16,12,7.0,0.0,3.5,78,82.4675,59.0325,8.3011,-26.3546,586.56,0
2017-11-16,13,7.33333,0.0,4.83333,71,82.37,59.6425,1.83394,-32.6758,480.0,0
2017-11-16,14,7.33333,0.0,5.83333,74,81.655,66.6533,-0.28739,-29.7971,420.0,0
2017-11-16,15,6.66667,0.0,6.5,81,90.55,70.74,-13.6784,-29.8586,453.6,0
2017-11-16,16,6.5,0.0,6.66667,91,86.97,73.3775,-9.98291,-31.3893,452.4,0
2017-11-16,17,5.83333,0.0,6.66667,89,107.67,82.2125,-21.6784,-29.8586,520.8,0
2017-11-16,18,5.33333,0.0,6.33333,91,119.207,83.7675,-23.5262,-29.0932,550.8,0
2017-11-16,22,5.66667,0.25,2.66667,92,90.95,103.05,-16.0437,-33.8112,569.25,0
2017-11-17,1,5.66667,0.5,2.0,89,89.2075,116.465,-3.76116,-39.3316,592.8,0
2017-11-17,2,5.0,0.5,2.16667,79,85.925,109.095,-7.45668,-41.8009,592.8,0
2017-11-17,3,4.83333,0.5,2.33333,86,90.775,103.19,1.62215,-47.6325,583.0,0
2017-11-17,4,4.66667,0.5,2.66667,99,92.14,100.85,-1.9134,-44.097,540.0,0
2017-11-17,5,4.66667,0.5,3.0,98,90.955,104.475,-7.905,-40.0844,582.4,0
2017-11-17,6,4.5,0.5,3.0,95,83.74,103.016,-3.905,-34.0844,668.8,0
2017-11-17,7,5.0,0.5,3.0,93,85.6475,101.084,-7.44055,-37.62,637.867,0
2017-11-17,8,5.5,0.76,3.0,93,74.335,97.93,3.00357,-29.3051,622.2,0
2017-11-17,9,6.0,1.27,3.16667,89,61.0967,89.1975,11.0036,-18.3051,592.8,0
2017-11-17,10,6.66667,1.5,3.5,85,52.96,89.3,17.4729,-14.6095,540.0,0
2017-11-17,11,7.0,1.25,4.0,75,43.1125,86.2933,14.1121,0.59061,501.84,0
2017-11-17,12,7.16667,1.25,4.66667,75,39.9025,82.4675,6.33384,8.36882,480.0,0
2017-11-17,13,7.16667,1.25,5.33333,71,37.5175,82.37,9.32225,10.6066,468.0,0
2017-11-17,14,7.33333,0.74,6.0,75,39.0275,81.655,5.32225,17.6066,420.0,0
2017-11-17,15,7.66667,0.84,6.33333,86,43.775,90.55,-1.58632,29.4571,453.6,0
2017-11-17,16,8.0,0.61,6.5,92,43.7375,86.97,-9.58632,39.4571,421.2,0
2017-11-17,17,8.83333,1.22,6.33333,99,35.3825,107.67,-10.5152,48.6959,390.0,0
2017-11-17,18,9.16667,1.22,6.0,96,28.98,119.207,7.16253,48.9591,349.8,0
2017-11-17,22,8.5,0.61,5.0,87,27.35,90.95,37.4768,47.2315,389.88,0
2017-11-18,1,7.16667,0.0,4.16667,93,34.605,89.2075,38.891,44.0935,405.45,1
2017-11-18,2,7.0,0.0,3.83333,85,41.455,85.925,33.2342,40.7025,470.25,1
2017-11-18,3,7.0,0.0,3.33333,85,31.2075,90.775,38.1839,45.6523,420.0,1
2017-11-18,4,6.5,0.0,2.83333,87,37.5425,92.14,32.5271,46.2612,420.0,1
2017-11-18,5,6.0,0.0,2.5,88,44.2333,90.955,26.8702,43.8702,469.05,1
2017-11-18,6,5.5,0.0,2.33333,97,42.0,83.74,19.2999,42.8327,520.8,1
2017-11-18,7,6.0,0.0,2.0,100,42.085,85.6475,17.7692,46.5282,514.8,1
2017-11-18,8,5.66667,0.0,1.66667,96,42.7,74.335,12.1123,47.8713,532.65,1
2017-11-18,9,5.33333,0.0,2.0,80,39.675,61.0967,6.45542,47.2145,575.143,1
2017-11-18,10,5.33333,0.0,2.33333,74,31.31,52.96,-4.03763,44.5608,556.5,1
2017-11-18,11,6.0,0.0,2.83333,65,21.1875,43.1125,-8.65703,42.4742,575.143,1
2017-11-18,12,7.0,0.0,3.33333,61,16.88,39.9025,-21.9217,40.9685,550.8,1
2017-11-18,13,8.0,0.0,4.16667,59,16.385,37.5175,-28.9928,35.0396,505.44,1
2017-11-18,14,9.0,0.0,5.0,59,22.395,39.0275,-37.5591,31.6995,392.229,1
2017-11-18,15,9.66667,0.0,5.16667,63,21.4125,43.775,-45.3373,27.4777,332.8,1
2017-11-18,16,9.83333,0.0,5.33333,71,23.43,43.7375,-44.4135,27.0951,313.6,1
2017-11-18,17,9.66667,0.0,5.16667,79,29.655,35.3825,-48.6561,31.3377,300.0,1
2017-11-18,18,9.0,0.0,5.0,82,33.05,28.98,-45.9981,33.5505,324.48,1
2017-11-18,22,9.5,1.02,3.33333,73,15.41,27.35,-33.9633,36.6693,367.2,1
2017-11-19,1,13.6667,1.02,3.0,70,24.2125,34.605,-19.3679,27.1207,238.255,1
2017-11-19,2,14.1667,0.51,3.0,79,30.32,41.455,-15.3281,37.6933,189.164,1
2017-11-19,3,13.8333,0.0,2.83333,70,23.5075,31.2075,-26.3281,51.6933,187.971,1
2017-11-19,4,13.3333,0.48,3.0,68,18.9725,37.5425,-13.3938,55.3358,261.979,1
2017-11-19,5,12.5,0.48,2.66667,76,16.055,44.2333,-13.3938,63.3358,264.442,1
2017-11-19,6,11.1667,0.96,2.5,73,15.425,42.0,-9.567,54.097,333.0,1
2017-11-19,7,9.83333,0.96,2.5,69,19.6467,42.085,-7.6536,49.4776,372.6,1
2017-11-19,8,9.33333,0.96,2.5,70,20.1575,42.7,-10.715,56.8686,353.571,1
2017-11-19,9,9.83333,0.96,2.66667,68,17.5025,39.675,-20.8777,47.0781,339.2,1
2017-11-19,10,10.5,0.48,2.83333,67,17.245,31.31,-29.363,38.5634,340.267,1
2017-11-19,11,11.5,0.96,3.33333,56,16.2075,21.1875,-34.4042,38.7338,317.127,1
2017-11-19,12,12.0,0.48,4.0,52,14.0133,16.88,-40.8014,39.1778,240.0,1
2017-11-19,13,12.8333,0.48,4.5,54,12.73,16.385,-32.9348,40.5116,265.5,1
2017-11-19,14,13.5,0.48,5.0,50,12.6875,22.395,-29.4243,44.0367,255.2,1
2017-11-19,15,14.3333,0.48,5.33333,53,16.755,21.4125,-26.6792,49.4096,245.92,1
2017-11-19,16,15.1667,0.99,5.5,58,17.4375,23.43,-22.5781,54.5089,221.571,1
2017-11-19,17,15.3333,0.51,5.5,68,14.45,29.655,-29.2415,53.5955,188.308,1
2017-11-19,22,16.0,2.33,4.33333,74,2.64,15.41,-30.3313,55.2265,187.68,1
2017-11-20,1,15.6667,1.82,3.16667,79,2.905,24.2125,-28.9753,54.9529,195.52,0
2017-11-20,2,15.6667,2.23,2.66667,90,2.39,30.32,-12.6284,54.9529,202.725,0
2017-11-20,3,16.3333,1.73,2.33333,86,3.78333,23.5075,-6.50556,56.1708,195.52,0
2017-11-20,4,17.0,0.82,2.0,84,4.88,18.9725,-3.16983,63.1179,180.0,0
2017-11-20,5,18.0,0.82,1.83333,84,4.23,16.055,-7.27092,53.5537,196.725,0
2017-11-20,6,19.5,0.82,1.83333,72,4.2,15.425,-7.27092,58.5537,175.137,0
2017-11-20,7,21.1667,0.82,2.0,70,5.45,19.6467,0.0,67.0,136.74,0
2017-11-20,8,22.5,0.41,2.16667,71,11.2867,20.1575,17.6777,49.097,176.538,0
2017-11-20,9,22.8333,0.0,2.16667,66,14.6825,17.5025,34.6484,71.2701,124.754,0
2017-11-20,10,22.5,0.0,2.33333,67,11.6133,17.245,49.4977,64.6716,145.2,0
2017-11-20,11,22.3333,0.48,2.5,64,8.84667,16.2075,44.5479,58.2044,179.95,0
2017-11-20,12,20.6667,0.48,2.66667,62,11.136,14.0133,41.7195,54.5089,191.314,0
2017-11-20,13,18.6667,2.44,3.0,71,22.12,12.73,26.8702,51.1074,213.333,0
2017-11-20,14,16.8333,2.44,3.33333,78,13.3525,12.6875,26.8702,64.1074,187.0,0
2017-11-20,15,14.6667,2.44,3.83333,70,14.9025,16.755,14.1422,60.4776,236.64,0
2017-11-20,16,13.0,2.44,4.0,80,13.6233,17.4375,11.0808,67.8686,240.0,0
2017-11-20,17,10.8333,1.96,4.16667,78,16.2525,14.45,-6.12288,56.7821,313.2,0
2017-11-20,22,6.83333,1.68,2.5,84,17.11,2.64,-8.80164,50.2492,453.6,0
2017-11-21,1,6.66667,1.68,2.33333,81,26.0633,2.905,-7.29816,49.3806,490.629,0
2017-11-21,2,6.66667,1.65,2.5,93,31.9267,2.39,-0.22706,51.6194,466.4,0
2017-11-21,3,6.33333,1.65,2.5,94,29.3125,3.78333,-2.90582,49.0865,472.457,0
2017-11-21,4,6.0,0.81,2.5,87,29.885,4.88,1.09418,42.0865,528.0,0
2017-11-21,5,5.83333,1.62,2.5,87,32.8225,4.23,4.09418,42.0865,536.057,0
2017-11-21,6,5.66667,1.62,2.33333,90,36.17,4.2,3.9445,32.7909,583.0,0
2017-11-21,7,5.66667,1.62,2.0,96,35.54,5.45,9.9445,26.7909,570.24,0
2017-11-21,8,5.66667,0.81,1.83333,89,36.035,11.2867,24.5639,19.8775,528.0,0
2017-11-21,9,6.0,0.81,1.83333,84,37.765,14.6825,31.5639,12.8775,559.32,0
2017-11-21,10,7.16667,0.81,2.0,81,35.65,11.6133,26.0206,10.5814,527.88,0
2017-11-21,11,8.16667,0.0,2.33333,75,33.5333,8.84667,11.8784,-5.72846,480.0,0
2017-11-21,12,9.16667,0.0,2.66667,75,24.084,11.136,0.48608,-19.2667,382.5,0
2017-11-21,13,9.33333,0.0,3.33333,82,26.1767,22.12,-13.772,-21.0304,363.0,0
2017-11-21,14,9.33333,0.0,3.83333,79,24.1425,13.3525,-33.9347,-25.2399,314.743,0
2017-11-21,15,9.5,0.0,4.16667,83,22.968,14.9025,-33.9347,-25.2399,300.0,0
2017-11-21,16,9.0,0.0,4.33333,86,34.4067,13.6233,-21.3914,-22.9438,337.08,0
2017-11-21,17,8.33333,0.0,4.5,88,33.8775,16.2525,-20.7875,-18.5515,376.32,0
2017-11-21,18,7.33333,0.0,4.66667,88,37.5225,22.11,-26.3308,-20.8476,360.0,0
2017-11-21,22,5.83333,0.0,4.66667,96,37.49,17.11,-10.5642,-12.2458,528.0,0
2017-11-22,1,5.66667,0.0,5.0,93,47.53,26.0633,-26.803,-16.0726,536.057,0
2017-11-22,2,5.33333,0.0,5.0,97,47.0333,31.9267,-24.9552,-15.3072,561.6,0
2017-11-22,3,5.33333,0.0,5.0,97,40.4175,29.3125,-21.3253,-17.6305,583.0,0
2017-11-22,4,5.33333,1.12,5.16667,97,43.2133,29.885,-24.8609,-21.1661,540.0,0
2017-11-22,5,5.33333,2.24,5.16667,97,44.87,32.8225,-14.3176,-18.87,561.0,0
2017-11-22,6,5.66667,2.24,5.16667,98,40.8525,36.17,-13.3937,-18.4873,599.657,0
2017-11-22,7,5.83333,2.24,5.16667,99,43.08,35.54,-2.92655,-15.8085,570.24,0
2017-11-22,8,6.16667,2.24,5.33333,97,44.265,36.035,7.69285,-13.8952,546.96,0
2017-11-22,9,6.33333,2.24,5.66667,90,48.7633,37.765,19.3123,-11.9817,536.057,0
2017-11-22,10,6.5,1.12,6.0,88,46.08,35.65,18.3123,-11.9817,524.16,0
2017-11-22,11,7.16667,0.48,6.33333,93,44.375,33.5333,28.9317,-10.0683,501.84,0
2017-11-22,12,6.66667,0.48,6.83333,84,39.16,24.084,43.3806,-1.9134,461.76,0
2017-11-22,13,6.66667,0.48,7.33333,77,26.4833,26.1767,44.3806,-1.9134,440.64,0
2017-11-22,14,6.16667,0.48,7.66667,78,26.285,24.1425,55.0,0.0,482.4,0
2017-11-22,15,6.5,0.48,7.83333,84,28.445,22.968,51.3045,1.53072,480.0,0
2017-11-22,16,6.66667,0.48,7.83333,86,31.525,34.4067,33.243,8.92176,509.143,0
2017-11-22,17,6.33333,0.0,7.83333,87,35.25,33.8775,23.5643,15.3889,496.8,0
2017-11-22,18,6.66667,0.0,7.5,87,38.16,37.5225,14.8855,21.8561,477.0,0
2017-11-22,22,6.33333,0.0,6.0,85,56.41,37.49,-5.08932,33.8665,492.9,0
2017-11-23,1,6.5,0.0,5.16667,88,52.9775,47.53,-2.01759,-0.88639,472.457,0
2017-11-23,2,6.66667,0.0,4.83333,100,46.4533,47.0333,-1.25223,-11.9729,520.8,0
2017-11-23,3,6.83333,0.0,4.33333,100,45.9375,40.4175,-3.16563,-16.5924,497.25,0
2017-11-23,4,7.33333,0.0,4.16667,90,43.8725,43.2133,-1.63491,-36.9177,443.7,0
2017-11-23,5,7.5,0.0,4.0,93,43.6525,44.87,-13.9498,-40.3618,420.0,0
2017-11-23,6,7.5,0.0,3.66667,93,46.135,40.8525,-29.3409,-37.4233,443.143,0
2017-11-23,7,8.0,0.0,3.5,93,47.0525,43.08,-35.7049,-36.7873,432.667,0
2017-11-23,8,8.0,0.0,3.33333,94,49.4175,44.265,-32.4023,-37.8143,399.36,0
2017-11-23,9,7.5,0.0,3.5,93,45.88,48.7633,-30.4889,-38.1949,399.36,0
2017-11-23,10,7.0,0.0,4.0,74,36.8467,46.08,-32.8182,-37.8182,432.667,0
2017-11-23,11,7.16667,0.0,4.83333,65,32.1,44.375,-33.6167,-33.7459,479.467,0
2017-11-23,12,7.16667,0.0,6.33333,50,29.495,39.16,-33.6167,-33.7459,470.25,0
2017-11-23,13,7.83333,0.0,8.0,46,28.84,26.4833,-34.5406,-34.1286,463.6,0
2017-11-23,14,9.33333,0.0,9.5,53,29.4033,26.285,-39.2632,-32.3568,405.45,0
2017-11-23,15,10.3333,0.0,10.5,66,33.74,28.445,-49.136,-25.3232,300.0,0
2017-11-23,16,11.1667,0.0,11.1667,70,41.0133,31.525,-28.6507,-16.8379,275.6,0
2017-11-23,17,11.3333,0.0,11.1667,87,49.0767,35.25,-30.4985,-17.6033,251.6,0
2017-11-23,18,11.5,0.0,10.5,83,50.855,38.16,-12.1836,-14.1592,270.3,0
2017-11-23,22,10.6667,0.0,6.83333,85,34.35,56.41,12.6746,-8.41896,297.0,0
2017-11-24,0,11.1667,0.0,5.66667,84,27.55,47.17,-23.9552,-15.3072,343.385,0
2017-11-24,1,10.5,0.0,5.16667,89,39.325,52.9775,-22.9552,-15.3072,309.12,0
2017-11-24,2,10.3333,0.0,4.83333,94,37.2967,46.4533,-4.7164,-11.4804,336.3,0
2017-11-24,3,9.33333,0.0,4.5,83,34.16,45.9375,4.2836,-11.4804,300.0,0
2017-11-24,4,9.16667,0.0,4.5,83,32.12,43.8725,9.82688,-9.18432,339.2,0
2017-11-24,5,9.0,0.0,4.33333,95,34.955,43.6525,26.1418,-5.7402,352.8,0
2017-11-24,6,7.83333,0.0,4.5,85,37.4233,46.135,42.4567,-2.29608,411.429,0
2017-11-24,7,7.66667,0.0,4.66667,91,39.505,47.0525,35.9896,-4.97484,395.229,0
2017-11-24,8,7.33333,0.0,4.83333,87,38.465,49.4175,29.9896,-4.97484,417.6,0
2017-11-24,9,7.66667,0.0,5.16667,79,35.76,45.88,14.5224,-7.6536,448.0,0
2017-11-24,10,7.83333,0.0,5.5,65,38.585,36.8467,-1.86864,-10.715,432.0,0
2017-11-24,11,8.5,0.0,6.33333,59,35.9067,32.1,-2.68935,-14.7829,405.45,0
2017-11-24,12,9.5,0.0,7.16667,52,28.7,29.495,-29.7759,-19.3751,393.6,0
2017-11-24,13,10.6667,0.0,8.33333,51,32.195,28.84,-35.3192,-21.6712,313.65,0
2017-11-24,14,11.8333,0.0,9.5,54,33.1033,29.4033,-50.7102,-24.7326,252.45,0
2017-11-24,15,12.8333,0.0,10.3333,64,34.4133,33.74,-46.8547,-25.2067,255.2,0
2017-11-24,16,13.5,0.0,10.8333,75,46.175,41.0133,-48.7025,-25.9721,242.031,0
2017-11-24,17,13.6667,0.0,10.8333,93,46.26,49.0767,-48.7025,-25.9721,254.88,0
2017-11-24,18,13.6667,0.0,10.5,87,42.86,50.855,-46.8547,-25.2067,267.429,0
2017-11-24,22,14.0,0.0,8.33333,76,28.26,34.35,-21.8791,-15.6899,232.615,0
2017-11-25,0,13.6667,0.0,7.66667,78,23.58,27.55,32.9134,-4.59216,261.0,1
2017-11-25,1,13.1667,0.0,7.5,77,31.345,39.325,42.9134,-4.59216,240.0,1
2017-11-25,2,12.5,0.0,7.16667,83,31.9133,37.2967,51.0,0.0,297.0,1
2017-11-25,3,12.0,0.0,6.83333,85,30.455,34.16,63.0,0.0,249.171,1
2017-11-25,4,11.1667,0.0,6.5,87,28.73,32.12,58.0,0.0,297.6,1
2017-11-25,5,10.1667,0.0,6.33333,84,27.505,34.955,35.6851,-3.44412,321.48,1
2017-11-25,6,10.1667,0.0,6.16667,83,25.75,37.4233,33.6851,-3.44412,366.277,1
2017-11-25,7,10.1667,0.0,6.0,87,25.9275,39.505,26.614,-10.5152,321.6,1
2017-11-25,8,10.1667,0.0,6.0,87,28.265,38.465,1.60354,-15.4901,311.1,1
2017-11-25,9,11.8333,0.0,6.0,83,30.3575,35.76,-30.483,-20.0822,326.8,1
2017-11-25,10,13.6667,0.0,6.16667,78,30.8925,38.585,-47.7218,-23.909,241.92,1
2017-11-25,11,16.6667,0.0,6.66667,77,31.99,35.9067,-47.1179,-19.5167,213.5,1
2017-11-25,12,20.0,0.0,7.33333,74,34.7075,28.7,-60.0522,-24.8742,143.242,1
2017-11-25,13,21.8333,0.0,8.0,73,34.4825,32.195,5.97912,-9.94968,148.615,1
2017-11-25,14,22.8333,0.0,8.83333,70,34.3225,33.1033,54.0,0.0,170.24,1
2017-11-25,15,21.8333,0.0,9.5,73,34.4933,34.4133,72.0,0.0,157.76,1
2017-11-25,16,19.5,0.0,9.83333,80,34.77,46.175,55.0,0.0,231.15,1
2017-11-25,17,16.5,0.0,9.83333,86,23.25,46.26,49.4567,-2.29608,267.75,1
2017-11-25,22,10.1667,1.12,8.33333,94,9.16,28.26,13.0657,13.8133,300.0,1
2017-11-26,0,10.8333,2.24,7.16667,84,6.46,23.58,15.0,33.0479,378.88,1
2017-11-26,1,11.5,2.24,6.5,77,8.6375,31.345,15.0,47.0479,300.0,1
2017-11-26,2,14.0,2.24,5.83333,85,9.88667,31.9133,0.0,53.0,259.418,1
2017-11-26,3,15.6667,2.24,5.16667,90,9.73,30.455,16.2635,54.2492,178.971,1
2017-11-26,4,16.1667,1.12,4.66667,85,11.4067,28.73,28.9915,56.8791,175.137,1
2017-11-26,5,16.8333,1.12,4.16667,89,10.2933,27.505,38.891,50.8134,227.061,1
2017-11-26,6,16.5,0.0,3.83333,88,13.2067,25.75,48.0835,62.8238,212.348,1
2017-11-26,7,15.0,0.0,3.5,86,13.135,25.9275,40.3053,52.6612,264.333,1
2017-11-26,8,13.1667,0.0,3.16667,81,15.5567,28.265,47.3764,61.9,248.2,1
2017-11-26,9,12.3333,0.0,3.0,76,17.3775,30.3575,43.1337,56.3567,268.029,1
2017-11-26,10,11.6667,0.0,3.16667,66,19.705,30.8925,42.4266,55.4328,269.077,1
2017-11-26,11,10.8333,0.0,3.5,59,22.51,31.99,40.3053,52.6612,291.5,1
2017-11-26,12,10.6667,0.0,3.83333,62,25.6225,34.7075,31.82,49.5746,321.48,1
2017-11-26,13,10.8333,0.0,4.16667,55,23.655,34.4825,32.5271,50.4985,324.8,1
2017-11-26,14,11.3333,0.0,4.5,55,26.6033,34.3225,31.82,49.5746,343.385,1
2017-11-26,15,10.0,0.0,4.66667,65,31.18,34.4933,33.2342,51.4224,297.0,1
2017-11-26,16,9.0,0.0,4.5,65,34.44,34.77,36.7697,56.0418,300.0,1
2017-11-26,17,9.16667,0.0,4.0,67,37.1,23.25,32.5271,50.4985,356.4,1
2017-11-27,0,5.66667,0.0,0.5,69,28.45,6.46,-4.83617,40.9468,570.24,0
2017-11-27,1,5.5,0.0,0.0,66,39.7075,8.6375,-3.37172,36.3274,556.5,0
2017-11-27,2,6.33333,0.0,-0.333333,83,32.9933,9.88667,-10.8196,30.7185,600.4,0
2017-11-27,3,6.83333,0.0,-0.333333,81,29.2833,9.73,-21.393,32.5662,480.0,0
2017-11-27,4,6.83333,0.0,-0.333333,68,31.555,11.4067,-24.4545,29.9573,496.8,0
2017-11-27,5,6.83333,0.0,-0.166667,76,31.2575,10.2933,-25.7551,23.4185,483.36,0
2017-11-27,6,7.33333,0.0,0.0,77,35.27,13.2067,-16.2195,19.883,477.0,0
2017-11-27,7,8.0,0.0,0.333333,70,31.36,13.135,-3.97688,15.6403,438.6,0
2017-11-27,8,7.66667,0.0,0.5,71,32.4975,15.5567,-6.87772,21.6592,399.36,0
2017-11-27,9,8.0,0.0,0.833333,67,31.7175,17.3775,-10.5732,27.0167,412.364,0
2017-11-27,10,8.66667,0.0,1.33333,61,29.18,19.705,3.63624,16.854,390.0,0
2017-11-27,11,9.33333,0.0,2.0,51,31.56,22.51,5.16986,18.8301,367.2,0
2017-11-27,12,9.66667,0.0,2.66667,62,24.5275,25.6225,-10.0689,22.6569,327.6,0
2017-11-27,13,9.83333,0.0,3.33333,63,20.855,23.655,-8.06894,22.6569,312.8,0
2017-11-27,14,9.83333,0.0,4.0,60,20.5325,26.6033,-13.8636,18.1688,300.0,0
2017-11-27,15,9.66667,0.0,4.33333,69,21.15,31.18,-11.9127,21.0887,312.12,0
2017-11-27,16,9.5,0.0,4.5,69,23.195,34.44,-25.3568,29.4036,324.48,0
2017-11-27,17,9.5,0.0,4.33333,75,36.33,37.1,-21.7298,30.6474,337.08,0
2017-11-28,0,11.1667,0.0,0.333333,73,16.07,28.45,-12.4119,-13.0111,313.6,0
2017-11-28,1,12.3333,0.0,0.333333,67,22.73,39.7075,-17.0313,-14.9245,251.6,0
2017-11-28,2,13.5,0.0,0.666667,71,17.59,32.9933,-20.0313,-14.9245,238.255,0
2017-11-28,3,14.0,0.0,1.0,71,21.31,29.2833,-24.6507,-16.8379,212.914,0
2017-11-28,4,15.1667,0.0,1.33333,69,15.195,31.555,-23.7268,-16.4552,221.571,0
2017-11-28,5,15.3333,0.0,1.83333,70,14.26,31.2575,-27.4224,-17.986,202.725,0
2017-11-28,6,15.8333,0.0,2.0,68,14.0175,35.27,-28.4224,-17.986,210.6,0
2017-11-28,7,16.0,0.0,2.16667,68,17.6967,31.36,3.35972,-11.8631,180.0,0
2017-11-28,8,16.1667,0.0,2.16667,67,18.0775,32.4975,32.3702,-6.88824,187.0,0
2017-11-28,9,16.8333,0.0,2.33333,65,18.5925,31.7175,51.0,0.0,232.941,0
2017-11-28,10,16.3333,0.0,2.66667,60,18.375,29.18,51.0,0.0,232.941,0
2017-11-28,11,16.8333,0.0,3.0,56,20.5425,31.56,66.0,0.0,187.2,0
2017-11-28,12,16.8333,0.0,3.66667,53,24.2533,24.5275,67.0,0.0,180.0,0
2017-11-28,13,16.6667,0.0,4.33333,52,29.9367,20.855,67.0,0.0,180.0,0
2017-11-28,14,16.0,0.0,5.0,52,29.87,20.5325,51.0,0.0,236.733,0
2017-11-28,15,15.3333,0.0,5.5,60,36.9967,21.15,64.0,0.0,208.8,0
2017-11-28,16,14.6667,0.0,5.5,69,49.545,23.195,59.0,0.0,241.553,0
2017-11-28,17,12.6667,0.0,5.33333,68,50.785,36.33,31.8373,-4.20948,288.225,0
2017-11-28,22,10.6667,0.0,3.33333,63,23.77,24.29,23.2179,-6.12288,270.4,0
2017-11-29,0,10.1667,0.0,3.0,72,20.81,16.07,20.294,-6.50556,321.48,0
2017-11-29,1,10.3333,0.0,3.0,74,28.92,22.73,23.876,-8.33564,378.88,0
2017-11-29,2,10.3333,1.75,2.83333,84,31.7033,17.59,34.876,-8.33564,330.72,0
2017-11-29,3,10.5,3.5,2.66667,84,33.4033,21.31,23.876,-8.33564,346.92,0
2017-11-29,4,11.3333,3.5,2.5,86,32.1033,15.195,2.7894,-12.9278,296.229,0
2017-11-29,5,12.5,3.5,2.33333,86,29.1375,14.26,1.05524,-10.3324,259.418,0
2017-11-29,6,12.8333,3.5,2.16667,85,29.61,14.0175,-22.8791,-15.6899,254.88,0
2017-11-29,7,12.6667,3.98,1.83333,88,33.61,17.6967,-47.1179,-19.5167,286.7,0
2017-11-29,8,12.0,2.23,1.83333,86,36.8233,18.0775,-56.3567,-23.3435,249.9,0
2017-11-29,9,12.1667,0.48,1.83333,81,39.87,18.5925,-55.4328,-22.9608,286.0,0
2017-11-29,10,11.3333,0.48,2.0,75,47.64,18.375,-28.5746,-17.2206,297.6,0
2017-11-29,11,10.3333,0.48,2.16667,67,43.4433,20.5425,-24.8791,-15.6899,309.12,0
2017-11-29,12,10.1667,0.48,2.5,63,47.97,24.2533,-23.0313,-14.9245,334.08,0
2017-11-29,13,10.3333,0.0,3.16667,68,46.18,29.9367,-22.1074,-14.5418,353.455,0
2017-11-29,14,10.5,0.23,3.5,71,48.0233,29.87,-22.1074,-14.5418,366.277,0
2017-11-29,15,9.83333,0.23,3.83333,72,55.6,36.9967,-10.1074,-14.5418,300.0,0
2017-11-29,16,9.16667,0.23,3.83333,83,57.17,49.545,-14.1074,-14.5418,312.12,0
2017-11-29,17,8.83333,0.23,3.66667,96,62.97,50.785,1.13136,-10.715,341.85,0
2017-11-29,22,5.0,4.48,1.0,93,52.84,23.77,6.93778,-14.109,564.0,0
2017-11-30,0,5.0,5.65,0.833333,82,40.65,20.81,-2.30102,-17.9358,540.0,0
2017-11-30,1,5.0,3.41,0.833333,81,47.1133,28.92,-16.2144,-22.5552,612.0,0
2017-11-30,2,5.0,1.17,0.833333,89,43.0967,31.7033,-27.1278,-27.1746,649.0,0
2017-11-30,3,5.0,4.12,0.833333,96,50.5,33.4033,-29.0412,-31.794,600.0,0
2017-11-30,4,5.5,5.92,1.0,95,43.31,32.1033,-38.5768,-35.3296,622.2,0
2017-11-30,5,5.5,6.76,1.0,99,53.46,29.1375,-37.5961,-33.2665,586.56,0
2017-11-30,7,5.5,6.76,1.0,92,59.395,33.61,-31.3545,-36.4369,610.56,0
2017-11-30,16,9.83333,3.86,1.5,92,40.87,57.17,49.4571,10.6981,327.6,0
2017-11-30,22,13.0,0.0,1.0,87,48.84,52.84,25.456,47.8752,259.418,0
2018-10-01,0,8.16667,0.0,8.83333,59,14.258,73.43,42.4567,-2.29608,403.015,0
2018-10-01,1,8.0,0.0,8.0,60,15.514,58.72,50.4567,-2.29608,371.908,0
2018-10-01,2,7.5,0.0,7.66667,62,14.3725,55.65,48.4567,-2.29608,384.8,0
2018-10-01,3,7.33333,0.0,7.33333,67,13.96,52.796,41.4567,-2.29608,437.25,0
2018-10-01,4,7.16667,0.0,6.66667,68,16.454,54.618,36.8373,-4.20948,420.0,0
2018-10-01,5,6.83333,0.0,6.33333,67,21.028,58.528,24.5947,-8.45214,420.0,0
2018-10-01,6,6.5,0.0,5.83333,77,20.176,61.954,36.1379,-6.15606,437.143,0
2018-10-01,7,5.83333,0.0,5.5,91,24.17,61.326,23.5947,-8.45214,469.05,0
2018-10-01,8,6.16667,0.0,5.33333,86,25.526,53.326,9.1275,-5.77338,486.0,0
2018-10-01,9,6.83333,0.0,5.83333,73,22.285,53.392,8.1275,-5.77338,537.818,0
2018-10-01,10,7.5,0.0,6.66667,66,19.554,40.688,6.1275,-5.77338,505.44,0
2018-10-01,11,8.5,0.0,7.83333,47,14.868,26.948,15.7469,-3.85998,451.0,0
2018-10-01,12,9.33333,0.0,9.5,47,13.292,22.844,25.9896,0.38268,385.0,0
2018-10-01,13,9.83333,0.0,11.5,40,13.812,12.716,42.5328,2.67876,314.743,0
2018-10-01,14,10.1667,0.0,13.5,40,15.36,6.432,52.0,0.0,326.8,0
2018-10-01,15,9.83333,0.0,15.1667,39,14.945,6.842,52.0,0.0,334.08,0
2018-10-01,16,9.66667,0.0,16.3333,37,19.245,8.262,47.0502,4.94977,312.12,0
2018-10-01,17,9.33333,0.0,16.8333,43,19.36,12.258,30.6862,11.3138,345.6,0
2018-10-01,18,9.83333,0.0,16.6667,47,17.34,11.276,14.8594,20.5526,360.0,0
2018-10-01,19,10.1667,0.0,16.0,53,18.7025,16.8475,3.85944,34.5526,312.12,0
2018-10-01,20,10.6667,0.0,14.8333,61,18.86,22.888,-6.65524,45.6391,311.143,0
2018-10-01,21,12.5,0.0,13.6667,65,17.925,20.616,6.77985,51.7759,263.467,0
2018-10-01,22,12.8333,0.0,12.6667,66,14.86,17.2975,29.6986,52.803,248.571,0
2018-10-01,23,13.1667,0.0,11.6667,68,17.64,16.4075,37.4768,48.9656,265.5,0
2018-10-02,0,12.8333,0.51,11.0,72,20.3,14.258,37.4768,48.9656,265.5,0
2018-10-02,1,13.0,0.51,10.3333,75,27.0467,15.514,28.9915,49.8791,299.0,0
2018-10-02,2,13.1667,0.51,10.0,81,18.1075,14.3725,28.9915,62.8791,256.533,0
2018-10-02,3,12.6667,0.51,9.66667,78,15.59,13.96,25.456,58.2597,240.0,0
2018-10-02,4,13.3333,0.51,9.16667,81,13.145,16.454,19.7991,50.8686,265.5,0
2018-10-02,5,13.8333,0.51,8.83333,84,16.8075,21.028,30.4057,52.7268,242.031,0
2018-10-02,6,14.5,0.0,8.33333,87,14.195,20.176,41.0124,53.585,223.385,0
2018-10-02,7,15.0,0.0,8.16667,83,22.1175,24.17,43.1337,56.3567,211.68,0
2018-10-02,8,15.5,0.0,8.0,83,20.33,25.526,43.8408,57.2806,203.52,0
2018-10-02,9,15.8333,0.0,7.83333,79,23.678,22.285,44.5479,58.2044,195.52,0
2018-10-02,10,15.8333,0.0,8.0,69,20.046,19.554,45.9622,60.0522,187.425,0
2018-10-02,11,16.0,0.0,8.33333,64,13.92,14.868,45.255,59.1283,195.0,0
2018-10-02,12,16.1667,0.0,9.0,58,13.438,13.292,45.255,59.1283,195.0,0
2018-10-02,13,16.1667,0.0,9.5,53,11.992,13.812,45.9622,60.0522,194.541,0
2018-10-02,14,16.1667,0.0,10.1667,46,10.878,15.36,33.9413,60.3462,187.68,0
2018-10-02,15,16.1667,0.0,10.8333,38,10.532,14.945,23.3346,62.488,187.425,0
2018-10-02,16,16.3333,0.0,11.3333,39,9.348,19.245,12.0209,64.706,187.2,0
2018-10-02,17,16.3333,0.0,11.6667,39,12.514,19.36,-6.12288,63.7821,187.425,0
2018-10-02,18,16.0,0.0,11.6667,40,14.14,17.34,-12.2458,62.5642,187.425,0
2018-10-02,19,15.3333,0.0,11.5,46,20.15,18.7025,-17.986,60.4224,202.024,0
2018-10-02,20,14.5,0.0,11.0,44,27.652,18.86,-22.5781,54.5089,235.125,0
2018-10-02,21,13.8333,0.0,10.5,43,24.486,17.925,-20.6647,49.8895,279.0,0
2018-10-02,22,13.8333,0.0,10.0,50,17.305,14.86,-19.5167,47.1179,302.08,0
2018-10-02,23,13.8333,0.0,9.5,54,12.2575,17.64,2.22352,33.2597,276.0,0
2018-10-03,0,14.0,0.0,9.16667,51,8.464,20.3,22.8157,22.1731,228.0,0
2018-10-03,1,14.5,0.0,9.16667,56,7.094,27.0467,43.0252,12.0104,196.8,0
2018-10-03,2,15.3333,0.0,9.33333,55,5.625,18.1075,34.1418,5.7402,202.725,0
2018-10-03,3,16.0,0.51,9.5,57,7.772,15.59,3.35972,11.8631,202.725,0
2018-10-03,4,16.0,0.51,9.66667,69,10.824,13.145,-28.3462,18.3686,195.0,0
2018-10-03,5,16.1667,0.51,9.83333,65,12.984,16.8075,-55.66,29.6824,187.68,0
2018-10-03,6,16.5,0.51,10.0,63,15.82,14.195,-53.8227,35.9631,180.0,0
2018-10-03,7,16.8333,0.51,9.83333,76,17.86,22.1175,-36.0626,36.0626,229.125,0
2018-10-03,8,17.1667,0.51,9.66667,74,17.79,20.33,-31.2544,40.4548,224.824,0
2018-10-03,9,17.1667,0.0,9.66667,71,13.982,23.678,-26.1218,45.0638,221.0,0
2018-10-03,10,18.8333,0.0,9.83333,62,7.774,20.046,-19.8994,48.0418,224.824,0
2018-10-03,11,21.3333,0.0,10.1667,58,7.396,13.92,4.99106,56.3567,163.4,0
2018-10-03,12,23.6667,0.91,10.5,59,7.522,13.438,18.3849,56.0209,138.092,0
2018-10-03,13,25.8333,0.91,11.1667,64,7.67,11.992,0.0,64.0,127.5,0
2018-10-03,14,27.6667,0.91,11.8333,61,4.074,10.878,0.0,62.0,136.5,0
2018-10-03,15,29.0,1.14,12.3333,52,4.758,10.532,0.0,59.0,144.84,0
2018-10-03,16,29.0,1.14,12.5,52,5.714,9.348,0.0,54.0,167.586,0
2018-10-03,17,27.0,1.14,12.5,59,10.168,12.514,18.3849,49.0209,174.048,0
2018-10-03,18,25.3333,0.23,12.8333,49,17.394,14.14,32.5271,67.4985,139.968,0
2018-10-03,19,22.8333,0.23,12.3333,64,14.775,20.15,32.5271,64.4985,160.615,0
2018-10-03,20,19.5,0.23,11.8333,64,14.552,27.652,24.7488,54.3358,200.34,0
2018-10-03,21,17.0,0.0,11.0,66,11.792,24.486,24.7488,63.3358,207.36,0
2018-10-03,22,15.1667,0.0,10.3333,61,7.935,17.305,10.6066,54.8582,295.2,0
2018-10-03,23,14.3333,0.0,9.5,61,7.2325,12.2575,10.6066,69.8582,247.582,0
2018-10-04,0,13.1667,0.0,8.33333,67,10.98,8.464,10.6066,62.8582,248.88,0
2018-10-04,1,13.0,0.0,7.83333,69,9.82,7.094,0.0,55.0,231.0,0
2018-10-04,2,13.1667,0.0,7.33333,67,8.05,5.625,0.0,59.0,228.48,0
2018-10-04,3,12.6667,0.0,7.16667,62,7.58,7.772,0.0,54.0,273.28,0
2018-10-04,4,11.5,0.0,7.0,62,6.844,10.824,0.0,61.0,276.48,0
2018-10-04,5,10.5,0.0,6.83333,66,7.188,12.984,-5.65688,51.6569,346.48,0
2018-10-04,6,9.5,0.0,6.66667,68,6.85,15.82,-13.9718,55.101,320.32,0
2018-10-04,7,8.83333,0.0,6.5,68,7.354,17.86,-20.3358,46.465,376.2,0
2018-10-04,8,9.33333,0.0,6.5,70,8.295,17.79,-24.1626,41.7038,389.88,0
2018-10-04,9,9.33333,0.0,6.83333,61,8.616,13.982,-24.1626,44.7038,314.743,0
2018-10-04,10,10.5,0.0,7.33333,68,7.102,7.774,-29.1124,42.6536,327.6,0
2018-10-04,11,10.6667,0.0,8.16667,58,7.964,7.396,-4.53391,47.4108,300.667,0
2018-10-04,12,11.5,0.0,9.16667,58,7.644,7.522,-5.24102,48.1179,297.0,0
2018-10-04,13,11.8333,0.0,10.3333,56,7.212,7.67,-1.41422,52.8791,279.138,0
2018-10-04,14,12.0,0.0,11.3333,59,7.98,4.074,3.53555,46.9293,302.08,0
2018-10-04,15,12.6667,0.0,12.1667,53,8.28,4.758,3.53555,60.9293,240.0,0
2018-10-04,16,12.3333,0.0,12.8333,53,12.484,5.714,7.77821,50.1627,297.0,0
2018-10-04,17,12.1667,0.0,13.1667,62,18.498,10.168,7.77821,63.1627,240.0,0
2018-10-04,18,11.1667,0.0,13.0,67,25.9825,17.394,14.1422,55.5267,270.3,0
2018-10-04,19,10.0,0.0,12.5,69,35.786,14.775,14.1422,51.5267,328.714,0
2018-10-04,20,8.16667,0.0,12.0,70,46.24,14.552,9.5228,53.4401,342.514,0
2018-10-04,21,7.0,0.0,11.0,87,48.338,11.792,8.37476,56.2117,371.571,0
2018-10-04,22,5.83333,0.0,9.83333,89,52.205,7.935,12.3748,42.2117,468.218,0
2018-10-04,23,5.33333,0.0,8.83333,86,48.606,7.2325,18.3748,42.2117,448.145,0
2018-10-05,0,5.0,0.0,8.0,90,49.326,10.98,16.5965,32.049,544.615,0
2018-10-05,1,5.0,0.0,7.16667,97,49.435,9.82,12.3539,27.8064,523.477,0
2018-10-05,2,5.66667,0.0,6.33333,94,49.008,8.05,7.73449,12.893,600.4,0
2018-10-05,3,6.16667,0.0,5.83333,95,50.3475,7.58,14.7345,12.893,540.0,0
2018-10-05,4,5.83333,0.0,5.33333,95,51.308,6.844,15.3705,6.52898,558.45,0
2018-10-05,5,5.16667,0.0,4.83333,90,52.74,7.188,11.675,-3.00174,586.56,0
2018-10-05,6,4.5,0.0,4.5,95,51.61,6.85,9.82722,-3.7671,600.0,0
2018-10-05,7,4.5,0.0,4.33333,100,47.312,7.354,12.5989,-6.44586,632.4,0
2018-10-05,8,4.33333,0.0,4.33333,99,43.506,8.295,13.7469,-14.2175,600.0,0
2018-10-05,9,4.33333,0.0,4.0,100,40.728,8.616,9.7469,-20.2175,600.0,0
2018-10-05,10,5.16667,0.0,5.0,69,33.934,7.102,-2.2531,-27.2175,649.0,0
2018-10-05,11,6.0,0.0,6.66667,55,24.61,7.964,-6.32536,-26.419,563.04,0
2018-10-05,12,7.33333,0.0,8.66667,49,17.398,7.644,5.29404,-24.5056,559.543,0
2018-10-05,13,8.66667,0.0,10.8333,47,13.216,7.212,1.29404,-24.5056,530.4,0
2018-10-05,14,9.33333,0.0,13.0,46,13.13,7.98,21.6851,-16.4441,367.2,0
2018-10-05,15,9.83333,0.0,15.6667,45,13.716,8.28,31.6851,-10.4441,314.743,0
2018-10-05,16,10.8333,0.0,17.0,46,16.468,12.484,41.6851,-3.44412,300.0,0
2018-10-05,17,12.0,0.0,17.5,49,18.1,18.498,58.0,0.0,262.08,0
2018-10-05,18,13.0,0.0,17.3333,57,20.114,25.9825,62.0,0.0,249.508,0
2018-10-05,19,12.8333,0.0,16.8333,63,23.2175,35.786,55.0,0.0,231.0,0
2018-10-05,20,12.1667,0.0,15.6667,74,26.87,46.24,57.0,0.0,245.92,0
2018-10-05,21,12.0,0.0,14.1667,75,28.742,48.338,63.0,0.0,257.92,0
2018-10-05,22,10.8333,0.0,13.1667,65,27.3575,52.205,57.0,0.0,307.8,0
2018-10-05,23,10.5,0.0,12.3333,62,26.3625,48.606,35.609,-3.06144,385.125,0
2018-10-06,0,9.83333,0.0,11.6667,64,23.638,49.326,47.609,-3.06144,329.925,1
2018-10-06,1,10.0,0.0,11.0,68,21.745,49.435,43.609,-3.06144,333.9,1
2018-10-06,2,11.3333,0.0,11.0,60,21.164,49.008,38.609,-3.06144,300.667,1
2018-10-06,3,12.6667,0.0,11.0,64,21.3875,50.3475,51.0,0.0,286.7,1
2018-10-06,4,13.5,0.0,10.6667,62,21.762,51.308,56.0,0.0,235.2,1
2018-10-06,5,14.1667,0.0,10.3333,60,21.972,52.74,57.0,0.0,232.615,1
2018-10-06,6,14.5,0.0,10.0,71,22.98,51.61,60.0,0.0,212.914,1
2018-10-06,7,15.0,0.0,10.0,66,28.348,47.312,60.0,0.0,233.365,1
2018-10-06,8,15.5,0.0,9.83333,71,35.488,43.506,59.0,0.0,214.338,1
2018-10-06,9,15.6667,0.0,10.3333,59,38.456,40.728,30.294,-6.50556,202.725,1
2018-10-06,10,16.3333,0.0,11.0,53,39.838,33.934,-16.3358,-13.3938,229.125,1
2018-10-06,11,17.3333,0.0,12.1667,44,40.962,24.61,-15.3358,-13.3938,224.824,1
2018-10-06,12,18.5,0.0,13.6667,42,42.33,17.398,22.3702,-6.88824,191.133,1
2018-10-06,13,19.8333,0.0,15.5,38,37.48,13.216,19.5985,-8.03628,164.965,1
2018-10-06,14,20.3333,0.0,17.5,41,35.156,13.13,26.5985,-8.03628,147.0,1
2018-10-06,15,20.8333,0.0,19.0,40,33.686,13.716,24.5985,-8.03628,153.6,1
2018-10-06,16,21.1667,0.0,20.1667,44,30.782,16.468,65.0,0.0,168.15,1
2018-10-06,17,20.3333,0.0,20.8333,50,33.56,18.1,60.0,0.0,180.0,1
2018-10-06,18,20.5,0.0,21.0,62,35.43,20.114,57.0,0.0,204.8,1
2018-10-06,19,19.1667,0.0,20.3333,67,35.94,23.2175,58.0,0.0,188.779,1
2018-10-06,20,17.6667,0.0,19.1667,70,39.026,26.87,55.0,0.0,201.318,1
2018-10-06,21,16.0,0.0,18.0,71,39.95,28.742,66.0,0.0,187.2,1
2018-10-06,22,15.1667,0.0,17.1667,62,41.615,27.3575,60.0,0.0,263.782,1
2018-10-06,23,14.1667,0.0,16.3333,61,42.0,26.3625,52.0,0.0,297.6,1
2018-10-07,0,12.5,0.0,15.6667,63,44.018,23.638,63.0,0.0,266.325,1
2018-10-07,1,11.6667,0.0,15.3333,64,39.0175,21.745,59.0,0.0,260.945,1
2018-10-07,2,11.3333,0.0,15.1667,65,40.832,21.164,37.8373,-4.20948,260.945,1
2018-10-07,3,11.0,0.0,15.0,66,36.82,21.3875,18.5224,-7.6536,307.8,1
2018-10-07,4,10.3333,0.51,14.8333,65,37.796,21.762,-3.79252,-11.0977,341.127,1
2018-10-07,5,9.66667,0.51,14.5,68,41.498,21.972,-4.79252,-11.0977,359.9,1
2018-10-07,6,9.33333,0.51,14.5,70,39.064,22.98,2.20748,-11.0977,345.6,1
2018-10-07,7,9.16667,0.51,14.3333,75,40.922,28.348,-19.0313,-14.9245,360.0,1
2018-10-07,8,8.5,0.51,14.5,76,39.428,35.488,1.13136,-10.715,352.8,1
2018-10-07,9,8.0,0.51,14.8333,71,38.758,38.456,7.53288,-2.65152,409.867,1
2018-10-07,10,7.83333,0.0,15.1667,71,37.202,39.838,3.29022,1.59114,388.267,1
2018-10-07,11,8.66667,0.0,16.0,60,32.136,40.962,5.24115,11.3993,400.68,1
2018-10-07,12,8.5,0.0,16.8333,55,28.7,42.33,0.24115,11.3993,403.68,1
2018-10-07,13,8.16667,0.0,18.0,52,27.886,37.48,18.4799,15.226,417.72,1
2018-10-07,14,9.0,0.0,19.1667,50,27.762,35.156,12.8231,20.8829,373.32,1
2018-10-07,15,9.5,0.0,20.3333,48,25.66,33.686,4.73647,26.2635,332.8,1
2018-10-07,16,9.16667,0.0,21.1667,48,26.06,30.782,8.97913,31.0209,325.867,1
2018-10-07,17,8.83333,0.0,21.6667,47,28.228,33.56,10.3934,29.6066,381.9,1
2018-10-07,18,9.0,0.0,21.6667,52,27.204,35.43,-1.60665,39.6067,380.8,1
2018-10-07,19,9.83333,0.0,21.0,61,32.26,35.94,-3.53555,46.6777,356.4,1
2018-10-07,20,10.5,0.0,19.8333,67,27.964,39.026,11.3138,50.2133,312.12,1
2018-10-07,21,11.1667,0.0,18.3333,67,15.68,39.95,21.2133,41.1128,281.657,1
2018-10-07,22,11.8333,0.0,16.8333,67,10.2475,41.615,38.1735,41.1379,240.0,1
2018-10-07,23,11.8333,0.0,15.0,70,9.63,42.0,41.2651,28.2763,291.877,1
2018-10-08,0,11.3333,0.0,13.3333,71,8.832,44.018,50.5039,32.1031,259.2,0
2018-10-08,1,10.3333,0.0,12.0,74,8.86,39.0175,47.7786,25.5894,328.714,0
2018-10-08,2,9.16667,0.0,11.0,73,8.4,40.832,52.7284,30.5392,320.914,0
2018-10-08,3,7.83333,0.0,10.0,78,10.9475,36.82,47.7786,25.5894,390.831,0
2018-10-08,4,6.83333,0.0,9.16667,77,11.428,37.796,51.3142,30.2088,396.277,0
2018-10-08,5,6.0,0.0,8.66667,75,11.63,41.498,42.8393,28.7695,482.727,0
2018-10-08,6,5.66667,0.0,8.33333,75,13.352,39.064,47.4587,30.6829,477.164,0
2018-10-08,7,5.33333,0.0,8.33333,79,12.23,40.922,42.296,26.4734,559.32,0
2018-10-08,8,5.5,0.0,8.16667,85,11.68,39.428,47.296,26.4734,544.32,0
2018-10-08,9,6.0,0.0,8.33333,75,13.406,38.758,45.4482,19.5852,536.057,0
2018-10-08,10,6.33333,0.0,8.66667,67,13.782,37.202,46.3721,13.845,517.029,0
2018-10-08,11,6.83333,0.0,9.5,59,11.07,32.136,44.1011,2.42808,517.029,0
2018-10-08,12,7.16667,0.0,10.3333,56,12.354,28.7,35.6158,-15.1411,505.44,0
2018-10-08,13,7.33333,0.0,11.1667,51,13.386,27.886,29.4015,-25.1438,461.76,0
2018-10-08,14,7.0,0.0,12.3333,52,15.972,27.762,27.0782,-32.6005,440.64,0
2018-10-08,15,6.16667,0.0,13.3333,47,17.296,25.66,17.8355,-36.8431,420.0,0
2018-10-08,16,6.0,0.0,14.3333,42,23.78,26.06,13.9835,-39.6148,503.25,0
2018-10-08,17,5.33333,0.0,14.8333,55,25.354,28.228,2.34984,-32.3107,538.65,0
2018-10-08,18,5.0,0.0,15.0,61,35.286,27.204,-0.4786,-29.4822,532.65,0
2018-10-08,19,5.0,0.0,14.6667,74,43.5925,32.26,-7.86964,-21.4208,575.143,0
2018-10-08,20,5.0,0.0,13.8333,86,55.918,27.964,-16.0917,-12.6576,607.05,0
2018-10-08,21,5.16667,0.0,12.8333,94,63.43,15.68,-21.635,-10.3615,558.45,0
2018-10-08,22,5.0,0.0,11.5,92,67.26,10.2475,-21.635,-6.36148,620.229,0
2018-10-08,23,5.16667,0.0,9.83333,94,59.4225,9.63,-20.8696,-4.51372,649.0,0
2018-10-09,0,5.16667,0.0,8.5,100,51.148,8.832,-20.8696,-9.51372,600.0,0
2018-10-09,1,4.83333,0.0,7.5,100,53.0725,8.86,-23.1657,-8.97044,622.2,0
2018-10-09,2,4.5,0.0,6.83333,95,51.084,8.4,-20.4537,-8.4233,600.0,0
2018-10-09,3,4.66667,0.0,6.16667,100,54.9825,10.9475,-21.6018,-9.65166,644.8,0
2018-10-09,4,4.66667,0.0,5.66667,100,53.38,11.428,-13.8236,-17.4299,627.3,0
2018-10-09,5,4.5,0.0,5.16667,100,56.068,11.63,-10.9951,-25.2583,624.24,0
2018-10-09,6,4.5,0.0,4.83333,100,57.916,13.352,-12.5259,-33.9538,667.8,0
2018-10-09,7,4.16667,0.0,4.66667,100,61.032,12.23,-5.06917,-40.8693,691.2,0
2018-10-09,8,4.33333,0.0,4.83333,95,66.996,11.68,-4.30381,-42.7171,707.2,0
2018-10-09,9,4.33333,0.0,5.5,97,69.68,13.406,-2.29608,-48.5487,688.5,0
2018-10-09,10,4.5,0.0,6.5,90,66.36,13.782,-5.83163,-48.0842,685.44,0
2018-10-09,11,5.0,0.0,8.0,77,61.854,11.07,-9.46151,-45.7609,660.0,0
2018-10-09,12,4.83333,0.0,9.5,72,58.472,12.354,-14.4113,-40.7107,655.2,0
2018-10-09,13,5.66667,0.0,11.1667,71,52.244,13.386,-15.709,-39.8436,655.2,0
2018-10-09,14,5.5,0.0,12.8333,67,44.98,15.972,-20.6588,-40.7934,600.0,0
2018-10-09,15,5.33333,0.0,14.6667,50,39.944,17.296,-24.1943,-41.2578,624.24,0
2018-10-09,16,5.5,0.0,16.5,48,46.364,23.78,-27.8898,-37.7886,627.3,0
2018-10-09,17,4.66667,0.0,17.6667,58,44.586,25.354,-30.9513,-35.9408,581.4,0
2018-10-09,18,5.0,0.0,18.1667,71,49.558,35.286,-32.482,-35.9408,635.04,0
2018-10-09,19,5.33333,0.0,18.1667,78,58.985,43.5925,-34.4897,-34.7013,610.56,0
2018-10-09,20,5.5,0.0,17.5,89,65.904,55.918,-30.9542,-40.1658,540.0,0
2018-10-09,21,5.5,0.0,16.3333,87,64.34,63.43,-25.4109,-42.8697,579.429,0
2018-10-09,22,5.16667,0.0,14.6667,82,60.985,67.26,-23.2896,-40.7484,592.8,0
2018-10-09,23,5.66667,0.0,13.3333,84,59.7325,59.4225,-20.4611,-42.9199,620.229,0
2018-10-10,0,5.33333,0.0,12.3333,91,61.208,51.148,-19.0469,-41.5057,620.1,0
2018-10-10,1,4.66667,0.0,11.3333,91,60.45,53.0725,-20.5776,-41.2012,620.1,0
2018-10-10,2,4.66667,0.0,10.6667,92,59.566,51.084,-13.3466,-43.2061,641.143,0
2018-10-10,3,4.66667,0.0,10.0,92,62.77,54.9825,-16.8821,-46.7416,600.0,0
2018-10-10,4,4.66667,0.0,9.33333,99,64.196,53.38,-17.1335,-39.9574,626.4,0
2018-10-10,5,4.83333,0.0,8.83333,96,67.362,56.068,-6.97083,-39.5747,688.267,0
2018-10-10,6,5.16667,0.0,8.5,93,67.966,57.916,-1.42755,-41.8708,637.867,0
2018-10-10,7,5.16667,0.0,8.0,100,71.234,61.032,2.81511,-37.1135,624.24,0
2018-10-10,8,5.33333,0.0,7.83333,100,72.88,66.996,0.90171,-36.7329,600.0,0
2018-10-10,9,5.83333,0.0,8.0,98,71.898,69.68,1.43407,-34.4477,635.04,0
2018-10-10,10,6.5,0.0,9.0,86,67.418,66.36,2.29086,-37.3793,566.1,0
2018-10-10,11,6.66667,0.0,10.3333,72,55.31,61.854,-6.07796,-36.5122,524.16,0
2018-10-10,12,7.33333,0.0,12.0,65,48.318,58.472,-1.52565,-37.9131,505.44,0
2018-10-10,13,8.5,0.0,14.6667,55,40.868,52.244,-9.97185,-45.2385,420.0,0
2018-10-10,14,9.0,0.0,17.1667,49,37.124,44.98,-22.4366,-45.167,385.0,0
2018-10-10,15,9.66667,0.0,19.5,42,35.598,39.944,-26.5045,-45.9877,345.257,0
2018-10-10,16,9.66667,0.0,21.0,45,36.072,46.364,-31.6039,-47.2987,312.8,0
2018-10-10,17,9.83333,0.0,21.8333,50,40.456,44.586,-30.8761,-37.9117,346.92,0
2018-10-10,18,9.83333,0.0,21.8333,63,39.942,49.558,-38.2671,-40.9731,312.12,0
2018-10-10,19,9.16667,0.0,21.1667,63,45.0375,58.985,-41.5114,-38.8054,333.9,0
2018-10-10,20,9.0,0.0,20.0,75,52.222,65.904,-36.9193,-35.7189,352.8,0
2018-10-10,21,7.83333,0.0,18.5,82,48.964,64.34,-30.5553,-37.3549,385.527,0
2018-10-10,22,7.5,0.0,17.0,84,47.6025,60.985,-30.5553,-41.3549,398.945,0
2018-10-10,23,7.0,0.0,15.6667,85,49.2625,59.7325,-22.7771,-40.5767,432.667,0
2018-10-11,0,6.33333,0.0,14.6667,86,47.706,61.208,-22.7771,-45.5767,420.0,0
2018-10-11,1,6.33333,0.0,13.3333,95,48.18,60.45,-14.4621,-48.1325,452.4,0
2018-10-11,2,6.33333,0.0,12.3333,93,50.256,59.566,-7.0711,-53.0711,479.52,0
2018-10-11,3,7.0,0.0,11.5,94,50.75,62.77,0.0,-54.0,486.0,0
2018-10-11,4,7.33333,0.0,10.8333,95,52.722,64.196,0.0,-54.0,486.0,0
2018-10-11,5,8.0,0.0,10.1667,96,56.214,67.362,0.0,-51.0,460.8,0
2018-10-11,6,8.33333,0.0,9.66667,100,58.632,67.966,0.0,-53.0,399.36,0
2018-10-11,7,8.33333,0.0,9.5,100,56.362,71.234,-3.06144,-55.391,360.0,0
2018-10-11,8,7.83333,0.0,9.5,93,59.072,72.88,-8.71832,-55.0479,360.0,0
2018-10-11,9,7.5,0.0,10.0,96,61.474,71.898,-10.6317,-51.6673,405.45,0
2018-10-11,10,7.83333,0.0,10.6667,80,56.008,67.418,-14.8744,-47.91,437.25,0
2018-10-11,11,7.66667,0.0,11.8333,65,52.408,55.31,-22.6526,-47.6882,402.8,0
2018-10-11,12,7.66667,0.0,13.3333,61,46.014,48.318,-22.6526,-46.6882,417.6,0
2018-10-11,13,8.16667,0.0,15.5,49,38.322,40.868,-25.714,-45.0792,421.2,0
2018-10-11,14,9.66667,0.0,17.8333,43,32.87,37.124,-30.4308,-45.4664,374.85,0
2018-10-11,15,11.1667,0.0,19.8333,38,30.562,35.598,-28.5174,-40.847,341.127,0
2018-10-11,16,11.8333,0.0,21.3333,41,31.99,36.072,-34.5974,-38.809,265.2,0
2018-10-11,17,12.8333,0.0,22.1667,58,31.54,40.456,-42.1426,-34.0246,238.255,0
2018-10-11,18,13.3333,0.0,22.5,71,37.344,39.942,-47.2987,-31.6039,230.4,0
2018-10-11,19,12.8333,0.0,21.8333,72,42.9775,45.0375,-47.5618,-25.9138,264.0,0
2018-10-11,20,11.5,0.0,20.3333,78,45.226,52.222,-54.9529,-28.9753,257.92,0
2018-10-11,21,10.0,0.0,18.5,90,47.02,48.964,-45.3373,-27.4777,346.48,0
2018-10-11,22,8.66667,0.0,17.1667,78,47.5125,47.6025,-45.3373,-33.4777,352.0,0
2018-10-11,23,7.5,0.0,16.0,79,50.7125,49.2625,-37.4095,-29.3383,435.771,0
2018-10-12,0,7.0,0.0,14.8333,82,55.734,47.706,-37.4095,-36.3383,419.571,0
2018-10-12,1,6.66667,0.0,13.6667,96,57.2325,48.18,-27.5366,-38.3718,468.218,0
2018-10-12,2,7.0,0.0,13.0,94,58.12,50.256,-27.5366,-44.3718,448.145,0
2018-10-12,3,7.33333,0.0,12.1667,94,60.36,50.75,-14.3125,-47.5533,452.4,0
2018-10-12,4,7.16667,0.0,11.3333,94,58.818,52.722,-3.85998,-51.8829,420.0,0
2018-10-12,5,7.0,0.0,10.6667,90,58.124,56.214,0.38268,-53.6403,420.0,0
2018-10-12,6,7.0,0.0,10.1667,87,58.844,58.632,0.38268,-53.6403,437.143,0
2018-10-12,7,7.33333,0.0,10.0,96,56.79,56.362,3.06144,-55.1731,420.0,0
2018-10-12,8,7.0,0.0,10.0,94,54.262,59.072,0.0,-55.5642,420.0,0
2018-10-12,9,7.33333,0.0,10.8333,82,52.88,61.474,-2.48184,-50.4692,420.0,0
2018-10-12,10,8.5,0.0,11.8333,71,50.068,56.008,-12.6144,-44.1493,453.6,0
2018-10-12,11,10.1667,0.0,13.3333,54,48.742,52.408,-2.67582,-30.7582,385.0,0
2018-10-12,12,11.8333,0.0,15.1667,45,47.252,46.014,13.3242,-16.7582,305.25,0
2018-10-12,13,13.6667,0.0,17.1667,43,43.84,38.322,39.9289,-7.0711,209.88,0
2018-10-12,14,15.5,0.0,19.1667,41,43.75,32.87,53.0,0.0,212.625,0
2018-10-12,15,16.6667,0.0,20.6667,39,42.176,30.562,54.0,0.0,213.333,0
2018-10-12,16,16.5,0.0,21.6667,38,43.824,31.99,53.0,0.0,225.095,0
2018-10-12,17,16.0,0.0,22.0,45,43.13,31.54,65.0,0.0,208.042,0
2018-10-12,18,14.8333,0.0,21.5,53,46.366,37.344,59.0,0.0,241.553,0
2018-10-12,19,13.0,0.0,20.6667,58,56.404,42.9775,53.0,0.0,293.647,0
2018-10-12,20,11.0,0.0,19.5,67,58.48,45.226,61.0,0.0,292.518,0
2018-10-12,21,8.66667,0.0,17.8333,77,61.214,47.02,56.3806,-1.9134,309.6,0
2018-10-12,22,7.66667,0.0,16.0,92,60.8475,47.5125,37.2593,-4.03473,420.0,0
2018-10-12,23,6.16667,0.0,14.3333,93,57.9375,50.7125,34.9632,-9.57801,410.4,0
2018-10-13,0,5.16667,0.0,13.0,97,56.614,55.734,34.9632,-13.578,420.0,1
2018-10-13,1,4.66667,0.0,11.8333,98,54.92,57.2325,21.0498,-18.1974,530.031,1
2018-10-13,2,4.66667,0.0,10.6667,92,56.212,58.12,19.1364,-22.8168,523.477,1
2018-10-13,3,4.83333,0.0,10.1667,89,55.665,60.36,6.13639,-27.8168,624.327,1
2018-10-13,4,5.16667,0.0,10.0,88,58.788,58.818,4.60567,-31.5123,624.0,1
2018-10-13,5,5.33333,0.0,9.83333,89,60.504,58.124,-12.0512,-37.1692,635.25,1
2018-10-13,6,5.83333,0.0,9.83333,88,62.702,58.844,-15.5868,-40.7048,600.0,1
2018-10-13,7,5.83333,0.0,9.66667,95,62.014,56.79,-22.0288,-46.1824,540.0,1
2018-10-13,8,6.33333,0.0,9.83333,95,61.112,54.262,-21.8209,-48.6805,561.0,1
2018-10-13,9,7.0,0.0,10.3333,89,58.952,52.88,-22.5862,-46.5282,524.16,1
2018-10-13,10,7.16667,0.0,11.0,77,53.826,50.068,-21.8209,-44.6805,505.44,1
2018-10-13,11,7.83333,0.0,12.5,54,50.072,48.742,-28.6051,-39.4291,470.25,1
2018-10-13,12,8.5,0.0,14.1667,47,42.576,47.252,-31.2631,-37.2163,419.76,1
2018-10-13,13,10.1667,0.0,16.3333,43,42.142,43.84,-33.1514,-34.775,375.84,1
2018-10-13,14,11.1667,0.0,18.5,41,35.434,43.75,-42.0348,-28.5048,305.25,1
2018-10-13,15,11.5,0.0,20.1667,38,31.368,42.176,-51.9077,-26.4713,240.0,1
2018-10-13,16,11.8333,0.0,21.5,37,36.796,43.824,-44.5166,-23.4098,286.7,1
2018-10-13,17,12.1667,0.0,21.8333,53,39.114,43.13,-33.5166,-23.4098,240.0,1
2018-10-13,18,11.5,0.0,21.5,71,46.22,46.366,-35.194,-19.134,276.48,1
2018-10-13,19,10.5,0.0,20.6667,71,56.955,56.404,-28.7268,-16.4552,339.429,1
2018-10-13,20,8.83333,0.0,19.5,72,65.09,58.48,-35.0908,-22.8192,310.371,1
2018-10-13,21,7.83333,0.0,18.0,83,62.988,61.214,-23.6872,-21.1572,389.88,1
2018-10-13,22,6.83333,0.0,16.5,81,64.5525,60.8475,-25.2179,-24.8527,400.68,1
2018-10-13,23,6.33333,0.0,14.6667,97,62.0275,57.9375,-17.8925,-25.6453,482.727,1
2018-10-14,0,6.0,0.0,13.3333,94,62.65,56.614,-17.8925,-33.6454,433.964,1
2018-10-14,1,5.5,0.0,12.1667,96,68.3175,54.92,-28.8925,-39.6454,507.055,1
2018-10-14,2,5.83333,0.0,11.1667,99,71.484,56.212,-28.8925,-45.6454,480.0,1
2018-10-14,3,6.5,0.0,10.5,90,72.625,55.665,-18.7299,-47.4359,514.8,1
2018-10-14,4,7.0,0.0,10.0,85,71.242,58.788,-8.27739,-51.7655,530.0,1
2018-10-14,5,6.66667,0.0,9.83333,90,65.806,60.504,-0.38268,-49.706,492.9,1
2018-10-14,6,7.16667,0.0,9.66667,88,61.344,62.702,3.44412,-51.5537,461.76,1
2018-10-14,7,7.5,0.0,9.5,100,56.064,62.014,8.80164,-55.2492,436.05,1
2018-10-14,8,8.0,0.0,9.5,93,54.226,61.112,16.8016,-41.2492,451.0,1
2018-10-14,9,7.83333,0.0,10.0,82,53.174,58.952,20.2458,-43.5642,395.2,1
2018-10-14,10,8.83333,0.0,10.8333,64,46.842,53.826,20.2458,-44.5642,405.45,1
2018-10-14,11,10.1667,0.0,12.3333,50,40.77,50.072,4.25,-34.5306,349.8,1
2018-10-14,12,11.8333,0.0,14.1667,41,33.914,42.576,-6.84772,-33.6068,319.2,1
2018-10-14,13,13.5,0.0,16.1667,41,26.588,42.142,-35.8456,-32.5628,218.057,1
2018-10-14,14,15.1667,0.0,18.1667,39,22.902,35.434,-39.5411,-27.0935,221.4,1
2018-10-14,15,17.3333,0.0,19.8333,39,23.22,31.368,-51.7373,-21.4301,202.926,1
2018-10-14,16,18.1667,0.0,20.8333,40,22.416,36.796,-52.6612,-21.8128,191.133,1
2018-10-14,17,18.5,0.0,21.3333,48,24.668,39.114,-53.585,-22.1954,188.779,1
2018-10-14,18,17.6667,0.0,21.0,63,29.342,46.22,-50.8134,-21.0474,214.5,1
2018-10-14,19,16.1667,0.0,20.3333,62,28.8325,56.955,-63.7477,-26.4049,186.66,1
2018-10-14,20,13.6667,0.0,19.5,56,30.088,65.09,-53.585,-22.1954,261.979,1
2018-10-14,21,11.1667,0.0,18.1667,58,28.92,62.988,-56.4135,-19.367,298.8,1
2018-10-14,22,9.66667,0.0,16.8333,52,28.5025,64.5525,-59.949,-22.9025,318.568,1
2018-10-14,23,8.66667,0.0,15.3333,53,29.084,62.0275,-49.4664,-22.7027,382.8,1
2018-10-15,0,8.16667,0.0,14.3333,57,32.5425,62.65,-38.5111,-25.8186,435.771,0
2018-10-15,1,8.0,0.0,13.5,57,32.6025,68.3175,-42.7206,-35.9813,371.571,0
2018-10-15,2,9.33333,0.0,12.6667,65,31.4025,71.484,-37.1773,-33.6852,388.267,0
2018-10-15,3,10.3333,0.0,12.1667,61,30.9575,72.625,-30.9837,-38.0193,346.92,0
2018-10-15,4,10.6667,0.0,12.0,63,32.9425,71.242,-31.6908,-38.7264,334.08,0
2018-10-15,5,11.5,0.0,12.1667,61,39.628,65.806,-36.3494,-37.973,317.127,0
2018-10-15,6,11.6667,0.0,12.3333,64,38.678,61.344,-42.7465,-38.4169,240.0,0
2018-10-15,7,12.6667,0.0,12.3333,62,43.716,56.064,-46.4421,-39.9477,240.0,0
2018-10-15,8,12.8333,0.0,12.6667,63,43.042,54.226,-43.1129,-29.0416,265.5,0
2018-10-15,9,13.1667,0.0,13.1667,59,39.414,53.174,-46.638,-25.5312,273.28,0
2018-10-15,10,14.3333,0.0,13.8333,50,39.514,46.842,-48.0418,-19.8994,276.0,0
2018-10-15,11,15.8333,0.0,14.6667,37,37.948,40.77,-17.9552,-15.3072,221.571,0
2018-10-15,12,17.5,0.0,15.6667,33,34.744,33.914,30.9896,-4.97484,173.631,0
2018-10-15,13,18.8333,0.0,17.0,31,30.106,26.588,65.0,0.0,143.242,0
2018-10-15,14,20.0,0.0,18.1667,31,30.266,22.902,68.0,0.0,151.2,0
2018-10-15,15,20.5,0.0,19.5,27,28.838,23.22,25.5224,-7.6536,164.509,0
2018-10-15,16,20.5,0.0,20.3333,29,25.0875,22.416,19.5224,-7.6536,202.473,0
2018-10-15,17,19.0,0.0,20.6667,32,35.966,24.668,16.5224,-7.6536,214.5,0
2018-10-15,18,17.0,0.0,20.5,35,39.308,29.342,31.5224,-7.6536,180.0,0
2018-10-15,19,14.1667,0.0,19.8333,43,49.7975,28.8325,60.0,0.0,226.8,0
2018-10-15,20,11.3333,0.0,18.6667,53,53.362,30.088,65.0,0.0,248.625,0
2018-10-15,21,9.33333,0.0,17.0,57,45.148,28.92,46.2284,-1.14804,393.537,0
2018-10-15,22,7.5,0.0,15.5,61,40.6875,28.5025,46.2284,-5.14804,429.726,0
2018-10-15,23,6.5,0.0,14.1667,63,38.81,29.084,40.5715,-10.8049,413.368,0
2018-10-16,0,6.33333,0.0,13.0,66,38.664,32.5425,15.2075,-17.1689,492.88,0
2018-10-16,1,6.33333,0.0,12.1667,68,36.8025,32.6025,11.7634,-25.4838,445.12,0
2018-10-16,2,7.16667,0.0,11.5,69,39.05,31.4025,-5.15003,-30.1032,526.68,0
2018-10-16,3,7.33333,0.0,11.0,66,38.1075,30.9575,-18.2115,-37.4943,505.44,0
2018-10-16,4,7.83333,0.0,11.0,59,43.482,32.9425,-27.8309,-39.4077,478.4,0
2018-10-16,5,7.83333,0.0,11.0,58,46.986,39.628,-35.2219,-38.4691,405.45,0
2018-10-16,6,7.66667,0.0,11.0,58,51.344,38.678,-37.8799,-36.2563,402.8,0
2018-10-16,7,8.0,0.0,11.0,64,51.182,43.716,-38.907,-32.9538,417.6,0
2018-10-16,8,7.33333,0.0,11.3333,62,48.028,43.042,-28.4629,-24.6389,399.36,0
2018-10-16,9,8.0,0.0,11.3333,67,47.462,39.414,-30.245,-21.5502,453.6,0
2018-10-16,10,8.16667,0.0,11.6667,49,48.934,39.514,-27.1836,-23.1592,399.36,0
2018-10-16,11,8.83333,0.0,12.5,40,47.2,37.948,-33.6507,-25.8379,372.764,0
2018-10-16,12,9.66667,0.0,13.8333,33,40.342,34.744,-15.1731,-31.1843,371.25,0
2018-10-16,13,11.3333,0.0,15.3333,29,37.094,30.106,-14.7821,-41.1229,302.1,0
2018-10-16,14,13.3333,0.0,16.8333,33,34.076,30.266,-26.7925,-37.0977,245.1,0
2018-10-16,15,15.0,0.0,18.8333,32,33.048,28.838,-30.488,-38.6284,214.338,0
2018-10-16,16,14.8333,0.0,20.0,30,32.386,25.0875,-48.0418,-19.8994,224.824,0
2018-10-16,17,15.0,0.0,20.5,37,33.23,35.966,-58.2044,-24.1088,209.647,0
2018-10-16,18,14.6667,0.0,20.8333,35,39.352,39.308,-55.4328,-22.9608,226.8,0
2018-10-16,19,14.1667,0.0,20.6667,40,31.6725,49.7975,-29.6507,-16.8379,286.989,0
2018-10-16,20,12.8333,0.0,19.8333,49,38.546,53.362,-15.6507,-16.8379,240.0,0
2018-10-16,21,10.3333,0.0,18.5,53,41.07,45.148,9.903,-9.567,271.745,0
2018-10-16,22,9.5,0.0,17.0,59,39.39,40.6875,24.0657,-5.35752,372.6,0
2018-10-16,23,7.83333,0.0,15.5,61,42.3225,38.81,30.0657,-5.35752,376.2,0
2018-10-17,0,7.16667,0.0,14.0,58,39.456,38.664,34.0657,-5.35752,395.229,0
2018-10-17,1,5.83333,0.0,12.6667,67,37.9775,36.8025,54.0,0.0,453.927,0
2018-10-17,2,6.0,0.0,11.8333,64,42.286,39.05,60.0,0.0,433.964,0
2018-10-17,3,6.5,0.0,11.3333,63,42.4825,38.1075,42.636,-6.36399,499.2,0
2018-10-17,4,7.16667,0.0,11.3333,62,46.712,43.482,25.9573,-12.8312,538.65,0
2018-10-17,5,8.16667,0.0,11.5,59,51.136,46.986,10.8862,-19.9023,443.7,0
2018-10-17,6,8.16667,0.0,11.5,59,47.5525,51.344,-6.18495,-26.9733,382.5,0
2018-10-17,7,8.83333,0.0,11.6667,62,56.034,51.182,-15.1347,-31.9231,375.943,0
2018-10-17,8,8.33333,0.0,11.8333,60,57.282,48.028,-35.2058,-38.9942,380.8,0
2018-10-17,9,8.33333,0.0,12.1667,65,57.972,47.462,-37.5019,-44.5375,360.0,0
2018-10-17,10,8.33333,0.0,12.5,60,57.96,48.934,-33.8167,-44.6407,360.0,0
2018-10-17,11,7.83333,0.0,13.5,48,57.576,47.2,-40.3767,-42.0003,360.0,0
2018-10-17,12,8.33333,0.0,14.6667,43,51.698,40.342,-38.2554,-39.879,400.68,0
2018-10-17,13,8.33333,0.0,16.0,41,48.276,37.094,-35.0111,-42.0467,360.0,0
2018-10-17,14,9.16667,0.0,17.5,35,45.1,34.076,-37.1324,-44.168,360.0,0
2018-10-17,15,10.1667,0.0,18.6667,36,45.0,33.048,-37.9279,-35.7631,329.829,0
2018-10-17,16,10.6667,0.0,19.3333,39,50.572,32.386,-38.0208,-30.444,326.4,0
2018-10-17,17,11.0,0.0,19.3333,56,51.25,33.23,-45.0815,-30.4691,273.48,0
2018-10-17,18,11.3333,0.0,18.8333,64,52.168,39.352,-47.6186,-27.5942,285.12,0
2018-10-17,19,11.1667,0.0,18.0,63,58.416,31.6725,-49.0329,-29.0085,271.745,0
2018-10-17,20,10.1667,0.0,16.6667,70,57.4575,38.546,-45.2342,-31.163,310.431,0
2018-10-17,21,8.66667,0.0,15.3333,82,60.648,41.07,-48.7697,-34.6985,321.6,0
2018-10-17,22,8.5,0.0,14.6667,69,60.7775,39.39,-33.9309,-32.5521,427.938,0
2018-10-17,23,8.5,0.0,13.8333,68,62.475,42.3225,-30.4057,-36.0626,409.867,0
2018-10-18,0,7.66667,0.0,13.1667,73,65.836,39.456,-27.4859,-38.0135,433.1,0
2018-10-18,1,7.16667,0.0,12.6667,75,68.83,37.9775,-27.4859,-45.0135,410.4,0
2018-10-18,2,7.16667,0.0,12.3333,75,64.378,42.286,-19.0005,-42.5282,463.6,0
2018-10-18,3,7.0,0.56,12.1667,83,56.5625,42.4825,-23.6199,-44.4416,450.667,0
2018-10-18,4,6.16667,0.56,11.8333,88,52.4625,46.712,-20.0276,-39.2257,505.44,0
2018-10-18,5,5.5,0.56,11.6667,90,44.594,51.136,-22.9592,-38.3689,443.7,0
2018-10-18,6,5.5,0.56,11.6667,93,45.94,47.5525,-20.7876,-35.5404,533.6,0
2018-10-18,8,5.33333,0.56,11.8333,91,34.37,57.282,-17.2772,-39.0656,547.2,0
2018-10-18,9,6.33333,0.0,12.1667,86,45.062,57.972,-20.1056,-41.894,540.0,0
2018-10-18,10,6.5,0.0,12.5,81,43.982,57.96,-24.9764,-30.0232,561.6,0
2018-10-18,11,6.66667,0.0,13.3333,66,40.595,57.576,-16.9764,-24.0232,501.84,0
2018-10-18,12,6.33333,0.0,14.3333,58,41.4617,51.698,-3.58536,-20.9618,509.143,0
2018-10-18,13,6.5,0.0,15.3333,62,43.2871,48.276,-8.20476,-19.0484,480.0,0
2018-10-18,14,6.5,0.0,16.5,61,39.892,45.1,-13.2048,-19.0484,509.143,0
2018-10-18,15,5.66667,0.0,17.6667,58,39.256,45.0,-14.7355,-15.3528,498.343,0
2018-10-18,16,5.16667,0.0,18.5,62,41.578,50.572,-8.05672,-8.88568,540.6,0
2018-10-18,17,5.0,0.0,18.6667,75,74.36,51.25,-10.38,-1.429,530.4,0
2018-10-18,18,4.83333,0.0,18.3333,77,58.556,52.168,-12.171,-0.51396,582.4,0
2018-10-18,19,3.83333,0.0,17.8333,80,64.9875,58.416,-13.7017,3.18156,575.467,0
2018-10-18,20,3.83333,0.0,16.8333,90,76.014,57.4575,-14.0844,4.10544,618.8,0
2018-10-18,21,3.83333,0.0,15.5,94,74.434,60.648,-8.59792,10.378,701.25,0
2018-10-18,22,3.33333,0.0,14.1667,92,72.2075,60.7775,-4.59792,10.378,680.85,0
2018-10-18,23,3.33333,0.0,12.6667,99,71.965,62.475,-10.5979,10.378,781.0,0
2018-10-19,0,3.5,0.0,11.5,100,70.9575,65.836,-8.68452,5.7586,720.0,0
2018-10-19,1,4.16667,0.0,10.5,100,71.9775,68.83,-11.149,10.378,720.0,0
2018-10-19,2,4.33333,0.0,9.83333,100,74.7025,64.378,-11.149,10.378,766.629,0
2018-10-19,3,4.5,0.0,9.5,98,75.95,56.5625,-4.68181,18.0568,749.7,0
2018-10-19,4,5.16667,0.0,9.16667,99,72.335,52.4625,0.38446,17.8968,720.0,0
2018-10-19,5,6.16667,0.0,9.16667,96,60.3,44.594,-1.29222,21.5267,764.64,0
2018-10-19,6,6.66667,0.0,9.16667,97,58.45,45.94,13.0188,28.9833,592.8,0
2018-10-19,8,7.33333,0.0,8.83333,100,72.16,34.37,13.5907,45.1653,483.36,0
2018-10-19,9,8.0,0.0,8.66667,100,70.236,45.062,15.0049,47.0131,440.64,0
2018-10-19,10,8.66667,0.23,9.0,85,67.706,43.982,25.9883,48.4146,399.36,0
2018-10-19,11,8.5,0.23,9.5,77,66.58,40.595,31.82,46.4069,411.927,0
2018-10-19,12,8.83333,0.23,10.1667,70,64.302,41.4617,31.1128,45.483,401.85,0
2018-10-19,13,9.16667,0.23,11.1667,73,63.638,43.2871,32.5271,47.3308,361.029,0
2018-10-19,14,9.5,0.23,12.3333,67,63.312,39.892,38.891,46.6948,329.829,0
2018-10-19,15,9.5,0.23,13.5,60,66.304,39.256,40.3053,46.5916,325.867,0
2018-10-19,16,9.0,0.0,14.3333,62,68.686,41.578,40.3053,44.6407,337.08,0
2018-10-19,17,8.33333,0.0,14.8333,75,67.164,74.36,39.7013,40.2483,376.32,0
2018-10-19,18,7.5,0.23,14.6667,87,69.298,58.556,45.2446,42.5444,360.0,0
2018-10-19,19,6.83333,0.23,14.3333,88,65.465,64.9875,42.7929,35.219,429.0,0
2018-10-19,20,6.16667,0.23,13.8333,89,72.038,76.014,47.7929,35.219,420.0,0
2018-10-19,21,5.5,0.23,13.1667,87,70.92,74.434,45.3412,24.0668,482.4,0
2018-10-19,22,5.16667,0.23,12.5,84,66.73,72.2075,38.9772,12.7028,549.067,0
2018-10-19,23,5.0,0.23,12.0,81,67.1175,71.965,43.9772,12.7028,530.0,0
2018-10-20,0,5.0,0.0,11.8333,88,63.84,70.9575,32.9938,4.42543,600.4,1
2018-10-20,1,5.0,0.0,11.6667,86,65.5875,71.9775,29.4583,0.88988,575.467,1
2018-10-20,2,5.0,0.0,11.5,83,63.168,74.7025,18.4749,-3.56071,620.229,1
2018-10-20,3,5.0,0.0,11.3333,82,64.536,75.95,8.47218,-2.70392,649.0,1
2018-10-20,4,4.66667,0.0,11.1667,85,67.48,72.335,13.4722,-2.70392,600.0,1
2018-10-20,5,4.5,0.0,11.0,77,67.688,60.3,10.9289,-5.0,648.96,1
2018-10-20,6,4.33333,0.0,11.0,75,69.164,58.45,10.3095,-6.9134,674.16,1
2018-10-20,7,4.66667,0.0,11.0,79,67.484,59.4,2.48106,-4.08496,699.84,1
2018-10-20,8,5.0,0.0,11.0,81,59.694,72.16,4.86166,-2.17156,648.96,1
2018-10-20,9,5.33333,0.0,11.0,83,59.858,70.236,11.8617,2.82844,600.0,1
2018-10-20,10,6.5,0.0,11.0,91,57.462,67.706,8.8023,-1.72532,610.56,1
2018-10-20,11,7.16667,0.51,11.0,90,43.796,66.58,24.0284,9.13563,546.96,1
2018-10-20,12,8.16667,0.51,11.1667,86,33.596,64.302,24.5025,12.9911,480.0,1
2018-10-20,13,9.16667,0.51,11.3333,82,30.74,63.638,12.5025,22.9911,382.5,1
2018-10-20,14,9.16667,0.51,11.6667,73,24.412,63.312,17.5233,29.3551,329.829,1
2018-10-20,15,10.1667,0.51,11.8333,66,31.946,66.304,15.4731,34.3049,329.829,1
2018-10-20,16,11.3333,0.51,11.8333,64,25.43,68.686,20.2732,43.5437,333.45,1
2018-10-20,17,12.1667,0.0,11.8333,56,27.47,67.164,35.3555,51.8586,240.0,1
2018-10-20,18,12.6667,0.0,11.5,56,31.416,69.298,44.5479,53.869,240.0,1
2018-10-20,19,12.1667,0.0,11.0,60,28.732,65.465,39.5982,48.9193,242.031,1
2018-10-20,20,12.5,0.0,10.3333,57,32.64,72.038,37.4768,43.9799,293.647,1
2018-10-20,21,11.8333,0.0,9.66667,56,29.964,70.92,43.8408,50.3439,283.412,1
2018-10-20,22,10.5,0.0,9.0,59,29.335,66.73,38.1839,41.0019,332.215,1
2018-10-20,23,10.3333,0.0,8.33333,60,27.9425,67.1175,44.5479,49.3169,300.0,1
2018-10-21,0,10.0,0.0,7.83333,62,23.216,63.84,43.8408,48.393,310.708,1
2018-10-21,1,10.1667,0.0,7.5,62,24.74,65.5875,42.4266,49.3632,300.0,1
2018-10-21,2,10.5,0.0,7.16667,62,26.4,63.168,36.7697,46.0908,326.8,1
2018-10-21,3,10.8333,0.0,6.83333,68,31.4225,64.536,38.1839,49.8895,300.667,1
2018-10-21,4,10.6667,0.0,6.66667,75,30.706,67.48,39.5982,51.7373,302.4,1
2018-10-21,5,9.66667,0.0,6.5,80,32.116,67.688,36.7697,48.0418,341.127,1
2018-10-21,6,9.16667,0.0,6.33333,78,34.274,69.164,41.0124,53.585,335.345,1
2018-10-21,7,8.66667,0.0,6.0,80,35.26,67.484,38.891,50.8134,372.655,1
2018-10-21,8,7.83333,0.0,5.5,94,35.612,59.694,36.7697,48.0418,411.927,1
2018-10-21,9,7.0,0.0,5.5,91,37.81,59.858,41.0124,52.2844,398.945,1
2018-10-21,10,6.83333,0.0,5.83333,87,40.576,57.462,37.4768,46.3644,468.218,1
2018-10-21,11,6.66667,0.0,6.33333,76,36.096,43.796,44.4768,46.3644,433.964,1
2018-10-21,12,6.83333,0.0,7.0,69,30.656,33.596,41.318,38.1151,486.0,1
2018-10-21,13,6.5,0.0,8.16667,63,28.118,30.74,43.9761,27.28,438.6,1
2018-10-21,14,7.0,0.0,9.5,61,25.478,24.412,45.2767,24.0328,469.05,1
2018-10-21,15,6.83333,0.0,10.6667,57,25.31,31.946,47.9347,20.0858,452.4,1
2018-10-21,16,6.83333,0.0,11.3333,55,28.79,25.43,46.8972,14.6082,477.0,1
2018-10-21,17,7.0,0.0,11.6667,63,31.092,27.47,47.6044,16.8327,457.6,1
2018-10-21,18,6.16667,0.0,11.6667,67,38.3425,31.416,47.6044,18.1333,472.457,1
2018-10-21,19,5.83333,0.0,11.1667,79,46.726,28.732,43.4328,20.9618,505.44,1
2018-10-21,20,5.0,0.0,10.1667,87,57.9775,32.64,47.1283,22.4925,480.0,1
2018-10-21,21,5.16667,0.0,9.0,94,52.454,29.964,45.3373,23.4075,564.667,1
2018-10-21,22,4.5,0.0,7.83333,89,54.2325,29.335,37.0224,32.8516,583.0,1
2018-10-21,23,4.0,0.0,6.83333,87,54.782,27.9425,39.1438,34.973,582.4,1
2018-10-22,0,3.33333,0.0,5.66667,98,53.824,23.216,36.6005,32.6769,688.267,0
2018-10-22,1,3.16667,0.0,4.5,100,59.8175,24.74,36.6005,32.6769,757.867,0
2018-10-22,2,2.83333,0.0,3.83333,95,54.92,26.4,36.6005,29.6769,762.667,0
2018-10-22,3,1.83333,0.0,3.0,100,60.97,31.4225,34.7527,28.9115,784.4,0
2018-10-22,4,1.83333,0.0,2.33333,100,54.424,30.706,34.7527,28.9115,848.0,0
2018-10-22,5,1.83333,0.0,1.83333,99,51.72,32.116,34.7527,25.9115,840.0,0
2018-10-22,6,2.16667,0.0,1.66667,93,52.36,34.274,28.5591,20.3461,898.56,0
2018-10-22,7,2.0,0.0,1.16667,100,49.89,35.26,29.9733,18.9319,900.0,0
2018-10-22,8,2.16667,0.0,1.0,100,55.23,35.612,24.5886,15.1707,1037.14,0
2018-10-22,9,2.83333,0.0,1.33333,100,57.8675,37.81,24.5886,12.1707,1016.23,0
2018-10-22,10,3.33333,0.0,2.16667,84,54.398,40.576,16.8104,2.8751,1080.0,0
2018-10-22,11,3.83333,0.0,3.0,76,49.114,36.096,8.32506,1.57448,1029.6,0
2018-10-22,12,4.5,0.0,4.16667,69,43.818,30.656,1.25396,-5.49662,960.0,0
2018-10-22,13,5.16667,0.0,6.0,65,40.446,28.118,-7.56608,-15.3991,1015.2,0
2018-10-22,14,5.66667,0.0,7.83333,58,39.558,25.478,-5.27,-26.9423,938.4,0
2018-10-22,15,6.0,0.0,9.66667,49,35.26,25.31,-4.39133,-29.0637,816.0,0
2018-10-22,16,5.83333,0.0,10.8333,52,35.042,28.79,-8.08685,-23.0022,660.0,0
2018-10-22,17,6.66667,0.0,11.6667,69,31.876,31.092,-6.67263,-14.3453,600.0,0
2018-10-22,18,7.5,0.0,12.0,77,39.12,38.3425,3.28516,4.90775,496.8,0
2018-10-22,19,8.0,1.19,12.0,70,42.4075,46.726,19.5487,15.0704,451.0,0
2018-10-22,20,8.5,1.19,11.6667,64,33.704,57.9775,21.8448,29.6137,395.2,0
2018-10-22,21,9.16667,1.19,11.0,79,37.292,52.454,19.9127,43.4719,385.0,0
2018-10-22,22,11.5,1.19,10.3333,91,27.38,54.2325,32.5271,50.4146,300.0,0
2018-10-22,23,12.0,1.19,9.66667,90,23.6775,54.782,34.6484,54.2701,271.745,0
2018-10-23,0,12.3333,1.19,9.16667,83,26.58,53.824,36.7697,48.0418,258.4,0
2018-10-23,1,11.8333,0.0,8.66667,78,25.05,59.8175,42.4162,44.7017,220.32,0
2018-10-23,2,11.5,0.0,8.16667,78,26.542,54.92,39.5877,39.7055,313.137,0
2018-10-23,3,10.8333,0.0,7.5,81,29.9875,60.97,44.5375,44.6553,325.895,0
2018-10-23,4,9.0,0.0,6.83333,81,28.808,54.424,48.7802,50.1986,337.642,0
2018-10-23,5,8.16667,0.0,6.33333,86,25.658,51.72,35.3451,40.6449,411.429,0
2018-10-23,6,7.66667,0.0,5.83333,81,25.976,52.36,41.7091,48.9598,371.571,0
2018-10-23,7,8.16667,0.0,5.33333,78,23.788,49.89,31.8095,46.0255,408.738,0
2018-10-23,8,8.83333,0.0,5.0,80,20.492,55.23,19.7991,50.0506,377.4,0
2018-10-23,9,10.0,0.76,5.0,70,22.178,57.8675,0.44397,45.0677,349.8,0
2018-10-23,10,11.3333,0.76,5.33333,75,17.382,54.398,-15.8091,36.4992,326.8,0
2018-10-23,11,13.5,0.76,5.83333,66,19.156,49.114,-36.9552,34.3072,250.92,0
2018-10-23,12,16.3333,1.5,6.5,60,21.194,43.818,-42.3489,26.6541,217.477,0
2018-10-23,13,19.0,1.5,7.33333,59,20.932,40.446,-49.4305,40.7713,126.225,0
2018-10-23,14,21.3333,2.74,8.0,62,20.57,39.558,-28.659,42.189,173.333,0
2018-10-23,15,24.6667,3.22,8.5,67,21.472,35.26,-46.3367,59.8667,120.0,0
2018-10-23,16,25.5,4.46,8.83333,73,21.038,35.042,-30.3062,48.1658,135.072,0
2018-10-23,17,25.5,5.5,8.83333,78,25.634,31.876,-20.6647,49.8895,178.109,0
2018-10-23,18,25.3333,4.76,8.83333,79,24.372,39.12,-29.0837,70.2149,151.309,0
2018-10-23,19,25.8333,7.15,8.83333,78,22.396,42.4075,-26.4049,63.7477,130.743,0
2018-10-23,20,26.1667,5.91,9.0,77,16.206,33.704,-20.6647,49.8895,159.508,0
2018-10-23,21,25.3333,7.06,8.66667,91,15.74,37.292,-21.0474,50.8134,159.557,0
2018-10-23,22,27.5,8.21,8.33333,94,14.78,27.38,-21.0474,50.8134,156.8,0
2018-10-23,23,29.3333,9.56,8.16667,98,11.1,23.6775,-23.7262,57.2806,124.457,0
2018-10-24,0,32.1667,9.56,7.83333,97,6.386,26.58,-25.6396,61.9,120.6,0
2018-10-24,1,34.5,7.17,7.66667,89,1.834,25.05,-29.0837,70.2149,82.9091,0
2018-10-24,2,35.3333,7.17,7.33333,87,2.998,26.542,-32.5278,78.5298,82.5488,0
2018-10-24,3,36.1667,4.78,7.83333,74,2.96,29.9875,-16.0726,70.803,116.571,0
2018-10-24,4,36.3333,2.39,8.16667,75,3.25,28.808,23.3346,62.488,123.113,0
2018-10-24,5,37.8333,0.0,8.33333,74,3.256,25.658,48.0835,62.8238,113.455,0
2018-10-24,6,36.5,0.0,8.5,70,3.336,25.976,54.4475,71.1388,85.5086,0
2018-10-24,7,34.6667,0.0,8.33333,78,4.084,23.788,54.4475,71.1388,105.857,0
2018-10-24,8,34.1667,0.0,8.0,74,6.28667,20.492,46.6693,60.9761,127.749,0
2018-10-24,9,32.8333,0.0,7.5,68,5.05,22.178,42.4266,55.4328,142.916,0
2018-10-24,10,30.8333,0.0,7.16667,57,5.524,17.382,38.1839,44.4703,167.586,0
2018-10-24,11,28.6667,0.0,7.16667,56,3.956,19.156,54.4475,60.7338,129.103,0
2018-10-24,12,29.1667,0.0,7.33333,51,4.508,21.194,36.7697,36.7697,162.991,0
2018-10-24,13,30.3333,0.0,7.66667,50,4.186,20.932,47.3764,47.3764,105.186,0
2018-10-24,14,31.5,0.0,8.0,51,4.13,20.57,53.7404,53.7404,97.8947,0
2018-10-24,15,32.8333,0.0,8.33333,55,3.232,21.472,52.3261,52.3261,105.095,0
2018-10-24,16,34.0,0.0,8.66667,44,5.196,21.038,48.7906,48.7906,118.367,0
2018-10-24,17,32.5,0.0,8.5,51,6.506,25.634,44.5479,44.5479,134.909,0
2018-10-24,18,29.6667,0.0,8.16667,55,12.492,24.372,58.6901,58.6901,120.0,0
2018-10-24,19,26.3333,0.0,7.83333,52,21.782,22.396,50.2048,50.2048,162.84,0
2018-10-24,20,23.0,0.0,7.5,58,21.3825,16.206,41.7195,41.7195,186.66,0
2018-10-24,21,19.8333,0.0,6.83333,61,16.522,15.74,38.891,42.3594,218.743,0
2018-10-24,22,17.5,0.0,6.0,59,11.7925,14.78,48.7906,55.2937,193.143,0
2018-10-24,23,17.1667,0.0,5.5,66,11.692,11.1,45.255,55.2265,208.8,0
2018-10-25,0,15.6667,0.0,5.0,68,11.28,6.386,45.255,59.1283,195.0,0
2018-10-25,1,14.5,0.0,4.5,66,12.814,1.834,42.4266,52.8316,212.914,0
2018-10-25,2,13.6667,0.0,4.16667,64,10.832,2.998,32.5271,50.8972,252.225,0
2018-10-25,3,13.1667,0.0,3.83333,69,10.898,2.96,21.2133,47.1152,308.0,0
2018-10-25,4,12.1667,1.17,3.83333,68,9.02,3.25,21.2133,58.1152,282.333,0
2018-10-25,5,10.3333,2.34,4.0,71,8.656,3.256,8.48532,51.4853,313.5,0
2018-10-25,6,9.16667,2.34,4.16667,82,10.166,3.336,8.48532,58.4853,300.0,0
2018-10-25,7,8.83333,2.34,4.33333,91,11.434,4.084,-1.9134,54.6194,372.655,0
2018-10-25,8,8.5,3.46,4.83333,82,11.0167,6.28667,-5.35752,51.9343,398.618,0
2018-10-25,9,9.16667,3.46,5.66667,86,12.886,5.05,-8.80164,49.2492,425.455,0
2018-10-25,10,11.0,2.29,6.5,88,7.222,5.524,-14.5418,52.1074,363.0,0
2018-10-25,11,14.0,2.24,7.5,86,7.578,3.956,-12.6284,51.488,234.667,0
2018-10-25,12,17.1667,2.24,8.66667,78,8.5275,4.508,-15.3072,57.9552,146.88,0
2018-10-25,13,19.8333,2.24,10.0,74,7.51,4.186,-18.7513,66.2701,125.314,0
2018-10-25,14,22.3333,1.12,10.8333,77,6.5575,4.13,-18.7513,70.2701,124.848,0
2018-10-25,15,23.8333,2.24,11.5,74,9.1475,3.232,-9.18432,71.1731,124.95,0
2018-10-25,16,24.8333,3.36,12.0,71,11.9025,5.196,0.0,73.0,129.792,0
2018-10-25,17,24.1667,2.24,12.0,93,12.836,6.506,0.0,51.0,171.55,0
2018-10-25,18,23.8333,2.72,11.8333,100,19.764,12.492,0.0,72.0,130.0,0
2018-10-25,19,23.5,2.72,11.5,93,22.03,21.782,0.0,70.0,154.533,0
2018-10-25,20,23.5,2.72,11.3333,84,16.738,21.3825,0.0,66.0,147.714,0
2018-10-25,21,21.8333,2.08,11.0,85,15.618,16.522,16.9706,67.1731,135.873,0
2018-10-25,22,20.1667,0.96,10.6667,81,14.695,11.7925,26.8702,58.1074,187.617,0
2018-10-25,23,19.0,1.44,10.5,75,11.376,11.692,38.891,50.8134,231.15,0
