data,timeofday,windspeed6,opady6,temp6,rhumid,index_avg,prev_index_avg,wind_dir_ns,wind_dir_ew,dispel50,is_weekend
2017-11-01,1,12.8333,0.0,3.0,100,19.43,4.06,-16.0726,48.803,264.48,1
2017-11-01,3,13.1667,0.0,3.66667,97,19.32,3.74,-19.8994,48.0418,281.538,1
2017-11-01,4,12.6667,0.0,4.0,99,19.85,4.32,-19.5167,47.1179,297.0,1
2017-11-01,5,12.6667,0.51,4.33333,100,13.39,3.84,-24.1088,58.2044,249.171,1
2017-11-01,6,12.5,0.51,4.83333,100,11.97,3.95,-23.7262,57.2806,258.514,1
2017-11-01,7,12.3333,0.51,5.33333,100,14.2,4.51,-23.3435,56.3567,240.0,1
2017-11-01,8,12.8333,0.51,5.5,100,20.74,5.81,-23.7343,44.2999,286.7,1
2017-11-01,9,13.3333,0.51,5.66667,96,28.92,5.57,-29.0416,43.1129,271.385,1
2017-11-01,10,13.8333,0.51,6.0,94,32.62,6.3,-24.0668,46.1024,251.631,1
2017-11-01,11,14.1667,0.0,6.33333,93,33.99,6.2,-24.8322,47.9502,232.615,1
2017-11-01,12,14.8333,0.0,6.5,91,34.31,7.18,-21.3799,52.6159,221.571,1
2017-11-01,13,15.3333,0.48,6.66667,92,31.19,6.79,-17.986,58.4224,203.52,1
2017-11-01,14,15.3333,0.48,7.0,93,30.95,6.87,-24.1088,58.2044,195.52,1
2017-11-01,15,15.1667,0.48,7.33333,93,22.45,6.29,-23.7262,57.2806,203.52,1
2017-11-01,16,15.3333,0.48,7.5,93,23.52,6.35,-27.8855,53.3219,225.318,1
2017-11-01,17,15.5,0.48,7.66667,93,27.3,10.55,-32.6937,48.9297,226.8,1
2017-11-01,18,15.3333,1.47,7.83333,93,22.73,38.43,-37.8846,45.4614,212.914,1
2017-11-01,19,15.1667,1.7,8.0,93,21.08,30.72,-43.8408,43.8408,196.114,1
2017-11-01,20,15.5,1.7,8.16667,93,20.48,30.1,-44.5479,44.5479,202.725,1
2017-11-01,21,16.5,1.7,8.5,90,19.18,19.01,-44.5479,44.5479,202.725,1
2017-11-01,22,18.1667,1.7,8.83333,93,9.58,19.43,-29.574,40.398,225.28,1
2017-11-02,1,21.1667,0.71,9.33333,93,9.58,19.43,-27.1703,65.5955,144.692,0
2017-11-02,3,20.8333,0.71,9.5,93,15.72,19.32,-21.8128,52.6612,200.34,0
2017-11-02,4,19.8333,2.13,9.5,93,15.57,19.85,-20.6647,49.8895,221.76,0
2017-11-02,5,18.6667,2.84,9.66667,93,18.74,13.39,-20.6647,49.8895,209.012,0
2017-11-02,6,18.1667,2.84,9.66667,93,19.32,11.97,-21.0474,50.8134,201.318,0
2017-11-02,7,17.8333,3.35,9.66667,93,18.91,14.2,-21.0474,50.8134,214.5,0
2017-11-02,8,17.8333,3.35,9.5,93,19.75,20.74,-20.282,48.9656,221.0,0
2017-11-02,9,18.5,3.35,9.33333,90,17.42,28.92,-19.8994,48.0418,224.824,0
2017-11-02,10,18.3333,2.64,9.16667,91,16.43,32.62,-21.4301,51.7373,198.4,0
2017-11-02,11,19.0,1.93,9.16667,89,18.46,33.99,-21.8128,52.6612,186.353,0
2017-11-02,12,19.6667,1.93,9.33333,87,15.24,34.31,-23.7262,57.2806,171.943,0
2017-11-02,13,19.8333,1.42,9.5,87,12.91,31.19,-23.7262,57.2806,162.0,0
2017-11-02,14,20.0,2.77,9.5,88,14.59,30.95,-23.7262,57.2806,176.727,0
2017-11-02,15,19.5,2.77,9.5,91,11.61,22.45,-22.1954,53.585,198.0,0
2017-11-02,16,19.1667,2.06,9.5,91,15.25,23.52,-21.0474,50.8134,210.189,0
2017-11-02,17,17.8333,2.7,9.33333,91,16.83,27.3,-20.282,48.9656,221.0,0
2017-11-02,18,16.6667,2.7,9.0,90,19.26,22.73,-25.6396,61.9,187.0,0
2017-11-02,19,15.6667,3.72,8.83333,89,19.63,21.08,-24.1088,58.2044,216.333,0
2017-11-02,20,14.5,2.37,8.66667,89,14.75,20.48,-17.2206,54.5746,249.882,0
2017-11-02,21,13.6667,2.37,8.5,89,12.27,19.18,-10.715,49.8686,286.971,0
2017-11-02,22,13.0,2.37,8.5,88,6.37,9.58,-5.35752,49.9343,297.0,0
2017-11-03,1,12.0,1.02,8.16667,89,6.37,9.58,0.0,51.0,291.877,0
2017-11-03,3,11.6667,1.53,8.16667,94,5.73,15.72,0.0,58.0,289.385,0
2017-11-03,4,11.1667,1.53,8.0,95,6.85,15.57,8.48532,56.0866,291.5,0
2017-11-03,5,10.5,0.51,8.0,96,8.88,18.74,15.5564,53.3254,321.231,0
2017-11-03,6,10.0,1.02,7.83333,95,5.38,19.32,21.2133,58.9822,300.0,0
2017-11-03,7,10.0,1.02,7.66667,99,4.89,18.91,28.2844,53.0533,300.0,0
2017-11-03,8,10.5,1.25,7.5,96,6.35,19.75,35.3555,50.1244,300.0,0
2017-11-03,9,10.3333,1.25,7.5,92,8.01,17.42,36.0626,38.2303,346.92,0
2017-11-03,10,10.8333,1.25,7.5,91,6.58,16.43,36.7697,36.7697,319.2,0
2017-11-03,11,11.3333,2.32,7.66667,88,5.36,18.46,40.3053,40.3053,273.48,0
2017-11-03,12,11.1667,1.81,8.0,87,6.02,15.24,41.0124,43.3969,262.08,0
2017-11-03,13,11.6667,1.81,8.5,83,9.17,12.91,40.3053,44.6407,299.815,0
2017-11-03,14,11.3333,1.07,8.83333,84,9.33,14.59,40.3053,47.4587,282.764,0
2017-11-03,15,11.1667,1.07,9.0,86,8.35,11.61,40.3053,49.8431,299.815,0
2017-11-03,16,10.8333,1.07,9.0,81,22.09,15.25,31.1128,50.6507,317.127,0
2017-11-03,17,10.5,0.0,8.83333,82,55.99,16.83,31.1128,50.6507,300.667,0
2017-11-03,18,10.8333,0.0,8.66667,82,50.95,19.26,31.1128,50.6507,332.215,0
2017-11-03,19,9.16667,0.0,8.33333,80,39.41,19.63,29.6986,48.803,341.127,0
2017-11-03,20,8.5,0.0,8.0,83,47.96,14.75,28.5506,51.5746,372.655,0
2017-11-03,21,7.66667,0.0,7.5,90,48.26,12.27,20.7724,48.4119,417.72,0
2017-11-03,22,6.83333,0.0,7.16667,90,32.94,6.37,24.3079,53.0313,414.72,0
2017-11-04,1,7.66667,0.0,6.16667,88,32.94,6.37,2.8948,48.1074,497.455,1
2017-11-04,3,8.16667,0.0,6.33333,83,23.73,5.73,-3.73537,50.1731,443.143,1
2017-11-04,4,8.66667,0.0,6.5,80,23.94,6.85,-10.0994,49.5371,379.44,1
2017-11-04,5,8.5,0.0,6.5,79,21.23,8.88,-19.9989,45.2817,403.68,1
2017-11-04,6,8.5,0.0,6.5,85,19.83,5.38,-22.5361,42.4069,409.867,1
2017-11-04,7,8.33333,0.0,6.33333,91,22.19,4.89,-27.4069,37.5361,409.867,1
2017-11-04,8,8.83333,0.0,6.16667,88,31.39,6.35,-34.7979,40.5975,360.0,1
2017-11-04,9,8.66667,0.0,6.16667,81,35.82,8.01,-43.1129,29.0416,380.8,1
2017-11-04,10,9.0,0.0,6.33333,68,30.19,6.58,-44.1399,25.7391,395.2,1
2017-11-04,11,9.16667,0.0,6.83333,60,23.99,5.36,-47.9386,23.5846,366.667,1
2017-11-04,12,10.0,0.0,7.5,56,20.62,6.02,-50.8134,21.0474,352.8,1
2017-11-04,13,11.5,0.0,8.33333,54,20.51,9.17,-48.0418,19.8994,326.8,1
2017-11-04,14,11.8333,0.0,8.83333,59,23.11,9.33,-48.0418,19.8994,270.327,1
2017-11-04,15,12.6667,0.0,9.16667,66,32.04,8.35,-26.8791,15.6899,264.48,1
2017-11-04,16,12.3333,0.0,9.16667,76,40.08,22.09,-26.8327,2.67065,257.914,1
2017-11-04,17,12.3333,0.0,8.83333,95,32.76,55.99,-17.8327,2.67065,240.0,1
2017-11-04,18,11.8333,0.0,8.33333,93,30.29,50.95,5.10161,-2.68687,301.765,1
2017-11-04,19,10.8333,0.0,7.83333,92,35.85,39.41,31.8076,-9.19243,317.127,1
2017-11-04,20,11.0,0.0,7.5,90,36.74,47.96,31.8076,-9.19243,332.215,1
2017-11-04,21,11.1667,0.0,7.16667,86,40.69,48.26,53.0,0.0,313.6,1
2017-11-04,22,11.6667,0.0,7.0,84,39.84,32.94,31.0657,-5.35752,262.08,1
2017-11-05,1,13.1667,0.0,6.66667,81,39.84,32.94,-24.9552,-15.3072,286.971,1
2017-11-05,3,13.6667,0.0,6.33333,79,41.03,23.73,30.0657,-5.35752,225.5,1
2017-11-05,4,13.3333,0.0,6.16667,80,39.19,23.94,31.0657,-5.35752,230.4,1
2017-11-05,5,13.0,0.0,6.0,81,38.19,21.23,54.0,0.0,273.28,1
2017-11-05,6,12.8333,0.0,5.83333,81,36.86,19.83,64.0,0.0,248.88,1
2017-11-05,7,12.3333,0.0,5.66667,80,39.28,22.19,62.0,0.0,275.4,1
2017-11-05,8,11.6667,0.0,5.66667,76,42.69,31.39,58.0,0.0,289.385,1
2017-11-05,9,12.0,0.0,5.83333,69,39.88,35.82,57.0,0.0,273.48,1
2017-11-05,10,12.8333,0.0,6.16667,83,38.44,30.19,52.0,0.0,281.538,1
2017-11-05,11,13.5,0.0,6.66667,77,40.66,23.99,54.0,0.0,255.2,1
2017-11-05,12,13.6667,0.0,7.5,74,43.3,20.62,56.0,0.0,235.2,1
2017-11-05,13,13.8333,0.0,8.5,75,45.64,20.51,58.0,0.0,237.12,1
2017-11-05,14,14.3333,0.0,9.16667,78,44.85,23.11,56.0,0.0,254.88,1
2017-11-05,15,13.8333,0.0,9.66667,84,45.23,32.04,56.0,0.0,248.571,1
2017-11-05,16,13.5,0.0,9.83333,92,44.22,40.08,54.0,0.0,267.429,1
2017-11-05,17,13.0,0.0,9.66667,95,44.66,32.76,53.0,0.0,271.385,1
2017-11-05,18,12.8333,0.0,9.33333,93,42.71,30.29,29.8373,-4.20948,302.08,1
2017-11-05,19,12.1667,0.0,8.66667,90,39.12,35.85,17.8269,-9.18432,248.88,1
2017-11-05,20,11.3333,0.0,8.16667,90,39.18,36.74,-5.48804,-12.6284,280.8,1
2017-11-05,21,10.6667,0.0,7.66667,90,38.98,40.69,-26.7268,-16.4552,310.431,1
2017-11-05,22,10.1667,0.0,7.33333,90,44.18,39.84,-47.1179,-19.5167,353.455,1
2017-11-06,1,9.0,0.0,6.5,91,44.18,39.84,-49.8895,-20.6647,366.667,0
2017-11-06,3,8.33333,0.0,6.0,93,50.29,41.03,-15.3358,-13.3938,386.4,0
2017-11-06,4,8.0,0.0,5.66667,93,46.41,39.19,-9.3358,-13.3938,360.0,0
2017-11-06,5,7.5,0.0,5.5,96,47.04,38.19,-9.3358,-7.27092,386.88,0
2017-11-06,6,7.5,0.0,5.33333,99,51.09,36.86,5.903,-3.44412,432.667,0
2017-11-06,7,6.83333,0.0,5.16667,100,49.87,39.28,6.82688,3.06144,437.25,0
2017-11-06,8,6.83333,0.0,5.16667,94,52.6,42.69,11.8269,3.06144,420.0,0
2017-11-06,9,7.33333,0.0,5.5,89,56.44,39.88,11.8269,9.18432,435.2,0
2017-11-06,10,7.66667,0.0,5.66667,90,60.76,38.44,-3.53711,15.5483,420.0,0
2017-11-06,11,8.16667,0.0,6.16667,84,65.08,40.66,-21.3639,24.7871,421.2,0
2017-11-06,12,8.16667,0.0,6.66667,82,68.58,43.3,-17.417,30.0406,377.4,0
2017-11-06,13,8.5,0.0,7.33333,81,67.12,45.64,-26.4784,37.4316,374.85,0
2017-11-06,14,8.33333,0.0,7.83333,81,58.54,44.85,-26.7661,40.8373,401.85,0
2017-11-06,15,8.33333,0.0,8.16667,84,44.15,45.23,-26.7661,47.8373,360.0,0
2017-11-06,16,8.16667,0.0,8.66667,88,35.87,44.22,-13.0111,53.0908,360.0,0
2017-11-06,17,7.66667,0.0,8.66667,91,30.33,44.66,-0.28314,55.0418,373.32,0
2017-11-06,18,7.33333,0.0,8.5,95,29.64,42.71,7.78632,50.0456,417.6,0
2017-11-06,19,7.5,0.48,8.16667,96,28.4,39.12,15.4731,45.9734,453.6,0
2017-11-06,20,7.33333,0.48,7.66667,95,29.74,39.18,24.1914,44.2392,443.143,0
2017-11-06,21,6.83333,0.48,7.16667,94,27.03,38.98,31.1128,43.3153,460.8,0
2017-11-06,22,6.0,0.48,6.66667,94,37.09,44.18,35.3555,48.8586,420.0,0
2017-11-07,1,6.0,0.0,5.66667,91,37.09,44.18,41.0124,49.2496,496.4,0
2017-11-07,3,6.83333,0.0,5.16667,99,34.6,50.29,38.1839,45.9877,486.0,0
2017-11-07,4,6.83333,0.0,4.83333,98,37.22,46.41,37.4768,45.2805,477.0,0
2017-11-07,5,7.0,0.0,4.5,97,37.1,47.04,36.9297,41.268,517.0,0
2017-11-07,6,6.33333,0.0,4.33333,96,35.55,51.09,40.4652,45.8874,480.0,0
2017-11-07,7,6.33333,0.0,4.0,100,42.66,49.87,36.9297,41.268,492.9,0
2017-11-07,8,5.33333,0.0,3.83333,100,42.63,52.6,40.5684,34.8937,498.667,0
2017-11-07,9,5.16667,0.0,4.0,95,65.3,56.44,44.2639,36.4244,496.4,0
2017-11-07,10,6.0,0.0,4.5,78,73.67,60.76,43.8999,28.1095,517.029,0
2017-11-07,11,6.5,0.0,5.16667,71,42.63,65.08,45.3142,15.2784,527.88,0
2017-11-07,12,7.0,0.0,5.83333,68,54.26,68.58,43.8999,2.55038,517.029,0
2017-11-07,13,7.5,0.0,6.83333,68,26.56,67.12,38.3161,-11.3211,483.36,0
2017-11-07,14,8.66667,0.0,7.5,66,29.51,58.54,35.0718,-29.7987,443.143,0
2017-11-07,15,9.33333,0.0,8.0,66,36.11,44.15,29.1186,-38.8134,367.2,0
2017-11-07,16,9.66667,0.0,8.0,68,43.74,35.87,26.9454,-48.0522,339.2,0
2017-11-07,17,10.1667,0.0,7.66667,74,62.51,30.33,24.7909,-51.8509,300.0,0
2017-11-07,18,10.3333,0.0,7.16667,73,38.1,29.64,20.282,-48.9656,321.48,0
2017-11-07,19,10.3333,0.0,6.66667,71,17.24,28.4,16.4552,-48.7268,341.127,0
2017-11-07,20,10.1667,0.0,6.33333,73,29.5,29.74,12.2458,-48.5642,346.92,0
2017-11-07,21,9.83333,0.0,6.0,72,34.67,27.03,8.41896,-49.3254,353.455,0
2017-11-07,22,9.33333,0.0,5.83333,72,36.47,37.09,8.41896,-57.3254,323.345,0
2017-11-08,1,8.83333,0.0,5.5,73,33.41,37.09,0.0,-54.0,376.32,0
2017-11-08,3,9.16667,0.0,4.83333,64,32.81,34.6,0.0,-53.0,371.25,0
2017-11-08,4,9.83333,0.0,4.5,62,34.47,37.22,0.0,-55.0,341.85,0
2017-11-08,5,10.3333,0.0,4.16667,61,32.44,37.1,-4.59216,-58.0866,300.0,0
2017-11-08,6,11.0,0.0,4.0,59,30.97,35.55,-9.18432,-51.1731,313.6,0
2017-11-08,7,12.0,0.0,4.16667,52,31.5,42.66,-9.18432,-55.1731,273.48,0
2017-11-08,8,12.8333,0.0,4.33333,52,21.69,42.63,-9.18432,-50.1731,276.0,0
2017-11-08,9,13.8333,0.0,4.5,51,21.97,65.3,-10.3324,-52.9448,245.1,0
2017-11-08,10,14.5,0.0,4.66667,56,23.71,73.67,-11.8631,-56.6403,214.338,0
2017-11-08,11,15.0,0.0,5.0,54,23.0,42.63,-23.1768,-54.954,203.52,0
2017-11-08,12,14.6667,0.0,5.5,53,22.04,54.26,-33.7835,-50.5607,203.52,0
2017-11-08,13,15.0,0.0,5.83333,54,21.54,26.56,-35.8215,-44.4807,243.6,0
2017-11-08,14,15.0,0.0,6.16667,57,23.09,29.51,-41.7195,-41.7195,235.125,0
2017-11-08,15,14.6667,0.0,6.33333,62,26.98,36.11,-41.0124,-41.0124,237.12,0
2017-11-08,16,13.8333,0.0,6.33333,68,27.9,43.74,-40.3053,-40.3053,217.964,0
2017-11-08,17,13.0,0.0,6.0,69,26.03,62.51,-40.3053,-40.3053,258.353,0
2017-11-08,18,12.3333,0.0,5.5,71,28.56,38.1,-47.3764,-47.3764,240.0,0
2017-11-08,19,11.0,0.0,5.0,71,35.28,17.24,-41.8227,-38.0343,315.52,0
2017-11-08,20,9.66667,0.0,4.33333,72,31.77,29.5,-37.58,-33.7916,372.6,0
2017-11-08,21,8.83333,0.0,3.83333,74,33.61,34.67,-40.2588,-40.2588,364.8,0
2017-11-08,22,9.16667,0.0,3.33333,74,28.48,36.47,-33.8033,-38.6741,398.618,0
2017-11-09,1,9.83333,0.0,2.33333,72,28.48,33.41,-37.0653,-40.8537,325.867,0
2017-11-09,3,9.5,0.0,2.33333,63,27.18,32.81,-43.7285,-34.5281,312.8,0
2017-11-09,4,8.66667,0.0,2.5,62,29.53,34.47,-47.6754,-29.2747,367.015,0
2017-11-09,5,8.33333,0.0,2.66667,61,30.0,32.44,-45.8741,-23.1437,403.68,0
2017-11-09,6,8.5,0.0,2.83333,62,31.11,30.97,-53.2651,-26.2051,360.0,0
2017-11-09,7,8.16667,0.0,3.0,63,34.42,31.5,-44.9502,-22.761,425.455,0
2017-11-09,8,8.83333,0.0,3.0,63,36.38,21.69,-51.3142,-29.125,372.764,0
2017-11-09,9,8.83333,0.0,3.16667,60,36.73,21.97,-42.6793,-29.6905,371.25,0
2017-11-09,10,9.0,0.0,3.5,66,36.56,23.71,-40.9451,-32.2859,371.25,0
2017-11-09,11,9.0,0.0,3.83333,61,33.27,23.0,-41.869,-32.6686,356.4,0
2017-11-09,12,9.16667,0.0,4.33333,58,38.28,22.04,-41.869,-32.6686,376.32,0
2017-11-09,13,9.5,0.0,4.83333,57,46.16,21.54,-23.7979,-25.5975,352.8,0
2017-11-09,14,9.0,0.0,5.33333,59,48.84,23.09,-6.43394,-19.2335,337.08,0
2017-11-09,15,8.66667,0.0,5.66667,62,52.34,26.98,7.63716,-12.1624,356.4,0
2017-11-09,16,8.16667,0.0,5.33333,78,51.22,27.9,19.294,-6.50556,395.2,0
2017-11-09,17,7.66667,0.0,5.0,78,40.93,26.03,13.7508,-4.20948,374.0,0
2017-11-09,18,7.0,0.0,4.5,79,42.99,28.56,17.4463,1.14804,421.2,0
2017-11-09,19,7.16667,0.0,4.0,79,43.57,35.28,18.3702,6.88824,468.218,0
2017-11-09,20,7.33333,0.0,3.5,79,47.15,31.77,-1.11516,15.3736,453.927,0
2017-11-09,22,8.33333,0.48,3.0,78,36.71,28.48,-29.7218,25.9802,451.0,0
2017-11-10,1,10.5,0.48,3.33333,79,36.71,28.48,-49.0433,36.0545,300.0,0
2017-11-10,3,12.0,0.0,3.66667,83,43.78,27.18,-53.0483,26.5295,250.364,0
2017-11-10,4,11.8333,0.48,3.83333,84,46.18,29.53,-56.3567,23.3435,240.0,0
2017-11-10,5,11.8333,0.48,4.16667,85,44.62,30.0,-55.4328,22.9608,269.077,0
2017-11-10,6,12.0,0.96,4.33333,86,43.75,31.11,-51.2006,25.7642,289.385,0
2017-11-10,7,12.6667,1.54,4.5,88,44.58,34.42,-49.0897,30.6889,270.3,0
2017-11-10,8,14.0,1.54,4.66667,88,48.38,36.38,-38.9374,33.5254,264.48,0
2017-11-10,9,14.8333,2.12,4.83333,88,49.24,36.73,-36.0626,36.0626,221.4,0
2017-11-10,10,15.6667,2.17,5.0,92,43.75,36.56,-38.1839,38.1839,209.012,0
2017-11-10,11,16.0,2.17,5.16667,90,35.08,33.27,-36.7697,36.7697,236.64,0
2017-11-10,12,15.5,1.69,5.33333,89,35.4,38.28,-45.9622,45.9622,214.5,0
2017-11-10,13,15.0,1.11,5.66667,88,31.51,46.16,-39.5982,39.5982,266.965,0
2017-11-10,14,14.0,1.11,5.83333,89,28.55,48.84,-37.4768,37.4768,282.72,0
2017-11-10,15,13.5,0.53,6.0,91,28.13,52.34,-36.7697,36.7697,281.538,0
2017-11-10,16,13.5,0.48,6.16667,96,28.13,51.22,-37.4768,37.4768,259.418,0
2017-11-10,17,13.6667,0.48,6.16667,97,37.32,40.93,-43.5568,35.4388,239.4,0
2017-11-10,18,14.3333,0.96,6.16667,98,39.92,42.99,-46.5916,30.8968,239.4,0
2017-11-10,19,14.6667,1.87,6.0,98,36.63,43.57,-50.5503,26.7375,230.4,0
2017-11-10,20,15.5,1.87,5.83333,97,31.18,47.15,-55.4328,22.9608,220.0,0
2017-11-10,22,16.6667,3.21,5.5,95,17.27,36.71,-48.0418,19.8994,220.8,0
2017-11-11,1,20.0,2.73,5.33333,90,17.27,36.71,-58.2044,24.1088,155.621,1
2017-11-11,3,21.0,4.0,5.16667,87,7.89,43.78,-53.1619,29.8903,176.727,1
2017-11-11,4,22.0,3.09,5.0,88,6.0,46.18,-49.1001,37.7349,165.714,1
2017-11-11,5,22.3333,2.18,4.83333,88,5.67,44.62,-47.3764,47.3764,131.368,1
2017-11-11,6,22.3333,2.18,4.5,84,4.94,43.75,-50.9119,50.9119,125.061,1
2017-11-11,7,22.1667,2.97,4.0,88,4.63,44.58,-50.2048,50.2048,139.968,1
2017-11-11,8,22.3333,1.88,3.66667,87,4.46,48.38,-40.1807,51.0047,162.4,1
2017-11-11,9,21.8333,0.79,3.66667,84,4.85,49.24,-37.3522,48.1762,176.727,1
2017-11-11,10,21.6667,0.79,3.83333,78,6.05,43.75,-35.938,46.762,180.0,1
2017-11-11,11,21.6667,0.79,4.0,74,6.37,35.08,-37.4687,50.4575,154.56,1
2017-11-11,12,21.8333,1.27,4.16667,70,6.82,35.4,-40.2972,53.286,131.04,1
2017-11-11,13,22.3333,1.22,4.5,73,6.7,31.51,-42.4185,55.4073,135.15,1
2017-11-11,14,22.5,1.22,4.83333,72,7.71,28.55,-49.4977,49.4977,140.4,1
2017-11-11,15,22.3333,1.22,4.83333,74,8.39,28.13,-47.3764,47.3764,151.93,1
2017-11-11,16,21.1667,1.22,4.66667,74,7.59,28.13,-44.5479,44.5479,175.304,1
2017-11-11,17,20.3333,1.22,4.33333,78,8.44,37.32,-40.3053,40.3053,204.8,1
2017-11-11,18,19.0,1.48,4.0,80,10.95,39.92,-38.891,38.891,210.189,1
2017-11-11,19,17.6667,0.74,3.66667,82,13.25,36.63,-36.0626,36.0626,232.941,1
2017-11-11,20,16.3333,1.48,3.33333,88,13.71,31.18,-46.6693,46.6693,187.2,1
2017-11-11,22,14.6667,1.48,3.0,89,11.79,17.27,-39.5982,39.5982,254.88,1
2017-11-12,1,12.8333,0.74,3.0,88,11.79,17.27,-36.7697,36.7697,281.538,1
2017-11-12,3,13.3333,0.48,3.0,86,11.49,7.89,-37.4768,37.4768,277.114,1
2017-11-12,4,13.8333,0.48,2.83333,89,10.83,6.0,-37.4768,37.4768,265.5,1
2017-11-12,5,14.5,0.48,2.83333,87,9.31,5.67,-40.3053,40.3053,225.5,1
2017-11-12,6,15.0,0.48,2.83333,85,10.98,4.94,-44.5479,44.5479,195.52,1
2017-11-12,7,15.5,0.48,2.83333,86,12.24,4.63,-44.5479,44.5479,187.971,1
2017-11-12,8,15.5,0.48,2.83333,86,14.14,4.46,-40.3886,48.5066,195.0,1
2017-11-12,9,15.6667,0.0,2.83333,84,13.19,4.85,-39.6815,47.7995,216.333,1
2017-11-12,10,15.8333,0.0,3.16667,83,14.98,6.05,-37.5602,45.6782,220.0,1
2017-11-12,11,15.6667,0.0,3.33333,77,13.54,6.37,-33.4591,50.7775,203.52,1
2017-11-12,12,16.3333,0.0,3.66667,71,14.33,6.82,-39.7397,48.9401,187.68,1
2017-11-12,13,17.0,0.0,4.0,67,13.18,6.7,-31.9615,41.1619,216.847,1
2017-11-12,14,17.0,0.0,4.33333,66,15.03,7.71,-38.891,38.891,201.318,1
2017-11-12,15,17.0,0.0,4.66667,69,16.39,8.39,-37.4768,37.4768,225.095,1
2017-11-12,16,16.0,0.0,4.66667,76,26.7,7.59,-48.0835,48.0835,186.821,1
2017-11-12,17,15.3333,0.0,4.5,82,34.67,8.44,-42.4266,42.4266,245.937,1
2017-11-12,18,13.6667,0.0,4.16667,82,38.51,10.95,-38.1839,38.1839,273.28,1
2017-11-12,19,12.3333,0.0,3.83333,81,34.67,13.25,-44.5479,44.5479,257.92,1
2017-11-12,20,11.3333,0.0,3.5,81,37.22,13.71,-44.104,38.1508,295.68,1
2017-11-12,22,9.66667,0.0,2.83333,81,35.33,11.79,-48.2794,33.667,311.564,1
2017-11-13,1,7.16667,0.0,2.33333,82,35.33,11.79,-52.558,25.498,360.0,0
2017-11-13,3,6.66667,0.0,1.83333,95,40.58,11.49,-56.3567,23.3435,420.0,0
2017-11-13,4,6.0,0.0,1.66667,96,38.7,10.83,-51.7373,21.4301,466.4,0
2017-11-13,5,6.16667,0.0,1.33333,98,37.14,9.31,-38.4224,17.986,509.143,0
2017-11-13,6,5.66667,0.0,1.0,97,37.93,10.98,-24.9552,15.3072,532.0,0
2017-11-13,7,5.83333,0.0,0.833333,96,47.16,12.24,-19.9552,15.3072,513.067,0
2017-11-13,8,5.16667,0.0,0.666667,95,61.64,14.14,-8.10473,8.32753,540.6,0
2017-11-13,9,4.83333,0.0,0.833333,90,92.44,13.19,-10.2261,6.2062,540.0,0
2017-11-13,10,4.5,0.0,1.16667,84,66.29,14.98,-8.3783,2.3794,615.6,0
2017-11-13,11,4.33333,0.0,1.83333,77,50.92,13.54,-5.60666,1.23136,619.65,0
2017-11-13,12,4.5,0.0,2.5,72,51.12,14.33,5.4799,2.6392,662.4,0
2017-11-13,13,4.66667,0.0,3.16667,70,59.44,13.18,3.18382,8.18248,600.0,0
2017-11-13,14,5.33333,0.0,3.66667,72,57.33,15.03,7.3549,11.047,600.0,0
2017-11-13,15,5.66667,0.0,4.0,77,58.62,16.39,5.21942,15.2181,641.143,0
2017-11-13,16,6.16667,0.23,4.0,81,52.93,26.7,-4.07666,20.7614,635.04,0
2017-11-13,17,6.0,0.23,3.83333,92,48.15,34.67,-9.07666,26.7614,610.56,0
2017-11-13,18,6.0,0.23,3.66667,92,50.97,38.51,-12.6122,35.2969,571.2,0
2017-11-13,19,6.16667,0.23,3.33333,92,41.09,34.67,-6.79536,44.949,540.8,0
2017-11-13,20,6.66667,0.23,3.16667,94,17.92,37.22,-9.567,53.097,499.8,0
2017-11-13,22,7.5,0.0,3.0,92,12.43,35.33,0.68204,53.4015,454.629,0
2017-11-14,1,9.66667,0.0,3.0,88,12.43,35.33,28.2844,52.0043,300.0,0
2017-11-14,3,9.66667,0.0,2.66667,92,9.19,40.58,39.5982,49.7864,327.6,0
2017-11-14,4,9.66667,0.0,2.5,92,7.43,38.7,41.0124,51.6341,312.8,0
2017-11-14,5,9.16667,0.0,2.16667,92,10.94,37.14,34.6484,54.2701,345.6,0
2017-11-14,6,9.66667,0.0,1.66667,91,25.88,37.93,26.1631,52.1836,372.655,0
2017-11-14,7,9.66667,0.0,1.16667,98,31.52,47.16,18.3849,56.0209,300.0,0
2017-11-14,8,9.66667,0.0,0.833333,95,15.61,61.64,18.3849,56.0209,300.0,0
2017-11-14,9,9.66667,0.0,0.666667,87,20.8867,92.44,9.66654,56.0209,324.48,0
2017-11-14,10,10.0,0.0,0.666667,68,23.085,66.29,-1.23136,56.0209,312.8,0
2017-11-14,11,10.6667,0.0,1.16667,60,21.635,50.92,-1.23136,49.0209,372.6,0
2017-11-14,12,10.5,0.0,2.0,56,16.925,51.12,-6.2062,61.0313,300.0,0
2017-11-14,13,11.3333,0.0,2.83333,54,14.38,59.44,-16.8379,51.6507,278.25,0
2017-11-14,14,12.0,0.0,3.66667,58,16.6725,57.33,-22.9689,53.4521,240.0,0
2017-11-14,15,12.5,0.0,4.16667,65,19.7233,58.62,-27.6274,41.6986,291.877,0
2017-11-14,16,12.3333,0.0,4.33333,73,23.084,52.93,-31.845,38.8806,291.877,0
2017-11-14,17,12.3333,0.0,4.0,84,31.185,48.15,-38.9161,45.9517,259.2,0
2017-11-14,18,12.1667,0.0,3.5,81,31.35,50.97,-43.1337,43.1337,259.2,0
2017-11-14,19,12.1667,0.0,3.0,80,32.94,41.09,-42.4266,42.4266,260.0,0
2017-11-14,22,14.0,0.0,2.5,71,29.22,12.43,-49.136,25.3232,235.2,0
2017-11-15,1,15.6667,0.0,3.16667,81,37.7275,12.43,-56.8574,31.421,187.2,0
2017-11-15,3,15.1667,0.0,3.16667,89,34.4825,9.19,-46.3853,38.2673,211.68,0
2017-11-15,4,15.0,0.0,3.33333,91,33.76,7.43,-43.1337,43.1337,238.105,0
2017-11-15,5,15.0,0.0,3.5,91,32.3033,10.94,-39.5982,39.5982,248.571,0
2017-11-15,6,14.1667,0.0,3.66667,91,33.345,25.88,-35.4388,43.5568,232.615,0
2017-11-15,7,14.0,0.0,3.66667,92,32.3975,31.52,-31.6039,47.2987,237.12,0
2017-11-15,8,14.0,0.0,4.0,88,33.715,15.61,-25.9721,48.7025,248.571,0
2017-11-15,9,13.8333,0.0,4.5,84,35.3475,20.8867,-21.0474,50.8134,264.0,0
2017-11-15,10,14.0,0.0,4.83333,82,33.655,23.085,-20.6647,49.8895,267.429,0
2017-11-15,11,13.8333,0.48,5.16667,77,30.926,21.635,-21.0474,50.8134,251.631,0
2017-11-15,12,13.8333,0.48,5.66667,79,32.205,16.925,-21.4301,51.7373,242.031,0
2017-11-15,13,13.8333,0.48,6.0,77,29.335,14.38,-21.8128,52.6612,239.4,0
2017-11-15,14,13.6667,0.48,6.16667,78,34.1933,16.6725,-21.4301,51.7373,254.88,0
2017-11-15,15,13.5,0.48,6.16667,81,40.57,19.7233,-20.282,48.9656,277.114,0
2017-11-15,16,13.3333,0.96,6.0,82,37.715,23.084,-19.8994,48.0418,286.971,0
2017-11-15,17,12.5,0.48,5.83333,85,42.69,31.185,-19.8994,48.0418,281.538,0
2017-11-15,18,11.8333,0.48,5.5,88,42.815,31.35,-26.2633,54.4058,259.2,0
2017-11-15,22,11.0,0.0,4.16667,100,26.0,29.22,-38.891,38.891,288.0,0
2017-11-16,1,10.8333,0.0,3.66667,95,34.0825,37.7275,-32.0198,42.3026,324.8,0
2017-11-16,2,10.6667,0.0,3.66667,99,44.21,42.61,-27.7439,43.9799,336.3,0
2017-11-16,3,10.0,0.0,3.66667,100,35.1575,34.4825,-23.4681,45.6573,341.127,0
2017-11-16,4,9.0,0.0,3.83333,100,32.2425,33.76,-26.5295,53.0483,311.564,0
2017-11-16,5,9.0,0.0,3.83333,100,32.8475,32.3033,-22.2869,48.8057,356.4,0
2017-11-16,6,8.66667,0.0,3.66667,100,30.538,33.345,-24.8823,47.0715,385.527,0
2017-11-16,7,7.83333,0.0,3.5,100,29.24,32.3975,-27.0368,43.2728,411.927,0
2017-11-16,8,7.66667,0.0,3.33333,98,27.5967,33.715,-31.2795,47.5155,398.945,0
2017-11-16,9,8.0,0.0,3.33333,91,30.8625,35.3475,-34.1411,44.4239,412.364,0
2017-11-16,10,8.5,0.0,3.5,82,32.3567,33.655,-33.7584,43.5,390.0,0
2017-11-16,11,8.66667,0.0,3.83333,78,33.11,30.926,-32.8183,38.2303,401.85,0
2017-11-16,12,8.66667,0.0,4.33333,75,37.91,32.205,-33.5254,38.9374,395.2,0
2017-11-16,13,9.16667,0.0,4.83333,74,41.49,29.335,-33.5254,38.9374,367.2,0
2017-11-16,14,8.5,0.0,5.33333,77,41.435,34.1933,-37.5977,38.1389,363.0,0
2017-11-16,15,8.0,0.0,5.5,84,53.376,40.57,-36.0699,33.3639,417.72,0
2017-11-16,16,8.16667,0.0,5.5,86,54.6533,37.715,-42.537,36.0426,386.88,0
2017-11-16,17,7.5,0.0,5.33333,89,62.7267,42.69,-47.0251,30.2479,374.85,0
2017-11-16,18,7.16667,0.0,5.0,90,69.1733,42.815,-45.9877,26.5045,432.667,0
2017-11-16,22,7.33333,0.0,4.0,100,36.71,26.0,11.5985,8.03628,443.143,0
2017-11-17,1,9.16667,0.25,4.0,91,44.02,34.0825,52.0,0.0,377.143,0
2017-11-17,2,9.66667,0.5,4.16667,84,52.775,44.21,55.0,0.0,329.829,0
2017-11-17,3,9.66667,0.5,4.16667,84,53.7675,35.1575,38.7612,3.8268,324.48,0
2017-11-17,4,10.1667,0.5,4.16667,82,52.2325,32.2425,19.5224,7.6536,300.0,0
2017-11-17,5,10.6667,0.5,4.0,80,44.7225,32.8475,-8.64028,11.8631,346.92,0
2017-11-17,6,11.1667,0.5,3.83333,79,42.2875,30.538,-30.6507,16.8379,309.12,0
2017-11-17,7,12.0,0.25,3.66667,73,40.64,29.24,-52.6612,21.8128,273.48,0
2017-11-17,8,12.3333,0.0,3.33333,80,41.66,27.5967,-44.7902,24.7658,270.327,0
2017-11-17,9,12.8333,0.25,3.16667,83,45.7533,30.8625,-45.7141,25.1485,271.385,0
2017-11-17,10,13.0,0.25,3.16667,82,46.965,32.3567,-42.8961,29.3661,271.385,0
2017-11-17,11,12.5,0.25,3.33333,77,50.0,33.11,-35.4778,35.4778,292.32,0
2017-11-17,12,12.0,0.25,3.83333,87,55.2,37.91,-39.3046,44.7166,267.12,0
2017-11-17,13,11.0,0.25,4.5,76,55.38,41.49,-32.5247,43.3488,291.5,0
2017-11-17,14,10.5,0.25,5.0,76,48.6775,41.435,-24.8823,47.0715,332.215,0
2017-11-17,15,9.83333,0.0,5.5,78,45.505,53.376,-24.8823,56.0715,300.0,0
2017-11-17,16,8.83333,0.0,5.66667,81,53.89,54.6533,-15.6899,55.8791,333.9,0
2017-11-17,17,8.16667,0.0,5.83333,82,53.21,62.7267,-11.0977,50.7925,389.88,0
2017-11-17,18,7.66667,0.0,5.5,84,44.4275,69.1733,-11.0977,56.7925,373.32,0
2017-11-17,22,7.5,0.0,3.5,79,35.37,36.71,-6.12288,50.7821,463.6,0
2017-11-18,1,8.33333,0.0,2.5,80,38.06,44.02,-15.6899,52.8791,375.943,1
2017-11-18,2,8.5,0.0,2.16667,91,38.65,52.775,-22.0539,52.2431,360.0,1
2017-11-18,3,8.66667,0.0,1.83333,89,35.765,53.7675,-25.3564,43.216,401.85,1
2017-11-18,4,8.83333,0.0,1.5,88,36.02,52.2325,-28.659,42.189,386.4,1
2017-11-18,5,9.16667,0.0,1.33333,88,37.62,44.7225,-31.9615,41.1619,371.25,1
2017-11-18,6,9.83333,0.0,1.16667,88,38.1333,42.2875,-35.9712,40.842,352.8,1
2017-11-18,7,10.5,0.0,1.0,89,33.93,40.64,-41.7195,41.7195,300.0,1
2017-11-18,8,11.1667,0.0,1.0,88,37.6875,41.66,-38.1839,38.1839,300.667,1
2017-11-18,9,12.1667,0.0,1.16667,83,41.05,45.7533,-41.0124,41.0124,251.6,1
2017-11-18,10,13.3333,0.0,1.33333,82,41.2475,46.965,-38.1839,38.1839,261.415,1
2017-11-18,11,14.3333,0.0,1.66667,76,39.62,50.0,-40.3053,40.3053,232.615,1
2017-11-18,12,15.0,0.0,2.16667,71,40.7225,55.2,-45.8949,37.2357,205.477,1
2017-11-18,13,15.6667,0.0,2.66667,69,36.73,55.38,-52.4084,34.5489,187.68,1
2017-11-18,14,16.6667,0.0,3.33333,70,33.95,48.6775,-57.5078,30.4478,180.0,1
2017-11-18,15,17.3333,0.0,3.66667,77,34.7675,45.505,-48.9656,20.282,216.847,1
2017-11-18,16,17.3333,0.0,4.0,81,34.58,53.89,-50.8134,21.0474,201.318,1
2017-11-18,17,17.3333,0.0,4.0,89,35.135,53.21,-49.8895,20.6647,217.579,1
2017-11-18,18,17.5,0.48,3.83333,86,37.5367,44.4275,-47.1179,19.5167,240.505,1
2017-11-18,22,17.8333,1.04,2.66667,87,24.45,35.37,-50.8134,21.0474,210.189,1
2017-11-19,1,16.1667,1.12,2.5,84,28.96,38.06,-59.7891,30.5643,186.821,1
2017-11-19,2,15.3333,0.56,2.33333,90,21.175,38.65,-50.7207,31.7787,231.8,1
2017-11-19,3,14.5,0.56,2.33333,94,14.255,35.765,-42.5761,33.3757,275.718,1
2017-11-19,4,13.6667,0.97,2.16667,99,12.9775,36.02,-36.7697,36.7697,286.971,1
2017-11-19,5,13.8333,1.76,2.16667,97,11.2325,37.62,-36.0626,36.0626,286.7,1
2017-11-19,6,14.1667,1.63,2.0,94,10.83,38.1333,-40.3053,40.3053,225.5,1
2017-11-19,7,14.5,3.18,2.0,93,11.795,33.93,-43.1337,43.1337,204.429,1
2017-11-19,8,15.3333,3.18,2.16667,94,12.5575,37.6875,-38.5917,46.1685,196.8,1
2017-11-19,9,15.8333,3.18,2.33333,92,14.44,41.05,-41.4201,48.9969,201.4,1
2017-11-19,10,16.6667,2.77,2.66667,88,14.2925,41.2475,-40.713,48.2898,195.0,1
2017-11-19,11,17.1667,1.98,3.0,85,12.4875,39.62,-36.7697,36.7697,224.824,1
2017-11-19,12,18.0,2.82,3.33333,82,13.98,40.7225,-39.5982,39.5982,193.765,1
2017-11-19,13,19.0,2.54,3.5,81,13.4925,36.73,-42.4266,42.4266,170.133,1
2017-11-19,14,19.3333,2.54,3.66667,81,16.07,33.95,-43.8408,43.8408,171.943,1
2017-11-19,15,19.5,2.54,3.66667,83,21.425,34.7675,-42.4266,42.4266,184.743,1
2017-11-19,16,18.6667,2.54,3.66667,83,24.7,34.58,-40.3053,40.3053,200.34,1
2017-11-19,17,17.5,2.54,3.5,85,25.6,35.135,-52.3157,45.2801,180.0,1
2017-11-19,22,12.5,1.65,2.83333,86,4.1,24.45,-45.8741,23.1437,297.6,1
2017-11-20,1,10.8333,1.9,2.0,89,6.41,28.96,-40.2948,33.2592,343.385,0
2017-11-20,2,10.1667,1.9,1.66667,89,12.705,21.175,-36.7697,36.7697,334.08,0
2017-11-20,3,10.1667,3.42,1.5,87,8.73333,14.255,-33.1427,38.0135,340.267,0
2017-11-20,4,9.5,3.04,1.5,85,8.8475,12.9775,-30.6055,40.8883,334.08,0
2017-11-20,5,9.66667,3.04,1.5,85,6.4075,11.2325,-32.519,45.5077,337.08,0
2017-11-20,6,10.8333,3.04,1.66667,83,7.1075,10.83,-25.4478,49.4366,335.345,0
2017-11-20,7,12.8333,2.0,1.83333,81,5.11,11.795,-9.18432,51.1731,313.6,0
2017-11-20,8,14.8333,2.0,2.16667,78,3.53333,12.5575,16.9706,51.1731,189.818,0
2017-11-20,9,15.3333,0.48,2.16667,83,4.74,14.44,31.82,55.0224,150.333,0
2017-11-20,10,17.6667,0.48,2.16667,83,4.37,14.2925,41.0124,49.0329,211.2,0
2017-11-20,11,18.6667,0.61,2.16667,79,4.00333,12.4875,37.4768,40.2948,233.143,0
2017-11-20,12,17.6667,1.09,2.16667,75,4.584,13.98,49.4977,56.0008,186.514,0
2017-11-20,13,16.5,1.02,2.16667,70,5.98667,13.4925,43.1337,52.238,196.8,0
2017-11-20,14,15.5,1.43,2.0,69,5.892,16.07,45.9622,55.9336,208.042,0
2017-11-20,15,15.3333,1.43,2.0,71,6.595,21.425,43.1337,56.3567,225.318,0
2017-11-20,16,14.0,1.43,2.0,73,6.9425,24.7,31.1128,52.6507,235.2,0
2017-11-20,17,12.6667,1.3,1.83333,77,8.17,25.6,30.4057,51.7268,275.718,0
2017-11-20,22,8.83333,0.0,-0.166667,87,18.86,4.1,13.4351,56.5537,335.345,0
2017-11-21,1,8.33333,0.0,-0.833333,85,21.6233,6.41,5.65688,59.391,360.0,0
2017-11-21,2,7.83333,0.0,-1.16667,90,20.9267,12.705,5.65688,57.391,360.0,0
2017-11-21,3,7.83333,0.0,-1.33333,89,17.8975,8.73333,0.0,58.0,398.945,0
2017-11-21,4,8.0,0.0,-1.5,88,17.6425,8.8475,-3.44412,55.3149,402.8,0
2017-11-21,5,7.5,0.0,-1.66667,87,19.845,6.4075,-6.12288,52.7821,395.2,0
2017-11-21,6,7.33333,0.0,-1.83333,86,26.535,7.1075,-8.41896,52.3254,432.667,0
2017-11-21,7,7.0,0.0,-2.16667,88,29.965,5.11,-10.715,48.8686,460.8,0
2017-11-21,8,6.83333,0.0,-2.16667,85,29.5525,3.53333,-10.715,54.8686,420.0,0
2017-11-21,9,6.5,0.0,-2.0,81,35.55,4.74,-15.6648,52.8184,436.05,0
2017-11-21,10,6.5,0.0,-1.66667,74,32.0133,4.37,-20.6146,49.7682,452.4,0
2017-11-21,11,6.33333,0.0,-1.16667,70,32.65,4.00333,-25.5644,46.7179,482.4,0
2017-11-21,12,6.33333,0.0,-0.5,67,34.98,4.584,-25.6558,41.9386,528.0,0
2017-11-21,13,6.83333,0.0,0.5,67,33.47,5.98667,-25.6558,47.9386,480.0,0
2017-11-21,14,7.33333,0.0,1.16667,70,27.3175,5.892,-24.1251,44.2431,477.0,0
2017-11-21,15,7.33333,0.0,1.5,77,27.502,6.595,-28.9001,39.7709,460.8,0
2017-11-21,16,7.16667,0.0,1.66667,86,37.6533,6.9425,-28.9001,39.7709,460.8,0
2017-11-21,17,7.16667,0.0,1.5,96,34.14,8.17,-34.4434,42.067,420.0,0
2017-11-21,18,7.5,0.0,1.0,100,39.99,10.26,-34.113,39.0306,454.629,0
2017-11-21,22,6.33333,0.0,-0.5,91,22.09,18.86,-43.2832,34.0828,479.52,0
2017-11-22,1,5.66667,0.0,-0.333333,92,23.2567,21.6233,-43.2728,27.0368,561.6,0
2017-11-22,2,5.16667,0.0,-0.5,100,21.7633,20.9267,-42.6793,29.6905,524.16,0
2017-11-22,3,5.66667,0.0,-0.666667,99,21.8467,17.8975,-38.0599,32.7771,569.25,0
2017-11-22,4,6.16667,0.0,-0.833333,100,22.415,17.6425,-35.8471,35.4352,520.0,0
2017-11-22,5,7.16667,0.0,-1.0,100,23.7033,19.845,-23.6045,31.1925,514.8,0
2017-11-22,6,7.5,0.0,-1.16667,99,21.465,26.535,-23.6045,31.1925,480.0,0
2017-11-22,7,8.0,0.0,-1.16667,99,19.89,29.965,-3.59405,26.2176,451.0,0
2017-11-22,8,8.83333,0.0,-1.0,97,21.02,29.5525,-5.12187,16.8505,392.229,0
2017-11-22,9,9.16667,0.0,-0.833333,91,23.9925,35.55,-9.4109,3.0739,380.8,0
2017-11-22,10,10.1667,0.0,-0.666667,86,29.55,32.0133,-16.1295,-9.4505,341.85,0
2017-11-22,11,11.1667,2.67,-0.333333,82,34.845,32.65,-28.3721,-25.0069,305.25,0
2017-11-22,12,12.6667,2.67,0.0,80,34.96,34.98,-46.2717,-34.9065,250.92,0
2017-11-22,13,13.8333,3.05,0.5,81,39.29,33.47,-45.6677,-30.5141,228.0,0
2017-11-22,14,15.1667,3.43,1.0,82,38.3025,27.3175,-47.5259,-38.3255,196.114,0
2017-11-22,15,15.6667,3.43,1.33333,85,40.44,27.502,-44.3567,-25.4147,224.824,0
2017-11-22,16,15.3333,3.43,1.66667,89,43.0675,37.6533,-57.291,-30.7722,187.2,0
2017-11-22,17,15.0,0.76,1.83333,91,44.99,34.14,-52.6716,-28.8588,225.318,0
2017-11-22,18,14.3333,0.76,2.0,92,45.3167,39.99,-51.7373,-21.4301,272.8,0
2017-11-22,22,12.8333,0.0,2.33333,92,28.38,22.09,-49.8895,-20.6647,261.415,0
2017-11-23,1,11.6667,0.38,2.83333,93,33.8075,23.2567,-13.2597,-13.7765,310.431,0
2017-11-23,2,11.5,0.61,3.0,92,36.7467,21.7633,12.7508,-8.80164,291.5,0
2017-11-23,3,11.5,0.61,3.0,92,34.9475,21.8467,35.8373,-4.20948,282.764,0
2017-11-23,4,11.5,0.61,3.0,92,37.7625,22.415,58.0,0.0,251.6,0
2017-11-23,5,12.1667,0.61,3.0,92,40.735,23.7033,60.0,0.0,250.364,0
2017-11-23,6,12.1667,0.23,3.16667,92,43.7,21.465,62.0,0.0,258.514,0
2017-11-23,7,12.0,0.23,3.33333,92,46.7875,19.89,59.0,0.0,270.3,0
2017-11-23,8,11.8333,0.0,3.5,92,46.305,21.02,60.0,0.0,260.0,0
2017-11-23,9,12.0,0.0,3.66667,92,47.3975,23.9925,59.0,0.0,260.945,0
2017-11-23,10,12.6667,0.0,4.16667,86,46.8075,29.55,61.0,0.0,259.2,0
2017-11-23,11,13.1667,0.0,4.83333,79,43.48,34.845,52.0,0.0,281.538,0
2017-11-23,12,14.3333,0.0,5.5,75,41.72,34.96,55.0,0.0,238.255,0
2017-11-23,13,15.0,0.0,6.16667,74,43.8075,39.29,62.0,0.0,188.308,0
2017-11-23,14,15.8333,0.0,6.83333,77,44.965,38.3025,51.0,0.0,229.125,0
2017-11-23,15,16.6667,0.0,7.33333,85,44.9867,40.44,51.0,0.0,236.733,0
2017-11-23,16,16.6667,0.0,7.5,88,47.47,43.0675,51.0,0.0,232.941,0
2017-11-23,17,16.0,0.0,7.33333,95,46.41,44.99,66.0,0.0,187.2,0
2017-11-23,18,15.3333,0.0,7.0,96,45.135,45.3167,61.0,0.0,218.625,0
2017-11-23,22,13.0,0.0,5.66667,90,45.96,28.38,53.0,0.0,277.114,0
2017-11-24,0,11.6667,0.0,5.33333,88,43.3,27.58,42.7612,3.8268,258.514,0
2017-11-24,1,11.1667,0.0,5.16667,87,45.565,33.8075,21.3702,6.88824,318.171,0
2017-11-24,2,10.6667,0.0,5.0,88,42.93,36.7467,-2.79252,11.0977,329.018,0
2017-11-24,3,10.5,0.0,5.0,88,42.005,34.9475,-23.9552,15.3072,343.385,0
2017-11-24,4,9.66667,0.0,5.0,88,40.2533,37.7625,-33.194,19.134,300.0,0
2017-11-24,5,9.16667,0.0,5.0,88,40.5525,40.735,-53.585,22.1954,324.48,0
2017-11-24,6,8.66667,0.0,5.0,89,39.3833,43.7,-50.8134,21.0474,341.85,0
2017-11-24,7,8.16667,0.0,5.0,88,40.89,46.7875,-48.0418,19.8994,411.927,0
2017-11-24,8,7.5,0.0,5.0,89,42.3975,46.305,-53.6986,25.5562,372.764,0
2017-11-24,9,7.16667,0.0,5.16667,85,43.665,47.3975,-48.4857,26.2965,426.0,0
2017-11-24,10,7.5,0.0,5.33333,82,44.755,46.8075,-43.9799,27.7439,458.28,0
2017-11-24,11,8.16667,0.0,5.66667,76,46.57,43.48,-43.9799,27.7439,437.25,0
2017-11-24,12,9.33333,0.0,6.16667,72,46.3675,41.72,-46.7516,28.892,375.943,0
2017-11-24,13,9.83333,0.0,6.83333,70,45.8575,43.8075,-23.665,24.2998,327.6,0
2017-11-24,14,11.0,0.0,7.5,71,46.6467,44.965,-2.05836,13.6932,319.2,0
2017-11-24,15,12.5,0.0,7.83333,77,47.36,44.9867,17.5985,8.03628,262.08,0
2017-11-24,16,13.6667,0.0,8.33333,78,47.645,47.47,54.0,0.0,255.2,0
2017-11-24,17,14.3333,0.0,8.5,83,46.3867,46.41,26.294,-6.50556,198.545,0
2017-11-24,18,14.6667,0.0,8.5,84,43.195,45.135,30.294,-6.50556,187.971,0
2017-11-24,22,15.1667,0.61,8.0,78,44.85,45.96,1.2836,11.4804,221.571,0
2017-11-25,0,13.6667,0.61,8.0,83,17.95,43.3,-51.2006,25.7642,237.12,1
2017-11-25,1,12.5,0.51,8.0,85,33.5833,45.565,-43.7064,26.388,292.32,1
2017-11-25,2,11.0,0.51,7.83333,91,25.2267,42.93,-49.3632,32.0448,286.0,1
2017-11-25,3,9.16667,0.51,7.66667,94,18.445,42.005,-37.8011,31.8479,391.341,1
2017-11-25,4,7.33333,0.51,7.33333,97,19.2675,40.2533,-39.3318,35.5434,424.518,1
2017-11-25,5,6.5,0.51,7.0,98,21.0033,40.5525,-41.6279,41.0867,426.918,1
2017-11-25,6,6.33333,0.51,6.66667,98,23.69,39.3833,-43.924,46.63,420.0,1
2017-11-25,7,6.16667,0.0,6.16667,96,32.4167,40.89,-31.2795,47.5155,462.545,1
2017-11-25,8,6.66667,0.0,5.83333,99,48.32,42.3975,-16.5013,39.7373,498.667,1
2017-11-25,9,7.66667,0.76,5.66667,96,61.265,43.665,-16.5013,39.7373,486.0,1
2017-11-25,10,7.83333,0.76,5.66667,96,38.1067,44.755,-20.0832,37.9072,420.0,1
2017-11-25,11,8.5,0.76,5.66667,94,43.02,46.57,-16.2564,21.6684,413.4,1
2017-11-25,12,9.0,0.76,5.66667,92,47.285,46.3675,-4.59313,19.8206,401.85,1
2017-11-25,13,9.83333,0.76,6.0,91,56.4325,45.8575,-9.3099,4.65138,345.257,1
2017-11-25,14,10.3333,0.76,6.33333,90,53.015,46.6467,-20.9021,-6.43518,300.0,1
2017-11-25,15,10.6667,0.48,6.5,90,53.54,47.36,-9.89143,-27.7125,311.143,1
2017-11-25,16,11.5,0.48,6.66667,88,53.5333,47.645,-14.4836,-31.7991,273.48,1
2017-11-25,17,12.5,0.48,6.83333,86,52.44,46.3867,-21.5547,-53.0379,260.945,1
2017-11-25,22,15.3333,1.12,7.0,90,13.66,44.85,-15.9642,-54.541,233.365,1
2017-11-26,0,15.1667,2.24,6.83333,92,2.22,17.95,-43.9078,-27.9665,187.971,1
2017-11-26,1,15.5,2.24,6.66667,93,4.86333,33.5833,-48.4498,-5.13263,195.52,1
2017-11-26,2,15.8333,3.36,6.33333,89,2.19,25.2267,-43.966,20.2561,195.0,1
2017-11-26,3,16.0,4.48,5.83333,88,2.73,18.445,-32.6523,47.5699,208.8,1
2017-11-26,4,16.5,3.36,5.33333,88,2.63,19.2675,-16.0224,56.6816,196.114,1
2017-11-26,5,16.6667,2.24,4.66667,89,2.68,21.0033,13.4351,49.5537,229.125,1
2017-11-26,6,15.8333,2.24,4.16667,92,4.36333,23.69,26.8702,51.1074,204.6,1
2017-11-26,7,15.5,2.24,3.66667,92,8.89,32.4167,26.8702,60.1074,202.725,1
2017-11-26,8,14.1667,1.12,3.16667,100,10.1167,48.32,26.8702,58.1074,238.105,1
2017-11-26,9,13.3333,0.48,2.83333,95,15.4825,61.265,23.8087,65.4985,240.0,1
2017-11-26,10,12.0,0.96,2.66667,74,19.1075,38.1067,6.16417,58.1074,307.705,1
2017-11-26,11,10.5,0.96,2.83333,69,19.4625,43.02,-7.27092,51.5537,313.6,1
2017-11-26,12,11.0,0.96,3.0,70,20.0225,47.285,-11.0977,51.7925,339.429,1
2017-11-26,13,11.1667,0.96,3.16667,66,25.415,56.4325,-19.583,46.2778,319.2,1
2017-11-26,14,12.0,0.96,3.33333,64,26.4,53.015,-27.1283,49.4935,260.945,1
2017-11-26,15,11.6667,0.48,3.33333,68,24.3267,53.54,-27.8936,51.3412,240.0,1
2017-11-26,16,11.8333,0.0,3.16667,75,24.4,53.5333,-31.3377,48.6561,250.92,1
2017-11-26,17,11.5,0.0,2.66667,76,27.8,52.44,-32.1031,50.5039,249.9,1
2017-11-26,22,11.0,0.0,1.16667,61,35.52,13.66,-34.8814,39.211,305.25,1
2017-11-27,0,10.6667,0.0,1.16667,59,34.69,2.22,-41.0124,41.0124,297.6,0
2017-11-27,1,9.83333,0.0,1.16667,58,37.4525,4.86333,-46.5557,43.3085,300.0,0
2017-11-27,2,10.0,0.0,1.16667,62,39.2167,2.19,-44.971,36.853,300.0,0
2017-11-27,3,10.1667,0.0,1.16667,64,36.7767,2.73,-47.8458,34.3158,322.4,0
2017-11-27,4,10.3333,0.0,0.833333,70,38.275,2.63,-51.371,30.8054,321.6,0
2017-11-27,5,10.8333,0.0,0.833333,70,39.53,2.68,-48.0418,19.8994,302.4,0
2017-11-27,6,11.8333,0.0,0.833333,69,40.1867,4.36333,-54.5089,22.5781,240.0,0
2017-11-27,7,12.3333,0.0,1.0,70,39.07,8.89,-48.0418,19.8994,281.538,0
2017-11-27,8,12.6667,0.0,1.16667,71,39.575,10.1167,-44.5166,23.4098,297.0,0
2017-11-27,9,12.6667,0.0,1.33333,72,36.095,15.4825,-53.002,31.8952,249.171,0
2017-11-27,10,12.6667,0.0,1.66667,75,35.06,19.1075,-52.0781,31.5125,249.508,0
2017-11-27,11,12.8333,0.0,2.0,72,33.2567,19.4625,-38.8806,31.845,286.7,0
2017-11-27,12,13.1667,0.0,2.33333,69,32.5775,20.0225,-40.2948,33.2592,265.5,0
2017-11-27,13,13.3333,0.0,2.66667,68,32.9775,25.415,-44.7438,30.1314,251.631,0
2017-11-27,14,13.3333,0.0,3.0,68,33.4125,26.4,-44.7438,30.1314,257.914,0
2017-11-27,15,13.1667,0.0,3.16667,71,34.03,24.3267,-43.3296,28.7172,277.114,0
2017-11-27,16,12.8333,0.0,3.33333,71,34.845,24.4,-41.9154,27.303,297.0,0
2017-11-27,17,12.1667,0.0,3.16667,72,34.135,27.8,-53.002,31.8952,249.171,0
2017-11-27,22,12.3333,0.0,1.5,69,36.87,35.52,-30.4985,17.6033,262.08,0
2017-11-28,0,14.0,0.0,0.833333,65,36.74,34.69,31.9134,4.59216,245.1,0
2017-11-28,1,15.3333,0.0,0.5,66,38.9225,37.4525,61.0,0.0,188.7,0
2017-11-28,2,16.3333,0.0,0.333333,66,42.5667,39.2167,52.0,0.0,216.72,0
2017-11-28,3,17.6667,0.0,0.333333,62,43.76,36.7767,55.0,0.0,205.8,0
2017-11-28,4,18.3333,0.0,0.333333,61,45.2075,38.275,57.0,0.0,195.789,0
2017-11-28,5,18.6667,0.0,0.5,62,49.7825,39.53,58.0,0.0,184.0,0
2017-11-28,6,18.5,0.0,0.666667,62,51.9875,40.1867,57.0,0.0,200.34,0
2017-11-28,7,19.0,0.0,0.833333,63,50.4875,39.07,54.0,0.0,221.76,0
2017-11-28,8,19.1667,0.0,1.0,64,48.575,39.575,56.0,0.0,193.765,0
2017-11-28,9,19.1667,0.0,1.16667,64,47.25,36.095,58.0,0.0,179.082,0
2017-11-28,10,18.8333,0.0,1.33333,69,44.9275,35.06,61.0,0.0,183.0,0
2017-11-28,11,19.0,0.0,1.66667,67,41.6925,33.2567,57.0,0.0,195.789,0
2017-11-28,12,19.1667,0.0,2.0,66,38.64,32.5775,56.0,0.0,207.36,0
2017-11-28,13,18.3333,0.0,2.33333,67,40.21,32.9775,54.0,0.0,213.333,0
2017-11-28,14,18.0,0.0,2.66667,67,40.405,33.4125,53.0,0.0,221.0,0
2017-11-28,15,17.0,0.0,2.83333,70,40.7967,34.03,52.0,0.0,228.8,0
2017-11-28,16,16.3333,0.0,2.83333,81,46.915,34.845,66.0,0.0,194.133,0
2017-11-28,17,15.5,0.0,2.66667,83,45.63,34.135,62.0,0.0,217.412,0
2017-11-28,22,12.1667,0.0,2.33333,84,35.55,36.87,61.0,0.0,259.2,0
2017-11-29,0,11.6667,0.0,2.5,85,35.09,36.74,59.0,0.0,260.945,0
2017-11-29,1,11.1667,0.0,2.33333,88,39.86,38.9225,59.0,0.0,260.945,0
2017-11-29,2,10.3333,0.0,2.33333,92,43.37,42.5667,56.0,0.0,310.431,0
2017-11-29,3,9.33333,0.0,2.16667,92,40.4033,43.76,62.0,0.0,310.708,0
2017-11-29,4,9.0,0.0,1.83333,92,45.275,45.2075,56.0,0.0,369.6,0
2017-11-29,5,8.33333,0.0,1.5,92,49.5375,49.7825,54.0,0.0,394.4,0
2017-11-29,6,8.0,0.0,1.33333,92,50.11,51.9875,62.0,0.0,360.0,0
2017-11-29,7,8.0,0.0,1.16667,92,54.405,50.4875,59.0,0.0,385.745,0
2017-11-29,8,8.33333,0.0,1.0,94,57.2867,48.575,56.0,0.0,390.0,0
2017-11-29,9,8.5,0.84,1.16667,86,57.0967,47.25,56.0,0.0,360.0,0
2017-11-29,10,8.33333,1.45,1.33333,80,56.42,44.9275,51.0,0.0,417.72,0
2017-11-29,11,8.33333,1.45,1.66667,77,57.585,41.6925,60.0,0.0,360.0,0
2017-11-29,12,8.16667,2.06,2.0,75,58.74,38.64,58.0,0.0,360.0,0
2017-11-29,13,7.83333,2.75,2.5,76,58.11,40.21,58.0,0.0,374.0,0
2017-11-29,14,7.83333,2.75,2.83333,80,57.3133,40.405,55.0,0.0,405.45,0
2017-11-29,15,8.0,1.91,3.0,84,58.425,40.7967,55.0,0.0,405.45,0
2017-11-29,16,8.0,1.3,3.0,86,58.13,46.915,56.0,0.0,390.0,0
2017-11-29,17,8.0,1.3,2.83333,96,57.12,45.63,57.0,0.0,388.267,0
2017-11-29,22,6.0,0.69,1.16667,87,45.81,35.55,56.0,0.0,452.4,0
2017-11-30,0,5.66667,0.0,1.0,89,40.64,35.09,58.0,0.0,496.4,0
2017-11-30,1,6.0,0.0,1.0,91,47.22,39.86,56.0,0.0,530.0,0
2017-11-30,2,6.16667,0.0,0.833333,92,44.8233,43.37,40.5328,2.67876,550.8,0
2017-11-30,3,6.33333,0.0,0.666667,91,47.34,40.4033,26.0657,5.35752,524.16,0
2017-11-30,4,6.66667,0.0,0.5,91,40.415,45.275,14.5985,8.03628,480.0,0
2017-11-30,5,6.66667,0.0,0.333333,91,44.395,49.5375,-3.79252,11.0977,496.8,0
2017-11-30,7,6.66667,0.0,0.0,91,46.23,54.405,-25.9552,15.3072,492.9,0
2017-11-30,16,10.3333,6.2,1.33333,91,38.01,58.13,-33.1427,-38.0135,346.92,0
2017-11-30,17,10.5,7.14,1.0,92,32.23,57.12,-30.2811,-41.1051,334.08,0
2017-11-30,22,9.83333,3.0,0.0,91,27.0667,45.81,24.7157,-41.6689,353.455,0
2018-10-01,0,10.1667,0.0,7.33333,77,22.45,18.54,-11.488,12.6284,348.0,0
2018-10-01,1,9.5,0.0,6.5,80,24.805,19.665,-2.48804,12.6284,311.1,0
2018-10-01,2,9.0,0.0,5.83333,84,22.35,22.305,16.5985,8.03628,347.564,0
2018-10-01,3,8.66667,0.0,5.16667,87,35.3,19.95,34.7612,3.8268,376.32,0
2018-10-01,4,8.16667,0.0,4.66667,90,43.68,22.57,52.0,0.0,403.68,0
2018-10-01,5,7.83333,0.0,4.16667,92,39.36,21.345,59.0,0.0,373.32,0
2018-10-01,6,7.5,0.0,3.83333,89,35.385,25.01,56.0,0.0,402.8,0
2018-10-01,7,7.33333,0.0,3.5,100,39.91,25.83,54.0,0.0,432.667,0
2018-10-01,8,7.33333,0.0,3.5,97,38.41,23.205,52.0,0.0,453.6,0
2018-10-01,9,7.33333,0.0,4.0,85,31.445,20.545,52.0,0.0,453.6,0
2018-10-01,10,7.66667,0.0,4.83333,72,29.43,19.58,52.0,0.0,453.6,0
2018-10-01,11,8.0,0.0,6.33333,60,28.655,17.035,53.0,0.0,425.829,0
2018-10-01,12,8.5,0.0,8.0,53,26.765,15.94,37.6851,3.44412,392.229,0
2018-10-01,13,9.0,0.0,10.0,49,21.615,13.82,14.4463,7.27092,393.6,0
2018-10-01,14,9.5,0.0,11.8333,49,29.3,12.82,-1.79252,11.0977,356.4,0
2018-10-01,15,9.83333,0.0,13.3333,46,37.425,18.345,-17.5707,18.8759,313.65,0
2018-10-01,16,9.66667,0.0,14.3333,48,44.71,16.26,-32.6418,25.947,300.0,0
2018-10-01,17,9.33333,0.0,14.6667,56,43.64,15.005,-47.2987,31.6039,312.8,0
2018-10-01,18,8.83333,0.0,14.5,70,50.6,16.63,-43.9336,33.1096,349.92,0
2018-10-01,19,8.16667,0.0,13.8333,81,70.01,20.9,-39.6445,34.2325,389.88,0
2018-10-01,20,7.33333,0.0,12.6667,97,70.265,18.345,-43.8872,38.4752,373.32,0
2018-10-01,21,6.83333,0.0,11.0,100,65.985,21.36,-40.1917,36.9445,439.855,0
2018-10-01,22,6.66667,0.0,9.66667,100,72.45,19.41,-38.8806,31.845,488.52,0
2018-10-01,23,6.66667,0.0,8.66667,85,63.13,22.305,-43.8304,36.7948,449.28,0
2018-10-02,0,6.66667,0.0,8.0,85,37.845,22.45,-41.7091,34.6735,469.05,0
2018-10-02,1,7.0,0.0,7.33333,86,44.86,24.805,-38.7309,35.4837,472.457,0
2018-10-02,2,7.5,0.0,7.33333,89,33.515,22.35,-33.7812,38.534,454.629,0
2018-10-02,3,8.0,0.0,7.5,100,28.6,35.3,-18.2248,37.6565,451.0,0
2018-10-02,4,8.66667,0.0,7.5,100,18.895,43.68,-5.61037,44.5992,392.229,0
2018-10-02,5,9.5,0.0,7.33333,100,20.02,39.36,13.5848,47.1333,377.143,0
2018-10-02,6,10.3333,0.0,7.16667,100,21.79,35.385,27.0199,53.2701,300.0,0
2018-10-02,7,11.0,0.0,7.16667,100,20.945,39.91,38.1839,49.8895,300.667,0
2018-10-02,8,11.6667,0.0,7.0,100,23.19,38.41,31.82,53.5746,273.48,0
2018-10-02,9,12.3333,0.0,7.33333,95,14.645,31.445,24.7488,57.3358,250.364,0
2018-10-02,10,12.8333,0.0,7.83333,75,16.23,29.43,8.48532,50.0866,286.7,0
2018-10-02,11,13.5,0.0,8.5,65,19.78,28.655,-5.35752,51.9343,265.5,0
2018-10-02,12,14.3333,0.0,9.16667,59,22.09,26.765,-11.4804,54.7164,232.615,0
2018-10-02,13,15.3333,0.0,9.83333,60,16.86,21.615,-17.986,57.4224,204.429,0
2018-10-02,14,16.3333,0.0,10.5,59,18.24,29.3,-19.5167,47.1179,229.125,0
2018-10-02,15,17.1667,0.0,10.8333,58,14.78,37.425,-20.6647,49.8895,209.012,0
2018-10-02,16,18.0,0.0,11.0,57,15.725,44.71,-21.4301,51.7373,198.4,0
2018-10-02,17,18.6667,0.0,10.8333,55,17.135,43.64,-21.8128,52.6612,195.789,0
2018-10-02,18,19.1667,0.0,10.5,53,18.67,50.6,-28.684,49.2496,188.779,0
2018-10-02,19,19.5,0.0,10.1667,55,10.56,70.01,-35.5553,45.8381,181.895,0
2018-10-02,20,19.6667,0.0,9.66667,59,12.16,70.265,-42.4266,42.4266,180.0,0
2018-10-02,21,19.8333,0.53,9.16667,65,11.83,65.985,-42.4266,42.4266,180.0,0
2018-10-02,22,20.5,0.53,8.66667,70,13.1,72.45,-42.4266,42.4266,180.0,0
2018-10-02,23,21.1667,0.53,8.16667,78,12.22,63.13,-44.5479,44.5479,160.74,0
2018-10-03,0,21.8333,1.06,8.0,76,10.995,37.845,-47.3764,47.3764,136.74,0
2018-10-03,1,22.1667,1.67,7.83333,76,10.725,44.86,-42.4185,55.4073,130.226,0
2018-10-03,2,22.5,1.67,7.83333,75,14.5,33.515,-34.5739,59.4691,140.4,0
2018-10-03,3,22.8333,1.14,7.83333,77,8.97,28.6,-26.0222,62.8238,151.2,0
2018-10-03,4,23.0,1.14,7.83333,79,9.695,18.895,-25.2569,60.9761,152.727,0
2018-10-03,5,23.1667,1.75,7.83333,81,7.175,20.02,-26.0222,62.8238,141.382,0
2018-10-03,6,23.6667,1.22,7.83333,81,6.245,21.79,-27.1703,65.5955,125.182,0
2018-10-03,7,24.8333,1.3,7.83333,80,5.545,20.945,-19.8994,48.0418,168.192,0
2018-10-03,8,26.3333,1.3,7.83333,79,4.445,23.19,-21.4301,51.7373,151.467,0
2018-10-03,9,27.6667,1.3,7.83333,75,3.87,14.645,-11.0977,57.7925,137.048,0
2018-10-03,10,28.0,1.3,8.0,82,3.29,16.23,0.0,61.0,138.194,0
2018-10-03,11,28.3333,0.69,8.33333,77,2.53,19.78,0.0,56.0,159.84,0
2018-10-03,12,28.3333,0.69,8.66667,69,2.36,22.09,0.0,53.0,165.092,0
2018-10-03,13,28.0,0.0,9.0,65,1.865,16.86,19.092,51.9448,162.222,0
2018-10-03,14,27.3333,0.0,9.5,62,1.955,18.24,38.1839,49.8895,162.222,0
2018-10-03,15,26.8333,0.58,9.83333,65,2.21,14.78,38.1839,49.8895,162.222,0
2018-10-03,16,26.8333,0.58,10.0,70,3.88,15.725,38.1839,49.8895,162.222,0
2018-10-03,17,26.3333,0.58,10.0,78,4.135,17.135,37.4768,43.3296,167.733,0
2018-10-03,18,25.3333,0.58,9.83333,75,4.29,18.67,54.4475,60.3003,120.0,0
2018-10-03,19,23.8333,0.58,9.5,75,2.58,10.56,50.2048,50.2048,144.692,0
2018-10-03,20,21.8333,0.58,8.83333,74,4.665,12.16,44.5479,48.4498,179.95,0
2018-10-03,21,19.6667,0.48,8.33333,74,4.23,11.83,38.1839,45.3373,225.886,0
2018-10-03,22,17.6667,0.48,7.83333,77,5.14,13.1,48.0835,58.2717,199.886,0
2018-10-03,23,15.8333,0.96,7.5,80,4.405,12.22,43.1337,56.3567,231.8,0
2018-10-04,0,14.6667,0.96,7.16667,81,3.775,10.995,39.5982,51.7373,254.88,0
2018-10-04,1,14.0,0.96,7.0,81,4.64,10.725,28.9915,51.8791,257.914,0
2018-10-04,2,13.8333,0.96,7.0,80,3.48,14.5,19.092,52.9448,257.914,0
2018-10-04,3,13.8333,0.96,6.83333,81,4.08,8.97,9.19243,54.0104,251.631,0
2018-10-04,4,13.6667,1.44,6.66667,81,5.305,9.695,0.0,56.0,248.571,0
2018-10-04,5,13.6667,0.96,6.5,82,3.65,7.175,0.0,55.0,257.914,0
2018-10-04,6,13.5,0.96,6.33333,82,2.93,6.245,0.0,54.0,267.429,0
2018-10-04,7,13.3333,0.96,6.0,94,5.36,5.545,0.0,53.0,277.114,0
2018-10-04,8,13.0,0.96,5.83333,94,6.98,4.445,0.0,52.0,281.538,0
2018-10-04,9,12.8333,0.48,6.16667,84,4.905,3.87,0.0,51.0,291.877,0
2018-10-04,10,13.3333,0.0,6.66667,66,6.625,3.29,0.0,51.0,291.877,0
2018-10-04,11,14.0,0.0,7.5,56,2.75,2.53,11.3138,52.7821,261.415,0
2018-10-04,12,14.8333,0.0,8.5,48,6.395,2.36,23.3346,55.488,216.0,0
2018-10-04,13,15.6667,0.0,9.83333,43,6.115,1.865,36.0626,47.1179,229.125,0
2018-10-04,14,16.5,0.0,11.0,42,11.23,1.955,37.4768,48.9656,216.847,0
2018-10-04,15,17.0,0.0,11.8333,41,17.39,2.21,37.4768,48.9656,221.0,0
2018-10-04,16,16.6667,0.0,12.5,44,20.855,3.88,36.0626,47.1179,236.733,0
2018-10-04,17,16.0,0.0,12.5,55,13.37,4.135,45.9622,60.0522,201.4,0
2018-10-04,18,15.0,0.0,12.1667,57,8.64,4.29,33.2342,56.4224,233.365,0
2018-10-04,19,13.8333,0.0,11.5,60,17.72,2.58,21.2133,52.7164,269.925,0
2018-10-04,20,12.6667,0.0,10.6667,63,24.665,4.665,21.2133,63.7164,240.0,0
2018-10-04,21,11.6667,0.0,9.83333,61,19.685,4.23,6.07274,58.1731,277.714,0
2018-10-04,22,10.8333,0.0,8.83333,62,22.67,5.14,-7.6536,54.4776,310.431,0
2018-10-04,23,10.1667,0.0,8.16667,67,17.275,4.405,-11.0977,49.7925,348.0,0
2018-10-05,0,9.83333,0.0,7.66667,69,15.93,3.775,-17.4617,56.1565,311.1,0
2018-10-05,1,9.83333,0.0,7.5,72,14.47,4.64,-24.5328,51.2276,323.345,0
2018-10-05,2,10.0,0.0,7.5,76,18.585,3.48,-32.311,48.0058,312.12,0
2018-10-05,3,10.3333,0.0,7.66667,75,16.79,4.08,-36.2624,46.5452,300.0,0
2018-10-05,4,10.8333,0.0,8.0,77,21.195,5.305,-37.4768,37.4768,313.6,0
2018-10-05,5,11.5,0.0,8.33333,78,22.765,3.65,-39.5982,39.5982,285.12,0
2018-10-05,6,12.0,0.0,8.66667,83,23.965,2.93,-41.7195,41.7195,260.945,0
2018-10-05,7,12.5,0.0,8.83333,81,24.925,5.36,-43.1337,43.1337,240.0,0
2018-10-05,8,13.1667,0.0,9.0,78,25.46,6.98,-36.7697,36.7697,276.0,0
2018-10-05,9,13.8333,0.0,9.33333,69,26.275,4.905,-38.891,38.891,251.631,0
2018-10-05,10,14.3333,0.0,9.83333,76,24.765,6.625,-41.0124,41.0124,223.385,0
2018-10-05,11,14.8333,0.0,10.5,65,24.175,2.75,-42.4266,42.4266,212.914,0
2018-10-05,12,15.5,0.0,11.5,59,23.46,6.395,-43.8408,43.8408,203.52,0
2018-10-05,13,16.1667,0.0,12.6667,54,21.8,6.115,-45.255,45.255,195.0,0
2018-10-05,14,16.6667,0.0,14.0,53,21.325,11.23,-36.0626,36.0626,229.125,0
2018-10-05,15,16.8333,0.0,15.0,51,23.83,17.39,-37.4768,37.4768,216.847,0
2018-10-05,16,16.8333,0.0,15.8333,51,22.89,20.855,-37.4768,37.4768,221.0,0
2018-10-05,17,16.5,0.0,16.3333,52,22.285,13.37,-48.0835,48.0835,180.0,0
2018-10-05,18,15.8333,0.0,16.1667,59,25.59,8.64,-45.255,45.255,208.8,0
2018-10-05,19,14.6667,0.0,15.6667,63,23.84,17.72,-44.5375,37.5019,241.553,0
2018-10-05,20,13.5,0.0,14.6667,69,27.36,24.665,-42.6793,29.6905,282.72,0
2018-10-05,21,12.3333,0.0,13.6667,70,29.045,19.685,-52.842,33.9,248.88,0
2018-10-05,22,11.5,0.0,12.5,70,27.11,22.67,-51.4741,27.1201,287.571,0
2018-10-05,23,10.8333,0.0,11.3333,72,29.22,17.275,-50.8134,21.0474,321.231,0
2018-10-06,0,10.3333,0.0,10.5,74,32.75,15.93,-48.0418,19.8994,341.127,1
2018-10-06,1,10.1667,0.0,9.83333,75,34.79,14.47,-27.8791,15.6899,353.455,1
2018-10-06,2,10.0,0.0,9.33333,77,35.075,18.585,-17.8791,15.6899,300.0,1
2018-10-06,3,10.0,0.0,8.83333,79,35.66,16.79,2.2836,11.4804,300.0,1
2018-10-06,4,10.1667,0.0,8.5,81,36.14,21.195,21.5224,7.6536,300.0,1
2018-10-06,5,10.3333,0.0,8.33333,83,37.675,22.765,51.0,0.0,346.92,1
2018-10-06,6,10.5,0.0,8.0,83,35.38,23.965,30.8373,4.20948,334.08,1
2018-10-06,7,10.8333,0.0,7.66667,94,34.52,24.925,10.6746,8.41896,321.48,1
2018-10-06,8,11.1667,0.0,7.66667,93,34.93,25.46,-10.4119,13.0111,297.0,1
2018-10-06,9,11.8333,0.0,8.0,82,34.895,26.275,-8.41192,13.0111,282.764,1
2018-10-06,10,12.3333,0.0,8.66667,73,31.67,24.765,-5.41192,13.0111,250.364,1
2018-10-06,11,13.1667,0.0,9.66667,62,31.015,24.175,28.9134,4.59216,276.0,1
2018-10-06,12,14.1667,0.0,11.0,55,32.285,23.46,56.0,0.0,235.2,1
2018-10-06,13,15.1667,0.0,12.5,51,38.415,21.8,61.0,0.0,204.429,1
2018-10-06,14,16.1667,0.0,14.0,51,41.275,21.325,51.0,0.0,229.125,1
2018-10-06,15,16.6667,0.0,15.3333,49,40.36,23.83,53.0,0.0,216.847,1
2018-10-06,16,16.6667,0.0,16.1667,50,41.41,22.89,53.0,0.0,221.0,1
2018-10-06,17,16.1667,0.0,16.5,57,34.88,22.285,67.0,0.0,187.0,1
2018-10-06,18,15.1667,0.0,16.3333,79,51.355,25.59,36.9896,4.97484,224.0,1
2018-10-06,19,13.8333,0.0,15.8333,83,42.49,23.84,8.82688,9.18432,275.718,1
2018-10-06,20,12.3333,0.0,14.8333,95,55.285,27.36,-0.411919,13.0111,256.941,1
2018-10-06,21,11.0,0.0,13.5,94,56.395,29.045,-25.7268,16.4552,307.8,1
2018-10-06,22,10.1667,0.0,12.5,87,62.53,27.11,-48.0418,19.8994,354.738,1
2018-10-06,23,9.5,0.0,11.5,85,54.87,29.22,-56.3567,23.3435,321.6,1
2018-10-07,0,9.16667,0.0,10.6667,88,59.535,32.75,-52.6612,21.8128,347.564,1
2018-10-07,1,9.0,0.0,10.1667,84,59.9,34.79,-50.8134,21.0474,363.0,1
2018-10-07,2,9.0,0.0,10.0,84,58.535,35.075,-49.8895,20.6647,366.667,1
2018-10-07,3,9.0,0.0,10.0,85,53.11,35.66,-49.8895,20.6647,366.667,1
2018-10-07,4,9.0,0.0,10.0,81,54.95,36.14,-49.8895,20.6647,366.667,1
2018-10-07,5,9.0,0.0,10.1667,87,54.5,37.675,-49.8895,20.6647,366.667,1
2018-10-07,6,9.0,0.0,10.3333,95,54.69,35.38,-49.8895,20.6647,366.667,1
2018-10-07,7,9.0,0.0,10.3333,100,55.095,34.52,-49.8895,20.6647,366.667,1
2018-10-07,8,9.0,0.0,10.3333,98,53.2,34.93,-49.8895,20.6647,366.667,1
2018-10-07,9,9.16667,0.0,10.6667,82,51.13,34.895,-49.8895,20.6647,366.667,1
2018-10-07,10,9.66667,0.0,11.1667,68,46.31,31.67,-50.8134,21.0474,352.8,1
2018-10-07,11,10.6667,0.0,12.0,58,40.57,31.015,-50.9838,26.0886,312.8,1
2018-10-07,12,11.8333,0.0,13.3333,50,30.72,32.285,-44.9606,29.807,288.0,1
2018-10-07,13,13.0,0.0,14.8333,46,27.06,38.415,-39.6445,34.2325,253.08,1
2018-10-07,14,14.3333,0.0,16.5,47,19.305,41.275,-36.5286,45.1878,206.7,1
2018-10-07,15,15.5,0.0,17.6667,52,14.77,40.36,-28.0433,53.7025,187.68,1
2018-10-07,16,16.6667,0.0,18.1667,63,9.075,41.41,-5.41577,58.8018,180.0,1
2018-10-07,17,17.3333,0.0,17.8333,75,3.7,34.88,25.456,46.141,216.847,1
2018-10-07,18,17.8333,0.0,17.1667,76,4.04,51.355,43.0097,36.412,201.318,1
2018-10-07,19,18.0,0.0,16.0,81,5.46,42.49,48.5425,27.9769,195.789,1
2018-10-07,20,17.6667,0.0,14.3333,88,6.76,55.285,50.8134,21.0474,210.189,1
2018-10-07,21,17.0,0.0,12.8333,83,5.2,56.395,47.1179,19.5167,240.505,1
2018-10-07,22,15.5,0.0,11.5,84,4.06,62.53,59.1283,24.4915,215.368,1
2018-10-07,23,13.8333,0.0,10.6667,85,4.11,54.87,50.8134,21.0474,275.718,1
2018-10-08,0,12.0,0.0,9.66667,87,8.335,59.535,59.8134,21.0474,265.624,0
2018-10-08,1,10.3333,0.0,8.83333,94,9.745,59.9,52.1074,14.5418,336.0,0
2018-10-08,2,9.0,0.0,8.16667,100,9.98,58.535,59.1074,14.5418,330.72,0
2018-10-08,3,8.0,0.0,7.5,100,10.46,53.11,52.2492,8.80164,403.015,0
2018-10-08,4,7.5,0.0,6.83333,100,23.235,54.95,59.2492,8.80164,384.0,0
2018-10-08,5,7.0,0.0,6.16667,100,21.55,54.5,53.706,1.14804,429.0,0
2018-10-08,6,6.66667,0.0,5.5,100,17.27,54.69,50.0104,-4.97484,479.467,0
2018-10-08,7,6.5,0.0,5.0,100,17.675,55.095,55.5537,-7.27092,450.667,0
2018-10-08,8,6.33333,0.0,4.66667,99,19.935,53.2,50.7964,-11.5136,486.0,0
2018-10-08,9,6.16667,0.0,4.66667,83,16.83,51.13,47.039,-15.7562,509.143,0
2018-10-08,10,6.16667,0.0,5.33333,62,11.865,46.31,42.3351,-21.2995,528.0,0
2018-10-08,11,6.5,0.0,6.16667,50,9.525,40.57,30.3853,-26.2493,528.0,0
2018-10-08,12,6.83333,0.0,7.33333,42,6.06,30.72,15.9943,-29.3107,509.143,0
2018-10-08,13,7.16667,0.0,8.66667,38,7.17,27.06,2.13611,-29.6934,477.0,0
2018-10-08,14,7.66667,0.0,10.1667,38,11.375,19.305,4.59283,-27.3973,438.6,0
2018-10-08,15,8.0,0.0,11.3333,37,29.1,14.77,3.80689,-20.8586,432.0,0
2018-10-08,16,8.16667,0.0,12.0,39,26.34,9.075,-7.82681,-13.5545,395.2,0
2018-10-08,17,8.16667,0.0,11.8333,52,27.21,3.7,-17.5139,-4.94977,375.943,0
2018-10-08,18,8.16667,0.0,11.5,54,27.465,4.04,-19.9552,3.06144,374.85,0
2018-10-08,19,8.0,0.0,11.0,57,33.01,5.46,-19.9552,9.18432,374.85,0
2018-10-08,20,7.66667,0.0,10.0,65,36.075,6.76,-5.56416,12.2458,390.0,0
2018-10-08,21,7.5,0.0,8.83333,72,40.82,5.2,-6.56416,12.2458,417.6,0
2018-10-08,22,7.5,0.0,7.66667,72,38.29,4.06,-8.56416,12.2458,437.25,0
2018-10-08,23,7.5,0.0,7.16667,72,34.62,4.11,6.82688,9.18432,437.25,0
2018-10-09,0,7.5,0.0,6.66667,75,25.68,8.335,22.2179,6.12288,437.25,0
2018-10-09,1,7.5,0.0,6.0,77,30.525,9.745,37.609,3.06144,437.25,0
2018-10-09,2,7.5,0.0,5.66667,79,27.58,9.98,52.0,0.0,443.143,0
2018-10-09,3,7.5,0.0,5.66667,80,27.99,10.46,52.0,0.0,443.143,0
2018-10-09,4,7.33333,0.0,5.66667,82,33.705,23.235,52.0,0.0,443.143,0
2018-10-09,5,7.16667,0.0,5.66667,83,39.155,21.55,52.0,0.0,453.6,0
2018-10-09,6,7.0,0.0,5.66667,83,30.185,17.27,51.0,0.0,470.25,0
2018-10-09,7,7.0,0.0,5.66667,93,31.165,17.675,58.0,0.0,420.0,0
2018-10-09,8,7.16667,0.0,5.83333,90,32.9,19.935,57.0,0.0,436.05,0
2018-10-09,9,7.5,0.0,6.16667,79,34.975,16.83,57.0,0.0,420.0,0
2018-10-09,10,8.16667,0.0,6.66667,72,26.435,11.865,52.0,0.0,443.143,0
2018-10-09,11,9.0,0.0,7.66667,59,30.72,9.525,34.8373,4.20948,375.943,0
2018-10-09,12,9.83333,0.0,8.83333,51,28.23,6.06,9.75076,8.80164,345.257,0
2018-10-09,13,10.8333,0.0,10.3333,47,33.625,7.17,-15.3358,13.3938,319.2,0
2018-10-09,14,11.5,0.0,11.8333,46,37.69,11.375,-35.3462,18.3686,263.467,0
2018-10-09,15,11.8333,0.0,13.1667,46,43.98,29.1,-55.4328,22.9608,250.364,0
2018-10-09,16,11.6667,0.0,14.1667,51,45.36,26.34,-55.4328,22.9608,260.0,0
2018-10-09,17,11.1667,0.0,14.3333,58,45.035,27.21,-53.585,22.1954,280.8,0
2018-10-09,18,10.6667,0.0,14.1667,66,47.305,27.465,-50.8134,21.0474,321.231,0
2018-10-09,19,9.83333,0.0,13.6667,76,54.03,33.01,-47.1179,19.5167,359.9,0
2018-10-09,20,9.16667,0.0,12.8333,87,50.615,36.075,-54.5089,22.5781,333.9,0
2018-10-09,21,8.66667,0.0,11.6667,92,54.915,40.82,-50.8134,21.0474,372.655,0
2018-10-09,22,8.33333,0.0,10.6667,91,58.66,38.29,-48.0418,19.8994,403.68,0
2018-10-09,23,8.16667,0.0,10.0,91,59.57,34.62,-55.4328,22.9608,360.0,0
2018-10-10,0,7.83333,0.0,9.33333,97,55.96,25.68,-53.585,22.1954,374.0,0
2018-10-10,1,7.66667,0.0,8.66667,100,54.05,30.525,-51.7373,21.4301,402.8,0
2018-10-10,2,7.5,0.0,8.16667,100,55.47,27.58,-49.8895,20.6647,421.2,0
2018-10-10,3,7.33333,0.0,8.0,100,55.62,27.99,-48.9656,20.282,437.25,0
2018-10-10,4,7.16667,0.0,7.83333,97,60.13,33.705,-48.0418,19.8994,453.6,0
2018-10-10,5,6.83333,0.0,7.5,100,60.555,39.155,-47.1179,19.5167,470.25,0
2018-10-10,6,6.66667,0.0,7.33333,100,61.16,30.185,-52.6612,21.8128,436.05,0
2018-10-10,7,6.5,0.0,7.16667,100,62.05,31.165,-50.8134,21.0474,469.05,0
2018-10-10,8,6.33333,0.0,7.33333,100,62.13,32.9,-48.9656,20.282,490.629,0
2018-10-10,9,6.16667,0.0,7.66667,100,57.71,34.975,-48.0418,19.8994,509.143,0
2018-10-10,10,6.16667,0.0,8.33333,88,55.815,26.435,-47.1179,19.5167,528.0,0
2018-10-10,11,6.33333,0.0,9.66667,74,53.835,30.72,-47.1179,19.5167,528.0,0
2018-10-10,12,6.66667,0.0,11.3333,64,46.345,28.23,-47.1179,19.5167,528.0,0
2018-10-10,13,7.0,0.0,13.3333,59,49.25,33.625,-48.0418,19.8994,496.8,0
2018-10-10,14,7.33333,0.0,15.1667,58,49.185,37.69,-49.8895,20.6647,457.6,0
2018-10-10,15,7.66667,0.0,16.6667,56,48.745,43.98,-36.3462,18.3686,420.0,0
2018-10-10,16,7.66667,0.0,17.8333,60,51.755,45.36,-17.2597,13.7765,432.0,0
2018-10-10,17,7.66667,0.0,18.1667,70,51.995,45.035,-4.7164,11.4804,425.829,0
2018-10-10,18,7.5,0.0,17.6667,84,48.825,47.305,8.75076,8.80164,425.829,0
2018-10-10,19,7.33333,0.0,16.8333,89,55.05,54.03,8.75076,3.44412,437.25,0
2018-10-10,20,7.16667,0.0,15.5,100,60.38,50.615,11.192,-4.56709,453.6,0
2018-10-10,21,7.0,0.0,14.0,100,54.06,54.915,13.6333,-12.5783,470.25,0
2018-10-10,22,7.0,0.0,12.3333,100,50.69,58.66,8.68353,-17.5281,420.0,0
2018-10-10,23,7.0,0.0,11.0,100,49.35,59.57,-4.26624,-22.4778,436.05,0
2018-10-11,0,7.16667,0.0,10.1667,100,49.96,55.96,-17.216,-27.4276,437.143,0
2018-10-11,1,7.33333,0.0,9.33333,100,52.53,54.05,-29.8729,-33.0845,420.0,0
2018-10-11,2,7.5,0.0,8.83333,100,48.83,55.47,-36.0626,-36.0626,460.8,0
2018-10-11,3,7.66667,0.0,8.5,100,49.05,55.62,-36.7697,-36.7697,443.143,0
2018-10-11,4,8.0,0.0,8.33333,98,60.515,60.13,-37.4768,-37.4768,425.829,0
2018-10-11,5,8.33333,0.0,8.16667,96,60.345,60.555,-38.891,-38.891,392.229,0
2018-10-11,6,8.66667,0.0,8.0,95,55.265,61.16,-40.3053,-40.3053,360.0,0
2018-10-11,7,9.0,0.0,7.83333,100,56.68,62.05,-36.7697,-36.7697,386.4,0
2018-10-11,8,9.5,0.0,7.83333,100,57.2,62.13,-38.1839,-38.1839,356.4,0
2018-10-11,9,10.1667,0.0,8.16667,100,56.085,57.71,-40.3053,-40.3053,313.65,0
2018-10-11,10,10.8333,0.0,8.83333,83,54.395,55.815,-36.7697,-36.7697,326.8,0
2018-10-11,11,11.6667,0.0,10.0,71,50.68,53.835,-39.5982,-39.5982,285.12,0
2018-10-11,12,12.5,0.0,11.5,64,46.695,46.345,-42.4266,-42.4266,240.0,0
2018-10-11,13,13.3333,0.0,13.5,58,45.98,49.25,-38.1839,-38.1839,255.2,0
2018-10-11,14,14.0,0.0,15.3333,57,45.35,49.185,-40.3053,-40.3053,232.615,0
2018-10-11,15,14.5,0.0,17.0,53,47.615,48.745,-41.7195,-41.7195,221.571,0
2018-10-11,16,14.6667,0.0,18.1667,56,45.885,51.755,-42.4266,-42.4266,220.0,0
2018-10-11,17,14.5,0.0,18.6667,63,44.87,51.995,-41.7195,-41.7195,228.48,0
2018-10-11,18,14.1667,0.0,18.5,82,43.74,48.825,-40.3053,-40.3053,245.92,0
2018-10-11,19,14.0,0.0,17.8333,86,47.15,55.05,-38.891,-38.891,264.0,0
2018-10-11,20,13.8333,0.0,17.0,86,43.39,60.38,-38.1839,-38.1839,267.429,0
2018-10-11,21,13.6667,0.0,16.0,81,40.415,54.06,-38.1839,-38.1839,261.415,0
2018-10-11,22,13.6667,0.0,15.0,79,40.52,50.69,-38.891,-38.891,251.631,0
2018-10-11,23,13.8333,0.0,14.0,76,38.94,49.35,-39.5982,-39.5982,248.571,0
2018-10-12,0,14.0,0.0,13.3333,75,39.22,49.96,-39.5982,-39.5982,248.571,0
2018-10-12,1,13.8333,0.0,12.6667,77,38.55,52.53,-39.5982,-39.5982,248.571,0
2018-10-12,2,13.6667,0.0,12.1667,78,40.1,48.83,-38.891,-38.891,257.914,0
2018-10-12,3,13.3333,0.0,11.6667,76,37.98,49.05,-38.1839,-38.1839,267.429,0
2018-10-12,4,13.0,0.0,11.3333,78,45.71,60.515,-36.7697,-36.7697,286.971,0
2018-10-12,5,12.6667,0.0,11.1667,78,45.38,60.345,-45.255,-45.255,240.0,0
2018-10-12,6,12.3333,0.0,10.8333,77,45.01,55.265,-46.4421,-39.9477,249.508,0
2018-10-12,7,12.1667,0.0,10.5,89,47.905,56.68,-48.3362,-35.3474,259.2,0
2018-10-12,8,12.1667,0.0,10.3333,89,48.58,57.2,-50.2303,-30.7471,260.0,0
2018-10-12,9,12.3333,0.0,10.5,83,47.815,56.085,-53.7554,-27.2366,249.9,0
2018-10-12,10,12.6667,0.0,11.0,70,44.96,54.395,-57.2806,-23.7262,240.0,0
2018-10-12,11,13.1667,0.0,11.8333,59,43.485,50.68,-48.0418,-19.8994,276.0,0
2018-10-12,12,13.8333,0.0,13.1667,53,44.75,46.695,-50.8134,-21.0474,251.631,0
2018-10-12,13,14.3333,0.0,14.8333,50,43.01,45.98,-53.585,-22.1954,223.385,0
2018-10-12,14,14.6667,0.0,16.5,50,44.805,45.35,-55.4328,-22.9608,212.914,0
2018-10-12,15,14.6667,0.0,17.8333,48,46.005,47.615,-56.3567,-23.3435,211.68,0
2018-10-12,16,14.3333,0.0,18.8333,51,44.14,45.885,-54.5089,-22.5781,235.125,0
2018-10-12,17,13.6667,0.0,19.1667,59,44.925,44.87,-50.8134,-21.0474,264.0,0
2018-10-12,18,12.6667,0.0,18.8333,70,45.17,43.74,-47.1179,-19.5167,302.08,0
2018-10-12,19,11.6667,0.0,18.1667,76,49.055,47.15,-56.3567,-23.3435,276.48,0
2018-10-12,20,10.6667,0.0,17.0,85,43.71,43.39,-50.8134,-21.0474,321.231,0
2018-10-12,21,10.0,0.0,15.6667,87,49.25,40.415,-47.1179,-19.5167,359.9,0
2018-10-12,22,9.33333,0.0,14.3333,87,42.98,40.52,-55.4328,-22.9608,322.4,0
2018-10-12,23,8.83333,0.0,13.1667,89,45.15,38.94,-51.7373,-21.4301,360.0,0
2018-10-13,0,8.5,0.0,12.3333,90,52.465,39.22,-48.9656,-20.282,389.88,1
2018-10-13,1,8.33333,0.0,11.6667,89,48.96,38.55,-47.1179,-19.5167,409.867,1
2018-10-13,2,8.16667,0.0,11.3333,89,52.775,40.1,-54.5089,-22.5781,360.0,1
2018-10-13,3,7.83333,0.0,11.0,92,51.27,37.98,-53.585,-22.1954,374.0,1
2018-10-13,4,7.66667,0.0,10.6667,91,55.765,45.71,-51.7373,-21.4301,402.8,1
2018-10-13,5,7.5,0.0,10.5,88,56.54,45.38,-49.8895,-20.6647,421.2,1
2018-10-13,6,7.33333,0.0,10.3333,87,58.13,45.01,-48.9656,-20.282,437.25,1
2018-10-13,7,7.33333,0.0,10.0,100,60.17,47.905,-48.0418,-19.8994,453.6,1
2018-10-13,8,7.33333,0.0,9.83333,100,56.135,48.58,-48.0418,-19.8994,453.6,1
2018-10-13,9,7.66667,0.0,10.1667,90,55.7,47.815,-48.0418,-19.8994,453.6,1
2018-10-13,10,8.0,0.0,10.8333,74,53.48,44.96,-48.9656,-20.282,425.829,1
2018-10-13,11,8.5,0.0,12.0,59,53.88,43.485,-33.4985,-17.6033,392.229,1
2018-10-13,12,9.16667,0.0,13.5,50,51.595,44.75,-10.5642,-12.2458,393.6,1
2018-10-13,13,9.66667,0.0,15.5,47,50.785,43.01,6.903,-9.567,341.85,1
2018-10-13,14,10.3333,0.0,17.3333,47,58.17,44.805,25.294,-6.50556,300.0,1
2018-10-13,15,10.6667,0.0,18.8333,46,57.8,46.005,29.9134,-4.59216,313.6,1
2018-10-13,16,11.0,0.0,20.0,49,54.41,44.14,10.7508,-8.80164,297.0,1
2018-10-13,17,11.0,0.0,20.3333,58,53.34,44.925,-9.41192,-13.0111,294.0,1
2018-10-13,18,10.8333,0.0,20.0,83,49.24,45.17,-29.6507,-16.8379,305.455,1
2018-10-13,19,10.5,0.0,19.0,90,47.06,49.055,-49.8895,-20.6647,324.8,1
2018-10-13,20,10.0,0.0,17.6667,95,52.335,43.71,-47.1179,-19.5167,353.455,1
2018-10-13,21,9.66667,0.0,16.3333,89,50.985,49.25,-55.4328,-22.9608,311.564,1
2018-10-13,22,9.33333,0.0,14.8333,81,57.72,42.98,-53.585,-22.1954,335.345,1
2018-10-13,23,9.16667,0.0,13.5,77,49.155,45.15,-51.7373,-21.4301,349.92,1
2018-10-14,0,9.0,0.0,12.5,77,48.58,52.465,-50.8134,-21.0474,363.0,1
2018-10-14,1,9.0,0.0,11.8333,76,49.355,48.96,-49.8895,-20.6647,366.667,1
2018-10-14,2,9.0,0.0,11.3333,78,49.6,52.775,-49.8895,-20.6647,366.667,1
2018-10-14,3,9.0,0.0,10.8333,76,45.35,51.27,-49.8895,-20.6647,366.667,1
2018-10-14,4,9.0,0.0,10.5,77,49.54,55.765,-49.8895,-20.6647,366.667,1
2018-10-14,5,9.16667,0.0,10.3333,79,50.03,56.54,-49.8895,-20.6647,366.667,1
2018-10-14,6,9.5,0.0,10.0,79,50.705,58.13,-50.8134,-21.0474,352.8,1
2018-10-14,7,9.83333,0.0,9.66667,91,50.595,60.17,-52.6612,-21.8128,325.867,1
2018-10-14,8,10.3333,0.0,9.66667,94,49.39,56.135,-54.5089,-22.5781,300.0,1
2018-10-14,9,11.0,0.0,9.83333,87,48.2,55.7,-46.3644,-24.1752,313.6,1
2018-10-14,10,11.8333,0.0,10.3333,78,42.535,53.48,-47.2419,-29.9235,273.48,1
2018-10-14,11,12.8333,0.0,11.3333,66,36.69,53.88,-50.9374,-31.4542,240.0,1
2018-10-14,12,13.8333,0.0,12.6667,59,31.7,51.595,-45.3941,-29.1581,245.1,1
2018-10-14,13,14.8333,0.0,14.3333,54,30.265,50.785,-52.6148,-27.1784,205.477,1
2018-10-14,14,15.6667,0.0,16.0,53,30.605,58.17,-59.1283,-24.4915,180.0,1
2018-10-14,15,16.1667,0.0,17.5,51,32.165,57.8,-47.1179,-19.5167,232.941,1
2018-10-14,16,16.3333,0.0,18.5,53,30.455,54.41,-61.9,-25.6396,180.0,1
2018-10-14,17,16.0,0.0,18.6667,59,29.285,53.34,-60.0522,-24.8742,194.541,1
2018-10-14,18,15.3333,0.0,18.5,81,30.995,49.24,-57.2806,-23.7262,217.412,1
2018-10-14,19,14.5,0.0,17.6667,85,30.32,47.06,-53.585,-22.1954,243.6,1
2018-10-14,20,13.6667,0.0,16.5,87,34.82,52.335,-49.8895,-20.6647,273.28,1
2018-10-14,21,13.0,0.0,15.3333,82,34.69,50.985,-47.1179,-19.5167,297.0,1
2018-10-14,22,12.5,0.0,14.1667,81,30.73,57.72,-58.2044,-24.1088,249.171,1
2018-10-14,23,12.1667,0.0,13.1667,79,36.83,49.155,-56.3567,-23.3435,259.2,1
2018-10-15,0,12.0,0.0,12.3333,79,35.49,48.58,-55.4328,-22.9608,260.0,0
2018-10-15,1,12.0,0.0,11.8333,82,37.71,49.355,-55.4328,-22.9608,260.0,0
2018-10-15,2,11.8333,0.0,11.5,84,38.34,49.6,-55.4328,-22.9608,260.0,0
2018-10-15,3,11.6667,0.0,11.1667,82,38.17,45.35,-54.5089,-22.5781,270.3,0
2018-10-15,4,11.3333,0.0,10.8333,83,36.91,49.54,-53.585,-22.1954,280.8,0
2018-10-15,5,11.0,0.0,10.6667,83,39.675,50.03,-51.7373,-21.4301,302.4,0
2018-10-15,6,10.5,0.0,10.3333,82,39.665,50.705,-49.8895,-20.6647,324.8,0
2018-10-15,7,10.0,0.0,9.83333,83,40.28,50.595,-47.1179,-19.5167,353.455,0
2018-10-15,8,9.66667,0.0,9.5,85,42.05,49.39,-55.4328,-22.9608,311.564,0
2018-10-15,9,9.5,0.0,9.5,79,42.885,48.2,-53.585,-22.1954,335.345,0
2018-10-15,10,9.83333,0.0,10.0,71,40.83,42.535,-52.6612,-21.8128,337.08,0
2018-10-15,11,10.5,0.0,11.0,57,38.355,36.69,-54.5089,-22.5781,312.12,0
2018-10-15,12,11.5,0.0,12.5,47,36.735,31.7,-22.9552,-15.3072,300.667,0
2018-10-15,13,12.6667,0.0,14.5,42,36.455,30.265,8.67464,-8.41896,276.12,0
2018-10-15,14,13.6667,0.0,16.5,42,37.315,30.605,33.9134,-4.59216,225.5,0
2018-10-15,15,14.3333,0.0,18.0,42,37.555,32.165,60.0,0.0,212.914,0
2018-10-15,16,14.5,0.0,19.0,47,29.48,30.455,60.0,0.0,220.0,0
2018-10-15,17,14.1667,0.0,19.3333,52,38.495,29.285,32.9896,-4.97484,243.6,0
2018-10-15,18,13.5,0.0,19.0,61,40.895,30.995,5.903,-9.567,273.28,0
2018-10-15,19,12.6667,0.0,18.0,71,38.03,30.32,-4.25968,-13.7765,240.0,0
2018-10-15,20,11.8333,0.0,16.6667,76,39.755,34.82,-29.4224,-17.986,268.029,0
2018-10-15,21,11.1667,0.0,15.5,76,38.26,34.69,-52.6612,-21.8128,299.815,0
2018-10-15,22,10.6667,0.0,14.1667,80,37.51,30.73,-49.8895,-20.6647,324.8,0
2018-10-15,23,10.1667,0.0,13.0,80,37.24,36.83,-48.0418,-19.8994,341.127,0
2018-10-16,0,9.83333,0.0,12.0,79,37.515,35.49,-56.3567,-23.3435,300.0,0
2018-10-16,1,9.5,0.0,11.1667,82,37.325,37.71,-54.5089,-22.5781,323.345,0
2018-10-16,2,9.16667,0.0,10.5,85,40.98,38.34,-52.6612,-21.8128,337.08,0
2018-10-16,3,8.83333,0.0,9.83333,80,36.36,38.17,-50.8134,-21.0474,363.0,0
2018-10-16,4,8.5,0.0,9.5,81,46.945,36.91,-48.9656,-20.282,389.88,0
2018-10-16,5,8.16667,0.0,9.0,82,50.23,39.675,-47.1179,-19.5167,409.867,0
2018-10-16,6,7.83333,0.0,8.66667,87,50.53,39.665,-53.585,-22.1954,374.0,0
2018-10-16,7,7.66667,0.0,8.33333,86,53.17,40.28,-51.7373,-21.4301,402.8,0
2018-10-16,8,7.66667,0.0,8.16667,87,49.335,42.05,-50.8134,-21.0474,417.6,0
2018-10-16,9,7.83333,0.0,8.33333,79,52.425,42.885,-49.8895,-20.6647,421.2,0
2018-10-16,10,8.16667,0.0,9.0,68,51.72,40.83,-50.8134,-21.0474,405.45,0
2018-10-16,11,8.83333,0.0,10.3333,55,48.33,38.355,-33.4224,-17.986,374.85,0
2018-10-16,12,9.5,0.0,12.0,45,48.095,36.735,-8.56416,-12.2458,361.029,0
2018-10-16,13,10.1667,0.0,14.0,41,53.07,36.455,8.903,-9.567,313.65,0
2018-10-16,14,10.6667,0.0,16.0,42,55.765,37.315,35.6851,-3.44412,313.6,0
2018-10-16,15,11.0,0.0,17.6667,44,60.545,37.555,55.0,0.0,297.0,0
2018-10-16,16,10.8333,0.0,18.6667,49,51.585,29.48,56.0,0.0,294.0,0
2018-10-16,17,10.3333,0.0,18.8333,61,55.02,38.495,54.0,0.0,317.127,0
2018-10-16,18,9.83333,0.0,18.3333,71,56.27,40.895,51.0,0.0,359.9,0
2018-10-16,19,9.16667,0.0,17.3333,79,59.61,38.03,59.0,0.0,333.9,0
2018-10-16,20,8.66667,0.0,15.8333,90,56.85,39.755,39.609,-3.06144,372.655,0
2018-10-16,21,8.0,0.0,14.1667,93,56.405,38.26,21.2179,-6.12288,411.927,0
2018-10-16,22,7.66667,0.0,12.6667,90,52.35,37.51,14.7508,-8.80164,385.745,0
2018-10-16,23,7.5,0.0,11.3333,89,51.52,37.24,10.7508,-8.80164,417.6,0
2018-10-17,0,7.33333,0.0,10.3333,92,58.975,37.515,8.75076,-8.80164,437.25,0
2018-10-17,1,7.16667,0.0,9.5,93,51.25,37.325,7.75076,-8.80164,453.6,0
2018-10-17,2,7.0,0.0,9.0,93,55.345,40.98,6.75076,-8.80164,470.25,0
2018-10-17,3,7.0,0.0,8.83333,83,50.6,36.36,13.7508,-8.80164,420.0,0
2018-10-17,4,7.16667,0.0,8.66667,85,64.6,46.945,28.1418,-5.7402,436.05,0
2018-10-17,5,7.33333,0.0,8.66667,84,64.61,50.23,43.5328,-2.67876,420.0,0
2018-10-17,6,7.5,0.0,8.66667,91,54.26,50.53,51.0,0.0,460.8,0
2018-10-17,7,7.5,0.0,8.66667,100,58.88,53.17,36.609,-3.06144,443.143,0
2018-10-17,8,7.5,0.0,8.83333,99,59.725,49.335,23.1418,-5.7402,443.143,0
2018-10-17,9,7.66667,0.0,9.16667,86,56.455,52.425,9.67464,-8.41896,443.143,0
2018-10-17,10,8.0,0.0,9.83333,69,55.435,51.72,-4.7164,-11.4804,425.829,0
2018-10-17,11,8.5,0.0,11.0,55,47.66,48.33,-1.7164,-11.4804,390.0,0
2018-10-17,12,9.0,0.0,12.5,44,42.41,48.095,-6.7164,-11.4804,401.85,0
2018-10-17,13,9.66667,0.0,14.5,40,41.965,53.07,11.6746,-8.41896,345.257,0
2018-10-17,14,10.3333,0.0,16.3333,41,46.185,55.765,35.609,-3.06144,333.45,0
2018-10-17,15,10.6667,0.0,18.0,41,46.64,60.545,54.0,0.0,309.12,0
2018-10-17,16,10.5,0.0,19.1667,46,45.115,51.585,54.0,0.0,317.127,0
2018-10-17,17,10.0,0.0,19.3333,57,50.695,55.02,34.6851,-3.44412,341.127,0
2018-10-17,18,9.33333,0.0,18.8333,67,55.42,56.27,27.294,-6.50556,311.564,0
2018-10-17,19,8.66667,0.0,17.8333,76,55.455,59.61,9.82688,-9.18432,360.0,0
2018-10-17,20,8.0,0.0,16.3333,87,56.72,56.85,-6.12289,-14.1341,411.927,0
2018-10-17,21,7.5,0.0,14.6667,89,54.15,56.405,-11.0727,-19.0839,385.745,0
2018-10-17,22,7.16667,0.0,13.0,90,76.41,52.35,-27.0224,-24.0336,429.0,0
2018-10-17,23,6.83333,0.0,11.6667,90,55.84,51.52,-41.9722,-28.9834,463.6,0
2018-10-18,0,6.66667,0.0,10.5,95,50.345,58.975,-46.2149,-33.2261,435.2,0
2018-10-18,1,6.5,0.0,9.5,96,45.45,51.25,-43.4432,-32.078,469.05,0
2018-10-18,2,6.33333,0.0,8.83333,100,50.53,55.345,-41.5955,-31.3127,490.629,0
2018-10-18,3,6.16667,0.0,8.33333,92,46.72,50.6,-40.6716,-30.93,509.143,0
2018-10-18,4,6.0,0.0,8.0,91,47.71,64.6,-41.2651,-28.2763,528.0,0
2018-10-18,5,6.0,0.0,7.83333,90,58.73,64.61,-46.8084,-30.5724,480.0,0
2018-10-18,6,6.0,0.0,7.83333,88,62.305,54.26,-47.4019,-27.9187,498.343,0
2018-10-18,8,6.0,0.0,7.83333,100,69.32,59.725,-37.0456,-20.3152,520.0,0
2018-10-18,9,6.0,0.0,8.16667,88,59.51,56.455,-26.803,-16.0726,520.0,0
2018-10-18,10,6.16667,0.0,9.0,69,63.91,55.435,-26.803,-11.4804,520.0,0
2018-10-18,11,6.33333,0.0,10.3333,55,61.52,47.66,-27.7268,-6.50556,499.8,0
2018-10-18,12,6.66667,0.0,12.0,46,60.93,42.41,-28.6507,-1.53072,480.0,0
2018-10-18,13,7.0,0.0,14.0,43,51.125,41.965,-24.9552,6.12288,496.8,0
2018-10-18,14,7.33333,0.0,16.0,45,58.025,46.185,-25.0688,14.0758,457.6,0
2018-10-18,15,7.66667,0.0,17.6667,46,58.25,46.64,-25.1824,22.0288,420.0,0
2018-10-18,16,7.66667,0.0,18.6667,51,63.12,45.115,-42.8393,27.6857,432.0,0
2018-10-18,17,7.66667,0.0,18.8333,61,79.28,50.695,-39.9748,31.8568,425.829,0
2018-10-18,18,7.5,0.0,18.3333,68,62.985,55.42,-33.5076,36.178,425.829,0
2018-10-18,19,7.16667,0.0,17.3333,74,60.05,55.455,-27.0404,40.4992,437.25,0
2018-10-18,20,6.83333,0.0,15.8333,95,72.89,56.72,-15.4067,41.6805,470.25,0
2018-10-18,21,6.5,0.0,14.0,100,67.06,54.15,-9.86346,43.9765,436.05,0
2018-10-18,22,6.5,0.0,12.3333,100,69.01,76.41,1.79342,38.3197,469.05,0
2018-10-18,23,6.5,0.0,11.0,100,68.68,55.84,14.4503,32.6628,486.0,0
2018-10-19,0,6.33333,0.0,10.0,100,66.3,50.345,27.1072,27.0059,490.629,0
2018-10-19,1,6.33333,0.0,9.16667,100,61.17,45.45,35.7859,20.5387,509.143,0
2018-10-19,2,6.33333,0.0,8.5,100,61.7,50.53,41.7859,13.5387,528.0,0
2018-10-19,3,6.5,0.0,8.5,100,59.35,46.72,47.3292,15.8348,480.0,0
2018-10-19,4,6.5,0.0,8.5,100,48.66,47.71,49.5537,7.27092,517.0,0
2018-10-19,5,6.5,0.0,8.5,100,31.32,58.73,50.4776,7.6536,496.8,0
2018-10-19,6,6.66667,0.0,8.5,100,16.77,62.305,50.9448,10.3324,490.629,0
2018-10-19,8,7.66667,0.0,9.0,100,29.79,69.32,52.4119,13.0111,438.6,0
2018-10-19,9,8.0,0.0,9.16667,97,22.11,59.51,49.4119,13.0111,432.0,0
2018-10-19,10,8.5,0.0,9.66667,85,12.155,63.91,52.8686,10.715,392.229,0
2018-10-19,11,9.16667,0.0,10.3333,74,8.6,61.52,49.9343,5.35752,393.6,0
2018-10-19,12,9.83333,0.0,11.1667,61,9.725,60.93,54.4672,2.67876,329.829,0
2018-10-19,13,10.1667,0.0,12.1667,51,15.065,51.125,59.0,0.0,300.0,0
2018-10-19,14,10.5,0.0,13.1667,47,12.58,58.025,52.0,0.0,326.8,0
2018-10-19,15,10.8333,0.0,14.0,44,20.275,58.25,54.0,0.0,309.12,0
2018-10-19,16,11.0,0.0,14.3333,48,22.745,63.12,55.0,0.0,305.455,0
2018-10-19,17,10.8333,0.0,14.1667,60,28.24,79.28,55.0,0.0,305.455,0
2018-10-19,18,10.5,0.0,13.6667,74,37.91,62.985,54.0,0.0,317.127,0
2018-10-19,19,9.83333,0.0,12.5,93,46.88,60.05,52.0,0.0,341.127,0
2018-10-19,20,9.16667,0.0,11.1667,100,41.025,72.89,59.0,0.0,323.345,0
2018-10-19,21,8.5,0.0,9.66667,100,47.87,67.06,55.0,0.0,372.655,0
2018-10-19,22,7.66667,0.0,8.33333,100,41.07,69.01,51.0,0.0,425.455,0
2018-10-19,23,7.0,0.0,7.16667,99,40.85,68.68,57.0,0.0,412.364,0
2018-10-20,0,6.33333,0.0,6.0,100,38.63,66.3,52.0,0.0,473.28,1
2018-10-20,1,6.0,0.0,5.33333,100,34.285,61.17,56.6194,1.9134,464.28,1
2018-10-20,2,5.66667,0.0,4.66667,100,35.59,61.7,51.2388,3.8268,532.0,1
2018-10-20,3,5.33333,0.0,4.33333,100,38.7,59.35,54.7743,7.36235,513.067,1
2018-10-20,4,5.16667,0.0,4.0,97,30.3,48.66,49.3099,10.8979,555.429,1
2018-10-20,5,5.16667,0.0,3.83333,100,39.715,31.32,45.8455,14.4334,595.2,1
2018-10-20,6,5.33333,0.0,3.66667,100,44.47,16.77,50.0881,19.9767,540.0,1
2018-10-20,7,5.33333,0.0,3.5,100,43.685,12.02,47.3308,25.52,559.543,1
2018-10-20,8,5.5,0.0,3.66667,100,35.925,29.79,43.8663,30.1394,582.4,1
2018-10-20,9,5.83333,0.0,4.0,100,47.21,22.11,37.8663,36.1394,582.4,1
2018-10-20,10,6.0,0.0,4.5,78,47.295,12.155,36.8161,42.6066,540.0,1
2018-10-20,11,6.16667,0.0,5.5,68,34.985,8.6,27.5773,44.7798,570.24,1
2018-10-20,12,6.33333,0.23,6.83333,62,27.25,9.725,24.0417,48.2442,524.16,1
2018-10-20,13,6.83333,0.46,8.16667,62,24.315,15.065,20.5062,51.7087,480.0,1
2018-10-20,14,7.16667,0.46,9.33333,65,31.745,12.58,18.3849,50.0209,496.8,1
2018-10-20,15,7.16667,0.46,10.3333,66,23.5,20.275,19.7991,51.8686,440.64,1
2018-10-20,16,7.33333,0.46,11.0,72,17.12,22.745,21.2133,53.7164,420.0,1
2018-10-20,17,7.16667,0.46,10.8333,78,21.275,28.24,26.1631,54.1836,420.0,1
2018-10-20,18,7.0,0.23,10.3333,85,23.185,37.91,25.456,51.9591,420.0,1
2018-10-20,19,6.66667,1.19,9.66667,95,14.85,46.88,29.6986,50.2017,437.143,1
2018-10-20,20,6.5,1.19,8.66667,100,22.825,41.025,33.9413,47.4444,454.629,1
2018-10-20,21,6.5,1.19,7.5,100,29.76,47.87,38.891,45.3941,469.05,1
2018-10-20,22,6.5,1.19,6.5,100,30.09,41.07,39.7013,40.6819,486.0,1
2018-10-20,23,6.66667,1.19,5.66667,100,35.89,40.85,40.5116,35.9696,490.629,1
2018-10-21,0,6.83333,1.19,5.0,100,28.09,38.63,42.029,32.1812,490.629,1
2018-10-21,1,6.83333,0.0,4.33333,100,31.51,34.285,43.5464,28.3928,477.0,1
2018-10-21,2,6.66667,0.0,4.0,100,37.905,35.59,43.5464,28.3928,477.0,1
2018-10-21,3,6.5,0.0,3.66667,100,26.84,38.7,43.5464,28.3928,477.0,1
2018-10-21,4,6.33333,0.0,3.33333,100,35.385,30.3,43.5464,28.3928,490.629,1
2018-10-21,5,6.16667,0.0,3.33333,96,35.88,39.715,42.8393,27.6857,509.143,1
2018-10-21,6,5.83333,0.0,3.33333,92,39.91,44.47,40.6148,29.2496,528.0,1
2018-10-21,7,5.66667,0.0,3.5,100,38.71,43.685,44.1503,32.7851,498.343,1
2018-10-21,8,5.5,0.0,3.66667,100,32.585,35.925,41.2187,33.6419,536.057,1
2018-10-21,9,5.33333,0.0,4.16667,100,34.14,47.21,38.2871,35.5826,575.143,1
2018-10-21,10,5.33333,0.0,4.83333,77,26.345,47.295,41.8227,40.202,540.0,1
2018-10-21,11,5.5,0.0,5.83333,66,20.28,34.985,35.3555,43.5232,540.0,1
2018-10-21,12,6.0,0.0,7.0,58,17.77,27.25,26.8702,42.0379,583.0,1
2018-10-21,13,6.5,0.0,8.33333,52,16.975,24.315,22.6275,45.7952,540.6,1
2018-10-21,14,7.0,0.0,9.66667,50,14.49,31.745,18.3849,49.5526,499.8,1
2018-10-21,15,7.5,0.0,10.6667,48,20.78,23.5,7.54521,49.1654,483.36,1
2018-10-21,16,7.66667,0.0,11.5,52,17.135,17.12,0.94822,53.0209,420.0,1
2018-10-21,17,7.66667,0.0,11.5,64,17.955,21.275,-8.80164,50.2492,432.0,1
2018-10-21,18,7.5,0.0,11.1667,89,44.04,23.185,-11.4804,50.7164,425.829,1
2018-10-21,19,7.33333,0.0,10.3333,98,33.16,14.85,-14.1592,50.1836,437.25,1
2018-10-21,20,7.16667,0.0,9.16667,100,25.395,22.825,-19.1089,47.1333,453.6,1
2018-10-21,21,7.0,0.0,7.83333,100,28.11,29.76,-24.0587,44.0831,470.25,1
2018-10-21,22,7.0,0.0,6.66667,96,31.08,30.09,-29.0085,49.0329,420.0,1
2018-10-21,23,7.16667,0.0,5.66667,90,36.82,35.89,-30.8968,46.5916,436.05,1
2018-10-22,0,7.33333,0.0,4.83333,95,30.895,28.09,-33.4922,44.8574,420.0,0
2018-10-22,1,7.66667,0.0,4.33333,90,39.39,31.51,-33.7916,37.58,460.8,0
2018-10-22,2,8.0,0.0,4.16667,88,33.8,37.905,-37.4768,37.4768,425.829,0
2018-10-22,3,8.33333,0.0,4.33333,89,32.71,26.84,-38.891,38.891,392.229,0
2018-10-22,4,8.66667,0.0,4.33333,90,36.795,35.385,-40.3053,40.3053,360.0,0
2018-10-22,5,9.0,0.0,4.33333,92,35.565,35.88,-36.7697,36.7697,386.4,0
2018-10-22,6,9.33333,0.0,4.33333,95,36.28,39.91,-38.1839,38.1839,356.4,0
2018-10-22,7,9.5,0.0,4.33333,99,36.6,38.71,-39.5982,39.5982,339.2,0
2018-10-22,8,9.83333,0.0,4.5,95,39.545,32.585,-40.3053,40.3053,325.867,0
2018-10-22,9,10.3333,0.0,4.66667,85,37.47,34.14,-41.7195,41.7195,300.0,0
2018-10-22,10,11.1667,0.0,5.0,82,37.17,26.345,-37.4768,37.4768,321.48,0
2018-10-22,11,12.0,0.0,5.83333,73,35.4,20.28,-40.3053,40.3053,273.48,0
2018-10-22,12,13.1667,0.0,6.83333,64,38.335,17.77,-36.7697,36.7697,270.327,0
2018-10-22,13,14.3333,0.0,8.0,58,34.77,16.975,-35.4971,44.6975,216.0,0
2018-10-22,14,15.3333,0.0,9.16667,58,29.67,14.49,-33.5173,51.9181,187.971,0
2018-10-22,15,16.1667,1.14,10.0,63,29.5,20.78,-19.5167,47.1179,232.941,0
2018-10-22,16,16.3333,2.28,10.5,73,29.635,17.135,-13.0111,48.4119,232.941,0
2018-10-22,17,16.1667,2.28,10.5,82,26.86,17.955,-2.40447,62.2701,187.2,0
2018-10-22,18,15.5,2.28,10.3333,95,22.085,44.04,14.0006,59.4985,209.647,0
2018-10-22,19,14.5,2.28,9.83333,93,23.53,33.16,29.6986,55.803,241.553,0
2018-10-22,20,13.3333,2.28,9.0,86,13.65,25.395,37.4768,46.5812,282.72,0
2018-10-22,21,12.1667,1.14,8.33333,83,14.185,28.11,44.5479,53.6523,257.92,0
2018-10-22,22,11.3333,0.0,7.66667,83,12.87,31.08,41.0124,49.0329,297.6,0
2018-10-22,23,10.6667,0.0,7.16667,81,13.42,36.82,38.1839,45.3373,332.215,0
2018-10-23,0,10.1667,0.0,6.5,83,11.925,30.895,36.0626,42.5657,353.455,0
2018-10-23,1,10.0,0.0,6.0,84,12.43,39.39,36.0626,52.5657,300.0,0
2018-10-23,2,10.0,0.0,5.66667,85,9.94,33.8,28.2844,54.7875,300.0,0
2018-10-23,3,10.1667,0.0,5.16667,91,10.01,32.71,21.2133,57.7164,300.0,0
2018-10-23,4,10.5,0.0,5.0,88,10.79,36.795,7.0711,50.2388,346.92,0
2018-10-23,5,11.0,0.0,4.83333,89,8.98,35.565,-4.59216,52.0866,321.48,0
2018-10-23,6,11.5,0.0,4.83333,89,7.35,36.28,-9.567,54.097,285.12,0
2018-10-23,7,12.3333,1.47,4.83333,89,7.425,36.6,-14.5418,56.1074,250.92,0
2018-10-23,8,13.8333,2.94,4.83333,90,7.405,39.545,-20.282,48.9656,265.5,0
2018-10-23,9,15.5,4.41,5.0,90,7.545,37.47,-22.9608,55.4328,205.477,0
2018-10-23,10,17.5,6.62,5.0,94,7.68,37.17,-21.0474,50.8134,192.0,0
2018-10-23,11,20.0,8.83,5.0,91,8.13,35.4,-24.4915,59.1283,149.368,0
2018-10-23,12,22.8333,8.83,5.0,90,7.425,38.335,-19.8994,48.0418,165.6,0
2018-10-23,13,25.6667,9.52,5.16667,89,9.24,34.77,-31.9283,47.0819,144.0,0
2018-10-23,14,27.3333,12.39,5.33333,86,16.0,29.67,-43.8408,43.8408,130.56,0
2018-10-23,15,31.0,10.92,5.66667,85,10.32,29.5,-43.1337,43.1337,141.113,0
2018-10-23,16,36.0,8.71,6.16667,81,8.22,29.635,-50.9119,50.9119,84.9103,0
2018-10-23,17,40.5,6.5,6.5,87,5.43,26.86,-38.1839,38.1839,111.111,0
2018-10-23,18,44.0,6.5,6.83333,87,5.34,22.085,-38.891,38.891,109.091,0
2018-10-23,19,46.5,4.34,7.0,87,8.19,23.53,-36.0626,36.0626,117.647,0
2018-10-23,20,49.3333,0.0,7.16667,88,6.025,13.65,-69.2968,69.2968,67.3412,0
2018-10-23,21,49.1667,0.0,7.16667,88,2.295,14.185,-65.7612,65.7612,70.3149,0
2018-10-23,22,46.3333,1.83,7.0,90,2.12,12.87,-48.5996,71.33,81.7043,0
2018-10-23,23,43.1667,1.83,7.0,91,1.785,13.42,-30.2317,72.9865,99.0,0
2018-10-24,0,40.8333,3.66,7.0,89,1.555,11.925,-14.1592,70.1836,105.859,0
2018-10-24,1,39.0,3.66,7.0,87,1.185,12.43,0.0,73.0,102.9,0
2018-10-24,2,37.3333,3.66,6.83333,86,1.555,9.94,25.456,70.2597,105.859,0
2018-10-24,3,37.0,5.11,6.66667,87,1.28,10.01,50.9119,66.5194,106.667,0
2018-10-24,4,38.8333,4.73,6.5,87,1.45,10.79,53.7404,61.5441,92.0,0
2018-10-24,5,41.8333,4.73,6.16667,85,1.88,8.98,62.2257,62.2257,65.52,0
2018-10-24,6,44.1667,2.9,5.83333,82,2.475,7.35,49.8895,20.6647,111.111,0
2018-10-24,7,46.0,2.9,5.33333,82,2.18,7.425,47.1179,19.5167,117.647,0
2018-10-24,8,48.1667,2.9,5.0,82,1.85,7.405,90.5402,37.5026,67.3412,0
2018-10-24,9,49.0,1.45,4.66667,78,3.235,7.545,78.0707,52.6343,62.5021,0
2018-10-24,10,47.8333,0.0,4.5,77,3.625,7.68,76.223,51.869,72.7347,0
2018-10-24,11,46.6667,0.0,4.66667,72,4.705,8.13,79.4537,32.9105,84.96,0
2018-10-24,12,46.3333,0.0,4.83333,67,5.05,7.425,81.3014,33.6758,68.2537,0
2018-10-24,13,46.6667,0.0,5.16667,67,5.595,9.24,88.6925,36.7373,62.5021,0
2018-10-24,14,47.1667,0.0,5.66667,64,5.37,16.0,79.9185,53.3997,62.449,0
2018-10-24,15,47.6667,0.0,6.16667,63,4.975,10.32,36.7697,36.7697,115.385,0
2018-10-24,16,48.0,0.0,6.5,64,5.31,8.22,70.711,70.711,64.8,0
2018-10-24,17,46.6667,0.0,6.5,62,4.825,5.43,64.347,64.347,78.375,0
2018-10-24,18,44.1667,0.0,6.33333,67,5.635,5.34,57.983,57.983,91.9256,0
2018-10-24,19,40.8333,0.0,6.16667,66,6.695,8.19,51.619,51.619,111.692,0
2018-10-24,20,36.1667,0.0,5.83333,65,7.22,6.025,44.5479,44.5479,137.824,0
2018-10-24,21,31.1667,0.0,5.5,66,4.585,2.295,37.4768,37.4768,172.966,0
2018-10-24,22,26.3333,0.0,5.16667,69,6.52,2.12,50.2048,50.2048,158.4,0
2018-10-24,23,22.0,0.0,4.83333,72,5.215,1.785,39.5982,39.5982,224.4,0
2018-10-25,0,18.3333,0.0,4.66667,73,6.98,1.555,48.7906,48.7906,211.75,0
2018-10-25,1,15.5,0.0,4.5,75,5.16,1.185,40.3053,40.3053,264.333,0
2018-10-25,2,13.5,0.0,4.33333,78,6.095,1.555,36.0626,38.6638,297.0,0
2018-10-25,3,12.5,0.0,4.16667,80,5.4,1.28,44.5479,49.7504,249.171,0
2018-10-25,4,12.1667,0.0,3.83333,86,11.645,1.45,34.6484,51.8509,259.2,0
2018-10-25,5,11.8333,0.25,3.66667,89,11.83,1.88,25.456,54.6584,260.0,0
2018-10-25,6,11.8333,0.25,3.33333,91,8.595,2.475,16.9706,57.1731,270.3,0
2018-10-25,7,12.1667,1.37,3.16667,91,12.355,2.18,3.89316,57.1731,270.3,0
2018-10-25,8,12.6667,2.49,3.16667,96,12.825,1.85,-9.94968,59.0209,249.9,0
2018-10-25,9,13.3333,2.49,3.16667,100,10.205,3.235,-20.5563,45.6275,270.327,0
2018-10-25,10,14.1667,2.95,3.66667,100,7.645,3.625,-31.8701,45.9413,225.5,0
2018-10-25,11,15.5,2.7,4.33333,95,10.615,4.705,-27.2779,51.8547,196.114,0
2018-10-25,12,17.0,2.7,5.5,85,5.745,5.05,-11.3138,47.3138,220.8,0
2018-10-25,13,18.5,1.58,6.66667,77,4.395,5.595,14.8493,55.4015,186.353,0
2018-10-25,14,20.0,0.46,7.83333,73,4.1,5.37,31.1128,59.6507,155.621,0
2018-10-25,15,21.1667,0.94,8.83333,70,6.33,4.975,48.0835,62.8238,136.286,0
2018-10-25,16,21.6667,0.48,9.5,72,7.085,5.31,49.4977,59.6859,135.496,0
2018-10-25,17,21.5,0.48,9.83333,82,9.98,4.825,47.3764,56.9142,156.75,0
2018-10-25,18,20.8333,0.48,9.83333,85,8.42,5.635,43.1337,51.371,187.617,0
2018-10-25,19,19.6667,0.48,9.33333,91,7.755,6.695,38.891,50.8134,214.5,0
2018-10-25,20,18.1667,0.48,8.66667,90,7.285,7.22,36.0626,47.1179,236.733,0
2018-10-25,21,16.8333,0.84,8.16667,91,13.16,4.585,46.6693,60.9761,194.133,0
2018-10-25,22,16.0,0.84,7.66667,93,7.7,6.52,44.5479,58.2044,209.647,0
2018-10-25,23,15.5,0.84,7.33333,91,7.95,5.215,43.1337,56.3567,218.625,0
