data,timeofday,windspeed6,opady6,temp6,rhumid,index_avg,prev_index_avg,wind_dir_ns,wind_dir_ew,dispel50,is_weekend
2017-11-01,1,10.3333,0.0,3.0,90,35.3956,32.0803,-16.0726,56.803,300.0,1
2017-11-01,2,10.8333,0.0,3.16667,87,34.4952,26.8281,-24.5579,47.2883,291.6,1
2017-11-01,3,11.3333,0.0,3.33333,87,27.6003,17.9868,-25.7059,50.0599,291.5,1
2017-11-01,4,11.1667,0.0,3.5,87,28.3441,17.6681,-25.3232,49.136,285.12,1
2017-11-01,5,11.3333,0.0,3.66667,87,27.8489,20.3382,-29.2747,47.6754,291.5,1
2017-11-01,6,11.5,0.0,3.83333,89,29.9813,27.3449,-32.4607,44.3671,302.4,1
2017-11-01,7,11.6667,0.0,3.83333,90,33.2174,28.6557,-33.1678,45.0742,282.764,1
2017-11-01,8,12.0,0.0,3.83333,86,33.0055,31.3005,-38.1508,44.104,260.945,1
2017-11-01,9,12.0,0.0,4.0,83,32.0776,26.9733,-43.1337,43.1337,240.0,1
2017-11-01,10,12.8333,0.0,4.33333,74,32.1459,28.3065,-43.1337,43.1337,240.0,1
2017-11-01,11,13.8333,0.0,4.83333,68,31.9667,24.8537,-37.4768,37.4768,271.385,1
2017-11-01,12,15.0,0.0,5.33333,65,29.9542,22.5989,-40.3053,40.3053,232.615,1
2017-11-01,13,15.8333,0.0,6.16667,65,33.0724,21.1078,-37.4768,37.4768,212.625,1
2017-11-01,14,16.6667,0.0,6.66667,66,36.2875,32.4775,-38.891,38.891,201.318,1
2017-11-01,15,17.1667,0.0,7.0,70,36.6186,40.5658,-39.5982,39.5982,207.36,1
2017-11-01,16,16.8333,0.0,7.0,76,39.8831,50.8555,-49.4977,49.4977,180.0,1
2017-11-01,17,16.1667,0.0,6.83333,77,41.3828,58.354,-45.255,45.255,208.8,1
2017-11-01,18,14.8333,0.0,6.66667,75,39.9061,61.6638,-41.7195,41.7195,247.8,1
2017-11-01,19,14.3333,0.0,6.33333,77,40.2206,66.1745,-37.4768,37.4768,277.114,1
2017-11-01,20,14.0,0.0,6.16667,78,42.3939,66.6544,-38.1839,38.1839,267.429,1
2017-11-01,21,14.0,0.0,6.0,81,41.7028,53.974,-39.5982,39.5982,242.031,1
2017-11-02,1,13.8333,0.0,6.0,90,29.8283,35.3956,-37.4768,37.4768,277.114,0
2017-11-02,2,13.6667,0.0,6.0,89,27.9658,34.4952,-37.4768,37.4768,277.114,0
2017-11-02,3,13.6667,0.0,6.0,93,26.9382,27.6003,-38.1839,38.1839,248.727,0
2017-11-02,4,13.1667,0.0,5.83333,99,25.3853,28.3441,-40.3053,40.3053,239.4,0
2017-11-02,5,12.5,0.0,5.83333,98,22.3586,27.8489,-38.1839,38.1839,267.429,0
2017-11-02,6,12.3333,0.0,5.83333,99,25.6161,29.9813,-44.6511,40.8627,268.029,0
2017-11-02,7,11.5,0.0,5.83333,98,24.3843,33.2174,-43.944,40.1556,286.0,0
2017-11-02,8,10.8333,0.0,6.0,93,25.5597,33.0055,-24.3373,29.5489,339.429,0
2017-11-02,9,10.6667,0.0,6.5,84,25.1531,32.0776,-24.6005,15.4399,353.455,0
2017-11-02,10,10.6667,0.25,7.16667,76,22.2108,32.1459,-3.82227,7.66171,296.229,0
2017-11-02,11,11.8333,0.25,8.0,71,19.6708,31.9667,-5.13332,12.7612,299.815,0
2017-11-02,12,12.3333,0.5,8.83333,69,21.4687,29.9542,13.9587,13.4683,251.6,0
2017-11-02,13,14.6667,1.62,9.83333,71,25.3518,33.0724,15.1213,33.6777,261.415,0
2017-11-02,14,17.0,1.62,10.5,72,26.6574,36.2875,-6.36399,42.1631,203.914,0
2017-11-02,15,18.5,1.62,10.6667,76,30.4208,36.6186,-33.9413,49.9413,132.6,0
2017-11-02,16,19.5,2.49,10.8333,80,40.5143,39.8831,-54.2666,42.3602,135.496,0
2017-11-02,17,19.5,2.49,10.5,81,47.615,41.3828,-53.7091,32.6023,178.608,0
2017-11-02,18,19.5,2.24,10.1667,82,55.2508,39.9061,-48.9656,20.282,237.109,0
2017-11-02,19,18.3333,1.12,9.66667,85,70.8397,40.2206,-63.7477,26.4049,199.473,0
2017-11-02,20,16.5,1.12,9.16667,86,72.0897,42.3939,-58.2044,24.1088,209.647,0
2017-11-02,21,14.1667,1.73,8.83333,86,63.7616,41.7028,-52.398,27.5028,212.914,0
2017-11-03,1,9.5,1.22,7.66667,90,52.6198,29.8283,-41.1782,45.8485,300.0,0
2017-11-03,2,8.5,1.22,7.5,89,48.0269,27.9658,-29.0748,46.1928,376.2,0
2017-11-03,3,8.66667,1.32,7.16667,91,46.4832,26.9382,-19.1753,44.2933,401.85,0
2017-11-03,4,8.66667,0.71,6.83333,90,49.7825,25.3853,-13.5184,47.6364,411.927,0
2017-11-03,5,9.0,0.71,6.5,89,46.7359,22.3586,-5.7402,50.8582,395.2,0
2017-11-03,6,9.0,0.71,6.33333,89,50.6046,25.6161,-5.7402,52.8582,356.4,0
2017-11-03,7,9.33333,1.62,6.0,89,52.3615,24.3843,-5.7402,52.8582,345.257,0
2017-11-03,8,9.33333,1.62,5.83333,86,53.0136,25.5597,-6.50556,54.706,327.6,0
2017-11-03,9,9.66667,0.91,5.83333,81,50.1792,25.1531,-9.567,54.097,339.2,0
2017-11-03,10,9.66667,0.91,6.0,81,49.326,22.2108,-13.7765,55.2597,335.345,0
2017-11-03,11,9.5,0.91,6.33333,79,50.5713,19.6708,-17.986,54.4224,335.345,0
2017-11-03,12,9.66667,1.77,6.66667,80,49.2757,21.4687,-21.8128,52.6612,313.65,0
2017-11-03,13,9.5,0.86,7.16667,79,48.7397,25.3518,-22.1954,53.585,312.8,0
2017-11-03,14,9.33333,0.86,7.5,81,49.0298,26.6574,-21.8128,52.6612,313.65,0
2017-11-03,15,8.5,1.52,7.83333,83,55.2495,30.4208,-18.7513,52.2701,360.0,0
2017-11-03,16,7.83333,1.52,8.0,84,63.146,40.5143,-14.5418,48.1074,425.455,0
2017-11-03,17,7.66667,1.52,8.0,90,74.431,47.615,-17.2206,54.5746,398.945,0
2017-11-03,18,7.66667,0.66,7.83333,91,81.7475,55.2508,-16.4552,52.7268,414.72,0
2017-11-03,19,7.66667,0.66,7.66667,91,83.6849,70.8397,-16.0726,51.803,417.6,0
2017-11-03,20,7.5,0.66,7.5,91,81.068,72.0897,-18.2853,49.1449,421.2,0
2017-11-03,21,7.5,0.0,7.16667,92,78.1618,63.7616,-20.7672,44.05,443.143,0
2017-11-03,22,7.33333,0.0,6.83333,93,35.92,36.84,-25.0098,41.2926,451.0,0
2017-11-04,0,6.5,0.0,5.83333,96,20.11,36.11,-34.7958,41.8314,420.0,1
2017-11-04,1,6.0,0.0,5.16667,97,65.5482,52.6198,-38.5842,38.043,450.667,1
2017-11-04,2,6.0,0.0,4.5,97,59.9023,48.0269,-37.0534,25.1086,515.2,1
2017-11-04,3,6.0,0.0,3.66667,100,55.3454,46.4832,-41.2961,20.866,480.0,1
2017-11-04,4,6.0,0.0,3.0,100,52.523,49.7825,-42.0946,8.3084,514.8,1
2017-11-04,5,6.83333,0.0,2.5,100,53.2941,46.7359,-41.981,0.35544,520.0,1
2017-11-04,6,7.16667,0.0,2.33333,96,53.5672,50.6046,-39.9733,-13.9615,477.0,1
2017-11-04,7,7.5,0.0,2.5,95,61.3013,52.3615,-42.0946,-24.5682,420.0,1
2017-11-04,8,7.83333,0.0,2.66667,100,62.3047,53.0136,-39.2301,-33.3314,420.0,1
2017-11-04,9,8.16667,0.0,3.66667,87,49.1943,50.1792,-33.911,-38.7818,413.4,1
2017-11-04,10,8.5,0.0,4.83333,73,28.7903,49.326,-32.7298,-41.9302,377.4,1
2017-11-04,11,8.16667,0.0,6.16667,64,23.2017,50.5713,-28.6007,-41.0483,425.455,1
2017-11-04,12,8.16667,0.0,7.5,59,22.6238,49.2757,-34.9647,-47.4123,372.764,1
2017-11-04,13,9.16667,0.0,8.83333,58,21.5305,48.7397,-30.6306,-47.949,374.0,1
2017-11-04,14,9.66667,0.0,10.0,60,24.2031,49.0298,-26.5627,-47.1283,341.85,1
2017-11-04,15,9.66667,0.0,10.5,66,38.4562,55.2495,-27.7108,-49.8999,300.0,1
2017-11-04,16,10.5,0.0,10.3333,78,62.8436,63.146,-30.3062,-48.1658,300.0,1
2017-11-04,17,10.3333,0.0,10.0,80,84.4578,74.431,-5.28532,-36.1449,300.667,1
2017-11-04,18,10.3333,0.0,9.33333,81,74.1567,81.7475,6.1588,-27.83,343.385,1
2017-11-04,19,9.83333,0.0,8.33333,79,62.9605,83.6849,-2.15612,-24.3859,310.708,1
2017-11-04,20,9.16667,0.0,7.5,77,52.3677,81.068,12.8187,-12.3754,323.345,1
2017-11-04,21,10.3333,0.0,6.66667,74,44.1982,78.1618,10.561,-4.89152,341.85,1
2017-11-04,22,10.6667,0.0,6.16667,70,15.9,35.92,31.2179,0.76536,310.708,1
2017-11-05,0,12.5,0.0,5.16667,70,23.68,20.11,-18.2597,-13.7765,259.2,1
2017-11-05,1,13.1667,0.0,5.0,66,36.6915,65.5482,-24.7268,-16.4552,237.12,1
2017-11-05,2,13.6667,0.0,4.83333,64,35.4479,59.9023,-52.6612,-21.8128,245.92,1
2017-11-05,3,13.3333,0.0,4.83333,64,32.8552,55.3454,-48.0418,-19.8994,286.971,1
2017-11-05,4,13.0,0.0,5.0,61,34.2495,52.523,-47.1179,-19.5167,297.0,1
2017-11-05,5,13.1667,0.0,5.16667,62,33.35,53.2941,-34.1179,-19.5167,240.0,1
2017-11-05,6,13.0,0.0,5.5,64,33.6395,53.5672,6.75076,-8.80164,276.12,1
2017-11-05,7,13.1667,0.0,5.66667,64,37.8342,61.3013,28.9896,-4.97484,261.415,1
2017-11-05,8,13.8333,0.0,6.0,59,36.5476,62.3047,56.0,0.0,242.031,1
2017-11-05,9,14.0,0.0,6.5,56,35.1953,49.1943,57.0,0.0,245.92,1
2017-11-05,10,13.5,0.0,7.33333,61,27.2576,28.7903,56.0,0.0,242.031,1
2017-11-05,11,12.6667,0.0,8.33333,56,24.8225,23.2017,53.0,0.0,282.72,1
2017-11-05,12,13.3333,0.0,9.5,54,23.5476,22.6238,63.0,0.0,257.92,1
2017-11-05,13,13.6667,0.0,10.6667,54,23.4468,21.5305,18.294,-6.50556,297.0,1
2017-11-05,14,13.5,0.0,11.6667,55,25.0173,24.2031,21.294,-6.50556,241.92,1
2017-11-05,15,11.8333,0.0,12.3333,58,31.7147,38.4562,-0.716399,-11.4804,209.88,1
2017-11-05,16,10.8333,0.0,12.1667,66,51.3589,62.8436,-12.2471,-15.1759,312.141,1
2017-11-05,17,10.3333,0.0,11.8333,77,66.4034,84.4578,-15.0756,-18.0044,350.118,1
2017-11-05,18,9.0,0.0,11.3333,77,71.9132,74.1567,-20.0253,-22.9541,349.412,1
2017-11-05,19,7.83333,0.0,10.6667,76,84.0608,62.9605,-7.76349,-24.7635,435.812,1
2017-11-05,20,7.33333,0.0,10.0,74,80.4078,52.3677,-17.0023,-28.5903,392.824,1
2017-11-05,21,7.83333,0.0,9.33333,73,70.5168,44.1982,-24.7635,-32.4171,434.215,1
2017-11-05,22,8.5,0.0,9.0,70,65.01,15.9,-12.753,-34.4422,429.3,1
2017-11-06,0,8.66667,0.0,8.33333,71,54.87,23.68,1.26816,-32.4971,409.867,0
2017-11-06,1,8.16667,0.0,8.16667,68,51.4255,36.6915,14.7123,-24.1822,403.68,0
2017-11-06,2,8.0,0.0,7.83333,75,52.7084,35.4479,9.76251,-19.2324,373.32,0
2017-11-06,3,8.66667,0.0,7.66667,74,52.8111,32.8552,12.6373,-9.04164,386.88,0
2017-11-06,4,9.16667,0.0,7.5,74,54.2624,34.2495,-6.76416,5.99464,386.4,0
2017-11-06,5,9.83333,0.0,7.16667,75,54.0174,33.35,-24.3179,13.2656,329.829,0
2017-11-06,6,9.16667,0.0,6.83333,76,62.9492,33.6395,-31.8018,23.9422,312.12,0
2017-11-06,7,9.0,0.0,6.5,79,66.7796,37.8342,-47.3451,26.2383,329.829,0
2017-11-06,8,8.16667,0.0,6.5,77,76.6658,36.5476,-36.3953,21.2885,366.667,0
2017-11-06,9,6.66667,0.0,6.83333,72,79.9765,35.1953,-39.2237,24.1169,374.0,0
2017-11-06,10,5.16667,0.0,7.33333,65,64.9632,27.2576,-34.7075,18.5183,497.455,0
2017-11-06,11,4.16667,0.0,8.0,60,54.0216,24.8225,-36.1217,17.1041,537.818,0
2017-11-06,12,4.33333,0.0,8.83333,58,52.4773,23.5476,-34.2083,12.4847,526.145,0
2017-11-06,13,4.83333,0.0,9.66667,61,52.7724,23.4468,-17.0457,8.27522,590.727,0
2017-11-06,14,5.5,0.0,10.3333,64,59.893,25.0173,2.11702,4.06574,624.327,0
2017-11-06,15,6.0,0.0,10.3333,71,70.6792,31.7147,7.7739,9.72262,556.364,0
2017-11-06,16,6.66667,0.0,10.0,82,86.0227,51.3589,21.4721,9.04869,582.4,0
2017-11-06,17,7.0,0.0,9.5,85,108.324,66.4034,32.5587,9.04869,582.4,0
2017-11-06,18,6.33333,0.0,8.66667,86,115.553,71.9132,35.8543,8.89901,520.2,0
2017-11-06,19,5.5,0.0,7.83333,85,96.4721,84.0608,40.702,8.13365,480.0,0
2017-11-06,20,5.0,0.0,6.83333,88,87.4732,80.4078,45.8118,8.01715,501.84,0
2017-11-06,21,5.16667,0.0,6.16667,90,80.7767,70.5168,48.5178,14.5499,536.057,0
2017-11-07,1,5.5,0.0,5.33333,90,80.3408,51.4255,48.4907,11.1891,586.56,0
2017-11-07,2,5.33333,0.0,5.5,85,77.3771,52.7084,48.4907,4.11805,604.2,0
2017-11-07,3,5.16667,0.0,5.66667,86,74.3292,52.8111,45.7759,-1.00647,662.4,0
2017-11-07,4,5.16667,0.0,5.83333,87,70.8604,54.2624,49.3115,-4.54202,620.743,0
2017-11-07,5,5.5,0.0,6.0,87,61.2768,54.0174,45.3876,-9.51686,592.8,0
2017-11-07,6,5.83333,0.0,6.0,88,56.61,62.9492,46.6418,-12.9359,540.0,0
2017-11-07,7,6.16667,0.0,6.0,88,57.5346,66.7796,42.136,-22.8023,561.6,0
2017-11-07,8,6.66667,0.0,6.0,83,60.7095,76.6658,39.2715,-31.5655,524.16,0
2017-11-07,9,7.33333,0.0,6.16667,77,60.121,79.9765,36.9503,-38.0327,499.8,0
2017-11-07,10,8.0,0.0,6.5,80,61.1768,64.9632,31.3156,-40.516,443.7,0
2017-11-07,11,8.83333,0.0,7.0,72,62.3453,54.0216,24.9516,-44.152,395.2,0
2017-11-07,12,9.66667,0.0,7.66667,67,63.2189,52.4773,19.0507,-47.9927,371.25,0
2017-11-07,13,10.5,0.0,8.16667,68,60.0169,52.7724,15.6899,-47.8791,326.4,0
2017-11-07,14,11.5,0.0,8.66667,68,64.5446,59.893,17.6033,-52.4985,275.6,0
2017-11-07,15,12.0,0.0,8.83333,73,64.1455,70.6792,23.3516,-53.376,240.0,0
2017-11-07,16,12.5,0.0,8.5,80,59.7585,86.0227,31.8369,-51.8613,240.0,0
2017-11-07,17,12.8333,0.0,8.0,83,60.1023,108.324,32.2196,-52.7852,240.0,0
2017-11-07,18,12.5,0.0,7.16667,87,65.2562,115.553,28.0101,-42.6225,281.538,0
2017-11-07,19,12.3333,0.0,6.33333,90,68.1023,96.4721,32.2196,-52.7852,240.0,0
2017-11-07,20,11.6667,0.0,5.33333,92,74.2308,87.4732,27.2366,-53.7554,249.9,0
2017-11-07,21,11.1667,0.0,4.5,93,77.481,80.7767,22.1954,-53.585,289.385,0
2017-11-08,1,10.1667,0.0,2.33333,91,69.7227,80.3408,11.0977,-57.7925,311.564,0
2017-11-08,2,10.3333,0.0,2.0,92,67.3818,77.3771,-1.14804,-50.4015,326.8,0
2017-11-08,3,9.66667,0.0,1.66667,92,64.9072,74.3292,-4.59216,-52.0866,321.48,0
2017-11-08,4,9.16667,0.0,1.5,92,61.12,70.8604,-6.50556,-56.706,324.48,0
2017-11-08,5,8.83333,0.0,1.16667,97,61.9365,61.2768,-6.50556,-53.706,372.655,0
2017-11-08,6,8.66667,0.0,1.0,100,66.1133,56.61,-6.50556,-51.706,389.88,0
2017-11-08,7,8.16667,0.0,0.833333,100,64.2252,57.5346,-6.50556,-50.706,420.0,0
2017-11-08,8,8.16667,0.0,1.0,100,68.7317,60.7095,-9.94968,-59.0209,372.3,0
2017-11-08,9,8.83333,0.0,1.66667,86,59.4132,60.121,-5.35752,-57.9343,373.32,0
2017-11-08,10,8.66667,0.0,2.5,76,50.6381,61.1768,-3.44412,-52.3149,361.029,0
2017-11-08,11,9.16667,0.0,3.83333,67,51.3155,62.3453,-3.44412,-51.3149,395.2,0
2017-11-08,12,9.5,0.0,5.16667,64,51.74,63.2189,-3.44412,-54.3149,352.8,0
2017-11-08,13,9.5,0.0,6.5,66,51.5264,60.0169,-3.44412,-56.3149,325.867,0
2017-11-08,14,9.0,0.0,7.66667,71,55.1735,64.5446,0.0,-57.0,337.08,0
2017-11-08,15,8.33333,0.0,8.16667,78,59.04,64.1455,2.67876,-53.4672,366.667,0
2017-11-08,16,8.33333,0.0,8.16667,82,68.216,59.7585,6.21431,-57.0027,360.0,0
2017-11-08,17,7.33333,0.0,7.83333,100,79.6612,60.1023,11.7576,-50.2988,360.0,0
2017-11-08,18,6.5,0.0,7.33333,98,81.5092,65.2562,17.3009,-46.5949,436.8,0
2017-11-08,19,6.0,0.0,6.83333,93,87.751,68.1023,21.5435,-50.8375,420.0,0
2017-11-08,20,6.0,1.12,6.33333,91,88.181,74.2308,25.7862,-43.0802,492.0,0
2017-11-08,21,5.83333,1.12,5.83333,90,85.6648,77.481,28.4649,-38.5473,532.0,0
2017-11-08,22,5.5,2.24,5.66667,90,130.84,74.9115,28.4649,-42.5473,530.0,0
2017-11-09,1,4.33333,2.24,4.83333,91,74.2692,69.7227,24.4885,-37.6041,610.56,0
2017-11-09,2,4.16667,1.48,4.5,91,70.6974,67.3818,27.4885,-37.6041,600.0,0
2017-11-09,3,4.33333,1.84,4.33333,91,76.2192,64.9072,23.9529,-40.0686,600.0,0
2017-11-09,4,4.33333,0.72,4.16667,91,74.9158,61.12,20.323,-42.3919,622.2,0
2017-11-09,5,4.5,0.72,4.16667,91,79.9508,61.9365,11.9513,-42.9243,667.8,0
2017-11-09,6,4.5,1.08,4.16667,92,79.4666,66.1133,5.79526,-43.301,691.2,0
2017-11-09,7,4.66667,1.59,4.0,92,84.625,64.2252,4.26454,-46.9965,660.0,0
2017-11-09,8,4.16667,1.23,4.16667,87,93.6028,68.7317,4.02188,-42.7539,726.857,0
2017-11-09,9,3.83333,0.87,4.5,82,92.9557,59.4132,1.25024,-41.6058,720.0,0
2017-11-09,10,4.0,1.35,5.0,75,94.208,50.6381,-3.54985,-33.0173,749.7,0
2017-11-09,11,4.0,1.35,5.66667,71,98.4983,51.3155,-5.46325,-24.3979,720.0,0
2017-11-09,12,4.16667,1.47,6.33333,69,98.3705,51.74,-1.99397,-16.7024,747.3,0
2017-11-09,13,4.5,0.96,7.16667,70,90.847,51.5264,-2.70108,-17.4095,693.6,0
2017-11-09,14,4.66667,1.44,7.66667,72,89.272,55.1735,0.29892,-17.4095,683.4,0
2017-11-09,15,5.0,1.44,8.0,76,95.4585,59.04,3.99444,-9.87882,711.36,0
2017-11-09,16,5.16667,0.96,8.0,85,107.266,68.216,2.08104,-0.25942,688.5,0
2017-11-09,17,5.16667,0.96,7.83333,83,111.577,79.6612,4.90948,8.56902,660.0,0
2017-11-09,18,5.16667,0.96,7.66667,81,106.845,81.5092,8.3536,21.8839,683.7,0
2017-11-09,19,5.0,0.96,7.33333,81,97.7141,87.751,2.4402,26.5033,632.4,0
2017-11-09,20,5.5,0.48,7.0,85,92.6103,88.181,5.41977,27.8534,635.04,0
2017-11-09,21,6.16667,0.48,6.5,88,75.7425,85.6648,4.65441,29.7011,586.56,0
2017-11-09,22,7.16667,0.48,6.16667,88,20.49,130.84,-0.25416,41.5516,561.6,0
2017-11-10,0,8.5,0.0,5.5,87,20.32,133.71,-24.799,43.8702,419.76,0
2017-11-10,1,9.16667,0.0,5.16667,82,61.621,74.2692,-29.2496,40.6148,375.84,0
2017-11-10,2,9.5,0.0,5.0,91,57.9674,70.6974,-33.7002,42.3594,329.829,0
2017-11-10,3,9.5,0.0,5.0,94,45.8221,76.2192,-37.3854,42.2562,325.867,0
2017-11-10,4,9.33333,0.0,4.83333,96,43.7,74.9158,-40.3053,40.3053,357.5,0
2017-11-10,5,9.66667,0.0,4.66667,91,47.6303,79.9508,-39.5982,39.5982,339.2,0
2017-11-10,6,9.83333,0.0,4.66667,86,44.3475,79.4666,-41.0124,41.0124,312.8,0
2017-11-10,7,10.3333,0.0,4.66667,86,46.2108,84.625,-41.7195,41.7195,300.0,0
2017-11-10,8,10.1667,0.0,4.66667,85,48.7097,93.6028,-37.4768,37.4768,313.6,0
2017-11-10,9,10.3333,0.0,4.83333,82,48.9917,92.9557,-36.7697,36.7697,341.127,0
2017-11-10,10,10.6667,0.48,5.33333,76,50.7523,94.208,-36.0626,36.0626,353.455,0
2017-11-10,11,11.8333,0.48,6.0,71,48.9161,98.4983,-33.2592,40.2948,321.48,0
2017-11-10,12,13.0,0.96,6.66667,66,46.508,98.3705,-38.9161,45.9517,249.9,0
2017-11-10,13,13.8333,0.96,7.33333,63,48.1587,90.847,-36.7948,43.8304,199.68,0
2017-11-10,14,15.6667,0.96,7.83333,62,45.5775,89.272,-31.2544,40.4548,228.8,0
2017-11-10,15,16.6667,0.96,8.16667,65,43.5127,95.4585,-31.9615,41.1619,216.847,0
2017-11-10,16,17.0,0.96,8.16667,70,47.5477,107.266,-31.2544,40.4548,224.824,0
2017-11-10,17,16.0,0.96,8.0,71,50.0085,111.577,-41.8611,51.0615,180.0,0
2017-11-10,18,15.3333,0.96,7.66667,70,51.6231,106.845,-43.8408,43.8408,230.4,0
2017-11-10,19,15.3333,0.96,7.33333,70,48.8117,97.7141,-39.5982,39.5982,261.0,0
2017-11-10,20,15.3333,0.96,7.16667,71,47.9816,92.6103,-43.9904,34.79,245.92,0
2017-11-10,21,16.1667,0.96,6.83333,73,45.545,75.7425,-50.9374,31.4542,188.7,0
2017-11-10,22,17.3333,0.48,6.66667,74,8.67,20.49,-52.6612,21.8128,186.353,0
2017-11-11,1,21.5,1.02,6.16667,81,20.449,61.621,-55.7168,31.3628,158.564,1
2017-11-11,2,22.0,1.02,5.83333,85,16.6937,57.9674,-52.3621,39.9145,151.93,1
2017-11-11,3,22.0,1.78,5.66667,86,15.8835,45.8221,-51.4382,39.5318,142.56,1
2017-11-11,4,21.6667,2.54,5.5,85,14.0955,43.7,-52.1453,40.2389,156.75,1
2017-11-11,5,20.5,2.03,5.33333,87,14.0485,47.6303,-49.3169,37.4105,170.564,1
2017-11-11,6,20.0,1.52,5.0,90,15.539,44.3475,-40.3053,40.3053,204.8,1
2017-11-11,7,18.5,1.52,4.5,88,15.6995,46.2108,-13.4351,37.4768,229.14,1
2017-11-11,8,17.8333,1.52,4.33333,84,15.2302,48.7097,-19.1753,51.335,193.44,1
2017-11-11,9,17.3333,0.76,4.16667,79,15.9878,48.9917,-11.9213,53.8227,180.0,1
2017-11-11,10,17.3333,0.48,4.16667,70,14.4928,50.7523,-19.5167,47.1179,225.28,1
2017-11-11,11,18.8333,0.48,4.33333,61,16.1018,48.9161,-13.7765,53.2597,198.4,1
2017-11-11,12,20.0,0.96,4.66667,53,19.2608,46.508,-16.4552,59.7268,150.333,1
2017-11-11,13,21.3333,0.96,5.16667,52,21.1573,48.1587,-18.7513,65.2701,125.46,1
2017-11-11,14,21.6667,0.96,5.33333,56,25.884,45.5775,-27.553,66.5194,134.832,1
2017-11-11,15,21.1667,1.62,5.5,64,36.1079,43.5127,-25.6396,61.9,156.75,1
2017-11-11,16,20.1667,1.8,5.33333,76,38.2485,47.5477,-22.1954,53.585,206.87,1
2017-11-11,17,18.3333,1.8,5.0,76,37.2513,50.0085,-32.095,63.4846,186.261,1
2017-11-11,18,17.0,1.32,4.66667,73,35.226,51.6231,-28.6509,55.1697,229.14,1
2017-11-11,19,15.8333,1.32,4.33333,71,38.971,48.8117,-27.1201,51.4741,228.48,1
2017-11-11,20,14.8333,2.31,4.16667,71,37.3273,47.9816,-32.6937,48.9297,212.914,1
2017-11-11,21,14.6667,1.65,4.0,69,20.21,45.545,-32.6937,48.9297,212.914,1
2017-11-11,22,14.6667,1.98,4.0,72,27.695,8.67,-40.2705,41.3529,226.8,1
2017-11-12,1,15.5,3.89,4.0,84,18.2854,20.449,-55.4328,22.9608,212.914,1
2017-11-12,2,15.8333,4.81,3.83333,87,14.8005,16.6937,-47.1179,19.5167,225.28,1
2017-11-12,3,16.0,4.81,3.83333,86,14.4097,15.8835,-44.5734,25.0902,224.824,1
2017-11-12,4,15.8333,3.82,3.83333,86,20.024,14.0955,-55.1801,35.6969,180.0,1
2017-11-12,5,15.0,3.82,3.83333,87,23.3862,14.0485,-48.6666,38.3838,222.821,1
2017-11-12,6,13.3333,3.82,3.83333,91,29.9154,15.539,-38.1839,38.1839,279.0,1
2017-11-12,7,11.6667,1.91,3.5,90,30.0327,15.6995,-40.8627,44.6511,284.625,1
2017-11-12,8,10.6667,0.0,3.5,84,36.7864,15.2302,-29.5489,42.3373,346.48,1
2017-11-12,9,9.83333,0.0,3.5,77,35.402,15.9878,-33.3757,51.5761,310.08,1
2017-11-12,10,9.16667,0.0,3.5,74,29.6372,14.4928,-22.7691,50.9695,343.938,1
2017-11-12,11,9.16667,0.0,3.66667,66,23.4527,16.1018,-13.5767,50.7771,363.0,1
2017-11-12,12,9.5,0.48,4.0,59,26.1379,19.2608,-13.5767,50.7771,329.829,1
2017-11-12,13,9.83333,0.48,4.83333,57,24.8864,21.1573,-14.342,52.6248,325.867,1
2017-11-12,14,9.5,0.48,5.33333,61,24.0487,25.884,-22.1202,51.403,312.12,1
2017-11-12,15,9.0,0.48,5.66667,66,42.9159,36.1079,-25.6845,45.2257,337.08,1
2017-11-12,16,8.5,1.24,5.66667,69,68.3298,38.2485,-30.6342,40.1754,366.667,1
2017-11-12,17,7.66667,1.24,5.66667,81,72.4523,37.2513,-36.1775,28.8794,417.72,1
2017-11-12,18,7.66667,0.76,5.5,79,65.2032,35.226,-39.7131,25.3438,414.72,1
2017-11-12,19,7.33333,0.76,5.16667,79,63.079,38.971,-40.9569,14.8286,417.6,1
2017-11-12,20,8.0,2.97,5.0,81,63.0933,37.3273,-40.9569,-1.80125,439.855,1
2017-11-12,21,8.16667,2.97,4.83333,81,67.2375,20.21,-33.1787,-21.5795,390.0,1
2017-11-12,22,8.33333,2.21,5.0,79,46.24,27.695,-31.4445,-30.2978,375.943,1
2017-11-13,0,8.5,4.42,5.16667,75,54.29,3.51,-11.6757,-43.2741,380.8,0
2017-11-13,1,9.0,5.0,5.33333,77,57.7785,18.2854,-0.68204,-46.2972,409.867,0
2017-11-13,2,8.33333,2.79,5.33333,87,48.7708,14.8005,-5.72324,-46.4676,394.4,0
2017-11-13,3,7.5,2.79,5.33333,91,42.3578,14.4097,-0.0663599,-39.0765,360.0,0
2017-11-13,4,7.0,2.79,5.33333,93,40.815,20.024,2.70528,-25.9285,437.25,0
2017-11-13,5,7.5,3.37,5.33333,93,39.1897,23.3862,6.4008,-24.3978,436.05,0
2017-11-13,6,8.66667,1.16,5.16667,91,45.7645,29.9154,5.16944,-2.11104,437.25,0
2017-11-13,7,8.16667,0.58,5.16667,84,54.6455,30.0327,-5.92828,24.6815,420.0,0
2017-11-13,8,8.66667,0.58,5.16667,86,44.2775,36.7864,0.43571,32.9964,372.3,0
2017-11-13,9,9.66667,0.58,5.0,87,43.1005,35.402,-0.94533,44.2534,326.4,0
2017-11-13,10,10.6667,2.59,4.66667,88,48.1322,29.6372,-7.41249,50.5746,317.127,0
2017-11-13,11,11.5,4.02,4.33333,89,48.5715,23.4527,3.86809,49.6507,350.314,0
2017-11-13,12,11.3333,4.02,4.0,88,50.7336,26.1379,9.22561,52.7164,288.0,0
2017-11-13,13,11.6667,4.02,3.33333,86,55.9269,24.8864,2.86162,57.4015,260.945,0
2017-11-13,14,11.5,4.02,2.83333,86,59.1049,24.0487,7.0711,58.2388,240.0,0
2017-11-13,15,11.0,4.02,2.5,87,63.3883,42.9159,3.2443,58.4776,240.0,0
2017-11-13,16,10.5,2.01,2.33333,88,80.0417,68.3298,-3.8268,55.2388,333.0,0
2017-11-13,17,9.0,0.0,2.16667,89,84.8731,72.4523,1.12297,61.706,329.925,0
2017-11-13,18,8.16667,0.0,2.0,89,90.0373,65.2032,1.12297,52.706,403.015,0
2017-11-13,19,7.83333,0.08,2.0,90,84.8788,63.079,1.12297,60.706,371.908,0
2017-11-13,20,7.33333,0.13,1.83333,88,75.6762,63.0933,-2.32115,56.0209,398.945,0
2017-11-13,21,7.83333,0.13,1.66667,88,70.8256,67.2375,-4.99991,51.488,443.52,0
2017-11-13,22,7.83333,0.13,1.5,88,54.19,46.24,-4.61723,50.5642,413.4,0
2017-11-14,0,8.0,0.13,1.16667,89,38.06,54.29,-9.567,53.097,392.229,0
2017-11-14,1,7.83333,0.13,1.16667,89,57.5472,57.7785,-9.567,54.097,390.0,0
2017-11-14,2,7.83333,0.08,1.33333,89,54.4984,48.7708,-9.567,54.097,402.8,0
2017-11-14,3,7.33333,0.08,1.5,90,53.4037,42.3578,-8.80164,52.2492,408.857,0
2017-11-14,4,7.5,0.08,1.5,90,52.5969,40.815,-6.12288,51.7821,448.0,0
2017-11-14,5,7.5,0.08,1.66667,91,51.2795,39.1897,-2.67876,51.4672,443.143,0
2017-11-14,6,7.5,0.08,1.66667,92,55.651,45.7645,-2.67876,52.4672,437.25,0
2017-11-14,7,7.16667,0.0,1.5,86,57.9108,54.6455,2.97812,51.8582,437.25,0
2017-11-14,8,7.0,0.0,1.33333,81,64.1766,44.2775,8.5214,46.1543,470.25,0
2017-11-14,9,7.16667,0.0,1.33333,73,59.0556,43.1005,6.22532,51.6976,436.05,0
2017-11-14,10,7.16667,0.0,1.66667,68,54.989,48.1322,6.22532,50.6976,437.143,0
2017-11-14,11,7.16667,0.0,2.0,60,49.7397,48.5715,14.561,43.8873,470.25,0
2017-11-14,12,7.16667,0.0,2.5,56,47.2275,50.7336,20.2178,41.5442,470.25,0
2017-11-14,13,7.33333,0.23,3.0,56,46.8847,55.9269,20.2178,41.5442,470.25,0
2017-11-14,14,7.5,0.23,3.5,59,46.725,59.1049,25.1676,48.0113,420.0,0
2017-11-14,15,7.33333,0.23,3.66667,63,52.3489,63.3883,18.9172,44.7914,451.0,0
2017-11-14,16,7.0,0.23,3.5,76,66.85,80.0417,25.456,44.7914,460.8,0
2017-11-14,17,6.33333,0.23,3.16667,86,87.2419,84.8731,29.6986,50.3346,420.0,0
2017-11-14,18,6.0,0.23,2.83333,87,97.9318,90.0373,29.6986,47.3346,486.0,0
2017-11-14,19,5.66667,0.0,2.33333,88,100.755,84.8788,24.0417,47.6778,520.8,0
2017-11-14,21,5.66667,0.0,1.16667,90,96.22,70.8256,10.9282,48.9364,532.65,0
2017-11-14,22,6.16667,0.0,0.666667,92,99.43,54.19,17.9282,40.9364,536.057,0
2017-11-15,0,6.66667,0.0,-0.666667,94,64.22,38.06,6.71372,31.4462,480.0,0
2017-11-15,1,7.0,0.0,-1.33333,92,95.3789,57.5472,8.47106,25.9029,480.0,0
2017-11-15,2,7.0,0.0,-1.66667,92,90.1487,54.4984,11.2284,16.3596,477.0,0
2017-11-15,3,7.16667,0.0,-2.0,90,85.3613,53.4037,5.68512,8.06352,461.76,0
2017-11-15,4,6.83333,0.0,-2.16667,89,86.1097,52.5969,1.94164,-2.21276,420.0,0
2017-11-15,5,7.0,0.0,-2.33333,91,91.3608,51.2795,2.53515,-9.45861,420.0,0
2017-11-15,6,7.33333,0.0,-2.5,93,89.4897,55.651,-11.8559,-12.5201,435.2,0
2017-11-15,7,7.5,0.0,-2.5,95,92.4975,57.9108,-9.19785,-21.621,420.0,0
2017-11-15,8,7.5,0.0,-2.5,92,95.7878,64.1766,-29.5889,-24.6825,443.143,0
2017-11-15,9,7.0,0.0,-2.0,81,96.2053,59.0556,-40.8316,-28.9251,451.0,0
2017-11-15,10,6.66667,0.0,-1.16667,71,82.4382,54.989,-42.7449,-33.5445,420.0,0
2017-11-15,11,6.0,0.0,0.166667,65,71.8965,49.7397,-39.1151,-26.6291,469.05,0
2017-11-15,12,5.16667,0.0,1.66667,64,65.8521,47.2275,-36.2866,-23.8006,528.0,0
2017-11-15,13,4.66667,0.0,3.33333,67,58.6693,46.8847,-35.1386,-26.5723,536.057,0
2017-11-15,14,4.16667,0.0,4.66667,69,60.2228,46.725,-30.1888,-26.6225,588.0,0
2017-11-15,15,4.0,0.0,5.33333,74,69.2205,52.3489,-30.1888,-29.6225,596.25,0
2017-11-15,16,3.66667,0.0,5.5,80,94.5349,66.85,-22.7978,-30.5611,675.45,0
2017-11-15,17,3.66667,0.0,5.33333,92,116.153,87.2419,-19.7978,-30.5611,680.4,0
2017-11-15,18,4.0,0.0,4.83333,95,126.582,97.9318,-21.3285,-34.2566,660.0,0
2017-11-15,19,4.16667,0.0,4.0,100,145.05,100.755,-19.2072,-32.1353,723.45,0
2017-11-15,21,4.66667,0.0,2.5,100,141.96,96.22,-16.0588,-33.3165,711.36,0
2017-11-15,22,5.16667,0.0,2.0,98,102.76,99.43,-16.9738,-31.5255,737.76,0
2017-11-16,0,5.83333,0.0,1.0,100,107.05,64.22,-21.8653,-39.0302,674.16,0
2017-11-16,1,6.33333,0.0,0.5,100,102.32,95.3789,-24.5441,-37.4973,620.1,0
2017-11-16,2,6.5,0.0,0.166667,100,93.1431,90.1487,-30.9882,-41.8122,504.9,0
2017-11-16,3,7.0,0.0,0.0,100,88.1589,85.3613,-30.8717,-39.5309,517.0,0
2017-11-16,4,7.0,0.0,-0.166667,100,89.2666,86.1097,-31.5788,-40.238,496.8,0
2017-11-16,5,7.0,0.0,-0.333333,100,88.6457,91.3608,-29.6323,-41.5387,468.0,0
2017-11-16,6,7.0,0.0,-0.333333,100,87.2439,89.4897,-29.0999,-44.2535,457.6,0
2017-11-16,7,6.83333,0.0,-0.166667,100,92.8931,92.4975,-27.536,-46.478,438.6,0
2017-11-16,8,6.5,0.0,0.166667,100,94.1569,95.7878,-28.9502,-47.8922,420.0,0
2017-11-16,9,6.33333,0.0,0.833333,83,85.2777,96.2053,-28.1849,-46.0445,482.4,0
2017-11-16,10,6.5,0.0,1.5,76,76.2038,82.4382,-27.0368,-43.2728,509.143,0
2017-11-16,11,6.83333,0.0,2.5,65,58.3421,71.8965,-24.7658,-44.7902,509.143,0
2017-11-16,12,7.33333,0.0,3.66667,59,46.4976,65.8521,-22.8775,-47.2315,477.0,0
2017-11-16,13,7.16667,0.0,4.83333,58,46.9438,58.6693,-18.2853,-46.1449,460.8,0
2017-11-16,14,7.66667,0.0,5.83333,62,46.105,60.2228,-12.9278,-46.1449,470.25,0
2017-11-16,15,8.0,0.0,6.16667,70,58.5555,69.2205,-4.20948,-47.8791,440.64,0
2017-11-16,16,8.16667,0.0,6.16667,76,86.1674,94.5349,0.76536,-50.6507,395.2,0
2017-11-16,17,8.33333,0.0,5.83333,99,103.034,116.153,6.12288,-52.4985,375.943,0
2017-11-16,18,7.83333,0.0,5.16667,100,112.184,126.582,8.80164,-55.0313,360.0,0
2017-11-16,19,8.0,0.0,4.33333,100,113.082,145.05,11.8631,-54.6403,400.68,0
2017-11-16,22,7.83333,0.46,2.5,80,102.21,102.76,0.466,-52.439,390.0,0
2017-11-17,0,7.83333,0.92,1.83333,70,105.38,107.05,-16.2635,-48.2635,417.6,0
2017-11-17,1,7.5,0.92,1.83333,69,95.1433,102.32,-21.9204,-44.9204,408.857,0
2017-11-17,2,7.16667,1.2,2.0,76,90.338,93.1431,-26.1631,-42.1631,437.25,0
2017-11-17,3,6.66667,1.2,2.16667,81,92.1052,88.1589,-28.4592,-39.7063,470.25,0
2017-11-17,4,6.33333,0.74,2.33333,86,89.2888,89.2666,-31.9947,-43.2419,452.4,0
2017-11-17,5,6.0,1.02,2.66667,91,89.054,88.6457,-31.9947,-40.2419,503.25,0
2017-11-17,6,5.83333,0.56,2.83333,93,92.2448,87.2439,-30.5805,-38.8277,528.0,0
2017-11-17,7,5.66667,0.56,3.0,89,92.1523,92.8931,-28.3095,-40.3451,538.65,0
2017-11-17,8,5.66667,0.28,3.0,87,92.4174,94.1569,-32.9289,-38.4317,514.8,0
2017-11-17,9,5.66667,0.28,3.16667,82,89.6731,85.2777,-31.5147,-28.5321,550.8,0
2017-11-17,10,6.0,0.28,3.33333,75,80.9362,76.2038,-25.8578,-17.8752,583.0,0
2017-11-17,11,6.0,0.0,3.66667,76,75.1148,58.3421,-24.2939,-7.16543,561.6,0
2017-11-17,12,6.33333,0.0,4.0,76,75.8138,46.4976,-26.2404,2.62051,546.96,0
2017-11-17,13,6.66667,0.0,4.33333,79,71.6946,46.9438,-26.149,19.471,517.0,0
2017-11-17,14,7.0,0.51,4.5,82,68.5393,46.105,-24.5851,30.1808,509.143,0
2017-11-17,15,7.66667,0.51,4.5,84,73.1831,58.5555,-21.9064,44.648,461.76,0
2017-11-17,16,7.83333,0.51,4.33333,90,82.8618,86.1674,-13.0443,47.4919,440.64,0
2017-11-17,17,8.0,1.02,4.0,89,91.6894,103.034,-13.0443,50.4919,408.857,0
2017-11-17,18,7.66667,1.02,3.66667,89,98.0545,112.184,-13.0443,50.4919,395.2,0
2017-11-17,19,7.16667,1.02,3.33333,91,84.83,113.082,-11.4804,52.7164,417.6,0
2017-11-17,20,6.83333,0.51,3.0,94,83.36,114.887,-13.0111,56.4119,420.0,0
2017-11-17,22,6.16667,1.73,2.5,98,104.65,102.21,-9.567,54.097,452.4,0
2017-11-18,0,6.16667,1.22,2.33333,99,53.19,105.38,-18.7594,46.2894,520.8,1
2017-11-18,1,6.66667,1.98,2.33333,99,66.0067,95.1433,-23.7092,43.2392,528.0,1
2017-11-18,2,6.66667,1.98,2.5,91,61.4724,90.338,-23.7092,43.2392,528.0,1
2017-11-18,3,6.66667,1.37,2.66667,91,59.9406,92.1052,-26.0053,48.7825,480.0,1
2017-11-18,4,6.66667,1.52,2.83333,91,57.1609,89.2888,-24.4746,45.087,477.0,1
2017-11-18,5,6.5,1.52,3.0,91,54.1292,89.054,-20.2319,44.6302,490.629,1
2017-11-18,6,6.33333,1.52,3.0,90,51.7704,92.2448,-13.3105,42.4057,496.8,1
2017-11-18,7,6.66667,0.76,2.83333,95,53.8481,92.1523,-4.82516,42.4057,509.143,1
2017-11-18,8,6.83333,0.76,2.83333,88,54.5486,92.4174,6.4886,43.82,472.457,1
2017-11-18,9,6.83333,0.76,2.83333,83,55.3644,89.6731,16.3881,43.82,472.457,1
2017-11-18,10,7.0,0.0,2.83333,79,56.7456,80.9362,24.0167,42.3026,457.6,1
2017-11-18,11,7.16667,0.0,2.83333,74,57.5959,75.1148,31.2625,41.7091,454.629,1
2017-11-18,12,7.66667,0.0,3.0,70,55.5919,75.8138,33.9413,42.2419,438.6,1
2017-11-18,13,7.83333,0.0,3.33333,66,49.1136,71.6946,22.0118,40.7709,432.0,1
2017-11-18,14,8.0,0.0,3.33333,70,48.5446,68.5393,13.9424,45.767,402.8,1
2017-11-18,15,8.0,0.0,3.33333,73,61.2494,73.1831,4.51695,46.7941,392.229,1
2017-11-18,16,8.33333,0.0,3.16667,76,77.1291,82.8618,-3.11158,48.3115,392.229,1
2017-11-18,17,8.83333,0.0,3.0,78,79.9982,91.6894,-11.5055,51.6766,360.0,1
2017-11-18,18,9.5,0.0,2.66667,82,73.071,98.0545,-20.282,48.9656,380.8,1
2017-11-18,22,11.5,0.0,2.0,86,14.15,104.65,-32.1363,44.5839,285.12,1
2017-11-19,0,13.5,0.48,1.83333,90,16.17,53.19,-36.7697,36.7697,258.4,1
2017-11-19,1,14.8333,0.48,1.5,90,36.09,66.0067,-43.1337,43.1337,196.8,1
2017-11-19,2,16.0,0.48,1.33333,84,37.2463,61.4724,-32.0198,42.3026,209.012,1
2017-11-19,3,16.5,0.48,1.33333,81,36.012,59.9406,-26.1218,45.0638,221.0,1
2017-11-19,4,16.8333,0.48,1.33333,81,36.4341,57.1609,-19.5167,47.1179,240.505,1
2017-11-19,5,16.0,0.0,1.33333,82,32.4191,54.1292,-25.2569,60.9761,200.842,1
2017-11-19,6,15.1667,0.0,1.5,85,32.4047,51.7704,-26.4713,51.9077,235.125,1
2017-11-19,7,14.0,0.0,1.83333,79,35.2109,53.8481,-25.3232,49.136,261.0,1
2017-11-19,8,14.0,0.0,2.0,76,42.0718,54.5486,-23.7925,45.4405,292.32,1
2017-11-19,9,14.0,0.0,2.16667,70,36.3864,55.3644,-29.3661,42.8961,265.5,1
2017-11-19,10,14.0,0.0,2.33333,64,36.0294,56.7456,-32.1945,45.7245,232.615,1
2017-11-19,11,15.1667,0.0,2.66667,57,34.4527,57.5959,-32.9599,47.5723,206.7,1
2017-11-19,12,16.1667,0.48,3.0,52,31.0591,55.5919,-41.8028,49.9208,180.0,1
2017-11-19,13,17.0,0.48,3.33333,51,32.5921,49.1136,-32.6104,40.7284,208.32,1
2017-11-19,14,17.5,0.96,3.66667,55,35.23,48.5446,-38.891,38.891,210.189,1
2017-11-19,15,17.0,0.96,3.66667,64,36.1182,61.2494,-38.891,38.891,210.189,1
2017-11-19,16,16.8333,0.96,3.5,79,42.4903,77.1291,-43.8659,50.9015,186.821,1
2017-11-19,17,16.0,0.96,3.16667,81,46.99,79.9982,-40.3303,47.3659,209.647,1
2017-11-19,18,15.1667,0.48,2.66667,80,47.745,73.071,-33.667,48.2794,245.937,1
2017-11-19,22,15.8333,0.23,1.5,77,6.7,14.15,-40.0059,47.5827,187.971,1
2017-11-20,1,19.0,0.23,1.83333,80,10.5388,36.09,-41.7195,41.7195,177.0,0
2017-11-20,2,19.6667,0.0,2.0,79,15.6625,37.2463,-43.8408,43.8408,167.04,0
2017-11-20,3,19.8333,0.41,2.0,82,16.7725,36.012,-37.3522,48.1762,171.943,0
2017-11-20,4,18.6667,0.77,2.0,83,16.6245,36.4341,-29.7738,50.8806,184.743,0
2017-11-20,5,17.1667,0.77,1.83333,84,17.8643,32.4191,-29.7738,61.8806,180.0,0
2017-11-20,6,16.5,0.82,1.66667,83,22.9966,32.4047,-19.134,57.194,244.26,0
2017-11-20,7,15.6667,1.3,1.5,85,29.1383,35.2109,-17.986,54.4224,261.979,0
2017-11-20,8,15.5,1.3,1.33333,82,31.627,42.0718,-10.715,52.8686,238.255,0
2017-11-20,9,16.0,0.89,1.33333,79,31.585,36.3864,-13.7765,49.2597,224.824,0
2017-11-20,10,17.0,0.53,1.16667,77,32.3132,36.0294,-15.6899,53.8791,181.425,0
2017-11-20,11,18.3333,0.53,1.33333,67,28.826,34.4527,-3.66901,53.585,188.779,0
2017-11-20,12,18.1667,0.48,1.5,59,25.5853,31.0591,3.60191,55.0313,202.473,0
2017-11-20,13,18.0,0.51,1.83333,57,23.5603,32.5921,12.0209,50.706,224.824,0
2017-11-20,14,16.8333,0.51,2.0,60,30.0938,35.23,12.0209,65.706,180.0,0
2017-11-20,15,15.0,0.51,2.0,68,39.2672,36.1182,0.0,62.0,230.4,0
2017-11-20,16,14.5,0.51,2.16667,79,47.5615,42.4903,-4.20948,53.1627,279.0,0
2017-11-20,17,13.5,1.02,2.16667,81,52.0485,46.99,-9.567,50.097,292.32,0
2017-11-20,18,13.1667,1.02,2.0,80,55.6695,47.745,-14.5418,62.1074,240.0,0
2017-11-20,22,13.1667,0.51,1.16667,85,31.03,6.7,-32.9348,40.5116,277.114,0
2017-11-21,1,11.3333,0.15,0.833333,88,42.5954,10.5388,-40.3053,40.3053,291.5,0
2017-11-21,2,11.0,0.15,1.0,84,43.9426,15.6625,-39.5982,39.5982,310.431,0
2017-11-21,3,10.5,0.15,1.16667,85,43.2769,16.7725,-37.4768,37.4768,343.385,0
2017-11-21,4,10.1667,0.15,1.33333,86,42.5397,16.6245,-44.5479,44.5479,300.0,0
2017-11-21,5,9.66667,0.15,1.66667,87,44.3361,17.8643,-43.1337,43.1337,300.0,0
2017-11-21,6,9.66667,0.0,1.66667,89,51.2582,22.9966,-41.0124,41.0124,300.0,0
2017-11-21,7,9.0,0.0,1.66667,85,58.6641,29.1383,-41.0124,41.0124,335.345,0
2017-11-21,8,8.66667,0.0,1.5,83,57.4308,31.627,-26.2342,33.2342,376.32,0
2017-11-21,9,8.16667,0.0,1.5,79,55.2833,31.585,-24.82,31.82,403.68,0
2017-11-21,10,7.83333,0.0,1.66667,73,39.4588,32.3132,-29.7697,36.7697,373.32,0
2017-11-21,11,7.83333,0.25,1.83333,70,35.3367,28.826,-31.0135,33.1427,398.945,0
2017-11-21,12,7.83333,0.5,2.16667,69,33.1315,25.5853,-23.2353,33.3645,405.45,0
2017-11-21,13,8.0,0.5,2.66667,70,35.9737,23.5603,-24.9695,30.7691,405.45,0
2017-11-21,14,8.0,0.5,3.16667,72,37.5653,30.0938,-26.7036,28.1736,392.229,0
2017-11-21,15,8.66667,0.5,3.5,76,46.7205,39.2672,-25.7036,28.1736,390.0,0
2017-11-21,16,8.83333,1.24,3.5,79,53.8711,47.5615,-25.2597,21.7765,395.2,0
2017-11-21,17,9.66667,1.73,3.66667,80,56.0225,52.0485,-26.1836,22.1592,371.25,0
2017-11-21,18,10.5,1.48,3.83333,83,57.7555,55.6695,-38.194,19.134,300.0,0
2017-11-21,22,9.16667,0.74,4.16667,83,7.51,31.03,-41.3396,34.304,349.92,0
2017-11-22,1,10.1667,0.0,4.66667,87,44.3347,42.5954,-25.4397,51.4173,324.48,0
2017-11-22,2,11.0,0.0,4.83333,88,40.4882,43.9426,-23.7343,44.2999,270.667,0
2017-11-22,3,11.6667,1.17,5.0,89,33.2156,43.2769,-27.3612,43.056,286.971,0
2017-11-22,4,11.5,1.17,5.0,90,31.9247,42.5397,-33.7252,49.42,268.029,0
2017-11-22,5,10.8333,1.17,5.0,91,35.4582,44.3361,-34.0246,42.1426,336.0,0
2017-11-22,6,10.3333,1.17,5.0,93,39.5008,51.2582,-41.0957,49.2137,300.0,0
2017-11-22,7,9.5,1.17,5.0,93,42.4171,58.6641,-43.8408,43.8408,310.708,0
2017-11-22,8,9.5,1.17,5.0,93,41.7734,57.4308,-40.3053,40.3053,337.08,0
2017-11-22,9,9.83333,0.0,5.16667,88,44.6707,55.2833,-40.3053,40.3053,325.867,0
2017-11-22,10,9.66667,0.0,5.5,84,42.9095,39.4588,-36.0626,36.0626,346.92,0
2017-11-22,11,10.1667,0.0,5.83333,76,39.4943,35.3367,-42.5298,38.7414,324.48,0
2017-11-22,12,10.3333,0.0,6.33333,72,35.1765,33.1315,-47.4691,36.6451,311.1,0
2017-11-22,13,11.5,0.0,6.83333,75,38.338,35.9737,-42.5193,31.6953,309.12,0
2017-11-22,14,12.1667,0.0,7.33333,75,40.1561,37.5653,-46.0549,35.2309,260.945,0
2017-11-22,15,13.0,0.0,7.5,78,49.5542,46.7205,-41.7091,34.6735,251.631,0
2017-11-22,16,13.0,0.0,7.33333,82,59.5171,53.8711,-41.0124,41.0124,223.385,0
2017-11-22,17,12.6667,0.0,7.16667,86,67.0417,56.0225,-36.7697,36.7697,292.32,0
2017-11-22,18,12.5,0.0,6.66667,89,70.5624,57.7555,-44.5479,44.5479,257.92,0
2017-11-22,22,10.6667,0.0,4.83333,93,54.97,7.51,-40.3053,40.3053,282.764,0
2017-11-23,1,8.66667,0.0,3.83333,88,53.4662,44.3347,-31.8999,23.6591,372.655,0
2017-11-23,2,8.66667,0.0,3.33333,88,44.2239,40.4882,-31.5128,12.8194,411.927,0
2017-11-23,3,8.33333,0.0,3.0,90,44.4617,33.2156,-31.5128,-2.73701,420.0,0
2017-11-23,4,8.5,0.0,2.83333,91,40.2505,31.9247,-38.5839,-9.80811,360.0,0
2017-11-23,5,9.16667,0.0,2.66667,92,38.6523,35.4582,-29.2883,-26.6291,385.0,0
2017-11-23,6,9.16667,0.0,2.66667,92,41.1987,39.5008,-42.3594,-33.7002,341.85,0
2017-11-23,7,9.5,0.0,2.66667,92,42.7357,42.4171,-40.6252,-36.2956,341.85,0
2017-11-23,8,9.16667,0.0,3.0,92,43.6518,41.7734,-23.2342,-33.2342,347.564,0
2017-11-23,9,8.83333,0.0,3.5,93,48.2644,44.6707,-21.82,-31.82,363.0,0
2017-11-23,10,9.0,0.0,4.16667,79,48.4068,42.9095,-17.8103,-32.1399,371.25,0
2017-11-23,11,9.0,0.0,5.16667,69,43.2276,39.4943,-3.15341,-26.483,376.32,0
2017-11-23,12,9.0,0.0,6.33333,63,37.4486,35.1765,-5.32111,-23.2387,356.4,0
2017-11-23,13,8.66667,0.0,7.66667,64,43.5012,38.338,-5.32111,-23.2387,376.32,0
2017-11-23,14,8.16667,0.0,8.66667,70,50.4679,40.1561,-18.3825,-30.6297,395.2,0
2017-11-23,15,7.83333,0.0,9.33333,79,72.0283,49.5542,-18.3825,-24.6297,374.0,0
2017-11-23,16,7.83333,0.0,9.83333,66,87.5902,59.5171,-16.2612,-14.0231,405.45,0
2017-11-23,17,7.33333,0.0,10.0,85,93.5561,67.0417,-16.6439,1.68286,402.8,0
2017-11-23,18,8.0,0.0,9.66667,86,88.1455,70.5624,-32.1111,4.36162,443.52,0
2017-11-23,22,8.66667,0.0,6.5,90,40.1,54.97,-26.0102,25.8967,366.667,0
2017-11-24,0,8.0,0.0,4.5,94,50.74,28.65,-22.5661,20.2243,407.1,0
2017-11-24,1,8.0,0.0,3.83333,95,73.5013,53.4662,-22.5661,27.2243,384.8,0
2017-11-24,2,8.33333,0.0,3.33333,95,69.0387,44.2239,-2.47953,22.6322,388.267,0
2017-11-24,3,8.33333,0.0,3.0,93,66.1249,44.4617,2.00859,35.3151,360.0,0
2017-11-24,4,8.33333,0.0,3.0,92,65.2245,40.2505,-1.29396,21.56,360.0,0
2017-11-24,5,8.0,0.0,2.83333,94,69.4579,38.6523,-14.1251,17.8748,360.0,0
2017-11-24,6,8.5,0.0,2.83333,92,73.201,41.1987,-11.9006,24.7962,390.0,0
2017-11-24,7,8.5,0.0,2.83333,93,80.5977,42.7357,-1.90061,9.79623,409.867,0
2017-11-24,8,8.16667,0.0,2.83333,90,78.81,43.6518,-1.90061,9.79623,417.72,0
2017-11-24,9,7.83333,0.0,3.16667,81,77.0892,48.2644,-7.55749,4.13935,373.32,0
2017-11-24,10,8.33333,0.0,3.83333,81,68.4715,48.4068,-8.68046,-0.14968,402.8,0
2017-11-24,11,9.0,0.0,5.0,71,62.9995,43.2276,7.68353,6.21431,360.0,0
2017-11-24,12,8.83333,0.0,6.33333,66,60.4697,37.4486,9.15455,-4.53391,376.32,0
2017-11-24,13,8.66667,0.0,7.83333,66,63.576,43.5012,-7.20944,1.83008,380.8,0
2017-11-24,14,8.83333,0.0,9.16667,67,64.7904,50.4679,-23.6005,-1.23136,386.4,0
2017-11-24,15,9.0,0.0,10.0,75,68.3182,72.0283,-24.3076,-1.93847,361.029,0
2017-11-24,16,8.83333,0.0,10.3333,73,78.6079,87.5902,-11.3578,-6.88824,376.32,0
2017-11-24,17,9.0,0.0,10.1667,97,85.8492,93.5561,-27.7218,-0.52425,389.88,0
2017-11-24,18,9.33333,0.0,9.66667,94,85.6857,88.1455,-22.6925,13.4652,366.667,0
2017-11-24,22,11.6667,0.0,7.16667,72,72.22,40.1,-43.2964,26.2183,271.745,0
2017-11-25,0,11.1667,0.0,6.5,73,46.04,50.74,-10.3087,8.27739,263.467,1
2017-11-25,1,10.8333,0.0,6.16667,81,88.7083,73.5013,-13.1836,-1.9134,313.2,1
2017-11-25,2,9.5,0.0,6.0,79,83.3319,69.0387,-18.1333,3.03637,309.825,1
2017-11-25,3,9.83333,0.0,5.83333,75,84.1468,66.1249,-3.35125,-11.0865,347.564,1
2017-11-25,4,9.16667,0.0,5.66667,75,84.6135,65.2245,-5.19901,-11.8519,333.9,1
2017-11-25,5,8.66667,0.0,5.5,77,82.1737,69.4579,-9.80797,-14.9133,352.8,1
2017-11-25,6,8.5,0.0,5.33333,79,81.7623,73.201,-21.104,-20.4566,403.68,1
2017-11-25,7,8.5,0.0,5.33333,77,82.027,80.5977,-5.50126,-22.9938,393.6,1
2017-11-25,8,8.83333,0.0,5.5,78,74.1741,78.81,6.44851,-27.9436,401.85,1
2017-11-25,9,8.5,0.0,5.5,79,70.1705,77.0892,6.44851,-29.9436,415.385,1
2017-11-25,10,8.83333,0.0,5.83333,71,51.3408,68.4715,14.2495,-35.1314,401.85,1
2017-11-25,11,9.5,0.0,6.66667,64,35.833,62.9995,16.8584,-32.07,349.8,1
2017-11-25,12,9.83333,0.0,7.5,62,33.226,60.4697,26.2256,-33.5978,325.867,1
2017-11-25,13,11.0,0.0,8.66667,58,33.5814,63.576,17.0711,-37.3965,334.08,1
2017-11-25,14,11.0,0.0,9.5,61,35.5249,64.7904,4.13678,-32.754,294.0,1
2017-11-25,15,10.3333,0.0,10.1667,66,38.7029,68.3182,15.4174,-13.3525,297.0,1
2017-11-25,16,10.1667,0.0,10.3333,71,41.4003,78.6079,11.8845,-10.6737,334.08,1
2017-11-25,17,10.1667,0.0,10.0,75,39.702,85.8492,-3.5015,-0.15852,353.455,1
2017-11-25,18,11.3333,0.0,9.83333,76,38.875,85.6857,-12.7403,3.66828,300.0,1
2017-11-25,22,15.0,1.12,8.66667,82,19.26,72.22,-18.0417,21.9706,231.8,1
2017-11-26,0,14.5,2.24,8.33333,84,19.98,46.04,-45.2805,25.7973,216.847,1
2017-11-26,1,14.6667,2.24,7.83333,86,35.2968,88.7083,-48.342,33.1884,225.318,1
2017-11-26,2,14.3333,3.36,7.33333,84,33.7954,83.3319,-41.6786,34.1018,261.979,1
2017-11-26,3,14.1667,3.36,6.66667,87,29.6984,84.1468,-45.8881,44.2645,240.0,1
2017-11-26,4,13.5,2.24,6.0,86,24.5134,84.6135,-34.4573,51.7757,248.4,1
2017-11-26,5,12.5,2.24,5.33333,86,21.8796,82.1737,-21.4301,51.7373,248.571,1
2017-11-26,6,13.0,2.24,4.66667,86,30.1189,81.7623,-20.282,48.9656,259.418,1
2017-11-26,7,12.1667,2.24,4.16667,85,30.8447,82.027,-20.282,48.9656,288.225,1
2017-11-26,8,11.5,1.12,3.5,87,36.7516,74.1741,-13.918,55.3296,275.4,1
2017-11-26,9,10.3333,1.12,3.16667,83,44.1637,70.1705,-2.8454,47.0147,357.12,1
2017-11-26,10,9.5,1.12,2.83333,84,49.1508,51.3408,3.51859,55.3296,330.72,1
2017-11-26,11,9.33333,1.12,2.66667,80,53.1034,35.833,16.3299,48.5425,347.564,1
2017-11-26,12,9.0,0.0,2.66667,76,52.3984,33.226,27.6105,47.6186,360.0,1
2017-11-26,13,9.16667,0.0,2.66667,76,53.9166,33.5814,38.1839,45.7709,366.667,1
2017-11-26,14,9.5,0.0,2.83333,74,57.0606,35.5249,38.891,46.478,329.829,1
2017-11-26,15,9.33333,0.0,2.83333,74,58.3978,38.7029,40.3053,46.3748,325.867,1
2017-11-26,16,9.16667,0.0,2.83333,75,65.0231,41.4003,39.5982,43.7168,349.92,1
2017-11-26,17,8.5,0.0,2.66667,78,71.8878,39.702,38.891,43.0097,363.0,1
2017-11-26,22,6.33333,0.0,1.0,83,68.59,19.26,22.278,43.9567,466.4,1
2017-11-27,0,6.83333,0.0,0.333333,86,55.99,19.98,7.19571,47.3269,482.4,0
2017-11-27,1,6.83333,0.0,0.0,88,70.953,35.2968,-1.84704,47.4301,477.0,0
2017-11-27,2,6.66667,0.0,-0.5,89,65.1832,33.7954,-8.38578,48.7307,477.0,0
2017-11-27,3,6.5,0.0,-1.0,88,62.9019,29.6984,-16.164,48.0236,496.8,0
2017-11-27,4,6.16667,0.0,-1.16667,88,61.1145,24.5134,-19.6995,45.5591,517.0,0
2017-11-27,5,5.83333,0.0,-1.33333,88,61.2108,21.8796,-22.9467,42.3119,517.0,0
2017-11-27,6,5.5,0.0,-1.33333,90,62.9734,30.1189,-26.1939,39.0647,538.65,0
2017-11-27,7,6.0,0.0,-1.33333,91,73.045,30.8447,-28.1073,43.6841,514.8,0
2017-11-27,8,6.5,0.0,-1.0,90,75.6873,36.7516,-34.4713,42.0481,497.25,0
2017-11-27,9,6.66667,0.0,-0.5,82,70.3289,44.1637,-38.8009,37.7185,480.0,0
2017-11-27,10,7.0,0.0,0.0,74,59.88,49.1508,-40.3648,35.494,480.0,0
2017-11-27,11,7.5,0.0,0.666667,68,51.9413,53.1034,-37.5946,33.8062,461.76,0
2017-11-27,12,8.66667,0.0,1.33333,64,46.7413,52.3984,-31.9599,36.2895,451.0,0
2017-11-27,13,8.83333,0.0,2.16667,64,42.1273,53.9166,-29.0954,40.4606,395.2,0
2017-11-27,14,9.0,0.0,2.66667,65,49.4029,57.0606,-26.5582,43.3354,371.25,0
2017-11-27,15,9.0,0.0,2.83333,70,61.8382,58.3978,-22.6113,48.5889,332.8,0
2017-11-27,16,8.33333,0.0,2.66667,78,75.7146,65.0231,-20.6647,49.8895,356.4,0
2017-11-27,17,8.33333,0.0,2.5,90,81.2692,71.8878,-24.3602,51.4202,360.0,0
2017-11-28,0,8.33333,0.0,-1.33333,84,28.75,55.99,-6.14105,19.9406,360.0,0
2017-11-28,1,9.0,0.0,-1.66667,81,42.1372,70.953,10.2229,13.5767,360.0,0
2017-11-28,2,9.5,0.0,-1.83333,77,35.2008,65.1832,13.5985,-1.14804,366.667,0
2017-11-28,3,10.3333,0.0,-2.0,76,32.7435,62.9019,10.8269,-9.18432,300.0,0
2017-11-28,4,10.3333,0.0,-1.83333,74,32.2012,61.1145,-14.2597,-13.7765,288.0,0
2017-11-28,5,10.6667,0.0,-1.5,74,33.3271,61.2108,-29.7268,-16.4552,321.48,0
2017-11-28,6,10.8333,0.0,-1.33333,73,36.011,62.9734,-49.8895,-20.6647,324.8,0
2017-11-28,7,10.5,0.0,-1.16667,71,41.3092,73.045,-48.9656,-20.282,336.3,0
2017-11-28,8,11.1667,0.0,-1.0,68,44.5938,75.6873,-27.8791,-15.6899,359.9,0
2017-11-28,9,11.8333,0.0,-0.5,62,40.6413,70.3289,-0.792519,-11.0977,267.429,0
2017-11-28,10,12.8333,0.0,0.166667,53,35.7163,59.88,31.8373,-4.20948,259.418,0
2017-11-28,11,14.0,0.0,1.0,48,37.1356,51.9413,55.0,0.0,231.0,0
2017-11-28,12,15.0,0.0,2.0,45,37.5248,46.7413,28.3702,6.88824,202.725,0
2017-11-28,13,15.8333,0.0,3.0,43,34.2632,42.1273,29.3702,6.88824,195.0,0
2017-11-28,14,16.1667,0.0,4.0,44,37.6872,49.4029,-0.488039,12.6284,180.0,0
2017-11-28,15,15.6667,0.0,4.66667,50,36.1203,61.8382,-30.1179,19.5167,180.0,0
2017-11-28,16,16.1667,0.0,4.83333,53,42.0164,75.7146,-25.4985,17.6033,209.647,0
2017-11-28,17,15.3333,0.0,4.66667,61,50.8247,81.2692,-26.4985,17.6033,203.52,0
2017-11-28,18,14.6667,0.0,4.33333,63,98.705,86.3394,0.359721,11.8631,239.733,0
2017-11-29,0,12.1667,0.23,1.5,66,12.24,28.75,24.1418,5.7402,271.385,0
2017-11-29,1,12.0,0.23,1.33333,71,42.6403,42.1372,32.1418,5.7402,259.2,0
2017-11-29,2,11.3333,0.23,1.16667,77,43.3692,35.2008,30.1418,5.7402,287.571,0
2017-11-29,3,11.1667,0.46,1.16667,79,43.8298,32.7435,25.1418,5.7402,346.48,0
2017-11-29,4,9.66667,0.23,1.16667,82,47.1336,32.2012,52.0,0.0,341.127,0
2017-11-29,5,9.16667,0.23,1.0,84,41.6357,33.3271,47.7573,4.24266,335.345,0
2017-11-29,6,9.16667,0.23,0.666667,85,54.085,36.011,31.1005,-1.41422,341.85,0
2017-11-29,7,8.5,0.23,0.666667,83,59.7952,41.3092,17.4436,-7.0711,372.655,0
2017-11-29,8,9.0,0.71,0.666667,83,60.9508,44.5938,13.4436,-7.0711,409.867,0
2017-11-29,9,8.16667,0.48,0.666667,80,68.1776,40.6413,-4.04174,-15.5564,403.015,0
2017-11-29,10,8.33333,0.48,0.833333,72,68.696,35.7163,-9.69862,-21.2133,371.908,0
2017-11-29,11,8.5,0.68,1.16667,67,56.6449,37.1356,-15.6986,-21.2133,360.0,0
2017-11-29,12,8.16667,1.21,1.66667,63,51.8369,37.5248,-14.114,-23.2432,401.85,0
2017-11-29,13,8.16667,1.21,2.0,61,46.6515,34.2632,-18.3567,-27.4859,374.85,0
2017-11-29,14,8.33333,0.73,2.33333,62,46.569,37.6872,-15.3785,-28.2961,375.943,0
2017-11-29,15,8.83333,0.73,2.5,67,56.5678,36.1203,-9.37854,-28.2961,360.0,0
2017-11-29,16,9.5,1.24,2.5,77,62.985,42.0164,-5.39902,-9.94446,361.029,0
2017-11-29,17,9.5,1.04,2.33333,80,70.8721,50.8247,-22.5617,-5.73498,325.867,0
2017-11-29,22,7.0,6.33,0.166667,90,90.14,13.02,-23.8598,12.0961,398.945,0
2017-11-30,1,6.5,6.15,0.0,85,86.171,42.6403,-13.1346,-13.4999,466.4,0
2017-11-30,2,6.0,6.15,0.333333,88,78.0192,43.3692,-7.8811,-24.335,469.05,0
2017-11-30,3,6.0,11.08,0.5,88,74.6153,43.8298,-0.49006,-31.3965,538.65,0
2017-11-30,4,6.0,8.97,0.666667,87,75.3024,47.1336,-3.3185,-34.2249,532.65,0
2017-11-30,5,6.16667,7.04,0.833333,88,72.5395,41.6357,-11.3185,-40.2249,555.429,0
2017-11-30,6,6.0,7.04,1.0,89,29.595,54.085,-15.6397,-46.6921,504.9,0
2017-11-30,7,5.5,7.04,1.0,89,74.4828,59.7952,-10.1325,-50.3308,480.0,0
2017-11-30,10,5.66667,3.58,0.833333,86,67.714,68.696,-2.06308,-54.2404,540.0,0
2017-11-30,11,5.66667,5.51,0.833333,86,74.79,56.6449,3.29444,-52.3926,577.2,0
2017-11-30,12,5.83333,5.51,0.833333,85,87.09,51.8369,9.03464,-47.4687,556.5,0
2017-11-30,13,6.33333,6.22,0.833333,85,68.0167,46.6515,17.52,-50.2972,499.8,0
2017-11-30,15,7.16667,5.21,1.0,87,81.35,56.5678,29.2322,-34.7686,480.0,0
2017-11-30,16,7.66667,3.33,0.833333,92,58.98,62.985,33.0206,-20.6226,483.36,0
2017-11-30,17,8.16667,2.01,0.666667,91,66.79,70.8721,37.8539,-3.6122,432.0,0
2017-11-30,22,15.0,0.61,0.166667,88,52.0037,90.14,-23.7262,57.2806,180.0,0
2018-10-01,0,8.16667,0.0,5.83333,85,60.7459,67.9637,40.5324,13.2388,420.0,0
2018-10-01,1,8.33333,0.0,4.83333,85,55.3858,65.1682,46.7039,5.54328,377.4,0
2018-10-01,2,8.33333,0.0,4.16667,91,50.6076,62.9337,57.0,0.0,360.0,0
2018-10-01,3,8.33333,0.0,4.0,91,49.3835,58.3773,58.0,0.0,360.0,0
2018-10-01,4,8.5,0.0,4.16667,98,47.7524,56.3782,58.0,0.0,360.0,0
2018-10-01,5,8.33333,0.0,4.5,100,46.3676,54.8284,51.0,0.0,409.867,0
2018-10-01,6,8.16667,0.0,5.0,100,49.2343,52.2439,59.0,0.0,360.0,0
2018-10-01,7,8.16667,0.0,5.33333,100,51.8005,54.0508,42.609,-3.06144,374.0,0
2018-10-01,8,8.16667,0.0,5.83333,100,53.3941,50.8432,26.2179,-6.12288,374.85,0
2018-10-01,9,8.33333,0.0,6.66667,87,42.8213,40.0882,10.8269,-9.18432,374.85,0
2018-10-01,10,8.33333,0.0,7.83333,67,33.1679,30.4442,11.8269,-9.18432,360.0,0
2018-10-01,11,8.66667,0.0,9.33333,58,29.3276,20.14,12.8269,-9.18432,360.0,0
2018-10-01,12,9.16667,0.0,11.0,52,28.3805,13.3966,-13.4119,-5.35752,386.4,0
2018-10-01,13,9.66667,0.0,12.6667,50,30.4543,12.1405,-16.1836,1.9134,341.85,0
2018-10-01,14,10.1667,0.0,14.1667,50,34.7166,12.0589,-16.5707,12.753,300.0,0
2018-10-01,15,10.5,0.0,15.1667,51,36.8041,12.8472,-25.9579,23.5927,326.8,0
2018-10-01,16,10.8333,0.0,15.6667,54,40.1156,12.1874,-42.7361,31.3709,309.12,0
2018-10-01,17,10.8333,0.0,15.5,61,46.9408,17.1341,-37.7068,37.7068,305.455,0
2018-10-01,18,10.5,0.0,15.0,65,52.2249,28.941,-31.3709,42.7361,317.127,0
2018-10-01,19,10.0,0.0,14.5,67,66.5851,54.1507,-27.0368,43.2728,341.127,0
2018-10-01,20,9.5,0.0,13.8333,69,71.5762,62.6787,-32.6937,48.9297,311.564,0
2018-10-01,21,9.0,0.0,13.0,72,69.3138,64.9085,-30.5724,46.8084,347.564,0
2018-10-01,22,8.5,0.0,12.1667,73,63.2666,62.5487,-25.8556,46.4212,385.527,0
2018-10-01,23,8.16667,0.0,11.5,73,52.3562,61.8551,-21.6461,44.2585,417.72,0
2018-10-02,0,8.0,0.51,11.0,77,38.7838,60.7459,-21.6461,52.2585,373.32,0
2018-10-02,1,7.83333,0.51,10.3333,83,31.3749,55.3858,-17.8193,51.0197,388.267,0
2018-10-02,2,7.66667,0.51,9.66667,88,28.2979,50.6076,-14.3752,49.7048,405.45,0
2018-10-02,3,7.5,0.51,9.16667,87,31.3603,49.3835,-8.71832,51.0479,421.2,0
2018-10-02,4,7.33333,0.51,8.83333,87,35.7903,47.7524,-3.06144,52.391,437.25,0
2018-10-02,5,7.33333,0.51,8.5,86,38.8145,46.3676,0.0,52.0,453.6,0
2018-10-02,6,7.33333,0.0,8.16667,88,41.4158,49.2343,0.0,52.0,453.6,0
2018-10-02,7,7.66667,0.0,7.83333,93,41.3197,51.8005,5.65688,51.391,453.6,0
2018-10-02,8,8.0,0.0,7.66667,92,42.5608,53.3941,12.0209,51.706,425.829,0
2018-10-02,9,8.5,0.0,7.5,92,40.0313,42.8213,18.3849,53.0209,392.229,0
2018-10-02,10,8.66667,0.0,7.5,90,34.355,33.1679,25.456,48.2597,393.6,0
2018-10-02,11,8.83333,0.0,7.5,89,33.6421,29.3276,31.1128,48.6507,386.4,0
2018-10-02,12,9.0,0.25,7.5,83,35.4259,28.3805,37.4768,48.9656,371.25,0
2018-10-02,13,9.0,0.25,7.66667,75,34.2972,30.4543,38.1839,49.8895,366.667,0
2018-10-02,14,9.0,0.25,8.0,68,33.1213,34.7166,38.1839,49.8895,366.667,0
2018-10-02,15,9.0,0.25,8.5,68,29.836,36.8041,31.82,50.5746,376.32,0
2018-10-02,16,9.66667,0.25,8.66667,68,32.0149,40.1156,24.7488,51.3358,356.4,0
2018-10-02,17,10.1667,0.25,8.83333,73,32.9263,46.9408,14.4998,55.0313,312.8,0
2018-10-02,18,10.6667,0.0,8.83333,74,38.7067,52.2249,-2.82033,49.488,326.8,0
2018-10-02,19,11.1667,0.0,8.66667,76,43.528,66.5851,-13.7765,52.2597,288.0,0
2018-10-02,20,11.6667,0.0,8.33333,76,45.786,71.5762,-22.2618,51.745,262.08,0
2018-10-02,21,12.1667,0.0,7.66667,72,42.8338,69.3138,-30.7471,50.2303,260.0,0
2018-10-02,22,12.6667,0.0,7.16667,68,34.3582,63.2666,-35.3474,48.3362,249.9,0
2018-10-02,23,13.3333,0.0,6.66667,65,22.41,52.3562,-36.7697,36.7697,276.0,0
2018-10-03,0,14.0,0.0,6.16667,63,15.0305,38.7838,-39.5982,39.5982,235.2,0
2018-10-03,1,14.6667,0.0,6.0,62,10.2148,31.3749,-42.4266,42.4266,205.477,0
2018-10-03,2,15.5,0.0,5.83333,63,8.8145,28.2979,-44.5479,44.5479,195.52,0
2018-10-03,3,16.3333,0.0,6.0,65,9.51077,31.3603,-45.9622,45.9622,187.425,0
2018-10-03,4,17.0,0.0,6.16667,67,10.1248,35.7903,-36.0626,36.0626,229.125,0
2018-10-03,5,17.6667,0.51,6.5,70,12.0233,38.8145,-32.0198,42.3026,209.012,0
2018-10-03,6,18.5,0.51,7.0,73,12.0253,41.4158,-27.6525,48.7593,191.133,0
2018-10-03,7,19.3333,0.51,7.33333,76,16.2272,41.3197,-22.9608,55.4328,175.137,0
2018-10-03,8,20.1667,0.51,7.83333,78,20.1963,42.5608,-15.6899,58.8791,167.04,0
2018-10-03,9,20.8333,1.2,8.16667,77,16.297,40.0313,-8.03628,62.4015,159.6,0
2018-10-03,10,21.6667,1.2,8.66667,70,11.5908,34.355,0.0,65.0,153.6,0
2018-10-03,11,22.6667,0.69,9.16667,64,8.8855,33.6421,0.0,68.0,141.382,0
2018-10-03,12,23.6667,0.69,9.66667,58,6.29,35.4259,0.0,72.0,120.0,0
2018-10-03,13,24.3333,1.68,10.3333,53,6.36575,34.2972,0.0,53.0,165.092,0
2018-10-03,14,24.6667,2.67,10.8333,60,7.04975,33.1213,0.0,52.0,173.333,0
2018-10-03,15,24.6667,1.98,11.3333,63,8.50462,29.836,0.0,76.0,124.667,0
2018-10-03,16,24.1667,1.98,11.5,67,11.7002,32.0149,15.5564,69.3254,139.968,0
2018-10-03,17,23.1667,1.98,11.3333,65,12.8918,32.9263,30.4057,63.7268,156.75,0
2018-10-03,18,21.6667,1.98,11.0,69,23.0917,38.7067,44.5479,58.2044,170.564,0
2018-10-03,19,20.0,0.99,10.3333,73,35.0148,43.528,41.7195,54.5089,191.314,0
2018-10-03,20,18.1667,0.0,9.5,76,38.9408,45.786,37.4768,48.9656,229.14,0
2018-10-03,21,16.5,0.0,8.66667,79,36.0757,42.8338,46.6693,60.9761,207.36,0
2018-10-03,22,15.0,0.46,8.0,80,27.5572,34.3582,32.5271,54.4985,256.0,0
2018-10-03,23,13.5,0.46,7.5,80,23.4792,22.41,19.7991,49.8686,292.32,0
2018-10-04,0,12.3333,0.46,7.0,79,22.6523,15.0305,19.7991,60.8686,257.92,0
2018-10-04,1,11.5,0.46,6.66667,78,20.9517,10.2148,9.19243,58.0104,279.138,0
2018-10-04,2,10.8333,0.76,6.5,78,19.8985,8.8145,0.0,56.0,302.4,0
2018-10-04,3,10.3333,0.76,6.33333,78,18.7059,9.51077,-3.44412,52.3149,336.3,0
2018-10-04,4,9.83333,0.3,6.0,82,16.853,10.1248,-6.88824,60.6298,300.0,0
2018-10-04,5,9.5,0.3,5.66667,80,17.5452,12.0233,-10.3324,56.9448,323.345,0
2018-10-04,6,9.16667,0.3,5.66667,84,20.2267,12.0253,-16.6964,52.3088,347.564,0
2018-10-04,7,9.0,0.3,5.66667,87,21.8372,16.2272,-23.0603,47.6727,363.0,0
2018-10-04,8,9.0,0.0,5.66667,84,23.9638,20.1963,-29.4243,44.0367,366.667,0
2018-10-04,9,9.16667,0.0,5.83333,76,16.6135,16.297,-32.3442,42.0858,366.667,0
2018-10-04,10,9.83333,0.0,6.5,71,12.2268,11.5908,-32.7269,43.0097,352.8,0
2018-10-04,11,10.6667,0.0,7.33333,63,9.90075,8.8855,-29.2828,47.6948,300.0,0
2018-10-04,12,11.6667,0.0,8.16667,56,12.3033,6.29,-6.65524,47.9011,288.0,0
2018-10-04,13,12.5,0.0,9.0,50,10.9498,6.36575,16.6794,49.0313,264.48,0
2018-10-04,14,13.1667,0.0,10.0,48,10.8022,7.04975,30.4057,52.7268,242.031,0
2018-10-04,15,13.5,0.0,10.8333,47,12.3485,8.50462,39.5982,51.7373,248.571,0
2018-10-04,16,13.0,0.0,11.3333,49,15.3333,11.7002,38.1839,49.8895,273.28,0
2018-10-04,17,12.1667,0.0,11.5,58,22.4653,12.8918,45.255,59.1283,248.88,0
2018-10-04,18,11.0,0.0,11.3333,65,41.3287,23.0917,41.0124,53.585,297.6,0
2018-10-04,19,10.0,0.0,11.0,72,65.4277,35.0148,31.1128,48.6507,354.738,0
2018-10-04,20,9.0,0.0,10.1667,82,75.729,38.9408,23.7218,51.7122,332.677,0
2018-10-04,21,8.16667,0.0,9.16667,89,79.2805,36.0757,21.5294,39.7017,394.4,0
2018-10-04,22,7.83333,0.0,8.0,91,75.3842,27.5572,28.5294,39.7017,372.3,0
2018-10-04,23,7.66667,0.0,7.0,89,69.8374,23.4792,28.0441,28.6152,400.68,0
2018-10-05,0,7.66667,0.0,6.16667,90,64.2421,22.6523,28.9729,19.3764,417.6,0
2018-10-05,1,7.66667,0.0,5.5,90,59.4108,20.9517,30.609,11.0614,421.2,0
2018-10-05,2,7.83333,0.0,5.0,90,56.8415,19.8985,38.609,3.06144,421.2,0
2018-10-05,3,8.0,0.0,4.66667,89,55.4632,18.7059,54.0,0.0,408.857,0
2018-10-05,4,8.0,0.0,4.33333,94,54.5518,16.853,55.0,0.0,392.229,0
2018-10-05,5,8.0,0.0,4.16667,95,53.375,17.5452,56.0,0.0,390.0,0
2018-10-05,6,8.0,0.0,4.0,100,53.6146,20.2267,56.0,0.0,390.0,0
2018-10-05,7,8.0,0.0,4.0,100,53.7425,21.8372,56.0,0.0,390.0,0
2018-10-05,8,8.0,0.0,4.33333,100,54.3851,23.9638,56.0,0.0,390.0,0
2018-10-05,9,8.0,0.0,5.0,88,41.2549,16.6135,56.0,0.0,390.0,0
2018-10-05,10,7.83333,0.0,6.16667,62,31.9641,12.2268,56.0,0.0,390.0,0
2018-10-05,11,7.66667,0.0,7.66667,50,23.2683,9.90075,55.0,0.0,405.45,0
2018-10-05,12,7.66667,0.0,9.5,45,17.5692,12.3033,54.0,0.0,421.2,0
2018-10-05,13,7.66667,0.0,11.3333,43,16.0837,10.9498,38.609,3.06144,421.2,0
2018-10-05,14,7.66667,0.0,13.1667,44,15.3224,10.8022,23.2179,6.12288,421.2,0
2018-10-05,15,7.66667,0.0,14.6667,45,17.0782,12.3485,9.56104,11.7798,421.2,0
2018-10-05,16,7.83333,0.0,15.8333,46,18.7432,15.3333,-4.09584,17.4366,421.2,0
2018-10-05,17,8.0,0.0,16.1667,55,25.2467,22.4653,-17.7527,23.0935,408.857,0
2018-10-05,18,8.0,0.0,15.8333,65,39.6697,41.3287,-30.4096,28.7504,392.229,0
2018-10-05,19,8.0,0.0,15.1667,71,62.6985,65.4277,-44.8006,31.8118,390.0,0
2018-10-05,20,8.0,0.0,14.0,80,72.731,75.729,-29.4096,28.7504,390.0,0
2018-10-05,21,8.0,0.0,12.5,86,73.7495,79.2805,-14.0186,25.689,390.0,0
2018-10-05,22,8.16667,0.0,10.8333,84,69.6087,75.3842,-0.36168,20.0321,390.0,0
2018-10-05,23,8.33333,0.0,9.5,79,65.9456,69.8374,14.2952,14.3752,374.85,0
2018-10-06,0,8.5,0.0,8.33333,80,62.7413,64.2421,28.9521,8.71832,360.0,1
2018-10-06,1,8.5,0.0,7.33333,81,60.9005,59.4108,51.0,0.0,401.85,1
2018-10-06,2,8.5,0.0,6.5,81,56.6974,56.8415,51.0,0.0,401.85,1
2018-10-06,3,8.5,0.0,6.16667,75,55.751,55.4632,51.0,0.0,401.85,1
2018-10-06,4,8.5,0.0,5.83333,76,52.1405,54.5518,51.0,0.0,409.867,1
2018-10-06,5,8.5,0.0,5.66667,76,49.3333,53.375,51.0,0.0,409.867,1
2018-10-06,6,8.5,0.0,5.83333,80,49.1787,53.6146,51.0,0.0,409.867,1
2018-10-06,7,8.66667,0.0,6.0,83,51.5467,53.7425,51.0,0.0,401.85,1
2018-10-06,8,8.83333,0.0,6.5,79,55.3289,54.3851,34.6851,-3.44412,386.4,1
2018-10-06,9,9.16667,0.0,7.33333,66,48.499,41.2549,18.3702,-6.88824,371.25,1
2018-10-06,10,9.5,0.0,8.83333,56,43.615,31.9641,20.3702,-6.88824,352.8,1
2018-10-06,11,10.1667,0.0,10.6667,46,37.8328,23.2683,22.3702,-6.88824,325.867,1
2018-10-06,12,11.0,0.0,12.6667,43,32.7047,17.5692,-7.64028,-1.9134,326.8,1
2018-10-06,13,12.0,0.0,14.8333,42,27.991,16.0837,-12.2597,6.88824,263.467,1
2018-10-06,14,13.1667,0.0,17.0,45,21.1661,15.3224,-27.803,16.0726,259.418,1
2018-10-06,15,14.0,0.0,18.6667,45,17.5379,17.0782,-53.585,22.1954,223.385,1
2018-10-06,16,14.0,0.0,19.8333,49,17.8835,18.7432,-55.4328,22.9608,212.914,1
2018-10-06,17,13.3333,0.0,20.1667,53,20.7493,25.2467,-52.6612,21.8128,245.92,1
2018-10-06,18,12.5,0.0,19.8333,58,29.1768,39.6697,-47.1179,19.5167,307.125,1
2018-10-06,19,11.5,0.0,19.1667,60,44.7745,62.6985,-38.1179,19.5167,294.0,1
2018-10-06,20,10.3333,0.0,18.1667,63,46.074,72.731,-14.3358,13.3938,357.12,1
2018-10-06,21,9.33333,0.0,17.0,64,47.5773,73.7495,-5.3358,13.3938,330.72,1
2018-10-06,22,9.0,0.0,15.8333,62,44.1067,69.6087,17.5224,7.6536,360.0,1
2018-10-06,23,9.0,0.0,14.8333,61,43.1032,65.9456,36.6851,3.44412,366.667,1
2018-10-07,0,9.0,0.0,14.1667,63,40.6655,62.7413,54.0,0.0,366.667,1
2018-10-07,1,9.0,0.0,13.5,67,39.6885,60.9005,54.0,0.0,366.667,1
2018-10-07,2,9.0,0.0,13.1667,63,38.8377,56.6974,54.0,0.0,366.667,1
2018-10-07,3,9.0,0.0,13.0,61,41.1678,55.751,54.0,0.0,366.667,1
2018-10-07,4,8.83333,0.51,12.8333,62,42.57,52.1405,54.0,0.0,366.667,1
2018-10-07,5,8.66667,0.51,12.8333,65,43.8102,49.3333,53.0,0.0,380.8,1
2018-10-07,6,8.5,0.51,12.8333,67,44.5179,49.1787,52.0,0.0,395.2,1
2018-10-07,7,8.16667,0.51,13.1667,71,47.321,51.5467,51.0,0.0,409.867,1
2018-10-07,8,7.83333,0.51,13.3333,72,51.5918,55.3289,58.0,0.0,374.0,1
2018-10-07,9,7.5,0.51,13.6667,67,50.942,48.499,56.0,0.0,402.8,1
2018-10-07,10,7.83333,0.0,14.5,59,49.5059,43.615,54.0,0.0,432.667,1
2018-10-07,11,8.33333,0.0,15.5,52,44.7682,37.8328,35.7612,3.8268,405.45,1
2018-10-07,12,9.0,0.0,16.6667,48,39.6918,32.7047,19.983,11.605,360.0,1
2018-10-07,13,10.0,0.0,17.8333,47,37.3577,27.991,-4.50233,20.0903,345.257,1
2018-10-07,14,11.0,0.0,19.0,49,36.6008,21.1661,-27.6948,29.2828,296.229,1
2018-10-07,15,11.8333,0.0,20.0,51,36.721,17.5379,-39.6696,41.2932,250.92,1
2018-10-07,16,11.8333,0.0,20.3333,56,37.4562,17.8835,-35.023,48.553,240.0,1
2018-10-07,17,11.5,0.0,20.3333,61,41.872,20.7493,-31.0716,50.0135,260.0,1
2018-10-07,18,11.0,0.0,20.0,73,51.135,29.1768,-22.5862,50.5282,299.815,1
2018-10-07,19,10.1667,0.0,19.3333,75,60.9577,44.7745,-16.8379,49.6507,343.385,1
2018-10-07,20,9.16667,0.0,18.5,77,62.7747,46.074,-22.4948,55.3076,321.6,1
2018-10-07,21,8.33333,0.0,17.5,77,62.279,47.5773,-22.4697,48.2469,381.9,1
2018-10-07,22,7.83333,0.0,16.6667,75,49.2749,44.1067,-25.1485,54.7141,360.0,1
2018-10-07,23,7.5,0.0,15.8333,74,38.3853,43.1032,-20.5563,50.6275,400.68,1
2018-10-08,0,7.16667,0.0,15.0,75,30.9885,40.6655,-11.7798,47.8559,432.667,0
2018-10-08,1,7.0,0.0,14.1667,75,24.6623,39.6885,-6.82999,43.8057,463.6,0
2018-10-08,2,7.0,0.0,13.5,75,17.3493,38.8377,-0.36283,46.4844,420.0,0
2018-10-08,3,7.0,0.0,12.6667,79,12.8255,41.1678,9.54845,40.8483,436.05,0
2018-10-08,4,7.0,0.0,11.8333,81,12.9351,42.57,21.6725,37.8701,437.143,0
2018-10-08,5,7.0,0.0,11.0,84,14.9473,43.8102,33.0894,35.5991,437.143,0
2018-10-08,6,7.0,0.51,10.3333,86,17.1272,44.5179,42.7682,29.132,437.143,0
2018-10-08,7,7.0,0.51,9.66667,88,18.813,47.321,49.7682,22.132,437.143,0
2018-10-08,8,7.0,0.51,9.16667,85,19.5173,51.5918,51.8184,15.6648,437.143,0
2018-10-08,9,7.0,0.51,9.16667,80,17.1548,50.942,53.8686,10.715,437.143,0
2018-10-08,10,7.0,0.51,9.33333,74,18.3378,49.5059,53.8686,5.35752,437.143,0
2018-10-08,11,7.16667,0.51,9.83333,71,20.3254,44.7682,50.0802,-3.7884,437.143,0
2018-10-08,12,7.33333,0.0,10.5,66,21.3785,39.6918,46.6745,-13.8582,420.0,0
2018-10-08,13,7.5,0.0,11.5,63,22.4097,37.3577,36.2688,-23.928,460.8,0
2018-10-08,14,7.66667,0.0,12.5,60,23.9262,36.6008,32.3302,-31.319,443.143,0
2018-10-08,15,7.83333,0.0,13.3333,59,26.7157,36.721,30.9871,-36.9759,425.829,0
2018-10-08,16,8.0,0.0,14.1667,59,27.7736,37.4562,29.644,-42.6328,408.857,0
2018-10-08,17,7.83333,0.0,14.1667,79,35.4505,41.872,28.8337,-45.6109,392.229,0
2018-10-08,18,7.66667,0.0,14.0,76,44.3117,51.135,31.1047,-44.0935,405.45,0
2018-10-08,19,7.33333,0.0,13.6667,74,54.8115,60.9577,32.9931,-41.6523,421.2,0
2018-10-08,20,7.0,0.0,13.0,77,57.9067,62.7747,29.9316,-40.2612,453.6,0
2018-10-08,21,6.66667,0.0,12.3333,81,57.4025,62.279,27.6355,-45.8045,420.0,0
2018-10-08,22,6.33333,0.0,11.3333,85,59.3795,49.2749,20.3314,-42.6561,452.4,0
2018-10-08,23,6.16667,0.0,10.8333,90,59.1246,38.3853,10.4319,-41.2419,486.0,0
2018-10-09,0,6.0,0.0,10.1667,93,59.197,30.9885,-0.76826,-37.8811,520.8,0
2018-10-09,1,6.0,0.0,9.5,95,59.6208,24.6623,-6.31154,-40.1772,480.0,0
2018-10-09,2,6.0,0.0,9.0,95,59.6213,17.3493,-17.5117,-36.8164,498.343,0
2018-10-09,3,6.0,0.0,8.33333,97,58.0423,12.8255,-28.0047,-34.1627,517.029,0
2018-10-09,4,5.83333,0.0,7.83333,95,56.9051,12.9351,-26.9545,-29.2129,520.0,0
2018-10-09,5,5.66667,0.0,7.33333,94,55.4178,14.9473,-21.9545,-23.2129,540.6,0
2018-10-09,6,5.5,0.0,7.16667,100,58.009,17.1272,-14.6584,-17.6696,561.6,0
2018-10-09,7,5.5,0.0,7.16667,100,58.8372,18.813,-5.41578,-13.427,583.0,0
2018-10-09,8,5.5,0.0,7.16667,100,53.3725,19.5173,4.82688,-9.18432,583.0,0
2018-10-09,9,5.33333,0.0,7.83333,97,50.2133,17.1548,4.82688,-9.18432,583.0,0
2018-10-09,10,5.33333,0.0,9.0,81,47.4146,18.3378,9.82688,-9.18432,540.0,0
2018-10-09,11,5.33333,0.0,10.6667,67,47.8062,20.3254,11.8346,-3.35269,561.0,0
2018-10-09,12,5.5,0.0,12.5,58,45.861,21.3785,20.9134,2.47894,582.4,0
2018-10-09,13,5.66667,0.0,14.3333,52,45.1363,22.4097,30.6994,9.01768,582.4,0
2018-10-09,14,5.83333,0.0,16.3333,51,42.8026,23.9262,31.1665,11.6964,540.0,0
2018-10-09,15,6.16667,0.0,17.8333,52,40.281,26.7157,27.6337,14.3752,546.96,0
2018-10-09,16,6.5,0.0,18.6667,57,36.8503,27.7736,29.6337,14.3752,520.0,0
2018-10-09,17,6.83333,0.0,19.0,61,38.4062,35.4505,30.6337,14.3752,499.8,0
2018-10-09,18,7.0,0.0,18.6667,67,52.8628,44.3117,37.6441,13.9925,505.44,0
2018-10-09,19,6.83333,0.0,17.8333,69,70.5188,54.8115,46.1295,5.5072,461.76,0
2018-10-09,20,6.66667,0.0,16.6667,71,79.0612,57.9067,40.2978,-3.57163,457.6,0
2018-10-09,21,6.5,0.0,15.1667,78,76.0293,57.4025,31.8125,-12.0569,472.457,0
2018-10-09,22,6.33333,0.0,13.6667,83,71.6544,59.3795,19.8021,-17.0318,490.629,0
2018-10-09,23,6.16667,0.0,12.3333,84,68.2405,59.1246,7.79163,-22.0066,509.143,0
2018-10-10,0,6.0,0.0,11.3333,82,66.944,59.197,-4.75165,-24.3027,528.0,0
2018-10-10,1,6.0,0.0,10.5,79,65.3672,59.6208,-10.2949,-26.5988,480.0,0
2018-10-10,2,6.0,0.0,9.83333,75,63.1595,59.6213,-11.2949,-26.5988,498.343,0
2018-10-10,3,6.0,0.0,9.5,73,62.8723,58.0423,-11.7621,-23.92,517.029,0
2018-10-10,4,6.0,0.0,9.5,75,59.7337,56.9051,-10.7119,-18.9703,520.0,0
2018-10-10,5,6.0,0.0,9.5,80,60.702,55.4178,-2.41578,-13.427,520.0,0
2018-10-10,6,6.0,0.0,9.5,86,61.8623,58.009,7.82688,-9.18432,520.0,0
2018-10-10,7,6.0,0.0,9.83333,92,63.4455,58.8372,19.3702,-6.88824,520.0,0
2018-10-10,8,6.0,0.0,10.3333,92,64.9613,53.3725,19.3702,-6.88824,520.0,0
2018-10-10,9,6.0,0.0,11.1667,79,60.7485,50.2133,19.3702,-6.88824,520.0,0
2018-10-10,10,6.0,0.0,12.1667,70,54.7172,47.4146,19.3702,-6.88824,520.0,0
2018-10-10,11,6.0,0.0,13.6667,56,50.2202,47.8062,9.1275,-11.1309,520.0,0
2018-10-10,12,6.16667,0.0,15.3333,48,44.2455,45.861,3.1275,-17.1309,520.0,0
2018-10-10,13,6.5,0.0,17.0,45,40.1631,45.1363,-2.8725,-24.1309,499.8,0
2018-10-10,14,6.83333,0.0,18.6667,46,37.5247,42.8026,-11.8111,-31.5219,517.0,0
2018-10-10,15,7.16667,0.0,19.8333,48,35.6954,40.281,-14.7496,-38.913,477.0,0
2018-10-10,16,7.5,0.0,20.5,52,36.1,36.8503,-6.1449,-44.0079,438.6,0
2018-10-10,17,7.83333,0.0,20.5,61,34.8247,38.4062,8.0031,-46.8068,451.0,0
2018-10-10,18,8.0,0.0,20.1667,80,42.3527,52.8628,15.3072,-49.9552,413.4,0
2018-10-10,19,7.83333,0.0,19.5,83,56.259,70.5188,18.3686,-51.3462,392.229,0
2018-10-10,20,7.66667,0.0,18.3333,88,61.5568,79.0612,18.3686,-51.3462,405.45,0
2018-10-10,21,7.33333,0.0,17.0,91,61.3329,76.0293,12.6284,-50.4224,421.2,0
2018-10-10,22,7.0,0.0,15.6667,90,61.8662,71.6544,5.32434,-47.274,453.6,0
2018-10-10,23,6.66667,0.0,14.3333,86,58.3312,68.2405,1.08168,-51.5166,420.0,0
2018-10-11,0,6.33333,0.0,13.0,86,57.7405,66.944,-7.52304,-46.4217,452.4,0
2018-10-11,1,6.16667,0.0,11.8333,85,57.6118,65.3672,-16.1278,-41.3267,486.0,0
2018-10-11,2,6.0,0.0,10.8333,86,58.4605,63.1595,-24.7325,-36.2318,520.8,0
2018-10-11,3,6.0,0.0,10.1667,86,57.3068,62.8723,-30.2758,-38.5278,480.0,0
2018-10-11,4,6.0,0.0,9.66667,89,55.2954,59.7337,-38.8805,-33.4329,498.343,0
2018-10-11,5,6.0,0.0,9.16667,94,56.5654,60.702,-44.4238,-28.729,517.029,0
2018-10-11,6,6.0,0.0,9.0,98,57.5331,61.8623,-47.2883,-24.5579,520.0,0
2018-10-11,7,6.0,0.0,8.83333,100,59.6982,63.4455,-48.5889,-22.6113,520.0,0
2018-10-11,8,6.0,0.0,9.0,100,62.3045,64.9613,-49.8895,-20.6647,520.0,0
2018-10-11,9,6.0,0.0,9.66667,88,56.868,60.7485,-49.8895,-20.6647,520.0,0
2018-10-11,10,6.0,0.0,10.8333,70,54.3862,54.7172,-49.8895,-20.6647,520.0,0
2018-10-11,11,6.0,0.0,12.6667,55,51.6287,50.2202,-49.8895,-20.6647,520.0,0
2018-10-11,12,6.0,0.0,14.5,47,46.9387,44.2455,-49.8895,-20.6647,520.0,0
2018-10-11,13,6.16667,0.0,16.5,44,43.4741,40.1631,-49.8895,-20.6647,520.0,0
2018-10-11,14,6.33333,0.0,18.5,46,40.6478,37.5247,-49.296,-23.3184,499.8,0
2018-10-11,15,6.5,0.0,20.0,48,39.1044,35.6954,-46.4315,-27.4895,480.0,0
2018-10-11,16,6.66667,0.0,20.8333,54,39.2987,36.1,-35.3449,-29.8973,517.0,0
2018-10-11,17,6.83333,0.0,20.8333,63,46.9333,34.8247,-27.1229,-34.0684,496.8,0
2018-10-11,18,7.0,0.0,20.5,87,54.5423,42.3527,-16.6298,-36.7221,477.0,0
2018-10-11,19,6.83333,0.0,19.8333,88,65.84,56.259,-8.4078,-40.8932,457.6,0
2018-10-11,20,6.66667,0.0,18.6667,90,69.0674,61.5568,-8.4078,-40.8932,457.6,0
2018-10-11,21,6.5,0.0,17.1667,91,71.1108,61.3329,3.13548,-38.5971,472.457,0
2018-10-11,22,6.33333,0.0,15.6667,89,69.7351,61.8662,14.0852,-33.6473,490.629,0
2018-10-11,23,6.16667,0.0,14.1667,84,67.3868,58.3312,22.764,-27.1802,509.143,0
2018-10-12,0,6.0,0.0,12.8333,83,64.8138,57.7405,28.764,-20.1802,528.0,0
2018-10-12,1,6.0,0.0,11.6667,81,60.7374,57.6118,34.764,-20.1802,480.0,0
2018-10-12,2,6.0,0.0,10.8333,82,58.7328,58.4605,38.0853,-13.713,498.343,0
2018-10-12,3,6.0,0.0,10.3333,78,57.5684,57.3068,39.1355,-8.76324,517.029,0
2018-10-12,4,6.0,0.0,10.0,79,55.7549,55.2954,42.4567,-2.29608,520.0,0
2018-10-12,5,6.0,0.0,9.83333,80,56.9195,56.5654,54.0,0.0,520.0,0
2018-10-12,6,6.0,0.0,9.5,85,54.1995,57.5331,54.0,0.0,520.0,0
2018-10-12,7,6.0,0.0,9.33333,91,57.2342,59.6982,54.0,0.0,520.0,0
2018-10-12,8,6.0,0.0,9.33333,94,55.8205,62.3045,54.0,0.0,520.0,0
2018-10-12,9,6.0,0.0,9.66667,83,51.8085,56.868,54.0,0.0,520.0,0
2018-10-12,10,6.0,0.0,10.5,69,46.01,54.3862,54.0,0.0,520.0,0
2018-10-12,11,6.16667,0.0,12.1667,56,41.6374,51.6287,42.4567,2.29608,520.0,0
2018-10-12,12,6.16667,0.0,14.1667,48,38.6547,46.9387,29.9896,4.97484,499.8,0
2018-10-12,13,6.0,0.0,16.1667,45,34.9764,43.4741,19.7469,9.2175,499.8,0
2018-10-12,14,5.66667,0.0,18.0,46,33.8221,40.6478,10.2114,12.753,520.0,0
2018-10-12,15,5.33333,0.0,19.5,48,32.5973,39.1044,2.68063,16.4486,561.6,0
2018-10-12,16,5.16667,0.0,20.3333,53,28.9426,39.2987,5.50907,20.1441,540.0,0
2018-10-12,17,5.0,0.0,20.3333,60,29.9642,46.9333,4.12847,18.2307,561.0,0
2018-10-12,18,5.0,0.0,20.0,83,46.9028,54.5423,2.37113,13.988,561.0,0
2018-10-12,19,5.16667,0.0,19.1667,86,61.9054,65.84,-1.33279,8.44475,561.0,0
2018-10-12,20,5.5,0.0,18.1667,88,70.1616,69.0674,-11.5754,4.20209,561.0,0
2018-10-12,21,5.83333,0.0,16.8333,92,71.5385,71.1108,-11.5754,-0.39007,579.429,0
2018-10-12,22,6.0,0.0,15.3333,94,71.0308,69.7351,0.89171,-3.06883,582.4,0
2018-10-12,23,6.0,0.0,13.6667,90,69.6789,67.3868,-0.40891,-5.01541,563.04,0
2018-10-13,0,6.0,0.0,12.1667,92,67.7453,64.8138,-0.88592,-9.9504,556.5,1
2018-10-13,1,6.16667,0.0,11.0,92,65.6095,60.7374,-9.25764,-11.3498,524.16,1
2018-10-13,2,6.33333,0.0,10.0,91,63.8281,58.7328,-6.87704,-9.43644,499.8,1
2018-10-13,3,6.5,0.0,9.33333,92,64.0042,57.5684,-4.1197,-5.19378,480.0,1
2018-10-13,4,6.66667,0.0,8.66667,96,64.1641,55.7549,4.82688,4.59216,517.0,1
2018-10-13,5,6.83333,0.0,8.66667,100,64.6835,56.9195,17.3702,6.88824,496.8,1
2018-10-13,6,6.83333,0.0,8.66667,100,63.8132,54.1995,18.3702,6.88824,477.0,1
2018-10-13,7,6.66667,0.0,8.66667,100,63.3168,57.2342,29.9134,4.59216,477.0,1
2018-10-13,8,6.5,0.0,8.83333,100,64.0866,55.8205,41.4567,2.29608,477.0,1
2018-10-13,9,6.33333,0.0,9.33333,93,65.1405,51.8085,53.0,0.0,490.629,1
2018-10-13,10,6.0,0.0,10.6667,72,57.9816,46.01,52.0,0.0,509.143,1
2018-10-13,11,5.5,0.0,12.3333,54,53.6911,41.6374,57.0,0.0,480.0,1
2018-10-13,12,5.16667,0.0,14.1667,45,47.7469,38.6547,54.0,0.0,536.057,1
2018-10-13,13,5.0,0.0,16.1667,42,44.8063,34.9764,45.4693,-3.69552,595.2,1
2018-10-13,14,5.0,0.0,18.0,43,43.3369,33.8221,49.0048,-7.23107,559.543,1
2018-10-13,15,5.0,0.0,19.5,45,41.1739,32.5973,47.5481,-9.52715,579.429,1
2018-10-13,16,5.33333,0.0,20.3333,50,43.3649,28.9426,44.7908,-13.7698,582.4,1
2018-10-13,17,5.83333,0.0,20.3333,58,48.68,29.9642,43.7405,-18.7196,561.0,1
2018-10-13,18,6.33333,0.0,19.8333,83,60.1792,46.9028,42.6903,-23.6693,540.0,1
2018-10-13,19,6.5,0.0,19.0,85,71.2408,61.9054,33.3691,-30.1365,570.24,1
2018-10-13,20,6.5,0.0,17.8333,88,78.2008,70.1616,26.073,-35.6798,530.4,1
2018-10-13,21,6.5,0.0,16.3333,92,79.8731,71.5385,17.8303,-39.9225,480.0,1
2018-10-13,22,6.33333,0.0,14.6667,93,78.7203,71.0308,10.2822,-34.9875,517.0,1
2018-10-13,23,6.16667,0.0,13.0,90,76.3405,69.6789,10.7389,-32.6914,517.0,1
2018-10-14,0,6.0,0.0,11.5,91,72.9779,67.7453,12.4963,-28.4487,528.0,1
2018-10-14,1,6.0,0.0,10.1667,90,70.8766,65.6095,18.4963,-28.4487,480.0,1
2018-10-14,2,6.16667,0.0,9.16667,88,71.2376,63.8281,19.5465,-23.4989,498.343,1
2018-10-14,3,6.33333,0.0,8.5,86,68.0879,64.0042,21.5967,-18.5492,498.343,1
2018-10-14,4,6.5,0.0,8.0,88,67.0959,64.1641,25.918,-12.082,480.0,1
2018-10-14,5,6.66667,0.0,7.83333,88,63.3934,64.6835,39.4567,-2.29608,517.0,1
2018-10-14,6,6.83333,0.0,7.83333,95,60.7092,63.8132,52.0,0.0,496.8,1
2018-10-14,7,7.0,0.0,8.0,100,59.4037,63.3168,53.0,0.0,477.0,1
2018-10-14,8,7.0,0.0,8.16667,100,58.5571,64.0866,54.0,0.0,457.6,1
2018-10-14,9,7.0,0.0,8.83333,84,57.6443,65.1405,55.0,0.0,438.6,1
2018-10-14,10,7.0,0.0,10.1667,65,51.2913,57.9816,56.0,0.0,437.143,1
2018-10-14,11,7.0,0.0,11.8333,50,42.9855,53.6911,42.5328,-2.67876,437.143,1
2018-10-14,12,7.0,0.0,13.8333,42,34.3615,47.7469,29.0657,-5.35752,437.143,1
2018-10-14,13,7.16667,0.0,15.8333,40,27.5974,44.8063,15.5985,-8.03628,437.143,1
2018-10-14,14,7.33333,0.0,18.0,41,20.6315,43.3369,16.5985,-8.03628,420.0,1
2018-10-14,15,7.33333,0.0,19.5,42,21.4156,41.1739,10.5985,-8.03628,460.8,1
2018-10-14,16,7.33333,0.0,20.3333,46,23.8782,43.3649,10.5985,-8.03628,460.8,1
2018-10-14,17,7.16667,0.0,20.5,57,30.4585,48.68,-1.35125,-3.08651,460.8,1
2018-10-14,18,7.0,0.0,20.1667,85,45.7215,60.1792,-5.59391,1.15615,420.0,1
2018-10-14,19,6.66667,0.0,19.3333,89,59.028,71.2408,-4.67003,6.13099,437.143,1
2018-10-14,20,6.33333,0.0,18.1667,92,66.2421,78.2008,-3.74615,11.1058,454.629,1
2018-10-14,21,6.16667,0.0,16.8333,91,62.8438,79.8731,8.72101,13.7846,486.0,1
2018-10-14,22,6.0,0.0,15.3333,89,63.1053,78.7203,6.72101,13.7846,520.8,1
2018-10-14,23,6.0,0.0,13.6667,85,59.7138,76.3405,12.721,13.7846,480.0,1
2018-10-15,0,6.0,0.0,12.0,87,58.3724,72.9779,10.721,13.7846,498.343,0
2018-10-15,1,6.0,0.0,10.6667,87,55.0105,70.8766,9.72101,13.7846,517.029,0
2018-10-15,2,6.0,0.0,9.5,84,53.5205,71.2376,20.6708,8.83482,520.0,0
2018-10-15,3,6.0,0.0,8.33333,78,51.9114,68.0879,30.9134,4.59216,520.0,0
2018-10-15,4,6.0,0.0,7.83333,74,50.5568,67.0959,42.4567,2.29608,520.0,0
2018-10-15,5,6.16667,0.0,7.66667,78,50.4797,63.3934,54.0,0.0,520.0,0
2018-10-15,6,6.33333,0.0,7.83333,85,49.5813,60.7092,55.0,0.0,499.8,0
2018-10-15,7,6.5,0.0,8.0,93,52.1061,59.4037,56.0,0.0,480.0,0
2018-10-15,8,6.66667,0.0,8.16667,97,56.359,58.5571,37.5328,-2.67876,517.0,0
2018-10-15,9,6.83333,0.0,9.16667,79,52.1732,57.6443,25.0657,-5.35752,496.8,0
2018-10-15,10,6.83333,0.0,10.1667,58,41.5877,51.2913,26.0657,-5.35752,477.0,0
2018-10-15,11,6.66667,0.0,11.8333,43,35.6775,42.9855,26.0657,-5.35752,477.0,0
2018-10-15,12,6.5,0.0,13.5,35,31.3166,34.3615,26.0657,-5.35752,477.0,0
2018-10-15,13,6.33333,0.0,15.3333,33,26.6645,27.5974,26.0657,-5.35752,490.629,0
2018-10-15,14,6.0,0.0,17.3333,35,26.2378,20.6315,13.5224,-3.06144,509.143,0
2018-10-15,15,5.5,0.0,18.8333,37,24.4964,21.4156,8.903,-1.14804,480.0,0
2018-10-15,16,5.16667,0.0,19.6667,42,27.4438,23.8782,-0.925439,1.6804,536.057,0
2018-10-15,17,4.83333,0.0,19.6667,54,39.6927,30.4585,5.54172,8.35916,595.2,0
2018-10-15,18,4.66667,0.0,19.0,64,60.7342,45.7215,9.54172,8.35916,579.429,0
2018-10-15,19,4.66667,0.0,18.0,67,74.3678,59.028,11.3895,9.12452,620.229,0
2018-10-15,20,4.83333,0.0,16.6667,71,76.072,66.2421,10.3895,9.12452,626.4,0
2018-10-15,21,5.16667,0.0,15.0,76,75.0038,62.8438,10.3895,9.12452,626.4,0
2018-10-15,22,5.66667,0.0,13.3333,80,74.0064,63.1053,10.3895,9.12452,626.4,0
2018-10-15,23,6.16667,0.0,11.6667,83,71.408,59.7138,11.3895,9.12452,604.2,0
2018-10-16,0,6.5,0.0,10.3333,84,68.3818,58.3724,23.9328,6.82844,563.04,0
2018-10-16,1,6.66667,0.0,9.16667,81,64.3372,55.0105,38.3806,2.0866,530.4,0
2018-10-16,2,6.83333,0.0,7.83333,88,63.8928,53.5205,41.3806,-1.9134,505.44,0
2018-10-16,3,7.0,0.0,7.33333,74,59.189,51.9114,53.0,0.0,477.0,0
2018-10-16,4,7.0,0.0,7.16667,73,59.7764,50.5568,54.0,0.0,457.6,0
2018-10-16,5,7.0,0.0,7.16667,75,59.733,50.4797,55.0,0.0,438.6,0
2018-10-16,6,7.0,0.0,7.33333,79,59.6075,49.5813,56.0,0.0,437.143,0
2018-10-16,7,7.0,0.0,7.5,85,60.3359,52.1061,56.0,0.0,437.143,0
2018-10-16,8,6.83333,0.0,8.16667,84,57.836,56.359,56.0,0.0,437.143,0
2018-10-16,9,6.83333,0.0,8.66667,70,54.8013,52.1732,55.0,0.0,454.629,0
2018-10-16,10,6.83333,0.0,9.66667,56,44.7628,41.5877,41.5328,-2.67876,454.629,0
2018-10-16,11,6.83333,0.0,11.1667,45,36.5602,35.6775,41.5328,-2.67876,454.629,0
2018-10-16,12,7.0,0.0,13.0,39,28.3205,31.3166,41.5328,-2.67876,454.629,0
2018-10-16,13,7.33333,0.0,15.0,36,23.5654,26.6645,42.5328,-2.67876,437.143,0
2018-10-16,14,7.83333,0.0,16.8333,37,25.7329,26.2378,20.2179,0.76536,460.8,0
2018-10-16,15,8.16667,0.0,18.3333,39,28.5261,24.4964,4.903,4.20948,413.4,0
2018-10-16,16,8.33333,0.0,19.1667,44,31.2582,27.4438,-9.41192,7.6536,375.943,0
2018-10-16,17,8.33333,0.0,19.1667,56,39.7346,39.6927,-10.3358,13.3938,360.0,0
2018-10-16,18,8.33333,0.0,18.6667,63,56.3741,60.7342,-23.803,16.0726,360.0,0
2018-10-16,19,8.16667,0.0,17.6667,65,71.9372,74.3678,-38.194,19.134,360.0,0
2018-10-16,20,8.0,0.0,16.5,68,82.1669,76.072,-38.194,19.134,374.0,0
2018-10-16,21,7.66667,0.0,15.1667,74,80.4005,75.0038,-21.8791,15.6899,388.267,0
2018-10-16,22,7.5,0.0,13.8333,75,76.6808,74.0064,-6.56416,12.2458,417.6,0
2018-10-16,23,7.33333,0.0,12.6667,75,69.5662,71.408,8.75076,8.80164,437.25,0
2018-10-17,0,7.0,0.0,11.6667,76,66.0208,68.3818,22.1418,5.7402,460.8,0
2018-10-17,1,6.66667,0.0,11.0,75,63.1954,64.3372,28.1418,5.7402,420.0,0
2018-10-17,2,6.33333,0.0,10.5,73,60.4833,63.8928,40.609,3.06144,452.4,0
2018-10-17,3,6.16667,0.0,10.1667,69,59.9279,59.189,54.0,0.0,486.0,0
2018-10-17,4,6.0,0.0,10.0,69,59.1059,59.7764,52.0,0.0,520.8,0
2018-10-17,5,6.0,0.0,10.0,70,57.9323,59.733,58.0,0.0,480.0,0
2018-10-17,6,6.0,0.0,9.66667,75,58.0779,59.6075,56.0,0.0,498.343,0
2018-10-17,7,6.0,0.0,9.5,81,59.3488,60.3359,43.4567,-2.29608,517.029,0
2018-10-17,8,6.0,0.0,9.5,85,60.2103,57.836,30.9134,-4.59216,520.0,0
2018-10-17,9,6.0,0.0,10.0,75,56.5357,54.8013,19.3702,-6.88824,520.0,0
2018-10-17,10,6.0,0.0,10.6667,61,53.8518,44.7628,7.82688,-9.18432,520.0,0
2018-10-17,11,6.0,0.0,11.8333,49,48.741,36.5602,-3.7164,-11.4804,520.0,0
2018-10-17,12,6.0,0.0,13.6667,42,45.4035,28.3205,-15.2597,-13.7765,520.0,0
2018-10-17,13,6.0,0.0,15.5,37,39.8495,23.5654,-26.803,-16.0726,520.0,0
2018-10-17,14,5.83333,0.0,17.1667,37,37.5228,25.7329,-26.803,-16.0726,520.0,0
2018-10-17,15,5.66667,0.0,18.3333,39,40.567,28.5261,-37.4224,-14.1592,540.6,0
2018-10-17,16,5.16667,0.0,19.1667,44,45.0846,31.2582,-36.4985,-9.94968,561.6,0
2018-10-17,17,4.5,0.0,19.3333,50,55.116,39.7346,-37.6465,-7.17804,561.0,0
2018-10-17,18,4.0,0.0,18.8333,57,66.364,56.3741,-30.2555,-4.1166,649.0,0
2018-10-17,19,3.83333,0.0,18.0,61,79.9173,71.9372,-33.0271,-2.96856,644.8,0
2018-10-17,20,4.0,0.0,17.0,63,79.364,82.1669,-22.4838,-0.67248,667.8,0
2018-10-17,21,4.16667,0.0,15.8333,65,78.859,80.4005,-10.9406,1.6236,667.8,0
2018-10-17,22,4.66667,0.0,14.6667,68,77.5392,76.6808,-10.9406,6.21576,667.8,0
2018-10-17,23,5.33333,0.0,13.5,70,76.6562,69.5662,-9.63994,12.7545,667.8,0
2018-10-18,0,5.66667,0.0,12.5,73,76.246,66.0208,-8.33932,19.2932,667.8,0
2018-10-18,1,5.66667,0.0,11.6667,74,74.9867,63.1954,-17.8749,22.8288,674.16,0
2018-10-18,2,5.33333,0.0,10.8333,78,74.2167,60.4833,-16.791,24.4509,674.16,0
2018-10-18,3,5.16667,0.0,10.5,70,72.7028,59.9279,-15.8671,24.0683,665.6,0
2018-10-18,4,5.0,0.0,10.1667,70,71.0851,59.1059,-21.1863,22.4447,603.2,0
2018-10-18,5,5.0,0.0,10.0,70,70.1898,57.9323,-23.034,23.21,586.56,0
2018-10-18,6,5.16667,0.0,10.0,72,70.7221,58.0779,-33.5773,25.5061,582.4,0
2018-10-18,7,5.33333,0.0,9.83333,74,44.36,59.3488,-45.1206,27.8022,582.4,0
2018-10-18,9,5.83333,0.0,10.3333,70,77.759,56.5357,-34.8779,23.5595,582.4,0
2018-10-18,10,5.83333,0.0,11.0,70,75.1651,53.8518,-24.6353,19.3169,563.04,0
2018-10-18,11,5.66667,0.0,12.0,61,73.9617,48.741,-16.0997,15.7813,563.04,0
2018-10-18,12,5.5,0.0,13.1667,54,60.3835,45.4035,-17.1836,10.3324,540.0,0
2018-10-18,13,5.33333,0.0,14.5,51,60.1259,39.8495,-18.1074,6.88824,540.0,0
2018-10-18,14,5.33333,0.0,15.6667,53,59.8727,37.5228,-9.95249,8.51039,540.0,0
2018-10-18,15,5.33333,0.0,16.5,56,63.391,40.567,0.21019,8.89307,540.0,0
2018-10-18,16,5.5,0.0,17.0,61,62.3792,45.0846,11.2968,8.89307,540.0,0
2018-10-18,17,5.66667,0.0,17.0,64,99.99,55.116,22.84,6.59699,540.0,0
2018-10-18,18,5.66667,0.0,16.6667,70,75.7098,66.364,34.3833,4.30091,540.0,0
2018-10-18,19,5.5,0.0,16.1667,70,91.6466,79.9173,33.3833,4.30091,561.0,0
2018-10-18,20,5.0,0.0,15.3333,72,95.1771,79.364,24.5549,1.47247,586.56,0
2018-10-18,21,4.66667,0.0,14.6667,77,95.6973,78.859,16.7832,0.32443,635.04,0
2018-10-18,22,4.33333,0.0,13.8333,82,93.9023,77.5392,20.7832,0.32443,600.0,0
2018-10-18,23,4.16667,0.0,13.0,87,92.2858,76.6562,29.4026,2.23783,624.24,0
2018-10-19,0,4.16667,0.0,12.1667,89,90.4342,76.246,29.4026,6.06463,624.24,0
2018-10-19,1,4.16667,0.0,11.3333,89,86.4822,74.9867,21.2477,4.44248,644.8,0
2018-10-19,2,4.33333,0.0,10.6667,91,82.818,74.2167,12.0089,3.67712,691.2,0
2018-10-19,3,4.33333,0.0,9.83333,85,79.2319,72.7028,9.18044,6.50556,660.0,0
2018-10-19,4,4.5,0.0,9.33333,83,91.734,71.0851,0.80872,7.03792,707.2,0
2018-10-19,5,4.5,0.0,9.0,86,54.93,70.1898,-7.10468,11.6573,731.4,0
2018-10-19,6,4.5,0.0,8.83333,92,65.09,70.7221,-15.0181,16.2767,737.76,0
2018-10-19,7,4.66667,0.0,8.83333,99,63.35,44.36,-21.9315,20.8961,717.6,0
2018-10-19,9,5.16667,0.0,9.33333,97,80.0607,77.759,-24.1582,34.1114,683.7,0
2018-10-19,10,5.5,0.0,9.83333,84,80.8239,75.1651,-28.1582,40.1114,648.96,0
2018-10-19,11,6.0,0.0,10.5,80,81.2093,73.9617,-18.589,44.6652,600.0,0
2018-10-19,12,6.5,0.0,11.3333,75,82.3065,60.3835,-4.61723,46.8779,540.0,0
2018-10-19,13,7.16667,0.0,12.1667,70,82.4212,60.1259,6.69653,46.8779,501.84,0
2018-10-19,14,7.83333,1.07,13.1667,67,82.5441,59.8727,18.8382,41.0832,461.76,0
2018-10-19,15,8.33333,1.07,13.8333,69,83.3195,63.391,30.98,35.2886,419.76,0
2018-10-19,16,8.5,1.07,14.3333,70,82.8737,62.3792,41.2083,34.1133,360.0,0
2018-10-19,17,8.33333,1.07,14.1667,80,83.729,99.99,43.6496,24.7076,401.85,0
2018-10-19,18,8.0,1.07,13.8333,80,83.5205,75.7098,50.1167,27.3863,360.0,0
2018-10-19,19,7.5,1.07,13.3333,82,84.8582,91.6466,50.0031,24.0255,390.0,0
2018-10-19,20,6.83333,0.0,12.6667,85,84.2155,95.1771,49.8895,20.6647,432.667,0
2018-10-19,21,6.16667,0.0,11.8333,87,82.4195,95.6973,54.5089,22.5781,420.0,0
2018-10-19,22,5.66667,0.51,11.0,88,80.6928,93.9023,49.7295,22.6695,482.4,0
2018-10-19,23,5.33333,0.51,10.5,88,76.7412,92.2858,44.9502,23.8448,549.067,0
2018-10-20,0,5.16667,0.51,10.0,88,73.801,90.4342,48.4857,28.4642,530.0,1
2018-10-20,1,4.83333,0.51,9.66667,89,68.0425,86.4822,43.7064,29.6395,588.0,1
2018-10-20,2,4.66667,0.51,9.16667,91,66.301,82.818,46.5348,33.335,577.2,1
2018-10-20,3,4.5,0.51,9.0,87,67.8185,79.2319,41.9722,33.9691,641.143,1
2018-10-20,4,4.33333,0.25,8.83333,87,66.9818,91.734,44.8006,36.7976,620.743,1
2018-10-20,5,4.16667,0.25,8.66667,86,67.1669,54.93,41.1619,36.9472,667.8,1
2018-10-20,6,4.0,0.25,8.5,86,67.615,65.09,39.3142,36.1819,715.0,1
2018-10-20,7,4.0,0.25,8.33333,86,70.6568,63.35,43.3142,36.1819,683.4,1
2018-10-20,8,4.16667,0.25,8.5,85,73.1423,79.7432,41.7709,33.8858,711.36,1
2018-10-20,9,4.5,0.25,8.66667,82,73.9898,80.0607,42.1515,31.9724,711.36,1
2018-10-20,10,4.83333,0.0,8.83333,85,74.0685,80.8239,44.6159,28.4368,685.44,1
2018-10-20,11,5.33333,0.0,9.33333,79,73.744,81.2093,46.6237,26.1135,660.0,1
2018-10-20,12,6.0,0.0,10.0,74,72.827,82.3065,46.0197,19.5535,655.2,1
2018-10-20,13,6.66667,0.63,10.6667,71,69.3658,82.4212,47.7539,15.2239,592.8,1
2018-10-20,14,7.16667,1.26,11.1667,72,64.1835,82.5441,47.7539,15.2239,530.4,1
2018-10-20,15,7.5,1.26,11.5,74,63.8346,83.3195,45.7152,19.35,468.0,1
2018-10-20,16,8.0,1.26,11.6667,78,61.887,82.8737,42.3721,25.0069,451.0,1
2018-10-20,17,8.33333,1.89,11.5,82,58.1695,83.729,42.7361,31.3709,395.2,1
2018-10-20,18,8.33333,2.52,11.1667,81,61.6075,83.5205,43.5568,35.4388,360.0,1
2018-10-20,19,8.16667,2.4,10.6667,79,60.881,84.8582,42.7465,38.4169,360.0,1
2018-10-20,20,8.0,1.77,10.0,75,59.155,84.2155,40.3053,40.3053,374.85,1
2018-10-20,21,7.83333,1.77,9.16667,73,53.2433,82.4195,39.5982,39.5982,390.0,1
2018-10-20,22,7.66667,1.77,8.33333,73,53.0779,80.6928,38.891,38.891,405.45,1
2018-10-20,23,7.5,1.14,7.66667,73,52.9564,76.7412,40.6252,36.2956,417.6,1
2018-10-21,0,7.5,0.51,6.83333,74,50.1382,73.801,41.6523,32.9931,432.667,1
2018-10-21,1,7.5,0.0,6.16667,74,48.7431,68.0425,40.9451,32.2859,437.25,1
2018-10-21,2,7.5,1.07,5.5,76,45.4352,66.301,40.238,31.5788,443.143,1
2018-10-21,3,7.5,1.07,5.16667,80,46.8192,67.8185,40.238,31.5788,443.143,1
2018-10-21,4,7.16667,1.07,5.0,82,46.3252,66.9818,40.238,31.5788,443.143,1
2018-10-21,5,6.83333,1.07,4.83333,84,47.3368,67.1669,39.5309,30.8717,470.25,1
2018-10-21,6,6.5,1.07,4.83333,87,48.8535,67.615,43.7736,35.1144,436.05,1
2018-10-21,7,6.5,1.07,4.83333,89,48.0368,70.6568,41.9258,34.349,469.05,1
2018-10-21,8,6.66667,0.0,5.0,89,48.4825,73.1423,41.0019,33.9664,486.0,1
2018-10-21,9,7.0,0.0,5.16667,86,44.756,73.9898,43.3451,28.3095,472.457,1
2018-10-21,10,7.66667,0.0,5.33333,86,41.1865,74.0685,47.3953,23.3597,437.143,1
2018-10-21,11,8.33333,0.0,5.66667,81,40.5285,73.744,47.4958,13.4602,432.0,1
2018-10-21,12,9.16667,0.0,6.0,77,40.7725,72.827,52.4919,5.3907,360.0,1
2018-10-21,13,9.66667,0.0,6.33333,72,41.4585,69.3658,52.8686,-5.35752,329.829,1
2018-10-21,14,9.83333,0.0,6.83333,68,42.4125,64.1835,53.4726,-15.1074,300.0,1
2018-10-21,15,9.66667,0.0,7.16667,64,45.8008,63.8346,51.8366,-21.4714,300.0,1
2018-10-21,16,9.33333,0.0,7.66667,64,47.058,61.887,48.4935,-27.1283,324.48,1
2018-10-21,17,8.83333,0.0,7.66667,71,52.1128,58.1695,44.1503,-32.7851,349.92,1
2018-10-21,18,8.0,0.0,7.66667,71,62.3495,61.6075,39.8613,-33.9081,398.618,1
2018-10-21,19,7.33333,0.0,7.66667,74,69.6403,60.881,42.1574,-39.4514,385.745,1
2018-10-21,20,6.66667,0.0,7.5,77,70.4225,59.155,34.2908,-40.7852,443.52,1
2018-10-21,21,6.33333,0.0,7.16667,80,76.5072,53.2433,34.2908,-45.7852,434.52,1
2018-10-21,22,6.0,0.0,6.66667,83,80.3236,53.0779,24.9236,-44.2574,482.4,1
2018-10-21,23,5.83333,0.0,6.33333,84,82.4021,52.9564,16.2635,-43.4366,520.8,1
2018-10-22,0,5.66667,0.0,6.0,86,80.8272,50.1382,13.9675,-48.9799,480.0,0
2018-10-22,1,5.5,0.0,5.5,84,80.0205,48.7431,6.39717,-47.9424,532.65,0
2018-10-22,2,5.5,0.0,5.0,89,74.528,45.4352,-1.17311,-46.905,575.143,0
2018-10-22,3,5.33333,0.0,4.66667,90,68.9113,46.8192,-3.08651,-51.5244,540.0,0
2018-10-22,4,5.33333,0.0,4.16667,90,67.185,46.3252,-11.5718,-50.1101,561.0,0
2018-10-22,5,5.33333,0.0,3.66667,92,67.4692,47.3368,-18.1106,-48.8095,561.0,0
2018-10-22,6,5.5,0.0,3.0,95,65.1553,48.8535,-25.9499,-45.5623,540.0,0
2018-10-22,7,5.66667,0.0,2.66667,100,66.7688,48.0368,-31.4932,-42.8584,540.0,0
2018-10-22,8,5.83333,0.0,2.5,100,64.781,48.4825,-34.7404,-39.6112,540.0,0
2018-10-22,9,6.0,0.0,2.5,96,63.6433,44.756,-37.9876,-36.364,540.0,0
2018-10-22,10,5.66667,0.0,3.0,89,58.4302,41.1865,-39.3214,-28.4974,570.24,0
2018-10-22,11,5.33333,0.0,4.16667,74,57.8965,40.5285,-42.1498,-25.669,540.0,0
2018-10-22,12,5.16667,0.0,5.66667,64,60.871,40.7725,-36.5409,-19.5189,563.04,0
2018-10-22,13,5.16667,0.0,7.16667,58,61.1225,41.4585,-30.0081,-12.986,563.04,0
2018-10-22,14,5.16667,0.0,8.66667,56,59.3192,42.4125,-20.9293,-7.15442,561.0,0
2018-10-22,15,5.33333,0.0,10.0,55,59.102,45.8008,-12.444,1.3309,561.0,0
2018-10-22,16,5.83333,0.0,10.8333,60,59.186,47.058,-1.95093,8.57675,540.0,0
2018-10-22,17,6.5,0.0,11.0,71,67.9802,52.1128,14.0854,18.1187,583.0,0
2018-10-22,18,6.83333,0.0,10.8333,94,79.99,62.3495,25.2856,26.0716,540.6,0
2018-10-22,19,7.0,0.0,10.3333,100,92.1903,69.6403,35.7786,34.8349,480.0,0
2018-10-22,20,7.0,0.0,9.5,100,92.7631,70.4225,32.2328,36.9429,461.76,0
2018-10-22,21,7.0,0.0,8.5,100,86.4038,76.5072,25.3173,40.5728,457.6,0
2018-10-22,22,7.0,0.0,7.66667,92,81.5645,80.3236,17.0952,44.7438,438.6,0
2018-10-22,23,6.83333,0.84,7.0,83,73.0029,82.4021,10.1738,46.9683,437.143,0
2018-10-23,0,6.83333,1.68,6.66667,85,67.3285,80.8272,2.5453,48.4857,437.143,0
2018-10-23,1,6.83333,1.68,6.33333,80,49.0234,80.0205,-5.08323,50.0031,452.4,0
2018-10-23,2,7.0,2.21,6.16667,85,29.6562,74.528,-13.4189,50.8134,454.629,0
2018-10-23,3,7.0,2.21,6.33333,95,30.3497,68.9113,-21.0474,50.8134,454.629,0
2018-10-23,4,7.16667,2.21,6.33333,95,29.7056,67.185,-18.3686,51.3462,438.6,0
2018-10-23,5,7.5,1.37,6.16667,93,28.6582,67.4692,-10.4157,53.194,420.0,0
2018-10-23,6,7.66667,1.06,5.66667,90,31.479,65.1553,1.30583,46.6237,443.143,0
2018-10-23,7,7.83333,1.06,5.16667,90,40.0462,66.7688,9.64147,47.5476,425.829,0
2018-10-23,8,8.16667,0.53,4.83333,88,43.3293,64.781,12.3202,49.0804,408.857,0
2018-10-23,9,8.5,1.67,4.5,82,38.8408,63.6433,21.363,48.9772,375.943,0
2018-10-23,10,8.66667,1.67,4.5,71,29.9462,58.4302,30.4057,41.8741,401.85,0
2018-10-23,11,8.83333,1.9,4.83333,63,25.3857,57.8965,31.1128,42.7979,395.2,0
2018-10-23,12,9.33333,1.37,5.5,57,23.5569,60.871,31.82,45.6727,371.25,0
2018-10-23,13,10.0,1.37,6.5,54,25.0638,61.1225,33.9413,48.4444,327.6,0
2018-10-23,14,11.6667,1.37,7.33333,56,23.5292,59.3192,27.5773,46.0804,340.267,0
2018-10-23,15,13.3333,0.23,8.0,60,21.5977,59.102,14.8493,50.4015,264.48,0
2018-10-23,16,15.0,2.24,8.33333,68,22.8803,59.186,7.77821,60.1627,180.0,0
2018-10-23,17,16.6667,6.02,8.33333,75,25.7472,67.9802,-7.27092,55.5537,195.789,0
2018-10-23,18,18.6667,6.02,8.16667,77,32.6655,79.99,-14.9245,55.0313,188.779,0
2018-10-23,19,21.0,6.02,7.83333,78,37.2451,92.1903,-31.188,52.2948,162.0,0
2018-10-23,20,22.5,7.32,7.66667,79,36.0018,92.7631,-42.302,53.126,125.46,0
2018-10-23,21,24.5,8.62,7.5,79,32.9953,86.4038,-38.1839,38.1839,159.508,0
2018-10-23,22,27.0,7.91,7.66667,78,25.4718,81.5645,-41.7195,41.7195,138.986,0
2018-10-23,23,30.1667,5.2,8.0,80,19.9853,73.0029,-34.9315,53.3323,120.077,0
2018-10-24,0,33.6667,5.2,8.33333,84,18.6262,67.3285,-27.9356,67.4432,96.8824,0
2018-10-24,1,37.1667,8.35,8.66667,83,16.201,49.0234,-31.7624,76.682,77.5385,0
2018-10-24,2,39.3333,13.35,8.83333,81,6.6795,29.6562,-34.8239,84.0731,67.9364,0
2018-10-24,3,41.5,15.2,9.0,81,5.417,30.3497,-33.6758,81.3014,84.3574,0
2018-10-24,4,43.3333,17.05,8.83333,78,9.32675,29.7056,-15.6899,81.8791,77.0341,0
2018-10-24,5,44.5,15.75,8.66667,76,7.5225,28.6582,0.0,89.0,73.5,0
2018-10-24,6,44.5,15.75,8.5,77,6.544,31.479,32.5271,87.4985,70.56,0
2018-10-24,7,43.8333,12.6,8.16667,78,7.28475,40.0462,63.6399,83.1492,75.9652,0
2018-10-24,8,43.8333,8.08,7.83333,77,10.8344,43.3293,61.5186,80.3776,79.2818,0
2018-10-24,9,43.1667,4.93,7.33333,77,11.8038,38.8408,59.3972,68.7183,85.6186,0
2018-10-24,10,42.1667,2.44,7.0,72,10.3988,29.9462,57.2759,57.2759,89.561,0
2018-10-24,11,41.3333,2.44,6.5,68,6.824,25.3857,55.8617,55.8617,93.33,0
2018-10-24,12,41.0,2.44,6.16667,56,6.24375,23.5569,56.5688,56.5688,87.1385,0
2018-10-24,13,41.1667,2.44,6.16667,45,5.9239,25.0638,58.6901,58.6901,83.1805,0
2018-10-24,14,42.1667,0.66,6.16667,39,5.56225,23.5292,60.8115,60.8115,76.8,0
2018-10-24,15,43.6667,0.66,6.5,38,6.78175,21.5977,64.347,64.347,67.9364,0
2018-10-24,16,44.1667,0.0,6.66667,46,9.96707,22.8803,67.8826,67.8826,62.5021,0
2018-10-24,17,43.1667,0.0,6.83333,47,12.2251,25.7472,64.347,64.347,80.9633,0
2018-10-24,18,41.3333,0.0,6.83333,54,21.0397,32.6655,54.4475,54.4475,105.857,0
2018-10-24,19,38.3333,0.0,6.5,55,25.911,37.2451,46.6693,46.6693,127.749,0
2018-10-24,20,34.0,0.0,6.16667,54,27.9338,36.0018,40.3053,40.3053,157.548,0
2018-10-24,21,28.3333,0.0,5.5,56,27.1437,32.9953,55.1546,55.1546,133.355,0
2018-10-24,22,23.3333,0.0,4.83333,58,31.5141,25.4718,43.8408,43.8408,194.954,0
2018-10-24,23,19.3333,0.0,4.33333,60,32.8097,19.9853,52.3261,54.9274,192.0,0
2018-10-25,0,15.8333,0.0,3.83333,64,33.7657,18.6262,41.7195,46.7052,265.714,0
2018-10-25,1,13.1667,0.0,3.33333,69,30.1182,16.201,48.7906,55.944,255.543,0
2018-10-25,2,11.3333,0.0,2.83333,72,27.4153,6.6795,33.9413,51.0947,305.52,0
2018-10-25,3,10.3333,0.0,2.5,76,25.0932,5.417,23.3346,50.488,336.3,0
2018-10-25,4,9.83333,0.0,2.33333,77,23.2418,9.32675,19.8905,58.803,300.0,0
2018-10-25,5,9.5,0.0,2.0,80,18.0834,7.5225,7.96107,56.0313,323.345,0
2018-10-25,6,9.5,0.0,1.83333,79,17.1718,6.544,-6.18113,52.2326,337.08,0
2018-10-25,7,9.66667,0.81,2.0,78,18.6813,7.28475,-20.3233,50.0649,337.08,0
2018-10-25,8,10.0,1.62,2.33333,80,21.4876,10.8344,-28.1015,47.8431,324.48,0
2018-10-25,9,10.8333,1.62,2.83333,82,23.1397,11.8038,-33.1427,38.0135,340.267,0
2018-10-25,10,12.0,1.62,3.5,83,22.4756,10.3988,-39.5982,39.5982,275.6,0
2018-10-25,11,13.3333,2.38,4.5,82,24.8813,6.824,-37.4768,37.4768,259.418,0
2018-10-25,12,14.8333,3.14,5.66667,79,20.9846,6.24375,-36.2042,45.4046,206.7,0
2018-10-25,13,16.3333,3.22,6.83333,77,20.5763,5.9239,-25.0902,44.5734,220.8,0
2018-10-25,14,17.8333,3.3,8.0,77,20.6245,5.56225,-13.7765,53.2597,193.765,0
2018-10-25,15,18.8333,4.19,9.0,78,27.4595,6.78175,-7.27092,58.5537,175.137,0
2018-10-25,16,19.3333,4.19,9.66667,81,34.0805,9.96707,0.0,61.0,173.46,0
2018-10-25,17,19.6667,4.29,10.3333,82,32.5654,12.2251,13.4351,58.5537,184.743,0
2018-10-25,18,19.5,3.53,10.5,85,35.7071,21.0397,26.8702,55.1074,193.44,0
2018-10-25,19,19.0,2.64,10.3333,88,40.929,25.911,39.5982,51.7373,202.926,0
2018-10-25,20,18.3333,1.75,10.0,88,33.0648,27.9338,38.1839,49.8895,217.579,0
2018-10-25,21,17.8333,1.72,9.66667,88,37.855,27.1437,36.7697,48.0418,228.8,0
2018-10-25,22,17.3333,1.72,9.33333,88,32.6428,31.5141,36.0626,47.1179,232.941,0
2018-10-25,23,16.8333,0.86,8.83333,87,28.4217,32.8097,47.3764,61.9,180.0,0
