data,timeofday,windspeed6,opady6,temp6,rhumid,index_avg,prev_index_avg,wind_dir_ns,wind_dir_ew,dispel50,is_weekend
2017-11-01,1,11.1667,0.0,2.83333,92,11.0,10.6667,-26.388,43.7064,354.738,1
2017-11-03,13,16.3333,0.36,9.0,89,10.0,8.0,0.0,51.0,236.733,0
2017-11-03,14,16.0,0.36,9.33333,89,8.0,9.0,0.0,65.0,201.4,0
2017-11-03,15,16.0,0.36,9.66667,89,8.0,11.0,0.0,62.0,210.6,0
2017-11-03,16,15.3333,0.0,9.66667,97,11.0,10.0,0.0,62.0,217.412,0
2017-11-03,20,10.1667,0.0,8.66667,94,25.0,21.0,0.0,53.0,363.825,0
2017-11-03,21,8.66667,0.0,8.16667,95,31.0,18.0,-3.06144,60.391,350.625,0
2017-11-04,0,7.16667,0.0,7.33333,96,22.0,17.0,-9.567,53.097,417.6,1
2017-11-04,1,7.0,0.0,7.16667,96,13.0,18.0,-13.8097,48.3397,463.6,1
2017-11-04,2,6.66667,0.0,6.83333,99,14.5,15.0,-16.6381,51.1681,466.4,1
2017-11-04,3,6.5,0.0,6.83333,98,19.25,12.0,-20.8808,46.4108,461.76,1
2017-11-04,4,6.0,0.0,6.66667,96,20.0,15.0,-14.8808,41.4108,486.0,1
2017-11-04,5,6.16667,0.0,6.5,96,17.6667,15.0,-4.81932,34.0197,490.629,1
2017-11-04,6,6.16667,0.0,6.16667,95,20.0,13.0,-12.2104,30.0812,510.72,1
2017-11-04,7,6.33333,0.0,6.0,85,22.3333,11.5,-17.7536,32.3772,480.0,1
2017-11-04,8,6.33333,0.0,6.16667,92,24.25,13.6667,-18.5462,25.0518,517.029,1
2017-11-04,9,6.83333,0.0,6.16667,82,23.5,12.25,-21.4108,20.8808,520.0,1
2017-11-04,10,7.66667,0.0,6.66667,76,19.6667,10.5,-22.6546,10.3655,477.0,1
2017-11-04,11,8.66667,0.0,7.33333,75,22.75,8.66667,-32.8972,-2.36244,425.829,1
2017-11-04,12,10.5,0.0,8.16667,70,22.6667,8.33333,-42.4057,-15.3234,367.2,1
2017-11-04,13,12.5,0.0,9.16667,67,17.6667,10.0,-42.4057,-28.3345,258.4,1
2017-11-04,14,13.6667,0.0,10.0,68,24.0,8.0,-49.7968,-31.396,197.6,1
2017-11-04,15,14.0,0.0,10.6667,72,40.3333,8.0,-28.3115,-22.9107,204.429,1
2017-11-04,16,13.5,0.0,11.1667,68,37.21,11.0,-7.41192,-13.0111,249.882,1
2017-11-04,17,13.0,0.0,11.1667,66,40.2825,20.0,1.58808,-13.0111,240.0,1
2017-11-04,18,11.6667,0.0,11.0,73,54.0,21.5,28.294,-6.50556,292.518,1
2017-11-04,19,10.5,0.0,10.3333,76,41.0,21.5,35.6851,-3.44412,343.385,1
2017-11-04,20,10.5,0.0,9.66667,76,40.0,25.0,28.614,-10.5152,300.0,1
2017-11-04,21,11.0,0.0,9.0,79,47.0325,31.0,-4.57845,-19.7076,326.8,1
2017-11-04,22,11.6667,0.0,8.16667,80,35.5,20.5,-23.478,-29.6072,282.764,1
2017-11-05,0,12.6667,0.0,7.33333,83,28.0,22.0,-40.2948,-33.2592,271.385,1
2017-11-05,1,13.1667,0.0,7.16667,84,33.5,13.0,-43.1129,-29.0416,277.114,1
2017-11-05,2,13.1667,0.0,6.83333,85,30.5,14.5,-20.2133,-19.1421,281.538,1
2017-11-05,3,12.8333,0.0,6.66667,85,26.5,19.25,1.97912,-9.94968,281.538,1
2017-11-05,4,12.5,0.0,6.5,86,28.25,20.0,25.9896,-4.97484,291.877,1
2017-11-05,5,12.0,0.0,6.33333,83,29.25,17.6667,15.8269,-9.18432,249.508,1
2017-11-05,6,11.5,0.0,6.0,94,26.5,20.0,20.7662,-11.2806,279.138,1
2017-11-05,7,11.3333,0.0,5.83333,86,31.0,22.3333,17.7662,-11.2806,310.431,1
2017-11-05,8,11.1667,0.0,6.16667,82,29.0,24.25,16.7662,-11.2806,313.5,1
2017-11-05,9,11.3333,0.0,6.5,82,27.5,23.5,16.7662,-11.2806,305.455,1
2017-11-05,10,11.8333,0.0,7.16667,76,30.75,19.6667,39.9289,-7.0711,273.48,1
2017-11-05,11,12.5,0.0,8.0,73,27.0,22.75,24.0657,-5.35752,286.7,1
2017-11-05,12,13.8333,0.0,9.16667,70,26.5,22.6667,-0.868639,-10.715,265.5,1
2017-11-05,13,14.1667,0.0,10.3333,64,23.25,17.6667,5.13136,-10.715,214.338,1
2017-11-05,14,14.1667,0.0,11.0,71,22.5,24.0,-20.803,-16.0726,212.914,1
2017-11-05,15,14.0,0.0,11.6667,73,28.25,40.3333,-16.354,-19.2004,230.4,1
2017-11-05,16,13.6667,0.0,11.8333,78,25.0,37.21,-11.905,-22.3282,272.8,1
2017-11-05,17,13.5,0.0,11.6667,73,28.5,40.2825,-20.3903,-30.8135,240.0,1
2017-11-05,18,12.1667,0.0,11.3333,74,30.5,54.0,-47.5827,-40.0059,249.171,1
2017-11-05,19,12.0,0.0,10.6667,78,32.5,41.0,-41.7195,-41.7195,270.3,1
2017-11-05,20,11.6667,0.0,10.1667,79,36.0,40.0,-38.209,-45.2446,260.0,1
2017-11-05,21,10.8333,0.0,9.5,86,38.0,47.0325,-33.5505,-45.9981,280.8,1
2017-11-05,22,10.1667,0.0,9.0,86,37.5,35.5,-27.7439,-43.9799,343.385,1
2017-11-06,0,9.0,0.0,8.33333,85,38.0,28.0,-27.2698,-47.8354,349.92,0
2017-11-06,1,8.16667,0.0,8.16667,85,38.75,33.5,-25.8556,-46.4212,403.015,0
2017-11-06,2,8.16667,0.0,7.83333,80,39.0,30.5,-31.5125,-52.0781,371.908,0
2017-11-06,3,8.5,0.0,7.66667,85,45.095,26.5,-33.6087,-47.1387,373.32,0
2017-11-06,4,8.0,0.0,7.5,85,46.2825,28.25,-18.1032,-31.4328,401.85,0
2017-11-06,5,7.16667,0.0,7.33333,85,51.22,29.25,-13.1032,-31.4328,390.0,0
2017-11-06,6,6.66667,0.0,7.16667,86,52.19,26.5,-7.04174,-24.0417,470.25,0
2017-11-06,7,6.33333,0.0,7.0,87,57.69,31.0,-2.04174,-24.0417,452.4,0
2017-11-06,8,5.66667,0.0,7.16667,92,54.47,29.0,9.61514,-18.3849,486.0,0
2017-11-06,9,5.33333,0.0,7.33333,87,35.5,27.5,9.72874,-10.4319,520.8,0
2017-11-06,10,5.83333,0.0,7.83333,86,31.0,30.75,8.91846,-2.09626,559.32,0
2017-11-06,11,6.5,0.0,8.33333,82,45.5,27.0,16.9185,-2.09626,495.72,0
2017-11-06,12,8.0,0.0,8.83333,84,28.75,26.5,30.9896,4.97484,530.0,0
2017-11-06,13,8.66667,0.0,9.5,80,30.5,23.25,4.09002,14.8744,399.36,0
2017-11-06,14,9.5,0.0,9.83333,85,36.0,22.5,-13.9811,21.9455,367.2,0
2017-11-06,15,10.0,0.0,10.1667,89,28.6667,28.25,-16.216,27.4276,300.0,0
2017-11-06,16,10.1667,0.0,10.0,94,29.25,25.0,-17.7488,34.7488,311.143,0
2017-11-06,17,9.83333,0.0,9.83333,91,25.6667,28.5,-24.7488,43.7488,339.429,0
2017-11-06,19,7.5,0.0,9.0,95,28.5,32.5,-24.7488,52.7488,371.571,0
2017-11-06,20,7.0,0.0,8.66667,94,23.5,36.0,-14.8493,48.8493,429.0,0
2017-11-06,21,6.5,0.0,8.33333,95,26.0,38.0,-2.12133,47.4351,468.218,0
2017-11-06,22,6.5,0.0,8.16667,95,26.0,37.5,2.82844,52.3849,433.964,0
2017-11-07,0,7.66667,0.0,8.0,95,32.0,38.0,25.9216,38.0508,482.4,0
2017-11-07,1,8.5,0.0,8.0,95,30.25,38.75,34.9216,29.0508,420.0,0
2017-11-07,2,9.0,0.0,7.83333,98,36.5,39.0,45.9216,14.0508,401.85,0
2017-11-07,3,9.83333,0.0,7.66667,97,34.75,45.095,51.2647,8.39389,345.257,0
2017-11-07,4,10.1667,0.0,7.5,97,37.0,46.2825,57.4015,-1.14804,300.0,0
2017-11-07,5,10.8333,0.0,7.33333,97,36.75,51.22,52.2492,-8.80164,300.667,0
2017-11-07,6,11.1667,0.0,7.16667,98,38.5,52.19,53.4119,-13.0111,294.0,0
2017-11-07,7,11.3333,0.0,6.83333,100,43.0,57.69,50.1901,-20.7893,294.0,0
2017-11-07,8,11.6667,0.0,7.0,93,40.5,54.47,47.6754,-29.2747,291.5,0
2017-11-07,9,12.0,0.0,7.16667,100,39.25,35.5,48.5993,-29.6573,271.745,0
2017-11-07,10,12.6667,0.0,7.33333,100,39.0,31.0,51.371,-30.8054,240.0,0
2017-11-07,11,12.6667,0.0,7.5,94,40.75,45.5,44.0367,-29.4243,255.2,0
2017-11-07,12,13.3333,0.23,7.83333,89,39.5,28.75,43.3296,-28.7172,271.385,0
2017-11-07,13,13.8333,0.23,8.33333,86,41.9375,30.5,37.0594,-37.6006,257.914,0
2017-11-07,14,14.0,0.23,8.5,86,43.3333,36.0,29.8653,-46.1013,254.88,0
2017-11-07,15,13.6667,0.23,8.66667,86,47.2933,28.6667,24.6161,-48.4289,238.255,0
2017-11-07,16,14.6667,0.23,8.66667,100,57.72,29.25,21.4301,-51.7373,254.88,0
2017-11-07,17,16.0,0.46,8.5,99,60.1575,25.6667,23.7262,-57.2806,203.52,0
2017-11-07,19,16.6667,0.23,7.66667,90,66.565,28.5,22.1954,-53.585,198.0,0
2017-11-07,20,16.8333,0.23,7.16667,91,62.19,23.5,14.1592,-50.1836,225.095,0
2017-11-07,21,17.3333,0.23,6.66667,89,37.6575,26.0,14.1592,-65.1836,186.821,0
2017-11-07,22,16.0,0.23,6.33333,89,24.0,26.0,6.88824,-62.6298,208.8,0
2017-11-08,0,13.8333,0.0,5.66667,87,18.5,32.0,0.0,-55.0,264.0,0
2017-11-08,1,13.0,0.0,5.5,91,21.0,30.25,0.0,-52.0,292.32,0
2017-11-08,2,12.6667,0.0,5.33333,87,20.5,36.5,0.0,-63.0,257.92,0
2017-11-08,3,13.0,0.0,5.16667,87,20.5,34.75,0.0,-61.0,259.2,0
2017-11-08,4,13.1667,0.0,4.83333,91,20.0,37.0,0.0,-53.0,265.5,0
2017-11-08,5,13.3333,0.0,4.66667,88,24.0,36.75,0.0,-55.0,238.255,0
2017-11-08,6,13.5,0.0,4.66667,83,25.6667,38.5,0.0,-57.0,232.615,0
2017-11-08,7,13.8333,0.0,4.5,74,29.0,43.0,0.0,-57.0,258.353,0
2017-11-08,8,13.8333,0.0,4.83333,76,35.0,40.5,0.0,-53.0,277.114,0
2017-11-08,9,14.0,0.0,5.16667,81,40.22,39.25,0.0,-52.0,281.538,0
2017-11-08,10,15.3333,0.0,5.5,79,42.75,39.0,0.0,-57.0,232.615,0
2017-11-08,11,16.3333,0.0,5.83333,79,44.25,40.75,0.0,-53.0,199.385,0
2017-11-08,12,17.5,0.0,6.16667,77,46.97,39.5,0.0,-59.0,177.0,0
2017-11-08,13,18.5,0.0,6.66667,74,43.3333,41.9375,0.0,-61.0,183.0,0
2017-11-08,14,18.5,0.0,6.66667,77,48.9075,43.3333,0.0,-58.0,188.779,0
2017-11-08,15,17.8333,0.0,6.16667,92,49.0325,47.2933,0.0,-52.0,236.64,0
2017-11-08,16,16.3333,0.0,6.0,91,46.5,57.72,0.0,-66.0,207.36,0
2017-11-08,17,15.8333,0.0,5.66667,87,47.4075,60.1575,0.0,-59.0,253.895,0
2017-11-08,18,14.8333,0.0,5.16667,91,49.565,57.7225,0.0,-56.0,242.031,0
2017-11-08,19,14.0,0.0,4.66667,91,48.5,66.565,0.0,-57.0,239.4,0
2017-11-08,20,13.6667,0.0,4.16667,89,43.0,62.19,0.0,-57.0,232.615,0
2017-11-08,21,13.0,0.0,4.16667,92,46.5,37.6575,0.0,-55.0,269.925,0
2017-11-08,22,12.6667,0.0,3.83333,95,47.315,24.0,3.8268,-64.2388,248.625,0
2017-11-09,0,11.5,0.0,3.66667,93,39.0,18.5,13.0111,-56.4119,287.571,0
2017-11-09,1,10.6667,0.0,3.66667,89,45.1575,21.0,13.0111,-52.4119,305.455,0
2017-11-09,2,10.1667,0.0,3.66667,98,42.5,20.5,13.0111,-50.4119,321.48,0
2017-11-09,3,9.33333,0.0,3.5,91,38.3333,20.5,9.18432,-49.1731,353.455,0
2017-11-09,4,8.16667,0.0,3.66667,85,42.75,20.0,9.18432,-54.1731,360.0,0
2017-11-09,5,6.83333,0.0,3.5,93,44.25,24.0,9.18432,-58.1731,372.764,0
2017-11-09,6,5.66667,0.0,3.66667,81,42.75,25.6667,3.06144,-52.6298,473.815,0
2017-11-09,7,4.66667,0.0,3.66667,84,45.5625,29.0,1.9134,-55.4015,501.415,0
2017-11-09,8,3.83333,0.0,3.66667,96,47.0625,35.0,0.76536,-58.1731,523.477,0
2017-11-09,9,3.5,0.0,3.83333,91,44.25,40.22,-0.38268,-60.9448,540.0,0
2017-11-09,10,3.83333,0.0,4.0,89,46.3125,42.75,-7.47885,-51.0556,663.48,0
2017-11-09,11,3.66667,0.0,4.66667,77,47.0625,44.25,-13.0221,-48.7596,618.12,0
2017-11-09,12,4.16667,0.0,5.33333,74,44.75,46.97,-15.8506,-35.9311,716.8,0
2017-11-09,13,5.33333,0.0,6.0,73,48.25,43.3333,-18.1467,-30.3878,660.0,0
2017-11-09,14,6.33333,0.0,6.66667,78,54.8775,48.9075,-21.9734,-4.14905,674.16,0
2017-11-09,15,7.33333,0.0,7.16667,84,47.96,49.0325,-28.3374,11.2149,610.56,0
2017-11-09,16,7.33333,0.0,7.33333,87,63.49,46.5,-28.7201,26.9209,480.0,0
2017-11-09,17,7.83333,0.0,7.16667,82,63.755,47.4075,-28.7201,38.0075,420.0,0
2017-11-09,18,7.5,0.0,6.83333,90,71.91,49.565,-26.0053,42.7825,429.3,0
2017-11-09,19,7.0,0.0,6.33333,93,74.48,48.5,-26.0053,42.7825,451.0,0
2017-11-09,20,6.5,0.0,5.83333,92,75.595,43.0,-26.388,43.7064,473.28,0
2017-11-09,21,6.5,0.0,5.5,91,55.94,46.5,-28.684,49.2496,449.28,0
2017-11-09,22,6.16667,0.0,5.33333,91,52.625,47.315,-18.4932,48.3258,450.667,0
2017-11-10,0,9.16667,0.0,5.0,93,55.94,39.0,-10.2159,47.3424,477.0,0
2017-11-10,1,9.66667,0.0,5.0,94,56.47,45.1575,-0.14157,53.0209,329.829,0
2017-11-10,2,10.5,0.0,4.83333,100,55.94,42.5,-2.23783,48.0815,326.8,0
2017-11-10,3,11.1667,0.0,4.83333,95,52.595,38.3333,-12.8113,49.9293,240.0,0
2017-11-10,4,11.8333,0.0,4.83333,96,54.065,42.75,-16.2554,48.2442,304.295,0
2017-11-10,5,11.1667,0.0,5.0,95,52.4075,44.25,-19.3169,55.6353,307.705,0
2017-11-10,6,9.83333,0.0,5.0,95,51.1875,42.75,-21.6129,61.1785,318.568,0
2017-11-10,7,10.1667,0.0,5.16667,99,47.1575,45.5625,-25.8224,52.3412,312.12,0
2017-11-10,8,10.6667,0.0,5.5,95,45.4375,47.0625,-23.3435,56.3567,300.0,0
2017-11-10,9,10.8333,0.0,5.66667,93,42.3125,44.25,-24.0587,44.0831,333.45,0
2017-11-10,10,12.5,0.0,6.16667,83,33.6667,46.3125,-31.6355,36.5063,281.455,0
2017-11-10,11,14.6667,0.81,6.5,82,30.6667,47.0625,-40.154,39.0716,216.0,0
2017-11-10,12,15.5,0.81,6.83333,81,32.25,44.75,-39.0974,31.5206,221.4,0
2017-11-10,13,16.3333,0.81,7.0,81,28.75,48.25,-40.9451,32.2859,221.0,0
2017-11-10,14,17.3333,0.81,7.16667,81,27.0,54.8775,-40.238,31.5788,232.737,0
2017-11-10,15,18.0,0.81,7.33333,84,35.25,47.96,-40.9451,32.2859,212.625,0
2017-11-10,16,17.5,0.81,7.16667,88,33.25,63.49,-38.891,38.891,201.318,0
2017-11-10,17,17.1667,1.32,7.0,86,30.5,63.755,-37.4768,37.4768,229.14,0
2017-11-10,18,17.1667,1.32,7.0,87,37.5,71.91,-49.4977,49.4977,180.0,0
2017-11-10,19,16.6667,1.32,6.83333,87,36.0,74.48,-50.1376,41.4784,194.133,0
2017-11-10,20,16.3333,1.32,6.66667,86,29.0,75.595,-50.3439,34.1079,203.52,0
2017-11-10,21,16.1667,2.56,6.5,86,11.0,55.94,-56.3671,30.3895,194.541,0
2017-11-10,22,16.6667,3.8,6.33333,87,3.0,52.625,-60.0522,24.8742,187.425,0
2017-11-11,0,18.8333,2.48,6.0,87,6.0,55.94,-50.8134,21.0474,201.318,1
2017-11-11,1,21.3333,2.99,6.0,89,3.66667,56.47,-59.1283,24.4915,144.0,1
2017-11-11,2,22.5,3.5,6.0,87,7.5,55.94,-44.5271,30.4559,154.015,1
2017-11-11,3,23.6667,2.26,5.83333,86,4.0,52.595,-38.1839,38.1839,167.586,1
2017-11-11,4,24.5,1.02,5.66667,87,5.0,54.065,-47.3683,60.3571,124.51,1
2017-11-11,5,25.8333,1.02,5.5,85,6.0,52.4075,-26.8621,62.8509,134.832,1
2017-11-11,6,26.3333,1.02,5.66667,73,3.5,51.1875,0.0,51.0,169.043,1
2017-11-11,7,24.8333,1.37,5.5,80,5.5,47.1575,0.0,57.0,149.1,1
2017-11-11,8,24.6667,0.86,5.5,74,5.66667,45.4375,-7.6536,75.4776,124.586,1
2017-11-11,9,25.0,0.86,5.33333,86,4.75,42.3125,-16.8379,69.6507,148.303,1
2017-11-11,10,25.1667,0.86,5.16667,85,8.5,33.6667,-26.7876,64.6716,120.0,1
2017-11-11,11,24.3333,0.86,5.16667,83,7.5,30.6667,-28.3183,68.3671,120.0,1
2017-11-11,12,24.3333,1.77,4.83333,82,6.33333,32.25,-35.3975,62.4575,134.538,1
2017-11-11,13,25.6667,0.91,4.83333,80,9.0,28.75,-27.3612,43.056,162.991,1
2017-11-11,14,26.0,0.91,4.66667,79,9.5,27.0,-21.8128,52.6612,151.945,1
2017-11-11,15,25.0,1.39,4.83333,79,4.0,35.25,-29.0999,44.2535,164.914,1
2017-11-11,16,23.6667,1.39,5.0,85,8.0,33.25,-36.7535,62.7311,138.857,1
2017-11-11,17,23.1667,1.39,5.0,82,4.0,30.5,-37.3522,48.1762,194.954,1
2017-11-11,18,21.1667,0.96,4.83333,85,4.0,37.5,-33.1096,43.9336,207.36,1
2017-11-11,19,20.0,0.96,4.66667,85,10.0,36.0,-31.9615,41.1619,212.625,1
2017-11-11,20,18.8333,0.96,4.5,86,10.0,29.0,-28.684,49.2496,193.44,1
2017-11-11,21,18.5,0.48,4.33333,87,11.0,11.0,-32.0956,42.3784,186.353,1
2017-11-11,22,18.6667,0.48,4.16667,88,7.0,3.0,-38.318,39.4004,198.0,1
2017-11-12,0,17.6667,2.36,4.0,90,6.0,6.0,-52.2021,41.9193,186.821,1
2017-11-12,1,16.5,2.36,4.0,91,6.5,3.66667,-46.6693,46.6693,194.133,1
2017-11-12,3,15.8333,2.36,3.66667,92,6.0,4.0,-46.8756,39.2988,196.114,1
2017-11-12,4,15.5,2.36,3.5,92,8.0,5.0,-48.2898,40.713,202.024,1
2017-11-12,5,14.6667,0.0,3.33333,93,9.0,6.0,-46.8756,39.2988,196.114,1
2017-11-12,6,14.5,0.0,3.16667,91,9.0,3.5,-40.3053,40.3053,258.353,1
2017-11-12,7,15.0,0.48,3.0,90,9.0,5.5,-28.2844,44.2844,261.0,1
2017-11-12,8,14.6667,0.48,3.0,89,7.5,5.66667,-23.4762,48.6766,245.92,1
2017-11-12,9,14.8333,0.48,3.16667,87,8.0,4.75,-12.8695,53.07,201.067,1
2017-11-12,10,15.5,0.48,3.33333,85,10.0,8.5,-6.50556,63.706,187.425,1
2017-11-12,11,16.5,0.48,3.5,80,7.5,7.5,-7.27092,49.5537,225.28,1
2017-11-12,12,16.5,0.71,3.83333,76,7.5,6.33333,-13.0111,48.4119,232.941,1
2017-11-12,13,16.6667,0.23,4.16667,72,10.0,9.0,-19.134,63.194,180.0,1
2017-11-12,14,16.5,0.23,4.66667,73,7.0,9.5,-26.0222,62.8238,186.821,1
2017-11-12,15,15.5,0.23,4.83333,74,8.0,4.0,-28.6509,55.1697,195.52,1
2017-11-12,16,13.6667,0.23,5.0,85,8.0,8.0,-33.0733,45.5209,235.125,1
2017-11-12,17,12.0,0.23,5.0,75,25.5,4.0,-30.0119,38.1299,317.133,1
2017-11-12,18,9.66667,0.0,4.66667,77,34.0,4.0,-34.6313,40.0433,347.2,1
2017-11-12,19,7.83333,0.0,4.33333,84,46.0,10.0,-36.4791,40.8087,400.0,1
2017-11-12,20,7.0,0.0,3.83333,81,37.0,10.0,-41.4288,35.8589,392.2,1
2017-11-12,21,6.83333,0.0,3.5,82,32.0,11.0,-34.5406,10.229,457.371,1
2017-11-12,22,7.33333,0.0,3.16667,83,21.0,7.0,-24.6411,-9.67049,482.727,1
2017-11-13,0,10.1667,0.96,3.0,88,18.0,6.0,-6.79753,-46.1844,336.6,0
2017-11-13,1,11.0,0.96,3.0,90,20.0,6.5,0.0,-54.0,300.667,0
2017-11-13,3,11.1667,1.8,3.0,92,18.0,6.0,3.44412,-55.3149,294.0,0
2017-11-13,4,11.3333,1.8,3.0,92,19.5,8.0,7.6536,-54.4776,302.4,0
2017-11-13,5,11.1667,2.16,3.0,92,21.0,9.0,16.1389,-50.9629,302.4,0
2017-11-13,6,10.6667,1.68,3.0,92,23.3333,9.0,23.9171,-46.7411,313.5,0
2017-11-13,7,10.0,1.68,3.0,92,23.3333,9.0,30.2811,-41.1051,326.8,0
2017-11-13,8,10.3333,0.84,2.83333,92,30.25,7.5,32.4939,-38.4471,353.455,0
2017-11-13,9,10.3333,1.35,2.66667,92,29.0,8.0,36.0626,-20.5062,359.9,0
2017-11-13,10,11.1667,1.35,2.5,100,27.0,10.0,46.2253,-16.2967,300.0,0
2017-11-13,11,11.5,1.4,2.33333,94,29.75,7.5,41.9826,11.9877,275.6,0
2017-11-13,12,12.0,1.4,2.33333,90,29.75,7.5,41.9722,28.9834,270.327,0
2017-11-13,13,12.5,1.4,2.33333,86,28.25,10.0,42.6793,29.6905,259.418,0
2017-11-13,14,12.8333,1.4,2.66667,86,31.25,7.0,40.2948,33.2592,293.647,0
2017-11-13,15,12.6667,0.89,3.0,87,33.25,8.0,49.4873,45.2697,248.4,0
2017-11-13,16,12.1667,0.89,3.16667,99,28.0,8.0,44.5375,42.4876,279.138,0
2017-11-13,17,11.0,0.0,3.33333,93,33.5,25.5,32.5271,51.5128,260.0,0
2017-11-13,18,10.1667,0.0,3.33333,97,39.0,34.0,28.2844,48.5707,317.127,0
2017-11-13,20,9.0,0.0,3.16667,94,26.5,37.0,25.456,55.2597,355.385,0
2017-11-13,21,8.5,0.0,3.0,95,25.0,32.0,12.8194,51.5642,376.32,0
2017-11-13,22,8.5,0.0,3.0,95,21.0,21.0,3.06955,48.7925,448.2,0
2017-11-14,0,11.0,0.0,3.0,96,20.0,18.0,-6.12288,51.7821,305.25,0
2017-11-14,1,12.0,0.0,3.0,96,19.5,20.0,3.06955,55.7925,251.6,0
2017-11-14,2,12.5,0.0,3.0,95,15.0,17.0,19.092,53.9448,248.571,0
2017-11-14,4,12.8333,0.0,2.83333,94,12.0,19.5,26.8702,62.1074,240.0,0
2017-11-14,6,11.6667,0.0,2.5,95,10.0,23.3333,25.456,57.2597,277.714,0
2017-11-14,7,10.8333,0.0,2.33333,88,12.0,23.3333,15.5564,54.3254,302.4,0
2017-11-14,8,10.5,0.0,2.16667,93,17.0,30.25,21.9204,50.6403,329.018,0
2017-11-14,9,10.6667,0.0,2.0,92,16.25,29.0,14.1422,50.4776,348.0,0
2017-11-14,10,10.8333,0.0,2.33333,86,22.5,27.0,14.1422,50.4776,341.127,0
2017-11-14,11,11.0,0.0,2.66667,77,17.0,29.75,1.38915,52.3254,309.12,0
2017-11-14,12,11.8333,0.0,3.0,72,16.5,29.75,-3.20301,53.4119,275.6,0
2017-11-14,13,13.3333,0.0,3.33333,71,18.6667,28.25,-9.567,50.097,276.0,0
2017-11-14,14,14.6667,0.0,3.66667,71,11.6667,31.25,-9.567,56.097,223.385,0
2017-11-14,15,15.1667,0.0,4.0,73,17.5,33.25,0.0,51.0,225.28,0
2017-11-14,16,15.0,0.0,3.83333,92,18.0,28.0,0.0,51.0,236.733,0
2017-11-14,17,14.8333,0.0,3.66667,77,31.44,33.5,-4.59216,62.0866,216.333,0
2017-11-14,18,13.1667,0.0,3.33333,78,20.0,39.0,-8.80164,54.2492,272.8,0
2017-11-14,21,9.0,0.0,2.33333,88,24.0,25.0,2.28496,40.8686,396.48,0
2017-11-14,22,8.83333,0.0,2.16667,89,22.0,21.0,-9.72548,30.8435,394.4,0
2017-11-15,1,12.1667,0.0,2.5,87,23.3333,19.5,-17.0313,14.9245,240.0,0
2017-11-15,2,13.1667,0.0,2.66667,86,25.5,15.0,-23.6275,20.5563,270.327,0
2017-11-15,4,13.8333,0.0,3.16667,85,27.5,12.0,-43.1233,36.0877,232.615,0
2017-11-15,6,12.8333,0.0,3.16667,91,33.6667,10.0,-36.7697,36.7697,286.971,0
2017-11-15,7,11.6667,0.0,3.33333,91,33.5,12.0,-40.5965,46.0085,258.514,0
2017-11-15,8,11.5,0.0,3.5,92,39.3333,17.0,-38.088,39.1704,325.68,0
2017-11-15,9,10.8333,0.0,3.66667,92,37.75,16.25,-36.6738,37.7562,332.215,0
2017-11-15,10,10.6667,0.0,3.83333,90,37.6667,22.5,-35.2596,36.342,334.08,0
2017-11-15,11,10.8333,0.0,4.16667,88,34.0,17.0,-32.7806,40.3574,309.12,0
2017-11-15,12,11.0,0.0,4.5,85,37.75,16.5,-28.9538,42.1186,278.25,0
2017-11-15,13,12.0,0.0,4.83333,85,30.6667,18.6667,-21.5628,50.0572,289.385,0
2017-11-15,14,11.8333,0.0,5.16667,85,27.0,11.6667,-22.2699,50.7643,260.945,0
2017-11-15,15,11.8333,0.0,5.5,84,39.0,17.5,-22.977,51.4714,260.0,0
2017-11-15,16,11.0,0.0,5.66667,91,37.6667,18.0,-26.1631,48.1631,260.945,0
2017-11-15,17,9.83333,0.0,5.66667,84,51.44,31.44,-28.8418,43.6302,305.455,0
2017-11-15,18,9.16667,0.0,5.5,92,43.6667,20.0,-30.3725,47.3257,323.345,0
2017-11-15,21,6.66667,0.0,4.5,92,48.065,24.0,-31.3738,41.6566,464.0,0
2017-11-15,22,7.0,0.0,4.33333,93,44.0,22.0,-31.2034,36.6154,497.455,0
2017-11-16,1,7.0,0.0,4.33333,93,36.0,23.3333,-36.8396,33.5924,443.7,0
2017-11-16,2,6.83333,0.0,4.33333,88,41.0,25.5,-40.2586,34.8466,437.143,0
2017-11-16,3,5.83333,0.0,4.16667,93,21.0,29.5,-41.1154,31.915,472.457,0
2017-11-16,4,4.83333,0.0,4.0,97,38.72,27.5,-43.2367,34.0363,480.0,0
2017-11-16,5,4.16667,0.0,4.0,93,47.75,30.4,-42.6793,29.6905,540.6,0
2017-11-16,6,3.33333,0.0,4.0,93,49.6275,33.6667,-44.0935,31.1047,561.0,0
2017-11-16,7,3.5,0.0,4.0,93,53.102,33.5,-44.0935,31.1047,622.2,0
2017-11-16,8,3.33333,0.0,4.0,93,76.25,39.3333,-44.2071,34.4655,637.867,0
2017-11-16,9,3.5,0.0,4.16667,93,63.13,37.75,-39.5877,32.5521,737.2,0
2017-11-16,11,4.66667,0.0,4.83333,89,69.38,34.0,-40.5116,32.9348,731.4,0
2017-11-16,12,5.66667,0.0,5.33333,85,52.6267,37.75,-41.8122,30.9882,711.36,0
2017-11-16,13,5.33333,0.0,5.83333,82,52.7525,30.6667,-43.82,29.7488,726.857,0
2017-11-16,14,5.5,0.0,6.33333,87,54.94,27.0,-44.4135,27.0951,711.36,0
2017-11-16,15,5.66667,0.0,6.66667,84,48.776,39.0,-35.8779,23.5595,660.0,0
2017-11-16,16,5.33333,0.0,6.66667,100,48.0,37.6667,-26.6353,19.3169,600.0,0
2017-11-16,18,4.66667,0.0,6.33333,89,79.8633,43.6667,-32.6121,20.9641,600.0,0
2017-11-16,21,5.0,0.0,5.16667,89,51.375,48.065,-23.5495,5.2374,649.0,0
2017-11-16,22,5.5,0.0,4.83333,94,55.005,44.0,-20.685,-3.52584,626.4,0
2017-11-17,0,6.16667,0.0,4.0,91,38.0,21.0,-16.5198,-18.8278,586.56,0
2017-11-17,1,7.0,0.0,3.5,93,44.5025,36.0,-27.0631,-21.1239,563.04,0
2017-11-17,3,6.5,0.0,2.83333,85,44.25,21.0,-24.6721,-37.1853,480.0,0
2017-11-17,4,6.33333,0.0,2.5,89,34.6667,38.72,-18.2049,-46.8641,486.0,0
2017-11-17,5,6.33333,0.0,2.33333,94,50.97,47.75,-15.1435,-45.4731,509.143,0
2017-11-17,6,6.16667,0.0,2.0,94,48.6,49.6275,-14.7608,-44.5492,528.0,0
2017-11-17,7,6.0,0.0,2.0,84,63.44,53.102,-16.6742,-49.1686,498.343,0
2017-11-17,8,6.16667,0.0,2.0,90,60.4725,76.25,-16.6742,-49.1686,480.0,0
2017-11-17,9,6.0,0.51,2.16667,90,80.695,63.13,-14.7276,-50.4692,480.0,0
2017-11-17,11,7.16667,0.51,3.0,87,54.0675,69.38,-11.4804,-32.7164,528.0,0
2017-11-17,12,8.66667,0.74,4.0,73,51.065,52.6267,-11.4804,-14.7164,438.6,0
2017-11-17,13,9.33333,0.74,4.83333,74,49.625,52.7525,-12.6284,14.3806,377.143,0
2017-11-17,14,10.3333,0.74,5.5,80,50.63,54.94,-17.7279,28.626,300.0,0
2017-11-17,15,11.6667,0.61,6.0,86,51.065,48.776,-13.1357,51.7125,265.2,0
2017-11-17,16,11.8333,0.61,6.16667,100,53.25,48.0,-18.4932,45.6469,297.0,0
2017-11-17,18,10.0,0.76,5.83333,96,32.0,79.8633,-13.1357,48.7125,329.018,0
2017-11-17,21,7.0,0.38,4.5,97,28.0,51.375,-1.11486,59.177,360.0,0
2017-11-17,22,6.5,0.38,4.16667,97,25.0,55.005,3.1278,51.4196,457.371,0
2017-11-18,0,6.0,0.0,3.5,95,24.5,38.0,16.9706,49.5719,498.667,1
2017-11-18,1,6.0,0.0,3.16667,95,27.2,44.5025,20.5062,54.1913,480.0,1
2017-11-18,3,6.16667,0.0,2.5,96,31.6667,44.25,25.456,51.6584,480.0,1
2017-11-18,4,6.0,0.0,2.33333,96,35.3333,34.6667,29.6986,50.2017,498.343,1
2017-11-18,5,5.66667,0.0,2.16667,96,42.5625,50.97,26.1631,46.7373,520.0,1
2017-11-18,6,5.5,0.0,2.0,100,44.21,48.6,19.092,45.323,561.6,1
2017-11-18,7,5.16667,0.0,1.66667,100,44.6667,63.44,16.2635,48.1515,540.0,1
2017-11-18,8,5.0,0.0,1.66667,95,43.0833,60.4725,8.48532,47.4444,561.0,1
2017-11-18,9,5.83333,0.0,1.66667,94,22.0,80.695,0.0,46.1438,561.0,1
2017-11-18,10,6.5,0.0,1.83333,93,20.0,58.1575,-11.9877,46.1438,517.029,1
2017-11-18,11,7.66667,0.0,2.16667,82,21.0,54.0675,-18.3517,45.5077,480.0,1
2017-11-18,12,9.16667,0.0,2.5,79,26.0,51.065,-35.3223,41.2755,420.0,1
2017-11-18,13,10.8333,0.0,3.16667,81,37.0,49.625,-35.3223,41.2755,300.0,1
2017-11-18,21,12.8333,1.62,3.0,82,21.0,28.0,-49.8895,20.6647,248.727,1
2017-11-19,0,17.0,1.32,2.66667,95,14.0,24.5,-44.847,26.4462,212.625,1
2017-11-19,2,18.3333,1.63,2.33333,91,9.0,37.0,-39.5982,39.5982,202.926,1
2017-11-19,3,19.5,1.63,2.16667,90,11.0,31.6667,-33.8167,44.6407,186.353,1
2017-11-19,4,19.8333,1.63,2.0,91,13.0,35.3333,-30.5974,53.869,160.74,1
2017-11-19,5,19.6667,1.94,1.83333,91,10.0,42.5625,-24.1088,58.2044,160.74,1
2017-11-19,6,20.0,1.94,2.0,90,12.5,44.21,-23.3435,56.3567,187.617,1
2017-11-19,7,20.8333,1.94,2.0,90,16.0,44.6667,-21.8128,52.6612,200.34,1
2017-11-19,8,21.3333,1.94,2.16667,91,19.0,43.0833,-23.7262,57.2806,156.8,1
2017-11-19,9,20.5,1.94,2.33333,91,16.0,22.0,-33.1014,56.9142,131.368,1
2017-11-19,10,20.8333,1.94,2.5,85,18.0,20.0,-38.5585,52.0885,167.088,1
2017-11-19,12,22.1667,1.45,3.16667,79,18.0,26.0,-44.5479,44.5479,150.333,1
2017-11-19,13,22.1667,1.45,3.5,77,20.0,37.0,-47.3764,47.3764,147.0,1
2017-11-19,23,20.0,0.43,2.83333,86,5.0,17.0,-38.891,38.891,205.8,1
2017-11-20,0,19.5,0.43,2.66667,88,4.0,14.0,-42.4266,42.4266,175.137,0
2017-11-20,2,17.6667,0.48,2.16667,92,7.0,9.0,-16.2635,45.2635,248.191,0
2017-11-20,3,18.6667,1.5,2.0,95,5.0,11.0,-28.2844,57.2844,205.67,0
2017-11-20,5,19.5,2.19,1.66667,92,5.0,10.0,-27.6274,41.6986,174.048,0
2017-11-20,6,20.5,2.57,1.16667,100,6.5,12.5,-35.281,60.1762,139.968,0
2017-11-20,7,22.6667,2.57,1.5,83,6.5,16.0,-26.7876,64.6716,149.908,0
2017-11-20,8,23.8333,2.09,1.33333,99,5.75,19.0,-26.0222,62.8238,131.04,0
2017-11-20,9,24.1667,1.07,1.33333,87,8.0,16.0,-18.3686,68.3462,130.0,0
2017-11-20,10,24.6667,1.07,1.5,92,8.33333,18.0,0.0,51.0,171.55,0
2017-11-20,12,25.8333,0.0,2.16667,81,10.0,18.0,20.5062,50.7925,172.966,0
2017-11-20,13,25.3333,0.25,2.16667,79,12.6667,20.0,0.0,51.0,171.55,0
2017-11-20,14,24.5,0.25,2.5,78,13.3333,17.0,0.0,72.0,130.0,0
2017-11-20,15,23.6667,0.25,2.66667,78,10.6667,18.0,0.0,67.0,170.667,0
2017-11-20,16,21.8333,0.25,3.0,80,12.0,20.0,0.0,62.0,171.943,0
2017-11-20,17,19.8333,0.25,3.16667,76,20.6667,17.0,0.0,59.0,181.895,0
2017-11-21,5,6.33333,0.0,0.333333,89,32.0,5.0,-6.12288,56.7821,421.385,0
2017-11-21,6,5.16667,0.0,0.5,91,42.94,6.5,-7.6536,60.4776,433.108,0
2017-11-21,7,4.66667,0.0,0.666667,100,41.0,6.5,-9.18432,51.1731,537.818,0
2017-11-21,8,4.83333,0.0,1.0,95,31.0,5.75,-13.8037,53.0865,526.145,0
2017-11-21,9,4.83333,0.0,1.33333,97,35.0,8.0,-17.3393,45.6221,624.327,0
2017-11-21,10,5.0,0.0,1.66667,89,35.0,8.33333,-21.0348,47.1528,624.0,0
2017-11-21,11,5.66667,0.0,1.83333,84,36.3333,13.5,-28.4258,39.2142,635.25,0
2017-11-21,12,6.16667,0.48,2.16667,82,33.47,10.0,-32.7554,34.8846,566.1,0
2017-11-21,13,6.5,0.48,2.66667,84,31.3333,12.6667,-36.1611,30.1723,575.143,0
2017-11-21,14,6.66667,0.48,3.16667,82,39.345,13.3333,-42.6283,25.8511,530.4,0
2017-11-21,15,6.33333,0.48,3.66667,84,35.2933,10.6667,-35.0976,22.1556,480.0,0
2017-11-21,16,5.16667,0.48,3.66667,100,42.5,12.0,-31.5669,18.4601,546.96,0
2017-11-21,17,4.66667,0.48,3.66667,100,40.69,20.6667,-30.5669,18.4601,586.56,0
2017-11-22,5,6.0,0.51,2.0,92,39.5,32.0,-16.0475,-47.7423,655.2,0
2017-11-22,6,6.83333,0.51,2.0,92,41.6667,42.94,-11.0977,-49.7925,626.4,0
2017-11-22,7,7.33333,0.51,2.0,93,40.75,41.0,-8.80164,-49.2492,540.8,0
2017-11-22,8,7.83333,0.51,2.0,96,43.25,31.0,-11.8631,-51.6403,440.64,0
2017-11-22,9,9.0,0.51,2.16667,97,38.3333,35.0,-8.03628,-51.4015,413.4,0
2017-11-22,10,10.1667,0.51,2.33333,94,34.25,35.0,-10.715,-51.8686,332.8,0
2017-11-22,11,10.8333,0.0,2.66667,92,43.3333,36.3333,-17.6114,-48.5178,309.12,0
2017-11-22,12,10.6667,1.12,3.0,93,47.625,33.47,-21.8209,-48.6805,278.25,0
2017-11-22,13,10.6667,1.12,3.5,91,30.3333,31.3333,-18.7594,-50.2894,275.6,0
2017-11-22,14,10.8333,1.12,4.16667,86,44.0,39.345,-21.8209,-48.6805,328.714,0
2017-11-22,15,10.3333,1.12,4.66667,89,47.625,35.2933,-20.2901,-44.985,366.277,0
2017-11-22,16,9.0,1.12,5.0,92,52.75,42.5,-28.0684,-52.7632,310.708,0
2017-11-22,17,8.0,1.12,5.16667,96,55.0,40.69,-22.4115,-47.1063,385.527,0
2017-11-22,22,6.16667,0.0,5.66667,96,51.25,49.315,-22.6901,-35.586,495.0,0
2017-11-23,0,6.83333,0.0,6.0,91,33.0,42.0,-32.7215,-20.607,495.164,0
2017-11-23,1,7.0,0.0,6.0,89,40.5,49.315,-30.4866,-10.5327,480.0,0
2017-11-23,3,6.5,0.0,6.0,92,45.0,42.25,-34.5935,5.90988,461.76,0
2017-11-23,4,6.5,0.0,5.83333,87,47.5,42.2,-30.5069,10.5293,457.6,0
2017-11-23,5,6.83333,0.0,5.66667,91,42.5,39.5,-35.8644,8.68152,466.4,0
2017-11-23,6,7.5,0.0,5.5,90,45.96,41.6667,-30.9936,-3.07752,452.4,0
2017-11-23,7,8.0,0.0,5.33333,87,45.5,40.75,-20.9622,-18.0565,451.0,0
2017-11-23,8,8.5,0.0,5.33333,89,43.75,43.25,-21.7829,-26.7166,395.2,0
2017-11-23,9,9.5,0.0,5.5,84,37.0,38.3333,-14.1405,-39.6237,385.0,0
2017-11-23,10,9.83333,0.0,5.83333,88,41.0,34.25,-24.7326,-50.7102,313.65,0
2017-11-23,11,10.0,0.0,6.33333,81,49.125,43.3333,-28.7423,-50.3903,300.0,0
2017-11-23,12,10.0,0.0,7.0,78,47.095,47.625,-32.3693,-49.1465,300.0,0
2017-11-23,13,10.5,0.0,8.0,72,64.69,30.3333,-31.4173,-37.3705,340.267,0
2017-11-23,14,11.1667,0.0,8.66667,77,73.13,44.0,-39.0597,-33.6477,324.8,0
2017-11-23,17,11.1667,0.0,9.66667,76,73.13,55.0,-50.767,-26.413,262.08,0
2017-11-23,22,9.83333,0.0,6.83333,80,31.5,51.25,-51.0974,-29.4494,311.564,0
2017-11-24,0,9.0,0.0,5.83333,81,32.0,33.0,-33.8586,-25.6226,324.48,0
2017-11-24,1,9.33333,0.0,5.66667,82,29.5,40.5,-18.6198,-21.7958,376.32,0
2017-11-24,2,8.5,0.0,5.5,85,29.5,44.5,2.619,-17.969,360.0,0
2017-11-24,3,8.33333,0.0,5.33333,84,30.5,45.0,16.3972,-10.1908,409.867,0
2017-11-24,4,8.16667,0.0,4.83333,96,36.0,47.5,24.3972,-10.1908,360.0,0
2017-11-24,5,8.5,0.0,4.5,90,52.815,42.5,24.3972,2.53719,373.32,0
2017-11-24,6,8.5,0.0,4.33333,90,55.875,45.96,18.5649,13.4351,385.0,0
2017-11-24,7,7.5,0.0,3.83333,99,51.44,45.5,7.02163,15.7312,433.1,0
2017-11-24,8,7.66667,0.0,3.66667,94,47.25,43.75,1.47835,18.0273,423.5,0
2017-11-24,9,7.83333,0.0,3.83333,90,39.5,37.0,-13.2004,11.5601,432.0,0
2017-11-24,10,7.66667,0.0,4.5,83,40.0,41.0,-25.5644,5.1961,405.45,0
2017-11-24,11,7.5,0.0,5.16667,78,53.1267,49.125,-25.5644,5.1961,417.6,0
2017-11-24,12,8.0,0.0,6.0,77,50.065,47.095,-10.2004,-1.16789,429.0,0
2017-11-24,13,9.16667,0.0,7.66667,67,51.0033,64.69,5.87069,-8.23899,395.2,0
2017-11-24,14,9.83333,0.0,8.83333,71,93.61,73.13,29.9573,-12.8312,329.829,0
2017-11-24,17,10.8333,0.0,10.1667,75,93.61,73.13,30.9134,-4.59216,300.667,0
2017-11-24,22,11.3333,0.0,8.66667,80,34.0,31.5,20.5224,-7.6536,260.945,0
2017-11-25,0,11.1667,0.0,8.33333,79,31.5,32.0,22.3702,6.88824,299.815,1
2017-11-25,1,10.6667,0.0,8.16667,80,34.0,29.5,0.131361,10.715,332.215,1
2017-11-25,2,10.1667,0.0,8.0,78,35.0,29.5,-22.1074,14.5418,366.277,1
2017-11-25,3,9.33333,0.0,7.83333,81,28.0,30.5,-29.1785,21.6129,321.6,1
2017-11-25,4,9.0,0.0,7.66667,83,33.5,36.0,-47.8354,27.2698,339.2,1
2017-11-25,5,8.83333,0.0,7.5,84,43.5,52.815,-45.9877,26.5045,366.667,1
2017-11-25,6,8.16667,0.0,7.16667,83,46.0,55.875,-45.0638,26.1218,389.88,1
2017-11-25,7,7.83333,0.0,6.83333,84,38.5,51.44,-50.6071,28.4179,373.32,1
2017-11-25,8,7.83333,0.0,6.5,89,40.25,47.25,-41.3683,16.5911,400.68,1
2017-11-25,9,8.33333,0.0,6.5,85,34.0,39.5,-35.9563,3.52546,400.68,1
2017-11-25,10,8.33333,0.0,6.5,85,42.0,40.0,-28.8852,-14.5456,360.0,1
2017-11-25,11,9.0,0.0,6.66667,80,68.13,53.1267,-16.2283,-20.2025,360.0,1
2017-11-25,12,10.6667,0.0,7.16667,77,51.88,50.065,-10.8554,-34.428,332.8,1
2017-11-25,13,12.1667,0.0,7.83333,72,47.0,51.0033,-20.0942,-34.847,285.12,1
2017-11-26,0,19.6667,1.12,7.66667,95,5.0,31.5,-37.1443,50.6743,159.6,1
2017-11-26,1,21.5,1.86,7.16667,90,2.0,34.0,-36.4372,49.9672,184.512,1
2017-11-26,2,22.3333,1.86,6.5,82,3.0,35.0,-35.6718,48.1194,163.4,1
2017-11-26,3,24.0,1.86,5.83333,84,2.0,28.0,-33.2762,60.3362,120.0,1
2017-11-26,4,23.8333,0.74,5.16667,89,7.0,33.5,-10.3324,55.9448,141.067,1
2017-11-26,5,24.3333,1.48,4.66667,89,8.0,43.5,0.0,55.0,167.69,1
2017-11-26,6,23.3333,2.22,4.5,86,6.0,46.0,0.0,76.0,142.645,1
2017-11-26,7,22.6667,1.48,4.16667,86,10.0,38.5,0.0,59.0,204.75,1
2017-11-26,8,20.6667,1.48,3.83333,87,13.0,40.25,0.0,54.0,225.886,1
2017-11-26,9,18.5,1.48,3.66667,89,11.0,34.0,10.6066,67.8582,193.143,1
2017-11-26,10,16.8333,1.48,3.5,88,10.0,42.0,10.6066,50.8582,232.737,1
2017-11-26,11,15.6667,0.74,3.33333,84,11.0,68.13,10.6066,64.8582,200.842,1
2017-11-26,12,15.1667,0.0,3.33333,83,18.0,51.88,10.6066,59.8582,211.68,1
2017-11-26,21,7.16667,0.0,1.5,94,46.0,17.0,-7.62853,51.4169,427.8,1
2017-11-26,23,5.5,0.0,0.5,97,56.88,10.0,-13.9925,57.7809,457.125,1
2017-11-27,0,5.83333,0.0,-0.166667,89,54.38,5.0,-16.821,44.6094,559.32,0
2017-11-27,1,5.83333,0.0,-0.166667,95,46.0,2.0,-22.4778,50.2662,495.72,0
2017-11-27,2,5.66667,0.0,-0.833333,100,39.0,3.0,-25.1566,46.7334,514.8,0
2017-11-27,3,5.83333,0.0,-1.0,94,36.0,2.0,-27.4527,44.2767,520.0,0
2017-11-27,5,7.16667,0.0,-1.5,98,30.0,8.0,-33.9664,41.0019,536.057,0
2017-11-27,6,7.66667,0.0,-1.33333,100,39.0,6.0,-28.9251,40.8316,492.9,0
2017-11-27,7,7.83333,0.0,-1.33333,96,38.0,10.0,-27.4777,45.3373,421.2,0
2017-11-27,8,8.33333,0.0,-0.666667,92,36.0,13.0,-24.8823,47.0715,408.857,0
2017-11-27,9,8.66667,0.0,0.0,92,30.3333,11.0,-30.5185,44.0485,360.0,0
2017-11-27,10,9.5,0.0,0.666667,92,21.5,10.0,-31.3708,37.324,377.143,0
2017-11-27,11,10.1667,0.0,1.33333,87,29.0,11.0,-31.0132,43.4608,325.867,0
2017-11-27,12,10.3333,0.0,1.83333,85,32.96,18.0,-32.5439,47.1563,300.0,0
2017-11-27,21,9.33333,0.0,1.66667,85,52.625,46.0,-25.6273,10.3544,357.5,0
2017-11-28,0,11.8333,0.0,0.333333,87,36.0,54.38,-4.56416,-12.2458,273.48,0
2017-11-28,1,12.6667,0.0,0.166667,81,36.0,46.0,18.6746,-8.41896,240.0,0
2017-11-28,5,13.8333,0.0,0.166667,80,28.5,30.0,-50.8134,-21.0474,264.0,0
2017-11-28,6,13.8333,0.0,0.5,80,32.5,39.0,-49.8895,-20.6647,267.429,0
2017-11-28,7,13.6667,0.0,0.666667,81,37.5,38.0,-49.8895,-20.6647,261.415,0
2017-11-28,8,13.8333,0.0,0.833333,80,37.0,36.0,-50.8134,-21.0474,251.631,0
2017-11-28,9,14.0,0.0,1.16667,81,40.5,30.3333,-52.6612,-21.8128,239.4,0
2017-11-28,10,13.8333,0.0,1.5,77,47.0,21.5,-52.6612,-21.8128,239.4,0
2017-11-28,11,13.5,0.0,1.83333,74,42.5,29.0,-50.8134,-21.0474,257.914,0
2017-11-28,12,13.1667,0.0,2.33333,69,50.63,32.96,-48.9656,-20.282,282.72,0
2017-11-28,13,13.1667,0.0,2.83333,70,55.0,31.0,-60.0522,-24.8742,240.0,0
2017-11-28,21,10.3333,0.0,3.66667,74,66.88,52.625,13.6256,-11.3388,300.667,0
2017-11-29,0,7.66667,0.0,3.16667,76,28.0,36.0,29.9896,-4.97484,390.831,0
2017-11-29,1,6.83333,0.0,2.83333,82,25.0,36.0,33.9896,-4.97484,408.738,0
2017-11-29,5,6.5,0.91,2.0,85,28.5,28.5,44.609,-3.06144,480.0,0
2017-11-29,6,7.33333,1.82,2.0,88,32.0,32.5,17.3702,-6.88824,496.8,0
2017-11-29,7,7.5,1.82,2.0,91,31.0,37.5,20.3702,-6.88824,454.629,0
2017-11-29,8,8.16667,1.82,1.83333,100,38.5,37.0,16.3702,-6.88824,451.0,0
2017-11-29,10,8.5,0.91,1.66667,96,25.0,47.0,4.05524,-10.3324,360.0,0
2017-11-29,11,8.16667,1.65,1.66667,92,44.44,42.5,14.4463,-7.27092,417.72,0
2017-11-29,12,7.66667,0.74,1.66667,90,44.815,50.63,7.05524,-10.3324,373.32,0
2017-11-29,13,7.5,0.74,1.66667,87,47.375,55.0,10.7508,-8.80164,417.6,0
2017-11-30,0,3.5,0.0,1.33333,95,56.25,28.0,-3.64028,-2.67876,660.0,0
2017-11-30,1,3.5,0.0,1.16667,95,56.8767,25.0,-0.868639,0.76536,731.4,0
2017-11-30,2,4.0,0.0,0.833333,94,56.25,20.0,0.97912,4.59216,796.8,0
2017-11-30,3,4.0,0.94,0.666667,97,56.25,25.0,-0.93428,-0.0272399,743.143,0
2017-11-30,5,5.33333,2.88,0.666667,94,56.565,28.5,-1.46712,-6.34848,829.44,0
2017-11-30,7,5.66667,3.85,0.666667,96,54.38,31.0,-5.56212,-23.0419,642.6,0
2017-11-30,15,11.5,6.09,0.833333,98,51.25,60.63,34.6403,-47.6291,260.0,0
2017-11-30,22,10.3333,2.92,-0.166667,87,20.5,65.63,48.9927,-9.86636,345.257,0
2018-10-01,0,5.66667,0.0,7.5,77,33.395,44.0333,-13.4564,-23.4208,477.164,0
2018-10-01,1,5.83333,0.0,6.66667,73,35.8967,40.2367,-6.82932,-22.7469,559.32,0
2018-10-01,2,6.0,0.0,6.16667,78,38.1967,35.7533,-9.1254,-28.2902,527.88,0
2018-10-01,3,5.33333,0.0,5.66667,80,52.18,50.14,-20.6561,-31.9857,595.2,0
2018-10-01,4,4.5,0.0,5.16667,78,44.0267,27.0767,-21.4215,-33.8335,620.229,0
2018-10-01,5,4.5,0.0,4.83333,80,50.8,32.965,-23.5428,-35.9548,620.743,0
2018-10-01,6,5.0,0.0,4.16667,94,48.95,26.1367,-23.2446,-40.5086,603.2,0
2018-10-01,7,5.33333,0.0,3.66667,87,32.7867,23.4733,-20.473,-47.3605,540.0,0
2018-10-01,8,6.16667,0.0,3.66667,87,43.75,31.45,-18.1769,-49.8172,540.0,0
2018-10-01,9,8.16667,0.0,4.16667,77,27.3333,16.21,-7.57028,-48.2106,546.96,0
2018-10-01,10,10.1667,0.0,5.16667,67,18.5767,14.03,5.14959,-48.3706,397.8,0
2018-10-01,11,11.3333,0.0,6.5,57,19.6967,10.665,20.3575,-37.9343,291.6,0
2018-10-01,12,12.8333,0.0,8.33333,55,20.6233,9.39667,7.4232,-16.5768,258.4,0
2018-10-01,13,13.6667,0.0,10.1667,50,12.59,8.77,-8.28276,-1.07124,212.914,0
2018-10-01,14,13.8333,0.0,11.8333,47,21.6833,11.24,-22.8327,21.0555,228.48,0
2018-10-01,15,13.0,0.0,13.3333,45,31.3967,11.2367,-44.9038,28.1266,267.429,0
2018-10-01,16,12.5,0.0,14.3333,45,71.9967,8.15,-51.2678,34.4906,249.171,0
2018-10-01,17,11.8333,0.0,14.8333,40,53.705,31.8433,-42.9256,40.2196,292.518,0
2018-10-01,18,10.5,0.0,15.3333,48,85.7933,21.9033,-31.0465,42.9529,332.215,0
2018-10-01,19,9.16667,0.0,15.3333,52,29.78,78.98,-34.4906,51.2678,300.0,0
2018-10-01,20,7.5,0.0,14.6667,63,37.12,42.11,-25.2982,47.0754,363.0,0
2018-10-01,21,6.5,0.0,13.5,82,34.8767,39.3967,-25.2982,47.0754,429.0,0
2018-10-01,22,5.66667,0.0,12.0,87,50.65,36.38,-25.2982,50.0754,449.28,0
2018-10-01,23,5.0,0.0,10.6667,80,40.715,27.91,-18.2271,50.0043,482.4,0
2018-10-02,0,5.33333,0.0,9.5,79,32.2933,33.395,-11.8631,49.6403,564.0,0
2018-10-02,1,6.83333,0.0,8.83333,72,36.17,35.8967,-7.27092,49.5537,559.32,0
2018-10-02,2,8.83333,0.0,8.5,69,35.295,38.1967,-3.44412,54.3149,482.4,0
2018-10-02,3,10.1667,0.0,8.5,79,51.065,52.18,0.0,53.0,300.0,0
2018-10-02,4,10.6667,0.0,8.66667,89,48.52,44.0267,-4.20948,53.1627,270.4,0
2018-10-02,5,11.5,0.0,8.83333,91,31.9467,50.8,-4.20948,57.1627,271.745,0
2018-10-02,6,12.0,0.0,8.5,93,35.16,48.95,-4.20948,57.1627,297.6,0
2018-10-02,7,12.1667,0.0,8.16667,84,19.45,32.7867,-4.20948,57.1627,280.8,0
2018-10-02,8,13.0,0.0,8.0,90,36.99,43.75,-4.20948,60.1627,240.0,0
2018-10-02,9,14.1667,0.0,7.83333,87,25.44,27.3333,0.0,57.0,217.964,0
2018-10-02,10,15.6667,0.0,8.16667,76,28.7833,18.5767,-6.88824,62.6298,180.0,0
2018-10-02,11,17.5,0.0,8.66667,72,39.5,19.6967,-6.88824,52.6298,209.012,0
2018-10-02,12,18.8333,0.0,9.33333,65,23.6633,20.6233,-6.88824,57.6298,177.0,0
2018-10-02,13,20.8333,0.0,9.83333,59,22.0933,12.59,-8.41896,61.3254,155.621,0
2018-10-02,14,22.0,0.0,10.5,54,18.76,21.6833,-18.7513,67.2701,125.182,0
2018-10-02,15,23.5,0.0,11.1667,54,19.8167,31.3967,-19.5167,47.1179,179.022,0
2018-10-02,16,24.1667,0.0,11.3333,51,8.35,71.9967,-9.18432,49.1731,171.55,0
2018-10-02,17,24.3333,0.0,11.3333,52,17.6867,53.705,-9.18432,72.1731,120.0,0
2018-10-02,18,23.1667,0.0,11.1667,54,15.9733,85.7933,-8.80164,71.2492,139.2,0
2018-10-02,19,21.8333,0.0,10.8333,58,19.0,29.78,-14.5418,58.1074,187.617,0
2018-10-02,20,20.1667,0.0,10.3333,61,15.235,37.12,-21.8128,52.6612,213.496,0
2018-10-02,21,17.8333,0.0,9.5,68,16.5633,34.8767,-31.7123,62.5607,192.626,0
2018-10-02,22,17.1667,0.0,9.0,64,18.05,50.65,-34.9211,46.2863,211.68,0
2018-10-02,23,16.3333,0.0,8.5,67,13.0567,40.715,-46.7346,39.699,208.042,0
2018-10-03,0,17.3333,0.48,8.0,70,11.815,32.2933,-56.0935,29.0335,180.0,0
2018-10-03,1,17.8333,0.48,7.83333,79,9.97,36.17,-49.0329,29.0085,188.779,0
2018-10-03,2,19.8333,0.48,7.66667,85,12.7167,35.295,-47.0356,37.294,163.4,0
2018-10-03,3,22.1667,0.48,7.83333,87,18.19,51.065,-48.7906,48.7906,130.743,0
2018-10-03,4,23.0,2.16,7.66667,90,8.70667,48.52,-37.4768,37.4768,165.092,0
2018-10-03,5,23.5,2.16,7.5,92,16.92,31.9467,-36.0626,36.0626,179.022,0
2018-10-03,6,24.1667,1.68,7.5,94,10.3033,35.16,-50.9119,50.9119,144.222,0
2018-10-03,7,24.5,4.22,7.33333,87,6.97,19.45,-49.4977,49.4977,140.4,0
2018-10-03,8,25.5,6.76,7.33333,84,13.51,36.99,-49.4977,49.4977,125.314,0
2018-10-03,9,25.5,6.76,7.5,79,3.36,25.44,-29.2164,46.5348,142.8,0
2018-10-03,10,26.6667,7.09,8.0,78,10.6467,28.7833,-31.3377,48.6561,150.562,0
2018-10-03,11,29.6667,9.1,8.5,78,11.3967,39.5,-30.955,47.7323,141.067,0
2018-10-03,12,31.8333,9.1,9.0,72,10.17,23.6633,-26.7876,64.6716,99.1742,0
2018-10-03,13,35.5,6.86,9.66667,68,8.50333,22.0933,-29.4664,71.1388,97.2923,0
2018-10-03,14,36.8333,4.32,10.1667,64,9.73333,18.76,-32.1451,77.6059,71.6211,0
2018-10-03,15,38.0,4.32,10.5,63,8.86,19.8167,-32.9105,79.4537,87.6522,0
2018-10-03,16,38.1667,2.31,10.6667,69,8.38,8.35,-15.3072,70.9552,110.88,0
2018-10-03,17,36.6667,0.3,10.8333,79,9.355,17.6867,0.0,66.0,124.8,0
2018-10-03,18,34.0,0.3,10.6667,70,8.30667,15.9733,0.0,62.0,136.5,0
2018-10-03,19,28.8333,0.0,10.1667,80,15.17,19.0,0.0,52.0,180.96,0
2018-10-03,20,25.3333,0.0,9.66667,82,12.4233,15.235,0.0,67.0,183.96,0
2018-10-03,21,22.5,0.0,9.16667,78,14.9467,16.5633,0.0,56.0,216.0,0
2018-10-03,22,20.1667,0.0,8.5,77,13.12,18.05,0.0,51.0,225.28,0
2018-10-03,23,18.3333,0.0,7.83333,79,14.2433,13.0567,0.0,54.0,217.579,0
2018-10-04,0,17.8333,0.0,7.5,77,16.24,11.815,0.0,54.0,209.012,0
2018-10-04,1,18.0,0.0,7.33333,78,17.99,9.97,0.0,56.0,198.4,0
2018-10-04,2,18.0,0.0,7.0,79,15.46,12.7167,0.0,54.0,217.579,0
2018-10-04,3,17.8333,0.0,6.66667,81,12.505,18.19,0.0,54.0,217.579,0
2018-10-04,4,17.5,0.0,6.5,85,16.7233,8.70667,0.0,51.0,229.125,0
2018-10-04,5,17.3333,0.0,6.33333,85,13.7333,16.92,-6.12288,49.7821,240.505,0
2018-10-04,6,17.0,0.0,6.16667,87,14.57,10.3033,-6.12288,67.7821,180.0,0
2018-10-04,7,17.5,0.0,5.83333,87,19.4833,6.97,-12.6284,48.488,229.125,0
2018-10-04,8,17.5,0.0,5.83333,93,16.16,13.51,-13.7765,51.2597,213.333,0
2018-10-04,9,18.8333,0.0,6.0,82,18.8633,3.36,-13.7765,52.2597,201.318,0
2018-10-04,10,20.3333,0.0,6.66667,71,21.47,10.6467,-16.4552,58.7268,162.0,0
2018-10-04,11,21.5,0.0,7.16667,79,19.2033,11.3967,-9.18432,66.1731,125.621,0
2018-10-04,12,22.5,0.0,7.83333,70,19.27,10.17,-9.18432,72.1731,120.0,0
2018-10-04,13,22.8333,0.0,8.83333,59,12.9567,8.50333,0.0,73.0,129.792,0
2018-10-04,14,23.5,0.0,9.83333,54,13.4567,9.73333,0.0,69.0,150.528,0
2018-10-04,15,23.3333,0.0,10.8333,57,8.09,8.86,0.0,67.0,151.93,0
2018-10-04,16,23.6667,0.0,11.3333,54,30.16,8.38,0.0,67.0,141.943,0
2018-10-04,17,22.0,0.0,11.8333,63,35.8133,9.355,0.0,73.0,120.0,0
2018-10-04,18,19.3333,0.0,12.0,65,37.9467,8.30667,0.0,65.0,163.409,0
2018-10-04,19,16.6667,0.0,11.8333,76,19.49,15.17,0.0,72.0,186.261,0
2018-10-04,20,13.5,0.0,11.1667,85,35.49,12.4233,0.0,54.0,337.422,0
2018-10-04,21,10.3333,0.0,10.3333,86,52.0033,14.9467,-1.53072,57.6955,389.467,0
2018-10-04,22,7.33333,0.0,9.33333,96,21.95,13.12,-4.35916,60.524,433.333,0
2018-10-04,23,5.66667,0.0,8.5,96,36.265,14.2433,-12.6741,63.9681,418.133,0
2018-10-05,0,5.5,0.0,8.0,88,29.9533,16.24,-17.2935,65.8815,430.667,0
2018-10-05,1,6.16667,0.0,7.5,94,25.62,17.99,-21.5361,43.1241,552.0,0
2018-10-05,2,6.83333,0.0,7.5,87,28.7033,15.46,-27.9001,49.4881,493.68,0
2018-10-05,3,7.16667,0.0,7.5,83,26.48,12.505,-35.2912,37.5496,480.0,0
2018-10-05,4,6.83333,0.0,7.66667,84,32.6933,16.7233,-40.8344,27.8456,492.9,0
2018-10-05,5,7.16667,0.0,7.83333,83,36.25,13.7333,-45.7709,26.8289,420.0,0
2018-10-05,6,7.33333,0.0,7.66667,86,39.4967,14.57,-49.4096,26.6792,450.667,0
2018-10-05,7,7.16667,0.0,7.5,87,32.3567,19.4833,-47.5618,25.9138,420.0,0
2018-10-05,8,7.0,0.0,7.33333,87,30.98,16.16,-46.0908,22.8192,463.6,0
2018-10-05,9,7.16667,0.0,7.66667,78,25.0,18.8633,-39.0908,22.8192,420.0,0
2018-10-05,10,7.5,0.0,8.33333,65,32.73,21.47,-25.7268,16.4552,436.05,0
2018-10-05,11,8.16667,0.0,9.33333,61,18.4767,19.2033,-21.1074,14.5418,443.143,0
2018-10-05,12,8.5,0.0,10.6667,55,16.49,19.27,-22.4185,19.6413,375.943,0
2018-10-05,13,9.16667,0.0,12.5,46,19.0533,12.9567,-15.8482,20.6478,401.85,0
2018-10-05,14,10.8333,0.0,14.3333,41,12.61,13.4567,-16.9424,26.0716,329.829,0
2018-10-05,15,11.3333,0.0,15.6667,49,29.5567,8.09,-42.9633,38.0925,251.6,0
2018-10-05,16,11.8333,0.0,16.5,49,15.68,30.16,-43.8872,38.4752,260.945,0
2018-10-05,17,11.3333,0.0,16.8333,55,45.2267,35.8133,-40.8316,28.9251,286.7,0
2018-10-05,18,10.6667,0.0,16.6667,61,50.15,37.9467,-32.8316,28.9251,270.3,0
2018-10-05,19,9.33333,0.0,16.1667,65,58.29,19.49,-19.3462,20.4398,380.824,0
2018-10-05,20,7.5,0.0,15.1667,74,51.6533,35.49,-15.3462,20.4398,413.365,0
2018-10-05,21,7.0,0.0,14.0,79,46.81,52.0033,-19.5889,16.1972,415.412,0
2018-10-05,22,6.5,0.0,12.8333,83,55.05,21.95,-10.2468,-2.29086,473.28,0
2018-10-05,23,6.33333,0.0,11.5,92,38.11,36.265,-7.37197,-12.4816,506.3,0
2018-10-06,0,6.83333,0.0,10.6667,86,44.245,29.9533,-12.3217,-17.4314,475.2,1
2018-10-06,1,7.83333,0.0,9.5,93,39.81,25.62,-4.29662,-29.4146,486.0,1
2018-10-06,2,8.16667,0.0,8.66667,91,40.2433,28.7033,-21.1234,-38.6534,429.3,1
2018-10-06,3,8.16667,0.0,8.0,89,44.465,26.48,-28.1849,-46.0445,377.4,1
2018-10-06,4,8.5,0.0,7.83333,76,54.45,32.6933,-26.621,-48.269,375.943,1
2018-10-06,5,9.16667,0.0,7.83333,76,45.6333,36.25,-27.7409,-39.6473,393.6,1
2018-10-06,6,8.83333,0.0,7.66667,77,53.37,39.4967,-32.9538,-38.907,341.85,1
2018-10-06,7,8.33333,0.0,7.83333,75,42.6333,32.3567,-35.4356,-33.812,389.88,1
2018-10-06,9,9.0,0.0,8.66667,69,41.6,25.0,-41.5084,-34.4728,374.85,1
2018-10-06,10,9.5,0.0,9.5,56,42.39,32.73,-44.2535,-29.0999,385.527,1
2018-10-06,11,10.8333,0.0,10.8333,50,49.7833,18.4767,-20.0908,-24.8904,347.564,1
2018-10-06,12,12.8333,0.0,12.3333,47,51.04,16.49,-16.9888,-20.706,245.143,1
2018-10-06,13,14.3333,0.0,14.0,44,52.94,19.0533,-20.1836,-14.1592,221.4,1
2018-10-06,14,16.8333,0.0,15.6667,43,52.42,12.61,-18.1836,-14.1592,225.095,1
2018-10-06,15,17.5,0.0,17.3333,44,56.5867,29.5567,21.3702,-6.88824,198.4,1
2018-10-06,16,17.5,0.0,18.1667,47,60.2233,15.68,23.2179,6.12288,204.6,1
2018-10-06,17,16.3333,0.0,18.8333,51,60.55,45.2267,21.2179,6.12288,244.364,1
2018-10-06,18,14.5,0.0,19.0,53,59.11,50.15,33.2179,6.12288,234.109,1
2018-10-06,19,12.5,0.0,18.6667,62,79.44,58.29,26.7508,8.80164,247.582,1
2018-10-06,20,9.83333,0.0,17.8333,74,63.4833,51.6533,1.05524,7.27092,363.825,1
2018-10-06,21,8.5,0.0,16.6667,71,51.9,46.81,-1.24084,1.72764,371.925,1
2018-10-06,22,7.83333,0.0,15.6667,76,47.11,55.05,6.1502,-7.45668,448.2,1
2018-10-06,23,7.16667,0.0,14.3333,78,43.7533,38.11,-3.0886,-11.2835,395.229,1
2018-10-07,0,7.0,0.0,13.3333,79,45.785,44.245,-24.4796,-14.3449,450.3,1
2018-10-07,1,7.83333,0.0,12.6667,79,43.97,39.81,-30.0229,-16.641,433.5,1
2018-10-07,2,8.0,0.0,12.3333,80,45.655,40.2433,-26.5558,-19.3198,429.3,1
2018-10-07,3,8.0,0.51,12.1667,79,45.3867,44.465,-15.8602,-17.789,395.2,1
2018-10-07,4,7.66667,0.51,12.0,81,49.71,54.45,-20.9552,-9.18432,390.0,1
2018-10-07,5,7.83333,0.51,12.0,81,49.06,45.6333,-20.9552,-3.06144,414.72,1
2018-10-07,6,8.16667,0.51,12.0,81,53.01,53.37,-20.0313,4.20948,405.45,1
2018-10-07,7,7.5,1.02,12.0,79,50.08,42.6333,-20.0313,10.3324,377.4,1
2018-10-07,9,7.83333,0.51,12.3333,77,46.7767,41.6,-35.4985,11.4804,425.829,1
2018-10-07,10,8.0,0.51,13.1667,68,50.24,42.39,-50.8134,8.03628,405.45,1
2018-10-07,11,8.83333,0.51,14.1667,66,43.4867,49.7833,-49.7864,11.3388,390.0,1
2018-10-07,12,9.66667,0.99,15.3333,61,49.05,51.04,-20.0804,4.83327,371.25,1
2018-10-07,13,11.1667,0.48,16.6667,56,35.2433,52.94,-17.2624,9.05086,305.25,1
2018-10-07,14,12.3333,0.48,18.1667,51,46.71,52.42,-22.8057,17.4698,240.0,1
2018-10-07,15,13.6667,0.48,19.3333,55,36.6367,56.5867,-18.7334,25.1566,248.571,1
2018-10-07,16,15.0,0.48,19.8333,59,27.4567,60.2233,-39.239,40.8626,214.338,1
2018-10-07,17,16.0,0.48,20.3333,60,48.37,60.55,-42.0674,43.691,187.971,1
2018-10-07,18,17.1667,0.0,20.3333,63,24.9067,59.11,-26.18,46.2044,209.012,1
2018-10-07,19,17.3333,0.0,19.6667,68,32.87,79.44,-19.6745,50.4985,186.353,1
2018-10-07,20,18.0,0.0,18.5,70,11.1433,63.4833,2.95305,52.3358,214.5,1
2018-10-07,21,18.0,0.0,16.8333,73,12.07,51.9,24.0417,47.2933,221.76,1
2018-10-07,22,17.3333,0.0,15.3333,78,11.39,47.11,36.0626,39.3142,225.28,1
2018-10-07,23,15.3333,0.0,13.5,84,11.0833,43.7533,45.255,51.3246,187.68,1
2018-10-08,0,13.5,0.0,11.8333,86,13.86,45.785,40.3053,44.8574,270.189,0
2018-10-08,1,12.3333,0.0,10.6667,86,9.40333,43.97,46.6693,53.1724,264.442,0
2018-10-08,2,9.66667,0.0,9.5,100,11.83,45.655,38.891,45.3941,350.118,0
2018-10-08,3,7.5,0.0,8.66667,97,14.2633,45.3867,38.891,48.3941,391.482,0
2018-10-08,4,6.16667,0.0,7.83333,92,15.01,49.71,38.891,52.3941,415.412,0
2018-10-08,5,5.5,0.0,7.16667,99,22.2433,49.06,42.4266,57.0135,420.0,0
2018-10-08,6,5.0,0.0,6.5,100,25.55,53.01,30.4057,48.9927,544.615,0
2018-10-08,7,4.66667,0.0,5.83333,100,36.48,50.08,34.6484,53.2353,523.477,0
2018-10-08,8,4.66667,0.0,5.66667,95,33.67,51.9,29.6986,45.4676,569.25,0
2018-10-08,9,4.5,0.0,6.0,89,36.8,46.7767,28.5506,48.2392,577.2,0
2018-10-08,10,4.16667,0.0,6.5,77,22.95,50.24,22.8937,43.8482,688.267,0
2018-10-08,11,4.33333,0.0,7.16667,78,21.88,43.4867,20.1221,44.9962,696.667,0
2018-10-08,12,4.33333,0.0,8.0,71,29.55,49.05,18.2087,49.6156,660.0,0
2018-10-08,13,4.0,0.0,9.0,66,16.7367,35.2433,9.54859,46.844,702.0,0
2018-10-08,14,4.33333,0.0,9.83333,64,13.05,46.71,2.36099,44.8826,693.6,0
2018-10-08,15,4.66667,0.0,10.5,54,41.3333,36.6367,7.36099,41.8826,660.0,0
2018-10-08,16,4.83333,0.0,11.0,53,31.76,27.4567,2.74159,39.796,660.0,0
2018-10-08,17,4.33333,0.0,11.3333,59,57.9633,48.37,-4.48948,36.7073,660.0,0
2018-10-08,18,3.66667,0.0,11.5,65,58.8433,24.9067,-6.33724,33.4727,756.0,0
2018-10-08,19,3.33333,0.0,11.3333,73,42.18,32.87,-8.185,34.238,769.6,0
2018-10-08,20,3.0,0.0,10.8333,80,53.8933,11.1433,-10.0328,33.4727,780.0,0
2018-10-08,21,2.5,0.0,9.83333,92,70.88,12.07,-14.2754,26.23,858.6,0
2018-10-08,22,2.66667,0.0,8.5,95,94.56,11.39,-12.8612,24.8158,867.0,0
2018-10-08,23,3.0,0.0,7.0,100,56.4833,11.0833,-14.0424,13.1821,852.8,0
2018-10-09,0,2.66667,0.0,5.66667,100,50.965,13.86,-12.5117,6.48658,816.0,0
2018-10-09,1,2.83333,0.0,4.5,100,47.7467,9.40333,-12.5117,6.48658,877.2,0
2018-10-09,2,3.16667,0.0,3.66667,100,50.13,11.83,-8.59202,2.5669,928.56,0
2018-10-09,3,3.16667,0.0,3.33333,95,51.6033,14.2633,-3.14307,-5.58805,950.4,0
2018-10-09,4,3.33333,0.0,3.33333,94,57.25,15.01,-1.72885,-7.00227,956.8,0
2018-10-09,5,3.33333,0.0,3.5,95,62.6133,22.2433,4.80989,-16.7882,900.0,0
2018-10-09,6,4.16667,0.0,3.66667,98,57.58,25.55,4.80989,-24.1792,930.24,0
2018-10-09,7,4.33333,0.0,3.83333,97,55.7733,36.48,-0.19011,-29.1792,930.24,0
2018-10-09,8,4.0,0.0,4.0,100,50.5067,33.67,4.42929,-35.0927,933.3,0
2018-10-09,9,4.5,0.0,4.5,97,70.84,36.8,8.12481,-39.6234,900.0,0
2018-10-09,10,5.0,0.0,5.5,78,44.05,22.95,13.6681,-45.3887,852.8,0
2018-10-09,11,5.5,0.0,6.83333,68,53.54,21.88,3.93895,-44.4186,720.0,0
2018-10-09,12,5.66667,0.0,8.5,66,39.34,29.55,7.49483,-36.1037,600.0,0
2018-10-09,13,6.16667,0.0,10.3333,62,37.6867,16.7367,8.81124,-29.7965,581.4,0
2018-10-09,14,6.83333,0.0,12.3333,55,51.9,13.05,0.92986,-31.0611,540.0,0
2018-10-09,15,7.0,0.0,13.8333,55,52.3267,41.3333,5.21792,-23.1229,524.16,0
2018-10-09,16,6.16667,0.0,15.0,54,47.83,31.76,11.2179,-18.1229,480.0,0
2018-10-09,17,5.33333,0.0,15.6667,62,72.62,57.9633,15.2179,-11.1229,505.44,0
2018-10-09,18,4.83333,0.0,15.6667,71,71.58,58.8433,17.2179,-11.1229,524.16,0
2018-10-09,19,3.83333,0.0,15.1667,75,59.22,42.18,15.0966,-4.00155,618.667,0
2018-10-09,20,2.83333,0.0,14.3333,85,80.5267,53.8933,14.3895,-3.29444,668.8,0
2018-10-09,21,2.5,0.0,13.3333,89,76.6067,70.88,13.6824,-2.58733,716.8,0
2018-10-09,22,2.33333,0.0,12.0,90,91.86,94.56,9.98685,-1.05661,700.267,0
2018-10-09,23,2.33333,0.0,10.5,100,84.73,56.4833,15.5301,3.53555,796.8,0
2018-10-10,0,2.16667,0.0,9.5,93,69.4433,50.965,16.2955,1.68779,814.629,0
2018-10-10,1,3.0,0.0,8.66667,94,70.4333,47.7467,17.0609,-0.15997,829.029,0
2018-10-10,2,3.0,0.0,8.0,95,69.735,50.13,12.3569,-5.70325,832.0,0
2018-10-10,3,2.33333,0.0,7.5,94,74.165,51.6033,12.3569,-6.70325,867.0,0
2018-10-10,4,2.0,0.0,7.0,91,73.4967,57.25,12.3569,-6.70325,928.2,0
2018-10-10,5,1.66667,0.0,6.83333,92,74.94,62.6133,12.3569,-7.70325,960.0,0
2018-10-10,6,2.0,0.0,6.16667,100,77.8967,57.58,12.3569,-7.70325,1020.0,0
2018-10-10,7,1.66667,0.0,6.0,94,74.04,55.7733,6.35693,-11.7032,1108.46,0
2018-10-10,8,2.0,0.0,6.16667,91,72.41,50.5067,12.8241,-13.0245,1200.0,0
2018-10-10,9,2.83333,0.0,6.66667,87,56.6933,70.84,12.8241,-16.0245,1172.06,0
2018-10-10,10,3.5,0.0,7.83333,77,69.48,44.05,5.82409,-21.0245,1209.6,0
2018-10-10,11,4.5,0.0,9.33333,73,40.4133,53.54,-3.71146,-24.56,1192.5,0
2018-10-10,12,5.0,0.0,11.6667,59,44.34,39.34,-13.9541,-28.8027,1102.4,0
2018-10-10,13,5.0,0.0,13.8333,55,50.35,37.6867,-15.3683,-37.288,933.3,0
2018-10-10,14,5.83333,0.0,16.0,51,47.9367,51.9,-14.5013,-41.6472,900.0,0
2018-10-10,15,6.66667,0.0,17.6667,53,49.44,52.3267,-18.9172,-44.7566,832.0,0
2018-10-10,16,7.16667,0.0,18.6667,56,63.0367,47.83,-21.2133,-43.2133,530.4,0
2018-10-10,17,7.5,0.0,19.3333,63,62.895,72.62,-21.2133,-44.2133,461.76,0
2018-10-10,18,7.66667,0.0,19.1667,66,64.1333,71.58,-17.6777,-43.6777,451.0,0
2018-10-10,19,7.83333,0.0,18.5,79,60.3933,59.22,-13.4351,-47.4351,425.829,0
2018-10-10,20,7.5,0.0,17.1667,85,52.4333,80.5267,-8.48532,-47.4853,429.3,0
2018-10-10,21,6.83333,0.0,15.8333,86,52.81,76.6067,-5.65688,-50.6569,437.25,0
2018-10-10,22,6.83333,0.0,14.6667,85,67.16,91.86,0.0,-51.0,488.52,0
2018-10-10,23,7.0,0.0,13.3333,85,53.8533,84.73,0.0,-59.0,434.52,0
2018-10-11,0,6.83333,0.0,12.3333,83,60.67,69.4433,0.0,-58.0,420.0,0
2018-10-11,1,7.5,0.0,11.5,86,56.4867,70.4333,0.0,-57.0,436.05,0
2018-10-11,2,7.33333,0.0,11.0,85,57.08,69.735,0.0,-58.0,420.0,0
2018-10-11,3,7.0,0.0,10.5,86,59.26,74.165,0.0,-55.0,420.0,0
2018-10-11,4,6.5,0.0,10.0,88,58.82,73.4967,0.0,-54.0,457.6,0
2018-10-11,5,6.33333,0.0,9.5,89,62.6733,74.94,0.0,-53.0,477.0,0
2018-10-11,6,6.66667,0.0,9.16667,83,63.1267,77.8967,0.0,-55.0,469.05,0
2018-10-11,7,6.66667,0.0,9.0,88,63.7667,74.04,0.0,-56.0,466.4,0
2018-10-11,8,7.33333,0.0,8.83333,87,78.17,72.41,0.0,-56.0,437.143,0
2018-10-11,9,8.66667,0.0,9.16667,84,57.32,56.6933,-3.44412,-57.3149,435.2,0
2018-10-11,10,10.1667,0.0,9.83333,78,53.1967,69.48,-3.44412,-51.3149,356.16,0
2018-10-11,11,11.5,0.0,11.1667,62,61.72,40.4133,-8.80164,-51.2492,313.6,0
2018-10-11,12,12.6667,0.0,12.5,61,51.72,44.34,-8.80164,-49.2492,270.667,0
2018-10-11,13,13.3333,0.0,14.0,53,48.8533,50.35,-5.35752,-56.9343,216.0,0
2018-10-11,14,14.5,0.0,15.8333,47,56.4,47.9367,-5.35752,-57.9343,221.571,0
2018-10-11,15,14.5,0.0,17.1667,55,57.2333,49.44,0.0,-61.0,218.625,0
2018-10-11,16,14.0,0.0,18.1667,56,49.69,63.0367,0.0,-57.0,252.225,0
2018-10-11,17,12.8333,0.0,18.8333,62,54.71,62.895,0.0,-52.0,281.538,0
2018-10-11,18,11.8333,0.0,19.0,59,56.7167,64.1333,0.0,-61.0,259.2,0
2018-10-11,19,10.8333,0.0,18.6667,67,60.97,60.3933,0.0,-58.0,313.2,0
2018-10-11,20,9.66667,0.0,17.6667,74,57.94,52.4333,0.0,-65.0,309.825,0
2018-10-11,21,9.83333,0.0,16.6667,76,54.2167,52.81,0.0,-58.0,345.6,0
2018-10-11,22,9.66667,0.0,15.6667,75,55.78,67.16,0.0,-59.0,323.345,0
2018-10-11,23,9.66667,0.0,14.3333,83,53.4633,53.8533,0.0,-58.0,312.8,0
2018-10-12,0,9.66667,0.0,13.1667,86,54.715,60.67,0.0,-58.0,324.48,0
2018-10-12,1,10.1667,0.0,12.3333,84,55.1067,56.4867,0.0,-51.0,340.267,0
2018-10-12,2,10.0,0.0,11.6667,89,55.4,57.08,0.0,-52.0,354.738,0
2018-10-12,3,9.0,0.0,11.1667,86,57.98,59.26,0.0,-60.0,332.677,0
2018-10-12,4,8.66667,0.0,10.6667,84,57.5833,58.82,0.0,-54.0,376.32,0
2018-10-12,5,8.16667,0.0,10.1667,93,59.14,62.6733,0.0,-52.0,395.2,0
2018-10-12,6,7.66667,0.0,9.66667,92,64.2233,63.1267,0.0,-58.0,374.0,0
2018-10-12,7,7.0,0.0,9.16667,90,64.06,63.7667,0.0,-56.0,414.72,0
2018-10-12,8,6.66667,0.0,9.16667,88,59.55,78.17,-2.29608,-51.5433,473.28,0
2018-10-12,9,6.66667,0.0,9.0,100,55.2967,57.32,0.0,-57.0866,449.28,0
2018-10-12,10,6.5,0.0,9.66667,72,57.33,53.1967,0.0,-54.0866,469.05,0
2018-10-12,11,6.66667,0.0,11.0,64,55.6333,61.72,-4.94977,-51.0363,472.457,0
2018-10-12,12,6.83333,0.0,12.6667,61,52.28,51.72,-4.94977,-51.0363,486.0,0
2018-10-12,13,7.33333,0.0,14.8333,53,55.99,48.8533,-8.01121,-50.4274,457.6,0
2018-10-12,14,7.66667,0.0,16.8333,46,53.74,56.4,-8.01121,-53.4274,420.0,0
2018-10-12,15,7.83333,0.0,18.8333,51,67.3967,57.2333,-13.1062,-43.9455,432.0,0
2018-10-12,16,8.0,0.0,19.8333,53,69.01,49.69,-7.40225,-38.4022,408.857,0
2018-10-12,17,7.83333,0.0,20.5,56,62.955,54.71,0.59775,-31.4023,392.229,0
2018-10-12,18,7.33333,0.0,20.6667,56,66.51,56.7167,11.5475,-26.4525,408.857,0
2018-10-12,19,6.5,0.0,20.0,71,80.9067,60.97,8.01197,-22.988,453.6,0
2018-10-12,20,5.83333,0.0,18.6667,84,131.55,57.94,5.18353,-25.8165,452.4,0
2018-10-12,21,5.33333,0.0,17.3333,75,74.25,54.2167,8.24497,-22.4254,532.0,0
2018-10-12,22,4.66667,0.0,16.1667,81,81.68,55.78,8.24497,-27.4254,513.067,0
2018-10-12,23,4.33333,0.0,14.6667,88,66.66,53.4633,8.24497,-22.4254,588.0,0
2018-10-13,0,3.66667,0.0,13.1667,91,63.9667,54.715,8.24497,-26.4254,577.2,1
2018-10-13,1,3.5,0.0,12.0,92,62.2767,55.1067,8.24497,-27.4254,619.65,1
2018-10-13,2,3.5,0.0,11.1667,97,62.665,55.4,15.636,-27.364,722.4,1
2018-10-13,3,3.16667,0.0,10.5,98,63.125,57.98,14.1053,-31.0595,702.0,1
2018-10-13,4,3.33333,0.0,9.83333,86,61.69,57.5833,7.25333,-33.8312,812.25,1
2018-10-13,5,3.16667,0.0,9.16667,94,61.24,59.14,9.16673,-38.4506,764.4,1
2018-10-13,6,3.66667,0.0,8.83333,92,65.0833,64.2233,1.16673,-41.4506,847.0,1
2018-10-13,7,4.0,0.0,8.5,90,59.56,64.06,2.69745,-45.1461,805.8,1
2018-10-13,8,3.83333,0.0,8.66667,87,61.6967,59.55,-1.38915,-49.7655,807.84,1
2018-10-13,9,4.0,0.0,8.66667,98,64.04,55.2967,3.29444,-49.0016,842.4,1
2018-10-13,10,3.83333,0.0,9.66667,72,44.3867,57.33,6.12288,-50.1731,842.4,1
2018-10-13,11,4.33333,0.0,11.3333,63,61.28,55.6333,2.42736,-47.7038,864.96,1
2018-10-13,12,4.83333,0.0,13.1667,59,47.7267,52.28,-3.11592,-44.9999,810.9,1
2018-10-13,13,5.0,0.0,15.1667,51,48.73,55.99,-9.58308,-38.6787,728.0,1
2018-10-13,14,5.66667,0.0,17.3333,39,46.6,53.74,-13.8257,-39.9213,660.0,1
2018-10-13,15,6.16667,0.0,19.5,45,53.71,67.3967,-16.1218,-39.9213,624.24,1
2018-10-13,16,6.66667,0.0,20.5,50,59.6833,69.01,-20.714,-38.7691,566.1,1
2018-10-13,17,7.33333,0.0,20.8333,59,67.38,62.955,-26.8369,-36.9213,540.8,1
2018-10-13,18,7.5,0.0,20.8333,57,68.3733,66.51,-31.8117,-39.3885,420.0,1
2018-10-13,19,7.5,0.0,20.1667,66,62.72,80.9067,-22.5729,-43.5617,443.143,1
2018-10-13,20,7.16667,0.0,18.6667,80,61.315,131.55,-16.1057,-46.8829,451.0,1
2018-10-13,21,7.16667,0.0,17.1667,80,62.8533,74.25,-16.1057,-51.8829,420.0,1
2018-10-13,22,7.16667,0.0,15.6667,84,78.1,81.68,-11.8631,-54.6403,420.0,1
2018-10-13,23,7.0,0.0,14.5,81,64.61,66.66,-9.18432,-55.1731,420.0,1
2018-10-14,0,7.0,0.0,13.3333,82,61.5867,63.9667,-3.8268,-51.2388,473.28,1
2018-10-14,1,7.16667,0.0,12.5,87,62.4133,62.2767,-3.8268,-59.2388,420.0,1
2018-10-14,2,7.16667,0.0,11.8333,88,78.58,62.665,0.0,-57.0,436.05,1
2018-10-14,3,7.0,0.0,11.3333,85,60.82,63.125,-1.9134,-53.6194,457.6,1
2018-10-14,4,6.5,0.0,10.8333,91,75.24,61.69,-1.9134,-53.6194,440.64,1
2018-10-14,5,6.33333,0.0,10.0,93,63.57,61.24,-1.9134,-52.6194,490.629,1
2018-10-14,6,6.0,0.0,9.33333,94,61.7567,65.0833,-1.9134,-53.6194,472.457,1
2018-10-14,7,6.33333,0.0,8.83333,92,78.61,59.56,-1.9134,-52.6194,515.2,1
2018-10-14,8,6.5,0.0,8.66667,94,64.1233,61.6967,-1.9134,-52.6194,503.25,1
2018-10-14,9,7.16667,0.0,8.83333,85,75.4,64.04,-1.9134,-50.6194,528.0,1
2018-10-14,10,8.0,0.0,9.66667,75,56.3033,44.3867,-1.9134,-53.6194,440.64,1
2018-10-14,11,8.16667,0.0,11.0,69,76.52,61.28,-6.36399,-49.364,405.6,1
2018-10-14,12,8.83333,0.0,12.6667,61,58.3367,47.7267,-6.36399,-54.364,374.85,1
2018-10-14,13,9.0,0.0,14.6667,54,64.98,48.73,-10.1908,-49.6028,380.8,1
2018-10-14,14,9.66667,0.0,16.8333,47,43.66,46.6,-10.1908,-50.6028,332.8,1
2018-10-14,15,10.0,0.0,18.5,50,46.2567,53.71,-10.1908,-54.6028,324.48,1
2018-10-14,16,10.0,0.0,19.5,53,49.85,59.6833,-3.8268,-50.2388,340.267,1
2018-10-14,17,10.1667,0.0,20.1667,62,48.3467,67.38,-3.8268,-50.2388,346.92,1
2018-10-14,18,10.0,0.0,20.1667,59,52.02,68.3733,-3.8268,-50.2388,346.92,1
2018-10-14,19,9.0,0.0,19.5,65,47.26,62.72,-7.27092,-58.5537,300.0,1
2018-10-14,20,8.5,0.0,18.1667,74,51.0733,61.315,-8.80164,-52.2492,376.32,1
2018-10-14,21,7.5,0.0,16.8333,69,44.9167,62.8533,-11.4804,-48.7164,433.1,1
2018-10-14,22,7.66667,0.0,15.5,75,52.77,78.1,-13.7765,-54.2597,423.5,1
2018-10-14,23,7.66667,0.0,14.1667,79,41.2533,64.61,-13.7765,-52.2597,417.6,1
2018-10-15,0,7.5,0.0,13.0,82,45.66,61.5867,-13.7765,-53.2597,414.72,0
2018-10-15,1,7.83333,0.0,12.0,84,52.2,62.4133,-9.94968,-52.0209,432.667,0
2018-10-15,2,7.5,0.0,11.1667,85,50.54,78.58,-8.80164,-49.2492,429.3,0
2018-10-15,3,7.16667,0.0,10.5,86,50.39,60.82,-7.27092,-50.5537,443.143,0
2018-10-15,4,6.5,0.0,10.0,84,47.96,75.24,-5.7402,-54.2492,437.143,0
2018-10-15,5,5.83333,0.0,9.33333,85,52.44,63.57,-0.76536,-53.3254,438.6,0
2018-10-15,6,6.0,0.0,8.66667,88,58.0033,61.7567,3.8268,-53.3254,495.0,0
2018-10-15,7,6.5,0.0,8.16667,86,54.21,78.61,3.8268,-52.3254,510.72,0
2018-10-15,8,6.5,0.0,8.16667,88,56.95,64.1233,7.27092,-50.6403,503.25,0
2018-10-15,9,7.0,0.0,8.5,75,51.5567,75.4,7.27092,-55.6403,480.0,0
2018-10-15,10,7.5,0.0,9.33333,67,51.5,56.3033,12.2458,-48.5642,505.44,0
2018-10-15,11,8.16667,0.0,10.6667,64,46.5967,76.52,7.27092,-48.1836,451.0,0
2018-10-15,12,8.33333,0.0,12.5,54,44.7433,58.3367,4.97484,-52.6403,377.4,0
2018-10-15,13,8.33333,0.0,14.6667,45,51.05,64.98,-1.14804,-56.3358,360.0,0
2018-10-15,14,9.33333,0.0,16.6667,39,48.1833,43.66,-1.14804,-56.3358,360.0,0
2018-10-15,15,9.83333,0.0,18.3333,46,39.27,46.2567,-12.3704,-50.7991,314.743,0
2018-10-15,16,10.0,0.0,19.3333,45,38.69,49.85,-18.8759,-53.5707,300.0,0
2018-10-15,17,10.0,0.0,19.8333,51,56.1933,48.3467,-22.5029,-52.3269,300.0,0
2018-10-15,18,9.83333,0.0,19.6667,54,60.1667,52.02,-29.574,-49.398,300.0,0
2018-10-15,19,9.0,0.0,18.8333,63,56.2067,47.26,-32.1112,-46.5232,300.0,0
2018-10-15,20,7.83333,0.0,17.5,69,58.89,51.0733,-33.6419,-41.2187,385.527,0
2018-10-15,21,7.5,0.0,16.0,68,58.7233,44.9167,-33.6419,-45.2187,398.945,0
2018-10-15,22,7.33333,0.0,14.6667,68,56.81,52.77,-25.8637,-45.4405,429.0,0
2018-10-15,23,7.0,0.0,13.0,80,45.46,41.2533,-22.0369,-45.2017,443.52,0
2018-10-16,0,6.5,0.0,11.8333,73,48.84,45.66,-14.9658,-46.1306,473.28,0
2018-10-16,1,6.83333,0.0,10.8333,77,44.34,52.2,-14.9658,-52.1306,449.28,0
2018-10-16,2,6.5,0.0,10.0,77,48.5,50.54,-5.59863,-50.6028,498.667,0
2018-10-16,3,5.66667,0.0,9.33333,80,58.18,50.39,-5.59863,-52.6028,530.0,0
2018-10-16,4,4.5,0.0,8.5,86,63.375,47.96,-4.45059,-55.3744,540.0,0
2018-10-16,5,4.0,0.0,8.16667,84,65.5,52.44,1.9134,-51.0104,592.8,0
2018-10-16,6,3.5,0.0,7.66667,81,72.4267,58.0033,5.35752,-51.9343,566.1,0
2018-10-16,7,3.83333,0.0,7.5,77,58.51,54.21,6.50556,-50.706,655.2,0
2018-10-16,8,4.0,0.0,7.5,79,60.2433,56.95,9.567,-50.097,668.8,0
2018-10-16,9,4.33333,0.0,7.5,85,59.5633,51.5567,9.567,-53.097,676.8,0
2018-10-16,10,5.0,0.0,8.5,62,56.57,51.5,11.4804,-48.7164,743.85,0
2018-10-16,11,5.5,0.0,9.66667,60,61.8867,46.5967,5.93712,-51.0125,680.85,0
2018-10-16,12,6.33333,0.0,11.3333,51,60.27,44.7433,13.9371,-37.0125,715.0,0
2018-10-16,13,6.66667,0.0,13.1667,42,56.7,51.05,19.641,-29.4692,603.2,0
2018-10-16,14,7.5,0.0,15.1667,38,63.29,48.1833,12.7528,-29.317,478.4,0
2018-10-16,15,8.0,0.0,17.1667,42,66.87,39.27,8.54332,-33.9364,452.4,0
2018-10-16,16,8.5,0.0,18.1667,42,47.64,38.69,2.42044,-30.9364,399.36,0
2018-10-16,17,8.83333,0.0,19.0,42,74.3867,56.1933,-0.31367,-30.3849,401.85,0
2018-10-16,18,8.16667,0.0,19.0,49,72.3733,60.1667,-17.5525,-34.2117,371.25,0
2018-10-16,19,7.16667,0.0,18.3333,57,74.86,56.2067,-19.0832,-37.9072,374.85,0
2018-10-16,20,6.83333,0.0,17.3333,62,68.74,58.89,-27.0832,-41.9072,458.28,0
2018-10-16,21,6.16667,0.0,16.0,69,64.6167,58.7233,-27.0832,-47.9072,434.52,0
2018-10-16,22,5.5,0.0,14.6667,72,94.26,56.81,-23.2564,-42.6684,503.25,0
2018-10-16,23,5.0,0.0,13.3333,73,60.1333,45.46,-23.2564,-47.6684,480.0,0
2018-10-17,0,5.16667,0.0,12.1667,74,126.4,48.84,-20.195,-47.2774,497.25,0
2018-10-17,1,5.5,0.0,11.3333,76,61.7233,44.34,-17.1335,-44.8863,564.667,0
2018-10-17,2,5.5,0.0,10.6667,78,72.535,48.5,-10.7695,-44.5223,630.12,0
2018-10-17,3,4.83333,0.0,10.1667,78,61.03,58.18,-8.47344,-50.0656,591.48,0
2018-10-17,4,4.83333,0.0,9.5,87,68.5267,63.375,-8.47344,-50.0656,655.08,0
2018-10-17,5,4.16667,0.0,9.0,85,71.22,65.5,2.67876,-50.8582,655.2,0
2018-10-17,6,4.5,0.0,8.66667,82,67.39,72.4267,5.35752,-49.9343,683.7,0
2018-10-17,7,4.16667,0.0,8.5,75,76.09,58.51,8.03628,-52.4015,644.8,0
2018-10-17,8,3.66667,0.0,8.5,76,76.55,60.2433,8.03628,-50.4015,655.2,0
2018-10-17,9,4.33333,0.0,8.5,90,61.8067,59.5633,8.03628,-49.4015,699.84,0
2018-10-17,10,4.33333,0.0,9.66667,66,47.625,56.57,8.03628,-53.4015,660.0,0
2018-10-17,11,5.16667,0.0,11.0,57,51.1967,61.8867,3.41688,-50.3149,704.229,0
2018-10-17,12,5.5,0.0,12.6667,53,48.8,60.27,3.41688,-46.3149,715.0,0
2018-10-17,13,5.83333,0.0,14.3333,48,57.7467,56.7,3.41688,-49.3149,644.8,0
2018-10-17,14,6.33333,0.0,16.0,40,64.1733,63.29,1.1208,-49.7716,563.04,0
2018-10-17,15,6.83333,0.0,17.8333,42,78.1833,66.87,-6.1833,-46.6232,575.143,0
2018-10-17,16,7.16667,0.0,18.6667,48,68.475,47.64,-8.86206,-47.1561,530.4,0
2018-10-17,17,6.66667,0.0,19.0,54,68.395,74.3867,-11.5408,-46.6232,468.0,0
2018-10-17,18,5.5,0.0,18.8333,57,77.9533,72.3733,-11.5408,-47.6232,461.76,0
2018-10-17,19,4.66667,0.0,18.1667,65,77.4767,74.86,-11.5408,-49.6232,480.0,0
2018-10-17,20,4.5,0.0,17.0,70,79.4867,68.74,-6.92142,-48.7098,607.05,0
2018-10-17,21,3.33333,0.0,15.8333,77,76.6167,64.6167,-5.00802,-53.3292,577.2,0
2018-10-17,22,2.5,0.0,14.6667,79,81.49,94.26,-5.00802,-53.3292,639.6,0
2018-10-17,23,2.0,0.0,13.6667,82,80.775,60.1333,-4.24266,-55.177,660.0,0
2018-10-18,0,1.83333,0.0,12.6667,84,74.7633,126.4,-3.4773,-49.0247,805.6,0
2018-10-18,1,2.0,0.0,12.0,85,77.71,61.7233,-2.4773,-49.0247,851.2,0
2018-10-18,2,1.5,0.0,11.6667,81,76.99,72.535,-2.4773,-51.0247,871.2,0
2018-10-18,3,2.0,0.0,11.5,78,83.46,61.03,-1.71194,-52.8725,887.467,0
2018-10-18,4,1.83333,0.0,11.3333,79,85.18,68.5267,-1.71194,-46.8725,979.0,0
2018-10-18,5,2.16667,0.0,11.1667,81,85.0067,71.22,-1.71194,-47.8725,1015.2,0
2018-10-18,6,2.5,0.0,11.1667,82,76.04,67.39,-1.71194,-51.8725,960.0,0
2018-10-18,7,2.5,0.0,11.0,88,2.0,76.09,0.40939,-47.9938,1049.4,0
2018-10-18,8,2.5,0.0,11.0,89,49.125,76.55,1.82361,-49.4081,1050.6,0
2018-10-18,9,2.0,0.0,11.1667,83,62.9033,61.8067,7.48049,-46.5796,1200.0,0
2018-10-18,10,2.5,0.0,11.6667,77,72.19,47.625,7.48049,-46.5796,1267.2,0
2018-10-18,11,2.66667,0.0,12.5,70,45.065,51.1967,11.4805,-46.5796,1203.43,0
2018-10-18,12,3.16667,0.0,13.5,68,56.71,48.8,6.86109,-37.6662,1268.23,0
2018-10-18,13,4.66667,0.0,15.0,60,50.06,57.7467,5.29719,-26.9564,1246.56,0
2018-10-18,14,5.66667,0.0,16.5,56,52.84,64.1733,1.08771,-8.79371,1020.0,0
2018-10-18,15,6.33333,0.0,17.6667,54,61.2567,78.1833,-6.41785,8.91225,765.0,0
2018-10-18,16,6.66667,0.0,18.5,56,73.31,68.475,-7.18321,14.76,720.0,0
2018-10-18,17,6.5,0.0,18.8333,61,75.905,68.395,-2.94055,28.3033,665.6,0
2018-10-18,18,5.83333,0.0,18.6667,69,74.3367,77.9533,-2.23344,34.1201,600.0,0
2018-10-18,19,4.16667,0.0,18.0,79,83.7,77.4767,-4.41302,37.3821,600.0,0
2018-10-18,20,3.16667,0.0,16.8333,82,75.57,79.4867,-6.20992,39.7202,620.1,0
2018-10-18,21,2.66667,0.0,15.5,89,72.46,76.6167,-4.7957,41.568,627.3,0
2018-10-18,22,1.83333,0.0,14.3333,88,66.26,81.49,-4.08859,42.4919,660.0,0
2018-10-18,23,1.5,0.0,13.1667,89,69.665,80.775,-7.38148,43.4157,764.64,0
2018-10-19,0,1.33333,0.0,12.3333,91,65.18,74.7633,-8.7957,44.83,773.76,0
2018-10-19,1,1.66667,0.0,11.5,95,68.62,77.71,-9.50281,45.5371,807.84,0
2018-10-19,2,1.66667,0.0,10.8333,94,74.74,76.99,-7.00474,45.745,885.6,0
2018-10-19,3,1.66667,0.0,10.3333,96,76.92,83.46,-7.7701,47.5928,894.4,0
2018-10-19,5,2.16667,0.0,9.5,88,79.165,85.0067,-0.97257,45.0393,1145.45,0
2018-10-19,6,2.66667,0.0,9.33333,90,80.0,76.04,-2.50329,48.7349,1111.85,0
2018-10-19,8,2.83333,0.0,9.33333,85,73.3267,49.125,-4.79937,54.2781,1080.0,0
2018-10-19,9,3.66667,0.0,9.5,89,70.6833,62.9033,-2.12061,47.811,1198.8,0
2018-10-19,10,5.0,0.0,9.83333,90,73.85,72.19,-1.35525,45.9632,1154.4,0
2018-10-19,11,6.5,0.0,10.3333,89,70.6267,45.065,1.47319,43.491,1092.0,0
2018-10-19,12,7.33333,0.0,10.6667,83,70.4133,56.71,8.27811,40.3995,665.6,0
2018-10-19,13,9.16667,0.0,11.1667,85,62.17,50.06,17.6099,34.7411,468.0,0
2018-10-19,14,10.6667,0.0,12.0,77,59.81,52.84,32.1599,30.9992,319.0,0
2018-10-19,15,11.1667,0.0,13.0,66,58.92,61.2567,43.6484,34.6484,262.08,0
2018-10-19,16,10.8333,0.0,13.6667,72,56.3233,73.31,36.5773,36.5773,299.815,0
2018-10-19,17,9.66667,0.0,13.8333,85,58.34,75.905,33.0417,34.7759,326.8,0
2018-10-19,18,9.0,0.0,13.8333,83,60.355,74.3367,37.2844,40.3192,312.8,0
2018-10-19,19,7.0,0.0,13.6667,89,59.295,83.7,28.2844,45.3192,403.015,0
2018-10-19,20,5.16667,0.0,13.1667,93,65.365,75.57,28.9915,46.2431,460.431,0
2018-10-19,21,4.16667,0.0,12.1667,100,59.4367,72.46,28.9915,48.2431,501.415,0
2018-10-19,22,3.5,0.0,11.3333,97,67.84,66.26,31.1128,51.0147,523.477,0
2018-10-19,23,2.66667,0.0,10.8333,95,55.2367,69.665,21.9204,45.8223,663.877,0
2018-10-20,0,2.33333,0.0,10.5,95,60.065,65.18,21.9204,46.8223,720.738,1
2018-10-20,1,2.66667,0.0,10.0,97,65.2367,68.62,20.7724,49.5939,738.831,1
2018-10-20,2,2.66667,0.0,9.66667,100,70.23,74.74,18.651,51.7152,751.385,1
2018-10-20,3,2.5,0.0,9.5,98,70.9367,76.92,20.0653,53.563,777.877,1
2018-10-20,5,2.5,0.0,9.0,91,74.86,79.165,10.4393,46.5501,966.667,1
2018-10-20,6,2.33333,0.0,8.66667,97,68.12,80.0,7.66765,47.6982,960.667,1
2018-10-20,8,2.66667,0.0,8.66667,99,45.0267,73.3267,3.04825,49.6116,960.0,1
2018-10-20,9,2.83333,0.28,9.0,92,40.8433,70.6833,-0.64727,42.1423,1069.2,1
2018-10-20,10,3.83333,0.28,9.5,96,37.81,73.85,-1.79531,44.9139,1048.05,1
2018-10-20,11,5.33333,0.28,10.0,100,30.9067,70.6267,-11.6948,39.9796,1088.64,1
2018-10-20,12,7.33333,0.28,10.6667,89,34.9933,70.4133,-23.0086,37.7694,842.4,1
2018-10-20,13,9.66667,0.56,11.0,87,28.9733,62.17,-32.4672,34.514,520.2,1
2018-10-20,14,12.0,0.56,11.3333,80,27.4167,59.81,-24.8904,42.0908,265.05,1
2018-10-20,15,14.5,0.28,11.3333,81,33.81,58.92,-24.8904,52.0908,188.7,1
2018-10-20,16,16.8333,0.28,11.3333,70,32.52,56.3233,-6.50556,51.706,216.847,1
2018-10-20,17,16.3333,0.28,11.0,72,32.08,58.34,0.0,58.0,184.0,1
2018-10-20,18,15.8333,0.53,10.5,83,29.9367,60.355,0.0,67.0,187.0,1
2018-10-20,19,14.8333,1.22,10.0,87,32.24,59.295,0.0,60.0,239.733,1
2018-10-20,20,13.3333,1.22,9.5,81,26.83,65.365,0.0,53.0,319.909,1
2018-10-20,21,11.3333,1.22,8.83333,87,31.335,59.4367,0.0,62.0,320.727,1
2018-10-20,22,8.66667,1.22,7.83333,100,64.57,67.84,0.0,68.0,335.782,1
2018-10-20,23,8.66667,2.19,7.0,95,32.595,55.2367,0.0,52.0,395.2,1
2018-10-21,0,7.83333,1.94,6.5,89,38.37,60.065,0.0,52.0,411.927,1
2018-10-21,1,7.5,0.97,6.16667,86,27.17,65.2367,4.24266,57.5433,398.945,1
2018-10-21,2,7.5,0.97,5.83333,87,33.08,70.23,10.6066,52.9073,426.0,1
2018-10-21,3,7.5,0.97,5.66667,97,31.83,70.9367,16.9706,48.2713,432.667,1
2018-10-21,4,7.5,0.97,5.83333,93,30.0667,75.1933,21.2133,44.8145,451.0,1
2018-10-21,5,6.66667,0.0,5.83333,94,31.23,74.86,25.456,44.3578,451.0,1
2018-10-21,6,6.66667,0.0,5.66667,95,36.6,68.12,28.2844,48.0533,438.6,1
2018-10-21,7,5.83333,0.0,5.33333,95,31.82,59.24,32.5271,46.296,482.4,1
2018-10-21,8,5.33333,0.0,5.16667,88,28.59,45.0267,35.3555,49.1244,480.0,1
2018-10-21,9,4.83333,0.0,5.16667,92,29.5833,40.8433,40.8988,42.4205,480.0,1
2018-10-21,10,4.66667,0.0,5.5,89,25.6533,37.81,39.4278,38.0253,582.4,1
2018-10-21,11,5.16667,0.0,6.16667,94,19.17,30.9067,44.4278,38.0253,557.6,1
2018-10-21,12,5.16667,0.0,7.0,78,13.3033,34.9933,45.0638,31.6613,593.6,1
2018-10-21,13,5.5,0.0,8.16667,70,11.4833,28.9733,44.6998,25.2973,604.2,1
2018-10-21,14,5.16667,0.0,9.16667,61,15.8233,27.4167,40.4571,25.754,604.2,1
2018-10-21,15,5.83333,0.0,10.0,63,17.7733,33.81,36.2145,24.2107,620.1,1
2018-10-21,16,5.5,0.0,10.5,58,27.44,32.52,40.386,20.5152,582.4,1
2018-10-21,17,5.16667,0.0,10.8333,56,39.8367,32.08,38.915,17.4206,620.1,1
2018-10-21,18,5.16667,0.0,10.6667,71,57.11,29.9367,40.706,16.5056,626.4,1
2018-10-21,19,4.83333,0.0,10.1667,78,50.16,32.24,39.4053,19.7528,571.2,1
2018-10-21,20,5.16667,0.0,9.5,90,59.7533,26.83,39.4621,22.3002,586.56,1
2018-10-21,21,4.33333,0.0,8.66667,87,54.62,31.335,38.7048,27.8435,599.657,1
2018-10-21,22,4.0,0.0,7.33333,100,59.5,64.57,40.119,29.6913,620.743,1
2018-10-21,23,3.33333,0.0,6.0,100,57.725,32.595,39.7363,30.6152,660.0,1
2018-10-22,0,2.5,0.0,4.83333,94,49.1933,38.37,32.0292,31.3223,781.0,0
2018-10-22,1,2.0,0.0,3.83333,100,54.735,27.17,31.3221,32.0294,820.8,0
2018-10-22,2,1.33333,0.0,3.0,100,52.915,33.08,30.615,32.7365,858.6,0
2018-10-22,3,1.33333,0.0,2.5,96,53.845,31.83,29.2008,34.1507,867.0,0
2018-10-22,4,1.5,0.0,2.5,99,34.2067,30.0667,21.7866,35.5649,979.0,0
2018-10-22,5,1.5,0.0,2.33333,94,36.5133,31.23,20.3723,36.9791,985.8,0
2018-10-22,6,1.66667,0.0,2.33333,95,44.69,36.6,19.6652,37.6863,1019.2,0
2018-10-22,7,2.0,0.0,1.83333,100,46.19,31.82,18.251,39.1005,1020.0,0
2018-10-22,8,2.33333,0.0,1.66667,100,40.7167,28.59,16.1297,35.2218,1055.7,0
2018-10-22,9,2.66667,0.0,1.66667,100,53.74,29.5833,13.3012,34.0503,1138.63,0
2018-10-22,10,3.5,0.0,2.16667,84,31.9367,25.6533,10.4728,36.8787,1080.0,0
2018-10-22,11,4.83333,0.0,2.83333,92,29.87,19.17,-4.2486,40.6804,1052.64,0
2018-10-22,12,6.66667,0.0,3.83333,83,29.6633,13.3033,-19.4746,39.5877,1029.6,0
2018-10-22,13,8.33333,0.0,5.5,78,32.0133,11.4833,-13.8702,26.8702,720.0,0
2018-10-22,14,10.1667,0.0,7.0,69,37.51,15.8233,-15.2844,28.2844,360.0,0
2018-10-22,15,12.1667,0.0,8.5,59,46.595,17.7733,-18.1128,31.1128,240.0,0
2018-10-22,16,13.1667,0.0,9.33333,62,43.0367,27.44,-12.922,34.5812,232.615,0
2018-10-22,17,14.0,0.0,10.0,81,36.595,39.8367,-30.8968,46.5916,232.615,0
2018-10-22,18,13.3333,0.48,10.3333,72,29.1967,57.11,-27.0619,50.3335,237.12,0
2018-10-22,19,12.5,0.48,10.3333,85,34.16,50.16,-22.8192,46.0908,297.6,0
2018-10-22,20,11.5,0.48,10.0,92,31.36,59.7533,-28.4761,51.7477,294.0,0
2018-10-22,21,12.8333,0.96,9.33333,94,33.845,54.62,-28.7172,43.3296,343.385,0
2018-10-22,22,13.1667,0.96,8.66667,97,45.45,59.5,-23.7424,55.3192,240.0,0
2018-10-22,23,13.8333,0.96,8.0,96,23.6833,57.725,-12.0209,51.0209,202.8,0
2018-10-23,0,13.5,0.48,7.33333,96,29.035,49.1933,16.6298,45.8882,217.75,0
2018-10-23,1,14.1667,0.48,6.83333,100,20.6167,54.735,21.5796,52.3554,246.0,0
2018-10-23,2,14.3333,0.48,6.33333,95,20.4,52.915,30.0649,39.442,292.32,0
2018-10-23,3,12.3333,0.0,5.66667,95,20.56,53.845,30.0649,49.442,267.12,0
2018-10-23,4,12.1667,0.0,5.16667,95,23.5633,34.2067,30.0649,46.442,318.6,0
2018-10-23,5,11.1667,0.0,4.66667,100,26.99,36.5133,13.4351,53.5537,267.429,0
2018-10-23,6,12.6667,0.0,4.33333,92,28.3167,44.69,8.48532,59.0866,260.0,0
2018-10-23,7,13.8333,0.79,4.0,92,27.15,46.19,0.0,54.0,255.2,0
2018-10-23,8,14.8333,0.79,3.83333,94,25.23,40.7167,-7.27092,59.5537,204.429,0
2018-10-23,9,16.0,1.58,4.0,93,22.39,53.74,-13.3938,48.3358,229.125,0
2018-10-23,10,17.3333,2.57,4.33333,89,20.9033,31.9367,-26.8289,45.7709,217.579,0
2018-10-23,11,19.1667,3.56,4.83333,88,17.4767,29.87,-35.1144,43.7736,181.425,0
2018-10-23,12,20.5,4.55,5.33333,85,10.6133,29.6633,-45.255,45.255,149.368,0
2018-10-23,13,22.8333,3.76,5.83333,86,11.8,32.0133,-48.7906,48.7906,135.873,0
2018-10-23,14,27.6667,4.67,6.16667,81,15.39,37.51,-40.3053,40.3053,137.35,0
2018-10-23,15,31.8333,3.88,6.5,87,16.155,46.595,-55.1546,55.1546,76.0,0
2018-10-23,16,36.5,3.8,6.66667,89,11.44,43.0367,-62.9328,62.9328,76.16,0
2018-10-23,17,41.0,2.81,7.0,89,10.65,36.595,-66.4683,66.4683,60.0,0
2018-10-23,18,43.5,2.73,7.0,93,13.2667,29.1967,-70.711,70.711,60.0,0
2018-10-23,19,43.8333,4.25,7.0,97,33.59,34.16,-50.28,71.3868,89.304,0
2018-10-23,20,44.1667,3.34,7.33333,96,16.8067,31.36,-28.3183,68.3671,108.0,0
2018-10-23,21,44.3333,4.86,7.5,96,11.7533,33.845,-31.3798,75.7582,69.0514,0
2018-10-23,22,40.5,3.95,7.66667,95,21.17,45.45,-35.2066,84.997,73.0213,0
2018-10-23,23,37.0,3.95,7.66667,89,8.27667,23.6833,-27.553,66.5194,132.373,0
2018-10-24,0,36.8333,3.04,7.66667,89,4.62333,29.035,-10.3324,53.9448,151.467,0
2018-10-24,1,36.8333,2.66,7.66667,96,4.18667,20.6167,-14.5418,64.1074,105.186,0
2018-10-24,2,36.8333,3.8,7.66667,83,3.91667,20.4,-14.5418,70.1074,108.789,0
2018-10-24,3,35.0,2.28,7.5,84,4.64333,20.56,0.0,82.0,69.0514,0
2018-10-24,4,35.5,2.28,7.16667,91,6.45,23.5633,24.0417,78.4119,106.162,0
2018-10-24,5,35.5,2.28,6.83333,87,3.73667,26.99,45.255,59.1283,133.412,0
2018-10-24,6,35.1667,2.28,6.83333,78,3.88333,28.3167,21.2133,56.7164,144.84,0
2018-10-24,7,35.5,1.65,6.83333,77,6.87667,27.15,0.0,65.0,113.876,0
2018-10-24,8,33.6667,0.51,6.5,79,12.48,25.23,0.0,73.0,102.9,0
2018-10-24,9,35.1667,0.51,6.33333,76,7.61,22.39,0.0,73.0,105.859,0
2018-10-24,10,34.8333,0.51,6.33333,72,12.2433,20.9033,30.4057,75.7268,81.7,0
2018-10-24,11,35.3333,0.51,6.5,65,7.45,17.4767,50.2048,65.5955,130.605,0
2018-10-24,12,36.1667,1.12,6.5,58,12.5967,10.6133,19.7991,57.8686,134.057,0
2018-10-24,13,35.8333,0.61,6.5,54,16.4933,11.8,28.9915,69.8791,90.7125,0
2018-10-24,14,37.5,0.61,6.83333,50,10.1967,15.39,53.7404,70.2149,106.537,0
2018-10-24,15,37.1667,0.61,7.16667,49,11.15,16.155,57.2759,74.8343,72.2057,0
2018-10-24,16,38.5,0.61,7.5,49,11.6633,11.44,61.5186,80.3776,84.6522,0
2018-10-24,17,38.1667,0.61,7.66667,56,10.01,10.65,54.4475,71.1388,103.024,0
2018-10-24,18,35.6667,0.0,7.5,53,21.45,13.2667,46.6693,60.9761,130.667,0
2018-10-24,19,34.3333,0.0,7.16667,59,19.7533,33.59,39.5982,51.7373,159.84,0
2018-10-24,20,30.5,0.0,6.66667,65,23.73,16.8067,37.4768,48.9656,165.092,0
2018-10-24,21,26.5,0.0,6.0,70,14.3033,11.7533,53.7404,70.2149,120.0,0
2018-10-24,22,22.5,0.0,5.33333,72,20.18,21.17,47.3764,61.9,170.667,0
2018-10-24,23,20.3333,0.0,4.5,76,12.57,8.27667,36.7697,48.0418,248.191,0
2018-10-25,0,18.8333,0.0,4.0,78,11.5,4.62333,48.7906,63.7477,205.67,0
2018-10-25,1,17.3333,0.0,3.5,84,13.0567,4.18667,32.5271,59.4985,209.647,0
2018-10-25,2,16.6667,0.0,3.0,88,12.8,3.91667,12.0209,50.706,224.824,0
2018-10-25,3,16.8333,0.0,2.66667,88,16.04,4.64333,0.0,54.0,209.012,0
2018-10-25,4,16.6667,0.0,2.33333,90,15.8167,6.45,0.0,55.0,205.8,0
2018-10-25,5,16.0,0.25,2.16667,93,19.7833,3.73667,0.0,66.0,194.133,0
2018-10-25,6,16.5,0.25,2.33333,81,15.1167,3.88333,0.0,61.0,238.105,0
2018-10-25,7,16.0,0.25,2.66667,87,11.6,6.87667,0.0,62.0,224.0,0
2018-10-25,8,15.8333,1.37,3.0,91,13.4167,12.48,-5.7402,57.8582,198.545,0
2018-10-25,9,15.6667,2.49,3.33333,97,9.68,7.61,-12.6284,50.488,229.14,0
2018-10-25,10,17.3333,3.38,4.16667,95,8.98333,12.2433,-24.6493,62.5089,180.0,0
2018-10-25,11,19.0,3.13,5.0,100,12.84,7.45,-26.9454,48.0522,198.4,0
2018-10-25,12,21.0,3.13,5.66667,100,9.05667,12.5967,-36.3207,47.6859,158.118,0
2018-10-25,13,24.0,3.13,6.5,96,16.0967,16.4933,-28.5093,45.8277,145.461,0
2018-10-25,14,27.3333,3.41,7.5,88,9.39,10.1967,-12.2458,62.5642,123.113,0
2018-10-25,15,29.8333,2.29,8.66667,83,14.2933,11.15,0.0,71.0,101.455,0
2018-10-25,16,30.8333,1.4,9.16667,81,10.9833,11.6633,0.0,70.0,120.253,0
2018-10-25,17,31.5,1.4,9.66667,88,11.6233,10.01,0.0,59.0,150.562,0
2018-10-25,18,30.6667,1.4,9.83333,85,12.4767,21.45,0.0,54.0,162.222,0
2018-10-25,19,30.5,1.4,9.66667,81,16.6833,19.7533,0.0,54.0,162.222,0
2018-10-25,20,28.1667,0.48,9.33333,76,11.6533,23.73,0.0,59.0,136.0,0
2018-10-25,21,26.6667,0.48,8.83333,86,12.0967,14.3033,0.0,56.0,165.3,0
2018-10-25,22,26.0,0.96,8.5,75,12.55,20.18,0.0,79.0,133.163,0
2018-10-25,23,25.1667,0.96,8.0,83,9.94667,12.57,0.0,70.0,140.4,0
