data,timeofday,windspeed6,opady6,temp6,rhumid,index_avg,prev_index_avg,wind_dir_ns,wind_dir_ew,dispel50,is_weekend
2017-11-14,18,13.8333,0.0,4.0,78,57.695,71.47,-38.891,38.891,264.0,0
2017-11-14,19,14.0,0.0,3.66667,80,58.04,64.83,-38.1839,38.1839,273.28,0
2017-11-15,1,15.1667,0.0,3.33333,80,46.91,37.305,-48.7129,33.0181,212.914,0
2017-11-15,2,15.1667,0.0,3.5,84,45.65,43.36,-47.7995,39.6815,195.52,0
2017-11-15,3,15.3333,0.0,3.66667,85,41.39,35.235,-43.8408,43.8408,203.52,0
2017-11-15,4,15.6667,0.0,4.0,85,40.04,28.225,-43.8408,43.8408,210.6,0
2017-11-15,5,15.5,0.0,4.33333,86,39.07,40.26,-39.0326,48.233,209.647,0
2017-11-15,6,15.1667,0.0,4.5,87,42.76,47.535,-32.3693,49.1465,212.914,0
2017-11-15,7,14.1667,0.0,4.66667,86,54.425,53.05,-27.8272,52.1812,220.0,0
2017-11-15,8,13.8333,0.0,4.83333,83,55.66,55.305,-21.4301,51.7373,266.965,0
2017-11-15,9,13.8333,0.0,5.16667,78,56.12,58.07,-19.5167,47.1179,297.0,0
2017-11-15,10,13.1667,0.0,5.16667,76,55.53,62.94,-19.8994,48.0418,286.971,0
2017-11-15,11,13.3333,0.0,5.33333,68,57.58,54.23,-14.5418,48.1074,281.455,0
2017-11-15,12,13.5,0.23,5.66667,65,53.765,35.04,-16.0726,51.803,245.1,0
2017-11-15,13,14.3333,0.23,6.0,71,44.19,42.615,-17.2206,54.5746,237.12,0
2017-11-15,14,15.1667,0.23,6.33333,70,45.145,40.41,-17.6033,55.4985,214.338,0
2017-11-15,15,15.0,0.23,6.33333,70,55.11,46.1,-24.1088,58.2044,195.52,0
2017-11-15,16,14.8333,0.23,6.5,80,63.98,56.015,-23.7262,57.2806,203.52,0
2017-11-15,17,14.3333,0.23,6.33333,86,62.115,57.2,-22.5781,54.5089,235.125,0
2017-11-15,18,13.5,0.23,6.0,83,64.155,57.695,-21.0474,50.8134,275.718,0
2017-11-16,1,9.5,0.0,4.0,89,51.625,46.91,-30.4559,44.5271,341.85,0
2017-11-16,2,8.83333,0.0,4.0,88,50.945,45.65,-34.4655,44.2071,347.564,0
2017-11-16,3,8.5,0.0,4.16667,88,48.34,41.39,-29.3661,42.8961,380.8,0
2017-11-16,4,8.16667,0.0,4.16667,89,47.02,40.04,-27.9519,41.4819,409.867,0
2017-11-16,5,7.83333,0.0,4.33333,88,47.24,39.07,-30.6306,47.949,374.0,0
2017-11-16,6,6.83333,0.0,4.33333,87,56.81,42.76,-26.5627,47.1283,405.45,0
2017-11-16,7,6.66667,0.0,4.33333,89,59.44,54.425,-26.3297,42.5657,488.52,0
2017-11-16,8,6.66667,0.0,4.16667,81,63.09,55.66,-32.6937,48.9297,420.0,0
2017-11-16,9,6.83333,0.0,4.16667,77,57.255,56.12,-33.8167,44.6407,464.28,0
2017-11-16,10,7.16667,0.0,4.33333,87,66.815,55.53,-29.807,44.9606,454.629,0
2017-11-16,11,7.33333,0.0,4.66667,81,62.54,57.58,-35.4432,41.9376,420.0,0
2017-11-16,12,7.83333,0.0,5.16667,77,56.84,53.765,-36.9606,39.6666,420.0,0
2017-11-16,13,7.83333,0.0,5.66667,75,56.94,44.19,-38.4529,30.3349,429.3,0
2017-11-16,15,8.16667,0.0,6.33333,80,84.3,55.11,-46.8142,28.4134,360.0,0
2017-11-16,16,7.66667,0.0,6.33333,86,97.535,63.98,-48.3316,26.1424,374.85,0
2017-11-16,17,7.5,0.0,6.16667,93,100.005,62.115,-50.8134,21.0474,417.6,0
2017-11-16,18,7.16667,0.0,5.83333,94,106.44,64.155,-48.0418,19.8994,443.143,0
2017-11-17,1,9.16667,0.0,5.0,91,67.745,51.625,40.5328,2.67876,345.257,0
2017-11-17,2,9.33333,0.25,4.83333,91,63.44,50.945,39.609,3.06144,329.829,0
2017-11-17,3,9.16667,0.25,4.66667,90,59.475,48.34,25.2179,6.12288,339.2,0
2017-11-17,4,9.16667,0.25,4.33333,88,53.44,47.02,8.82688,9.18432,352.8,0
2017-11-17,5,8.83333,0.25,4.0,87,51.11,47.24,-8.48804,12.6284,372.655,0
2017-11-17,6,8.83333,0.5,3.66667,87,51.06,56.81,-27.803,16.0726,398.618,0
2017-11-17,7,9.16667,0.75,3.16667,89,54.81,59.44,-48.9656,20.282,371.25,0
2017-11-17,8,9.33333,0.5,2.83333,89,62.5,63.09,-50.8134,21.0474,341.85,0
2017-11-17,9,9.66667,0.5,2.66667,86,66.645,57.255,-49.7864,24.3499,327.6,0
2017-11-17,10,10.0,0.5,2.83333,76,78.01,66.815,-49.4664,28.3596,312.8,0
2017-11-17,11,10.3333,0.98,3.16667,74,76.28,62.54,-37.0461,31.6341,353.455,0
2017-11-17,12,10.5,0.73,3.5,71,80.525,56.84,-31.0928,37.5872,346.92,0
2017-11-17,13,10.6667,0.48,4.16667,87,79.395,56.94,-21.854,45.7604,313.6,0
2017-11-17,15,10.6667,0.48,5.33333,79,67.825,84.3,-8.41896,53.3254,305.455,0
2017-11-17,16,9.83333,0.48,5.66667,79,88.965,97.535,-4.20948,52.1627,329.018,0
2017-11-17,17,8.83333,0.0,5.66667,79,84.17,100.005,-4.20948,58.1627,323.345,0
2017-11-17,18,8.0,0.0,5.5,80,69.275,106.44,0.0,53.0,407.1,0
2017-11-18,1,6.83333,0.0,2.33333,80,67.885,67.745,-9.567,49.097,505.44,1
2017-11-18,2,7.16667,0.0,1.66667,92,54.58,63.44,-13.0111,52.4119,454.629,1
2017-11-18,3,7.66667,0.0,1.16667,92,52.26,59.475,-19.3751,51.7759,420.0,1
2017-11-18,4,8.16667,0.0,0.833333,91,56.355,53.44,-25.032,43.4328,440.64,1
2017-11-18,5,8.5,0.0,0.5,89,58.175,51.11,-28.7755,44.4703,379.44,1
2017-11-18,6,8.5,0.0,0.166667,93,54.73,51.06,-30.2229,39.9645,409.867,1
2017-11-18,7,9.16667,0.0,0.0,94,66.745,54.81,-33.1427,38.0135,409.867,1
2017-11-18,8,9.66667,0.0,0.166667,93,71.39,62.5,-38.891,38.891,352.8,1
2017-11-18,9,10.6667,0.0,0.5,89,70.6,66.645,-41.0124,41.0124,300.0,1
2017-11-18,10,11.8333,0.48,0.833333,87,60.63,78.01,-39.5982,39.5982,265.2,1
2017-11-18,11,13.1667,0.48,1.33333,80,53.475,76.28,-38.1839,38.1839,261.415,1
2017-11-18,12,14.5,0.48,2.0,74,51.67,80.525,-43.7736,35.1144,225.5,1
2017-11-18,13,15.1667,0.48,2.83333,73,46.74,79.395,-50.9942,33.1346,196.114,1
2017-11-18,14,15.8333,0.48,3.5,71,49.79,75.895,-56.8006,29.7407,180.0,1
2017-11-18,15,16.1667,0.48,3.83333,76,54.805,67.825,-60.9761,25.2569,180.0,1
2017-11-18,16,16.3333,0.48,4.16667,79,51.025,88.965,-60.9761,25.2569,187.2,1
2017-11-18,17,16.3333,0.48,4.16667,80,48.56,84.17,-60.0522,24.8742,194.541,1
2017-11-18,18,16.6667,0.48,4.0,79,45.375,69.275,-59.1283,24.4915,195.0,1
2017-11-19,1,18.8333,0.71,3.0,87,28.21,67.885,-42.3026,32.0198,217.579,1
2017-11-19,2,18.3333,0.0,3.0,88,20.23,54.58,-37.4768,37.4768,221.0,1
2017-11-19,3,17.8333,0.0,2.83333,90,19.245,52.26,-37.4768,37.4768,216.847,1
2017-11-19,4,17.1667,0.0,2.66667,94,24.19,56.355,-37.4768,37.4768,221.0,1
2017-11-19,5,16.8333,0.33,2.5,92,23.18,58.175,-48.0835,48.0835,180.0,1
2017-11-19,6,16.5,0.66,2.33333,90,25.7,54.73,-46.6693,46.6693,194.133,1
2017-11-19,7,16.6667,0.66,2.33333,88,29.345,66.745,-44.5479,44.5479,209.647,1
2017-11-19,8,16.8333,1.93,2.33333,88,34.79,71.39,-39.798,50.0808,180.0,1
2017-11-19,9,17.0,1.93,2.5,86,34.635,70.6,-31.3127,41.5955,208.32,1
2017-11-19,10,17.6667,1.93,2.83333,84,40.415,60.63,-33.434,43.7168,202.926,1
2017-11-19,11,18.8333,1.6,3.16667,80,35.785,53.475,-33.434,43.7168,202.926,1
2017-11-19,12,20.5,2.54,3.66667,77,31.27,51.67,-36.2624,46.5452,170.133,1
2017-11-19,13,21.0,2.54,3.83333,77,32.475,46.74,-41.2122,51.495,131.368,1
2017-11-19,14,21.3333,1.27,4.0,77,31.88,49.79,-49.4977,49.4977,135.496,1
2017-11-19,15,21.3333,2.54,4.16667,79,37.65,54.805,-48.0835,48.0835,155.952,1
2017-11-19,16,21.3333,2.54,4.0,83,39.82,51.025,-43.1337,43.1337,183.0,1
2017-11-19,17,20.8333,2.54,3.83333,85,37.165,48.56,-41.0124,41.0124,198.0,1
2017-11-19,18,19.8333,2.54,3.5,85,34.46,45.375,-40.3053,40.3053,191.133,1
2017-11-20,1,15.1667,0.0,2.33333,93,17.63,28.21,-22.9608,55.4328,220.0,0
2017-11-20,2,15.0,0.0,2.16667,90,17.05,20.23,-23.3435,56.3567,211.68,0
2017-11-20,3,14.5,0.0,2.0,89,19.34,19.245,-22.9608,55.4328,226.8,0
2017-11-20,4,13.6667,0.66,1.83333,87,16.46,24.19,-8.3526,51.7373,248.571,0
2017-11-20,5,13.1667,1.32,1.83333,88,13.35,23.18,4.07602,45.8741,297.6,0
2017-11-20,6,14.3333,1.32,1.83333,88,11.18,25.7,13.2684,55.0665,248.625,0
2017-11-20,7,15.6667,1.8,2.0,87,25.27,29.345,39.5982,42.1994,235.2,0
2017-11-20,8,17.0,1.8,2.0,86,36.22,34.79,41.0124,41.0124,157.385,0
2017-11-20,9,17.8333,1.8,2.0,83,34.3,34.635,47.3764,47.3764,141.943,0
2017-11-20,10,19.3333,1.14,2.0,76,32.315,40.415,44.5479,44.5479,179.95,0
2017-11-20,11,21.1667,0.48,2.16667,70,42.635,35.785,41.0124,41.0124,202.473,0
2017-11-20,12,21.5,0.99,2.33333,64,38.325,31.27,42.4266,47.6291,164.965,0
2017-11-20,13,20.8333,1.02,2.5,62,39.46,32.475,46.6693,56.8574,137.242,0
2017-11-20,14,20.0,1.02,2.66667,60,43.52,31.88,47.3764,61.9,156.75,0
2017-11-20,15,18.3333,1.02,2.83333,63,48.53,37.65,42.4266,55.4328,193.93,0
2017-11-20,16,16.1667,1.02,2.83333,69,51.155,39.82,47.3764,61.9,219.13,0
2017-11-20,17,13.5,1.53,2.66667,70,46.04,37.165,51.619,67.4432,240.0,0
2017-11-20,18,11.5,1.02,2.5,73,47.83,34.46,41.0124,53.585,342.24,0
2017-11-21,1,7.66667,0.0,-0.333333,84,60.38,17.63,12.728,58.6298,372.764,0
2017-11-21,2,6.83333,0.0,-0.833333,90,47.225,17.05,4.94977,57.4672,410.4,0
2017-11-21,3,7.0,0.0,-1.16667,90,40.12,19.34,2.65369,51.0104,482.727,0
2017-11-21,4,7.33333,0.0,-1.5,89,37.165,16.46,-3.00319,56.6673,433.964,0
2017-11-21,5,7.16667,0.0,-1.83333,88,30.405,13.35,-7.24585,49.91,454.629,0
2017-11-21,6,7.0,0.0,-2.16667,97,32.23,11.18,-16.4383,47.6855,420.0,0
2017-11-21,7,6.33333,0.0,-2.5,96,34.025,25.27,-22.9054,46.3642,420.0,0
2017-11-21,8,5.83333,0.0,-2.5,98,41.89,36.22,-22.9054,44.3642,469.05,0
2017-11-21,9,5.5,0.0,-2.33333,93,42.38,34.3,-25.6771,45.5123,480.0,0
2017-11-21,10,5.66667,0.0,-2.0,87,54.62,32.315,-31.2204,39.8084,530.0,0
2017-11-21,11,6.33333,0.0,-1.33333,82,54.775,42.635,-37.6875,33.4871,520.0,0
2017-11-21,12,6.83333,0.0,-0.5,78,52.95,38.325,-44.6302,31.7706,480.0,0
2017-11-21,13,7.5,0.0,0.333333,77,53.67,39.46,-43.9695,18.0443,457.6,0
2017-11-21,14,8.33333,0.0,1.16667,73,45.42,43.52,-48.0418,17.2458,420.0,0
2017-11-21,15,8.5,0.0,1.66667,78,48.92,48.53,-48.9656,12.6284,360.0,0
2017-11-21,16,8.5,0.0,2.0,89,58.425,51.155,-47.1179,11.8631,393.6,0
2017-11-21,17,7.66667,0.0,1.83333,100,73.33,46.04,-47.1179,11.8631,417.72,0
2017-11-21,18,7.0,0.0,1.66667,99,65.11,47.83,-42.1179,11.8631,414.72,0
2017-11-22,1,4.66667,0.0,0.333333,100,46.68,60.38,-15.0804,17.8444,600.0,0
2017-11-22,2,5.0,0.0,0.333333,92,53.755,47.225,-1.68935,14.7829,620.743,0
2017-11-22,3,5.66667,0.0,0.166667,95,50.515,40.12,-0.765469,9.80811,641.829,0
2017-11-22,4,6.5,0.0,0.166667,98,43.435,37.165,0.70169,-0.87065,649.0,0
2017-11-22,5,7.33333,0.0,0.166667,100,46.485,30.405,-0.71253,-10.7702,540.0,0
2017-11-22,6,7.33333,0.0,0.166667,100,48.715,32.23,-2.3398,-22.7372,478.4,0
2017-11-22,7,8.33333,0.0,0.166667,95,47.185,34.025,-6.59405,-29.2176,460.8,0
2017-11-22,8,9.16667,0.0,0.166667,93,48.875,41.89,-22.0794,-37.703,360.0,0
2017-11-22,9,9.5,0.0,0.333333,89,43.705,42.38,-30.3143,-43.1851,341.85,0
2017-11-22,10,10.3333,0.0,0.666667,85,48.88,54.62,-39.5531,-39.0119,313.65,0
2017-11-22,11,11.3333,0.0,1.0,84,54.685,54.775,-39.6445,-34.2325,296.229,0
2017-11-22,12,12.6667,0.0,1.33333,86,53.53,52.95,-48.553,-35.023,249.9,0
2017-11-22,13,13.5,0.99,1.66667,88,64.325,53.67,-46.1476,-24.4996,253.08,0
2017-11-22,14,14.0,0.99,1.83333,94,51.925,45.42,-52.6148,-27.1784,205.477,0
2017-11-22,15,14.5,0.99,2.0,94,54.565,48.92,-53.3219,-27.8855,211.68,0
2017-11-22,16,14.3333,0.99,2.16667,89,51.315,58.425,-51.4741,-27.1201,228.48,0
2017-11-22,17,13.5,1.98,2.33333,89,63.69,73.33,-48.7025,-25.9721,266.965,0
2017-11-22,18,12.8333,1.98,2.5,90,74.14,65.11,-57.9413,-29.7989,248.4,0
2017-11-23,1,10.0,0.36,3.0,92,45.745,46.68,60.0,0.0,311.564,0
2017-11-23,2,10.0,0.59,2.83333,92,44.645,53.755,60.0,0.0,311.564,0
2017-11-23,3,9.5,0.59,3.16667,92,44.855,50.515,51.0,0.0,340.267,0
2017-11-23,4,9.5,0.59,3.5,92,42.525,43.435,57.0,0.0,325.867,0
2017-11-23,5,9.33333,0.59,3.66667,92,45.74,46.485,57.0,0.0,337.08,0
2017-11-23,6,9.33333,0.23,3.66667,92,48.485,48.715,56.0,0.0,349.92,0
2017-11-23,7,9.33333,0.23,3.66667,92,44.725,47.185,56.0,0.0,360.0,0
2017-11-23,8,9.33333,0.0,3.5,92,51.97,48.875,56.0,0.0,360.0,0
2017-11-23,9,10.1667,0.0,3.5,92,61.005,43.705,56.0,0.0,300.0,0
2017-11-23,10,11.0,0.0,3.83333,85,58.375,48.88,52.0,0.0,326.8,0
2017-11-23,11,12.3333,0.0,4.33333,78,53.08,54.685,57.0,0.0,273.48,0
2017-11-23,12,13.0,0.0,5.16667,73,47.16,53.53,53.0,0.0,259.418,0
2017-11-23,13,13.8333,0.0,6.0,72,46.44,64.325,56.0,0.0,228.0,0
2017-11-23,14,14.5,0.0,6.83333,75,53.915,51.925,61.0,0.0,204.429,0
2017-11-23,15,15.0,0.0,7.33333,81,50.865,54.565,62.0,0.0,217.412,0
2017-11-23,16,15.3333,0.0,7.5,87,55.165,51.315,59.0,0.0,221.571,0
2017-11-23,17,14.1667,0.0,7.5,94,63.76,63.69,61.0,0.0,218.625,0
2017-11-23,18,13.5,0.0,7.16667,95,88.51,74.14,55.0,0.0,264.0,0
2017-11-24,1,10.5,0.0,5.16667,85,57.65,45.745,-3.7164,11.4804,332.215,0
2017-11-24,2,9.5,0.0,5.0,86,45.24,44.645,-12.0313,14.9245,300.0,0
2017-11-24,3,8.5,0.0,5.0,87,42.63,44.855,-31.4985,17.6033,347.564,0
2017-11-24,4,7.66667,0.0,5.0,89,41.85,42.525,-47.1179,19.5167,425.455,0
2017-11-24,5,7.33333,0.0,5.0,89,49.74,45.74,-52.6612,21.8128,412.364,0
2017-11-24,6,6.83333,0.0,4.83333,93,53.88,48.485,-49.8895,20.6647,443.52,0
2017-11-24,7,6.83333,0.0,4.83333,94,64.945,44.725,-55.4328,22.9608,420.0,0
2017-11-24,8,7.0,0.0,4.83333,95,69.48,51.97,-54.5089,22.5781,420.0,0
2017-11-24,9,7.5,0.0,5.0,91,60.225,61.005,-51.8509,24.7909,435.2,0
2017-11-24,10,8.16667,0.0,5.33333,87,56.935,58.375,-50.927,24.4082,420.0,0
2017-11-24,11,8.33333,0.0,5.83333,82,47.765,53.08,-49.0792,23.6428,377.4,0
2017-11-24,12,9.33333,0.0,6.66667,78,40.575,47.16,-34.536,21.3468,360.0,0
2017-11-24,13,10.1667,0.0,7.33333,78,40.135,46.44,-32.6882,11.3971,339.2,0
2017-11-24,14,11.1667,0.0,8.16667,75,37.61,53.915,-4.7164,2.29608,305.25,0
2017-11-24,15,12.5,0.0,8.66667,78,40.315,50.865,16.6746,-0.76536,250.92,0
2017-11-24,16,13.1667,0.0,9.0,80,42.38,55.165,2.13136,-10.715,235.2,0
2017-11-24,17,13.5,0.0,9.0,84,60.265,63.76,0.283601,-11.4804,230.4,0
2017-11-24,18,13.5,0.0,8.83333,85,62.26,88.51,-23.8791,-7.27092,257.914,0
2017-11-25,1,12.0,0.0,7.83333,85,49.225,57.65,-28.9753,54.9529,240.0,1
2017-11-25,2,11.1667,0.0,7.66667,95,53.185,45.24,-27.4446,51.2574,287.571,1
2017-11-25,3,10.1667,0.0,7.5,92,42.765,42.63,-25.1485,45.7141,357.12,1
2017-11-25,4,8.66667,0.0,7.33333,89,33.77,41.85,-30.8054,51.371,341.28,1
2017-11-25,5,7.83333,0.0,7.16667,88,37.39,49.74,-24.4414,45.007,411.927,1
2017-11-25,6,7.16667,0.0,6.83333,88,46.01,53.88,-28.684,49.2496,398.945,1
2017-11-25,7,7.0,0.0,6.66667,88,59.765,64.945,-28.7172,43.3296,458.28,1
2017-11-25,8,7.0,0.0,6.5,86,76.295,69.48,-16.8904,34.0908,479.467,1
2017-11-25,9,7.33333,0.0,6.5,84,59.875,60.225,-22.5473,39.7477,420.0,1
2017-11-25,10,7.66667,0.0,6.33333,90,37.285,56.935,-25.2805,27.8685,453.6,1
2017-11-25,11,8.0,0.0,6.33333,85,60.82,47.765,-25.2805,16.5548,432.0,1
2017-11-25,12,9.16667,0.0,6.66667,81,58.255,40.575,-26.6948,6.65524,395.2,1
2017-11-25,13,10.1667,0.0,7.0,78,58.895,40.135,-27.4019,-11.0225,341.85,1
2017-11-25,14,11.0,0.0,7.33333,76,57.84,37.61,-29.745,-30.6794,321.48,1
2017-11-25,15,11.6667,0.0,7.66667,75,54.71,40.315,-25.481,-46.5166,265.2,1
2017-11-25,16,12.5,0.0,7.83333,81,62.965,42.38,-19.5248,-48.1372,261.415,1
2017-11-25,17,13.1667,0.0,7.83333,80,51.08,60.265,-10.3324,-51.9448,267.429,1
2017-11-26,1,16.3333,2.24,6.83333,77,13.89,49.225,38.1839,41.869,209.012,1
2017-11-26,2,17.5,3.36,6.5,74,13.395,53.185,38.1839,38.1839,217.579,1
2017-11-26,3,18.8333,3.36,6.0,76,16.875,42.765,38.1839,38.1839,213.333,1
2017-11-26,4,19.3333,3.36,5.5,77,11.92,33.77,41.7195,41.7195,171.953,1
2017-11-26,5,18.8333,3.36,5.0,78,11.58,37.39,43.8408,48.1762,162.0,1
2017-11-26,6,17.6667,2.24,4.33333,78,17.79,46.01,30.4057,50.7411,200.348,1
2017-11-26,7,17.1667,2.24,3.83333,79,19.46,59.765,30.4057,61.7411,199.096,1
2017-11-26,8,16.3333,1.6,3.5,83,33.99,76.295,14.1422,59.4776,244.26,1
2017-11-26,9,15.0,2.08,3.16667,89,41.575,59.875,-5.35752,53.9343,269.925,1
2017-11-26,10,13.6667,0.96,3.0,71,37.07,37.285,-15.9642,48.541,248.727,1
2017-11-26,11,13.0,0.96,3.0,65,48.77,60.82,-15.9642,49.541,257.914,1
2017-11-26,12,13.5,0.96,3.16667,59,46.125,58.255,-20.5563,46.6275,277.114,1
2017-11-26,13,13.1667,0.96,3.33333,65,41.4,58.895,-25.0984,43.5928,282.72,1
2017-11-26,14,12.8333,0.48,3.5,63,36.87,57.84,-33.5837,52.0781,240.0,1
2017-11-26,15,11.6667,0.0,3.66667,67,36.925,54.71,-27.5692,52.558,240.0,1
2017-11-26,16,11.0,0.0,3.5,69,44.64,62.965,-30.6306,47.949,280.8,1
2017-11-26,17,10.3333,0.0,3.16667,70,49.11,51.08,-31.6953,42.5193,339.429,1
2017-11-27,1,9.16667,0.0,1.66667,65,43.65,13.89,-44.2071,34.4655,347.564,0
2017-11-27,2,9.33333,0.0,1.5,70,42.5,13.395,-44.7438,30.1314,363.0,0
2017-11-27,3,9.83333,0.0,1.33333,69,42.81,16.875,-47.8354,27.2698,314.743,0
2017-11-27,4,10.3333,0.0,1.0,72,42.235,11.92,-44.9502,22.761,346.92,0
2017-11-27,5,10.1667,0.0,0.833333,67,45.025,11.58,-48.0418,19.8994,341.127,0
2017-11-27,6,10.3333,0.0,1.0,68,49.05,17.79,-56.3567,23.3435,300.0,0
2017-11-27,7,10.5,0.0,1.16667,69,51.335,19.46,-48.9656,20.282,329.018,0
2017-11-27,8,10.3333,0.0,1.33333,70,54.955,33.99,-45.8741,23.1437,334.08,0
2017-11-27,9,10.8333,0.0,1.66667,69,54.31,41.575,-43.7064,26.388,341.127,0
2017-11-27,10,11.0,0.0,2.16667,77,48.925,37.07,-42.7361,31.3709,300.667,0
2017-11-27,11,11.6667,0.0,2.66667,70,46.245,48.77,-42.9065,36.4121,291.5,0
2017-11-27,12,12.0,0.0,3.0,67,44.955,46.125,-41.0124,41.0124,262.08,0
2017-11-27,13,12.5,0.0,3.33333,66,48.815,41.4,-36.7697,36.7697,281.538,0
2017-11-27,14,13.6667,0.0,3.66667,66,48.24,36.87,-36.7697,36.7697,276.0,0
2017-11-27,15,14.0,0.0,3.66667,69,52.33,36.925,-40.3053,40.3053,232.615,0
2017-11-27,16,14.0,0.0,3.66667,72,67.52,44.64,-44.971,36.853,221.571,0
2017-11-27,17,13.6667,0.0,3.33333,73,61.17,49.11,-46.1581,31.5457,232.615,0
2017-11-28,1,15.1667,0.0,0.833333,68,40.275,43.65,61.0,0.0,204.429,0
2017-11-28,2,16.5,0.0,0.666667,65,41.38,42.5,65.0,0.0,180.0,0
2017-11-28,3,17.0,0.0,0.666667,64,41.9,42.81,53.0,0.0,208.32,0
2017-11-28,4,17.3333,0.0,0.666667,64,45.1,42.235,55.0,0.0,205.8,0
2017-11-28,5,17.3333,0.0,0.666667,65,46.74,45.025,54.0,0.0,221.76,0
2017-11-28,6,17.6667,0.0,0.833333,65,48.19,49.05,51.0,0.0,232.941,0
2017-11-28,7,18.0,0.0,1.16667,66,45.86,51.335,51.0,0.0,232.941,0
2017-11-28,8,17.8333,0.0,1.33333,67,42.65,54.955,54.0,0.0,209.012,0
2017-11-28,9,18.1667,0.0,1.5,67,40.945,54.31,56.0,0.0,193.765,0
2017-11-28,10,18.1667,0.0,1.83333,71,36.575,48.925,58.0,0.0,193.44,0
2017-11-28,11,17.8333,0.0,2.16667,70,38.985,46.245,55.0,0.0,210.189,0
2017-11-28,12,17.8333,0.0,2.5,69,37.14,44.955,51.0,0.0,240.505,0
2017-11-28,13,17.3333,0.0,2.83333,69,36.105,48.815,68.0,0.0,186.821,0
2017-11-28,14,16.5,0.0,3.16667,68,40.4,48.24,66.0,0.0,187.2,0
2017-11-28,15,15.6667,0.0,3.33333,69,43.11,52.33,63.0,0.0,195.52,0
2017-11-28,16,15.0,0.0,3.33333,78,48.285,67.52,62.0,0.0,217.412,0
2017-11-28,17,14.5,0.0,3.33333,79,60.07,61.17,58.0,0.0,249.882,0
2017-11-29,1,9.33333,0.0,2.66667,89,54.745,40.275,59.0,0.0,323.345,0
2017-11-29,2,8.83333,0.0,2.5,89,59.74,41.38,56.0,0.0,360.0,0
2017-11-29,3,8.66667,0.0,2.33333,89,52.465,41.9,53.0,0.0,389.88,0
2017-11-29,4,8.16667,0.0,2.0,90,47.815,45.1,52.0,0.0,403.68,0
2017-11-29,5,8.0,0.0,1.66667,91,48.725,46.74,59.0,0.0,373.32,0
2017-11-29,6,8.0,0.0,1.5,91,58.67,48.19,57.0,0.0,388.267,0
2017-11-29,7,8.16667,0.0,1.33333,93,62.675,45.86,56.0,0.0,390.0,0
2017-11-29,8,7.83333,0.0,1.16667,92,58.3,42.65,39.6851,-3.44412,374.85,0
2017-11-29,9,7.33333,0.81,1.16667,90,64.095,40.945,37.6851,-3.44412,405.45,0
2017-11-29,10,7.5,0.81,1.33333,88,60.345,36.575,35.6851,-3.44412,448.0,0
2017-11-29,11,7.5,0.81,1.66667,86,61.65,38.985,19.294,-6.50556,443.143,0
2017-11-29,12,7.5,1.52,2.0,84,61.06,37.14,20.294,-6.50556,437.25,0
2017-11-29,13,7.0,1.52,2.5,81,58.805,36.105,20.294,-6.50556,437.25,0
2017-11-29,14,6.83333,1.52,2.83333,81,58.82,40.4,18.294,-6.50556,479.467,0
2017-11-29,15,7.0,1.19,3.0,83,63.8,43.11,23.294,-6.50556,466.4,0
2017-11-29,16,6.83333,1.19,3.0,84,70.265,48.285,38.609,-3.06144,457.6,0
2017-11-29,17,6.66667,1.19,2.83333,96,75.55,60.07,39.609,-3.06144,438.6,0
2017-11-30,1,5.83333,0.0,1.16667,85,52.53,54.745,54.0,0.0,536.057,0
2017-11-30,2,5.83333,0.0,1.16667,88,50.7,59.74,52.0,0.0,575.143,0
2017-11-30,3,5.83333,0.0,1.0,88,42.685,52.465,51.0,0.0,570.24,0
2017-11-30,4,5.66667,0.0,0.666667,89,40.39,47.815,52.0,0.0,546.96,0
2017-11-30,5,5.66667,0.0,0.5,91,49.38,48.725,52.0,0.0,561.6,0
2017-11-30,7,6.0,0.0,0.166667,100,51.4,62.675,52.0,0.0,561.6,0
2018-10-01,0,9.66667,0.0,7.5,82,30.41,80.43,62.0,0.0,310.708,0
2018-10-01,1,9.16667,0.0,6.5,84,30.62,61.81,58.0,0.0,335.345,0
2018-10-01,2,8.83333,0.0,5.83333,85,25.85,51.71,55.0,0.0,363.0,0
2018-10-01,3,8.5,0.0,5.16667,86,27.5,47.66,37.609,-3.06144,389.88,0
2018-10-01,4,8.33333,0.0,4.66667,89,28.4,43.49,20.2179,-6.12288,409.867,0
2018-10-01,5,8.16667,0.0,4.16667,89,27.83,40.57,12.8269,-9.18432,360.0,0
2018-10-01,6,8.0,0.0,3.83333,87,29.82,40.88,-3.56416,-12.2458,374.0,0
2018-10-01,7,7.83333,0.0,3.33333,100,31.14,40.8,-19.9552,-15.3072,388.267,0
2018-10-01,8,7.83333,0.0,3.33333,96,31.94,42.81,-35.4224,-17.986,405.45,0
2018-10-01,9,7.83333,0.0,3.83333,84,36.6,38.51,-35.4224,-17.986,405.45,0
2018-10-01,10,8.0,0.0,4.83333,69,34.25,30.3,-20.0313,-14.9245,405.45,0
2018-10-01,11,8.33333,0.0,6.33333,60,32.5,23.36,-3.64028,-11.8631,390.0,0
2018-10-01,12,8.66667,0.0,8.16667,52,28.19,18.27,13.7508,-8.80164,360.0,0
2018-10-01,13,9.33333,0.0,10.3333,49,25.32,15.29,19.294,1.14804,377.143,0
2018-10-01,14,9.83333,0.0,12.3333,49,19.26,12.98,15.5985,8.03628,327.6,0
2018-10-01,15,10.1667,0.0,13.8333,44,15.38,10.89,-10.5642,12.2458,340.267,0
2018-10-01,16,10.0,0.0,14.8333,43,19.09,16.94,-26.6353,19.3169,334.08,0
2018-10-01,17,9.5,0.0,15.3333,54,24.83,16.38,-32.2921,24.9737,300.0,0
2018-10-01,18,9.0,0.0,15.1667,69,39.46,25.07,-47.2419,29.9235,337.08,0
2018-10-01,19,8.16667,0.0,14.5,81,41.1,29.78,-42.9529,31.0465,385.527,0
2018-10-01,20,7.33333,0.0,13.3333,96,69.84,59.16,-47.1955,35.2891,372.764,0
2018-10-01,21,6.83333,0.0,11.8333,100,81.24,75.27,-41.2755,35.3223,439.855,0
2018-10-01,22,6.66667,0.0,10.0,100,77.08,64.87,-33.7916,37.58,488.52,0
2018-10-01,23,6.83333,0.0,8.66667,92,76.19,44.35,-36.4704,44.0472,449.28,0
2018-10-02,0,7.0,0.0,7.83333,83,47.67,30.41,-32.4607,44.3671,452.4,0
2018-10-02,1,7.5,0.0,7.33333,86,48.22,30.62,-26.8038,46.7102,437.143,0
2018-10-02,2,8.16667,0.0,7.16667,90,30.23,25.85,-16.9043,45.8107,451.0,0
2018-10-02,3,8.83333,0.0,7.33333,95,28.31,27.5,-12.6616,51.568,377.4,0
2018-10-02,4,9.83333,0.0,7.83333,94,17.83,28.4,2.03801,51.0209,361.029,0
2018-10-02,5,10.8333,0.0,8.0,94,7.66,27.83,16.9706,49.1731,333.45,0
2018-10-02,6,11.8333,0.0,7.83333,95,10.52,29.82,26.8702,54.1074,263.467,0
2018-10-02,7,12.8333,0.0,7.66667,95,13.37,31.14,36.7697,48.0418,270.327,0
2018-10-02,8,13.6667,0.0,7.66667,94,22.03,31.94,28.9915,52.8791,242.031,0
2018-10-02,9,14.5,0.0,7.83333,87,27.53,36.6,19.7991,55.8686,230.4,0
2018-10-02,10,15.0,0.0,8.16667,72,31.45,34.25,9.89954,58.9343,212.914,0
2018-10-02,11,15.5,0.0,8.66667,63,25.19,32.5,0.0,62.0,203.52,0
2018-10-02,12,16.1667,0.0,9.5,59,19.52,28.19,0.0,64.0,187.68,0
2018-10-02,13,16.8333,0.0,10.3333,55,12.98,25.32,0.0,51.0,229.125,0
2018-10-02,14,17.6667,0.0,11.1667,53,11.41,19.26,0.0,54.0,209.012,0
2018-10-02,15,18.3333,0.0,11.6667,51,8.27,15.38,-7.6536,55.4776,191.133,0
2018-10-02,16,19.1667,0.0,12.0,50,15.06,19.09,-15.3072,55.9552,181.895,0
2018-10-02,17,20.0,0.0,12.0,49,16.14,24.83,-23.3435,56.3567,173.46,0
2018-10-02,18,20.5,0.0,11.6667,48,12.3,39.46,-24.1088,58.2044,160.74,0
2018-10-02,19,20.6667,0.0,11.1667,51,21.91,41.1,-31.3046,54.5761,159.6,0
2018-10-02,20,20.5,1.04,10.5,55,25.95,69.84,-37.4105,49.3169,170.564,0
2018-10-02,21,20.5,1.04,9.83333,62,16.64,81.24,-42.4266,42.4266,184.743,0
2018-10-02,22,20.8333,1.04,9.16667,66,12.04,77.08,-41.7195,41.7195,186.66,0
2018-10-02,23,21.3333,1.04,8.66667,73,15.21,76.19,-43.8408,43.8408,162.0,0
2018-10-03,0,21.8333,1.04,8.33333,73,16.48,47.67,-39.9727,53.5027,131.04,0
2018-10-03,1,22.1667,1.04,8.33333,73,14.68,48.22,-35.0149,61.5336,125.061,0
2018-10-03,2,22.5,0.48,8.33333,74,11.81,30.23,-27.1703,65.5955,139.968,0
2018-10-03,3,22.8333,0.48,8.5,74,8.93,28.31,-17.6033,63.4985,156.75,0
2018-10-03,4,23.0,0.48,8.5,76,6.32,17.83,-16.8379,61.6507,158.564,0
2018-10-03,5,23.1667,0.48,8.5,78,5.21,7.66,-17.6033,63.4985,141.943,0
2018-10-03,6,23.6667,0.48,8.5,76,4.99,10.52,-27.553,66.5194,120.0,0
2018-10-03,7,24.8333,1.62,8.33333,76,9.21,13.37,-20.282,48.9656,165.092,0
2018-10-03,8,26.5,1.14,8.16667,74,9.75,22.03,-21.4301,51.7373,151.467,0
2018-10-03,9,28.0,1.14,8.16667,71,9.94,27.53,-11.0977,57.7925,137.048,0
2018-10-03,10,29.0,1.14,8.5,67,10.42,31.45,0.0,62.0,133.548,0
2018-10-03,11,29.8333,1.14,8.83333,64,11.31,25.19,0.0,61.0,138.194,0
2018-10-03,12,30.5,1.14,9.33333,58,8.65,19.52,0.0,61.0,135.24,0
2018-10-03,13,30.6667,0.0,10.0,54,4.04,12.98,0.0,62.0,133.548,0
2018-10-03,14,30.3333,0.48,10.6667,53,9.05,11.41,21.2133,58.7164,138.194,0
2018-10-03,15,29.8333,0.48,11.1667,53,7.4,8.27,41.7195,54.5089,144.84,0
2018-10-03,16,29.3333,0.48,11.3333,55,10.26,15.06,40.3053,52.6612,151.945,0
2018-10-03,17,28.3333,0.48,11.3333,58,13.22,16.14,38.891,50.8134,159.557,0
2018-10-03,18,26.8333,0.48,11.1667,59,18.22,12.3,36.7697,42.6225,173.333,0
2018-10-03,19,24.8333,0.48,10.6667,64,22.15,21.91,52.3261,58.1789,134.267,0
2018-10-03,20,22.5,0.0,10.0,65,17.96,25.95,45.9622,45.9622,172.8,0
2018-10-03,21,20.3333,0.0,9.33333,67,19.21,16.64,38.891,42.1426,222.927,0
2018-10-03,22,18.1667,0.0,8.83333,67,14.17,12.04,49.4977,56.0008,192.873,0
2018-10-03,23,16.3333,0.0,8.33333,68,12.57,15.21,43.8408,53.3787,224.0,0
2018-10-04,0,15.1667,0.0,7.83333,67,9.38,16.48,31.1128,54.6507,237.12,0
2018-10-04,1,14.6667,0.0,7.5,66,5.59,14.68,20.5062,55.7925,237.12,0
2018-10-04,2,14.8333,0.0,7.33333,66,5.21,11.81,9.89954,56.9343,230.4,0
2018-10-04,3,14.8333,0.0,7.16667,68,5.24,8.93,0.0,60.0,212.914,0
2018-10-04,4,14.8333,0.0,7.0,69,5.86,6.32,0.0,61.0,211.68,0
2018-10-04,5,14.8333,0.0,7.0,69,5.87,5.21,0.0,60.0,220.0,0
2018-10-04,6,14.6667,0.0,7.0,70,6.79,4.99,0.0,59.0,235.125,0
2018-10-04,7,14.5,0.0,6.83333,77,9.3,9.21,0.0,57.0,245.92,0
2018-10-04,8,14.3333,0.0,6.83333,77,11.75,9.75,0.0,56.0,248.571,0
2018-10-04,9,14.5,0.0,7.16667,70,14.57,9.94,0.0,57.0,239.4,0
2018-10-04,10,15.0,0.0,7.66667,69,16.81,10.42,11.3138,57.7821,221.571,0
2018-10-04,11,15.6667,0.0,8.33333,59,11.62,11.31,23.3346,59.488,196.114,0
2018-10-04,12,16.3333,0.0,9.16667,52,13.44,8.65,36.0626,47.1179,229.125,0
2018-10-04,13,17.0,0.0,10.3333,48,13.49,4.04,37.4768,48.9656,216.847,0
2018-10-04,14,17.5,0.0,11.5,46,9.78,9.05,38.1839,49.8895,213.333,0
2018-10-04,15,17.6667,0.0,12.3333,43,7.07,7.4,38.1839,49.8895,213.333,0
2018-10-04,16,17.5,0.0,12.8333,44,14.97,10.26,37.4768,48.9656,221.0,0
2018-10-04,17,17.0,0.0,13.0,54,20.91,13.22,24.7488,48.3358,236.733,0
2018-10-04,18,16.1667,0.0,12.8333,61,38.11,18.22,24.7488,63.3358,194.133,0
2018-10-04,19,14.8333,0.0,12.3333,70,41.66,22.15,12.0209,59.706,225.318,0
2018-10-04,20,13.3333,0.0,11.5,78,37.0,17.96,0.0,54.0,279.0,0
2018-10-04,21,12.0,0.0,10.5,82,40.68,19.21,-3.44412,62.3149,266.325,0
2018-10-04,22,10.8333,0.0,9.66667,80,31.04,14.17,-6.88824,54.6298,325.68,0
2018-10-04,23,9.83333,0.0,9.0,80,25.09,12.57,-13.2522,60.9938,300.0,0
2018-10-05,0,9.33333,0.0,8.33333,78,24.3,9.38,-19.6162,52.3578,343.938,0
2018-10-05,1,9.33333,0.0,8.0,79,18.11,5.59,-26.6873,46.4289,349.92,0
2018-10-05,2,9.5,0.0,7.83333,82,29.45,5.21,-33.7584,43.5,339.2,0
2018-10-05,3,9.66667,0.0,8.16667,76,26.7,5.24,-37.3854,42.2562,325.867,0
2018-10-05,4,9.83333,0.0,8.33333,80,31.26,5.86,-41.0124,41.0124,312.8,0
2018-10-05,5,10.1667,0.0,8.5,84,25.69,5.87,-41.7195,41.7195,300.0,0
2018-10-05,6,10.3333,0.0,8.83333,89,34.31,6.79,-36.0626,36.0626,346.92,0
2018-10-05,7,10.6667,0.0,8.83333,86,29.86,9.3,-36.7697,36.7697,334.08,0
2018-10-05,8,11.1667,0.0,9.0,84,34.39,11.75,-38.1839,38.1839,309.12,0
2018-10-05,9,11.8333,0.0,9.0,73,28.66,14.57,-40.3053,40.3053,273.48,0
2018-10-05,10,12.1667,0.0,9.33333,76,28.54,16.81,-43.1337,43.1337,240.0,0
2018-10-05,11,12.6667,0.0,10.0,66,29.86,11.62,-36.0626,36.0626,286.7,0
2018-10-05,12,13.3333,0.0,11.0,57,26.52,13.44,-37.4768,37.4768,271.385,0
2018-10-05,13,14.0,0.0,12.3333,51,22.43,13.49,-38.891,38.891,257.914,0
2018-10-05,14,14.6667,0.0,13.6667,49,19.14,9.78,-40.3053,40.3053,225.5,0
2018-10-05,15,15.0,0.0,15.0,45,17.16,7.07,-43.8408,43.8408,196.114,0
2018-10-05,16,15.3333,0.0,16.0,46,14.34,14.97,-45.255,45.255,187.68,0
2018-10-05,17,15.0,0.0,16.5,51,18.72,20.91,-44.5479,44.5479,202.725,0
2018-10-05,18,14.3333,0.0,16.3333,56,36.85,38.11,-44.3207,37.8263,241.553,0
2018-10-05,19,13.3333,0.0,15.8333,61,46.6,41.66,-42.4625,30.0149,288.225,0
2018-10-05,20,12.1667,0.0,14.8333,71,54.22,37.0,-51.7013,33.8417,266.325,0
2018-10-05,21,11.0,0.0,13.5,75,69.06,40.68,-30.3876,22.528,307.8,0
2018-10-05,22,10.1667,0.0,12.3333,75,83.78,31.04,-11.488,12.6284,348.0,0
2018-10-05,23,9.66667,0.0,11.1667,78,96.8,25.09,-2.48804,12.6284,311.1,0
2018-10-06,0,9.33333,0.0,10.3333,83,89.54,24.3,17.5985,8.03628,335.345,1
2018-10-06,1,9.33333,0.0,9.66667,85,65.94,18.11,36.7612,3.8268,349.92,1
2018-10-06,2,9.33333,0.0,9.16667,86,42.27,29.45,56.0,0.0,349.92,1
2018-10-06,3,9.5,0.0,8.83333,86,39.74,26.7,56.0,0.0,339.2,1
2018-10-06,4,9.66667,0.0,8.5,88,37.62,31.26,57.0,0.0,325.867,1
2018-10-06,5,9.83333,0.0,8.33333,90,39.68,25.69,58.0,0.0,312.8,1
2018-10-06,6,10.1667,0.0,8.0,89,37.21,34.31,59.0,0.0,300.0,1
2018-10-06,7,10.3333,0.0,7.66667,100,36.71,29.86,51.0,0.0,346.92,1
2018-10-06,8,10.5,0.0,7.66667,99,36.76,34.39,52.0,0.0,334.08,1
2018-10-06,9,11.0,0.0,8.0,86,34.2,28.66,53.0,0.0,321.48,1
2018-10-06,10,11.6667,0.0,8.66667,71,31.19,28.54,56.0,0.0,285.12,1
2018-10-06,11,12.6667,0.0,9.66667,60,28.66,29.86,60.0,0.0,250.364,1
2018-10-06,12,13.6667,0.0,11.1667,53,24.63,26.52,54.0,0.0,248.727,1
2018-10-06,13,14.8333,0.0,12.8333,50,23.03,22.43,60.0,0.0,205.477,1
2018-10-06,14,16.0,0.0,14.5,50,19.98,19.14,51.0,0.0,229.125,1
2018-10-06,15,16.6667,0.0,15.8333,50,21.63,17.16,53.0,0.0,216.847,1
2018-10-06,16,16.6667,0.0,16.8333,50,27.45,14.34,53.0,0.0,221.0,1
2018-10-06,17,16.0,0.0,17.3333,52,34.36,18.72,67.0,0.0,187.0,1
2018-10-06,18,15.0,0.0,17.0,66,52.46,36.85,61.0,0.0,231.8,1
2018-10-06,19,13.5,0.0,16.5,73,40.49,46.6,54.0,0.0,284.612,1
2018-10-06,20,11.8333,0.0,15.5,85,78.17,54.22,45.6851,3.44412,274.447,1
2018-10-06,21,10.3333,0.0,14.1667,91,91.82,69.06,21.294,6.50556,339.429,1
2018-10-06,22,9.33333,0.0,12.8333,88,92.7,83.78,13.903,9.567,320.914,1
2018-10-06,23,8.66667,0.0,11.8333,83,54.67,96.8,-7.48804,12.6284,369.6,1
2018-10-07,0,8.16667,0.0,11.1667,83,58.89,89.54,-26.8791,15.6899,411.927,1
2018-10-07,1,8.16667,0.0,10.5,85,76.32,65.94,-34.2701,18.7513,372.764,1
2018-10-07,2,8.33333,0.0,10.1667,85,80.17,42.27,-53.585,22.1954,374.0,1
2018-10-07,3,8.33333,0.0,10.1667,87,66.61,39.74,-53.585,22.1954,360.0,1
2018-10-07,4,8.33333,0.0,10.1667,86,59.99,37.62,-53.585,22.1954,360.0,1
2018-10-07,5,8.33333,0.0,10.1667,83,56.58,39.68,-53.585,22.1954,360.0,1
2018-10-07,6,8.33333,0.0,10.3333,92,57.92,37.21,-53.585,22.1954,360.0,1
2018-10-07,7,8.16667,0.0,10.1667,100,60.63,36.71,-53.585,22.1954,360.0,1
2018-10-07,8,8.0,0.0,10.3333,98,67.17,36.76,-53.585,22.1954,374.0,1
2018-10-07,9,8.16667,0.0,10.8333,82,57.06,34.2,-52.6612,21.8128,388.267,1
2018-10-07,10,8.66667,0.0,11.6667,62,53.58,31.19,-52.6612,21.8128,374.85,1
2018-10-07,11,9.33333,0.0,12.6667,53,43.98,28.66,-45.6573,23.4681,386.4,1
2018-10-07,12,10.3333,0.0,14.0,46,41.25,24.63,-46.7516,28.892,327.6,1
2018-10-07,13,11.5,0.0,15.8333,43,37.82,23.03,-37.327,35.7034,291.6,1
2018-10-07,14,12.8333,0.0,17.5,43,26.52,19.98,-27.3612,43.056,270.327,1
2018-10-07,15,14.1667,0.0,18.8333,42,19.6,21.63,-19.583,51.2778,225.5,1
2018-10-07,16,15.5,0.0,19.5,45,9.93,27.45,0.92315,58.4985,196.114,1
2018-10-07,17,16.6667,0.0,19.5,57,7.89,34.36,25.456,45.141,220.8,1
2018-10-07,18,17.5,0.0,18.8333,61,15.48,52.46,38.891,42.5761,201.318,1
2018-10-07,19,18.0,0.0,17.6667,68,20.58,40.49,44.4239,34.1411,195.789,1
2018-10-07,20,18.1667,0.0,16.1667,72,24.57,78.17,47.6186,27.5942,202.926,1
2018-10-07,21,17.8333,0.0,14.5,74,16.73,91.82,49.8895,20.6647,217.579,1
2018-10-07,22,16.8333,0.0,13.0,73,12.1,92.7,63.7477,26.4049,180.0,1
2018-10-07,23,15.6667,0.0,11.8333,70,11.37,54.67,58.2044,24.1088,216.333,1
2018-10-08,0,14.1667,0.0,10.8333,73,8.32,58.89,52.6612,21.8128,258.353,0
2018-10-08,1,12.6667,0.0,10.1667,74,11.45,76.32,61.9,25.6396,240.0,0
2018-10-08,2,11.1667,0.0,9.5,73,8.35,80.17,54.5089,22.5781,295.68,0
2018-10-08,3,9.83333,0.0,8.83333,81,14.87,66.61,48.0418,19.8994,354.738,0
2018-10-08,4,8.83333,0.0,8.33333,83,11.59,59.99,54.5089,22.5781,343.938,0
2018-10-08,5,8.0,0.0,7.66667,85,18.87,56.58,49.4985,17.6033,407.1,0
2018-10-08,6,7.5,0.0,7.16667,88,21.0,57.92,56.4985,17.6033,384.8,0
2018-10-08,7,7.16667,0.0,6.5,94,23.62,60.63,52.4119,13.0111,429.0,0
2018-10-08,8,7.0,0.0,6.16667,91,32.31,67.17,49.6403,6.50556,463.6,0
2018-10-08,9,7.0,0.0,6.16667,79,37.99,57.06,56.1074,3.8268,420.0,0
2018-10-08,10,7.0,0.0,6.66667,60,25.1,53.58,52.7423,-4.56709,436.05,0
2018-10-08,11,7.16667,0.0,7.5,50,8.42,43.98,42.6725,-14.0957,437.143,0
2018-10-08,12,7.33333,0.0,8.5,42,6.97,41.25,30.5485,-22.4313,420.0,0
2018-10-08,13,7.5,0.0,9.83333,37,5.45,37.82,9.15741,-25.4928,460.8,0
2018-10-08,14,7.66667,0.0,11.1667,37,7.05,26.52,-5.23363,-28.5542,443.143,0
2018-10-08,15,7.83333,0.0,12.3333,35,5.64,19.6,-3.70079,-25.8755,425.829,0
2018-10-08,16,7.83333,0.0,13.0,37,8.64,9.93,-2.16795,-23.1967,408.857,0
2018-10-08,17,7.66667,0.0,12.6667,54,16.49,7.89,-0.11772,-18.2469,408.857,0
2018-10-08,18,7.5,0.0,12.1667,57,52.48,15.48,9.56104,-11.7798,421.2,0
2018-10-08,19,7.33333,0.0,11.5,60,64.22,20.58,22.2179,-6.12288,437.25,0
2018-10-08,20,7.16667,0.0,10.5,66,62.33,24.57,23.1418,-5.7402,453.6,0
2018-10-08,21,7.0,0.0,9.33333,74,56.14,16.73,24.0657,-5.35752,470.25,0
2018-10-08,22,7.16667,0.0,8.0,78,52.16,12.1,17.5985,-8.03628,420.0,0
2018-10-08,23,7.16667,0.0,7.5,78,41.52,11.37,2.20748,-11.0977,420.0,0
2018-10-09,0,7.16667,0.0,7.0,81,37.76,8.32,-12.2597,-13.7765,420.0,0
2018-10-09,1,7.16667,0.0,6.5,84,42.57,11.45,-12.2597,-13.7765,420.0,0
2018-10-09,2,7.16667,0.0,6.0,87,36.25,8.35,-12.2597,-13.7765,420.0,0
2018-10-09,3,7.16667,0.0,5.83333,85,40.5,14.87,-12.2597,-13.7765,420.0,0
2018-10-09,4,7.0,0.0,5.83333,87,37.61,11.59,1.20748,-11.0977,420.0,0
2018-10-09,5,7.0,0.0,5.66667,90,40.66,18.87,14.6746,-8.41896,420.0,0
2018-10-09,6,7.0,0.0,5.5,88,36.44,21.0,28.1418,-5.7402,436.05,0
2018-10-09,7,7.0,0.0,5.16667,100,51.66,23.62,29.0657,-5.35752,437.143,0
2018-10-09,8,7.0,0.0,5.33333,99,47.97,32.31,29.0657,-5.35752,437.143,0
2018-10-09,9,7.16667,0.0,5.66667,87,47.16,37.99,15.5985,-8.03628,437.143,0
2018-10-09,10,7.66667,0.0,6.33333,81,36.54,25.1,16.5985,-8.03628,420.0,0
2018-10-09,11,8.33333,0.0,7.5,67,35.06,8.42,12.5985,-8.03628,425.829,0
2018-10-09,12,9.0,0.0,9.0,59,31.1,6.97,16.5985,-8.03628,360.0,0
2018-10-09,13,9.83333,0.0,10.8333,55,26.19,5.45,27.0657,-5.35752,345.257,0
2018-10-09,14,10.6667,0.0,12.5,54,31.39,7.05,28.9134,4.59216,319.2,0
2018-10-09,15,11.1667,0.0,13.8333,52,33.96,5.64,9.82688,9.18432,285.12,0
2018-10-09,16,11.0,0.0,14.8333,55,41.37,8.64,-10.3358,13.3938,282.764,0
2018-10-09,17,10.5,0.0,15.1667,59,42.98,16.49,-29.6507,16.8379,305.455,0
2018-10-09,18,10.0,0.0,15.0,68,52.59,52.48,-48.0418,19.8994,348.0,0
2018-10-09,19,9.33333,0.0,14.5,76,46.0,64.22,-40.0418,19.8994,322.4,0
2018-10-09,20,8.5,0.0,13.5,84,70.61,62.33,-20.9552,15.3072,369.6,0
2018-10-09,21,7.83333,0.0,12.3333,90,90.54,56.14,-2.86864,10.715,425.455,0
2018-10-09,22,7.5,0.0,11.1667,90,91.31,52.16,4.13136,10.715,398.945,0
2018-10-09,23,7.33333,0.0,10.3333,88,66.59,41.52,21.294,6.50556,432.667,0
2018-10-10,0,7.16667,0.0,9.66667,90,51.13,37.76,36.609,3.06144,453.6,0
2018-10-10,1,7.0,0.0,9.0,93,51.39,42.57,37.5328,2.67876,470.25,0
2018-10-10,2,6.83333,0.0,8.5,96,47.24,36.25,31.0657,5.35752,420.0,0
2018-10-10,3,6.66667,0.0,8.33333,95,44.58,40.5,17.5224,7.6536,452.4,0
2018-10-10,4,6.5,0.0,8.0,95,47.98,37.61,3.97912,9.94968,472.457,0
2018-10-10,5,6.33333,0.0,7.66667,95,46.66,40.66,-8.56416,12.2458,490.629,0
2018-10-10,6,6.16667,0.0,7.33333,100,45.08,36.44,-9.56416,12.2458,509.143,0
2018-10-10,7,6.0,0.0,7.0,100,46.35,51.66,-10.5642,12.2458,528.0,0
2018-10-10,8,6.0,0.0,7.0,100,48.27,47.97,-4.56416,12.2458,480.0,0
2018-10-10,9,6.0,0.0,7.33333,100,54.5,47.16,-5.56416,12.2458,498.343,0
2018-10-10,10,6.16667,0.0,8.16667,87,57.16,36.54,6.903,9.567,517.029,0
2018-10-10,11,6.33333,0.0,9.5,71,60.89,35.06,20.3702,6.88824,499.8,0
2018-10-10,12,6.66667,0.0,11.1667,63,51.08,31.1,32.9134,4.59216,480.0,0
2018-10-10,13,7.0,0.0,13.1667,57,41.17,26.19,52.0,0.0,496.8,0
2018-10-10,14,7.5,0.0,15.1667,58,37.01,31.39,54.0,0.0,457.6,0
2018-10-10,15,7.83333,0.0,16.8333,56,34.14,33.96,33.6851,-3.44412,451.0,0
2018-10-10,16,8.0,0.0,18.0,59,34.04,41.37,20.294,-6.50556,413.4,0
2018-10-10,17,8.16667,0.0,18.5,68,36.62,42.98,6.903,-9.567,392.229,0
2018-10-10,18,8.16667,0.0,18.1667,96,41.14,52.59,-5.75388,-15.2239,375.943,0
2018-10-10,19,8.16667,0.0,17.5,97,33.02,46.0,-18.4108,-20.8808,374.85,0
2018-10-10,20,8.0,0.0,16.3333,100,35.92,70.61,-29.4722,-28.2718,374.85,0
2018-10-10,21,8.16667,0.0,14.8333,100,36.38,90.54,-40.5336,-35.6628,388.267,0
2018-10-10,22,8.33333,0.0,13.3333,100,48.74,91.31,-35.6628,-40.5336,374.85,0
2018-10-10,23,8.5,0.0,12.0,94,52.53,66.59,-31.7159,-45.7871,360.0,0
2018-10-11,0,8.66667,0.0,11.0,98,52.16,51.13,-22.1121,-45.3837,401.85,0
2018-10-11,1,8.83333,0.0,10.0,100,49.69,51.39,-19.8994,-48.0418,386.4,0
2018-10-11,2,9.0,0.0,9.33333,100,51.25,47.24,-20.282,-48.9656,371.25,0
2018-10-11,3,9.16667,0.0,9.0,97,46.74,44.58,-20.6647,-49.8895,366.667,0
2018-10-11,4,9.33333,0.0,8.66667,96,45.56,47.98,-21.0474,-50.8134,352.8,0
2018-10-11,5,9.5,0.0,8.33333,94,43.68,46.66,-21.4301,-51.7373,339.2,0
2018-10-11,6,9.83333,0.0,8.16667,94,42.72,45.08,-21.8128,-52.6612,325.867,0
2018-10-11,7,10.3333,0.0,8.0,100,42.76,46.35,-22.5781,-54.5089,300.0,0
2018-10-11,8,11.0,0.0,8.0,100,47.28,48.27,-20.282,-48.9656,321.48,0
2018-10-11,9,11.6667,0.0,8.16667,100,51.58,54.5,-21.4301,-51.7373,285.12,0
2018-10-11,10,12.3333,0.0,9.0,86,58.03,57.16,-27.5028,-52.398,240.0,0
2018-10-11,11,13.3333,0.0,10.1667,73,59.12,60.89,-29.3661,-42.8961,265.5,0
2018-10-11,12,14.3333,0.0,11.6667,63,54.49,51.08,-36.0877,-43.1233,232.615,0
2018-10-11,13,15.1667,0.0,13.6667,54,54.56,41.17,-43.1337,-43.1337,204.429,0
2018-10-11,14,15.8333,0.0,15.6667,52,46.39,37.01,-45.255,-45.255,180.0,0
2018-10-11,15,16.3333,0.0,17.5,48,37.8,34.14,-36.0626,-36.0626,232.941,0
2018-10-11,16,16.6667,0.0,18.6667,50,33.96,34.04,-36.0626,-36.0626,232.941,0
2018-10-11,17,16.6667,0.0,19.1667,56,34.62,36.62,-42.1855,-50.8447,180.0,0
2018-10-11,18,16.3333,0.0,19.0,64,36.24,41.14,-36.2875,-53.6059,187.2,0
2018-10-11,19,16.1667,0.0,18.5,69,38.3,33.02,-30.0068,-55.4432,202.024,0
2018-10-11,20,16.0,0.0,17.6667,72,41.76,35.92,-24.1088,-58.2044,202.725,0
2018-10-11,21,15.6667,0.0,16.5,74,45.69,36.38,-29.2997,-54.7361,202.725,0
2018-10-11,22,15.5,0.0,15.3333,76,36.18,48.74,-33.7835,-50.5607,203.52,0
2018-10-11,23,15.3333,0.0,14.5,77,37.06,52.53,-38.6499,-47.3091,210.6,0
2018-10-12,0,15.1667,0.0,13.8333,80,37.74,52.16,-43.1337,-43.1337,218.625,0
2018-10-12,1,14.6667,0.0,13.0,83,43.08,49.69,-41.7195,-41.7195,228.48,0
2018-10-12,2,14.1667,0.0,12.3333,85,40.31,51.25,-40.3053,-40.3053,245.92,0
2018-10-12,3,13.8333,0.0,11.8333,84,38.96,46.74,-38.891,-38.891,264.0,0
2018-10-12,4,13.3333,0.0,11.5,85,36.22,45.56,-37.4768,-37.4768,277.114,0
2018-10-12,5,12.8333,0.0,11.1667,87,36.7,43.68,-36.0626,-36.0626,291.877,0
2018-10-12,6,12.5,0.0,10.8333,88,43.06,42.72,-44.5479,-44.5479,240.0,0
2018-10-12,7,12.3333,0.0,10.5,100,37.94,42.76,-43.8408,-43.8408,249.508,0
2018-10-12,8,12.3333,0.0,10.3333,100,44.62,47.28,-43.1337,-43.1337,259.2,0
2018-10-12,9,12.3333,0.0,10.5,92,39.73,51.58,-43.1337,-43.1337,249.9,0
2018-10-12,10,12.6667,0.0,11.0,75,41.5,58.03,-43.8408,-43.8408,240.0,0
2018-10-12,11,13.1667,0.0,11.8333,63,39.34,59.12,-36.7697,-36.7697,276.0,0
2018-10-12,12,13.6667,0.0,13.1667,57,39.98,54.49,-42.1426,-34.0246,251.631,0
2018-10-12,13,14.0,0.0,14.8333,53,39.94,54.56,-46.8084,-30.5724,232.615,0
2018-10-12,14,14.1667,0.0,16.5,54,38.02,46.39,-50.5503,-26.7375,230.4,0
2018-10-12,15,14.1667,0.0,18.0,51,37.16,37.8,-53.585,-22.1954,237.12,0
2018-10-12,16,13.6667,0.0,19.1667,53,35.86,33.96,-51.7373,-21.4301,254.88,0
2018-10-12,17,12.8333,0.0,19.6667,58,38.1,34.62,-48.0418,-19.8994,286.971,0
2018-10-12,18,12.0,0.0,19.5,68,45.49,36.24,-55.1129,-26.9705,258.514,0
2018-10-12,19,11.3333,0.0,19.0,74,43.26,38.3,-49.2496,-28.684,297.6,0
2018-10-12,20,10.5,0.0,18.0,83,48.22,41.76,-43.3864,-30.3976,332.215,0
2018-10-12,21,9.83333,0.0,16.6667,87,44.2,45.69,-49.7504,-36.7616,300.0,0
2018-10-12,22,9.5,0.0,15.3333,88,44.09,36.18,-44.104,-38.1508,323.345,0
2018-10-12,23,9.33333,0.0,14.1667,89,64.52,37.06,-42.2562,-37.3854,337.08,0
2018-10-13,0,9.16667,0.0,13.1667,91,80.72,37.74,-43.5,-33.7584,349.92,1
2018-10-13,1,8.83333,0.0,12.3333,91,52.89,43.08,-44.7438,-30.1314,363.0,1
2018-10-13,2,8.66667,0.0,11.8333,91,46.48,40.31,-45.0638,-26.1218,380.8,1
2018-10-13,3,8.5,0.0,11.5,90,50.17,38.96,-46.0908,-22.8192,395.2,1
2018-10-13,4,8.33333,0.0,11.0,89,53.29,36.22,-47.1179,-19.5167,409.867,1
2018-10-13,5,8.0,0.0,10.6667,88,49.7,36.7,-54.5089,-22.5781,360.0,1
2018-10-13,6,7.83333,0.0,10.5,87,54.18,43.06,-51.1438,-24.0838,388.267,1
2018-10-13,7,7.83333,0.0,10.1667,100,61.72,37.94,-48.4857,-26.2965,402.8,1
2018-10-13,8,8.0,0.0,10.0,100,56.0,44.62,-45.8277,-28.5093,405.45,1
2018-10-13,9,8.16667,0.0,10.1667,96,51.14,39.73,-44.8006,-31.8118,390.0,1
2018-10-13,10,8.33333,0.0,10.8333,76,58.19,41.5,-45.7245,-32.1945,374.85,1
2018-10-13,11,8.83333,0.0,12.1667,60,52.78,39.34,-46.6484,-32.5772,360.0,1
2018-10-13,12,9.33333,0.0,13.8333,51,47.02,39.98,-43.5464,-28.3928,371.25,1
2018-10-13,13,9.83333,0.0,15.8333,47,42.62,39.94,-48.0522,-26.9454,327.6,1
2018-10-13,14,10.1667,0.0,17.8333,48,42.05,38.02,-52.558,-25.498,300.0,1
2018-10-13,15,10.5,0.0,19.5,46,42.01,37.16,-48.0418,-19.8994,326.8,1
2018-10-13,16,10.8333,0.0,20.6667,49,41.53,35.86,-49.8895,-20.6647,309.12,1
2018-10-13,17,11.0,0.0,20.8333,57,43.13,38.1,-50.8134,-21.0474,305.455,1
2018-10-13,18,10.8333,0.0,20.3333,82,50.92,45.49,-48.4289,-24.6161,305.455,1
2018-10-13,19,10.6667,0.0,19.5,86,50.75,43.26,-45.3373,-27.4777,317.127,1
2018-10-13,20,10.5,0.0,18.1667,91,50.96,48.22,-42.2458,-30.3394,329.018,1
2018-10-13,21,10.3333,0.0,16.6667,86,57.42,44.2,-39.1542,-33.201,341.127,1
2018-10-13,22,10.1667,0.0,15.3333,81,44.26,44.09,-36.0626,-36.0626,353.455,1
2018-10-13,23,10.0,0.0,14.0,79,40.85,64.52,-43.1337,-43.1337,300.0,1
2018-10-14,0,10.0,0.0,13.0,81,45.41,80.72,-42.4266,-42.4266,300.0,1
2018-10-14,1,10.0,0.0,12.1667,81,46.35,52.89,-42.4266,-42.4266,300.0,1
2018-10-14,2,10.0,0.0,11.6667,82,52.4,46.48,-42.4266,-42.4266,300.0,1
2018-10-14,3,10.0,0.0,11.1667,88,48.06,50.17,-42.4266,-42.4266,300.0,1
2018-10-14,4,10.0,0.0,10.6667,89,48.74,53.29,-42.4266,-42.4266,300.0,1
2018-10-14,5,10.1667,0.0,10.5,90,49.99,49.7,-42.4266,-42.4266,300.0,1
2018-10-14,6,10.3333,0.0,10.1667,92,51.49,54.18,-36.0626,-36.0626,346.92,1
2018-10-14,7,10.6667,0.0,9.66667,100,52.5,61.72,-36.7697,-36.7697,334.08,1
2018-10-14,8,11.1667,0.0,9.33333,100,51.97,56.0,-38.1839,-38.1839,309.12,1
2018-10-14,9,11.6667,0.0,9.5,99,51.17,51.14,-40.3053,-40.3053,273.48,1
2018-10-14,10,12.3333,0.0,10.0,82,51.04,58.19,-42.4266,-42.4266,250.364,1
2018-10-14,11,13.0,0.0,11.0,67,48.96,52.78,-36.7697,-36.7697,276.0,1
2018-10-14,12,13.8333,0.0,12.5,59,42.55,47.02,-38.891,-38.891,251.631,1
2018-10-14,13,14.6667,0.0,14.3333,54,36.6,42.62,-41.0124,-41.0124,223.385,1
2018-10-14,14,15.3333,0.0,16.1667,54,28.95,42.05,-43.8408,-43.8408,196.114,1
2018-10-14,15,15.8333,0.0,17.8333,51,25.87,42.01,-45.9622,-45.9622,180.0,1
2018-10-14,16,16.0,0.0,19.0,53,24.76,41.53,-46.6693,-46.6693,180.0,1
2018-10-14,17,15.8333,0.0,19.5,58,30.26,43.13,-45.9622,-45.9622,194.541,1
2018-10-14,18,15.3333,0.0,19.1667,67,34.59,50.92,-43.8408,-43.8408,217.412,1
2018-10-14,19,14.5,0.0,18.5,74,38.58,50.75,-41.0124,-41.0124,243.6,1
2018-10-14,20,13.6667,0.0,17.5,78,38.75,50.96,-38.1839,-38.1839,273.28,1
2018-10-14,21,13.0,0.0,16.1667,79,39.36,57.42,-36.0626,-36.0626,297.0,1
2018-10-14,22,12.5,0.0,14.8333,84,37.99,44.26,-44.5479,-44.5479,249.171,1
2018-10-14,23,12.1667,0.0,13.6667,84,37.73,40.85,-43.1337,-43.1337,259.2,1
2018-10-15,0,12.0,0.0,13.0,86,37.57,45.41,-42.4266,-42.4266,260.0,0
2018-10-15,1,11.8333,0.0,12.3333,89,38.36,46.35,-45.0278,-38.5334,260.0,0
2018-10-15,2,11.6667,0.0,11.8333,91,37.26,52.4,-46.7052,-34.2576,270.3,0
2018-10-15,3,11.3333,0.0,11.5,90,37.39,48.06,-48.3826,-29.9818,280.8,0
2018-10-15,4,10.8333,0.0,11.1667,91,37.1,48.74,-49.136,-25.3232,302.4,0
2018-10-15,5,10.3333,0.0,10.6667,90,37.22,49.99,-47.0147,-23.2019,336.3,0
2018-10-15,6,9.83333,0.0,10.1667,90,42.38,51.49,-53.3787,-29.5659,300.0,0
2018-10-15,7,9.5,0.0,9.66667,91,48.54,52.5,-48.6561,-31.3377,323.345,0
2018-10-15,8,9.16667,0.0,9.33333,94,38.75,51.97,-44.8574,-33.4922,347.564,0
2018-10-15,9,9.16667,0.0,9.33333,85,37.67,51.17,-41.0588,-35.6467,363.0,0
2018-10-15,10,9.66667,0.0,10.0,71,34.64,51.04,-38.891,-38.891,352.8,0
2018-10-15,11,10.5,0.0,11.3333,55,30.22,48.96,-43.6136,-37.1192,312.8,0
2018-10-15,12,11.3333,0.0,13.0,46,28.37,42.55,-43.82,-29.7488,300.667,0
2018-10-15,13,12.3333,0.0,15.0,41,25.21,36.6,-50.3903,-28.7423,240.0,0
2018-10-15,14,13.3333,0.0,17.0,41,24.78,28.95,-50.8134,-21.0474,245.1,0
2018-10-15,15,14.0,0.0,18.6667,40,25.08,25.87,-53.585,-22.1954,230.4,0
2018-10-15,16,14.1667,0.0,19.6667,45,26.99,24.76,-53.585,-22.1954,230.4,0
2018-10-15,17,13.8333,0.0,19.8333,51,28.01,30.26,-52.6612,-21.8128,245.92,0
2018-10-15,18,13.3333,0.0,19.3333,61,33.44,34.59,-47.2883,-24.5579,273.28,0
2018-10-15,19,12.6667,0.0,18.5,70,39.95,38.58,-55.0665,-32.3361,240.0,0
2018-10-15,20,12.0,0.0,17.1667,76,44.51,38.75,-48.9865,-34.3741,268.029,0
2018-10-15,21,11.3333,0.0,15.8333,77,42.12,39.36,-43.8304,-36.7948,289.385,0
2018-10-15,22,10.8333,0.0,14.5,80,38.12,37.99,-41.0588,-35.6467,313.5,0
2018-10-15,23,10.3333,0.0,13.3333,81,40.08,37.73,-41.8122,-30.9882,329.018,0
2018-10-16,0,10.0,0.0,12.3333,81,41.04,37.57,-42.3489,-26.6541,353.455,0
2018-10-16,1,9.66667,0.0,11.5,82,36.64,38.36,-50.6639,-30.0983,311.564,0
2018-10-16,2,9.16667,0.0,10.8333,85,38.39,37.26,-51.2006,-25.7642,335.345,0
2018-10-16,3,8.83333,0.0,10.1667,81,37.78,37.39,-50.8134,-21.0474,363.0,0
2018-10-16,4,8.5,0.0,9.66667,83,36.02,37.1,-48.9656,-20.282,389.88,0
2018-10-16,5,8.16667,0.0,9.16667,83,38.01,37.22,-45.3837,-22.1121,409.867,0
2018-10-16,6,8.0,0.0,8.83333,83,37.18,42.38,-50.3335,-27.0619,374.0,0
2018-10-16,7,7.83333,0.0,8.33333,86,39.63,48.54,-47.6754,-29.2747,388.267,0
2018-10-16,8,7.83333,0.0,8.16667,87,47.15,38.75,-45.0174,-31.4874,402.8,0
2018-10-16,9,8.0,0.0,8.33333,78,55.34,37.67,-42.3594,-33.7002,405.45,0
2018-10-16,10,8.33333,0.0,9.0,68,41.56,34.64,-41.3323,-37.0027,390.0,0
2018-10-16,11,9.0,0.0,10.3333,56,40.48,30.22,-43.1801,-37.7681,360.0,0
2018-10-16,12,9.5,0.0,12.0,48,38.58,28.37,-42.7361,-31.3709,356.4,0
2018-10-16,13,10.0,0.0,14.0,44,37.61,25.21,-47.2419,-29.9235,313.65,0
2018-10-16,14,10.5,0.0,16.0,45,34.67,24.78,-46.0908,-22.8192,326.8,0
2018-10-16,15,10.8333,0.0,17.6667,49,30.55,25.08,-49.8895,-20.6647,309.12,0
2018-10-16,16,10.6667,0.0,18.6667,52,35.6,26.99,-50.8134,-21.0474,305.455,0
2018-10-16,17,10.1667,0.0,19.0,58,38.58,28.01,-48.9656,-20.282,329.018,0
2018-10-16,18,9.66667,0.0,18.6667,68,41.33,33.44,-56.3567,-23.3435,300.0,0
2018-10-16,19,9.33333,0.0,17.8333,75,44.07,39.95,-53.585,-22.1954,335.345,0
2018-10-16,20,9.0,0.0,16.5,86,47.32,44.51,-51.7373,-21.4301,360.0,0
2018-10-16,21,8.33333,0.0,15.0,89,84.24,42.12,-49.8895,-20.6647,385.527,0
2018-10-16,22,8.0,0.0,13.5,87,53.1,38.12,-56.3567,-23.3435,360.0,0
2018-10-16,23,7.83333,0.0,12.1667,84,50.87,40.08,-52.6612,-21.8128,388.267,0
2018-10-17,0,7.66667,0.0,11.0,85,50.81,41.04,-50.8134,-21.0474,405.45,0
2018-10-17,1,7.5,0.0,10.1667,86,49.69,36.64,-49.8895,-20.6647,421.2,0
2018-10-17,2,7.16667,0.0,9.66667,86,50.29,38.39,-49.8895,-20.6647,432.667,0
2018-10-17,3,7.33333,0.0,9.33333,80,51.13,37.78,-48.0418,-19.8994,463.6,0
2018-10-17,4,7.5,0.0,9.16667,79,50.12,36.02,-47.1179,-19.5167,460.8,0
2018-10-17,5,7.83333,0.0,9.0,85,50.36,38.01,-46.3076,-22.4948,443.143,0
2018-10-17,6,8.16667,0.0,9.0,90,49.1,37.18,-46.2044,-26.18,408.857,0
2018-10-17,7,8.16667,0.0,8.83333,100,52.19,39.63,-46.1013,-29.8653,375.943,0
2018-10-17,8,8.33333,0.0,8.83333,96,54.05,47.15,-45.291,-32.8434,374.85,0
2018-10-17,9,8.5,0.0,9.16667,86,64.66,55.34,-43.5568,-35.4388,360.0,0
2018-10-17,11,9.16667,0.0,11.1667,55,48.37,40.48,-39.6445,-34.2325,380.8,0
2018-10-17,12,9.5,0.0,12.8333,46,40.66,38.58,-43.4432,-32.078,352.8,0
2018-10-17,13,10.0,0.0,14.8333,40,35.83,37.61,-47.2419,-29.9235,313.65,0
2018-10-17,14,10.5,0.0,16.8333,40,33.15,34.67,-46.0908,-22.8192,326.8,0
2018-10-17,15,10.8333,0.0,18.5,41,30.53,30.55,-49.8895,-20.6647,309.12,0
2018-10-17,16,10.6667,0.0,19.8333,46,32.4,35.6,-50.8134,-21.0474,305.455,0
2018-10-17,17,10.1667,0.0,20.0,53,39.92,38.58,-48.9656,-20.282,329.018,0
2018-10-17,18,9.66667,0.0,19.5,62,44.94,41.33,-54.6225,-25.9389,300.0,0
2018-10-17,19,9.16667,0.0,18.6667,71,42.83,44.07,-50.1167,-27.3863,335.345,0
2018-10-17,20,8.66667,0.0,17.3333,83,39.86,47.32,-45.6109,-28.8337,372.655,0
2018-10-17,21,8.0,0.0,15.6667,89,44.98,84.24,-41.1051,-30.2811,411.927,0
2018-10-17,22,7.66667,0.0,13.8333,89,48.1,53.1,-46.0549,-35.2309,385.745,0
2018-10-17,23,7.5,0.0,12.5,87,52.25,50.87,-40.842,-35.9712,417.6,0
2018-10-18,0,7.33333,0.0,11.3333,91,49.45,50.81,-37.4768,-37.4768,437.25,0
2018-10-18,1,7.16667,0.0,10.1667,94,53.86,49.69,-36.7697,-36.7697,453.6,0
2018-10-18,2,7.0,0.0,9.33333,95,51.0,50.29,-36.0626,-36.0626,470.25,0
2018-10-18,3,6.83333,0.0,9.0,86,51.87,51.13,-41.0124,-41.0124,420.0,0
2018-10-18,4,6.66667,0.0,8.83333,86,50.91,50.12,-39.5982,-39.5982,452.4,0
2018-10-18,5,6.5,0.0,8.66667,88,45.67,50.36,-38.1839,-38.1839,472.457,0
2018-10-18,6,6.33333,0.0,8.5,89,48.82,49.1,-37.4768,-37.4768,490.629,0
2018-10-18,9,5.16667,0.0,8.66667,92,63.82,64.66,-38.1839,-38.1839,536.057,0
2018-10-18,12,6.0,0.0,12.1667,49,68.53,40.66,-11.1631,-26.1631,561.6,0
2018-10-18,13,6.5,0.0,14.3333,46,60.59,35.83,-14.3114,-18.859,520.0,0
2018-10-18,14,7.16667,0.0,16.3333,47,54.88,33.15,-17.4598,-11.5549,480.0,0
2018-10-18,15,7.83333,0.0,18.0,47,43.26,30.53,-14.6314,2.58733,483.36,0
2018-10-18,16,7.83333,0.0,19.1667,52,47.32,32.4,-13.9243,14.6082,429.3,0
2018-10-18,18,7.33333,0.0,19.1667,61,63.75,44.94,-20.7746,30.9038,421.2,0
2018-10-18,19,6.83333,0.0,18.3333,62,71.83,42.83,-28.7746,36.9038,453.6,0
2018-10-18,20,6.33333,0.0,17.3333,69,81.46,39.86,-25.239,41.5232,436.05,0
2018-10-18,21,6.0,0.0,15.8333,93,94.02,44.98,-14.3125,41.9973,486.0,0
2018-10-18,22,6.0,0.0,14.1667,99,87.81,48.1,-1.37814,41.2319,520.8,0
2018-10-18,23,6.0,0.0,12.6667,100,87.2,52.25,10.7459,38.2538,538.65,0
2018-10-19,0,6.16667,0.0,11.6667,91,120.03,49.45,17.7459,38.2538,480.0,0
2018-10-19,1,6.66667,0.0,10.8333,91,94.76,53.86,30.4028,32.597,480.0,0
2018-10-19,2,7.16667,0.0,10.0,95,73.75,51.0,41.0815,19.1298,517.0,0
2018-10-19,3,7.5,0.0,9.5,100,61.85,51.87,49.0815,13.1298,461.76,0
2018-10-19,9,8.16667,0.0,9.33333,95,45.44,63.82,56.0,0.0,390.0,0
2018-10-19,10,8.5,0.0,9.83333,87,40.58,60.77,57.0,0.0,374.85,0
2018-10-19,12,9.33333,0.0,11.3333,64,14.61,68.53,53.0,0.0,371.25,0
2018-10-19,13,9.83333,0.0,12.3333,53,11.8,60.59,56.0,0.0,327.6,0
2018-10-19,14,10.5,0.0,13.5,47,6.43,54.88,51.0,0.0,340.267,0
2018-10-19,15,10.8333,0.0,14.5,42,8.33,43.26,54.0,0.0,309.12,0
2018-10-19,16,11.0,0.0,15.1667,43,13.82,47.32,55.0,0.0,297.0,0
2018-10-19,18,10.8333,0.0,14.8333,59,47.39,63.75,55.0,0.0,305.455,0
2018-10-19,19,10.5,0.0,14.0,70,40.69,71.83,54.0,0.0,324.8,0
2018-10-19,20,10.0,0.0,12.8333,80,27.54,81.46,51.0,0.0,353.455,0
2018-10-19,21,9.5,0.0,11.3333,85,24.59,94.02,60.0,0.0,311.564,0
2018-10-19,22,8.83333,0.0,10.0,89,23.17,87.81,56.391,-3.06144,347.564,0
2018-10-19,23,8.16667,0.0,9.0,92,28.43,87.2,51.8582,-5.7402,389.88,0
2018-10-20,0,7.5,0.0,8.0,97,38.23,120.03,57.4015,-8.03628,373.32,1
2018-10-20,1,7.0,0.0,7.16667,100,50.26,94.76,52.9448,-10.3324,429.0,1
2018-10-20,2,6.33333,0.0,6.5,100,59.42,73.75,48.9448,-10.3324,479.467,1
2018-10-20,3,5.83333,0.0,6.0,98,48.78,61.85,50.8582,-14.9518,466.4,1
2018-10-20,8,5.0,0.0,4.5,100,38.52,51.11,48.9447,-4.23672,579.429,1
2018-10-20,9,5.16667,0.25,4.83333,88,40.7,45.44,47.097,0.35544,604.2,1
2018-10-20,10,5.16667,0.25,5.33333,74,44.15,40.58,45.7963,6.89418,604.2,1
2018-10-20,11,5.33333,0.94,6.33333,67,68.5,30.46,36.7175,12.7258,626.4,1
2018-10-20,12,5.66667,0.94,7.33333,68,48.01,14.61,28.4214,18.2691,610.56,1
2018-10-20,13,6.0,0.94,8.33333,71,42.75,11.8,23.8293,29.3556,563.04,1
2018-10-20,14,6.33333,0.94,9.16667,75,51.01,6.43,14.2099,34.4422,570.24,1
2018-10-20,15,6.33333,0.69,9.83333,72,25.97,8.33,9.59047,39.5289,524.16,1
2018-10-20,16,6.33333,0.69,10.3333,72,22.54,13.82,4.97107,43.6154,501.84,1
2018-10-20,17,6.16667,0.0,10.5,67,43.09,12.09,3.88722,46.3214,501.84,1
2018-10-20,18,6.0,0.41,10.3333,81,32.77,47.39,2.80337,49.0275,520.0,1
2018-10-20,19,6.0,1.38,10.0,87,35.64,40.69,2.80337,49.0275,501.84,1
2018-10-20,20,6.0,1.38,9.5,96,54.36,27.54,11.2887,50.4417,480.0,1
2018-10-20,21,6.16667,1.38,8.66667,99,75.24,24.59,18.5345,49.8482,480.0,1
2018-10-20,22,6.5,1.38,8.0,92,61.12,23.17,27.6805,46.0598,480.0,1
2018-10-20,23,6.83333,1.38,7.33333,86,49.65,28.43,34.1476,41.7385,480.0,1
2018-10-21,0,7.0,0.97,6.83333,89,64.17,38.23,40.6148,31.4173,505.44,1
2018-10-21,1,7.0,0.0,6.33333,92,64.02,50.26,43.5464,29.4766,461.76,1
2018-10-21,2,7.0,0.0,5.83333,95,62.8,59.42,46.478,27.536,438.6,1
2018-10-21,3,6.83333,0.0,5.33333,100,57.12,48.78,48.7025,25.9721,437.143,1
2018-10-21,4,6.66667,0.0,4.66667,100,58.06,32.21,49.296,23.3184,454.629,1
2018-10-21,5,6.5,0.0,4.0,100,38.54,37.24,49.8895,20.6647,472.457,1
2018-10-21,6,6.33333,0.0,3.5,100,51.01,37.18,48.9656,20.282,490.629,1
2018-10-21,7,6.0,0.0,3.0,100,54.64,38.62,48.0418,19.8994,509.143,1
2018-10-21,8,5.66667,0.0,2.83333,100,51.6,38.52,52.6612,21.8128,480.0,1
2018-10-21,9,5.5,0.0,3.0,100,58.59,40.7,50.8134,21.0474,517.029,1
2018-10-21,10,5.5,0.0,3.5,81,78.9,44.15,47.8818,21.9042,555.429,1
2018-10-21,11,5.66667,0.0,4.5,70,42.22,68.5,45.6573,24.7687,575.143,1
2018-10-21,12,6.0,0.0,5.83333,62,25.14,48.01,39.1901,29.09,561.6,1
2018-10-21,13,6.5,0.0,7.5,54,11.93,42.75,33.6469,34.7939,520.0,1
2018-10-21,14,7.0,0.0,9.16667,52,10.38,51.01,28.1036,40.4978,480.0,1
2018-10-21,15,7.5,0.0,10.6667,46,6.73,25.97,13.9556,43.2967,483.36,1
2018-10-21,16,7.66667,0.0,11.8333,48,12.02,22.54,6.27473,48.7743,420.0,1
2018-10-21,17,7.66667,0.0,12.1667,65,25.04,43.09,-4.55898,49.7925,432.0,1
2018-10-21,18,7.5,0.0,11.8333,73,59.65,32.77,-11.4804,50.7164,425.829,1
2018-10-21,19,7.33333,0.0,11.1667,83,76.25,35.64,-14.1592,50.1836,437.25,1
2018-10-21,20,7.16667,0.0,10.0,95,68.09,54.36,-19.1089,47.1333,453.6,1
2018-10-21,21,7.0,0.0,8.66667,99,57.63,75.24,-24.0587,44.0831,470.25,1
2018-10-21,22,7.0,0.0,7.16667,97,39.5,61.12,-29.0085,49.0329,420.0,1
2018-10-21,23,7.0,0.0,6.0,92,34.32,49.65,-30.8968,46.5916,436.05,1
2018-10-22,0,7.0,0.0,5.16667,94,37.42,64.17,-32.7851,44.1503,437.143,0
2018-10-22,1,7.0,0.0,4.5,97,35.46,64.02,-35.0561,42.6329,437.143,0
2018-10-22,2,7.16667,0.0,4.0,100,38.64,62.8,-37.3271,41.1156,437.143,0
2018-10-22,3,7.33333,0.0,3.83333,98,45.17,57.12,-40.3053,40.3053,420.0,0
2018-10-22,4,7.5,0.0,3.83333,100,41.32,58.06,-36.0626,36.0626,460.8,0
2018-10-22,5,7.66667,0.0,3.83333,100,42.93,38.54,-36.7697,36.7697,443.143,0
2018-10-22,6,8.0,0.0,3.83333,100,43.07,51.01,-37.4768,37.4768,425.829,0
2018-10-22,7,8.33333,0.0,3.66667,100,44.22,54.64,-38.891,38.891,392.229,0
2018-10-22,8,8.5,0.0,3.83333,100,39.82,51.6,-40.3053,40.3053,360.0,0
2018-10-22,9,8.83333,0.0,4.0,95,45.54,58.59,-36.0626,36.0626,401.85,0
2018-10-22,10,9.5,0.0,4.5,76,50.58,78.9,-37.4768,37.4768,371.25,0
2018-10-22,11,10.5,0.0,5.16667,67,46.39,42.22,-40.3053,40.3053,313.65,0
2018-10-22,12,11.5,0.0,6.16667,57,39.95,25.14,-38.1839,38.1839,300.667,0
2018-10-22,13,12.6667,1.42,7.66667,51,41.32,11.93,-31.1962,39.3142,276.12,0
2018-10-22,14,14.0,1.42,9.0,58,38.59,10.38,-30.2479,47.0251,225.5,0
2018-10-22,15,15.1667,1.42,10.3333,56,39.18,6.73,-28.2682,54.2458,196.114,0
2018-10-22,16,16.0,2.84,11.0,67,52.43,12.02,-18.3686,61.3462,180.0,0
2018-10-22,17,16.3333,2.84,11.1667,77,45.7,25.04,5.51531,48.4119,232.941,0
2018-10-22,18,16.3333,2.84,11.0,87,40.52,59.65,16.8291,63.194,180.0,0
2018-10-22,19,15.8333,1.42,10.5,80,75.09,76.25,33.9413,58.0947,194.541,0
2018-10-22,20,15.0,1.42,9.83333,75,58.16,68.09,43.1337,50.2871,225.318,0
2018-10-22,21,14.0,1.42,9.0,74,53.28,57.63,39.5982,43.0665,261.0,0
2018-10-22,22,13.0,0.0,8.33333,76,28.63,39.5,36.0626,36.0626,302.08,0
2018-10-22,23,12.0,0.0,7.83333,75,30.58,34.32,43.8408,46.2253,267.12,0
2018-10-23,0,11.1667,0.0,7.16667,77,28.22,37.42,40.3053,44.8574,299.815,0
2018-10-23,1,10.6667,0.0,6.5,78,16.74,35.46,38.1839,44.9038,324.8,0
2018-10-23,2,10.3333,0.0,6.0,79,17.24,38.64,29.6986,46.4185,341.127,0
2018-10-23,3,10.3333,0.0,5.33333,84,36.1,45.17,21.9204,48.6403,353.455,0
2018-10-23,4,10.3333,0.0,5.0,82,31.01,41.32,14.1422,49.4776,346.92,0
2018-10-23,5,10.8333,0.0,4.83333,83,29.09,42.93,7.0711,51.2388,334.08,0
2018-10-23,6,11.3333,0.0,4.83333,83,20.39,43.07,-4.97484,54.0104,297.0,0
2018-10-23,7,12.1667,1.27,4.83333,83,23.73,44.22,-9.94968,56.0209,262.08,0
2018-10-23,8,13.5,1.27,4.83333,83,26.46,39.82,-15.6899,48.8791,270.327,0
2018-10-23,9,15.1667,2.54,5.0,83,35.39,45.54,-22.5781,54.5089,214.338,0
2018-10-23,10,17.3333,4.45,5.0,90,31.34,50.58,-20.6647,49.8895,200.08,0
2018-10-23,11,20.0,6.36,5.0,89,25.86,46.39,-24.1088,58.2044,150.333,0
2018-10-23,12,23.0,8.27,5.16667,88,22.22,39.95,-20.282,48.9656,159.75,0
2018-10-23,13,26.0,9.18,5.33333,87,18.81,41.32,-22.9608,55.4328,137.048,0
2018-10-23,14,28.1667,11.36,5.66667,85,13.95,38.59,-35.1977,51.9749,124.49,0
2018-10-23,15,32.0,10.09,6.0,81,16.3,39.18,-45.255,45.255,130.473,0
2018-10-23,16,37.1667,8.18,6.5,74,22.98,52.43,-53.0332,53.0332,80.2065,0
2018-10-23,17,41.5,6.27,7.0,86,20.46,45.7,-38.891,38.891,109.091,0
2018-10-23,18,44.8333,4.36,7.33333,84,25.44,40.52,-21.0474,50.8134,109.091,0
2018-10-23,19,47.3333,2.18,7.66667,84,40.2,75.09,-19.5167,47.1179,117.647,0
2018-10-23,20,49.6667,1.09,7.83333,82,25.16,58.16,-37.8853,91.4641,64.8471,0
2018-10-23,21,49.1667,1.09,8.0,80,15.79,53.28,-35.5892,85.9208,72.875,0
2018-10-23,22,46.1667,1.09,8.0,80,13.01,28.63,-32.9105,79.4537,84.96,0
2018-10-23,23,42.0,2.18,8.0,81,19.82,30.58,-29.849,72.0626,99.5707,0
2018-10-24,0,39.5,2.18,7.83333,83,17.32,28.22,-14.1592,64.1836,129.405,0
2018-10-24,1,37.1667,2.18,7.66667,85,2.51,16.74,0.0,66.0,112.64,0
2018-10-24,2,36.0,1.09,7.5,85,3.84,17.24,24.0417,67.4119,114.4,0
2018-10-24,3,36.3333,1.09,7.33333,83,2.69,36.1,50.9119,66.5194,100.659,0
2018-10-24,4,38.1667,1.9,7.0,83,1.38,31.01,57.2759,65.5132,81.0,0
2018-10-24,5,41.8333,1.62,6.66667,83,1.25,29.09,64.347,64.347,65.3023,0
2018-10-24,6,43.8333,1.62,6.33333,82,2.92,20.39,48.0418,19.8994,115.385,0
2018-10-24,7,45.5,1.62,6.0,82,5.65,23.73,92.388,38.268,64.8,0
2018-10-24,8,46.6667,1.62,5.5,83,8.82,26.46,75.4591,49.4815,75.6,0
2018-10-24,9,46.3333,1.62,5.16667,76,20.35,35.39,62.9328,62.9328,73.5,0
2018-10-24,10,44.3333,0.81,5.16667,66,19.48,31.34,60.8115,60.8115,84.96,0
2018-10-24,11,42.5,0.0,5.16667,58,23.19,25.86,54.4475,54.4475,103.024,0
2018-10-24,12,42.0,0.0,5.5,52,19.31,22.22,54.4475,54.4475,88.5,0
2018-10-24,13,42.3333,0.0,5.83333,51,12.84,18.81,60.8115,60.8115,74.0488,0
2018-10-24,14,43.5,0.0,6.5,53,11.33,13.95,64.347,64.347,70.56,0
2018-10-24,15,44.6667,0.0,6.83333,53,13.49,16.3,36.7697,36.7697,115.385,0
2018-10-24,16,45.5,0.0,7.0,55,12.87,22.98,70.711,70.711,64.8,0
2018-10-24,17,44.5,0.0,7.0,55,21.03,20.46,62.9328,62.9328,84.075,0
2018-10-24,18,42.0,0.0,6.83333,63,26.38,25.44,53.7404,53.7404,106.537,0
2018-10-24,19,38.5,0.0,6.5,65,16.42,40.2,45.9622,45.9622,132.0,0
2018-10-24,20,33.8333,0.0,6.0,66,16.43,25.16,38.891,38.891,165.0,0
2018-10-24,21,29.0,0.0,5.66667,68,29.04,15.79,55.8617,55.8617,124.44,0
2018-10-24,22,25.1667,0.0,5.33333,69,18.64,13.01,48.0835,48.0835,155.952,0
2018-10-24,23,22.0,0.0,5.16667,69,11.96,19.82,43.1337,43.1337,192.15,0
2018-10-25,1,17.6667,0.0,4.66667,74,55.32,2.51,48.0835,48.0835,186.821,0
2018-10-25,2,15.8333,0.0,4.33333,76,10.1,3.84,44.5479,47.5827,216.333,0
2018-10-25,3,14.6667,0.0,4.0,72,8.61,2.69,41.0124,46.8652,243.6,0
2018-10-25,4,13.6667,0.0,3.66667,79,11.3,1.38,29.6986,47.5514,273.28,0
2018-10-25,5,13.0,0.25,3.16667,89,14.14,1.25,19.092,48.9448,297.0,0
2018-10-25,6,12.5,0.25,3.0,94,13.97,2.92,19.092,60.9448,249.171,0
2018-10-25,7,12.5,1.37,2.83333,99,33.32,5.65,4.60027,59.097,259.2,0
2018-10-25,8,12.8333,2.49,3.0,100,38.41,8.82,-9.94968,60.0209,240.0,0
2018-10-25,9,13.3333,2.49,3.16667,100,42.0,20.35,-20.5563,46.6275,265.5,0
2018-10-25,10,14.6667,3.4,3.66667,98,32.54,19.48,-31.163,45.2342,235.2,0
2018-10-25,11,16.3333,3.15,4.66667,92,46.49,23.19,-26.5708,54.1476,180.0,0
2018-10-25,12,18.3333,3.15,5.83333,82,25.28,19.31,-10.6066,52.6067,176.32,0
2018-10-25,13,20.3333,2.03,7.16667,74,18.3,12.84,16.9706,64.1731,142.56,0
2018-10-25,14,22.5,0.91,8.5,71,25.74,11.33,35.3555,68.194,120.0,0
2018-10-25,15,24.5,0.91,9.66667,68,16.78,13.49,38.1839,49.8895,159.508,0
2018-10-25,16,25.1667,0.48,10.5,68,14.23,12.87,38.891,50.8134,159.557,0
2018-10-25,17,25.1667,0.48,10.8333,73,19.93,21.03,36.0626,47.1179,179.022,0
2018-10-25,18,24.5,0.48,10.6667,77,26.28,26.38,51.619,67.4432,139.2,0
2018-10-25,19,23.3333,0.48,10.1667,81,19.19,16.42,46.6693,60.9761,162.4,0
2018-10-25,20,21.6667,0.48,9.5,80,51.95,16.43,43.1337,56.3567,183.0,0
2018-10-25,21,20.1667,1.09,9.0,82,21.43,29.04,40.3053,52.6612,200.34,0
2018-10-25,22,19.1667,0.61,8.5,82,20.96,18.64,38.891,50.8134,210.189,0
2018-10-25,23,18.3333,0.61,8.0,81,21.11,11.96,38.1839,49.8895,213.333,0
