data,timeofday,windspeed6,opady6,temp6,rhumid,index_avg,prev_index_avg,wind_dir_ns,wind_dir_ew,dispel50,is_weekend
2017-11-01,1,9.33333,0.0,1.83333,84,62.135,43.891,-13.9593,51.7009,349.92,1
2017-11-01,2,9.33333,0.0,2.0,83,58.9467,34.186,-21.0304,48.772,339.2,1
2017-11-01,3,9.66667,0.0,2.33333,84,56.069,25.85,-27.3944,46.136,339.2,1
2017-11-01,4,10.3333,0.0,2.83333,85,49.275,17.585,-31.7285,45.5993,312.8,1
2017-11-01,5,11.0,0.0,3.33333,84,45.475,15.97,-33.2592,40.2948,321.48,1
2017-11-01,6,11.6667,0.23,3.83333,85,45.722,20.2309,-35.3806,42.4162,285.12,1
2017-11-01,7,12.5,0.23,4.16667,82,52.323,24.338,-31.845,38.8806,281.455,1
2017-11-01,8,13.5,0.71,4.5,80,55.053,26.8033,-29.807,44.9606,251.631,1
2017-11-01,9,14.5,0.71,4.83333,82,48.238,21.8144,-30.5724,46.8084,232.615,1
2017-11-01,10,15.5,0.71,5.33333,76,43.839,14.248,-21.3799,54.6159,204.429,1
2017-11-01,11,16.6667,0.71,5.83333,69,36.334,9.087,-13.0111,48.4119,225.28,1
2017-11-01,12,18.0,0.96,6.33333,65,31.974,6.41,-14.9245,53.0313,193.765,1
2017-11-01,13,19.1667,1.44,7.0,63,31.798,7.492,-30.4809,51.5877,168.505,1
2017-11-01,14,20.5,0.96,7.5,64,31.388,9.62,-31.629,54.3594,154.56,1
2017-11-01,15,21.3333,0.96,7.66667,69,39.478,13.863,-32.777,57.131,147.0,1
2017-11-01,16,21.6667,0.96,7.66667,71,44.102,29.118,-25.6396,61.9,147.0,1
2017-11-01,17,21.5,1.44,7.66667,74,43.963,52.04,-25.2569,60.9761,157.617,1
2017-11-01,18,21.3333,0.96,7.5,74,42.652,70.122,-23.7262,57.2806,176.727,1
2017-11-01,19,21.3333,0.48,7.16667,78,44.767,73.623,-23.3435,56.3567,178.286,1
2017-11-01,20,20.8333,0.78,7.0,79,48.535,80.287,-23.7262,57.2806,162.0,1
2017-11-01,21,20.6667,0.78,7.0,80,48.292,78.444,-24.1088,58.2044,165.714,1
2017-11-02,1,20.6667,0.6,7.33333,84,43.017,62.135,-23.3435,56.3567,173.46,0
2017-11-02,2,20.5,0.3,7.5,86,35.662,58.9467,-24.1088,58.2044,160.74,0
2017-11-02,3,20.0,0.3,7.66667,88,30.822,56.069,-23.7262,57.2806,171.943,0
2017-11-02,4,19.5,0.6,7.66667,88,26.25,49.275,-22.5781,54.5089,195.873,0
2017-11-02,5,18.8333,0.6,7.66667,87,22.454,45.475,-20.6647,49.8895,217.579,0
2017-11-02,6,17.8333,0.6,7.5,85,21.235,45.722,-19.5167,47.1179,236.733,0
2017-11-02,7,17.0,1.13,7.5,87,24.514,52.323,-25.2569,60.9761,194.133,0
2017-11-02,8,16.1667,1.13,7.5,87,42.029,55.053,-24.8742,60.0522,194.541,0
2017-11-02,9,15.8333,1.13,7.66667,84,41.295,48.238,-23.7262,57.2806,210.6,0
2017-11-02,10,16.3333,0.83,8.0,76,30.131,43.839,-28.917,53.8122,203.52,0
2017-11-02,11,16.5,1.16,8.5,72,25.831,36.334,-30.8304,58.4316,180.0,0
2017-11-02,12,17.1667,0.86,9.16667,70,22.284,31.974,-30.9882,41.8122,212.625,0
2017-11-02,13,18.5,1.35,9.66667,70,17.117,31.798,-33.1096,43.9336,207.36,0
2017-11-02,14,20.1667,3.38,10.1667,72,19.384,31.388,-35.023,48.553,158.118,0
2017-11-02,15,21.5,3.38,10.3333,75,34.657,39.478,-39.9727,53.5027,125.621,0
2017-11-02,16,21.5,3.38,10.5,78,43.17,44.102,-43.5083,57.0383,129.792,0
2017-11-02,17,21.6667,3.05,10.6667,85,49.656,43.963,-48.0835,48.0835,151.2,0
2017-11-02,18,21.5,3.05,10.5,84,58.11,42.652,-43.8408,43.8408,186.0,0
2017-11-02,19,19.6667,2.49,10.1667,83,53.991,44.767,-33.7584,43.5,207.36,0
2017-11-02,20,18.3333,0.46,9.83333,84,51.518,48.535,-39.1159,56.4343,180.0,0
2017-11-02,21,17.0,0.46,9.5,83,51.492,48.292,-31.0966,57.0742,194.133,0
2017-11-03,1,12.3333,1.04,7.83333,82,41.511,43.017,-19.5167,57.1179,284.625,0
2017-11-03,2,12.0,1.04,7.5,84,36.043,35.662,-13.3938,55.3358,313.2,0
2017-11-03,3,11.8333,1.04,7.33333,85,36.489,30.822,-7.27092,54.5537,285.12,0
2017-11-03,4,12.6667,1.04,7.16667,83,37.734,26.25,0.0,52.0,264.48,0
2017-11-03,5,13.1667,1.62,7.0,82,45.829,22.454,0.0,57.0,232.615,0
2017-11-03,6,13.5,1.16,7.0,80,42.914,21.235,0.0,56.0,248.571,0
2017-11-03,7,13.5,1.09,6.83333,79,41.466,24.514,0.0,54.0,273.28,0
2017-11-03,8,13.3333,1.09,6.83333,78,37.959,42.029,0.0,52.0,292.32,0
2017-11-03,9,13.1667,1.09,7.0,78,24.81,41.295,0.0,65.0,240.0,0
2017-11-03,10,13.0,1.09,7.33333,85,19.055,30.131,0.0,52.0,276.0,0
2017-11-03,11,13.1667,0.51,7.66667,82,21.664,25.831,9.89954,52.9343,261.415,0
2017-11-03,12,13.5,0.51,8.16667,80,21.067,22.284,19.092,51.9448,261.415,0
2017-11-03,13,13.5,0.0,8.83333,80,25.9,17.117,28.9915,51.8791,257.914,0
2017-11-03,14,13.1667,0.48,9.33333,79,30.04,19.384,38.1839,49.8895,267.429,0
2017-11-03,15,12.6667,0.48,9.5,81,30.746,34.657,36.0626,47.1179,291.877,0
2017-11-03,16,12.5,0.48,9.5,88,38.514,43.17,36.0626,58.1179,249.508,0
2017-11-03,17,12.1667,0.48,9.33333,89,57.189,49.656,26.8702,59.1074,258.514,0
2017-11-03,18,11.6667,0.48,9.0,90,56.76,58.11,16.9706,57.1731,279.138,0
2017-11-03,19,10.8333,0.48,8.66667,92,46.845,53.991,7.77821,56.1627,282.764,0
2017-11-03,20,10.0,0.0,8.33333,91,40.494,51.518,0.0,54.0,317.127,0
2017-11-03,21,9.5,0.0,8.0,93,51.684,51.492,-2.29608,59.5433,311.564,0
2017-11-04,1,7.16667,0.0,6.33333,96,78.194,41.511,-16.0475,50.7423,439.855,1
2017-11-04,2,7.0,0.0,5.5,100,80.485,36.043,-20.9973,44.6921,470.25,1
2017-11-04,3,6.33333,0.0,4.83333,100,78.813,36.489,-25.6167,46.6055,452.4,1
2017-11-04,4,6.16667,0.0,4.33333,100,77.498,37.734,-29.3122,40.1362,496.8,1
2017-11-04,5,5.66667,0.0,3.83333,97,75.16,45.829,-31.2588,38.8356,520.8,1
2017-11-04,6,5.5,0.0,3.16667,95,72.426,42.914,-26.2588,38.8356,497.25,1
2017-11-04,7,5.33333,0.0,2.83333,97,70.664,41.466,-27.44,27.2019,517.029,1
2017-11-04,8,5.33333,0.0,3.0,96,70.809,37.959,-30.3045,18.4386,550.8,1
2017-11-04,9,5.5,0.0,3.33333,100,69.9667,24.81,-30.7786,7.51203,595.2,1
2017-11-04,10,5.5,0.0,4.16667,89,62.245,19.055,-35.398,5.59863,559.543,1
2017-11-04,11,5.83333,0.0,5.16667,79,59.321,21.664,-35.9915,-1.64722,579.429,1
2017-11-04,12,6.33333,0.0,6.66667,68,42.625,21.067,-37.5089,-9.27575,540.0,1
2017-11-04,13,6.83333,0.0,8.16667,65,28.16,25.9,-37.5089,-16.164,499.8,1
2017-11-04,14,7.83333,0.0,9.5,65,25.536,30.04,-46.5812,-23.8508,477.0,1
2017-11-04,15,8.83333,0.0,10.5,73,31.498,30.746,-46.9579,-21.5215,419.76,1
2017-11-04,16,9.33333,0.0,10.6667,84,63.137,38.514,-27.803,-16.0726,349.8,1
2017-11-04,17,9.5,0.0,10.5,90,92.733,57.189,-30.5746,-17.2206,314.743,1
2017-11-04,18,9.0,0.0,9.83333,96,98.879,56.76,-31.4985,-17.6033,325.867,1
2017-11-04,19,8.33333,0.0,8.83333,98,114.28,46.845,-28.7268,-16.4552,366.667,1
2017-11-04,20,7.5,0.0,7.83333,93,113.793,40.494,-33.3462,-18.3686,360.0,1
2017-11-04,21,6.83333,0.0,7.0,85,88.211,51.684,-30.5746,-17.2206,426.0,1
2017-11-05,1,7.16667,0.0,4.83333,88,59.352,78.194,-50.927,-24.4082,436.05,1
2017-11-05,2,7.0,0.0,4.5,90,59.074,80.485,-48.1554,-23.2602,457.6,1
2017-11-05,3,6.66667,0.0,4.16667,88,60.758,78.813,-47.2315,-22.8775,461.76,1
2017-11-05,4,6.16667,0.0,3.83333,87,59.159,77.498,-47.2315,-22.8775,477.0,1
2017-11-05,5,6.33333,0.0,3.66667,88,52.932,75.16,-48.1554,-23.2602,472.457,1
2017-11-05,6,6.16667,0.0,3.5,93,51.742,72.426,-44.7496,-27.9724,495.0,1
2017-11-05,7,6.33333,0.0,3.5,96,58.918,70.664,-38.1896,-30.6128,509.143,1
2017-11-05,8,6.66667,0.0,3.66667,94,65.708,70.809,-31.7224,-33.934,538.65,1
2017-11-05,9,7.16667,0.0,4.16667,82,54.879,69.9667,-34.4012,-40.4012,480.0,1
2017-11-05,10,7.66667,0.0,5.16667,70,36.087,62.245,-29.7818,-38.4878,461.76,1
2017-11-05,11,8.16667,0.0,6.5,63,26.664,59.321,-29.7818,-38.4878,425.829,1
2017-11-05,12,8.83333,0.0,8.0,59,23.742,42.625,-33.4773,-40.0185,374.85,1
2017-11-05,13,9.83333,0.0,9.5,60,22.919,28.16,-37.8998,-30.3698,349.8,1
2017-11-05,14,10.5,0.0,10.8333,59,28.699,25.536,-46.3076,-22.4948,319.2,1
2017-11-05,15,10.8333,0.0,11.6667,62,39.827,31.498,-50.8134,-21.0474,297.0,1
2017-11-05,16,11.1667,0.0,12.1667,61,58.373,63.137,-50.8134,-21.0474,305.455,1
2017-11-05,17,11.1667,0.0,12.1667,80,59.812,92.733,-51.7373,-21.4301,294.0,1
2017-11-05,18,11.0,0.0,11.6667,83,68.477,98.879,-51.7373,-21.4301,302.4,1
2017-11-05,19,10.5,0.0,11.0,82,64.245,114.28,-49.8895,-20.6647,317.127,1
2017-11-05,20,10.1667,0.0,10.1667,81,66.829,113.793,-48.0418,-19.8994,334.08,1
2017-11-05,21,10.0,0.0,9.33333,81,72.402,88.211,-45.167,-22.4366,359.9,1
2017-11-06,1,8.0,0.0,5.83333,91,83.95,59.352,-47.2013,-33.1301,360.0,0
2017-11-06,2,7.66667,0.0,5.33333,91,75.143,59.074,-37.9625,-36.3033,388.267,0
2017-11-06,3,7.0,0.0,5.0,90,70.631,60.758,-29.6476,-39.8592,417.6,0
2017-11-06,4,6.5,0.0,4.83333,89,67.441,59.159,-23.2836,-38.4952,479.467,0
2017-11-06,5,5.5,0.0,4.66667,88,68.726,52.932,-23.2836,-42.4952,482.4,0
2017-11-06,6,4.5,0.0,4.5,89,68.038,51.742,-22.5183,-44.343,513.067,0
2017-11-06,7,3.5,0.0,4.66667,94,70.908,58.918,-21.7529,-46.1908,540.0,0
2017-11-06,8,2.83333,0.0,4.83333,88,79.256,65.708,-15.0062,-40.7506,662.4,0
2017-11-06,9,2.83333,0.0,5.33333,78,74.565,54.879,-12.2346,-41.8987,663.257,0
2017-11-06,10,2.66667,0.0,6.16667,71,60.484,36.087,-0.76744,-39.2199,722.4,0
2017-11-06,11,3.0,0.0,7.33333,63,54.264,26.664,-1.91548,-41.9916,723.45,0
2017-11-06,12,3.66667,0.0,8.66667,60,53.324,23.742,2.64712,-41.7586,812.25,0
2017-11-06,13,4.66667,0.0,10.0,63,52.337,22.919,-2.89616,-44.0546,742.05,0
2017-11-06,14,6.0,0.0,11.0,65,51.451,28.699,2.84404,-43.1308,743.143,0
2017-11-06,15,6.16667,0.0,11.5,71,54.206,39.827,2.84404,-18.1308,711.36,0
2017-11-06,16,6.83333,0.0,11.6667,74,68.05,58.373,2.84404,-7.13076,660.0,0
2017-11-06,17,7.16667,0.0,11.5,98,72.428,59.812,5.88041,6.43841,510.0,0
2017-11-06,18,7.16667,0.0,10.8333,98,81.455,68.477,7.35143,13.1297,480.0,0
2017-11-06,19,7.16667,0.0,9.83333,98,81.247,64.245,7.74213,21.4447,443.7,0
2017-11-06,20,6.83333,0.0,9.0,99,64.064,66.829,15.5203,30.7402,420.0,0
2017-11-06,21,7.5,0.0,8.16667,97,63.491,72.402,24.7488,45.8675,482.727,0
2017-11-07,1,8.0,0.0,5.66667,79,50.872,83.95,42.9529,33.8645,395.2,0
2017-11-07,2,7.33333,0.0,5.5,84,52.023,75.143,45.7102,28.3212,392.229,0
2017-11-07,3,6.83333,0.0,5.5,83,53.324,70.631,45.3798,19.9406,448.0,0
2017-11-07,4,6.83333,0.0,5.5,83,53.67,67.441,46.0159,13.5767,488.52,0
2017-11-07,5,6.33333,0.0,5.83333,82,54.736,68.726,53.0159,13.5767,449.28,0
2017-11-07,6,6.33333,0.0,6.0,82,55.095,68.038,51.488,4.20948,472.457,0
2017-11-07,7,6.66667,0.0,6.0,83,55.295,70.908,50.5642,-0.76536,515.2,0
2017-11-07,8,7.0,0.0,6.16667,85,57.634,79.256,45.6934,-12.5244,477.0,0
2017-11-07,9,7.33333,0.0,6.33333,85,69.531,74.565,46.6172,-17.4992,472.457,0
2017-11-07,10,8.0,0.0,6.66667,88,72.352,60.484,41.3618,-21.9498,460.8,0
2017-11-07,11,9.0,0.0,7.16667,82,61.465,54.264,34.3618,-32.9498,392.229,0
2017-11-07,12,10.5,0.0,7.66667,77,55.529,53.324,30.3039,-39.1391,332.8,0
2017-11-07,13,11.3333,0.0,8.16667,74,49.908,52.337,27.0567,-42.3863,281.657,0
2017-11-07,14,12.5,0.0,8.5,73,54.256,51.451,19.583,-46.2778,270.327,0
2017-11-07,15,13.3333,0.0,8.66667,74,56.164,54.206,24.9406,-48.2122,245.1,0
2017-11-07,16,13.8333,0.0,8.5,77,57.008,68.05,21.8128,-52.6612,245.92,0
2017-11-07,17,14.6667,0.0,8.16667,81,66.537,72.428,16.0726,-52.803,248.571,0
2017-11-07,18,14.6667,0.0,7.83333,80,70.996,81.455,17.2206,-55.5746,221.571,0
2017-11-07,19,14.6667,0.0,7.5,79,67.794,81.247,17.6033,-56.4985,212.914,0
2017-11-07,20,14.5,0.0,7.0,82,68.48,64.064,12.2458,-57.5642,212.914,0
2017-11-07,21,14.5,0.0,6.5,86,68.685,63.491,12.2458,-56.5642,241.553,0
2017-11-08,1,12.0,0.0,4.16667,100,50.836,50.872,0.0,-59.0,279.138,0
2017-11-08,2,11.6667,0.0,3.66667,91,50.024,52.023,0.0,-59.0,287.571,0
2017-11-08,3,11.1667,0.0,3.33333,92,48.317,53.324,0.0,-56.0,302.4,0
2017-11-08,4,11.0,0.0,3.0,90,45.317,53.67,0.0,-55.0,288.0,0
2017-11-08,5,11.1667,0.0,2.66667,91,44.097,54.736,0.0,-57.0,282.764,0
2017-11-08,6,11.3333,0.0,2.5,86,46.449,55.095,0.0,-56.0,310.431,0
2017-11-08,7,11.5,0.0,2.5,89,52.13,55.295,0.0,-55.0,305.455,0
2017-11-08,8,12.1667,0.0,2.5,93,50.925,57.634,0.0,-58.0,271.745,0
2017-11-08,9,12.6667,0.0,2.83333,84,52.297,69.531,0.0,-51.0,276.12,0
2017-11-08,10,13.3333,0.0,3.5,80,52.293,72.352,0.0,-55.0,245.1,0
2017-11-08,11,15.0,0.0,4.33333,72,52.75,61.465,0.0,-58.0,230.4,0
2017-11-08,12,16.5,0.0,5.33333,67,53.531,55.529,0.0,-64.0,187.68,0
2017-11-08,13,17.0,0.0,6.33333,67,50.281,49.908,0.0,-56.0,184.08,0
2017-11-08,14,17.1667,0.0,7.33333,69,53.102,54.256,0.0,-58.0,193.44,0
2017-11-08,15,17.0,0.0,7.83333,76,54.984,56.164,0.0,-54.0,225.886,0
2017-11-08,16,16.3333,0.0,8.16667,69,58.232,57.008,0.0,-67.0,206.743,0
2017-11-08,17,15.0,0.0,7.83333,100,59.543,66.537,0.0,-57.0,258.353,0
2017-11-08,18,13.3333,0.0,7.33333,100,61.172,70.996,0.0,-52.0,297.6,0
2017-11-08,19,12.3333,0.0,6.66667,99,64.2,67.794,0.0,-63.0,266.325,0
2017-11-08,20,11.3333,0.0,5.83333,98,64.449,68.48,0.0,-58.0,289.385,0
2017-11-08,21,10.6667,0.0,5.0,96,61.422,68.685,0.0,-55.0,305.455,0
2017-11-09,1,8.16667,0.0,2.66667,97,56.893,50.836,0.0,-52.0,411.927,0
2017-11-09,2,7.33333,0.0,2.33333,100,56.523,50.024,-3.06144,-59.391,372.764,0
2017-11-09,3,6.5,0.0,2.16667,100,55.555,48.317,-3.06144,-53.391,443.52,0
2017-11-09,4,6.16667,0.0,1.83333,100,55.427,45.317,-3.06144,-57.391,449.28,0
2017-11-09,5,5.66667,0.0,1.83333,94,56.469,44.097,-3.06144,-52.391,515.2,0
2017-11-09,6,4.83333,0.0,1.83333,95,59.783,46.449,-3.06144,-55.391,530.0,0
2017-11-09,7,4.5,0.0,2.0,96,58.626,52.13,-4.59216,-50.0866,595.2,0
2017-11-09,8,4.66667,0.0,2.5,88,61.335,50.925,1.40784,-50.0866,540.0,0
2017-11-09,9,5.0,0.0,3.0,88,61.614,52.297,-0.88824,-48.6298,540.0,0
2017-11-09,10,5.16667,0.0,3.66667,83,62.789,52.293,-5.1309,-46.8725,593.6,0
2017-11-09,11,5.66667,0.0,4.33333,78,61.724,52.75,-7.42698,-32.3292,635.25,0
2017-11-09,12,6.0,0.0,5.16667,73,66.227,53.531,-9.90882,-27.2343,635.04,0
2017-11-09,13,6.16667,0.0,6.0,73,74.6,50.281,-14.1515,-17.9916,592.8,0
2017-11-09,14,6.16667,0.0,6.5,74,82.029,53.102,-20.6186,-11.3128,540.0,0
2017-11-09,15,6.33333,0.0,7.0,77,88.791,54.984,-26.1619,-1.01676,504.9,0
2017-11-09,16,6.5,0.0,7.16667,82,100.858,58.232,-31.0984,5.35752,480.0,0
2017-11-09,17,6.66667,0.0,7.16667,84,107.552,59.543,-41.2694,13.5796,517.0,0
2017-11-09,18,6.83333,0.0,7.0,85,124.471,61.172,-41.9766,22.772,496.8,0
2017-11-09,19,6.83333,0.0,6.66667,86,125.305,64.2,-46.1476,19.9075,477.0,0
2017-11-09,20,7.0,0.0,6.33333,87,111.498,64.449,-47.0715,24.8823,457.6,0
2017-11-10,1,9.16667,0.0,5.5,90,68.184,56.893,-39.7713,38.1477,360.0,0
2017-11-10,2,9.83333,0.0,5.5,95,67.001,56.523,-31.4292,43.8768,329.829,0
2017-11-10,3,9.83333,0.0,5.33333,91,62.521,55.555,-25.032,43.4328,353.455,0
2017-11-10,4,9.66667,0.0,5.16667,88,56.03,55.427,-28.0934,50.8238,323.345,0
2017-11-10,5,9.66667,0.0,5.16667,87,55.365,56.469,-30.955,47.7323,300.0,0
2017-11-10,6,9.5,0.0,5.16667,87,54.075,59.783,-28.3596,49.4664,312.8,0
2017-11-10,7,9.16667,0.48,5.0,87,56.664,58.626,-27.6525,48.7593,357.5,0
2017-11-10,8,9.0,0.48,4.83333,86,62.725,61.335,-30.1314,44.7438,372.655,0
2017-11-10,9,9.5,0.48,5.0,82,49.199,61.614,-32.9931,41.6523,356.4,0
2017-11-10,10,10.3333,0.96,5.33333,79,52.625,62.789,-37.7098,42.0394,337.08,0
2017-11-10,11,11.3333,0.96,5.83333,75,58.081,61.724,-33.3175,41.4355,291.6,0
2017-11-10,12,12.6667,0.96,6.33333,71,52.507,66.227,-37.5602,45.6782,240.0,0
2017-11-10,13,13.8333,0.48,7.16667,68,52.581,74.6,-38.2,37.6588,228.0,0
2017-11-10,14,15.3333,0.48,7.83333,68,55.856,82.029,-42.4427,41.9015,203.52,0
2017-11-10,15,16.1667,0.96,8.16667,69,57.733,88.791,-44.3567,25.4147,220.8,0
2017-11-10,16,15.5,0.48,8.33333,68,62.089,100.858,-44.3567,25.4147,224.824,0
2017-11-10,17,15.0,0.48,8.16667,75,63.093,107.552,-54.5193,29.6241,209.647,0
2017-11-10,18,14.8333,0.96,8.0,73,56.678,124.471,-52.6612,21.8128,270.189,0
2017-11-10,19,14.5,0.96,7.66667,71,53.451,125.305,-48.9656,20.282,288.225,0
2017-11-10,20,14.3333,0.96,7.33333,68,51.773,111.498,-48.0418,19.8994,270.327,0
2017-11-11,1,21.0,0.48,6.33333,78,33.462,68.184,-59.1283,24.4915,149.368,1
2017-11-11,2,21.5,0.48,6.16667,78,18.916,67.001,-63.7477,26.4049,140.87,1
2017-11-11,3,21.3333,1.24,6.0,79,21.133,62.521,-57.3478,32.4526,147.0,1
2017-11-11,4,21.1667,1.24,6.0,80,26.025,56.03,-50.4575,37.4687,174.0,1
2017-11-11,5,19.8333,0.76,5.83333,81,24.189,55.365,-41.0124,41.0124,198.0,1
2017-11-11,6,18.5,0.76,5.5,83,28.758,54.075,-36.7697,36.7697,232.737,1
2017-11-11,7,17.1667,0.76,5.0,84,39.025,56.664,-42.1272,49.704,200.842,1
2017-11-11,8,16.0,0.76,4.66667,80,34.875,62.725,-28.6922,52.2689,216.333,1
2017-11-11,9,16.0,0.0,4.5,72,25.619,49.199,-21.3217,52.4753,228.48,1
2017-11-11,10,16.6667,0.0,4.33333,62,13.974,52.625,-17.986,59.4224,187.971,1
2017-11-11,11,18.5,0.48,4.5,55,21.38,58.081,-12.6284,52.488,187.114,1
2017-11-11,12,20.3333,0.48,4.83333,48,26.788,52.507,-17.2206,63.5746,131.368,1
2017-11-11,13,21.1667,0.48,5.33333,47,25.722,52.581,-19.5167,47.1179,176.538,1
2017-11-11,14,22.1667,0.48,5.66667,49,32.663,55.856,-27.553,66.5194,139.569,1
2017-11-11,15,21.5,1.45,5.66667,58,34.631,57.733,-25.2569,60.9761,167.088,1
2017-11-11,16,20.8333,1.45,5.5,72,48.944,62.089,-26.2965,48.4857,211.714,1
2017-11-11,17,19.6667,0.97,5.16667,76,57.866,63.093,-30.9882,41.8122,229.14,1
2017-11-11,18,18.3333,1.94,4.83333,74,61.642,56.678,-36.7697,36.7697,216.72,1
2017-11-11,19,17.5,1.94,4.5,73,63.673,53.451,-38.1839,38.1839,213.333,1
2017-11-11,20,16.3333,1.94,4.16667,71,54.833,51.773,-36.7697,36.7697,232.737,1
2017-11-12,1,11.5,0.48,3.16667,71,35.651,33.462,-51.051,34.815,240.0,1
2017-11-12,2,10.3333,2.59,3.0,79,32.39,18.916,-43.2832,34.0828,325.68,1
2017-11-12,3,10.3333,2.59,2.83333,84,26.74,21.133,-47.5259,38.3255,330.72,1
2017-11-12,4,10.1667,2.59,2.66667,86,24.833,26.025,-47.5259,38.3255,358.4,1
2017-11-12,5,10.0,2.59,2.5,85,30.372,24.189,-46.8188,37.6184,300.0,1
2017-11-12,6,10.5,2.11,2.33333,88,25.108,28.758,-34.9396,40.3516,270.4,1
2017-11-12,7,11.6667,2.59,2.16667,91,25.01,39.025,-29.8984,40.1812,302.08,1
2017-11-12,8,12.5,0.48,2.16667,88,32.448,34.875,-29.8984,53.1812,248.88,1
2017-11-12,9,12.3333,0.48,2.33333,81,32.717,25.619,-19.2918,53.5746,301.765,1
2017-11-12,10,11.8333,0.48,2.83333,76,26.366,13.974,-12.6284,54.488,273.48,1
2017-11-12,11,12.5,0.48,3.33333,68,24.019,21.38,-5.35752,50.9343,281.538,1
2017-11-12,12,13.3333,0.48,4.0,61,33.005,26.788,-5.35752,51.9343,259.418,1
2017-11-12,13,13.1667,0.0,4.66667,59,35.94,25.722,-10.715,53.8686,248.571,1
2017-11-12,14,13.1667,0.0,5.0,65,41.062,32.663,-13.8428,49.4196,267.429,1
2017-11-12,15,12.1667,0.0,5.33333,70,35.222,34.631,-21.621,43.1978,297.0,1
2017-11-12,16,10.6667,0.0,5.16667,71,57.471,48.944,-29.0121,46.2593,287.571,1
2017-11-12,17,9.5,0.0,4.83333,75,63.35,57.866,-33.6315,48.1727,300.0,1
2017-11-12,18,9.16667,0.0,4.5,70,55.94,61.642,-26.6315,34.1727,376.2,1
2017-11-12,19,9.83333,0.0,4.16667,68,59.523,63.673,-9.27397,21.2384,381.9,1
2017-11-12,20,10.8333,0.0,3.83333,77,61.307,54.833,-15.5707,6.63017,323.345,1
2017-11-13,1,13.0,5.89,4.5,93,35.697,35.651,-24.1088,-58.2044,274.447,0
2017-11-13,2,12.0,7.52,4.83333,93,38.744,32.39,-17.6033,-57.4985,259.2,0
2017-11-13,3,11.0,7.52,4.83333,93,36.272,26.74,-12.6284,-56.488,240.0,0
2017-11-13,4,10.6667,5.39,4.66667,93,39.41,24.833,-9.18432,-55.1731,282.764,0
2017-11-13,5,10.0,3.26,4.66667,93,39.184,30.372,-2.29608,-51.4776,343.385,0
2017-11-13,6,9.0,3.26,4.66667,93,45.004,25.108,2.65369,-56.4274,332.677,0
2017-11-13,7,7.33333,1.63,4.66667,92,61.348,25.01,12.5783,-49.3667,419.68,0
2017-11-13,8,6.5,0.0,4.66667,91,52.4,32.448,16.1138,-44.7473,430.08,0
2017-11-13,9,6.83333,0.0,4.83333,90,40.436,32.717,20.3565,-48.99,420.0,0
2017-11-13,10,8.33333,0.0,5.0,86,20.765,26.366,29.3565,-33.99,448.145,0
2017-11-13,11,10.5,1.75,5.0,85,22.469,24.019,40.6703,-4.6762,360.0,0
2017-11-13,12,12.5,5.26,4.83333,85,28.038,33.005,38.6986,21.2133,253.0,0
2017-11-13,13,14.6667,5.26,4.5,85,40.451,35.94,38.891,38.891,196.725,0
2017-11-13,14,16.5,5.26,4.16667,84,44.867,41.062,40.3053,40.3053,200.34,0
2017-11-13,15,17.8333,5.26,3.66667,82,45.769,35.222,38.1839,38.1839,217.579,0
2017-11-13,16,17.5,5.26,3.16667,82,51.578,57.471,36.7697,36.7697,228.8,0
2017-11-13,17,16.5,3.51,2.66667,81,67.172,63.35,46.6693,46.6693,194.133,0
2017-11-13,18,15.5,0.0,2.33333,81,67.753,55.94,43.8408,46.8756,217.412,0
2017-11-13,19,14.1667,0.0,2.16667,81,69.58,59.523,41.0124,46.8652,249.882,0
2017-11-13,20,13.1667,0.0,2.0,82,64.509,61.307,36.0626,44.0831,297.0,0
2017-11-13,21,12.0,0.0,2.0,84,66.384,63.574,43.8408,54.2458,258.514,0
2017-11-14,1,10.6667,0.0,1.33333,85,39.6,35.697,14.8493,49.4015,353.455,0
2017-11-14,2,10.5,0.0,1.16667,95,36.38,38.744,7.0711,52.2388,321.48,0
2017-11-14,3,10.8333,0.0,1.16667,91,36.659,36.272,0.0,53.0,321.48,0
2017-11-14,4,11.3333,0.0,1.33333,90,37.35,39.41,0.0,55.0,297.0,0
2017-11-14,5,11.3333,0.0,1.33333,91,40.212,39.184,0.0,58.0,262.08,0
2017-11-14,6,11.1667,0.0,1.33333,91,44.364,45.004,0.0,58.0,289.385,0
2017-11-14,7,10.8333,0.0,1.16667,94,46.305,61.348,-3.44412,53.3149,309.12,0
2017-11-14,8,10.8333,0.0,1.16667,84,51.004,52.4,4.33409,51.0931,313.5,0
2017-11-14,9,10.5,0.0,1.0,77,41.116,40.436,4.33409,49.0931,343.385,0
2017-11-14,10,10.3333,0.0,1.33333,71,23.813,20.765,4.33409,59.0931,300.0,0
2017-11-14,11,10.5,0.0,1.83333,63,19.504,22.469,12.8194,44.5784,326.8,0
2017-11-14,12,10.5,0.0,2.33333,58,21.102,28.038,24.0417,46.4262,317.127,0
2017-11-14,13,10.1667,0.0,3.16667,56,22.801,40.451,16.2635,47.648,334.08,0
2017-11-14,14,10.0,0.0,3.83333,58,30.516,44.867,16.2635,46.648,346.92,0
2017-11-14,15,9.66667,0.0,4.33333,60,38.006,45.769,22.6275,54.9629,300.0,0
2017-11-14,16,9.33333,0.0,4.16667,66,69.148,51.578,22.6275,52.9629,345.6,0
2017-11-14,17,8.66667,0.0,4.0,75,93.28,67.172,14.1422,54.4776,360.0,0
2017-11-14,18,8.33333,0.0,3.66667,76,103.211,67.753,6.36399,51.3149,395.2,0
2017-11-14,19,8.0,0.0,3.16667,77,106.992,69.58,3.68523,57.7821,360.0,0
2017-11-15,1,7.0,0.0,-0.166667,87,84.614,39.6,-33.9514,37.163,454.629,0
2017-11-15,2,7.16667,0.0,-0.5,92,79.412,36.38,-39.6083,35.8199,437.143,0
2017-11-15,3,7.0,0.0,-0.833333,91,72.469,36.659,-43.3967,32.0315,437.143,0
2017-11-15,4,7.33333,0.0,-1.0,91,67.184,37.35,-47.1851,28.2431,420.0,0
2017-11-15,5,7.33333,0.0,-1.16667,95,65.532,40.212,-42.9424,32.0005,420.0,0
2017-11-15,6,7.16667,0.0,-1.16667,95,67.209,44.364,-30.0081,33.6429,460.8,0
2017-11-15,7,7.16667,0.0,-1.16667,97,79.714,46.305,-25.7655,37.8856,420.0,0
2017-11-15,8,7.0,0.0,-1.0,94,80.763,51.004,-17.41,37.6481,470.25,0
2017-11-15,9,6.83333,0.0,-0.5,84,80.766,41.116,-22.9533,39.9442,436.05,0
2017-11-15,10,7.16667,0.0,0.333333,75,73.351,23.813,-21.539,38.53,454.629,0
2017-11-15,11,7.16667,0.0,1.5,69,67.392,19.504,-8.60472,43.1724,470.25,0
2017-11-15,12,7.33333,0.0,2.66667,67,69.626,21.102,-11.2835,49.6396,420.0,0
2017-11-15,13,7.5,0.0,3.83333,70,61.499,22.801,-16.2332,46.5894,420.0,0
2017-11-15,14,7.83333,0.0,4.83333,74,78.577,30.516,-23.92,43.6616,437.25,0
2017-11-15,15,7.83333,0.0,5.33333,80,84.81,38.006,-26.5155,41.9275,413.4,0
2017-11-15,16,7.33333,0.0,5.5,81,87.408,69.148,-25.2148,43.8741,413.4,0
2017-11-15,17,7.0,0.0,5.33333,87,103.884,93.28,-25.922,44.5812,443.52,0
2017-11-15,18,6.5,0.0,5.0,97,105.696,103.211,-29.4575,48.1167,434.52,0
2017-11-16,1,5.33333,0.0,1.83333,98,120.18,84.614,-39.7654,34.8946,561.0,0
2017-11-16,2,5.16667,0.0,1.16667,100,112.351,79.412,-35.5227,25.6519,599.657,0
2017-11-16,3,5.0,0.0,0.666667,100,102.439,72.469,-26.573,20.7022,635.04,0
2017-11-16,4,4.66667,0.0,0.333333,100,103.545,67.184,-21.124,12.5472,620.1,0
2017-11-16,5,4.33333,0.0,0.0,96,103.887,65.532,-17.6799,4.23228,626.4,0
2017-11-16,6,4.83333,0.0,0.0,98,104.143,67.209,-16.1492,0.53676,600.0,0
2017-11-16,7,5.16667,0.0,0.166667,100,101.358,79.714,-6.07487,-12.7847,649.0,0
2017-11-16,8,5.66667,0.0,0.5,100,106.515,80.763,6.46841,-15.0808,641.143,0
2017-11-16,9,5.66667,0.0,1.0,95,111.035,80.766,7.9858,-22.7093,626.4,0
2017-11-16,10,6.16667,0.0,1.66667,88,109.158,73.351,9.99353,-28.541,603.2,0
2017-11-16,11,6.66667,0.0,2.5,77,86.183,67.392,4.72382,-28.7237,556.5,0
2017-11-16,12,6.83333,0.0,3.33333,71,50.835,69.626,-5.74334,-31.4025,501.84,0
2017-11-16,13,7.16667,0.0,4.33333,70,34.988,61.499,-16.0373,-24.8425,492.9,0
2017-11-16,15,8.83333,0.0,5.5,83,55.499,84.81,-47.2883,-24.5579,408.857,0
2017-11-16,16,9.66667,0.0,5.5,90,75.528,87.408,-48.9656,-20.282,371.25,0
2017-11-16,17,10.1667,0.0,5.16667,98,84.368,103.884,-47.1179,-19.5167,326.4,0
2017-11-16,18,10.5,0.0,4.33333,100,96.861,105.696,-47.7218,-23.909,300.667,0
2017-11-17,1,6.5,0.0,-0.5,100,114.137,120.18,-19.35,-44.7152,479.467,0
2017-11-17,2,6.33333,0.0,-0.666667,96,104.487,112.351,-19.35,-49.7152,466.4,0
2017-11-17,3,6.16667,0.0,-0.5,92,93.198,102.439,-10.69,-48.8945,503.25,0
2017-11-17,4,5.83333,0.0,-0.166667,90,91.599,103.545,-10.69,-53.8945,480.0,0
2017-11-17,5,5.66667,0.25,0.166667,91,88.726,103.887,-9.54193,-51.1229,517.029,0
2017-11-17,6,5.66667,0.5,0.5,92,89.574,104.143,-9.54193,-50.1229,520.0,0
2017-11-17,7,6.16667,0.5,1.0,95,93.548,101.358,-9.92461,-51.0468,517.029,0
2017-11-17,8,6.5,0.5,1.5,90,92.961,106.515,-12.9027,-38.9227,498.343,0
2017-11-17,9,7.0,0.88,2.0,88,84.984,111.035,0.0470401,-33.973,480.0,0
2017-11-17,10,8.0,0.88,2.5,88,82.87,109.158,8.04704,-21.973,477.0,0
2017-11-17,11,8.66667,1.52,3.16667,85,79.905,86.183,5.75096,-0.42968,399.36,0
2017-11-17,12,8.83333,3.07,4.0,83,71.858,50.835,0.59326,17.2608,377.143,0
2017-11-17,13,8.66667,3.65,4.66667,83,71.274,34.988,-2.38486,29.3849,371.25,0
2017-11-17,15,8.83333,3.85,5.16667,88,84.145,55.499,-14.6275,33.6275,401.85,0
2017-11-17,16,8.66667,3.85,5.16667,92,90.482,75.528,-26.4543,42.8663,398.618,0
2017-11-17,17,8.33333,2.96,5.0,100,102.871,84.368,-30.2811,41.1051,403.68,0
2017-11-17,18,8.5,1.16,4.66667,100,99.331,96.861,-30.2811,49.1051,360.0,0
2017-11-18,1,7.83333,1.54,3.0,100,48.459,114.137,12.0209,53.706,417.6,1
2017-11-18,2,7.66667,1.54,3.16667,100,48.972,104.487,12.0209,52.706,408.857,1
2017-11-18,3,7.33333,1.54,3.16667,100,51.549,93.198,12.0209,51.706,425.829,1
2017-11-18,4,6.83333,1.01,3.16667,100,52.46,91.599,9.72479,50.2492,453.6,1
2017-11-18,5,6.66667,1.01,3.16667,100,52.11,88.726,9.72479,56.2492,420.0,1
2017-11-18,6,7.0,0.48,3.0,100,49.806,89.574,14.6746,53.199,450.667,1
2017-11-18,7,7.5,0.0,2.66667,100,43.132,93.548,14.6746,51.2481,436.05,1
2017-11-18,8,8.0,0.0,2.33333,100,42.322,92.961,16.7959,44.6353,437.25,1
2017-11-18,9,8.33333,0.0,2.16667,97,42.136,84.984,23.1599,42.9992,395.2,1
2017-11-18,10,8.66667,0.0,2.33333,81,28.752,82.87,23.1599,44.9992,360.0,1
2017-11-18,11,8.33333,0.0,2.66667,79,25.294,79.905,31.1128,39.1128,377.143,1
2017-11-18,12,8.16667,0.0,3.0,73,31.29,71.858,34.6484,43.7322,360.0,1
2017-11-18,13,8.0,0.0,3.5,69,34.453,71.274,24.0417,44.4394,374.0,1
2017-11-18,14,8.33333,0.0,3.66667,70,48.592,72.088,10.6066,45.1465,385.745,1
2017-11-18,15,8.66667,0.0,3.66667,72,60.631,84.145,-4.94977,45.1465,360.0,1
2017-11-18,16,9.16667,0.0,3.33333,66,70.55,90.482,-18.3849,37.8536,386.4,1
2017-11-18,17,10.1667,0.0,2.66667,71,80.844,102.871,-31.82,39.9749,300.0,1
2017-11-18,18,10.6667,0.0,2.16667,72,92.189,99.331,-37.4768,37.4768,321.48,1
2017-11-19,1,11.3333,1.02,1.0,79,50.1611,48.459,-51.7373,21.4301,265.2,1
2017-11-19,2,13.0,1.02,1.0,79,51.9688,48.972,-44.5166,23.4098,302.08,1
2017-11-19,3,14.6667,1.02,1.0,81,52.79,51.549,-37.5467,34.2995,248.727,1
2017-11-19,4,15.6667,0.51,1.0,83,53.125,52.46,-34.6549,47.6437,188.308,1
2017-11-19,5,16.5,0.51,1.0,75,52.605,52.11,-22.1954,53.585,184.0,1
2017-11-19,6,16.5,0.0,0.833333,77,52.9538,49.806,-21.4301,51.7373,202.926,1
2017-11-19,7,16.6667,0.48,0.666667,79,56.2487,43.132,-26.4049,63.7477,180.0,1
2017-11-19,8,15.8333,0.48,0.666667,74,63.9437,42.322,-24.1088,58.2044,235.314,1
2017-11-19,9,15.6667,0.48,1.0,62,58.495,42.136,-21.0474,50.8134,269.925,1
2017-11-19,10,15.3333,0.48,1.16667,62,54.17,28.752,-27.6525,48.7593,232.615,1
2017-11-19,11,16.0,0.48,1.66667,51,53.5762,25.294,-29.9486,54.3026,180.0,1
2017-11-19,12,17.1667,0.48,2.33333,46,55.96,31.29,-34.1411,44.4239,191.133,1
2017-11-19,13,18.1667,0.0,3.16667,43,53.6587,34.453,-35.5553,45.8381,181.895,1
2017-11-19,14,18.8333,0.0,3.66667,46,59.8975,48.592,-41.7195,41.7195,186.66,1
2017-11-19,15,18.3333,0.0,3.66667,54,60.1362,60.631,-39.5982,39.5982,207.36,1
2017-11-19,16,17.1667,0.0,3.66667,73,65.7575,70.55,-36.0626,36.0626,240.505,1
2017-11-19,17,16.3333,0.0,3.33333,90,66.2363,80.844,-44.5479,44.5479,222.821,1
2017-11-19,18,16.1667,0.48,3.0,86,61.665,92.189,-41.7195,41.7195,241.553,1
2017-11-20,1,17.8333,0.23,1.66667,68,7.51,50.1611,-37.4768,37.4768,221.0,0
2017-11-20,2,17.3333,0.0,1.5,71,12.39,51.9688,-48.0835,48.0835,180.0,0
2017-11-20,3,17.5,0.0,1.33333,74,19.611,52.79,-47.3764,47.3764,193.768,0
2017-11-20,4,17.6667,0.0,1.0,78,18.97,53.125,-36.7697,36.7697,216.72,0
2017-11-20,5,17.3333,0.0,0.833333,76,27.757,52.605,-26.1631,45.1631,193.765,0
2017-11-20,6,17.8333,0.51,0.833333,77,30.433,52.9538,-20.6478,48.8482,207.36,0
2017-11-20,7,19.6667,0.99,0.833333,77,28.091,56.2487,-13.7765,52.2597,210.189,0
2017-11-20,8,21.0,0.99,0.833333,76,32.213,63.9437,-13.7765,59.2597,151.412,0
2017-11-20,9,22.0,0.99,1.0,73,23.473,58.495,-9.567,49.097,176.538,0
2017-11-20,10,22.8333,0.99,1.33333,72,24.132,54.17,-19.5167,47.1179,174.048,0
2017-11-20,11,24.3333,1.29,1.5,69,17.257,53.5762,-2.54604,69.291,120.0,0
2017-11-20,12,25.5,0.81,1.66667,63,15.931,55.96,25.4058,70.2149,120.0,0
2017-11-20,13,24.6667,0.86,2.0,58,26.024,53.6587,18.3849,50.0209,170.769,0
2017-11-20,14,23.8333,1.39,2.16667,58,31.451,59.8975,18.3849,71.0209,134.538,0
2017-11-20,15,21.8333,1.39,2.16667,58,44.746,60.1362,0.0,67.0,166.108,0
2017-11-20,16,19.8333,1.39,2.16667,62,54.016,65.7575,0.0,55.0,218.743,0
2017-11-20,17,18.5,1.09,2.16667,67,53.23,66.2363,0.0,67.0,206.743,0
2017-11-20,18,17.0,1.06,2.16667,80,61.43,61.665,0.0,64.0,221.76,0
2017-11-21,1,12.0,0.13,1.16667,79,66.036,7.51,-22.5781,54.5089,250.92,0
2017-11-21,2,11.8333,0.13,0.833333,78,65.477,12.39,-19.5167,47.1179,281.455,0
2017-11-21,3,11.1667,0.13,0.5,79,62.657,19.611,-22.9608,55.4328,250.364,0
2017-11-21,4,10.8333,0.13,0.333333,81,49.637,18.97,-21.4301,51.7373,325.68,0
2017-11-21,5,9.33333,0.0,0.166667,83,49.43,27.757,-24.8742,60.0522,300.0,0
2017-11-21,6,8.5,0.0,0.0,85,61.503,30.433,-21.4301,51.7373,369.6,0
2017-11-21,7,7.5,0.0,-0.166667,81,64.031,28.091,-19.5167,47.1179,440.677,0
2017-11-21,8,6.83333,0.0,-0.166667,76,70.725,32.213,-22.1954,53.585,421.385,0
2017-11-21,9,6.66667,0.0,-0.166667,70,70.211,23.473,-25.731,57.1206,420.0,0
2017-11-21,10,6.33333,0.0,0.166667,68,70.426,24.132,-24.9988,49.3528,466.4,0
2017-11-21,11,6.5,0.0,0.666667,61,59.07,17.257,-26.5045,45.9877,472.457,0
2017-11-21,12,6.83333,0.0,1.16667,57,55.278,15.931,-30.2929,42.1993,498.667,0
2017-11-21,13,7.5,0.0,2.0,57,57.267,26.024,-35.1637,37.3285,457.6,0
2017-11-21,14,8.0,0.0,2.5,62,62.061,31.451,-40.3515,29.5275,443.143,0
2017-11-21,15,8.0,0.0,3.0,70,65.156,44.746,-29.6727,23.0603,399.36,0
2017-11-21,16,7.66667,0.0,3.0,78,71.57,54.016,-20.1372,19.5248,395.2,0
2017-11-21,17,7.5,0.0,2.83333,91,79.614,53.23,-20.5139,13.3687,425.829,0
2017-11-21,18,7.33333,0.0,2.66667,90,85.227,61.43,-21.1074,6.12288,443.143,0
2017-11-22,1,5.66667,0.48,2.33333,88,70.766,66.036,-46.034,-21.1388,517.0,0
2017-11-22,2,5.5,0.48,2.5,92,71.302,65.477,-49.5696,-24.6744,480.0,0
2017-11-22,3,5.16667,0.48,2.66667,92,67.94,62.657,-47.5618,-25.9138,532.65,0
2017-11-22,4,4.83333,0.48,2.83333,92,65.735,49.637,-41.7015,-26.5479,607.05,0
2017-11-22,5,4.5,0.48,3.0,92,63.139,49.43,-43.2323,-30.2435,596.25,0
2017-11-22,6,4.33333,0.48,3.0,92,60.82,61.503,-35.8412,-31.182,649.0,0
2017-11-22,7,5.0,0.0,3.0,92,62.623,64.031,-35.8412,-35.182,622.2,0
2017-11-22,8,5.66667,0.0,3.0,92,60.148,70.725,-33.0696,-34.034,626.4,0
2017-11-22,9,6.33333,0.0,3.0,92,59.345,70.211,-30.9704,-40.0528,561.0,0
2017-11-22,10,7.33333,0.0,3.16667,92,57.648,70.426,-24.953,-41.6122,546.96,0
2017-11-22,11,7.83333,0.0,3.33333,96,59.013,59.07,-24.953,-41.6122,468.0,0
2017-11-22,12,8.5,0.0,3.66667,95,58.776,55.278,-26.8414,-39.1709,429.3,0
2017-11-22,13,8.5,0.0,4.16667,94,62.589,57.267,-32.4982,-36.8278,409.867,0
2017-11-22,14,8.0,0.0,4.66667,90,66.769,62.061,-30.5473,-39.7477,409.867,0
2017-11-22,15,7.66667,0.0,5.16667,86,77.751,65.156,-36.0906,-42.0438,388.267,0
2017-11-22,16,7.0,0.0,5.5,97,89.124,71.57,-26.6465,-33.7289,421.2,0
2017-11-22,17,7.0,0.0,5.83333,97,101.171,79.614,-29.1283,-24.0417,473.28,0
2017-11-22,18,7.16667,0.0,6.0,95,106.268,85.227,-35.5955,-21.363,434.52,0
2017-11-23,1,6.66667,0.0,5.16667,94,94.328,70.766,-29.6507,16.8379,417.6,0
2017-11-23,2,6.16667,0.0,5.16667,85,90.34,71.302,-26.8791,11.0977,492.0,0
2017-11-23,3,6.0,0.0,5.0,89,84.161,67.94,-26.8791,5.09772,475.2,0
2017-11-23,4,5.83333,0.0,5.0,95,80.695,65.735,-10.8427,-4.44421,515.2,0
2017-11-23,5,5.83333,0.0,4.5,86,75.46,63.139,-10.8427,-9.44421,496.4,0
2017-11-23,6,6.0,0.0,4.16667,84,73.986,60.82,-6.77049,-17.131,532.65,0
2017-11-23,7,6.33333,0.0,4.0,87,76.118,62.623,-3.62211,-24.4351,540.6,0
2017-11-23,8,6.5,0.0,3.5,88,70.825,60.148,-5.46987,-29.7926,499.8,0
2017-11-23,9,6.66667,0.0,3.33333,83,70.624,59.345,-19.1486,-36.2598,517.0,0
2017-11-23,10,7.0,0.0,3.33333,73,65.494,57.648,-19.2622,-39.6206,477.0,0
2017-11-23,11,7.66667,0.0,4.33333,61,66.475,59.013,-25.7294,-36.2993,472.457,0
2017-11-23,12,8.33333,0.0,5.33333,52,60.141,58.776,-39.918,-30.1764,432.0,0
2017-11-23,13,8.33333,0.0,6.66667,48,55.562,62.589,-44.9141,-29.7605,360.0,0
2017-11-23,14,8.66667,0.0,7.83333,54,52.351,66.769,-48.0625,-28.5793,360.0,0
2017-11-23,15,8.66667,0.0,8.66667,66,60.093,77.751,-46.3076,-22.4948,386.4,0
2017-11-23,16,8.83333,0.0,9.5,68,70.011,89.124,-32.6507,-16.8379,377.143,0
2017-11-23,17,8.5,0.0,9.5,94,95.91,101.171,-18.1836,-14.1592,389.88,0
2017-11-23,18,8.16667,0.0,9.33333,90,118.924,106.268,-0.944759,-10.3324,417.72,0
2017-11-24,1,8.66667,0.0,4.66667,78,113.588,94.328,0.283601,11.4804,360.0,0
2017-11-24,2,9.16667,0.0,4.33333,82,99.408,90.34,-23.0313,14.9245,367.2,0
2017-11-24,3,9.33333,0.0,4.0,83,89.783,84.161,-37.3462,18.3686,329.829,0
2017-11-24,4,8.5,0.0,3.83333,90,89.932,80.695,-51.7373,21.4301,360.0,0
2017-11-24,5,8.0,0.0,3.66667,86,90.622,75.46,-45.8173,21.4633,417.72,0
2017-11-24,6,7.5,0.0,3.5,88,94.362,73.986,-52.2844,24.142,386.88,0
2017-11-24,7,6.83333,0.0,2.83333,99,97.236,76.118,-47.2883,24.5579,432.667,0
2017-11-24,8,6.16667,0.0,2.66667,95,101.462,70.825,-50.8238,28.0934,420.0,0
2017-11-24,9,6.16667,0.0,2.66667,84,98.381,70.624,-47.1283,26.5627,482.4,0
2017-11-24,10,6.66667,0.0,3.33333,82,87.25,65.494,-30.8134,23.1186,498.667,0
2017-11-24,11,6.66667,0.0,4.16667,78,82.77,66.475,-28.8625,26.0385,486.0,0
2017-11-24,12,7.0,0.0,5.16667,72,66.513,60.141,-14.4714,22.977,477.0,0
2017-11-24,13,8.0,0.0,7.0,71,68.603,55.562,-2.22876,18.7344,454.629,0
2017-11-24,14,8.33333,0.0,8.16667,75,73.46,52.351,19.4811,11.8129,399.36,0
2017-11-24,15,8.16667,0.0,9.0,83,76.624,60.093,30.0166,8.27739,360.0,0
2017-11-24,16,8.33333,0.0,9.33333,76,94.908,70.011,41.636,6.36399,374.85,0
2017-11-24,17,8.16667,0.0,9.5,92,108.808,95.91,43.636,6.36399,360.0,0
2017-11-24,18,8.16667,0.0,9.33333,95,116.468,118.924,56.0,0.0,375.943,0
2017-11-25,1,5.66667,0.0,6.0,82,135.556,113.588,6.82688,5.35752,477.0,1
2017-11-25,2,5.66667,0.0,6.0,83,126.592,99.408,-2.86864,3.8268,538.65,1
2017-11-25,3,6.0,0.0,5.83333,85,127.082,89.783,-8.41192,1.53072,497.25,1
2017-11-25,4,5.0,0.0,5.5,87,118.708,89.932,-21.9552,-0.76536,547.2,1
2017-11-25,5,5.0,0.0,5.16667,89,110.284,90.622,-25.6507,-2.29608,540.0,1
2017-11-25,6,5.16667,0.0,4.83333,87,110.044,94.362,-32.7373,-6.91548,561.0,1
2017-11-25,7,5.33333,0.0,4.66667,86,111.897,97.236,-29.4985,-10.7423,630.12,1
2017-11-25,8,5.5,0.0,4.5,85,115.423,101.462,-33.0341,-14.2778,609.12,1
2017-11-25,9,6.0,0.0,4.66667,79,113.52,98.381,-26.474,-24.5718,586.56,1
2017-11-25,10,6.83333,0.0,5.0,73,100.133,87.25,-25.5501,-28.0159,530.4,1
2017-11-25,11,7.83333,0.0,5.66667,64,80.086,82.77,-22.6753,-30.5531,517.0,1
2017-11-25,12,9.33333,0.0,6.5,55,49.326,66.513,-23.5992,-30.9358,419.76,1
2017-11-25,13,10.8333,0.0,7.66667,51,41.94,68.603,-41.3785,-26.2249,326.4,1
2017-11-25,14,12.1667,0.0,8.66667,51,49.382,73.46,-51.6341,-25.1153,251.6,1
2017-11-25,15,13.1667,0.0,9.33333,60,59.412,76.624,-50.8134,-21.0474,238.255,1
2017-11-25,16,14.0,0.0,9.66667,71,76.625,94.908,-54.5089,-22.5781,228.48,1
2017-11-25,17,14.1667,0.0,9.83333,93,81.913,108.808,-53.585,-22.1954,230.4,1
2017-11-26,1,13.6667,3.36,7.66667,84,49.575,135.556,-42.6225,28.0101,276.0,1
2017-11-26,2,13.5,3.36,7.33333,87,46.934,126.592,-37.6588,38.2,254.88,1
2017-11-26,3,13.8333,2.24,6.83333,88,39.021,127.082,-23.8006,45.4598,267.429,1
2017-11-26,4,13.5,1.12,6.33333,89,23.896,118.708,-13.9011,49.5603,248.727,1
2017-11-26,5,13.3333,1.12,5.66667,89,16.603,110.284,-6.12288,54.7821,261.0,1
2017-11-26,6,13.3333,2.24,5.16667,90,20.017,110.044,0.0,53.0,271.385,1
2017-11-26,7,13.1667,1.12,4.5,90,21.807,111.897,0.0,51.0,297.0,1
2017-11-26,8,13.1667,1.83,4.0,92,23.937,115.423,10.6066,47.6067,281.538,1
2017-11-26,9,13.0,1.83,3.66667,90,29.033,113.52,19.7991,46.6171,281.538,1
2017-11-26,10,13.0,1.83,3.33333,78,37.381,100.133,28.9915,45.6275,270.327,1
2017-11-26,11,12.8333,1.83,3.16667,73,38.975,80.086,38.1839,43.82,273.28,1
2017-11-26,12,13.1667,0.71,3.16667,72,37.413,49.326,36.0626,44.2999,291.877,1
2017-11-26,13,12.8333,0.71,3.33333,70,39.287,41.94,36.0626,44.2999,291.877,1
2017-11-26,14,12.6667,0.0,3.33333,69,40.236,49.382,36.0626,44.2999,291.877,1
2017-11-26,15,12.1667,0.0,3.33333,71,50.64,59.412,36.0626,56.2999,240.0,1
2017-11-26,16,11.8333,0.0,3.33333,71,55.479,76.625,26.8702,57.1074,260.0,1
2017-11-26,17,11.1667,0.0,3.16667,72,55.908,81.913,26.1631,56.1836,279.138,1
2017-11-27,1,8.16667,0.0,0.0,75,80.761,49.575,-6.50556,49.706,409.867,0
2017-11-27,2,7.83333,0.0,-0.5,83,82.406,46.934,-11.4553,54.6557,374.0,0
2017-11-27,3,7.0,0.0,-1.0,78,82.3633,39.021,-15.698,49.8984,405.45,0
2017-11-27,4,6.5,0.0,-1.16667,78,75.059,23.896,-18.5264,44.7268,479.467,0
2017-11-27,5,6.16667,0.0,-1.33333,79,74.064,16.603,-24.0697,47.0229,450.667,0
2017-11-27,6,6.0,0.0,-1.33333,80,79.157,20.017,-24.8682,42.9506,498.667,0
2017-11-27,7,6.16667,0.0,-1.33333,80,89.057,21.807,-19.9185,40.4178,520.8,0
2017-11-27,8,6.5,0.0,-1.0,80,86.437,23.937,-19.9185,40.4178,520.8,0
2017-11-27,9,7.16667,0.0,-0.666667,76,80.896,29.033,-19.9185,40.4178,509.143,0
2017-11-27,10,8.0,0.0,-0.166667,73,66.256,37.381,-18.0301,42.8591,477.0,0
2017-11-27,11,9.0,0.0,0.5,68,59.085,38.975,-3.18084,45.9507,395.2,0
2017-11-27,12,9.83333,0.0,1.16667,64,63.347,37.413,2.01294,50.4985,345.257,0
2017-11-27,13,10.5,0.0,1.83333,64,63.146,39.287,-7.52899,47.1179,333.45,0
2017-11-27,14,11.0,0.0,2.33333,66,63.892,40.236,-9.05971,50.8134,278.25,0
2017-11-27,15,11.0,0.0,2.66667,69,75.205,50.64,-10.2078,53.585,271.745,0
2017-11-27,16,10.1667,0.0,2.66667,73,83.47,55.479,-23.6428,49.0792,313.5,0
2017-11-27,17,9.33333,0.0,2.33333,81,95.08,55.908,-27.8855,53.3219,311.1,0
2017-11-28,1,6.83333,0.0,-1.83333,88,85.722,80.761,4.64875,8.39389,420.0,0
2017-11-28,2,6.83333,0.0,-2.16667,91,81.517,82.406,4.05524,1.14804,437.143,0
2017-11-28,3,6.66667,0.0,-2.5,86,67.321,82.3633,4.05524,-4.20948,452.4,0
2017-11-28,4,6.66667,0.0,-2.5,86,58.723,75.059,4.97912,-9.94968,454.629,0
2017-11-28,5,8.33333,0.0,-2.5,90,55.541,74.064,-10.3358,-13.3938,436.05,0
2017-11-28,6,8.33333,0.0,-2.5,94,56.846,79.157,-21.5956,-27.252,360.0,0
2017-11-28,7,8.66667,0.0,-2.33333,95,63.394,89.057,-30.8383,-31.4947,360.0,0
2017-11-28,8,8.66667,0.0,-2.0,91,66.031,86.437,-27.1427,-29.9639,377.143,0
2017-11-28,9,8.5,0.0,-1.5,81,65.126,80.896,-27.1427,-29.9639,377.143,0
2017-11-28,10,8.66667,0.0,-0.833333,70,61.366,66.256,-26.2189,-29.5813,409.867,0
2017-11-28,11,7.5,0.0,0.0,63,58.364,59.085,-7.90394,-26.1371,443.52,0
2017-11-28,12,8.16667,0.0,1.16667,60,56.936,63.347,0.0960605,-26.1371,418.0,0
2017-11-28,13,8.5,0.0,2.33333,60,61.199,63.146,-14.8829,-16.1057,377.4,0
2017-11-28,14,8.83333,0.0,3.33333,63,58.504,63.892,6.75076,-8.80164,393.6,0
2017-11-28,15,9.16667,0.0,4.0,69,68.961,75.205,4.903,-9.567,349.8,0
2017-11-28,16,8.83333,0.0,4.16667,68,79.473,83.47,3.05524,-10.3324,363.0,0
2017-11-28,17,8.5,0.0,4.16667,70,78.91,95.08,-14.3358,-13.3938,371.25,0
2017-11-29,1,5.5,0.0,-0.5,77,123.48,85.722,16.823,-9.60018,550.8,0
2017-11-29,2,5.66667,0.0,-0.5,79,110.105,81.517,20.823,-9.60018,540.0,0
2017-11-29,3,5.66667,0.0,-0.5,85,106.721,67.321,25.918,-12.082,540.0,0
2017-11-29,4,5.5,0.0,-0.5,90,96.5289,58.723,27.9257,-13.3215,561.0,0
2017-11-29,5,6.0,0.51,-0.333333,90,91.808,55.541,26.5451,-15.2349,563.04,0
2017-11-29,6,5.66667,0.51,0.0,89,99.265,56.846,26.5451,-15.2349,501.84,0
2017-11-29,7,6.16667,1.25,0.166667,88,95.716,63.394,17.8496,-13.7042,540.6,0
2017-11-29,8,6.0,1.25,0.0,90,82.824,66.031,6.89982,-18.6539,536.057,0
2017-11-29,9,5.66667,1.25,0.0,91,83.708,65.126,-2.01358,-23.2733,561.6,0
2017-11-29,10,5.5,1.25,0.0,86,84.615,61.366,-4.78522,-24.4214,561.0,0
2017-11-29,11,4.66667,1.1,0.166667,82,80.751,58.364,3.45744,-20.1787,566.1,0
2017-11-29,12,5.0,1.43,0.333333,75,75.34,56.936,4.45744,-20.1787,582.4,0
2017-11-29,13,5.16667,1.2,0.666667,79,74.542,61.199,12.7535,-14.6354,563.04,0
2017-11-29,14,5.5,1.2,1.0,80,73.496,58.504,19.6697,-9.18649,612.48,0
2017-11-29,15,6.16667,1.2,1.33333,85,77.282,68.961,26.6697,-9.18649,556.92,0
2017-11-29,16,6.5,1.2,1.5,91,84.58,79.473,27.3652,-10.7172,575.143,0
2017-11-29,17,6.5,0.84,1.5,94,98.75,78.91,38.315,-5.76744,570.24,0
2017-11-30,1,5.66667,3.53,-0.166667,92,92.835,123.48,20.3018,-13.745,559.543,0
2017-11-30,2,6.16667,0.99,-0.166667,92,81.243,110.105,11.0057,-19.2883,561.0,0
2017-11-30,3,6.5,0.99,-0.166667,92,66.218,106.721,0.00569028,-28.2883,524.16,0
2017-11-30,4,7.0,2.39,-0.166667,92,59.002,96.5289,-9.99431,-36.2883,517.0,0
2017-11-30,5,7.66667,5.36,0.0,92,57.479,91.808,-15.9943,-44.2883,477.0,0
2017-11-30,7,9.0,5.36,0.0,92,59.373,95.716,1.14804,-53.8582,377.4,0
2017-11-30,10,11.0,7.64,0.0,89,58.3333,84.615,3.8268,-49.5642,326.8,0
2017-11-30,13,14.1667,6.7,0.333333,87,64.29,74.542,5.35752,-54.803,216.0,0
2017-11-30,15,13.8333,6.78,0.666667,87,69.498,77.282,16.8379,-56.6507,226.8,0
2018-10-01,0,7.0,0.0,6.5,87,70.2333,76.215,-16.1384,-33.9268,470.25,0
2018-10-01,1,7.0,0.0,5.5,87,67.125,73.3229,-22.6056,-31.2481,420.0,0
2018-10-01,2,7.0,0.0,4.5,88,62.9633,72.2967,-21.8985,-20.6414,436.05,0
2018-10-01,3,6.83333,0.0,3.83333,86,59.3767,69.57,-18.9204,-8.51739,437.143,0
2018-10-01,4,6.66667,0.0,3.16667,92,55.3917,67.775,-18.5377,3.49305,454.629,0
2018-10-01,5,6.5,0.0,3.0,94,51.68,66.0633,-22.7803,14.7357,472.457,0
2018-10-01,6,6.33333,0.0,2.83333,100,55.4433,64.284,-25.6449,23.4989,490.629,0
2018-10-01,7,6.33333,0.0,2.83333,100,54.2783,63.55,-24.721,28.4738,509.143,0
2018-10-01,8,6.33333,0.0,3.16667,100,56.445,62.6717,-24.721,28.4738,509.143,0
2018-10-01,9,6.66667,0.0,4.0,84,50.0567,61.9467,-11.2538,25.795,509.143,0
2018-10-01,10,7.16667,0.0,5.5,65,47.4417,57.31,-13.6951,17.7838,490.629,0
2018-10-01,11,7.83333,0.0,7.16667,52,31.0617,37.6767,-19.3313,7.87254,438.6,0
2018-10-01,12,8.5,0.0,9.16667,46,25.7133,13.1283,-22.0313,-5.7402,413.4,0
2018-10-01,13,8.83333,0.0,11.1667,43,27.3217,5.59,-20.1836,-14.1592,393.6,0
2018-10-01,14,9.16667,0.0,13.1667,44,29.0767,4.77667,-18.1836,-14.1592,361.029,0
2018-10-01,15,9.16667,0.0,14.6667,44,29.99,4.38667,-33.4985,-10.715,341.85,0
2018-10-01,16,9.0,0.0,15.8333,48,37.035,5.52,-31.7643,-1.99672,352.8,0
2018-10-01,17,8.66667,0.0,16.1667,50,41.365,6.99667,-26.5108,8.83844,376.32,0
2018-10-01,18,8.5,0.0,16.0,59,51.225,17.8967,-17.272,20.6652,403.68,0
2018-10-01,19,8.5,0.0,15.6667,68,67.96,44.5017,-8.03324,33.492,409.867,0
2018-10-01,20,8.66667,0.0,14.8333,76,68.6767,64.9067,-20.4774,41.807,409.867,0
2018-10-01,21,9.0,0.0,13.8333,80,67.03,71.6133,-15.9892,47.6016,386.4,0
2018-10-01,22,9.33333,0.51,12.6667,80,61.8333,69.4767,-10.3324,51.9448,356.4,0
2018-10-01,23,9.66667,0.51,11.6667,79,63.71,70.5267,-7.27092,54.5537,327.6,0
2018-10-02,0,9.83333,0.51,10.6667,81,62.1517,70.2333,-7.27092,56.5537,312.8,0
2018-10-02,1,10.0,0.51,9.66667,80,52.525,67.125,-7.27092,57.5537,300.0,0
2018-10-02,2,10.0,0.51,9.0,77,45.145,62.9633,3.2443,58.4776,300.0,0
2018-10-02,3,10.0,0.51,8.5,74,35.3017,59.3767,14.1422,58.4776,300.0,0
2018-10-02,4,10.1667,0.0,8.16667,70,34.95,55.3917,21.2133,57.7164,300.0,0
2018-10-02,5,10.3333,0.0,8.0,68,43.6717,51.68,21.2133,48.7164,346.92,0
2018-10-02,6,10.6667,0.0,8.0,71,45.3067,55.4433,21.2133,49.7164,334.08,0
2018-10-02,7,11.3333,0.0,7.83333,79,45.6067,54.2783,14.1422,52.4776,309.12,0
2018-10-02,8,12.1667,0.0,7.83333,77,47.9333,56.445,16.9706,56.1731,262.08,0
2018-10-02,9,13.1667,0.0,7.83333,76,42.9217,50.0567,20.5062,49.7925,270.327,0
2018-10-02,10,13.5,0.0,8.0,68,27.125,47.4417,31.82,53.5746,225.5,0
2018-10-02,11,14.0,0.0,8.16667,64,21.4,31.0617,41.0124,53.585,230.4,0
2018-10-02,12,14.5,0.0,8.5,63,19.3633,25.7133,41.0124,53.585,237.12,0
2018-10-02,13,14.8333,0.0,9.0,63,23.5383,27.3217,41.0124,53.585,243.6,0
2018-10-02,14,15.0,0.0,9.5,60,30.6883,29.0767,41.0124,53.585,223.385,0
2018-10-02,15,15.0,0.0,10.0,57,28.465,29.99,43.1337,56.3567,204.429,0
2018-10-02,16,15.3333,0.0,10.3333,52,31.3133,37.035,44.5479,58.2044,195.52,0
2018-10-02,17,15.5,0.0,10.5,54,28.9583,41.365,33.9413,59.3462,202.725,0
2018-10-02,18,15.3333,0.0,10.1667,56,40.9083,51.225,22.6275,59.5642,210.6,0
2018-10-02,19,14.6667,0.0,9.83333,58,59.1433,67.96,11.3138,58.7821,226.8,0
2018-10-02,20,13.8333,0.0,9.0,61,58.2033,68.6767,-4.59216,55.0866,254.88,0
2018-10-02,21,13.3333,0.0,8.16667,61,59.1,67.03,-12.3704,47.8648,292.32,0
2018-10-02,22,13.5,0.0,7.33333,53,52.6133,61.8333,-21.5628,57.0572,240.0,0
2018-10-02,23,14.0,0.0,6.5,53,49.7683,63.71,-32.8766,39.371,276.0,0
2018-10-03,0,15.0,0.0,6.16667,47,44.3317,62.1517,-41.0124,41.0124,208.145,0
2018-10-03,1,16.6667,0.0,5.83333,44,33.575,52.525,-31.6953,42.5193,204.6,0
2018-10-03,2,18.6667,0.0,5.83333,45,16.82,45.145,-28.8005,51.5309,170.133,0
2018-10-03,3,20.3333,0.0,6.0,51,11.125,35.3017,-24.8742,60.0522,148.5,0
2018-10-03,4,21.5,0.0,6.0,61,10.885,34.95,-26.0222,62.8238,141.382,0
2018-10-03,5,22.3333,0.0,6.33333,68,12.685,43.6717,-26.4049,63.7477,140.87,0
2018-10-03,6,23.0,0.51,6.5,70,14.12,45.3067,-26.4049,63.7477,140.87,0
2018-10-03,7,23.3333,0.51,6.83333,71,13.49,45.6067,-17.6033,66.4985,135.496,0
2018-10-03,8,23.6667,0.51,7.16667,71,31.875,47.9333,-8.80164,69.2492,130.226,0
2018-10-03,9,24.3333,0.51,7.5,69,21.1267,42.9217,0.0,73.0,124.95,0
2018-10-03,10,25.3333,0.51,8.16667,65,15.3367,27.125,0.0,52.0,168.192,0
2018-10-03,11,26.8333,0.51,8.83333,62,20.7983,21.4,0.0,56.0,151.467,0
2018-10-03,12,28.1667,0.0,9.5,59,11.1267,19.3633,0.0,61.0,132.248,0
2018-10-03,13,29.5,0.58,10.1667,65,8.50333,23.5383,0.0,64.0,127.5,0
2018-10-03,14,30.5,0.58,10.6667,64,8.92167,30.6883,22.6275,61.5642,127.5,0
2018-10-03,15,31.1667,0.58,11.0,60,9.995,28.465,44.5479,58.2044,131.962,0
2018-10-03,16,31.3333,0.58,11.1667,57,8.51833,31.3133,43.8408,57.2806,133.548,0
2018-10-03,17,30.6667,0.58,11.1667,52,11.6917,28.9583,43.1337,56.3567,138.194,0
2018-10-03,18,29.5,0.58,11.0,54,10.175,40.9083,41.0124,53.585,149.76,0
2018-10-03,19,27.6667,0.0,10.5,57,19.5533,59.1433,37.4768,48.9656,170.357,0
2018-10-03,20,25.5,0.0,10.0,59,32.6667,58.2033,52.3261,68.3671,138.857,0
2018-10-03,21,23.1667,0.0,9.33333,59,41.4883,59.1,45.255,59.1283,178.608,0
2018-10-03,22,20.8333,0.0,8.66667,57,40.4233,52.6133,39.5982,51.7373,211.714,0
2018-10-03,23,18.8333,0.0,7.83333,55,31.365,49.7683,36.0626,47.1179,236.733,0
2018-10-04,0,17.3333,0.0,7.16667,54,28.43,44.3317,47.3764,61.9,187.0,0
2018-10-04,1,16.5,0.0,6.66667,53,28.635,33.575,45.9622,60.0522,194.541,0
2018-10-04,2,16.1667,0.0,6.16667,52,31.4333,16.82,45.255,59.1283,195.0,0
2018-10-04,3,16.0,0.0,5.83333,53,31.2217,11.125,45.255,59.1283,195.0,0
2018-10-04,4,15.8333,0.0,5.5,55,43.1917,10.885,33.9413,60.3462,195.0,0
2018-10-04,5,15.6667,0.0,5.16667,57,43.32,12.685,22.6275,60.5642,202.725,0
2018-10-04,6,15.6667,0.0,5.0,61,37.735,14.12,11.3138,60.7821,210.6,0
2018-10-04,7,15.8333,0.0,4.83333,64,30.9433,13.49,0.0,62.0,210.6,0
2018-10-04,8,16.0,0.0,5.0,63,31.5517,31.875,0.0,63.0,195.52,0
2018-10-04,9,16.3333,0.0,5.33333,60,25.6317,21.1267,0.0,65.0,180.0,0
2018-10-04,10,16.8333,0.0,5.83333,66,20.4017,15.3367,0.0,52.0,224.824,0
2018-10-04,11,17.5,0.0,6.83333,57,11.6517,20.7983,12.728,51.6298,216.847,0
2018-10-04,12,18.1667,0.0,7.66667,51,10.725,11.1267,26.1631,52.1836,205.8,0
2018-10-04,13,18.5,0.0,8.66667,48,10.5017,8.50333,40.3053,52.6612,191.133,0
2018-10-04,14,18.6667,0.0,9.66667,45,9.50333,8.92167,41.0124,53.585,188.779,0
2018-10-04,15,18.5,0.0,10.5,41,8.98833,9.995,40.3053,52.6612,200.34,0
2018-10-04,16,18.1667,0.0,11.3333,39,13.9967,8.51833,38.1839,49.8895,217.579,0
2018-10-04,17,17.3333,0.0,11.6667,44,17.1883,11.6917,36.0626,47.1179,236.733,0
2018-10-04,18,16.0,0.0,11.8333,51,41.8017,10.175,45.9622,60.0522,201.4,0
2018-10-04,19,14.5,0.0,11.6667,56,66.8567,19.5533,41.7195,54.5089,241.553,0
2018-10-04,20,12.8333,0.0,11.1667,65,77.825,32.6667,29.6986,48.803,297.6,0
2018-10-04,21,11.3333,0.0,10.3333,72,77.0417,41.4883,29.6986,56.803,294.0,0
2018-10-04,22,10.0,0.0,9.16667,78,75.925,40.4233,15.3234,49.4119,361.371,0
2018-10-04,23,9.0,0.0,8.0,82,77.6633,31.365,12.262,56.803,342.514,0
2018-10-05,0,8.33333,0.0,7.0,86,76.2717,28.43,-0.699,51.2597,394.4,0
2018-10-05,1,8.0,0.0,6.16667,88,73.3783,28.635,-6.35588,56.9166,360.0,0
2018-10-05,2,8.0,0.0,5.33333,90,71.825,31.4333,-20.4981,51.4869,386.88,0
2018-10-05,3,7.83333,0.0,4.83333,88,74.565,31.2217,-26.155,47.1438,390.0,0
2018-10-05,4,7.66667,0.0,4.33333,96,73.4683,43.1917,-31.1047,44.0935,405.45,0
2018-10-05,5,7.5,0.0,4.16667,96,72.105,43.32,-32.9931,41.6523,421.2,0
2018-10-05,6,7.33333,0.0,4.0,100,73.1617,37.735,-36.3988,36.94,437.25,0
2018-10-05,7,7.0,0.0,3.83333,100,76.0767,30.9433,-39.8045,32.2277,453.6,0
2018-10-05,8,6.66667,0.0,4.16667,100,75.0283,31.5517,-45.3478,34.5238,420.0,0
2018-10-05,9,6.66667,0.0,4.83333,86,72.075,25.6317,-33.6909,28.8669,452.4,0
2018-10-05,10,6.83333,0.0,6.16667,65,60.5383,20.4017,-21.034,23.21,469.05,0
2018-10-05,11,7.16667,0.0,7.83333,53,41.21,11.6517,-7.37714,17.5531,454.629,0
2018-10-05,12,7.66667,0.0,9.66667,46,29.7667,10.725,6.57263,12.6034,420.0,0
2018-10-05,13,8.33333,0.0,11.8333,44,28.0717,10.5017,27.9896,4.97484,425.829,0
2018-10-05,14,9.0,0.0,13.6667,45,19.94,9.50333,44.4567,2.29608,360.0,0
2018-10-05,15,9.33333,0.0,15.3333,45,15.6067,8.98833,54.0,0.0,345.257,0
2018-10-05,16,9.5,0.0,16.3333,45,17.47,13.9967,56.0,0.0,327.6,0
2018-10-05,17,9.33333,0.0,16.6667,49,21.7217,17.1883,57.0,0.0,325.867,0
2018-10-05,18,9.0,0.0,16.5,59,37.01,41.8017,40.609,-3.06144,349.92,0
2018-10-05,19,8.66667,0.0,15.8333,65,62.8617,66.8567,23.2179,-6.12288,376.32,0
2018-10-05,20,8.33333,0.0,14.8333,76,79.9717,77.825,7.56104,-11.7798,403.68,0
2018-10-05,21,8.0,0.0,13.3333,84,83.6167,77.0417,1.90416,-17.4366,360.0,0
2018-10-05,22,7.66667,0.0,11.8333,88,88.5867,75.925,-13.0456,-22.3864,388.267,0
2018-10-05,23,7.33333,0.0,10.3333,87,88.2083,77.6633,-28.5128,-25.0652,417.6,0
2018-10-06,0,7.0,0.0,9.16667,86,86.7933,76.2717,-31.5128,-25.0652,453.6,1
2018-10-06,1,6.66667,0.0,8.16667,87,82.365,73.3783,-25.5128,-25.0652,420.0,1
2018-10-06,2,6.33333,0.0,7.33333,88,82.0033,71.825,-23.665,-19.7076,452.4,1
2018-10-06,3,6.16667,0.0,6.83333,89,79.0033,74.565,-21.8172,-14.3501,486.0,1
2018-10-06,4,6.0,0.0,6.16667,92,75.0483,73.4683,-10.1604,-8.69325,520.8,1
2018-10-06,5,6.0,0.0,5.83333,95,73.4417,72.105,-15.7036,-10.9893,480.0,1
2018-10-06,6,6.0,0.0,5.5,100,70.8267,73.1617,-15.59,-7.62853,498.343,1
2018-10-06,7,6.0,0.0,5.16667,100,71.8283,76.0767,-16.1836,-4.97484,517.029,1
2018-10-06,8,6.0,0.0,5.33333,100,75.9817,75.0283,-13.9591,-6.53874,520.0,1
2018-10-06,9,6.16667,0.0,6.0,88,59.0367,72.075,-24.2017,-10.7814,520.0,1
2018-10-06,10,6.66667,0.0,7.33333,67,46.5783,60.5383,-35.1515,-15.7312,499.8,1
2018-10-06,11,7.5,0.0,9.0,53,40.2,41.21,-32.3798,-23.7675,496.8,1
2018-10-06,12,8.5,0.0,11.1667,43,27.0183,29.7667,-42.9992,-25.6808,451.0,1
2018-10-06,13,9.66667,0.0,13.6667,39,29.9017,28.0717,-19.9127,-21.0887,385.0,1
2018-10-06,14,11.0,0.0,16.1667,39,34.1017,19.94,1.57263,-12.6034,311.143,1
2018-10-06,15,12.0,0.0,18.3333,42,38.14,15.6067,-6.41192,-2.29608,240.0,1
2018-10-06,16,12.3333,0.0,20.1667,44,28.33,17.47,0.0552405,10.3324,276.0,1
2018-10-06,17,12.1667,0.0,21.3333,49,29.4883,21.7217,-22.1074,14.5418,291.877,1
2018-10-06,18,11.8333,0.0,21.6667,66,47.5267,37.01,-31.3462,18.3686,259.2,1
2018-10-06,19,11.1667,0.0,21.3333,70,59.52,62.8617,-53.585,22.1954,297.6,1
2018-10-06,20,10.3333,0.0,20.3333,76,65.3983,79.9717,-48.9656,20.282,343.385,1
2018-10-06,21,9.66667,0.0,18.8333,79,65.16,83.6167,-57.2806,23.7262,310.708,1
2018-10-06,22,9.16667,0.0,17.1667,77,65.0983,88.5867,-36.2701,18.7513,335.345,1
2018-10-06,23,8.83333,0.0,15.6667,72,67.4733,88.2083,-18.1074,14.5418,363.0,1
2018-10-07,0,8.5,0.0,14.3333,72,53.3117,86.7933,-0.868639,10.715,389.88,1
2018-10-07,1,8.16667,0.0,13.1667,76,50.5533,82.365,16.3702,6.88824,409.867,1
2018-10-07,2,7.83333,0.0,12.3333,80,49.6783,82.0033,23.3702,6.88824,374.0,1
2018-10-07,3,7.5,0.0,11.6667,83,50.53,79.0033,38.6851,3.44412,402.8,1
2018-10-07,4,7.33333,0.0,11.1667,84,51.945,75.0483,54.0,0.0,432.667,1
2018-10-07,5,7.16667,0.0,10.5,87,54.625,73.4417,38.5328,-2.67876,453.6,1
2018-10-07,6,7.0,0.51,10.1667,89,53.9667,70.8267,24.0657,-5.35752,470.25,1
2018-10-07,7,7.0,0.51,10.1667,90,57.105,71.8283,17.5985,-8.03628,420.0,1
2018-10-07,8,7.0,0.51,10.3333,88,61.2117,75.9817,16.5985,-8.03628,436.05,1
2018-10-07,9,7.16667,0.51,11.0,80,59.1267,59.0367,15.5985,-8.03628,437.143,1
2018-10-07,10,7.5,0.51,12.0,66,55.7017,46.5783,16.5985,-8.03628,420.0,1
2018-10-07,11,8.16667,0.99,13.6667,55,53.4417,40.2,-5.7164,-4.59216,443.143,1
2018-10-07,12,9.0,0.48,15.3333,48,52.9333,27.0183,-9.41192,2.29608,375.943,1
2018-10-07,13,10.0,0.48,17.1667,44,54.5517,29.9017,-4.96292,16.1389,345.257,1
2018-10-07,14,11.1667,0.48,18.8333,44,55.1383,34.1017,-28.1553,25.3314,305.25,1
2018-10-07,15,12.1667,0.48,20.3333,44,46.1083,38.14,-41.5129,38.2657,240.0,1
2018-10-07,16,12.8333,0.48,21.3333,49,45.6017,28.33,-28.3928,43.5464,265.5,1
2018-10-07,17,13.0,0.0,21.5,55,41.7317,29.4883,-24.8823,47.0715,261.415,1
2018-10-07,18,12.8333,0.0,21.1667,63,50.6283,47.5267,-15.6899,49.8791,277.114,1
2018-10-07,19,12.3333,0.0,20.3333,69,58.1283,59.52,-15.6899,60.8791,240.0,1
2018-10-07,20,11.5,0.0,19.3333,75,67.9483,65.3983,-10.3324,57.9448,277.714,1
2018-10-07,21,10.8333,0.0,18.0,74,65.345,65.16,-4.97484,54.0104,321.231,1
2018-10-07,22,10.5,0.0,16.6667,71,51.6183,65.0983,7.0711,51.2388,348.0,1
2018-10-07,23,10.5,0.0,15.6667,70,48.035,67.4733,14.8493,47.017,353.455,1
2018-10-08,0,10.5,0.0,14.8333,71,22.395,53.3117,25.9359,40.6092,334.08,0
2018-10-08,1,10.6667,0.0,14.0,74,9.5,50.5533,36.0985,34.8186,313.6,0
2018-10-08,2,11.0,0.0,13.1667,77,6.83167,49.6783,46.2612,30.0281,297.0,0
2018-10-08,3,11.1667,0.0,12.1667,86,5.88167,50.53,49.3528,24.9988,294.0,0
2018-10-08,4,11.1667,0.0,11.3333,90,6.805,51.945,52.5746,17.2206,302.4,0
2018-10-08,5,11.0,0.0,10.3333,92,8.30167,54.625,52.488,12.6284,305.455,0
2018-10-08,6,11.0,0.0,9.5,92,11.3883,53.9667,53.3254,8.41896,305.455,0
2018-10-08,7,10.8333,0.0,8.66667,93,14.4817,57.105,54.1627,4.20948,305.455,0
2018-10-08,8,10.6667,0.0,8.16667,92,16.3183,61.2117,54.0,0.0,317.127,0
2018-10-08,9,10.3333,0.0,8.16667,86,18.39,59.1267,53.0,0.0,329.018,0
2018-10-08,10,9.66667,0.0,8.5,73,25.215,55.7017,51.0,0.0,353.455,0
2018-10-08,11,9.16667,0.0,9.16667,66,26.1183,53.4417,55.9498,-4.94977,335.345,0
2018-10-08,12,8.66667,0.0,10.0,60,21.96,52.9333,48.0112,-12.3408,372.655,0
2018-10-08,13,8.16667,0.0,11.1667,56,20.6817,54.5517,37.0112,-20.3408,403.68,0
2018-10-08,14,7.66667,0.0,12.3333,55,23.1017,55.1383,37.0112,-27.3408,373.32,0
2018-10-08,15,7.33333,0.0,13.5,52,27.54,46.1083,27.0112,-34.3408,414.72,0
2018-10-08,16,7.33333,0.0,14.3333,51,34.48,45.6017,17.0112,-41.3408,448.0,0
2018-10-08,17,7.16667,0.0,14.8333,56,35.5783,41.7317,8.01121,-48.3408,460.8,0
2018-10-08,18,7.16667,0.0,14.8333,64,43.5883,50.6283,3.06144,-50.391,470.25,0
2018-10-08,19,7.5,0.0,14.5,67,55.8433,58.1283,0.0,-51.0,470.25,0
2018-10-08,20,7.66667,0.0,13.6667,75,55.1817,67.9483,0.0,-52.0,443.143,0
2018-10-08,21,7.83333,0.0,12.5,83,54.9483,65.345,0.0,-53.0,425.829,0
2018-10-08,22,8.0,0.0,11.3333,86,53.6883,51.6183,0.0,-54.0,408.857,0
2018-10-08,23,8.16667,0.0,10.1667,86,52.8317,48.035,0.0,-55.0,392.229,0
2018-10-09,0,8.0,0.0,9.33333,89,53.5983,22.395,-3.06144,-55.391,375.943,0
2018-10-09,1,7.66667,0.0,8.5,94,54.0083,9.5,-5.7402,-54.8582,390.0,0
2018-10-09,2,7.33333,0.0,7.83333,98,53.64,6.83167,-8.41896,-53.3254,417.6,0
2018-10-09,3,7.0,0.0,7.33333,100,53.2917,5.88167,-10.715,-49.8686,453.6,0
2018-10-09,4,6.66667,0.0,6.66667,100,53.0883,6.805,-13.0111,-55.4119,420.0,0
2018-10-09,5,6.33333,0.0,6.16667,100,51.8133,8.30167,-15.3072,-52.9552,452.4,0
2018-10-09,6,6.16667,0.0,5.5,100,52.655,11.3883,-17.6033,-50.4985,486.0,0
2018-10-09,7,6.0,0.0,5.0,100,51.2767,14.4817,-19.8994,-48.0418,520.8,0
2018-10-09,8,6.0,0.0,5.0,100,49.2183,16.3183,-22.1954,-53.585,480.0,0
2018-10-09,9,6.0,0.0,5.33333,100,47.8567,18.39,-21.4301,-51.7373,498.343,0
2018-10-09,10,6.16667,0.0,6.33333,86,45.8017,25.215,-22.994,-49.5128,517.029,0
2018-10-09,11,6.33333,0.0,7.66667,72,45.055,26.1183,-25.265,-47.9954,499.8,0
2018-10-09,12,6.5,0.0,9.5,62,42.9517,21.96,-29.4361,-45.1309,480.0,0
2018-10-09,13,6.5,0.0,11.6667,55,44.8317,20.6817,-31.3111,-36.7231,517.0,0
2018-10-09,14,6.5,0.0,13.6667,52,42.6383,23.1017,-23.015,-31.1798,517.0,0
2018-10-09,15,6.5,0.0,15.5,53,39.4833,27.54,-24.9616,-21.3939,517.0,0
2018-10-09,16,6.16667,0.0,16.8333,55,37.465,34.48,-16.6655,-15.8506,517.0,0
2018-10-09,17,6.0,0.0,17.5,54,41.295,35.5783,-16.6655,-20.8506,480.0,0
2018-10-09,18,5.83333,0.0,17.5,66,51.91,43.5883,-14.3694,-21.3073,480.0,0
2018-10-09,19,5.83333,0.0,17.0,70,79.0133,55.8433,-12.4228,-22.6079,498.343,0
2018-10-09,20,5.83333,0.0,16.0,76,77.6717,55.1817,-9.76914,-23.2014,517.029,0
2018-10-09,21,6.0,0.0,14.5,83,86.3633,54.9483,-5.59806,-26.0659,536.057,0
2018-10-09,22,6.33333,0.0,12.8333,87,93.7367,53.6883,-4.08067,-28.337,520.0,0
2018-10-09,23,6.5,0.0,11.3333,86,89.6133,52.8317,-15.0304,-33.2867,499.8,0
2018-10-10,0,6.5,0.0,10.1667,87,84.0017,53.5983,-15.7375,-42.4791,480.0,0
2018-10-10,1,6.5,0.0,9.16667,87,80.5683,54.0083,-25.9802,-41.7218,517.0,0
2018-10-10,2,6.33333,0.0,8.5,87,77.6217,53.64,-30.2229,-39.9645,517.0,0
2018-10-10,3,6.0,0.0,8.16667,85,75.22,53.2917,-33.7584,-43.5,480.0,0
2018-10-10,4,5.66667,0.0,7.83333,88,71.6267,53.0883,-34.9979,-41.4923,499.8,0
2018-10-10,5,5.33333,0.0,7.83333,88,68.64,51.8133,-36.2374,-39.4846,520.0,0
2018-10-10,6,5.16667,0.0,7.83333,97,67.6317,52.655,-35.8547,-38.5607,555.429,0
2018-10-10,7,5.16667,0.0,7.83333,100,67.5083,51.2767,-32.8183,-38.2303,595.2,0
2018-10-10,8,5.33333,0.0,8.0,100,73.865,49.2183,-35.1144,-43.7736,540.0,0
2018-10-10,9,5.5,0.0,8.5,91,66.565,47.8567,-32.4607,-44.3671,559.543,0
2018-10-10,10,5.83333,0.0,9.5,80,66.9417,45.8017,-29.807,-44.9606,561.0,0
2018-10-10,11,6.5,0.0,10.8333,65,62.28,45.055,-28.2431,-47.1851,540.0,0
2018-10-10,12,7.16667,0.0,12.5,54,58.7917,42.9517,-23.909,-47.7218,501.84,0
2018-10-10,13,7.83333,0.0,14.5,49,53.7767,44.8317,-20.282,-48.9656,461.76,0
2018-10-10,14,8.5,0.0,16.5,49,42.8667,42.6383,-20.282,-48.9656,413.4,0
2018-10-10,15,9.16667,0.0,18.1667,48,35.6783,39.4833,-19.5167,-47.1179,385.0,0
2018-10-10,16,9.66667,0.0,19.3333,49,29.2467,37.465,-21.0474,-50.8134,329.829,0
2018-10-10,17,9.83333,0.0,19.6667,54,30.3067,41.295,-22.1954,-53.585,312.8,0
2018-10-10,18,10.0,0.0,19.3333,65,37.76,51.91,-22.5781,-54.5089,300.0,0
2018-10-10,19,9.83333,0.0,18.3333,71,55.785,79.0133,-22.9608,-55.4328,300.0,0
2018-10-10,20,9.66667,0.0,16.8333,83,61.5367,77.6717,-19.134,-55.194,312.12,0
2018-10-10,21,9.5,0.0,15.1667,89,66.965,86.3633,-15.3072,-54.9552,324.48,0
2018-10-10,22,9.16667,0.0,13.5,88,76.9433,93.7367,-11.4804,-54.7164,337.08,0
2018-10-10,23,8.83333,0.0,12.1667,88,76.345,89.6133,-7.6536,-53.4776,363.0,0
2018-10-11,0,8.5,0.0,11.0,93,70.525,84.0017,-3.8268,-52.2388,389.88,0
2018-10-11,1,8.33333,0.0,10.0,96,68.0333,80.5683,0.0,-51.0,409.867,0
2018-10-11,2,8.16667,0.0,9.33333,96,66.7167,77.6217,0.0,-59.0,360.0,0
2018-10-11,3,8.0,0.0,8.83333,97,67.1717,75.22,0.0,-58.0,374.0,0
2018-10-11,4,8.0,0.0,8.5,95,66.5517,71.6267,0.0,-57.0,388.267,0
2018-10-11,5,8.0,0.0,8.16667,100,63.8967,68.64,0.0,-56.0,390.0,0
2018-10-11,6,8.0,0.0,8.0,100,63.5,67.6317,0.0,-56.0,390.0,0
2018-10-11,7,8.0,0.0,7.66667,100,64.4533,67.5083,0.0,-56.0,390.0,0
2018-10-11,8,8.0,0.0,7.66667,100,66.5017,73.865,0.0,-56.0,390.0,0
2018-10-11,9,8.0,0.0,8.0,100,59.9383,66.565,0.0,-56.0,390.0,0
2018-10-11,10,8.16667,0.0,8.66667,85,58.815,66.9417,-3.06144,-55.391,390.0,0
2018-10-11,11,8.5,0.0,9.66667,71,61.37,62.28,-6.50556,-55.706,374.85,0
2018-10-11,12,9.0,0.0,11.1667,62,57.6767,58.7917,-10.3324,-48.9448,401.85,0
2018-10-11,13,9.66667,0.0,13.3333,53,56.295,53.7767,-14.5418,-51.1074,356.4,0
2018-10-11,14,10.5,0.0,15.3333,48,54.1833,42.8667,-19.134,-54.194,300.0,0
2018-10-11,15,11.3333,0.0,17.1667,47,52.2833,35.6783,-21.0474,-50.8134,288.0,0
2018-10-11,16,12.0,0.0,18.6667,48,51.7017,29.2467,-22.5781,-54.5089,250.92,0
2018-10-11,17,12.5,0.0,19.6667,52,57.9283,30.3067,-19.5167,-47.1179,286.7,0
2018-10-11,18,12.8333,0.0,19.8333,70,58.975,37.76,-14.9245,-49.0313,281.538,0
2018-10-11,19,12.8333,0.0,19.5,79,72.005,55.785,-9.94968,-50.0209,281.538,0
2018-10-11,20,12.6667,0.0,18.6667,86,68.7567,61.5367,-4.97484,-50.0104,291.877,0
2018-10-11,21,12.5,0.0,17.5,87,63.815,66.965,-4.97484,-62.0104,240.0,0
2018-10-11,22,12.1667,0.0,16.1667,87,71.9633,76.9433,-4.59216,-61.0866,249.508,0
2018-10-11,23,11.6667,0.0,14.8333,86,71.3117,76.345,-8.80164,-58.2492,269.077,0
2018-10-12,0,10.8333,0.0,13.6667,88,71.6217,70.525,-12.6284,-54.488,291.5,0
2018-10-12,1,10.1667,0.0,12.5,90,69.1617,68.0333,-15.6899,-49.8791,336.3,0
2018-10-12,2,9.33333,0.0,11.6667,92,66.4983,66.7167,-18.7513,-57.2701,311.1,0
2018-10-12,3,8.33333,0.0,10.8333,93,66.115,67.1717,-21.4301,-51.7373,369.6,0
2018-10-12,4,7.5,0.0,10.1667,94,64.5933,66.5517,-23.7262,-57.2806,360.0,0
2018-10-12,5,6.83333,0.0,9.5,95,63.375,63.8967,-21.4301,-51.7373,426.0,0
2018-10-12,6,6.5,0.0,8.66667,96,62.7533,63.5,-19.5167,-47.1179,488.52,0
2018-10-12,7,6.16667,0.0,8.16667,100,64.475,64.4533,-21.8128,-52.6612,464.28,0
2018-10-12,8,6.0,0.0,7.83333,100,67.8583,66.5017,-20.282,-48.9656,503.25,0
2018-10-12,9,6.0,0.0,8.16667,92,61.1267,59.9383,-21.4633,-45.8173,538.65,0
2018-10-12,10,6.16667,0.0,8.83333,73,61.6583,58.815,-25.7059,-50.0599,497.25,0
2018-10-12,11,6.33333,0.0,10.3333,60,59.575,61.37,-27.5942,-47.6186,498.343,0
2018-10-12,12,6.66667,0.0,12.5,50,55.0733,57.6767,-31.3827,-43.8302,480.0,0
2018-10-12,13,7.0,0.0,14.8333,46,49.0917,56.295,-34.1815,-35.8051,496.8,0
2018-10-12,14,7.16667,0.0,17.1667,46,43.99,54.1833,-39.2765,-33.3233,457.6,0
2018-10-12,15,7.33333,0.0,19.0,43,39.2783,52.2833,-43.4476,-30.4588,438.6,0
2018-10-12,16,7.16667,0.0,20.5,44,38.585,51.7017,-46.1013,-29.8653,420.0,0
2018-10-12,17,7.0,0.0,21.0,59,42.0317,57.9283,-46.1013,-29.8653,420.0,0
2018-10-12,18,6.66667,0.0,20.8333,83,44.6167,58.975,-44.1547,-31.1659,437.143,0
2018-10-12,19,6.33333,0.0,20.1667,84,63.155,72.005,-41.501,-31.7594,454.629,0
2018-10-12,20,6.16667,0.0,19.0,88,82.3717,68.7567,-37.3299,-34.6239,486.0,0
2018-10-12,21,6.0,0.0,17.5,91,89.05,63.815,-29.9389,-37.5625,520.8,0
2018-10-12,22,5.83333,0.0,15.6667,92,88.34,71.9633,-32.235,-43.1058,480.0,0
2018-10-12,23,5.66667,0.0,14.0,91,82.3233,71.3117,-26.7573,-44.6637,517.029,0
2018-10-13,0,5.5,0.0,12.5,94,78.7183,71.6217,-22.2036,-46.6044,555.429,1
2018-10-13,1,5.33333,0.0,11.1667,95,75.8267,69.1617,-19.1672,-46.274,583.0,1
2018-10-13,2,5.16667,0.0,10.0,96,73.5017,66.4983,-21.0806,-50.8934,540.0,1
2018-10-13,3,4.83333,0.0,9.16667,92,71.545,66.115,-18.7513,-51.2701,561.0,1
2018-10-13,4,4.66667,0.0,8.66667,89,70.1067,64.5933,-17.986,-49.4224,604.2,1
2018-10-13,5,4.5,0.0,8.33333,87,69.1583,63.375,-18.5183,-46.7075,649.0,1
2018-10-13,6,4.33333,0.0,8.0,90,68.9617,62.7533,-21.3468,-49.536,622.2,1
2018-10-13,7,4.16667,0.0,7.83333,98,67.5717,64.475,-21.8791,-46.8211,667.8,1
2018-10-13,8,4.0,0.0,8.0,100,68.205,67.8583,-24.7076,-43.6496,715.0,1
2018-10-13,9,4.33333,0.0,8.5,93,67.8967,61.1267,-27.536,-46.478,683.4,1
2018-10-13,10,4.83333,0.0,9.5,77,69.9167,61.6583,-29.4826,-45.1774,660.0,1
2018-10-13,11,5.5,0.0,11.0,62,71.6167,59.575,-30.6055,-40.8883,674.16,1
2018-10-13,12,6.33333,0.0,13.0,51,70.0967,55.0733,-34.349,-41.9258,600.0,1
2018-10-13,13,7.16667,0.0,15.1667,46,67.27,49.0917,-36.8862,-39.051,540.0,1
2018-10-13,14,8.0,0.0,17.3333,45,61.7367,43.99,-33.1427,-38.0135,492.9,1
2018-10-13,15,8.5,0.0,19.1667,43,57.6067,39.2783,-30.93,-40.6716,405.6,1
2018-10-13,16,8.83333,0.0,20.5,46,57.4783,38.585,-27.303,-41.9154,393.6,1
2018-10-13,17,9.0,0.0,21.0,53,56.6,42.0317,-25.7973,-45.2805,371.25,1
2018-10-13,18,9.16667,0.0,20.8333,76,68.5267,44.6167,-23.5846,-47.9386,366.667,1
2018-10-13,19,9.33333,0.0,20.1667,84,78.6017,63.155,-21.0474,-50.8134,352.8,1
2018-10-13,20,9.5,0.0,18.8333,94,85.405,82.3717,-17.6033,-52.4985,339.2,1
2018-10-13,21,9.5,0.0,17.3333,94,97.4217,89.05,-14.1592,-54.1836,325.867,1
2018-10-13,22,9.33333,0.0,15.6667,90,94.815,88.34,-10.715,-54.8686,325.867,1
2018-10-13,23,9.16667,0.0,14.1667,87,92.0017,82.3233,-7.27092,-54.5537,339.2,1
2018-10-14,0,8.83333,0.0,13.0,89,89.71,78.7183,-3.8268,-54.2388,363.0,1
2018-10-14,1,8.33333,0.0,11.8333,91,85.2767,75.8267,0.0,-53.0,389.88,1
2018-10-14,2,7.66667,0.0,11.0,93,83.9233,73.5017,-2.67876,-59.4672,360.0,1
2018-10-14,3,7.16667,0.0,10.3333,94,83.6783,71.545,-4.97484,-55.0104,414.72,1
2018-10-14,4,7.0,0.0,9.66667,93,82.2933,70.1067,-7.27092,-50.5537,463.6,1
2018-10-14,5,6.83333,0.0,9.16667,92,79.6683,69.1583,-9.94968,-57.0209,420.0,1
2018-10-14,6,6.66667,0.0,8.5,94,79.4583,68.9617,-12.6284,-54.488,436.05,1
2018-10-14,7,6.5,0.0,8.16667,100,78.125,67.5717,-15.3072,-52.9552,452.4,1
2018-10-14,8,6.5,0.0,8.0,100,78.2617,68.205,-17.6033,-50.4985,486.0,1
2018-10-14,9,6.5,0.0,8.16667,93,75.3567,67.8967,-19.8994,-48.0418,509.143,1
2018-10-14,10,6.5,0.0,9.0,75,76.7433,69.9167,-21.4633,-45.8173,517.0,1
2018-10-14,11,6.83333,0.0,10.3333,57,74.7717,71.6167,-24.1169,-45.2237,496.8,1
2018-10-14,12,7.5,0.0,12.3333,45,68.345,70.0967,-28.1849,-46.0445,454.629,1
2018-10-14,13,8.5,0.0,14.5,39,54.5767,67.27,-30.6055,-40.8883,443.143,1
2018-10-14,14,9.66667,0.0,16.8333,38,47.4117,61.7367,-34.116,-37.3632,385.0,1
2018-10-14,15,10.8333,0.0,19.0,39,41.835,57.6067,-36.7697,-36.7697,311.143,1
2018-10-14,16,11.6667,0.0,20.5,41,32.5767,57.4783,-41.0124,-41.0124,251.6,1
2018-10-14,17,12.1667,0.0,21.3333,45,29.4033,56.6,-43.1337,-43.1337,240.0,1
2018-10-14,18,12.1667,0.0,21.3333,63,33.995,68.5267,-43.8408,-43.8408,240.0,1
2018-10-14,19,11.8333,0.0,20.6667,67,45.0483,78.6017,-39.565,-45.5182,259.2,1
2018-10-14,20,11.1667,0.0,19.3333,73,55.4133,85.405,-34.1993,-45.5645,289.385,1
2018-10-14,21,10.3333,0.0,17.5,74,60.3383,97.4217,-28.451,-44.687,324.8,1
2018-10-14,22,9.66667,0.0,15.6667,71,61.7067,94.815,-31.5125,-52.0781,300.0,1
2018-10-14,23,8.83333,0.0,13.8333,69,64.4317,92.0017,-26.0886,-50.9838,345.6,1
2018-10-15,0,8.0,0.0,12.1667,71,66.4433,89.71,-20.282,-48.9656,398.618,0
2018-10-15,1,7.33333,0.0,10.6667,74,62.4883,85.2767,-24.5247,-53.2083,385.745,0
2018-10-15,2,6.83333,0.0,9.66667,75,59.4783,83.9233,-24.5579,-47.2883,443.52,0
2018-10-15,3,6.5,0.0,9.0,74,57.5467,83.6783,-28.8005,-51.5309,420.0,0
2018-10-15,4,6.16667,0.0,8.33333,74,56.6983,82.2933,-30.517,-44.5882,466.4,0
2018-10-15,5,6.0,0.0,7.83333,73,55.7,79.6683,-32.6162,-38.5694,503.25,0
2018-10-15,6,6.0,0.0,7.33333,76,57.6933,79.4583,-35.098,-33.4744,538.65,0
2018-10-15,7,6.0,0.0,7.16667,80,57.405,78.125,-39.3407,-37.7171,497.25,0
2018-10-15,8,6.0,0.0,7.16667,83,59.2767,78.2617,-40.5219,-34.5687,517.029,0
2018-10-15,9,6.0,0.0,7.5,71,54.8983,75.3567,-42.0858,-32.3442,520.0,0
2018-10-15,10,6.16667,0.0,8.5,61,55.1317,76.7433,-42.0858,-32.3442,520.0,0
2018-10-15,11,6.5,0.0,10.0,47,48.6333,74.7717,-42.7929,-33.0513,499.8,0
2018-10-15,12,7.0,0.0,12.1667,38,42.3467,68.345,-38.6638,-32.1694,517.0,0
2018-10-15,13,7.5,0.0,14.3333,34,35.775,54.5767,-39.4846,-36.2374,457.6,0
2018-10-15,14,8.0,0.0,16.5,34,32.9483,47.4117,-36.0626,-36.0626,451.0,0
2018-10-15,15,8.5,0.0,18.5,37,27.3367,41.835,-38.1839,-38.1839,395.2,0
2018-10-15,16,8.83333,0.0,19.8333,40,36.6167,32.5767,-36.0626,-36.0626,393.6,0
2018-10-15,17,8.83333,0.0,20.5,44,39.8933,29.4033,-34.557,-39.4278,371.25,0
2018-10-15,18,8.83333,0.0,20.1667,50,55.84,33.995,-31.9615,-41.1619,380.8,0
2018-10-15,19,8.83333,0.0,19.3333,51,76.5283,45.0483,-29.0416,-43.1129,380.8,0
2018-10-15,20,8.66667,0.0,17.8333,56,88.8983,55.4133,-26.1218,-45.0638,380.8,0
2018-10-15,21,8.5,0.0,15.8333,61,93.0417,60.3383,-22.8192,-46.0908,395.2,0
2018-10-15,22,8.16667,0.0,13.8333,66,88.3567,61.7067,-19.5167,-47.1179,409.867,0
2018-10-15,23,7.83333,0.0,11.8333,69,85.37,64.4317,-22.1954,-53.585,374.0,0
2018-10-16,0,7.33333,0.0,10.1667,72,84.3233,66.4433,-21.0474,-50.8134,405.45,0
2018-10-16,1,6.66667,0.0,8.66667,67,78.5517,62.4883,-22.2286,-47.665,448.0,0
2018-10-16,2,6.16667,0.0,7.5,74,75.2033,59.4783,-26.848,-49.5784,435.2,0
2018-10-16,3,5.5,0.0,6.83333,78,71.4017,57.5467,-28.0233,-43.1769,498.667,0
2018-10-16,4,5.0,0.0,6.33333,88,70.3633,56.6983,-24.0233,-43.1769,496.4,0
2018-10-16,5,4.66667,0.0,6.0,93,68.7733,55.7,-16.5792,-34.862,569.25,0
2018-10-16,6,4.33333,0.0,5.83333,93,69.4433,57.6933,-20.2747,-33.3313,558.45,0
2018-10-16,7,4.16667,0.0,5.83333,93,68.6533,57.405,-20.9088,-24.4095,635.25,0
2018-10-16,8,4.16667,0.0,6.33333,93,72.7333,59.2767,-24.6043,-22.8788,619.65,0
2018-10-16,9,4.33333,0.0,7.16667,84,74.0933,54.8983,-26.1623,-13.5743,663.257,0
2018-10-16,10,4.5,0.0,8.33333,65,70.82,55.1317,-28.1029,-5.19378,691.2,0
2018-10-16,11,4.83333,0.0,10.0,50,58.1083,48.6333,-29.3424,3.88505,715.0,0
2018-10-16,12,5.16667,0.0,12.1667,38,53.0683,42.3467,-29.3424,12.3704,699.84,0
2018-10-16,13,5.5,0.0,14.5,34,38.865,35.775,-30.2662,16.5798,674.16,0
2018-10-16,14,5.83333,0.0,16.6667,34,34.1167,32.9483,-19.6468,18.4932,627.3,0
2018-10-16,15,6.16667,0.0,18.3333,35,28.3383,27.3367,-34.114,15.8145,592.8,0
2018-10-16,16,6.5,0.0,19.5,39,35.7817,36.6167,-31.6727,7.80328,556.5,0
2018-10-16,17,6.66667,0.0,20.0,44,45.0367,39.8933,-32.927,1.32279,501.84,0
2018-10-16,18,6.83333,0.0,19.5,53,62.1333,55.84,-28.638,-7.45378,505.44,0
2018-10-16,19,7.0,0.0,18.6667,59,85.525,76.5283,-27.7812,-17.4565,477.0,0
2018-10-16,20,7.0,0.0,17.3333,67,93.4983,88.8983,-26.2173,-28.1663,457.6,0
2018-10-16,21,6.83333,0.0,15.6667,74,97.8133,93.0417,-23.3527,-36.9296,438.6,0
2018-10-16,22,6.5,0.0,14.0,78,95.2317,88.3567,-31.6488,-42.4728,454.629,0
2018-10-16,23,6.16667,0.0,12.3333,81,92.55,85.37,-28.7172,-43.3296,490.629,0
2018-10-17,0,5.66667,0.0,11.0,85,87.535,84.3233,-27.303,-41.9154,528.0,0
2018-10-17,1,5.16667,0.0,9.83333,88,83.6817,78.5517,-30.9985,-43.4461,517.029,0
2018-10-17,2,4.66667,0.0,8.83333,86,82.4683,75.2033,-29.7443,-40.0271,575.143,0
2018-10-17,3,4.33333,0.0,8.33333,75,80.3833,71.4017,-32.5727,-42.8555,559.543,0
2018-10-17,4,4.33333,0.0,7.83333,85,80.755,70.3633,-29.1537,-41.6013,620.229,0
2018-10-17,5,4.33333,0.0,7.66667,83,78.7583,68.7733,-28.3883,-39.7535,662.4,0
2018-10-17,6,4.5,0.0,7.66667,90,77.6483,69.4433,-30.3017,-44.3729,620.743,0
2018-10-17,7,4.66667,0.0,7.66667,98,75.125,68.6533,-29.5363,-42.5251,663.257,0
2018-10-17,8,4.83333,0.0,8.0,97,77.05,72.7333,-30.3931,-39.5935,691.2,0
2018-10-17,9,5.16667,0.0,8.5,84,68.7817,74.0933,-31.6326,-37.5858,699.84,0
2018-10-17,10,5.33333,0.0,9.66667,64,65.97,70.82,-32.3397,-38.2929,674.16,0
2018-10-17,11,5.83333,0.0,11.1667,51,65.2083,58.1083,-33.0468,-39.0,627.3,0
2018-10-17,12,6.33333,0.0,13.0,40,64.6067,53.0683,-31.3127,-41.5955,566.1,0
2018-10-17,13,6.83333,0.0,15.0,36,58.5667,38.865,-32.6104,-40.7284,524.16,0
2018-10-17,14,7.33333,0.0,17.0,37,57.0817,34.1167,-34.4405,-37.1465,505.44,0
2018-10-17,15,7.66667,0.0,18.6667,39,55.65,28.3383,-38.1839,-38.1839,440.64,0
2018-10-17,16,7.83333,0.0,19.6667,45,59.8633,35.7817,-34.1743,-38.5039,432.0,0
2018-10-17,17,7.66667,0.0,19.8333,51,79.7467,45.0367,-32.6104,-40.7284,413.4,0
2018-10-17,18,7.66667,0.0,19.5,58,81.1267,62.1333,-31.0465,-42.9529,421.2,0
2018-10-17,19,7.5,0.0,18.8333,62,90.4783,85.525,-25.3896,-45.296,421.2,0
2018-10-17,20,7.33333,0.0,17.8333,66,105.657,93.4983,-19.7327,-46.6391,437.25,0
2018-10-17,21,7.16667,0.0,16.5,68,107.3,97.8133,-14.0758,-47.9822,453.6,0
2018-10-17,22,7.16667,0.0,15.1667,69,109.785,95.2317,-8.41896,-49.3254,470.25,0
2018-10-17,23,7.0,0.0,14.0,70,104.712,92.55,-8.41896,-56.3254,420.0,0
2018-10-18,0,6.66667,0.0,13.0,74,93.5233,87.535,-5.35752,-54.9343,437.143,0
2018-10-18,1,6.33333,0.0,12.1667,77,89.2867,83.6817,-2.67876,-54.4672,454.629,0
2018-10-18,2,6.0,0.0,11.5,78,87.23,82.4683,0.0,-53.0,503.25,0
2018-10-18,3,5.5,0.0,11.1667,78,84.2367,80.3833,0.0,-58.0,480.0,0
2018-10-18,4,5.0,0.0,10.8333,81,81.905,80.755,1.53072,-53.6955,536.057,0
2018-10-18,5,4.66667,0.0,10.6667,81,78.94,78.7583,5.22624,-48.2262,595.2,0
2018-10-18,6,4.5,0.0,10.3333,83,79.63,77.6483,9.22624,-48.2262,579.429,0
2018-10-18,9,4.83333,0.0,10.0,78,76.32,68.7817,20.9167,-25.2417,620.743,0
2018-10-18,10,5.16667,0.0,10.6667,73,71.1267,65.97,25.1594,-13.9991,622.2,0
2018-10-18,12,6.33333,0.0,13.0,51,46.7718,64.6067,38.0937,8.35844,610.56,0
2018-10-18,13,7.0,0.0,14.6667,44,38.49,58.5667,43.954,20.1154,556.5,0
2018-10-18,14,7.66667,0.0,16.3333,44,33.45,57.0817,45.2585,21.6461,483.36,0
2018-10-18,15,8.0,0.0,17.6667,44,30.6067,55.65,46.1036,16.1972,440.64,0
2018-10-18,16,8.33333,0.0,18.6667,48,34.4467,59.8633,49.9591,9.60018,395.2,0
2018-10-18,18,8.0,0.0,18.8333,67,90.9917,81.1267,54.0313,-2.67876,374.85,0
2018-10-18,19,7.66667,0.0,18.1667,73,87.2883,90.4783,51.59,-10.69,390.0,0
2018-10-18,20,7.16667,0.0,17.1667,81,86.275,105.657,49.1488,-18.7012,417.6,0
2018-10-18,21,6.83333,0.0,15.8333,87,79.4517,107.3,44.3914,-22.9438,463.6,0
2018-10-18,22,6.5,0.0,14.3333,89,76.125,109.785,50.3914,-22.9438,435.2,0
2018-10-18,23,6.33333,0.0,13.1667,87,73.8533,104.712,46.9347,-20.6478,469.05,0
2018-10-19,0,6.16667,0.0,12.3333,88,72.7583,93.5233,43.7863,-13.3437,503.25,0
2018-10-19,1,6.0,0.0,11.5,90,67.5833,89.2867,40.638,-6.03956,528.0,0
2018-10-19,2,6.0,0.0,10.8333,93,65.8133,87.23,44.8806,-1.7969,480.0,0
2018-10-19,3,6.16667,0.0,10.5,89,65.835,84.2367,42.6561,5.12452,498.343,0
2018-10-19,9,7.0,0.0,10.0,92,79.805,76.32,38.1839,38.1839,457.6,0
2018-10-19,10,7.33333,0.0,10.3333,71,82.6167,71.1267,38.891,38.891,438.6,0
2018-10-19,12,8.5,0.0,12.0,55,84.4833,46.7718,38.1839,38.1839,408.857,0
2018-10-19,13,9.16667,0.0,13.0,49,84.4717,38.49,36.0626,36.0626,393.6,0
2018-10-19,14,10.0,0.0,14.1667,45,82.755,33.45,38.891,38.891,329.829,0
2018-10-19,15,10.8333,0.0,15.3333,44,80.8433,30.6067,40.0781,33.5837,313.6,0
2018-10-19,16,11.3333,0.0,16.1667,45,83.5767,34.4467,44.8006,31.8118,285.12,0
2018-10-19,18,11.5,0.0,16.3333,71,90.355,90.9917,51.2006,25.7642,271.745,0
2018-10-19,19,11.3333,0.0,15.8333,80,90.8517,87.2883,53.585,22.1954,280.8,0
2018-10-19,20,10.8333,0.0,15.0,85,83.4817,86.275,51.7373,21.4301,302.4,0
2018-10-19,21,10.3333,0.0,13.8333,85,79.5417,79.4517,48.9656,20.282,336.3,0
2018-10-19,22,9.83333,0.0,12.6667,85,78.4567,76.125,57.2806,23.7262,300.0,0
2018-10-19,23,9.5,0.0,11.6667,85,70.7183,73.8533,54.5089,22.5781,323.345,0
2018-10-20,0,9.16667,0.0,10.5,87,66.12,72.7583,52.6612,21.8128,347.564,1
2018-10-20,1,9.0,0.0,9.66667,88,65.61,67.5833,50.8134,21.0474,363.0,1
2018-10-20,2,9.0,0.0,8.83333,89,65.0717,65.8133,49.8895,20.6647,366.667,1
2018-10-20,3,9.0,0.0,8.5,80,65.2317,65.835,49.8895,20.6647,366.667,1
2018-10-20,8,7.66667,0.0,8.83333,89,66.765,77.7683,46.1581,31.5457,388.267,1
2018-10-20,9,7.33333,0.28,9.0,81,74.4033,79.805,42.7929,33.0513,417.6,1
2018-10-20,10,7.16667,0.28,9.5,72,66.49,82.6167,40.9451,32.2859,448.0,1
2018-10-20,11,7.0,0.28,10.0,64,66.4783,82.165,37.58,33.7916,470.25,1
2018-10-20,12,7.16667,0.79,10.6667,56,69.3483,84.4833,42.5298,38.7414,420.0,1
2018-10-20,13,7.33333,1.27,11.5,52,65.7283,84.4717,42.5298,38.7414,420.0,1
2018-10-20,14,7.5,1.75,12.3333,60,68.665,82.755,37.58,33.7916,460.8,1
2018-10-20,15,8.0,1.47,12.8333,69,72.5683,80.8433,38.2871,36.2329,443.143,1
2018-10-20,16,8.83333,1.95,13.0,76,79.275,83.5767,40.4084,38.3542,392.229,1
2018-10-20,17,9.83333,1.95,12.6667,75,74.84,88.1433,37.4768,39.211,361.029,1
2018-10-20,18,10.5,1.92,12.0,77,59.47,90.355,38.8806,33.5792,333.45,1
2018-10-20,19,11.0,1.44,11.1667,73,55.8467,90.8517,44.3103,32.5145,278.25,1
2018-10-20,20,11.3333,1.98,10.1667,68,55.3467,83.4817,46.4316,32.9016,262.08,1
2018-10-20,21,11.5,3.0,9.16667,65,52.6133,79.5417,46.4316,32.9016,280.8,1
2018-10-20,22,11.6667,2.52,8.33333,63,51.4033,78.4567,45.7245,32.1945,299.815,1
2018-10-20,23,11.6667,3.54,7.66667,63,47.4717,70.7183,45.7245,32.1945,291.5,1
2018-10-21,0,11.8333,3.06,7.0,69,44.9183,66.12,46.6484,32.5772,271.745,1
2018-10-21,1,12.1667,3.06,6.33333,71,44.0317,65.61,50.8806,29.7738,240.0,1
2018-10-21,2,12.6667,2.04,5.66667,75,44.5,65.0717,48.0418,19.8994,281.538,1
2018-10-21,3,12.8333,1.02,5.33333,75,43.4517,65.2317,48.0418,19.8994,281.538,1
2018-10-21,4,12.5,1.02,5.0,77,40.7367,64.635,47.1179,19.5167,291.877,1
2018-10-21,5,12.0,0.0,4.83333,80,39.2067,63.7133,58.1179,19.5167,249.508,1
2018-10-21,6,11.6667,0.0,5.0,83,38.8833,63.5733,56.1074,14.5418,279.138,1
2018-10-21,7,11.5,0.0,5.16667,84,34.3783,63.6017,54.2597,5.35752,299.815,1
2018-10-21,8,11.5,0.0,5.66667,83,32.3667,66.765,53.3358,-4.20948,302.4,1
2018-10-21,9,11.6667,0.0,6.0,78,38.3967,74.4033,54.2597,-13.7765,282.764,1
2018-10-21,10,12.1667,0.0,6.5,81,40.6383,66.49,52.4521,-22.9689,250.92,1
2018-10-21,11,12.6667,0.0,7.16667,72,40.67,66.4783,45.2237,-24.1169,276.0,1
2018-10-21,12,13.0,0.0,7.83333,63,40.5983,69.3483,43.3296,-28.7172,271.385,1
2018-10-21,13,13.0,0.0,8.66667,53,39.8617,65.7283,40.5116,-32.9348,271.385,1
2018-10-21,14,12.8333,0.0,9.5,49,41.9167,68.665,39.8045,-32.2277,286.971,1
2018-10-21,15,12.5,0.0,10.3333,47,45.0117,72.5683,48.2898,-40.713,240.0,1
2018-10-21,16,12.0,0.0,10.8333,49,47.88,79.275,43.1337,-43.1337,259.2,1
2018-10-21,17,11.5,0.0,11.0,53,55.2983,74.84,41.7195,-41.7195,279.138,1
2018-10-21,18,10.8333,0.0,11.0,64,67.2383,59.47,41.7659,-36.3539,302.4,1
2018-10-21,19,10.1667,0.0,10.6667,71,80.4083,55.8467,41.5955,-31.3127,336.3,1
2018-10-21,20,9.33333,0.0,10.0,75,81.7033,55.3467,47.2523,-36.9695,311.1,1
2018-10-21,21,8.66667,0.0,9.16667,76,84.5233,52.6133,43.7168,-33.434,360.0,1
2018-10-21,22,8.0,0.0,8.33333,76,81.5967,51.4033,40.8883,-30.6055,411.927,1
2018-10-21,23,7.33333,0.0,7.5,77,79.5583,47.4717,45.8381,-35.5553,385.745,1
2018-10-22,0,6.66667,0.0,6.5,82,76.84,44.9183,42.3026,-32.0198,443.52,0
2018-10-22,1,6.16667,0.0,5.66667,88,76.3017,44.0317,44.216,-36.6392,434.52,0
2018-10-22,2,5.66667,0.0,4.83333,92,72.1533,44.5,38.5127,-36.3479,498.667,0
2018-10-22,3,5.0,0.0,4.16667,91,68.32,43.4517,41.3412,-39.1764,496.4,0
2018-10-22,4,4.16667,0.0,3.66667,90,64.3417,40.7367,34.1743,-38.5039,588.0,0
2018-10-22,5,3.5,0.0,3.33333,91,62.1233,39.2067,34.9396,-40.3516,615.6,0
2018-10-22,6,3.0,0.0,3.16667,94,62.2283,38.8833,34.9396,-42.3516,639.6,0
2018-10-22,7,2.66667,0.0,2.83333,94,61.4833,34.3783,33.5254,-43.7659,660.0,0
2018-10-22,8,2.5,0.0,2.66667,94,69.7917,32.3667,30.8685,-38.109,749.829,0
2018-10-22,9,2.66667,0.0,2.83333,89,67.315,38.3967,33.8685,-38.109,743.143,0
2018-10-22,10,3.0,0.0,3.33333,86,58.605,40.6383,25.2232,-31.6285,814.629,0
2018-10-22,11,3.5,0.0,4.33333,69,59.8533,40.67,22.3948,-28.8,780.0,0
2018-10-22,12,4.33333,0.0,5.5,59,61.3467,40.5983,13.9095,-20.3147,829.029,0
2018-10-22,13,5.16667,0.0,7.0,53,59.6517,39.8617,6.28096,-8.8978,805.8,0
2018-10-22,14,6.16667,0.0,8.66667,51,57.9317,41.9167,-2.93654,7.3553,801.36,0
2018-10-22,15,6.83333,0.0,10.0,50,57.235,45.0117,-9.30053,22.7193,693.6,0
2018-10-22,16,7.5,0.0,11.0,50,57.4017,47.88,-9.79971,38.7529,540.8,0
2018-10-22,17,8.0,0.0,11.3333,60,63.9883,55.2983,-10.1428,46.1439,443.7,0
2018-10-22,18,8.33333,0.0,11.3333,69,70.5017,67.2383,2.03801,49.1758,399.36,0
2018-10-22,19,8.5,0.0,10.8333,83,80.1817,80.4083,11.9375,53.9552,360.0,0
2018-10-22,20,8.5,0.0,10.0,93,90.465,81.7033,24.0417,48.4119,409.867,0
2018-10-22,21,8.83333,0.66,9.16667,88,94.5983,84.5233,30.4057,47.7268,401.85,0
2018-10-22,22,9.33333,0.66,8.5,78,89.6317,81.5967,37.4768,48.9656,371.25,0
2018-10-22,23,10.0,1.32,8.0,77,68.7417,79.5583,39.5982,51.7373,327.6,0
2018-10-23,0,10.6667,1.32,7.5,81,64.63,76.84,36.0626,47.1179,340.267,0
2018-10-23,1,11.5,1.8,7.33333,79,39.765,76.3017,38.891,50.8134,288.0,0
2018-10-23,2,12.3333,1.8,7.5,89,25.845,72.1533,42.4266,52.398,240.0,0
2018-10-23,3,13.0,1.14,7.5,89,24.415,68.32,37.4768,42.8961,265.5,0
2018-10-23,4,13.1667,1.14,7.0,90,23.7733,64.3417,38.891,41.7091,251.631,0
2018-10-23,5,13.0,0.48,6.33333,88,28.1933,62.1233,38.1839,38.1839,267.429,0
2018-10-23,6,12.8333,0.48,5.66667,85,26.525,62.2283,36.0626,36.0626,297.0,0
2018-10-23,7,12.8333,0.76,5.16667,84,42.4217,61.4833,44.5479,47.1492,249.171,0
2018-10-23,8,13.6667,0.76,4.5,83,52.83,69.7917,44.5479,50.1839,249.171,0
2018-10-23,9,14.6667,0.76,4.16667,77,51.0783,67.315,39.5982,45.2342,228.0,0
2018-10-23,10,16.3333,0.76,4.33333,70,49.7267,58.605,37.4768,40.5116,203.914,0
2018-10-23,11,18.5,1.5,4.83333,63,41.765,59.8533,43.1337,43.1337,168.505,0
2018-10-23,12,20.6667,2.24,5.66667,59,36.2317,61.3467,46.6693,46.6693,142.56,0
2018-10-23,13,22.8333,1.48,6.33333,57,37.655,59.6517,50.2048,55.6241,125.182,0
2018-10-23,14,25.0,2.67,7.16667,59,34.5517,57.9317,36.7697,48.0418,168.192,0
2018-10-23,15,26.8333,3.86,7.66667,66,36.2383,57.235,19.092,56.9448,136.0,0
2018-10-23,16,27.8333,5.05,7.83333,71,30.415,57.4017,0.0,63.0,131.962,0
2018-10-23,17,28.6667,5.5,7.83333,74,34.23,63.9883,0.0,59.0,147.716,0
2018-10-23,18,29.8333,4.76,7.66667,77,36.8033,70.5017,-11.0977,54.7925,149.1,0
2018-10-23,19,31.3333,7.45,7.5,77,40.7933,80.1817,-23.3435,56.3567,132.248,0
2018-10-23,20,32.5,11.64,7.16667,78,46.59,90.465,-26.0222,62.8238,110.4,0
2018-10-23,21,34.5,13.14,7.16667,79,45.9217,94.5983,-28.701,69.291,95.5667,0
2018-10-23,22,37.5,11.95,7.33333,80,32.1417,89.6317,-31.3798,75.7582,80.6769,0
2018-10-23,23,40.8333,13.45,7.5,81,20.4617,68.7417,-34.0585,82.2253,70.8279,0
2018-10-24,0,44.1667,13.45,7.66667,81,15.255,64.63,-36.3546,87.7686,62.5304,0
2018-10-24,1,47.0,11.85,7.83333,77,7.14667,39.765,-19.8994,48.0418,115.385,0
2018-10-24,2,49.3333,6.47,8.0,74,2.79,25.845,-20.282,48.9656,113.208,0
2018-10-24,3,50.6667,4.87,8.0,72,2.85667,24.415,-20.282,48.9656,113.208,0
2018-10-24,4,51.0,4.87,7.83333,73,4.15167,23.7733,0.0,51.0,117.647,0
2018-10-24,5,50.6667,2.18,7.5,74,2.47,28.1933,33.9413,95.3462,64.8471,0
2018-10-24,6,49.8333,2.18,7.16667,76,2.58,26.525,67.1754,87.7686,67.575,0
2018-10-24,7,48.8333,1.09,6.66667,78,3.91833,42.4217,66.4683,86.8447,67.6596,0
2018-10-24,8,47.6667,1.6,6.0,76,4.31,52.83,66.4683,86.8447,67.6596,0
2018-10-24,9,46.6667,0.51,5.5,66,5.89,51.0783,65.7612,85.9208,70.3149,0
2018-10-24,10,46.1667,0.51,5.33333,68,9.36667,49.7267,64.347,74.3184,73.1739,0
2018-10-24,11,46.5,0.51,5.33333,63,5.69833,41.765,63.6399,63.6399,73.3333,0
2018-10-24,12,47.1667,0.51,5.5,55,6.15,36.2317,66.4683,66.4683,62.56,0
2018-10-24,13,47.8333,0.51,6.0,48,5.73,37.655,36.0626,36.0626,117.647,0
2018-10-24,14,48.8333,0.0,6.66667,44,4.72,34.5517,36.0626,36.0626,117.647,0
2018-10-24,15,49.5,0.0,7.0,39,3.87833,36.2383,36.7697,36.7697,115.385,0
2018-10-24,16,49.5,0.0,7.16667,37,5.04833,30.415,71.4181,71.4181,62.3769,0
2018-10-24,17,48.1667,0.0,7.33333,40,9.26,34.23,66.4683,66.4683,72.7347,0
2018-10-24,18,45.5,0.0,7.16667,49,14.68,36.8033,60.8115,60.8115,84.96,0
2018-10-24,19,41.8333,0.0,6.66667,52,18.8333,40.7933,53.7404,53.7404,106.537,0
2018-10-24,20,37.5,0.0,6.16667,53,15.5033,46.59,45.255,45.255,136.32,0
2018-10-24,21,33.0,0.0,5.66667,53,16.7333,45.9217,38.891,38.891,162.29,0
2018-10-24,22,29.5,0.0,5.0,53,19.2933,32.1417,54.4475,54.4475,129.103,0
2018-10-24,23,26.6667,0.0,4.33333,52,13.7267,20.4617,50.9119,50.9119,139.569,0
2018-10-25,0,24.6667,0.0,3.83333,54,11.27,15.255,49.4977,49.4977,130.473,0
2018-10-25,1,23.3333,0.0,3.33333,56,12.1683,7.14667,50.2048,50.2048,135.15,0
2018-10-25,2,22.1667,0.0,2.83333,58,11.9433,2.79,48.0835,48.0835,151.2,0
2018-10-25,3,21.5,0.0,2.5,61,14.7867,2.85667,44.5479,48.6666,175.304,0
2018-10-25,4,20.3333,0.0,2.16667,62,26.9817,4.15167,41.0124,49.0329,198.0,0
2018-10-25,5,19.0,0.0,1.83333,64,39.94,2.47,38.1839,49.8895,217.579,0
2018-10-25,6,17.8333,0.0,1.5,65,44.2067,2.58,24.7488,48.3358,236.733,0
2018-10-25,7,17.0,0.0,1.5,66,34.7967,3.91833,24.7488,64.3358,187.0,0
2018-10-25,8,16.5,0.0,1.66667,68,43.8483,4.31,12.0209,63.706,194.541,0
2018-10-25,9,16.5,0.0,2.0,73,30.345,5.89,0.0,64.0,195.0,0
2018-10-25,10,17.5,0.0,2.66667,81,33.025,9.36667,-6.88824,64.6298,180.0,0
2018-10-25,11,19.3333,0.86,3.5,84,25.8133,5.69833,-15.6899,53.8791,181.425,0
2018-10-25,12,21.6667,0.86,4.5,87,32.72,6.15,-26.0222,62.8238,120.0,0
2018-10-25,13,24.3333,1.62,5.66667,86,32.575,5.73,-10.3324,54.9448,146.222,0
2018-10-25,14,27.0,1.62,6.83333,85,28.3083,4.72,0.0,62.0,130.56,0
2018-10-25,15,29.1667,1.62,8.0,83,37.6933,3.87833,22.6275,61.5642,127.5,0
2018-10-25,16,30.3333,1.62,9.0,81,29.7783,5.04833,44.5479,58.2044,131.962,0
2018-10-25,17,30.6667,0.76,9.66667,77,23.4067,9.26,43.1337,56.3567,138.194,0
2018-10-25,18,30.3333,0.76,10.1667,78,32.9683,14.68,41.7195,54.5089,144.84,0
2018-10-25,19,29.5,0.48,10.1667,78,31.8617,18.8333,40.3053,52.6612,151.945,0
2018-10-25,20,28.5,0.48,10.0,77,23.4633,15.5033,38.891,50.8134,159.557,0
2018-10-25,21,27.3333,0.48,9.5,73,26.8517,16.7333,37.4768,48.9656,167.733,0
2018-10-25,22,26.0,0.48,8.83333,68,21.6833,19.2933,54.4475,71.1388,120.0,0
2018-10-25,23,24.5,0.48,8.33333,64,27.155,13.7267,50.9119,66.5194,139.569,0
