data,timeofday,windspeed6,opady6,temp6,rhumid,index_avg,prev_index_avg,wind_dir_ns,wind_dir_ew,dispel50,is_weekend
2017-11-01,16,19.5,0.96,7.66667,84,46.27,25.02,-21.8128,52.6612,200.34,1
2017-11-03,7,13.0,0.51,8.0,85,38.08,33.28,0.0,54.0,255.2,0
2017-11-03,8,13.1667,0.99,8.0,84,34.05,34.62,0.0,55.0,264.0,0
2017-11-03,10,13.3333,0.99,8.33333,83,28.98,33.28,9.89954,51.9343,277.114,0
2017-11-03,11,13.5,0.48,8.66667,79,27.45,34.62,19.7991,50.8686,271.385,0
2017-11-04,4,6.66667,0.0,6.16667,93,31.68,38.08,-3.32762,50.3914,435.2,1
2017-11-04,6,6.66667,0.0,5.5,100,37.08,34.055,-27.4725,41.3901,472.457,1
2017-11-04,7,6.5,0.0,5.16667,100,28.35,38.08,-33.0158,36.6862,503.25,1
2017-11-04,8,6.16667,0.0,5.0,97,31.65,34.05,-34.9292,41.3056,480.0,1
2017-11-04,9,6.5,0.0,5.16667,87,35.33,32.93,-39.5486,35.219,480.0,1
2017-11-04,10,7.0,0.0,5.83333,75,26.02,28.98,-41.7075,29.8011,490.629,1
2017-11-04,11,7.33333,0.0,6.66667,71,27.025,27.45,-26.7577,24.8513,437.143,1
2017-11-04,12,8.16667,0.0,7.66667,67,35.33,26.7,-6.34077,17.2228,460.8,1
2017-11-04,13,9.33333,0.0,8.83333,67,34.155,28.7,9.609,12.273,377.4,1
2017-11-04,14,10.8333,0.0,9.83333,69,29.68,32.7867,33.6851,3.44412,340.267,1
2017-11-04,15,11.3333,0.0,10.3333,77,30.23,26.73,56.0,0.0,285.12,1
2017-11-04,16,11.3333,0.0,10.3333,82,30.83,40.0467,58.0,0.0,251.6,1
2017-11-04,17,11.5,0.0,10.0,88,62.625,43.22,59.0,0.0,260.945,1
2017-11-04,18,11.0,0.0,9.33333,89,67.3,45.42,38.7612,-3.8268,280.8,1
2017-11-04,19,10.3333,0.0,8.5,88,76.45,52.14,34.7612,-3.8268,339.429,1
2017-11-04,20,9.5,0.0,7.66667,85,79.2,53.78,27.3702,-6.88824,320.914,1
2017-11-04,21,9.0,0.0,7.0,81,56.775,33.72,5.05524,-10.3324,357.5,1
2017-11-04,22,9.16667,0.0,6.33333,78,49.67,43.13,-15.2597,-13.7765,376.32,1
2017-11-05,1,10.0,0.0,5.33333,74,49.67,39.3133,-47.1179,-19.5167,340.267,1
2017-11-05,3,10.0,0.0,5.0,71,35.35,33.6267,-29.803,-16.0726,353.455,1
2017-11-05,4,9.66667,0.0,5.0,71,30.465,31.68,-38.1179,-19.5167,311.564,1
2017-11-05,5,9.33333,0.0,4.83333,77,31.32,32.385,-18.9552,-15.3072,324.48,1
2017-11-05,6,8.66667,0.0,4.66667,84,30.31,37.08,-1.7164,-11.4804,369.6,1
2017-11-05,7,8.5,0.0,4.5,86,27.55,28.35,17.3702,-6.88824,395.2,1
2017-11-05,8,8.5,0.0,4.5,83,27.77,31.65,33.6851,-3.44412,409.867,1
2017-11-05,9,9.16667,0.0,4.83333,74,31.87,35.33,33.6851,-3.44412,409.867,1
2017-11-05,10,9.66667,0.0,5.5,72,32.035,26.02,55.0,0.0,352.8,1
2017-11-05,11,11.0,0.0,6.5,67,28.47,27.025,58.0,0.0,300.0,1
2017-11-05,12,12.3333,0.0,7.66667,65,35.515,35.33,27.2179,-6.12288,240.0,1
2017-11-05,13,13.6667,0.0,8.83333,66,34.95,34.155,-4.56416,-12.2458,232.615,1
2017-11-05,14,14.5,0.0,10.0,65,40.83,29.68,-32.3462,-18.3686,197.6,1
2017-11-05,15,14.8333,0.0,10.6667,69,37.88,30.23,-57.2806,-23.7262,210.6,1
2017-11-05,16,15.1667,0.0,10.8333,75,46.945,30.83,-56.3567,-23.3435,218.625,1
2017-11-05,17,14.8333,0.0,10.6667,77,46.23,62.625,-54.5089,-22.5781,235.125,1
2017-11-05,18,14.6667,0.0,10.3333,76,48.47,67.3,-52.6612,-21.8128,239.4,1
2017-11-05,19,14.1667,0.0,10.0,75,49.12,76.45,-53.585,-22.1954,237.12,1
2017-11-05,20,14.1667,0.0,9.33333,74,53.4,79.2,-51.7373,-21.4301,248.571,1
2017-11-05,21,13.6667,0.0,8.83333,76,50.36,56.775,-51.7373,-21.4301,248.571,1
2017-11-05,22,13.0,0.0,8.33333,76,47.85,49.67,-49.8895,-20.6647,273.28,1
2017-11-06,0,11.3333,0.0,7.5,80,45.6,35.35,-55.4328,-22.9608,269.077,0
2017-11-06,1,10.1667,0.0,7.0,81,47.85,49.67,-50.8134,-21.0474,328.714,0
2017-11-06,2,9.16667,0.0,6.66667,84,46.88,31.32,-55.0561,-25.2901,331.629,0
2017-11-06,3,8.5,0.0,6.33333,84,45.6,35.35,-47.7786,-25.5894,381.9,0
2017-11-06,4,8.0,0.0,6.16667,86,49.475,30.465,-44.0831,-24.0587,417.72,0
2017-11-06,5,7.33333,0.0,6.0,87,46.88,31.32,-50.5503,-26.7375,386.88,0
2017-11-06,6,7.0,0.0,5.83333,90,52.95,30.31,-34.3115,-22.9107,439.855,0
2017-11-06,7,7.0,0.0,5.5,93,53.27,27.55,-28.3115,-22.9107,420.0,0
2017-11-06,8,6.66667,0.0,5.5,89,58.345,27.77,-23.6921,-16.4051,452.4,0
2017-11-06,9,6.5,0.0,6.0,79,54.29,31.87,-21.8443,-11.0476,457.6,0
2017-11-06,10,6.83333,0.0,6.83333,64,56.385,32.035,-24.0688,-4.12616,469.05,0
2017-11-06,11,7.0,0.0,7.83333,58,57.08,28.47,-24.7759,7.89471,452.4,0
2017-11-06,12,7.16667,0.0,9.16667,56,56.11,35.515,-24.7759,14.0176,437.143,0
2017-11-06,13,7.33333,0.0,10.6667,58,54.57,34.95,-24.7759,19.3751,437.143,0
2017-11-06,14,7.33333,0.0,11.8333,59,57.34,40.83,-38.2431,22.0539,420.0,0
2017-11-06,15,7.16667,0.0,12.3333,63,58.6,37.88,-48.4857,26.2965,420.0,0
2017-11-06,16,6.66667,0.0,12.1667,72,87.325,46.945,-42.9424,30.0005,420.0,0
2017-11-06,17,6.5,0.0,11.6667,97,102.22,46.23,-33.1565,33.2477,437.143,0
2017-11-06,19,6.5,0.0,10.1667,93,93.43,49.12,-10.4258,37.1392,486.0,0
2017-11-06,20,6.66667,0.0,9.16667,90,73.33,53.4,1.91499,40.5449,490.629,0
2017-11-06,21,6.83333,0.0,8.5,84,79.4,50.36,13.3319,42.8159,490.629,0
2017-11-06,22,6.83333,0.0,8.0,80,63.27,47.85,24.7488,45.087,477.0,0
2017-11-07,0,7.16667,0.0,7.33333,78,57.22,45.6,42.8497,40.5845,420.0,0
2017-11-07,1,7.0,0.0,7.16667,77,63.27,47.85,45.607,35.0412,420.0,0
2017-11-07,2,6.66667,0.0,7.16667,79,58.01,46.88,46.6573,28.5741,437.143,0
2017-11-07,3,6.5,0.0,7.0,79,57.22,45.6,46.7075,22.1069,472.457,0
2017-11-07,4,6.66667,0.0,6.83333,83,59.525,49.475,47.7577,15.6397,490.629,0
2017-11-07,5,6.33333,0.0,6.83333,81,58.01,46.88,49.2751,8.01121,490.629,0
2017-11-07,6,6.16667,0.0,6.83333,75,62.075,52.95,50.7925,0.38268,477.0,0
2017-11-07,7,6.33333,0.0,6.83333,77,61.91,53.27,49.4919,-6.15606,515.2,0
2017-11-07,8,6.66667,0.0,6.83333,78,69.08,58.345,43.8557,-16.0673,528.0,0
2017-11-07,9,6.83333,0.0,7.0,75,63.24,54.29,41.8055,-21.0171,517.0,0
2017-11-07,10,7.33333,0.0,7.33333,72,66.14,56.385,42.2727,-23.6959,483.36,0
2017-11-07,11,8.16667,0.0,7.66667,70,76.26,57.08,35.0995,-32.9347,460.8,0
2017-11-07,12,9.5,0.0,8.0,69,67.79,56.11,33.2245,-41.3425,375.943,0
2017-11-07,13,10.5,0.0,8.33333,71,66.52,54.57,27.8722,-47.3554,300.0,0
2017-11-07,14,11.1667,0.0,8.66667,68,63.075,57.34,25.2185,-47.9489,253.543,0
2017-11-07,15,11.6667,0.0,8.66667,69,58.65,58.6,18.7513,-56.2701,240.0,0
2017-11-07,16,12.0,0.0,8.66667,63,63.21,87.325,14.9245,-57.0313,260.0,0
2017-11-07,17,12.3333,0.0,8.33333,63,63.72,102.22,10.3324,-57.9448,277.714,0
2017-11-07,19,13.0,0.23,7.66667,62,63.63,93.43,-5.35752,-49.9343,276.12,0
2017-11-07,20,13.3333,0.23,7.16667,63,53.7,73.33,-5.35752,-55.9343,225.5,0
2017-11-07,21,13.5,0.23,6.66667,65,43.37,79.4,-10.3324,-55.9448,230.4,0
2017-11-07,22,13.3333,0.23,6.16667,65,31.3,63.27,-9.18432,-53.1731,264.0,0
2017-11-08,1,12.1667,0.0,4.5,66,32.3767,63.27,-23.3435,-56.3567,259.2,0
2017-11-08,3,12.5,0.0,4.0,57,34.1933,57.22,-23.3435,-56.3567,240.0,0
2017-11-08,4,12.5,0.0,3.66667,56,34.53,59.525,-19.5167,-47.1179,291.877,0
2017-11-08,5,12.1667,0.0,3.5,56,37.04,58.01,-23.7262,-57.2806,249.508,0
2017-11-08,6,12.5,0.0,3.33333,55,36.28,62.075,-22.9608,-55.4328,260.0,0
2017-11-08,7,12.5,0.0,3.16667,55,44.905,61.91,-19.5167,-47.1179,297.0,0
2017-11-08,8,13.3333,0.0,3.0,57,38.65,69.08,-24.1088,-58.2044,249.171,0
2017-11-08,9,13.8333,0.0,3.16667,57,49.87,63.24,-21.0474,-50.8134,238.255,0
2017-11-08,10,14.6667,0.0,3.5,70,54.68,66.14,-23.3435,-56.3567,211.68,0
2017-11-08,11,16.3333,0.0,4.0,67,55.385,76.26,-23.7262,-57.2806,180.0,0
2017-11-08,12,17.1667,0.0,4.66667,65,54.01,67.79,-20.6647,-49.8895,209.012,0
2017-11-08,13,18.3333,0.0,5.66667,65,55.07,66.52,-21.8128,-52.6612,181.425,0
2017-11-08,14,18.1667,0.0,6.5,64,54.58,63.075,-22.9608,-55.4328,184.743,0
2017-11-08,15,17.8333,0.0,6.83333,67,55.94,58.65,-21.0474,-50.8134,214.5,0
2017-11-08,16,17.5,0.0,7.0,71,56.55,63.21,-26.7876,-64.6716,180.0,0
2017-11-08,17,15.8333,0.0,6.83333,74,62.245,63.72,-24.4915,-59.1283,215.368,0
2017-11-08,18,14.3333,0.0,6.5,75,55.79,54.16,-21.4301,-51.7373,261.0,0
2017-11-08,19,12.8333,0.0,6.0,76,57.75,63.63,-19.5167,-47.1179,302.08,0
2017-11-08,20,12.0,0.0,5.5,78,64.15,53.7,-23.3435,-56.3567,276.48,0
2017-11-08,22,11.0,0.0,4.66667,83,50.55,31.3,-12.2458,-52.5642,305.455,0
2017-11-09,1,10.0,0.0,3.66667,86,50.55,32.3767,-3.8268,-51.2388,341.127,0
2017-11-09,3,8.66667,0.0,3.16667,83,41.92,34.1933,-3.8268,-55.2388,369.6,0
2017-11-09,4,8.16667,0.0,3.0,83,38.235,34.53,-6.88824,-50.6298,411.927,0
2017-11-09,5,7.66667,0.0,2.83333,83,38.02,37.04,-9.94968,-58.0209,372.764,0
2017-11-09,6,7.66667,0.0,2.66667,84,46.185,36.28,-12.6284,-53.488,414.72,0
2017-11-09,7,7.16667,0.0,2.66667,76,36.57,44.905,-11.8631,-51.6403,421.2,0
2017-11-09,8,7.33333,0.0,2.83333,78,45.23,38.65,-16.4825,-45.5537,470.25,0
2017-11-09,9,7.33333,0.0,3.16667,76,55.79,49.87,-19.5439,-44.9447,460.8,0
2017-11-09,10,7.33333,0.0,3.66667,82,51.89,54.68,-25.2008,-43.6016,453.6,0
2017-11-09,11,7.66667,0.0,4.5,76,46.9633,55.385,-29.5304,-33.1491,453.6,0
2017-11-09,12,7.5,0.0,5.5,71,53.06,54.01,-17.469,-25.7581,425.829,0
2017-11-09,13,8.0,0.0,6.5,70,57.53,55.07,-21.2574,-21.9697,437.25,0
2017-11-09,14,7.66667,0.0,7.33333,72,49.33,54.58,-10.1959,-14.5786,399.36,0
2017-11-09,15,7.33333,0.0,7.83333,75,48.62,55.94,0.42348,-12.6652,421.2,0
2017-11-09,16,7.0,0.0,8.0,78,52.15,56.55,9.48492,-5.2742,453.6,0
2017-11-09,17,6.5,0.0,7.83333,81,53.83,62.245,3.94164,-2.97812,420.0,0
2017-11-09,18,6.83333,0.0,7.66667,78,60.16,55.79,4.05524,4.97484,452.4,0
2017-11-09,19,6.83333,0.0,7.16667,78,70.435,57.75,20.4463,1.9134,450.667,0
2017-11-09,20,7.16667,0.0,6.66667,80,77.45,64.15,19.4463,1.9134,437.143,0
2017-11-09,22,7.66667,0.0,6.0,84,71.39,50.55,4.05524,10.3324,420.0,0
2017-11-10,1,8.16667,0.0,5.16667,99,70.465,50.55,-14.0573,23.4805,374.0,0
2017-11-10,3,8.0,0.0,4.83333,84,73.66,41.92,-37.1802,38.2626,374.85,0
2017-11-10,4,8.0,0.0,4.83333,85,69.54,38.235,-32.0853,40.7445,392.229,0
2017-11-10,5,8.0,0.0,4.83333,84,67.67,38.02,-28.6796,45.4567,390.0,0
2017-11-10,6,7.83333,0.0,5.0,79,63.91,46.185,-27.6525,48.7593,388.267,0
2017-11-10,7,8.33333,0.51,5.33333,79,68.33,36.57,-24.3499,49.7864,402.8,0
2017-11-10,8,8.83333,0.51,5.5,78,59.0067,45.23,-25.1153,51.6341,360.0,0
2017-11-10,9,9.66667,1.02,5.83333,75,55.29,55.79,-23.2019,47.0147,349.8,0
2017-11-10,10,10.6667,1.5,6.33333,76,56.7,51.89,-25.1153,51.6341,300.0,0
2017-11-10,11,11.3333,1.5,7.0,71,57.24,46.9633,-21.0474,50.8134,278.25,0
2017-11-10,12,12.3333,1.98,7.5,67,57.615,53.06,-27.1784,52.6148,250.364,0
2017-11-10,13,13.3333,2.05,8.0,67,58.06,57.53,-28.659,42.189,270.327,0
2017-11-10,14,14.1667,2.05,8.33333,68,57.055,49.33,-36.4704,44.0472,230.4,0
2017-11-10,15,14.6667,1.54,8.5,70,58.39,48.62,-42.4266,42.4266,205.477,0
2017-11-10,16,14.3333,1.64,8.33333,75,58.315,52.15,-43.1337,43.1337,204.429,0
2017-11-10,17,14.0,1.64,8.0,80,58.84,53.83,-41.7195,41.7195,241.553,0
2017-11-10,18,14.3333,1.16,7.66667,79,60.34,60.16,-37.4768,37.4768,288.225,0
2017-11-10,19,14.6667,0.58,7.33333,77,59.49,70.435,-37.4768,37.4768,277.114,0
2017-11-10,20,15.0,1.62,7.16667,75,57.48,77.45,-41.0124,41.0124,216.0,0
2017-11-10,22,16.8333,1.04,7.0,73,38.53,71.39,-47.6186,27.5942,202.926,0
2017-11-11,1,21.1667,2.08,6.83333,84,38.53,70.465,-60.0522,24.8742,137.8,1
2017-11-11,3,22.1667,1.85,6.5,87,27.4,73.66,-61.5336,35.0149,130.0,1
2017-11-11,4,22.1667,1.85,6.33333,86,22.73,69.54,-53.5027,39.9727,155.952,1
2017-11-11,5,21.3333,1.85,6.16667,85,13.32,67.67,-37.294,47.0356,187.617,1
2017-11-11,6,20.6667,0.81,5.83333,87,12.93,63.91,-27.9187,47.4019,207.36,1
2017-11-11,7,19.8333,0.81,5.5,88,13.0067,68.33,-21.4301,51.7373,198.4,1
2017-11-11,8,19.0,0.0,5.16667,85,13.8,59.0067,-14.5418,55.1074,184.0,1
2017-11-11,9,19.0,0.0,5.0,81,15.035,55.29,-14.5418,55.1074,193.44,1
2017-11-11,10,19.5,0.48,4.83333,74,14.62,56.7,-6.88824,56.6298,193.44,1
2017-11-11,11,20.1667,0.48,4.66667,69,16.04,57.24,-6.88824,57.6298,177.0,1
2017-11-11,12,21.0,0.48,4.83333,72,15.55,57.615,0.0,63.0,160.74,1
2017-11-11,13,21.6667,0.48,5.16667,67,14.7,58.06,-9.567,66.097,136.286,1
2017-11-11,14,22.3333,0.48,5.5,67,17.1,57.055,-9.567,69.097,125.182,1
2017-11-11,15,21.8333,1.01,5.5,69,23.475,58.39,-9.567,69.097,139.968,1
2017-11-11,16,20.8333,0.53,5.33333,74,36.08,58.315,0.0,63.0,179.95,1
2017-11-11,17,19.0,0.53,5.16667,75,26.83,58.84,-5.7402,52.8582,229.964,1
2017-11-11,18,17.0,1.06,4.83333,78,24.13,60.34,-5.7402,63.8582,226.964,1
2017-11-11,19,15.8333,1.06,4.5,77,34.97,59.49,-10.715,53.8686,266.965,1
2017-11-11,20,15.0,1.06,4.16667,78,43.0,57.48,-22.7359,48.8895,254.88,1
2017-11-11,22,15.1667,0.53,4.0,79,35.8,38.53,-36.7697,36.7697,224.824,1
2017-11-12,1,13.5,1.47,4.0,76,35.8,38.53,-38.891,38.891,281.4,1
2017-11-12,4,12.0,2.05,4.0,84,22.6867,22.73,-41.0124,41.0124,271.745,1
2017-11-12,5,11.6667,2.05,3.83333,86,13.53,13.32,-43.1337,43.1337,240.0,1
2017-11-12,6,11.5,0.58,3.66667,89,14.45,12.93,-38.7996,43.6704,240.0,1
2017-11-12,7,12.0,0.58,3.5,92,19.02,13.0067,-36.2624,46.5452,260.0,1
2017-11-12,8,12.0,0.58,3.33333,89,24.75,13.8,-27.7771,50.0599,286.0,1
2017-11-12,9,12.1667,0.0,3.33333,85,27.65,15.035,-21.7626,50.5398,307.8,1
2017-11-12,10,12.5,0.0,3.5,79,21.725,14.62,-17.986,55.4224,240.0,1
2017-11-12,11,13.6667,0.0,3.83333,72,23.45,16.04,-10.715,53.8686,235.2,1
2017-11-12,12,14.8333,0.48,4.33333,66,21.855,15.55,-10.715,57.8686,197.6,1
2017-11-12,13,15.3333,0.48,4.83333,62,19.27,14.7,-6.12288,63.7821,187.425,1
2017-11-12,14,15.3333,0.48,5.33333,60,20.35,17.1,0.0,64.0,195.0,1
2017-11-12,15,14.1667,0.48,5.5,62,22.73,23.475,0.0,60.0,226.8,1
2017-11-12,16,12.8333,0.48,5.33333,75,27.35,36.08,-3.44412,52.3149,293.647,1
2017-11-12,17,11.6667,0.48,5.0,83,47.83,26.83,-6.50556,59.706,292.518,1
2017-11-12,18,10.1667,0.0,4.5,88,61.68,24.13,-12.8695,49.07,357.12,1
2017-11-12,19,9.5,1.02,4.0,92,76.44,34.97,-18.5264,54.7268,341.28,1
2017-11-12,20,9.33333,1.02,3.5,87,79.39,43.0,-28.6891,43.9363,357.5,1
2017-11-12,21,10.0,1.02,3.16667,81,72.78,38.87,-17.6891,31.9363,339.2,1
2017-11-12,22,10.5,1.02,3.0,77,37.13,35.8,-23.194,11.2555,326.8,1
2017-11-13,1,12.6667,2.06,3.33333,81,31.51,35.8,-34.3386,-34.8798,291.877,0
2017-11-13,4,12.0,3.1,3.5,90,20.27,22.6867,-19.9075,-57.0611,240.0,0
2017-11-13,5,11.1667,2.08,3.66667,87,33.165,13.53,-7.27092,-56.1836,287.571,0
2017-11-13,6,10.3333,2.08,3.66667,88,32.4,14.45,1.14804,-50.6403,350.314,0
2017-11-13,7,9.5,1.04,3.66667,89,43.37,19.02,7.51203,-57.0043,320.914,0
2017-11-13,8,8.83333,0.0,3.83333,90,43.13,24.75,21.1845,-47.5141,367.015,0
2017-11-13,9,9.0,0.0,4.0,91,39.86,27.65,29.4994,-37.9582,380.8,0
2017-11-13,10,9.5,0.0,4.16667,83,48.42,21.725,36.5705,-36.0293,366.667,0
2017-11-13,11,10.1667,0.0,4.33333,87,36.125,23.45,41.6117,-19.229,313.65,0
2017-11-13,12,11.1667,0.53,4.33333,88,34.65,21.855,43.2728,-0.88186,326.8,0
2017-11-13,13,12.5,0.53,4.33333,87,40.85,19.27,48.8161,8.30246,251.6,0
2017-11-13,14,14.1667,0.53,4.33333,85,39.12,20.35,49.136,25.3232,235.2,0
2017-11-13,15,15.8333,0.53,4.16667,84,47.62,22.73,42.9992,25.6808,225.28,0
2017-11-13,16,16.8333,0.53,3.83333,81,48.77,27.35,43.2832,34.0828,193.765,0
2017-11-13,17,17.3333,0.53,3.5,80,43.9,47.83,40.3053,40.3053,195.789,0
2017-11-13,18,16.8333,0.0,3.33333,79,43.025,61.68,37.4768,37.4768,229.14,0
2017-11-13,19,16.0,0.0,3.0,79,50.2533,76.44,45.9622,45.9622,214.5,0
2017-11-13,20,14.6667,0.0,2.66667,82,64.95,79.39,40.3053,40.3053,264.333,0
2017-11-13,22,12.0,0.0,2.33333,86,51.95,37.13,43.1337,43.1337,276.48,0
2017-11-14,1,11.5,0.0,2.33333,83,53.8483,31.51,38.891,41.2755,305.455,0
2017-11-14,3,11.1667,0.0,2.66667,91,46.9833,19.48,40.3053,47.8922,282.764,0
2017-11-14,4,11.1667,0.0,2.66667,91,39.36,20.27,39.5982,49.3528,294.0,0
2017-11-14,5,11.1667,0.0,2.66667,92,39.4717,33.165,39.5982,51.7373,294.0,0
2017-11-14,6,10.8333,0.0,2.5,92,45.238,32.4,39.5982,51.7373,318.171,0
2017-11-14,7,10.5,0.0,2.16667,95,45.3233,43.37,36.0626,47.1179,346.92,0
2017-11-14,8,10.5,0.0,2.0,87,45.1283,43.13,37.4768,48.9656,321.48,0
2017-11-14,9,10.6667,0.0,1.83333,78,43.0033,39.86,30.4057,49.7268,329.018,0
2017-11-14,10,11.0,0.0,2.0,70,35.886,48.42,30.4057,49.7268,329.018,0
2017-11-14,11,11.5,0.0,2.33333,61,30.0517,36.125,31.82,48.7566,288.0,0
2017-11-14,12,12.1667,0.0,2.83333,54,22.78,34.65,35.3555,53.376,260.0,0
2017-11-14,13,12.1667,0.0,3.5,51,28.844,40.85,36.0626,44.2999,281.455,0
2017-11-14,14,12.6667,0.0,4.0,59,32.8083,39.12,36.7697,45.2237,281.538,0
2017-11-14,15,12.3333,0.0,4.33333,64,42.8083,47.62,36.7697,48.0418,286.971,0
2017-11-14,16,11.6667,0.0,4.33333,58,55.8683,48.77,43.1337,56.3567,268.029,0
2017-11-14,17,10.8333,0.0,4.16667,61,67.108,43.9,39.5982,51.7373,310.431,0
2017-11-14,18,10.3333,0.0,3.66667,65,70.685,43.025,36.7697,48.0418,348.0,0
2017-11-14,19,9.66667,0.0,3.0,67,80.38,50.2533,36.7697,58.0418,300.0,0
2017-11-14,22,9.5,0.0,1.33333,76,49.67,51.95,-1.41422,48.772,339.2,0
2017-11-15,1,9.66667,0.0,0.833333,74,51.19,53.8483,-34.6484,42.6484,313.65,0
2017-11-15,2,9.66667,0.0,0.833333,69,51.645,47.692,-41.0124,41.0124,324.48,0
2017-11-15,3,10.0,0.0,0.833333,71,52.578,46.9833,-41.0124,41.0124,324.48,0
2017-11-15,4,10.1667,0.0,1.0,72,53.47,39.36,-38.5334,45.0278,300.0,0
2017-11-15,5,10.1667,0.0,1.0,75,54.824,39.4717,-39.2406,45.735,300.0,0
2017-11-15,6,10.3333,0.0,1.0,76,53.5414,45.238,-30.0149,42.4625,313.6,0
2017-11-15,7,10.5,0.0,1.0,76,55.2833,45.3233,-27.0951,44.4135,321.48,0
2017-11-15,8,10.5,0.0,1.0,75,55.5357,45.1283,-23.8508,46.5812,336.3,0
2017-11-15,9,10.6667,0.0,1.16667,72,56.61,43.0033,-23.0854,44.7334,353.455,0
2017-11-15,10,10.8333,0.0,1.5,74,57.0867,35.886,-20.282,48.9656,329.018,0
2017-11-15,11,11.1667,0.0,2.0,69,57.0167,30.0517,-20.6647,49.8895,300.667,0
2017-11-15,12,12.0,0.0,2.66667,68,56.85,22.78,-22.1954,53.585,262.08,0
2017-11-15,13,12.5,0.0,3.5,70,56.5517,28.844,-19.8994,48.0418,281.538,0
2017-11-15,14,13.0,0.0,4.33333,68,58.762,32.8083,-19.8994,48.0418,276.0,0
2017-11-15,15,12.6667,0.0,4.83333,72,55.385,42.8083,-20.282,48.9656,271.385,0
2017-11-15,16,11.6667,0.0,5.16667,77,64.98,55.8683,-15.3072,47.9552,297.0,0
2017-11-15,17,10.5,0.0,5.16667,85,65.998,67.108,-17.6033,53.4985,307.8,0
2017-11-15,18,9.16667,0.0,5.0,86,67.818,70.685,-17.6033,59.4985,310.371,0
2017-11-15,22,8.16667,0.0,3.66667,82,62.64,49.67,-8.03628,55.4015,412.364,0
2017-11-16,1,8.16667,0.0,3.0,84,62.1733,51.19,-17.4949,46.2365,395.2,0
2017-11-16,2,7.5,0.0,2.83333,84,61.4625,51.645,-19.791,51.7798,374.0,0
2017-11-16,3,7.33333,0.0,2.83333,82,62.7957,52.578,-22.087,48.323,429.0,0
2017-11-16,4,6.83333,0.0,2.83333,81,63.5667,53.47,-25.1485,45.7141,448.0,0
2017-11-16,5,6.33333,0.0,2.83333,79,65.3943,54.824,-27.4446,51.2574,420.0,0
2017-11-16,6,6.33333,0.0,2.83333,79,70.0883,53.5414,-26.2965,48.4857,466.4,0
2017-11-16,7,6.5,0.0,2.83333,85,76.98,55.2833,-25.1485,45.7141,515.2,0
2017-11-16,8,6.5,0.0,2.83333,82,78.4033,55.5357,-25.2517,42.0289,517.0,0
2017-11-16,9,6.66667,0.0,3.0,77,80.518,56.61,-25.2517,42.0289,517.0,0
2017-11-16,10,7.0,0.0,3.33333,83,78.4,57.0867,-29.3196,42.8496,457.6,0
2017-11-16,11,7.33333,0.0,3.83333,75,76.6417,57.0167,-34.4145,40.3677,452.4,0
2017-11-16,12,7.83333,0.0,4.5,69,69.7529,56.85,-38.7441,36.0381,420.0,0
2017-11-16,13,8.0,0.0,5.5,69,67.7633,56.5517,-42.4669,28.3957,413.4,0
2017-11-16,14,8.5,0.0,6.16667,70,98.46,58.762,-47.5618,25.9138,392.229,0
2017-11-16,15,8.5,0.0,6.5,77,74.8983,55.385,-45.167,22.4366,409.867,0
2017-11-16,16,8.5,0.0,6.5,88,83.574,64.98,-29.803,16.0726,401.85,0
2017-11-16,17,8.16667,0.0,6.0,95,90.3017,65.998,-14.4119,13.0111,401.85,0
2017-11-16,18,7.83333,0.0,5.33333,98,76.672,67.818,-19.9552,15.3072,374.85,0
2017-11-16,22,7.83333,0.0,2.0,100,52.34,62.64,10.7508,-4.20948,417.6,0
2017-11-17,1,7.83333,0.0,1.0,94,56.8567,62.1733,11.7508,-8.80164,375.943,0
2017-11-17,2,7.33333,0.0,0.666667,92,60.885,61.4625,-0.792519,-11.0977,405.45,0
2017-11-17,3,7.16667,0.0,0.5,94,61.74,62.7957,1.05524,-10.3324,448.0,0
2017-11-17,4,6.66667,0.0,0.333333,98,61.9,63.5667,16.3702,-6.88824,470.25,0
2017-11-17,5,6.33333,0.0,0.333333,94,62.605,65.3943,22.3702,-6.88824,436.05,0
2017-11-17,6,6.16667,0.0,0.333333,89,63.6083,70.0883,7.903,-4.20948,466.4,0
2017-11-17,7,6.5,0.0,0.5,85,67.134,76.98,3.903,-4.20948,532.0,0
2017-11-17,8,6.5,0.0,0.833333,84,69.0167,78.4033,-12.488,-1.14804,517.0,0
2017-11-17,9,6.83333,0.0,1.33333,80,69.4083,80.518,-0.944759,1.14804,517.0,0
2017-11-17,10,7.33333,0.0,2.0,72,69.1717,78.4,13.5985,3.44412,457.6,0
2017-11-17,11,7.66667,0.0,2.83333,67,68.0286,76.6417,15.6977,14.0551,420.0,0
2017-11-17,12,8.33333,0.0,3.66667,64,65.7483,69.7529,-5.61724,17.4992,425.829,0
2017-11-17,13,8.66667,0.0,4.33333,65,71.3057,67.7633,9.84992,14.8205,360.0,0
2017-11-17,14,9.0,0.0,5.0,66,70.3133,98.46,22.241,11.759,367.2,0
2017-11-17,15,8.83333,0.0,5.33333,71,70.798,74.8983,8.84992,14.8205,366.667,0
2017-11-17,16,8.5,0.25,5.5,83,76.0067,83.574,-5.80696,20.4774,380.8,0
2017-11-17,17,8.0,0.5,5.33333,89,86.168,90.3017,-8.83,14.8412,409.867,0
2017-11-17,18,7.5,0.5,5.0,94,87.975,76.672,-13.0727,19.0839,388.267,0
2017-11-17,22,6.5,1.11,4.0,93,58.56,52.34,-38.8429,33.9721,486.0,0
2017-11-18,1,6.66667,0.43,4.0,80,58.234,56.8567,-13.671,43.9661,477.0,1
2017-11-18,2,6.83333,0.43,4.0,84,52.102,60.885,-5.89278,44.3428,496.8,1
2017-11-18,3,6.66667,0.43,3.83333,85,52.3117,61.74,-0.3495,49.0468,477.0,1
2017-11-18,4,6.5,0.0,3.66667,85,44.8714,61.9,6.18924,49.0468,477.0,1
2017-11-18,5,6.66667,0.0,3.33333,85,43.3333,62.605,8.48532,50.5035,472.457,1
2017-11-18,6,7.0,0.0,3.0,85,42.8367,63.6083,9.99097,53.8686,452.4,1
2017-11-18,7,7.5,0.0,2.5,87,38.61,67.134,6.92953,53.2597,452.4,1
2017-11-18,8,7.5,0.0,2.16667,81,41.616,69.0167,6.92953,53.2597,420.0,1
2017-11-18,9,8.0,0.0,2.16667,73,42.6133,69.4083,-1.55579,47.59,443.143,1
2017-11-18,10,8.66667,0.0,2.33333,69,43.8633,69.1717,4.8082,48.905,395.2,1
2017-11-18,11,8.83333,0.0,2.66667,64,46.3683,68.0286,0.56554,47.3617,395.2,1
2017-11-18,12,9.33333,0.0,3.16667,68,36.79,65.7483,11.0808,48.2856,371.25,1
2017-11-18,13,9.66667,0.0,3.83333,66,32.21,71.3057,21.9204,51.0572,327.6,1
2017-11-18,14,11.5,0.0,4.16667,68,28.79,70.3133,21.2133,48.7164,340.267,1
2017-11-18,15,11.1667,0.0,4.16667,73,35.0283,70.798,7.96107,57.0313,250.364,1
2017-11-18,16,10.6667,0.0,3.83333,78,53.1317,76.0067,5.28231,52.4985,285.12,1
2017-11-18,17,10.6667,0.0,3.5,83,56.742,86.168,-4.85023,50.6507,317.127,1
2017-11-18,18,10.5,0.0,3.0,85,64.035,87.975,-16.4552,49.7268,321.48,1
2017-11-18,22,10.8333,0.48,2.0,75,55.63,58.56,-30.9882,41.8122,321.48,1
2017-11-19,1,12.5,1.49,2.16667,77,54.745,58.234,-39.371,32.8766,270.327,1
2017-11-19,2,12.8333,1.01,2.16667,83,46.64,52.102,-40.0781,33.5837,265.5,1
2017-11-19,3,13.5,1.01,2.16667,84,43.74,52.3117,-38.1839,38.1839,273.28,1
2017-11-19,4,14.5,1.01,2.0,85,36.1533,44.8714,-38.1839,38.1839,267.429,1
2017-11-19,5,15.1667,1.01,2.0,86,29.6783,43.3333,-35.1726,44.9142,216.0,1
2017-11-19,6,15.5,1.06,2.0,86,25.472,42.8367,-24.7658,44.7902,216.72,1
2017-11-19,7,15.6667,1.5,2.0,84,26.3033,38.61,-20.282,48.9656,221.0,1
2017-11-19,8,15.8333,1.5,2.0,82,26.075,41.616,-25.2569,60.9761,194.133,1
2017-11-19,9,16.5,1.5,2.16667,77,26.5683,42.6133,-23.7262,57.2806,230.4,1
2017-11-19,10,16.5,1.98,2.33333,72,27.7767,43.8633,-23.7262,57.2806,210.6,1
2017-11-19,11,16.6667,1.98,2.66667,67,24.3486,46.3683,-19.5167,47.1179,221.4,1
2017-11-19,12,17.5,1.93,3.0,63,17.3817,36.79,-21.8128,52.6612,195.789,1
2017-11-19,13,18.8333,1.44,3.5,61,21.6214,32.21,-22.5781,54.5089,177.0,1
2017-11-19,14,19.5,1.44,3.83333,62,25.64,28.79,-23.7262,57.2806,167.04,1
2017-11-19,15,19.1667,1.44,4.0,63,27.834,35.0283,-22.9608,55.4328,184.743,1
2017-11-19,16,18.0,0.96,4.0,70,31.635,53.1317,-21.4301,51.7373,211.714,1
2017-11-19,17,17.0,0.96,3.83333,73,42.338,56.742,-25.6396,61.9,206.743,1
2017-11-19,18,16.5,0.96,3.66667,75,48.585,64.035,-22.9608,55.4328,239.733,1
2017-11-19,22,16.6667,1.17,2.83333,70,25.1,55.63,-36.0626,36.0626,232.941,1
2017-11-20,1,17.3333,0.0,2.83333,70,17.9783,54.745,-38.1839,38.1839,209.012,0
2017-11-20,2,17.3333,0.0,3.0,78,9.712,46.64,-32.2859,40.9451,229.14,0
2017-11-20,3,17.3333,0.61,2.83333,80,10.455,43.74,-38.7915,56.6511,180.0,0
2017-11-20,4,16.6667,0.94,2.66667,83,11.8183,36.1533,-36.6702,54.5298,180.0,0
2017-11-20,5,16.5,0.94,2.5,82,10.0383,29.6783,-29.6241,54.5193,202.725,0
2017-11-20,6,17.1667,0.94,2.33333,81,12.314,25.472,-30.7722,57.291,187.2,0
2017-11-20,7,18.6667,1.42,2.16667,82,16.69,26.3033,-20.282,48.9656,199.385,0
2017-11-20,8,19.8333,1.42,2.0,83,22.48,26.075,-15.3072,61.9552,143.242,0
2017-11-20,9,21.1667,0.81,2.16667,82,19.4286,26.5683,-8.03628,68.4015,125.314,0
2017-11-20,10,23.3333,0.48,2.33333,76,21.565,27.7767,0.0,74.0,124.848,0
2017-11-20,11,24.1667,0.63,2.5,70,18.7843,24.3486,18.3849,49.0209,174.048,0
2017-11-20,12,25.0,0.68,2.83333,64,15.2417,17.3817,35.3555,71.194,120.0,0
2017-11-20,13,25.0,0.71,3.0,65,22.495,21.6214,53.7404,70.2149,120.0,0
2017-11-20,14,25.0,1.22,3.16667,65,28.79,25.64,36.0626,47.1179,176.538,0
2017-11-20,15,24.3333,1.22,3.0,70,38.976,27.834,53.0332,69.291,124.754,0
2017-11-20,16,22.5,1.22,2.83333,70,40.35,31.635,49.4977,64.6716,145.2,0
2017-11-20,17,20.8333,1.07,2.66667,70,43.578,42.338,42.4266,55.4328,198.4,0
2017-11-20,18,18.1667,1.02,2.33333,68,44.7933,48.585,42.4266,69.4328,180.0,0
2017-11-21,1,11.0,0.13,1.16667,72,45.72,17.9783,0.0,57.0,291.5,0
2017-11-21,2,10.5,0.13,0.833333,78,46.8125,9.712,0.0,54.0,324.8,0
2017-11-21,3,9.66667,0.13,0.666667,78,46.125,10.455,0.0,51.0,366.277,0
2017-11-21,4,9.0,0.13,0.5,79,49.515,11.8183,4.94977,57.4672,355.385,0
2017-11-21,5,8.5,0.13,0.333333,82,53.74,10.0383,11.3138,52.7821,385.527,0
2017-11-21,6,8.0,0.0,0.166667,78,49.5,12.314,11.3138,49.7821,409.867,0
2017-11-21,7,7.66667,0.0,0.0,80,50.1957,16.69,11.3138,55.7821,388.267,0
2017-11-21,8,7.0,0.0,0.166667,78,50.085,22.48,11.3138,53.7821,417.6,0
2017-11-21,9,7.16667,0.0,0.5,71,46.5675,19.4286,9.40036,49.4015,479.467,0
2017-11-21,10,7.16667,0.0,1.0,79,46.6817,21.565,9.40036,57.4015,420.0,0
2017-11-21,11,7.16667,0.0,1.5,71,41.4133,18.7843,1.00647,50.2492,463.6,0
2017-11-21,12,7.66667,0.0,2.16667,64,45.61,15.2417,-5.35752,49.9343,470.25,0
2017-11-21,13,7.83333,0.0,3.0,61,46.6467,22.495,-5.35752,50.9343,432.0,0
2017-11-21,14,8.33333,0.0,3.5,63,40.0917,28.79,-11.0144,50.5912,408.857,0
2017-11-21,15,8.16667,0.0,3.83333,67,46.432,38.976,-16.6713,49.2481,360.0,0
2017-11-21,16,8.0,0.0,3.83333,72,56.97,40.35,-21.225,47.3074,374.85,0
2017-11-21,17,7.83333,0.0,3.83333,79,65.738,43.578,-28.6161,42.3689,388.267,0
2017-11-21,18,7.83333,0.0,3.66667,80,77.12,44.7933,-31.6391,36.7327,405.45,0
2017-11-22,1,6.16667,0.0,1.83333,84,75.6167,45.72,-24.4796,4.02372,454.629,0
2017-11-22,2,6.16667,0.0,1.5,92,78.29,46.8125,-20.6912,-5.1222,482.4,0
2017-11-22,3,6.33333,0.0,1.33333,91,72.4533,46.125,-12.3763,-14.5663,532.0,0
2017-11-22,4,6.5,0.0,1.16667,93,68.778,49.515,-15.0551,-21.0335,480.0,0
2017-11-22,5,6.5,0.51,0.833333,98,63.28,53.74,-3.87564,-33.2408,517.0,0
2017-11-22,6,6.5,0.51,0.5,100,56.2017,49.5,-12.1717,-38.7841,517.0,0
2017-11-22,7,7.0,0.51,0.333333,100,51.4967,50.1957,-20.4678,-44.3274,517.0,0
2017-11-22,8,7.5,0.51,0.5,100,50.0133,50.085,-21.9956,-49.1024,438.6,0
2017-11-22,9,8.16667,0.51,0.666667,95,53.8771,46.5675,-20.4649,-45.4069,451.0,0
2017-11-22,10,9.0,1.63,0.833333,89,55.1483,46.6817,-28.2431,-47.1851,375.943,0
2017-11-22,11,10.5,1.5,1.33333,85,59.0114,41.4133,-31.3709,-42.7361,332.8,0
2017-11-22,12,11.8333,1.5,1.83333,86,58.0233,45.61,-37.3854,-42.2562,273.48,0
2017-11-22,13,12.3333,1.5,2.5,88,63.195,46.6467,-36.7697,-36.7697,270.327,0
2017-11-22,14,12.5,1.5,3.0,90,57.7317,40.0917,-38.1839,-38.1839,255.2,0
2017-11-22,15,12.5,1.5,3.16667,92,62.224,46.432,-36.7697,-36.7697,292.32,0
2017-11-22,16,12.3333,0.38,3.33333,96,67.4817,56.97,-44.5479,-44.5479,257.92,0
2017-11-22,17,11.8333,0.0,3.33333,97,63.18,65.738,-41.7195,-41.7195,287.571,0
2017-11-22,18,11.1667,0.0,3.33333,98,62.56,77.12,-42.9065,-36.4121,299.815,0
2017-11-22,22,9.16667,0.0,4.0,93,55.34,69.48,-50.2767,-25.3815,347.564,0
2017-11-23,0,8.0,0.0,4.33333,100,55.85,69.45,-48.0418,-19.8994,403.68,0
2017-11-23,1,7.66667,0.0,4.33333,100,57.9817,75.6167,-42.0418,-19.8994,386.88,0
2017-11-23,2,7.5,0.0,4.33333,100,55.8,78.29,-39.2701,-18.7513,417.6,0
2017-11-23,3,7.66667,0.0,4.0,100,56.295,72.4533,-37.4224,-17.986,437.25,0
2017-11-23,4,7.33333,0.0,3.66667,100,56.2167,68.778,-22.0313,-14.9245,425.829,0
2017-11-23,5,7.0,0.0,3.5,100,55.9433,63.28,-8.56416,-12.2458,448.0,0
2017-11-23,6,7.33333,0.0,3.33333,100,56.86,56.2017,6.75076,-8.80164,479.467,0
2017-11-23,7,7.66667,0.0,3.16667,99,59.6733,51.4967,-0.640279,-11.8631,420.0,0
2017-11-23,8,8.0,0.0,3.0,98,58.514,50.0133,10.6746,-8.41896,425.829,0
2017-11-23,9,8.66667,0.0,3.33333,88,55.735,53.8771,8.82688,-9.18432,392.229,0
2017-11-23,10,9.33333,0.0,3.83333,78,53.4083,55.1483,-3.79252,-11.0977,377.143,0
2017-11-23,11,10.6667,0.0,4.5,70,51.9817,59.0114,0.207481,-11.0977,314.743,0
2017-11-23,12,11.6667,0.0,5.33333,64,47.6633,58.0233,15.5985,-8.03628,275.6,0
2017-11-23,13,12.3333,0.0,6.33333,63,53.5633,63.195,1.97912,-9.94968,276.0,0
2017-11-23,14,13.0,0.0,7.16667,68,56.865,57.7317,1.05524,-10.3324,259.418,0
2017-11-23,15,12.8333,0.0,7.5,78,53.688,62.224,-21.9552,-15.3072,264.0,0
2017-11-23,16,13.0,0.0,7.5,89,72.156,67.4817,-47.1179,-19.5167,297.0,0
2017-11-23,17,12.5,0.0,7.33333,96,73.782,63.18,-58.2044,-24.1088,249.171,0
2017-11-23,18,12.0,0.0,6.83333,96,68.4767,62.56,-56.3567,-23.3435,259.2,0
2017-11-23,22,11.1667,0.0,5.16667,84,56.21,55.34,-51.7373,-21.4301,302.4,0
2017-11-24,0,10.6667,0.0,4.83333,91,58.89,55.85,-8.48804,-12.6284,297.0,0
2017-11-24,1,10.5,0.0,4.66667,90,61.37,57.9817,9.75076,-8.80164,324.8,0
2017-11-24,2,10.1667,0.0,4.5,89,60.238,55.8,12.5224,-0.76536,353.455,0
2017-11-24,3,9.5,0.0,4.33333,88,59.045,56.295,5.4513,6.30574,300.0,0
2017-11-24,4,8.83333,0.0,4.16667,86,60.115,56.2167,9.14682,13.194,347.564,0
2017-11-24,5,8.16667,0.0,3.5,100,61.2167,55.9433,-8.32034,10.5152,398.618,0
2017-11-24,6,7.66667,0.0,3.16667,96,60.8317,56.86,-14.7875,13.194,372.764,0
2017-11-24,7,7.5,0.0,3.16667,92,61.8733,59.6733,-21.5448,18.7373,417.6,0
2017-11-24,8,6.83333,0.0,3.16667,93,62.8883,58.514,-36.2017,24.3941,432.667,0
2017-11-24,9,7.66667,0.0,3.5,88,58.648,55.735,-21.8868,20.95,488.52,0
2017-11-24,10,8.33333,0.0,4.0,83,55.0183,53.4083,-25.9023,18.4711,425.829,0
2017-11-24,11,9.0,0.0,5.16667,78,53.434,51.9817,-27.2133,23.5705,360.0,0
2017-11-24,12,9.83333,0.0,6.33333,73,51.5867,47.6633,-24.4417,27.78,332.8,0
2017-11-24,13,10.5,0.0,7.33333,72,51.02,53.5633,-33.1901,20.7893,319.0,0
2017-11-24,14,11.5,0.0,8.33333,75,49.552,56.865,-50.2767,25.3815,291.5,0
2017-11-24,15,11.6667,0.0,8.83333,82,49.22,53.688,-50.2767,25.3815,282.764,0
2017-11-24,16,12.0,0.0,9.0,82,66.478,72.156,-29.4985,17.6033,260.945,0
2017-11-24,17,12.1667,0.0,8.83333,99,77.4125,73.782,-6.3358,13.3938,240.0,0
2017-11-24,18,12.6667,0.0,8.5,98,70.36,68.4767,15.8269,9.18432,240.0,0
2017-11-24,22,12.6667,0.0,7.0,83,55.93,56.21,51.0,0.0,297.0,0
2017-11-25,0,11.8333,0.0,7.0,81,56.44,58.89,13.903,9.567,240.0,1
2017-11-25,1,11.0,0.0,7.0,79,55.8033,61.37,-6.41192,13.0111,279.138,1
2017-11-25,2,10.0,0.0,7.0,83,55.806,60.238,-25.8791,15.6899,336.3,1
2017-11-25,3,9.33333,0.0,6.83333,86,56.1383,59.045,-32.3462,18.3686,322.4,1
2017-11-25,4,8.33333,0.0,6.66667,84,57.132,60.115,-51.7373,21.4301,378.831,1
2017-11-25,5,7.5,0.0,6.5,81,58.4867,61.2167,-54.416,27.8972,360.0,1
2017-11-25,6,7.16667,0.0,6.33333,82,53.0767,60.8317,-48.8728,25.6012,423.5,1
2017-11-25,7,7.5,0.0,6.0,85,54.6257,61.8733,-40.465,27.4762,463.6,1
2017-11-25,8,7.66667,0.0,6.0,82,53.98,62.8883,-23.15,24.032,443.143,1
2017-11-25,9,8.66667,0.0,6.16667,81,47.9067,58.648,-8.68288,21.3533,425.829,1
2017-11-25,10,9.33333,0.0,6.66667,77,46.09,55.0183,19.1753,15.6131,377.143,1
2017-11-25,11,10.5,0.0,7.33333,73,41.8967,53.434,32.8541,9.14592,314.743,1
2017-11-25,12,12.0,0.0,8.0,70,42.06,51.5867,29.0657,-5.35752,275.6,1
2017-11-25,13,13.1667,0.0,9.0,69,45.2867,51.02,-2.7164,-11.4804,257.914,1
2017-11-25,14,14.8333,0.0,9.5,68,52.47,49.552,-31.4985,-17.6033,217.964,1
2017-11-25,15,15.8333,0.0,10.0,71,53.142,49.22,-59.1283,-24.4915,180.0,1
2017-11-25,16,17.3333,0.0,10.0,74,56.9275,66.478,-49.8895,-20.6647,204.6,1
2017-11-25,17,17.8333,0.0,9.83333,85,55.98,77.4125,-53.585,-22.1954,184.0,1
2017-11-25,22,15.1667,1.12,8.16667,84,35.35,55.93,29.2179,-6.12288,226.8,1
2017-11-26,0,14.1667,2.24,8.0,85,34.37,56.44,56.0,0.0,248.571,1
2017-11-26,1,13.3333,2.24,7.83333,86,38.7433,55.8033,32.8076,9.19243,257.914,1
2017-11-26,2,13.1667,2.24,7.5,88,39.304,55.806,11.0294,16.9706,286.971,1
2017-11-26,3,12.8333,3.36,7.0,92,33.526,56.1383,-7.94548,28.9811,297.0,1
2017-11-26,4,12.8333,2.24,6.5,95,22.85,57.132,-12.5376,40.0676,249.171,1
2017-11-26,5,13.0,3.36,5.83333,96,18.7567,58.4867,-26.5376,54.0676,240.0,1
2017-11-26,6,12.6667,2.24,5.16667,95,16.5883,53.0767,-9.567,52.097,261.415,1
2017-11-26,7,13.5,2.24,4.66667,91,14.632,54.6257,-4.59216,51.0866,276.0,1
2017-11-26,8,14.0,2.24,4.33333,91,20.924,53.98,11.3138,54.7821,248.571,1
2017-11-26,9,14.6667,1.12,4.16667,86,28.0133,47.9067,22.6275,55.5642,237.12,1
2017-11-26,10,14.5,1.12,4.0,84,31.2867,46.09,33.9413,55.3462,198.545,1
2017-11-26,11,14.6667,0.0,4.16667,81,33.5083,41.8967,43.1337,53.5387,218.625,1
2017-11-26,12,15.1667,0.0,4.33333,77,38.5733,42.06,43.1337,50.0704,218.625,1
2017-11-26,13,14.8333,0.0,4.33333,76,44.12,45.2867,41.7195,45.1878,235.125,1
2017-11-26,14,14.6667,0.0,4.33333,75,45.466,52.47,40.3053,40.3053,232.615,1
2017-11-26,15,14.1667,0.0,4.33333,76,50.018,53.142,41.7195,44.971,235.125,1
2017-11-26,16,13.8333,0.0,4.16667,75,50.296,56.9275,39.5982,45.6677,248.571,1
2017-11-26,17,12.6667,0.0,3.83333,75,54.92,55.98,37.4768,43.5464,277.114,1
2017-11-26,22,9.66667,0.0,2.16667,71,60.91,35.35,41.7195,49.74,323.345,1
2017-11-27,0,9.33333,0.0,1.66667,72,52.97,34.37,41.0124,51.2006,312.8,0
2017-11-27,1,8.66667,0.0,1.33333,71,58.9,38.7433,39.5982,49.3528,360.0,0
2017-11-27,2,8.16667,0.0,1.0,88,55.976,39.304,36.7697,48.0418,395.2,0
2017-11-27,3,7.5,0.0,0.666667,81,55.035,33.526,41.0124,53.585,374.0,0
2017-11-27,4,6.5,0.0,0.333333,78,58.2983,22.85,38.891,50.8134,429.0,0
2017-11-27,5,6.0,0.0,0.166667,72,60.918,18.7567,38.891,54.8134,434.52,0
2017-11-27,6,5.83333,0.0,0.0,75,59.1517,16.5883,31.82,51.5746,495.0,0
2017-11-27,7,6.16667,0.0,0.0,77,63.1867,14.632,24.7488,48.3358,549.067,0
2017-11-27,8,6.66667,0.0,-0.333333,91,65.1017,20.924,14.9407,48.3358,528.0,0
2017-11-27,9,7.5,0.0,-0.5,85,59.8367,28.0133,6.54685,50.1836,490.629,0
2017-11-27,10,8.66667,0.0,-0.166667,70,55.9683,31.2867,-2.64558,49.1731,451.0,0
2017-11-27,11,9.5,0.0,0.333333,66,54.015,33.5083,-6.88824,50.6298,367.2,0
2017-11-27,12,10.1667,0.0,1.0,63,52.2583,38.5733,-6.88824,49.6298,340.267,0
2017-11-27,13,10.6667,0.0,1.66667,63,49.1217,44.12,-7.27092,50.5537,326.8,0
2017-11-27,14,10.8333,0.0,2.66667,68,55.06,45.466,-8.41896,53.3254,305.455,0
2017-11-27,15,10.6667,0.0,3.33333,69,57.062,50.018,-8.41896,52.3254,317.127,0
2017-11-27,16,10.0,0.0,3.33333,73,61.6967,50.296,-8.41896,51.3254,329.018,0
2017-11-27,17,9.66667,0.0,3.16667,80,74.3825,54.92,-8.41896,58.3254,311.564,0
2017-11-27,22,8.66667,0.0,0.5,82,67.16,60.91,-26.8414,48.1709,360.0,0
2017-11-28,0,9.16667,0.0,-0.333333,77,57.81,52.97,-40.951,30.1269,371.25,0
2017-11-28,1,9.33333,0.0,-0.666667,74,69.6683,58.9,-27.8895,22.7359,341.85,0
2017-11-28,2,9.66667,0.0,-0.833333,74,68.905,55.976,-13.2326,17.079,339.2,0
2017-11-28,3,10.1667,0.0,-1.0,74,59.4433,55.035,6.08229,13.6349,312.8,0
2017-11-28,4,11.0,0.0,-1.0,70,58.5233,58.2983,32.7612,3.8268,334.08,0
2017-11-28,5,11.5,0.0,-1.0,69,58.944,60.918,56.0,0.0,285.12,0
2017-11-28,6,12.1667,0.0,-1.0,72,60.135,59.1517,59.0,0.0,240.0,0
2017-11-28,7,12.8333,0.0,-1.0,74,60.7,63.1867,53.0,0.0,265.5,0
2017-11-28,8,13.6667,0.0,-1.0,75,61.9983,65.1017,54.0,0.0,267.429,0
2017-11-28,9,14.5,0.0,-0.666667,70,61.69,59.8367,56.0,0.0,242.031,0
2017-11-28,10,14.6667,0.0,-0.166667,68,55.0917,55.9683,27.294,-6.50556,212.914,0
2017-11-28,11,15.3333,0.0,0.5,61,52.44,54.015,28.294,-6.50556,196.8,0
2017-11-28,12,15.8333,0.0,1.33333,56,54.115,52.2583,32.294,-6.50556,187.425,0
2017-11-28,13,16.3333,0.0,2.33333,56,58.518,49.1217,33.294,-6.50556,187.2,0
2017-11-28,14,16.0,0.0,3.33333,57,59.72,55.06,65.0,0.0,180.0,0
2017-11-28,15,15.3333,0.0,3.66667,62,70.48,57.062,37.0657,-5.35752,202.024,0
2017-11-28,16,14.8333,0.0,3.66667,66,76.635,61.6967,8.05524,-10.3324,233.365,0
2017-11-28,17,14.0,0.0,3.5,66,77.89,74.3825,3.05524,-10.3324,269.925,0
2017-11-29,1,8.83333,0.0,0.5,81,64.555,69.6683,-38.194,-19.134,335.345,0
2017-11-29,2,8.0,0.0,0.333333,90,63.14,68.905,-33.5746,-12.6284,398.618,0
2017-11-29,3,7.5,0.0,0.333333,85,61.73,59.4433,-27.5746,-12.6284,385.745,0
2017-11-29,4,7.0,0.48,0.333333,83,62.504,58.5233,-23.8791,-11.0977,429.0,0
2017-11-29,5,6.5,0.48,0.5,86,64.924,58.944,-20.1836,-9.567,479.467,0
2017-11-29,6,6.0,0.48,0.666667,85,62.6775,60.135,-25.7268,-11.8631,450.667,0
2017-11-29,7,6.16667,0.48,0.833333,89,69.3267,60.7,-22.0313,-10.3324,515.2,0
2017-11-29,8,6.0,0.48,1.0,91,74.054,61.9983,-6.7164,-6.88824,538.65,0
2017-11-29,9,6.0,0.48,1.0,92,73.904,61.69,-1.7164,-6.88824,514.8,0
2017-11-29,10,6.0,0.69,1.16667,78,78.1425,55.0917,-2.7164,-6.88824,499.8,0
2017-11-29,11,6.33333,0.69,1.33333,75,76.7283,52.44,-2.7164,-11.4804,499.8,0
2017-11-29,12,6.5,0.69,1.5,73,72.792,54.115,-16.1074,-14.5418,480.0,0
2017-11-29,13,6.66667,1.17,1.66667,75,75.06,58.518,-15.1836,-14.1592,480.0,0
2017-11-29,14,7.0,1.17,1.83333,79,79.6533,59.72,-9.75388,-15.2239,483.36,0
2017-11-29,15,7.16667,1.65,1.83333,84,77.886,70.48,-11.6016,-15.9892,472.457,0
2017-11-29,16,7.33333,0.96,1.66667,90,80.318,76.635,-25.9927,-19.0507,420.0,0
2017-11-29,17,7.16667,0.96,1.5,90,80.615,77.89,-37.4598,-21.7294,420.0,0
2017-11-30,1,6.66667,0.0,-0.5,91,72.6733,64.555,24.1418,5.7402,490.629,0
2017-11-30,2,6.66667,0.0,-0.5,90,63.55,63.14,11.5985,3.44412,496.8,0
2017-11-30,3,6.5,0.58,-0.333333,92,62.5,61.73,-0.868639,0.76536,477.0,0
2017-11-30,4,6.66667,1.11,-0.166667,92,60.7167,62.504,-11.8184,-4.18441,472.457,0
2017-11-30,5,7.0,1.72,0.0,92,56.666,64.924,-11.7152,-13.2272,452.4,0
2017-11-30,7,8.0,2.35,0.0,92,50.824,69.3267,-18.0644,-30.1468,438.6,0
2017-11-30,22,9.66667,1.7,1.0,88,55.03,71.92,-17.6696,-45.6584,393.6,0
2018-10-01,0,9.0,0.0,6.33333,91,54.0275,60.5175,-50.8134,-21.0474,363.0,0
2018-10-01,1,8.83333,0.0,5.33333,95,50.3755,55.4683,-32.5746,-17.2206,366.667,0
2018-10-01,2,8.66667,0.0,4.83333,96,47.09,49.6017,-16.2597,-13.7765,380.8,0
2018-10-01,3,8.33333,0.0,4.5,95,47.236,47.2945,-15.3358,-7.27092,395.2,0
2018-10-01,4,8.0,0.0,4.0,95,43.7118,42.1475,-21.803,-4.59216,360.0,0
2018-10-01,5,7.66667,0.0,3.66667,92,40.4917,38.1867,-19.9552,1.53072,388.267,0
2018-10-01,6,7.33333,0.0,3.33333,100,40.7392,36.2367,-18.1074,7.6536,417.6,0
2018-10-01,7,7.16667,0.0,3.16667,100,41.8417,31.5638,-16.2597,13.7765,448.0,0
2018-10-01,8,7.0,0.0,3.33333,98,43.7508,37.8909,-18.2597,13.7765,470.25,0
2018-10-01,9,7.16667,0.0,4.0,83,42.1583,30.6858,-11.2597,13.7765,420.0,0
2018-10-01,10,7.5,0.0,5.33333,69,31.0491,15.4518,-11.2597,13.7765,420.0,0
2018-10-01,11,7.83333,0.0,7.16667,57,19.54,5.8275,-5.7164,4.59216,443.143,0
2018-10-01,12,8.33333,0.0,9.33333,49,14.89,5.09818,-7.56416,-1.53072,408.857,0
2018-10-01,13,8.83333,0.0,11.5,44,13.63,6.38636,8.903,-4.20948,360.0,0
2018-10-01,14,9.33333,0.0,13.5,43,18.6964,6.253,18.3702,-6.88824,361.029,0
2018-10-01,15,9.5,0.0,15.0,44,22.9645,10.3582,2.13136,-3.06144,327.6,0
2018-10-01,16,9.33333,0.0,16.0,47,27.2318,11.0609,-14.1836,0.38268,325.867,0
2018-10-01,17,9.16667,0.0,16.1667,56,31.2918,13.4817,-13.2597,6.88824,339.2,0
2018-10-01,18,8.83333,0.0,16.0,62,45.2655,22.1127,-10.6016,15.9892,363.0,0
2018-10-01,19,8.5,0.0,15.5,65,59.2327,37.8683,-26.2585,21.6461,389.88,0
2018-10-01,20,8.16667,0.0,14.5,70,60.5582,54.0018,-41.9154,27.303,417.72,0
2018-10-01,21,8.0,0.0,13.3333,78,60.4045,58.0467,-44.9768,34.694,373.32,0
2018-10-01,22,8.0,0.0,11.8333,85,62.599,55.8958,-38.7995,38.2583,388.267,0
2018-10-01,23,8.16667,0.0,10.5,91,58.3627,56.24,-30.4846,42.8142,390.0,0
2018-10-02,0,8.5,0.0,9.33333,91,54.028,54.0275,-23.0935,48.7527,374.85,0
2018-10-02,1,8.83333,0.0,8.33333,86,46.4045,50.3755,-11.7798,47.439,401.85,0
2018-10-02,2,9.33333,0.0,7.66667,87,42.816,47.09,-6.12288,51.7821,371.25,0
2018-10-02,3,9.83333,0.0,7.33333,81,39.1009,47.236,-3.06144,55.391,327.6,0
2018-10-02,4,10.5,0.0,7.33333,78,38.1427,43.7118,0.0,51.0,340.267,0
2018-10-02,5,11.1667,0.0,7.33333,79,36.2218,40.4917,0.0,54.0,309.12,0
2018-10-02,6,11.8333,0.0,7.33333,80,34.946,40.7392,0.0,57.0,273.48,0
2018-10-02,7,12.6667,0.0,7.33333,83,36.8982,41.8417,0.0,61.0,240.0,0
2018-10-02,8,13.5,0.0,7.5,85,35.6518,43.7508,10.6066,52.8582,255.2,0
2018-10-02,9,14.5,0.0,7.66667,85,34.2764,42.1583,21.9204,55.6403,223.385,0
2018-10-02,10,15.0,0.0,8.0,70,28.5258,31.0491,33.9413,58.3462,196.114,0
2018-10-02,11,15.5,0.0,8.5,65,19.6425,19.54,44.5479,58.2044,195.52,0
2018-10-02,12,16.0,0.0,9.16667,58,18.02,14.89,45.255,59.1283,195.0,0
2018-10-02,13,16.3333,0.0,10.0,54,14.88,13.63,45.9622,60.0522,194.541,0
2018-10-02,14,16.5,0.0,10.6667,53,18.7718,18.6964,33.9413,61.3462,180.0,0
2018-10-02,15,16.5,0.0,11.1667,52,22.5185,22.9645,12.0209,49.706,232.941,0
2018-10-02,16,16.8333,0.0,11.3333,52,19.7175,27.2318,0.0,51.0,232.941,0
2018-10-02,17,17.0,0.0,11.3333,56,19.4775,31.2918,0.0,51.0,232.941,0
2018-10-02,18,16.8333,0.0,11.0,57,21.9718,45.2655,0.0,51.0,232.941,0
2018-10-02,19,16.3333,0.0,10.5,58,36.1309,59.2327,-6.12288,65.7821,180.0,0
2018-10-02,20,15.6667,0.0,9.66667,58,45.991,60.5582,-11.4804,61.7164,202.024,0
2018-10-02,21,15.3333,0.0,8.83333,57,37.315,60.4045,-20.6728,53.9088,233.365,0
2018-10-02,22,15.5,0.0,8.33333,51,31.8209,62.599,-31.2795,47.5155,243.6,0
2018-10-02,23,16.1667,0.0,8.0,50,32.3017,58.3627,-37.8846,45.4614,212.914,0
2018-10-03,0,17.1667,0.0,7.83333,48,33.4367,54.028,-38.1839,38.1839,200.08,0
2018-10-03,1,18.5,0.0,7.66667,47,28.4382,46.4045,-43.1337,43.1337,163.4,0
2018-10-03,2,20.1667,1.4,7.83333,50,19.5475,42.816,-38.8247,50.7311,153.6,0
2018-10-03,3,21.3333,1.4,8.0,63,15.5482,39.1009,-32.777,57.131,147.0,0
2018-10-03,4,22.0,1.4,8.0,68,12.8025,38.1427,-25.6396,61.9,147.0,0
2018-10-03,5,22.1667,1.4,8.0,74,11.3633,36.2218,-17.2206,63.5746,151.93,0
2018-10-03,6,22.1667,1.4,8.16667,77,9.95917,34.946,-8.41896,64.3254,152.727,0
2018-10-03,7,22.1667,1.4,8.33333,77,11.9536,36.8982,0.0,66.0,152.727,0
2018-10-03,8,22.0,1.52,8.5,76,11.5458,35.6518,0.0,66.0,152.727,0
2018-10-03,9,22.5,3.04,8.83333,71,8.65545,34.2764,0.0,66.0,152.727,0
2018-10-03,10,24.0,3.04,9.16667,72,9.425,28.5258,0.0,69.0,135.873,0
2018-10-03,11,25.8333,3.04,9.66667,72,6.615,19.6425,0.0,56.0,145.728,0
2018-10-03,12,27.6667,3.04,10.0,73,8.85167,18.02,0.0,64.0,124.49,0
2018-10-03,13,29.3333,3.27,10.1667,85,8.12833,14.88,0.0,66.0,121.818,0
2018-10-03,14,31.0,1.75,10.3333,81,7.56917,18.7718,0.0,65.0,126.109,0
2018-10-03,15,31.8333,0.23,10.3333,75,7.89167,22.5185,0.0,64.0,127.5,0
2018-10-03,16,31.5,0.23,10.3333,68,8.17917,19.7175,0.0,62.0,136.5,0
2018-10-03,17,30.6667,0.23,10.1667,61,10.0325,19.4775,20.5062,56.7925,144.84,0
2018-10-03,18,29.3333,0.23,9.83333,68,8.63091,21.9718,40.3053,52.6612,151.945,0
2018-10-03,19,27.5,0.0,9.66667,68,11.7817,36.1309,37.4768,48.9656,170.357,0
2018-10-03,20,25.1667,0.0,9.33333,68,13.75,45.991,52.3261,68.3671,138.857,0
2018-10-03,21,23.1667,0.0,9.0,67,12.9483,37.315,45.255,59.1283,178.608,0
2018-10-03,22,21.3333,0.0,8.66667,65,12.9136,31.8209,40.3053,52.6612,204.8,0
2018-10-03,23,19.6667,0.0,8.16667,64,10.2075,32.3017,38.1839,49.8895,213.333,0
2018-10-04,0,18.5,0.0,7.83333,64,9.155,33.4367,38.1839,49.8895,213.333,0
2018-10-04,1,18.0,0.0,7.5,63,6.66273,28.4382,38.1839,49.8895,213.333,0
2018-10-04,2,17.8333,0.0,7.33333,62,7.0625,19.5475,38.1839,49.8895,213.333,0
2018-10-04,3,17.6667,0.0,7.16667,60,8.20727,15.5482,25.456,50.2597,221.0,0
2018-10-04,4,17.6667,0.0,7.0,59,8.19583,12.8025,12.728,50.6298,228.8,0
2018-10-04,5,17.6667,0.0,6.83333,58,7.78667,11.3633,0.0,52.0,224.824,0
2018-10-04,6,17.6667,0.0,6.66667,58,9.88167,9.95917,0.0,53.0,216.847,0
2018-10-04,7,17.6667,0.0,6.5,63,15.7067,11.9536,0.0,54.0,213.333,0
2018-10-04,8,17.8333,0.0,6.5,67,18.4636,11.5458,0.0,54.0,213.333,0
2018-10-04,9,18.1667,0.0,6.66667,66,19.0658,8.65545,0.0,54.0,213.333,0
2018-10-04,10,18.3333,0.0,6.83333,74,17.342,9.425,0.0,55.0,205.8,0
2018-10-04,11,18.6667,0.0,7.33333,66,14.2045,6.615,13.4351,54.5537,198.4,0
2018-10-04,12,19.1667,0.0,8.16667,59,12.911,8.85167,27.5773,55.0313,188.779,0
2018-10-04,13,19.6667,0.0,9.16667,54,10.8142,8.12833,42.4266,55.4328,175.137,0
2018-10-04,14,20.1667,0.0,10.1667,51,9.76333,7.56917,43.8408,57.2806,167.04,0
2018-10-04,15,20.1667,0.0,11.0,45,8.22364,7.89167,44.5479,58.2044,165.714,0
2018-10-04,16,19.8333,0.0,11.8333,44,11.9058,8.17917,43.1337,56.3567,178.286,0
2018-10-04,17,19.1667,0.0,12.3333,51,16.4885,10.0325,40.3053,52.6612,204.8,0
2018-10-04,18,17.8333,0.0,12.1667,59,24.2867,8.63091,25.456,49.2597,232.737,0
2018-10-04,19,16.1667,0.0,11.6667,67,40.8964,11.7817,25.456,62.2597,208.042,0
2018-10-04,20,14.1667,0.0,10.8333,76,54.9262,13.75,12.0209,55.706,258.353,0
2018-10-04,21,12.5,0.0,9.83333,79,59.1091,12.9483,8.57675,64.0209,248.4,0
2018-10-04,22,11.1667,0.0,8.66667,78,57.3445,12.9136,-6.88824,56.6298,313.2,0
2018-10-04,23,10.0,0.0,7.66667,77,51.8331,10.2075,-10.3324,48.9448,366.277,0
2018-10-05,0,9.5,0.0,6.83333,78,54.382,9.155,-13.7765,57.2597,332.677,0
2018-10-05,1,9.33333,0.0,6.16667,81,45.97,6.66273,-17.6033,53.4985,347.564,0
2018-10-05,2,9.5,0.0,5.66667,84,41.87,7.0625,-24.6744,49.5696,339.2,0
2018-10-05,3,9.66667,0.0,5.5,81,40.2675,8.20727,-28.3014,48.3258,325.867,0
2018-10-05,4,9.66667,0.0,5.5,81,41.3591,8.19583,-31.9283,47.0819,312.8,0
2018-10-05,5,9.66667,0.0,5.5,82,41.7617,7.78667,-34.8482,45.131,312.8,0
2018-10-05,6,9.5,0.0,5.66667,84,39.4825,9.88167,-37.7681,43.1801,324.48,0
2018-10-05,7,9.33333,0.0,5.66667,89,41.7108,15.7067,-40.3053,40.3053,337.08,0
2018-10-05,8,9.16667,0.0,5.83333,81,46.9745,18.4636,-39.5982,39.5982,349.92,0
2018-10-05,9,9.16667,0.0,6.33333,73,40.0583,19.0658,-40.842,35.9712,363.0,0
2018-10-05,10,9.5,0.0,7.16667,67,27.431,17.342,-43.0097,32.7269,352.8,0
2018-10-05,11,10.0,0.0,8.5,55,19.2475,14.2045,-44.4239,34.1411,325.867,0
2018-10-05,12,10.5,0.0,10.0,48,14.683,12.911,-40.1812,29.8984,340.267,0
2018-10-05,13,11.0,0.0,11.8333,45,12.7217,10.8142,-44.9038,28.1266,300.667,0
2018-10-05,14,11.5,0.0,13.6667,45,13.1109,9.76333,-47.6754,29.2747,273.48,0
2018-10-05,15,11.6667,0.0,15.0,43,13.205,8.22364,-49.5232,30.04,260.945,0
2018-10-05,16,11.5,0.0,16.0,44,13.0208,11.9058,-51.9077,26.4713,270.3,0
2018-10-05,17,11.0,0.0,16.1667,49,15.7058,16.4885,-33.4224,17.986,291.5,0
2018-10-05,18,10.5,0.0,15.8333,55,30.6591,24.2867,-13.3358,13.3938,324.8,0
2018-10-05,19,10.1667,0.0,15.1667,58,44.9958,40.8964,6.75076,8.80164,359.9,0
2018-10-05,20,9.83333,0.0,14.0,65,63.1718,54.9262,16.7508,8.80164,311.1,0
2018-10-05,21,9.66667,0.0,12.6667,72,62.9758,59.1091,37.8373,4.20948,323.345,0
2018-10-05,22,9.66667,0.0,11.3333,73,65.4409,57.3445,58.0,0.0,324.48,0
2018-10-05,23,9.83333,0.0,10.1667,77,58.3483,51.8331,58.0,0.0,312.8,0
2018-10-06,0,9.83333,0.0,9.16667,80,57.0227,54.382,59.0,0.0,300.0,1
2018-10-06,1,9.66667,0.0,8.33333,81,49.8267,45.97,59.0,0.0,312.12,1
2018-10-06,2,9.5,0.0,7.83333,82,47.2733,41.87,58.0,0.0,324.48,1
2018-10-06,3,9.16667,0.0,7.33333,83,44.8609,40.2675,57.0,0.0,337.08,1
2018-10-06,4,8.66667,0.0,6.83333,85,42.3558,41.3591,55.0,0.0,363.0,1
2018-10-06,5,8.33333,0.0,6.5,83,43.4258,41.7617,52.0,0.0,403.68,1
2018-10-06,6,8.16667,0.0,6.33333,95,45.0982,39.4825,60.0,0.0,360.0,1
2018-10-06,7,8.0,0.0,6.0,100,42.4146,41.7108,58.0,0.0,374.0,1
2018-10-06,8,8.0,0.0,5.83333,100,43.5245,46.9745,57.0,0.0,388.267,1
2018-10-06,9,8.33333,0.0,6.33333,87,38.4158,40.0583,57.0,0.0,388.267,1
2018-10-06,10,8.83333,0.0,7.16667,68,24.9958,27.431,58.0,0.0,360.0,1
2018-10-06,11,9.5,0.0,8.66667,54,22.3236,19.2475,53.0,0.0,371.25,1
2018-10-06,12,10.3333,0.0,10.5,47,22.5342,14.683,57.0,0.0,313.65,1
2018-10-06,13,11.3333,0.0,12.8333,42,21.0408,12.7217,54.0,0.0,300.667,1
2018-10-06,14,12.3333,0.0,15.1667,42,24.1364,13.1109,32.0657,5.35752,250.92,1
2018-10-06,15,13.0,0.0,17.1667,43,29.597,13.205,-1.79252,11.0977,255.2,1
2018-10-06,16,13.1667,0.0,18.8333,44,27.796,13.0208,-26.7268,16.4552,242.031,1
2018-10-06,17,12.8333,0.0,19.3333,52,33.0183,15.7058,-28.7268,16.4552,267.429,1
2018-10-06,18,12.3333,0.0,19.3333,67,38.6255,30.6591,-18.7268,16.4552,240.0,1
2018-10-06,19,11.6667,0.0,18.8333,69,47.2345,44.9958,4.20748,11.0977,286.0,1
2018-10-06,20,10.8333,0.0,17.8333,75,54.3236,63.1718,28.0657,5.35752,328.714,1
2018-10-06,21,10.1667,0.0,16.5,74,47.3973,62.9758,51.0,0.0,353.455,1
2018-10-06,22,10.0,0.0,15.1667,71,41.9455,65.4409,61.0,0.0,300.0,1
2018-10-06,23,10.0,0.0,14.1667,71,41.3709,58.3483,40.7612,3.8268,300.0,1
2018-10-07,0,10.0,0.0,13.3333,72,40.1782,57.0227,21.5224,7.6536,300.0,1
2018-10-07,1,10.0,0.0,12.6667,69,41.4727,49.8267,2.2836,11.4804,300.0,1
2018-10-07,2,10.0,0.0,12.3333,69,38.114,47.2733,-16.9552,15.3072,300.0,1
2018-10-07,3,10.0,0.0,12.0,76,38.294,44.8609,-16.9552,15.3072,300.0,1
2018-10-07,4,10.0,0.0,11.6667,75,36.8715,42.3558,-16.9552,15.3072,300.0,1
2018-10-07,5,10.0,0.0,11.5,74,36.5883,43.4258,2.2836,11.4804,300.0,1
2018-10-07,6,10.0,0.51,11.3333,79,36.7675,45.0982,2.2836,11.4804,300.0,1
2018-10-07,7,10.0,0.51,11.1667,79,39.3258,42.4146,2.2836,11.4804,300.0,1
2018-10-07,8,10.0,0.51,11.1667,77,40.4875,43.5245,2.2836,11.4804,300.0,1
2018-10-07,9,10.0,0.51,11.5,74,41.29,38.4158,-16.9552,15.3072,300.0,1
2018-10-07,10,10.8333,0.51,12.3333,65,39.2373,24.9958,-36.194,19.134,300.0,1
2018-10-07,11,12.1667,0.51,13.6667,58,39.9175,22.3236,-47.5618,25.9138,297.0,1
2018-10-07,12,13.6667,0.0,15.1667,56,40.2275,22.5342,-41.8122,30.9882,253.08,1
2018-10-07,13,15.1667,0.0,16.8333,54,41.2925,21.0408,-36.7697,36.7697,216.72,1
2018-10-07,14,16.5,0.0,18.3333,55,41.5092,24.1364,-33.434,43.7168,198.4,1
2018-10-07,15,17.5,0.0,19.6667,54,41.8225,29.597,-27.5942,47.6186,202.926,1
2018-10-07,16,17.1667,0.0,20.5,62,39.9875,27.796,-20.282,48.9656,225.095,1
2018-10-07,17,16.0,0.0,20.6667,61,37.1855,33.0183,-25.2569,60.9761,200.842,1
2018-10-07,18,14.5,0.0,20.1667,80,39.3209,38.6255,-17.986,54.4224,256.0,1
2018-10-07,19,12.8333,0.0,19.3333,79,43.915,47.2345,-17.986,64.4224,240.0,1
2018-10-07,20,11.3333,0.0,18.3333,82,46.4036,54.3236,-11.0977,56.7925,303.525,1
2018-10-07,21,10.5,0.0,17.1667,76,24.4517,47.3973,1.38915,50.3254,354.738,1
2018-10-07,22,10.5,0.0,16.0,71,12.37,41.9455,9.16736,58.1036,300.0,1
2018-10-07,23,11.0,0.0,14.8333,70,5.92583,41.3709,26.1526,40.068,334.08,1
2018-10-08,0,11.5,0.0,14.0,73,5.49273,40.1782,39.087,35.4255,275.6,0
2018-10-08,1,12.0,0.0,13.1667,78,6.3725,41.4727,44.7334,23.0854,281.455,0
2018-10-08,2,12.5,0.0,12.3333,82,7.44917,38.114,48.0418,19.8994,281.538,0
2018-10-08,3,12.5,0.0,11.3333,92,8.47333,38.294,47.1179,19.5167,297.0,0
2018-10-08,4,12.0,0.0,10.3333,93,7.94545,36.8715,57.2806,23.7262,258.514,0
2018-10-08,5,11.1667,0.0,9.33333,95,7.67333,36.5883,53.585,22.1954,289.385,0
2018-10-08,6,10.5,0.0,8.33333,98,7.11667,36.7675,49.8895,20.6647,324.8,0
2018-10-08,7,10.1667,0.0,7.33333,100,10.1083,39.3258,47.1179,19.5167,359.9,0
2018-10-08,8,9.83333,0.0,6.83333,93,14.2283,40.4875,56.3567,23.3435,311.1,0
2018-10-08,9,9.66667,0.0,6.83333,80,14.4255,41.29,54.5089,22.5781,323.345,0
2018-10-08,10,9.33333,0.0,7.0,70,14.57,39.2373,53.585,22.1954,324.48,0
2018-10-08,11,9.16667,0.0,7.5,62,9.89833,39.9175,52.3462,18.3686,339.2,0
2018-10-08,12,9.0,0.0,8.5,55,8.31545,40.2275,51.4224,11.8631,352.8,0
2018-10-08,13,8.83333,0.0,9.83333,51,7.63167,41.2925,50.4985,5.35752,376.32,0
2018-10-08,14,8.66667,0.0,10.8333,49,7.34364,41.5092,49.5746,-1.9134,389.88,0
2018-10-08,15,8.33333,0.0,11.8333,46,11.3567,41.8225,48.6507,-9.18432,403.68,0
2018-10-08,16,8.33333,0.0,12.6667,44,12.3117,39.9875,56.0418,-12.2458,360.0,0
2018-10-08,17,8.33333,0.0,12.8333,56,16.9058,37.1855,54.194,-19.134,360.0,0
2018-10-08,18,8.33333,0.0,12.6667,57,18.7491,39.3209,51.8509,-24.7909,360.0,0
2018-10-08,19,8.16667,0.0,12.1667,62,49.0658,43.915,50.1167,-27.3863,360.0,0
2018-10-08,20,7.83333,0.0,11.3333,73,61.1855,46.4036,45.7871,-31.7159,374.0,0
2018-10-08,21,7.66667,0.0,10.0,82,70.3817,24.4517,37.4722,-35.2718,402.8,0
2018-10-08,22,7.66667,0.0,8.66667,83,71.6373,12.37,29.1573,-38.8277,421.2,0
2018-10-08,23,7.66667,0.0,7.83333,83,69.2242,5.92583,18.7048,-43.1573,421.2,0
2018-10-09,0,7.66667,0.0,6.83333,88,67.1736,5.49273,5.65688,-45.7527,421.2,0
2018-10-09,1,7.5,0.0,6.0,89,59.1608,6.3725,-5.65688,-45.7527,421.2,0
2018-10-09,2,7.33333,0.0,5.5,88,57.7167,7.44917,-17.7809,-42.7746,437.25,0
2018-10-09,3,7.16667,0.0,5.33333,92,53.7036,8.47333,-26.3856,-37.6796,460.8,0
2018-10-09,4,6.83333,0.0,5.0,93,54.21,7.94545,-31.9289,-39.9757,420.0,0
2018-10-09,5,6.5,0.0,4.5,100,52.8292,7.67333,-37.4722,-35.2718,437.143,0
2018-10-09,6,6.16667,0.0,4.33333,100,53.0625,7.11667,-43.0155,-30.5679,469.05,0
2018-10-09,7,6.0,0.0,4.16667,100,55.7817,10.1083,-45.4973,-25.4729,503.25,0
2018-10-09,8,6.0,0.0,4.16667,100,56.4791,14.2283,-45.3837,-22.1121,538.65,0
2018-10-09,9,6.0,0.0,4.5,97,61.1818,14.4255,-50.927,-24.4082,497.25,0
2018-10-09,10,6.16667,0.0,5.33333,86,51.1567,14.57,-50.8134,-21.0474,517.029,0
2018-10-09,11,6.5,0.0,6.83333,68,37.5742,9.89833,-37.3462,-18.3686,499.8,0
2018-10-09,12,6.83333,0.0,8.5,57,35.2008,8.31545,-18.2597,-13.7765,517.0,0
2018-10-09,13,7.16667,0.0,10.3333,50,35.695,7.63167,-4.7164,-11.4804,477.0,0
2018-10-09,14,7.5,0.0,12.1667,49,36.5873,7.34364,8.82688,-9.18432,438.6,0
2018-10-09,15,7.66667,0.0,13.8333,48,36.9433,11.3567,27.9134,-4.59216,451.0,0
2018-10-09,16,7.5,0.0,15.1667,50,38.1667,12.3117,40.4567,-2.29608,432.0,0
2018-10-09,17,6.83333,0.0,15.5,61,43.0867,16.9058,52.0,0.0,443.143,0
2018-10-09,18,6.5,0.0,15.3333,68,46.3836,18.7491,48.3045,-1.53072,437.143,0
2018-10-09,19,6.33333,0.0,14.8333,76,65.85,49.0658,35.7612,-3.8268,469.05,0
2018-10-09,20,6.16667,0.0,13.6667,89,77.9391,61.1855,21.294,-6.50556,486.0,0
2018-10-09,21,6.16667,0.0,12.1667,98,80.8517,70.3817,6.82688,-9.18432,503.25,0
2018-10-09,22,6.33333,0.0,10.6667,92,80.5845,71.6373,-7.64028,-11.8631,520.8,0
2018-10-09,23,6.83333,0.0,9.66667,88,75.6492,69.2242,-8.64028,-11.8631,528.0,0
2018-10-10,0,7.0,0.0,8.83333,92,74.8455,67.1736,-8.64028,-11.8631,517.0,0
2018-10-10,1,6.83333,0.0,8.0,92,69.4683,59.1608,-21.1074,-9.18432,468.0,0
2018-10-10,2,6.66667,0.0,7.83333,90,68.6336,57.7167,-22.9552,-5.35752,457.6,0
2018-10-10,3,6.5,0.0,7.66667,89,64.7142,53.7036,-22.9552,-0.76536,472.457,0
2018-10-10,4,6.33333,0.0,7.5,84,64.0808,54.21,-22.0313,4.20948,490.629,0
2018-10-10,5,6.0,0.0,7.0,100,61.815,52.8292,-21.1074,9.18432,509.143,0
2018-10-10,6,5.66667,0.0,6.66667,100,60.0242,53.0625,-25.7268,11.0977,480.0,0
2018-10-10,7,5.5,0.0,6.5,100,62.1418,55.7817,-14.2597,13.7765,517.029,0
2018-10-10,8,5.5,0.0,6.33333,100,64.1573,56.4791,-16.2597,13.7765,555.429,0
2018-10-10,9,5.5,0.0,6.66667,100,62.1417,61.1818,-28.803,11.4804,575.143,0
2018-10-10,10,5.66667,0.0,7.5,75,56.5775,51.1567,-27.8791,6.50556,583.0,0
2018-10-10,11,6.0,0.0,9.16667,61,43.4558,37.5742,-28.803,1.53072,561.6,0
2018-10-10,12,6.5,0.0,11.0,52,35.9509,35.2008,-28.2094,-5.71513,540.6,0
2018-10-10,13,7.16667,0.0,13.0,49,30.3882,35.695,-28.323,-13.6681,499.8,0
2018-10-10,14,7.66667,0.0,15.0,49,30.5925,36.5873,-21.6045,-26.1925,461.76,0
2018-10-10,15,8.16667,0.0,16.6667,49,30.0775,36.9433,-31.6045,-35.1925,432.0,0
2018-10-10,16,8.5,0.0,17.8333,53,33.3283,38.1667,-26.0612,-41.8964,377.4,0
2018-10-10,17,8.83333,0.0,18.1667,61,38.9842,43.0867,-14.0508,-45.9216,393.6,0
2018-10-10,18,9.0,0.0,17.8333,86,45.4336,46.3836,-9.101,-49.9718,371.25,0
2018-10-10,19,9.0,0.0,17.0,90,59.2883,65.85,-3.44412,-53.3149,366.667,0
2018-10-10,20,8.83333,0.0,15.6667,100,71.98,77.9391,-3.44412,-53.3149,366.667,0
2018-10-10,21,8.66667,0.0,14.0,100,75.62,80.8517,-6.50556,-51.706,380.8,0
2018-10-10,22,8.5,0.0,12.3333,94,76.9655,80.5845,-9.567,-50.097,395.2,0
2018-10-10,23,8.33333,0.0,11.0,88,73.4275,75.6492,-12.6284,-48.488,409.867,0
2018-10-11,0,8.0,0.0,9.83333,92,73.0609,74.8455,-15.6899,-55.8791,360.0,0
2018-10-11,1,7.66667,0.0,9.0,94,69.8283,69.4683,-18.3686,-53.3462,388.267,0
2018-10-11,2,7.5,0.0,8.5,94,70.6425,68.6336,-21.0474,-50.8134,417.6,0
2018-10-11,3,7.5,0.0,8.33333,93,67.5491,64.7142,-20.282,-48.9656,437.25,0
2018-10-11,4,7.5,0.0,8.16667,89,68.245,64.0808,-20.282,-48.9656,437.25,0
2018-10-11,5,7.66667,0.0,8.16667,87,68.2883,61.815,-20.282,-48.9656,437.25,0
2018-10-11,6,8.0,0.0,8.16667,93,67.7533,60.0242,-20.6647,-49.8895,421.2,0
2018-10-11,7,8.33333,0.0,8.0,100,65.9833,62.1418,-21.0474,-50.8134,392.229,0
2018-10-11,8,8.66667,0.0,8.0,96,66.745,64.1573,-21.8128,-52.6612,360.0,0
2018-10-11,9,9.16667,0.0,8.33333,89,66.5533,62.1417,-19.8994,-48.0418,386.4,0
2018-10-11,10,9.83333,0.0,9.16667,79,59.6425,56.5775,-21.0474,-50.8134,341.85,0
2018-10-11,11,10.6667,0.0,10.1667,64,50.8442,43.4558,-22.5781,-54.5089,300.0,0
2018-10-11,12,11.8333,0.0,11.6667,55,46.2325,35.9509,-21.0474,-50.8134,288.0,0
2018-10-11,13,13.0,0.0,13.6667,50,43.7767,30.3882,-25.4729,-45.4973,259.418,0
2018-10-11,14,14.1667,0.0,15.6667,50,43.1155,30.5925,-32.5772,-46.6484,216.0,0
2018-10-11,15,15.0,0.0,17.3333,48,42.2625,30.0775,-39.2988,-46.8756,196.114,0
2018-10-11,16,15.3333,0.0,18.5,50,39.3158,33.3283,-40.0642,-48.7234,195.0,0
2018-10-11,17,15.1667,0.0,19.0,57,40.3831,38.9842,-34.1079,-50.3439,210.6,0
2018-10-11,18,14.6667,0.0,18.8333,66,42.5636,45.4336,-27.769,-51.0406,235.125,0
2018-10-11,19,14.0,0.0,18.1667,73,60.7458,59.2883,-21.4301,-51.7373,261.0,0
2018-10-11,20,13.3333,0.0,17.0,81,62.9518,71.98,-23.7925,-45.4405,286.971,0
2018-10-11,21,12.6667,0.0,15.8333,82,64.6227,75.62,-32.2778,-53.9258,240.0,0
2018-10-11,22,12.3333,0.0,14.5,84,65.687,76.9655,-35.4056,-49.4768,249.508,0
2018-10-11,23,12.1667,0.0,13.3333,86,62.7783,73.4275,-38.9161,-45.9517,259.2,0
2018-10-12,0,12.0,0.0,12.5,86,61.1682,73.0609,-42.4266,-42.4266,260.0,0
2018-10-12,1,11.8333,0.0,11.8333,88,58.0275,69.8283,-42.4266,-42.4266,260.0,0
2018-10-12,2,11.6667,0.0,11.3333,90,57.1655,70.6425,-41.7195,-41.7195,270.3,0
2018-10-12,3,11.5,0.0,10.8333,87,54.2675,67.5491,-41.0124,-41.0124,280.8,0
2018-10-12,4,11.1667,0.0,10.5,88,55.0892,68.245,-40.3053,-40.3053,291.5,0
2018-10-12,5,10.8333,0.0,10.1667,89,54.4409,68.2883,-38.891,-38.891,313.5,0
2018-10-12,6,10.5,0.0,9.83333,90,57.5933,67.7533,-37.4768,-37.4768,329.018,0
2018-10-12,7,10.1667,0.0,9.33333,100,59.0275,65.9833,-36.7697,-36.7697,341.127,0
2018-10-12,8,9.66667,0.0,9.16667,100,61.725,66.745,-45.0846,-40.2138,300.0,0
2018-10-12,9,9.33333,0.0,9.33333,96,59.9067,66.5533,-44.6975,-35.4971,335.345,0
2018-10-12,10,9.16667,0.0,10.0,73,54.0991,59.6425,-45.2342,-31.163,349.92,0
2018-10-12,11,9.0,0.0,11.3333,57,43.755,50.8442,-46.478,-27.536,363.0,0
2018-10-12,12,9.0,0.0,13.0,48,35.3017,46.2325,-47.7218,-23.909,376.32,0
2018-10-12,13,9.16667,0.0,15.1667,44,33.0,43.7767,-49.8895,-20.6647,366.667,0
2018-10-12,14,9.66667,0.0,17.3333,44,32.0583,43.1155,-50.8134,-21.0474,341.85,0
2018-10-12,15,9.83333,0.0,19.3333,43,33.2133,42.2625,-53.585,-22.1954,312.8,0
2018-10-12,16,10.0,0.0,20.6667,47,34.8783,39.3158,-52.3412,-25.8224,300.0,0
2018-10-12,17,10.0,0.0,21.0,59,38.435,40.3831,-42.7825,-26.0053,346.92,0
2018-10-12,18,9.83333,0.0,20.6667,83,42.03,42.5636,-49.1465,-32.3693,300.0,0
2018-10-12,19,9.83333,0.0,19.8333,88,58.0892,60.7458,-46.2717,-34.9065,312.12,0
2018-10-12,20,9.5,0.0,18.3333,95,66.1491,62.9518,-44.104,-38.1508,323.345,0
2018-10-12,21,9.33333,0.0,16.6667,92,71.5092,64.6227,-40.3053,-40.3053,337.08,0
2018-10-12,22,9.0,0.0,15.0,90,70.5082,65.687,-41.5491,-36.6783,349.92,0
2018-10-12,23,8.66667,0.0,13.6667,88,70.465,62.7783,-41.869,-32.6686,366.667,0
2018-10-13,0,8.33333,0.0,12.6667,89,69.7309,61.1682,-41.9722,-28.9834,395.2,1
2018-10-13,1,7.83333,0.0,11.8333,89,65.84,58.0275,-48.4394,-31.6622,360.0,1
2018-10-13,2,7.33333,0.0,11.3333,91,63.5482,57.1655,-48.5425,-27.9769,400.68,1
2018-10-13,3,6.83333,0.0,10.8333,90,58.88,54.2675,-47.0147,-23.2019,448.0,1
2018-10-13,4,6.5,0.0,10.3333,92,58.2183,55.0892,-52.558,-25.498,420.0,1
2018-10-13,5,6.33333,0.0,9.83333,92,57.4545,54.4409,-51.7373,-21.4301,466.4,1
2018-10-13,6,6.16667,0.0,9.16667,100,59.17,57.5933,-47.665,-22.2286,503.25,1
2018-10-13,7,6.16667,0.0,8.66667,100,60.4867,59.0275,-44.5166,-23.4098,528.0,1
2018-10-13,8,6.33333,0.0,8.33333,100,58.7258,61.725,-42.9992,-25.6808,528.0,1
2018-10-13,9,6.5,0.0,8.5,100,57.8875,59.9067,-41.4819,-27.9519,528.0,1
2018-10-13,10,6.83333,0.0,9.33333,81,56.52,54.0991,-39.9645,-30.2229,517.0,1
2018-10-13,11,7.33333,0.0,10.8333,64,51.87,43.755,-40.0781,-33.5837,477.0,1
2018-10-13,12,8.0,0.0,12.8333,54,46.8275,35.3017,-40.8988,-37.6516,420.0,1
2018-10-13,13,8.5,0.0,14.8333,48,43.9946,33.0,-38.1839,-38.1839,395.2,1
2018-10-13,14,9.0,0.0,17.0,48,44.1938,32.0583,-36.0626,-36.0626,393.6,1
2018-10-13,15,9.5,0.0,18.8333,47,38.6017,33.2133,-38.1839,-38.1839,345.257,1
2018-10-13,16,9.66667,0.0,20.0,51,38.1783,34.8783,-37.061,-42.473,313.65,1
2018-10-13,17,9.66667,0.0,20.3333,59,46.6491,38.435,-34.8482,-45.131,312.8,1
2018-10-13,18,9.5,0.0,19.8333,87,55.0636,42.03,-31.9283,-47.0819,324.48,1
2018-10-13,19,9.33333,0.0,19.0,95,62.9718,58.0892,-28.3014,-48.3258,337.08,1
2018-10-13,20,9.16667,0.0,17.5,100,72.5673,66.1491,-24.6744,-49.5696,349.92,1
2018-10-13,21,9.0,0.0,15.8333,98,76.5692,71.5092,-23.9673,-48.8625,363.0,1
2018-10-13,22,8.83333,0.0,14.3333,92,79.0764,70.5082,-26.5045,-45.9877,366.667,1
2018-10-13,23,8.66667,0.0,13.0,88,76.7617,70.465,-28.7172,-43.3296,380.8,1
2018-10-14,0,8.66667,0.0,12.0,91,74.0958,69.7309,-30.93,-40.6716,395.2,1
2018-10-14,1,8.66667,0.0,11.1667,93,71.05,65.84,-33.8498,-38.7206,395.2,1
2018-10-14,2,8.66667,0.0,10.6667,94,70.0242,63.5482,-36.7697,-36.7697,395.2,1
2018-10-14,3,8.5,0.0,10.1667,96,69.585,58.88,-36.7697,-36.7697,395.2,1
2018-10-14,4,8.5,0.0,9.5,95,68.1327,58.2183,-36.0626,-36.0626,401.85,1
2018-10-14,5,8.5,0.0,9.0,94,65.7017,57.4545,-36.0626,-36.0626,401.85,1
2018-10-14,6,8.33333,0.0,8.66667,95,64.6175,59.17,-36.0626,-36.0626,409.867,1
2018-10-14,7,8.16667,0.0,8.16667,100,64.3067,60.4867,-41.7195,-41.7195,360.0,1
2018-10-14,8,8.0,0.0,7.83333,100,64.3792,58.7258,-41.0124,-41.0124,374.0,1
2018-10-14,9,8.16667,0.0,8.0,100,62.105,57.8875,-40.3053,-40.3053,388.267,1
2018-10-14,10,8.5,0.0,8.66667,83,55.9317,56.52,-40.3053,-40.3053,374.85,1
2018-10-14,11,9.0,0.0,10.0,64,50.8142,51.87,-36.0626,-36.0626,401.85,1
2018-10-14,12,9.66667,0.0,11.6667,53,46.775,46.8275,-38.1839,-38.1839,356.4,1
2018-10-14,13,10.5,0.0,13.8333,47,44.5527,43.9946,-41.0124,-41.0124,300.0,1
2018-10-14,14,11.5,0.0,16.1667,47,40.7264,44.1938,-38.891,-38.891,288.0,1
2018-10-14,15,12.3333,0.0,18.1667,45,37.1709,38.6017,-42.4266,-42.4266,240.0,1
2018-10-14,16,12.8333,0.0,19.6667,48,35.915,38.1783,-37.4768,-37.4768,265.5,1
2018-10-14,17,13.0,0.0,20.1667,56,40.1108,46.6491,-38.1839,-38.1839,261.415,1
2018-10-14,18,13.0,0.0,20.0,64,44.118,55.0636,-37.4768,-37.4768,277.114,1
2018-10-14,19,12.8333,0.0,19.1667,72,48.8217,62.9718,-36.0626,-36.0626,297.0,1
2018-10-14,20,12.5,0.0,18.0,78,50.1518,72.5673,-44.5479,-44.5479,249.171,1
2018-10-14,21,12.0,0.0,16.5,80,43.0533,76.5692,-43.1337,-43.1337,259.2,1
2018-10-14,22,11.6667,0.0,15.0,86,41.817,79.0764,-41.7195,-41.7195,270.3,1
2018-10-14,23,11.3333,0.0,13.6667,88,42.5683,76.7617,-41.0124,-41.0124,280.8,1
2018-10-15,0,11.0,0.0,12.5,87,45.1809,74.0958,-39.5982,-39.5982,302.4,0
2018-10-15,1,10.6667,0.0,11.6667,87,46.679,71.05,-40.3516,-34.9396,324.8,0
2018-10-15,2,10.1667,0.0,10.8333,87,43.7218,70.0242,-41.1051,-30.2811,341.127,0
2018-10-15,3,9.83333,0.0,10.1667,83,44.4264,69.585,-49.42,-33.7252,300.0,0
2018-10-15,4,9.5,0.0,9.5,83,43.2345,68.1327,-49.9567,-29.3911,323.345,0
2018-10-15,5,9.16667,0.0,9.0,83,45.5136,65.7017,-50.4935,-25.0571,337.08,0
2018-10-15,6,9.0,0.0,8.66667,80,46.6554,64.6175,-50.8134,-21.0474,363.0,0
2018-10-15,7,8.83333,0.0,8.0,94,48.4942,64.3067,-49.8895,-20.6647,376.32,0
2018-10-15,8,8.66667,0.0,7.66667,95,52.9345,64.3792,-48.9656,-20.282,380.8,0
2018-10-15,9,8.66667,0.0,7.83333,80,48.3308,62.105,-48.0418,-19.8994,395.2,0
2018-10-15,10,8.66667,0.0,8.66667,66,42.7138,55.9317,-48.0418,-19.8994,395.2,0
2018-10-15,11,9.0,0.0,10.0,52,36.03,50.8142,-48.0418,-19.8994,386.4,0
2018-10-15,12,9.33333,0.0,11.6667,42,32.33,46.775,-49.8895,-20.6647,366.667,0
2018-10-15,13,9.83333,0.0,13.8333,38,29.627,44.5527,-51.7373,-21.4301,339.2,0
2018-10-15,14,10.6667,0.0,16.0,40,30.27,40.7264,-47.1179,-19.5167,340.267,0
2018-10-15,15,11.1667,0.0,17.6667,40,28.3764,37.1709,-50.8134,-21.0474,288.0,0
2018-10-15,16,11.6667,0.0,18.6667,44,23.468,35.915,-53.585,-22.1954,262.08,0
2018-10-15,17,11.8333,0.0,18.8333,54,33.1042,40.1108,-52.8316,-26.854,250.364,0
2018-10-15,18,11.8333,0.0,18.3333,59,46.5364,44.118,-50.4471,-30.4227,260.0,0
2018-10-15,19,11.6667,0.0,17.3333,62,59.8867,48.8217,-47.1387,-33.6087,279.138,0
2018-10-15,20,11.3333,0.0,16.0,67,64.8162,50.1518,-42.9065,-36.4121,291.5,0
2018-10-15,21,11.0,0.0,14.6667,69,64.6038,43.0533,-41.9826,-36.0294,302.4,0
2018-10-15,22,10.6667,0.0,13.1667,79,68.375,41.817,-42.7361,-31.3709,317.127,0
2018-10-15,23,10.3333,0.0,11.8333,86,64.4731,42.5683,-44.1967,-27.4195,329.018,0
2018-10-16,0,10.0,0.0,10.8333,87,60.8527,45.1809,-44.7334,-23.0854,353.455,0
2018-10-16,1,9.5,0.0,10.0,87,59.1308,46.679,-53.0483,-26.5295,311.564,0
2018-10-16,2,9.0,0.0,9.16667,90,61.04,43.7218,-52.6612,-21.8128,347.564,0
2018-10-16,3,8.66667,0.0,8.33333,89,58.3967,44.4264,-49.8895,-20.6647,376.32,0
2018-10-16,4,8.0,0.0,7.66667,89,56.605,43.2345,-48.0418,-19.8994,403.68,0
2018-10-16,5,7.5,0.0,7.16667,90,54.9808,45.5136,-42.0418,-19.8994,386.88,0
2018-10-16,6,7.0,0.0,6.5,86,54.4431,46.6554,-26.803,-16.0726,432.667,0
2018-10-16,7,6.66667,0.0,5.83333,100,55.8885,48.4942,-24.0313,-10.3324,479.467,0
2018-10-16,8,6.33333,0.0,5.66667,100,57.9469,52.9345,-29.5746,-8.03628,450.667,0
2018-10-16,9,6.0,0.0,6.0,85,57.7008,48.3308,-26.803,-2.29608,486.0,0
2018-10-16,10,5.83333,0.0,7.0,66,57.2064,42.7138,-23.6546,5.00802,520.8,0
2018-10-16,11,5.66667,0.0,8.5,54,45.8858,36.03,-28.274,6.92142,497.25,0
2018-10-16,12,5.5,0.0,10.5,47,37.8133,32.33,-24.4185,13.5184,550.8,0
2018-10-16,13,5.5,0.0,13.0,43,33.4042,29.627,-20.563,20.1154,583.0,0
2018-10-16,14,5.5,0.0,15.1667,45,35.7925,30.27,-26.563,14.1154,583.0,0
2018-10-16,15,5.5,0.0,17.0,46,38.3554,28.3764,-30.2669,8.57212,583.0,0
2018-10-16,16,5.5,0.0,18.1667,53,40.1123,23.468,-22.4276,0.73276,583.0,0
2018-10-16,17,5.5,0.0,18.5,59,46.4523,33.1042,-22.4276,-4.26724,540.0,0
2018-10-16,18,5.66667,0.0,18.1667,70,51.3955,46.5364,-16.8843,-11.5633,561.0,0
2018-10-16,19,5.83333,0.0,17.1667,78,64.7962,59.8867,-15.5837,-18.1021,561.0,0
2018-10-16,20,6.0,0.0,15.6667,90,76.7582,64.8162,-13.1888,-26.9369,570.24,0
2018-10-16,21,6.16667,0.0,13.6667,95,80.7775,64.6038,-2.65321,-30.4724,524.16,0
2018-10-16,22,6.33333,0.0,11.8333,91,77.84,68.375,7.88234,-34.008,499.8,0
2018-10-16,23,6.5,0.0,10.3333,86,76.3567,64.4731,13.8823,-28.008,499.8,0
2018-10-17,0,6.5,0.0,9.16667,86,73.4573,60.8527,6.04298,-20.1686,499.8,0
2018-10-17,1,6.33333,0.0,8.16667,88,69.5275,59.1308,-1.79638,-12.3293,480.0,0
2018-10-17,2,6.16667,0.0,7.5,90,67.2455,61.04,-7.33966,-0.0331799,517.0,0
2018-10-17,3,5.83333,0.0,7.33333,84,64.36,58.3967,-8.64028,6.50556,528.0,0
2018-10-17,4,5.66667,0.0,7.16667,85,64.5033,56.605,-3.64028,6.50556,498.343,0
2018-10-17,5,5.5,0.0,6.83333,84,63.2458,54.9808,7.82688,9.18432,536.057,0
2018-10-17,6,5.5,0.0,6.5,95,60.1982,54.4431,-3.79252,7.27092,575.143,0
2018-10-17,7,5.5,0.0,6.16667,100,64.2392,55.8885,-15.0352,3.02826,583.0,0
2018-10-17,8,5.5,0.0,6.33333,100,64.6962,57.9469,-25.2778,-1.2144,583.0,0
2018-10-17,9,5.66667,0.0,6.66667,85,62.7221,57.7008,-23.9772,-7.75314,583.0,0
2018-10-17,10,6.0,0.0,7.5,74,38.72,57.2064,-22.6766,-14.2919,583.0,0
2018-10-17,11,6.5,0.0,9.0,59,61.0492,45.8858,-22.0831,-21.5377,561.6,0
2018-10-17,12,6.83333,0.0,10.8333,50,53.6718,37.8133,-22.1967,-29.4907,501.84,0
2018-10-17,13,7.16667,0.0,13.1667,45,52.2642,33.4042,-37.8536,-35.1476,483.36,0
2018-10-17,14,7.5,0.0,15.3333,46,50.7382,35.7925,-38.891,-38.891,438.6,0
2018-10-17,15,7.83333,0.0,17.1667,46,49.88,38.3554,-36.0626,-36.0626,451.0,0
2018-10-17,16,8.0,0.0,18.3333,50,52.6308,40.1123,-37.4768,-37.4768,413.4,0
2018-10-17,17,8.0,0.0,18.6667,60,56.7183,46.4523,-38.891,-38.891,392.229,0
2018-10-17,18,7.83333,0.0,18.5,67,64.7075,51.3955,-39.5982,-39.5982,390.0,0
2018-10-17,19,7.66667,0.0,17.6667,74,75.1675,64.7962,-38.891,-38.891,405.45,0
2018-10-17,20,7.5,0.0,16.3333,83,88.3058,76.7582,-38.1839,-38.1839,421.2,0
2018-10-17,21,7.33333,0.0,14.8333,84,94.0464,80.7775,-37.4768,-37.4768,437.25,0
2018-10-17,22,7.16667,0.0,13.5,77,91.591,77.84,-38.2871,-34.4987,453.6,0
2018-10-17,23,7.0,0.0,12.5,73,89.3055,76.3567,-39.0974,-31.5206,470.25,0
2018-10-18,0,6.83333,0.0,11.6667,76,87.122,73.4573,-45.5645,-34.1993,420.0,0
2018-10-18,1,6.83333,0.0,10.8333,84,83.4867,69.5275,-45.451,-30.8386,452.4,0
2018-10-18,2,6.66667,0.0,10.1667,92,78.791,67.2455,-46.2612,-27.8604,454.629,0
2018-10-18,3,6.5,0.0,9.66667,89,75.313,64.36,-46.8547,-25.2067,472.457,0
2018-10-18,4,6.33333,0.0,9.16667,84,72.699,64.5033,-47.4482,-22.553,490.629,0
2018-10-18,5,6.0,0.0,8.66667,92,72.562,63.2458,-48.0418,-19.8994,509.143,0
2018-10-18,6,5.83333,0.0,8.16667,100,72.5336,60.1982,-52.6612,-21.8128,480.0,0
2018-10-18,8,5.0,0.0,7.83333,100,68.93,64.6962,-40.3462,-18.3686,575.143,0
2018-10-18,9,4.83333,0.0,8.33333,95,69.0773,62.7221,-36.3462,-18.3686,559.543,0
2018-10-18,10,4.83333,0.0,9.16667,77,62.6,38.72,-33.4146,-12.1543,582.4,0
2018-10-18,11,5.16667,0.0,10.5,62,44.7,61.0492,-23.6287,-4.31497,599.657,0
2018-10-18,12,5.66667,0.0,12.0,52,46.8382,53.6718,-12.2118,3.31356,582.4,0
2018-10-18,13,6.33333,0.0,13.8333,47,44.178,52.2642,-1.0116,11.2665,540.0,0
2018-10-18,14,7.0,0.0,15.6667,48,43.06,50.7382,17.466,18.9201,546.96,0
2018-10-18,15,7.5,0.0,17.0,50,43.8117,49.88,29.4764,23.895,480.0,0
2018-10-18,16,7.83333,0.0,18.0,56,47.6536,52.6308,37.4869,28.8698,420.0,0
2018-10-18,17,7.83333,0.0,18.1667,64,114.33,56.7183,45.0224,25.3342,413.4,0
2018-10-18,18,7.5,0.0,17.8333,70,66.436,64.7075,47.7798,19.791,408.857,0
2018-10-18,19,7.16667,0.0,17.0,75,86.1327,75.1675,48.83,14.8412,437.25,0
2018-10-18,20,6.66667,0.0,15.6667,83,85.988,88.3058,48.7164,6.88824,470.25,0
2018-10-18,21,6.16667,0.0,14.0,93,85.5691,94.0464,52.2519,3.35269,452.4,0
2018-10-18,22,5.83333,0.0,12.0,100,80.345,91.591,48.3965,-3.2443,503.25,0
2018-10-18,23,5.66667,0.0,10.5,100,74.445,89.3055,41.0054,-0.30574,538.65,0
2018-10-19,0,5.66667,0.0,9.5,100,73.3509,87.122,41.0054,5.69426,497.25,0
2018-10-19,1,5.66667,0.0,8.83333,96,72.0691,83.4867,33.6144,8.63282,532.65,0
2018-10-19,2,5.83333,0.0,8.5,93,69.6609,78.791,25.6144,14.6328,555.429,0
2018-10-19,3,6.16667,0.0,8.66667,86,68.97,75.313,22.857,20.1761,561.6,0
2018-10-19,4,6.33333,0.0,9.0,91,86.04,72.699,21.8068,26.6433,540.6,0
2018-10-19,5,6.66667,0.0,9.5,89,83.645,72.562,21.2133,33.8891,501.84,0
2018-10-19,6,6.83333,0.0,9.66667,95,83.99,72.5336,19.7991,46.6171,496.8,0
2018-10-19,8,6.83333,0.0,10.0,100,77.9558,68.93,28.9915,43.8095,477.0,0
2018-10-19,9,6.83333,0.0,10.1667,100,77.6792,69.0773,33.2342,42.0522,477.0,0
2018-10-19,10,7.16667,0.0,10.8333,72,77.1667,62.6,38.1839,41.0019,457.6,0
2018-10-19,11,7.5,0.0,11.5,63,75.9418,44.7,40.3053,41.8227,420.0,0
2018-10-19,12,8.16667,0.0,12.5,56,73.7827,46.8382,39.6445,34.2325,437.25,0
2018-10-19,13,9.16667,0.0,13.6667,51,72.2227,44.178,44.1503,32.7851,375.943,0
2018-10-19,14,10.1667,0.0,15.0,51,72.179,43.06,46.0445,28.1849,316.2,0
2018-10-19,15,11.0,0.0,16.1667,49,73.243,43.8117,47.9386,23.5846,300.667,0
2018-10-19,16,11.3333,0.0,16.8333,52,71.475,47.6536,52.6612,21.8128,273.48,0
2018-10-19,17,11.3333,0.0,16.8333,68,70.4291,114.33,53.585,22.1954,271.745,0
2018-10-19,18,11.0,0.0,16.5,75,69.279,66.436,52.6612,21.8128,291.5,0
2018-10-19,19,10.5,0.0,15.6667,86,66.7855,86.1327,49.8895,20.6647,324.8,0
2018-10-19,20,9.83333,0.0,14.5,92,66.268,85.988,47.1179,19.5167,359.9,0
2018-10-19,21,9.16667,0.0,13.1667,92,69.0191,85.5691,54.5089,22.5781,333.9,0
2018-10-19,22,8.66667,0.0,12.0,95,69.69,80.345,50.8134,21.0474,372.655,0
2018-10-19,23,8.33333,0.0,11.0,98,68.0218,74.445,48.0418,19.8994,403.68,0
2018-10-20,0,8.0,0.0,10.1667,97,65.221,73.3509,55.4328,22.9608,360.0,1
2018-10-20,1,7.66667,0.0,9.5,98,63.5018,72.0691,52.6612,21.8128,388.267,1
2018-10-20,2,7.5,0.0,9.0,100,60.7409,69.6609,50.8134,21.0474,417.6,1
2018-10-20,3,7.33333,0.0,8.5,99,59.1827,68.97,47.4482,22.553,437.25,1
2018-10-20,4,7.16667,0.0,8.0,98,61.9018,86.04,45.007,24.4414,453.6,1
2018-10-20,5,7.0,0.0,7.5,97,60.9791,83.645,42.5657,26.3297,470.25,1
2018-10-20,6,7.0,0.0,7.0,99,60.7236,83.99,47.5155,31.2795,420.0,1
2018-10-20,8,7.0,0.25,6.5,100,58.5191,77.9558,42.6329,35.0561,437.143,1
2018-10-20,9,7.0,0.25,6.66667,91,52.94,77.6792,41.1156,37.3271,437.143,1
2018-10-20,10,7.0,0.63,7.0,82,47.8933,77.1667,39.5982,39.5982,437.143,1
2018-10-20,11,7.0,0.63,7.83333,71,45.0725,75.9418,39.5982,39.5982,437.143,1
2018-10-20,12,7.16667,1.01,8.83333,65,44.0167,73.7827,41.1156,37.3271,437.143,1
2018-10-20,13,7.33333,1.39,9.83333,66,41.385,72.2227,43.5568,35.4388,420.0,1
2018-10-20,14,7.5,2.02,10.6667,70,44.3375,72.179,41.0483,28.6007,460.8,1
2018-10-20,15,7.66667,2.02,11.3333,72,51.1967,73.243,43.4896,26.7124,443.143,1
2018-10-20,16,7.66667,1.64,11.6667,77,59.6283,71.475,45.9309,24.8241,425.829,1
2018-10-20,17,7.5,2.27,11.6667,73,60.6608,70.4291,47.4482,22.553,425.829,1
2018-10-20,18,7.0,2.52,11.3333,75,44.8992,69.279,48.4985,17.6033,443.143,1
2018-10-20,19,6.33333,1.89,11.0,73,47.9133,66.7855,53.4985,17.6033,420.0,1
2018-10-20,20,5.66667,1.26,10.6667,68,48.6936,66.268,50.7268,16.4552,486.0,1
2018-10-20,21,5.33333,2.28,10.1667,70,46.2617,69.0191,54.4224,17.986,480.0,1
2018-10-20,22,5.5,2.28,9.83333,73,42.6236,69.69,53.0313,14.9245,514.8,1
2018-10-20,23,6.0,2.67,9.5,73,39.7558,68.0218,51.2972,19.2541,514.8,1
2018-10-21,0,6.66667,3.06,9.16667,76,40.6427,65.221,52.9061,16.1927,497.25,1
2018-10-21,1,7.5,3.06,8.83333,78,41.1217,63.5018,48.0479,10.4525,517.0,1
2018-10-21,2,8.33333,3.06,8.33333,80,36.8327,60.7409,51.0479,10.4525,440.64,1
2018-10-21,3,9.0,2.04,8.16667,78,27.7458,59.1827,50.6673,5.47764,360.0,1
2018-10-21,4,9.5,2.04,7.83333,78,31.6425,61.9018,50.2106,0.12012,356.4,1
2018-10-21,5,9.83333,1.02,7.5,78,37.7533,60.9791,54.7164,-11.4804,325.867,1
2018-10-21,6,10.1667,0.0,7.33333,79,41.5308,60.7236,55.8791,-15.6899,300.0,1
2018-10-21,7,10.3333,0.0,7.16667,81,42.5742,59.0082,48.0418,-19.8994,326.8,1
2018-10-21,8,10.3333,0.0,7.16667,82,43.8717,58.5191,48.9656,-20.282,321.48,1
2018-10-21,9,10.1667,0.0,7.0,81,42.1742,52.94,48.0418,-19.8994,341.127,1
2018-10-21,10,10.0,0.0,7.33333,73,40.1083,47.8933,56.3567,-23.3435,300.0,1
2018-10-21,11,10.0,0.0,7.83333,69,36.62,45.0725,55.4328,-22.9608,311.564,1
2018-10-21,12,10.0,0.0,8.5,64,32.4323,44.0167,53.0483,-26.5295,311.564,1
2018-10-21,13,10.1667,0.0,9.16667,60,28.9292,41.385,53.0483,-26.5295,300.0,1
2018-10-21,14,10.3333,0.0,10.0,60,27.0017,44.3375,45.6573,-23.4681,326.8,1
2018-10-21,15,10.3333,0.0,10.8333,56,26.5775,51.1967,46.5812,-23.8508,321.48,1
2018-10-21,16,10.0,0.0,11.1667,57,28.0527,59.6283,45.6573,-23.4681,341.127,1
2018-10-21,17,9.5,0.0,11.1667,64,31.6817,60.6608,53.6573,-23.4681,311.564,1
2018-10-21,18,9.0,0.0,10.8333,73,40.1367,44.8992,53.8791,-15.6899,347.564,1
2018-10-21,19,8.33333,0.0,10.3333,85,58.0473,47.9133,51.7164,-11.4804,385.527,1
2018-10-21,20,7.83333,0.0,9.5,92,63.6983,48.6936,58.7164,-11.4804,360.0,1
2018-10-21,21,7.33333,0.0,8.66667,91,66.7392,46.2617,55.5537,-7.27092,400.68,1
2018-10-21,22,6.83333,0.0,7.83333,87,65.788,42.6236,52.3149,-3.44412,448.0,1
2018-10-21,23,6.16667,0.0,7.16667,85,68.0109,39.7558,57.3149,-3.44412,435.2,1
2018-10-22,0,5.5,0.0,6.5,86,61.716,40.6427,53.0,0.0,503.25,0
2018-10-22,1,5.0,0.0,5.83333,91,57.0527,41.1217,55.8284,2.82844,497.25,0
2018-10-22,2,4.66667,0.0,5.33333,95,55.703,36.8327,47.8284,6.82844,569.25,0
2018-10-22,3,4.66667,0.0,4.66667,100,53.8645,27.7458,45.915,11.4478,540.0,0
2018-10-22,4,4.83333,0.0,4.16667,100,50.2164,31.6425,35.619,16.9911,577.2,0
2018-10-22,5,5.16667,0.0,3.66667,100,46.4027,37.7533,25.3229,22.5344,599.657,0
2018-10-22,6,5.5,0.0,3.16667,100,46.5236,41.5308,16.0268,28.0777,620.229,0
2018-10-22,7,5.83333,0.0,2.83333,100,49.9736,42.5742,6.73072,33.621,626.4,0
2018-10-22,8,6.0,0.0,2.66667,100,51.6336,43.8717,-1.56536,39.1642,610.56,0
2018-10-22,9,6.16667,0.0,3.0,100,60.238,42.1742,-8.86144,44.7075,566.1,0
2018-10-22,10,6.5,0.0,3.5,77,52.3827,40.1083,-18.3686,48.3462,530.4,0
2018-10-22,11,7.0,0.0,4.5,59,39.19,36.62,-19.5167,47.1179,517.0,0
2018-10-22,12,7.66667,0.0,5.83333,49,31.2582,32.4323,-17.2206,50.5746,457.6,0
2018-10-22,13,8.5,0.0,7.5,45,33.4273,28.9292,-12.6284,49.488,432.0,0
2018-10-22,14,9.5,0.0,9.0,46,32.4491,27.0017,-8.03628,49.4015,385.0,0
2018-10-22,15,10.1667,0.0,10.1667,45,32.3127,26.5775,-5.7402,55.8582,300.0,0
2018-10-22,16,10.5,0.0,11.1667,47,33.685,28.0527,0.0,53.0,313.6,0
2018-10-22,17,10.6667,0.0,11.3333,56,41.3442,31.6817,0.0,54.0,309.12,0
2018-10-22,18,10.6667,0.0,11.1667,66,53.8609,40.1367,0.0,54.0,317.127,0
2018-10-22,19,10.5,0.0,10.5,70,65.5158,58.0473,0.0,53.0,336.3,0
2018-10-22,20,10.3333,0.0,9.83333,70,67.5582,63.6983,0.0,51.0,353.455,0
2018-10-22,21,10.5,0.81,9.16667,75,58.8217,66.7392,0.0,51.0,346.92,0
2018-10-22,22,11.0,1.62,8.5,79,49.5164,65.788,0.0,53.0,321.48,0
2018-10-22,23,11.6667,1.62,8.16667,80,44.4942,68.0109,9.19243,55.0104,285.12,0
2018-10-23,0,12.3333,1.62,8.0,80,36.9,61.716,19.092,57.9448,240.0,0
2018-10-23,1,12.8333,1.62,7.83333,85,26.9775,57.0527,28.9915,46.8443,265.5,0
2018-10-23,2,13.0,1.62,7.66667,86,24.2545,55.703,38.1839,44.0367,261.415,0
2018-10-23,3,12.8333,1.8,7.33333,86,21.2058,53.8645,37.4768,40.5116,277.114,0
2018-10-23,4,12.5,0.99,6.83333,88,23.3383,50.2164,45.255,48.2898,240.0,0
2018-10-23,5,12.0,1.98,6.33333,89,24.2817,46.4027,43.1337,45.5182,268.029,0
2018-10-23,6,11.6667,1.98,5.66667,89,25.5058,46.5236,41.0124,45.7813,289.385,0
2018-10-23,7,12.0,1.98,5.33333,89,26.5375,49.9736,31.82,48.5889,291.5,0
2018-10-23,8,13.0,1.98,5.0,87,27.2642,51.6336,23.3346,55.1036,250.364,0
2018-10-23,9,14.6667,0.99,4.83333,82,29.4067,60.238,20.5062,49.8907,228.0,0
2018-10-23,10,16.6667,1.73,5.0,76,25.5533,52.3827,27.5773,47.1295,200.08,0
2018-10-23,11,19.5,1.48,5.33333,72,23.4092,39.19,43.8408,53.3787,156.8,0
2018-10-23,12,22.8333,2.22,5.83333,70,20.5933,31.2582,36.0626,47.1179,169.043,0
2018-10-23,13,25.3333,2.22,6.16667,72,19.0567,33.4273,42.4266,55.4328,134.057,0
2018-10-23,14,27.6667,3.62,6.5,75,20.1183,32.4491,22.6275,59.5642,136.5,0
2018-10-23,15,29.0,5.02,6.83333,75,25.0608,32.3127,0.0,62.0,130.56,0
2018-10-23,16,29.1667,5.68,7.0,77,31.7558,33.685,0.0,61.0,141.113,0
2018-10-23,17,28.3333,6.34,7.0,78,25.1285,41.3442,-9.18432,51.1731,172.966,0
2018-10-23,18,27.6667,5.6,7.0,81,25.6509,53.8609,-17.986,72.4224,133.779,0
2018-10-23,19,28.1667,5.6,7.0,83,24.6758,65.5158,-19.5167,47.1179,169.043,0
2018-10-23,20,29.1667,4.2,7.0,85,21.5517,67.5582,-23.3435,56.3567,129.214,0
2018-10-23,21,31.5,3.74,7.0,84,19.8925,58.8217,-27.1703,65.5955,101.455,0
2018-10-23,22,35.5,2.34,7.0,85,13.322,49.5164,-30.9971,74.8343,81.0,0
2018-10-23,23,40.1667,1.88,7.33333,74,9.8625,44.4942,-34.8239,84.0731,65.3023,0
2018-10-24,0,44.1667,1.88,7.66667,73,4.85667,36.9,-19.5167,47.1179,117.647,0
2018-10-24,1,47.5,2.92,7.83333,79,4.9775,26.9775,-19.8994,48.0418,115.385,0
2018-10-24,2,49.8333,2.92,7.83333,84,2.75167,24.2545,-20.282,48.9656,113.208,0
2018-10-24,3,51.0,1.98,7.83333,85,2.38833,21.2058,-19.8994,48.0418,115.385,0
2018-10-24,4,51.0,3.02,7.83333,83,1.33167,23.3383,-19.8994,98.0418,60.0,0
2018-10-24,5,50.3333,2.08,7.5,82,1.94583,24.2817,0.0,98.0,64.896,0
2018-10-24,6,49.3333,2.08,7.16667,82,3.70583,25.5058,33.2342,91.4224,67.575,0
2018-10-24,7,48.1667,1.55,6.83333,83,7.09417,26.5375,65.7612,85.9208,70.3149,0
2018-10-24,8,47.0,1.55,6.66667,82,5.31455,27.2642,65.0541,75.0255,70.4348,0
2018-10-24,9,46.0,1.55,6.5,81,4.945,29.4067,64.347,64.347,73.1739,0
2018-10-24,10,45.3333,0.51,6.33333,76,5.39417,25.5533,62.9328,62.9328,76.16,0
2018-10-24,11,45.3333,0.51,6.33333,72,4.885,23.4092,62.2257,62.2257,76.3636,0
2018-10-24,12,46.0,0.51,6.33333,61,4.88167,20.5933,64.347,64.347,67.9364,0
2018-10-24,13,46.8333,0.0,6.5,49,5.08417,19.0567,68.5897,68.5897,60.0,0
2018-10-24,14,48.3333,0.0,6.66667,42,5.99417,20.1183,36.0626,36.0626,117.647,0
2018-10-24,15,49.3333,0.0,6.83333,41,7.19417,25.0608,38.1839,38.1839,111.111,0
2018-10-24,16,49.1667,0.0,6.83333,45,6.24417,31.7558,73.5394,73.5394,60.0,0
2018-10-24,17,47.6667,0.0,6.5,48,6.98417,25.1285,65.7612,65.7612,77.976,0
2018-10-24,18,45.0,0.0,6.16667,53,8.75417,25.6509,57.2759,57.2759,95.1628,0
2018-10-24,19,41.5,0.0,5.66667,54,9.76167,24.6758,50.9119,50.9119,112.547,0
2018-10-24,20,36.8333,0.0,5.33333,54,8.35727,21.5517,45.255,45.255,133.412,0
2018-10-24,21,33.0,0.0,4.83333,57,8.4975,19.8925,39.5982,39.5982,159.84,0
2018-10-24,22,30.3333,0.0,4.5,60,6.97727,13.322,37.4768,37.4768,165.092,0
2018-10-24,23,28.1667,0.0,4.33333,61,7.60083,9.8625,38.1839,38.1839,162.222,0
2018-10-25,0,26.3333,0.0,4.16667,63,9.21,4.85667,36.7697,36.7697,173.333,0
2018-10-25,1,25.0,0.0,4.16667,65,7.77917,4.9775,53.0332,53.0332,129.422,0
2018-10-25,2,24.1667,0.0,4.0,68,7.8475,2.75167,49.4977,54.2666,145.2,0
2018-10-25,3,22.8333,0.0,3.83333,67,9.44,2.38833,46.6693,55.9904,157.617,0
2018-10-25,4,21.3333,0.0,3.66667,71,12.3583,1.33167,43.8408,57.2806,176.727,0
2018-10-25,5,20.0,0.0,3.5,71,13.2483,1.94583,41.0124,53.585,198.0,0
2018-10-25,6,18.8333,0.0,3.16667,73,17.6531,3.70583,26.1631,51.1836,217.579,0
2018-10-25,7,17.6667,1.12,3.0,69,21.9225,7.09417,12.728,49.6298,236.733,0
2018-10-25,8,16.6667,1.12,2.83333,71,15.5883,5.31455,12.728,64.6298,194.133,0
2018-10-25,9,16.3333,2.24,3.0,75,17.6964,4.945,-5.7402,61.8582,209.647,0
2018-10-25,10,17.0,2.24,3.16667,85,24.3191,5.39417,-12.2458,60.5642,202.725,0
2018-10-25,11,18.5,2.24,3.5,86,19.5373,4.885,-20.6647,49.8895,200.08,0
2018-10-25,12,20.5,2.24,4.33333,87,15.9727,4.88167,-24.8742,60.0522,132.141,0
2018-10-25,13,23.0,1.75,5.16667,83,15.3836,5.08417,-20.6647,49.8895,159.508,0
2018-10-25,14,25.6667,1.75,6.33333,81,12.7291,5.99417,-10.715,55.8686,144.0,0
2018-10-25,15,28.1667,0.63,7.5,79,10.7382,7.19417,21.9204,58.6403,135.24,0
2018-10-25,16,30.0,0.63,8.66667,75,11.1325,6.24417,44.5479,58.2044,128.981,0
2018-10-25,17,31.1667,1.26,9.5,80,16.6258,6.98417,45.9622,60.0522,123.113,0
2018-10-25,18,31.5,1.26,10.0,77,15.0208,8.75417,46.6693,60.9761,121.818,0
2018-10-25,19,31.0,0.63,10.1667,75,14.6683,9.76167,44.5479,58.2044,134.909,0
2018-10-25,20,30.0,0.63,10.0,73,13.5508,8.35727,40.3053,52.6612,154.76,0
2018-10-25,21,28.6667,0.63,9.5,72,10.5025,8.4975,36.7697,48.0418,173.333,0
2018-10-25,22,27.0,0.63,9.0,72,8.80818,6.97727,53.7404,70.2149,124.667,0
2018-10-25,23,25.1667,0.61,8.66667,71,9.33083,7.60083,50.9119,66.5194,134.832,0
