data,timeofday,windspeed6,opady6,temp6,rhumid,index_avg,prev_index_avg,wind_dir_ns,wind_dir_ew,dispel50,is_weekend
2017-11-03,8,13.8333,1.02,7.83333,82,17.0,34.0,0.0,55.0,257.914,0
2017-11-03,9,13.5,1.02,7.83333,83,19.0,27.0,0.0,54.0,273.28,0
2017-11-03,11,13.1667,0.51,8.16667,79,17.0,27.0,8.48532,50.0866,291.877,0
2017-11-03,12,13.3333,0.0,8.33333,77,19.0,49.0,19.092,50.9448,271.385,0
2017-11-03,13,13.3333,0.0,8.5,77,28.5,53.13,28.9915,50.8791,261.415,0
2017-11-03,14,13.1667,0.0,8.83333,77,45.19,27.0,38.1839,49.8895,255.2,0
2017-11-03,16,12.5,0.0,9.16667,83,44.815,46.0,29.6986,61.803,240.0,0
2017-11-03,20,8.66667,0.0,8.0,84,55.63,41.0,0.0,58.0,345.6,0
2017-11-03,21,7.83333,0.0,7.66667,83,34.0,26.0,0.0,52.0,411.927,0
2017-11-04,1,6.83333,0.0,6.5,89,16.0,16.0,-12.986,55.3512,420.0,1
2017-11-04,2,6.83333,0.0,6.0,93,28.0,21.0,-17.9358,51.301,450.667,1
2017-11-04,3,7.0,0.0,5.5,93,37.0,24.0,-22.1785,46.5437,472.457,1
2017-11-04,4,6.83333,0.0,5.0,93,33.0,19.0,-27.1283,44.4935,457.6,1
2017-11-04,7,6.66667,0.0,4.0,85,32.0,33.0,-15.2379,28.2379,472.457,1
2017-11-04,8,7.0,0.0,4.16667,87,34.5,17.0,-5.55913,21.7707,472.457,1
2017-11-04,9,7.33333,0.0,4.5,86,12.0,19.0,7.39064,16.821,454.629,1
2017-11-04,10,8.0,0.0,5.16667,78,29.0,30.5,8.26815,4.18441,460.8,1
2017-11-04,11,8.66667,0.0,6.0,69,27.0,17.0,3.05524,-4.97484,392.229,1
2017-11-04,12,10.0,0.0,7.16667,63,17.5,19.0,-7.64028,-11.8631,367.2,1
2017-11-04,13,11.3333,0.0,8.33333,64,28.5,28.5,-33.5746,-17.2206,305.25,1
2017-11-04,14,12.0,0.0,9.33333,62,33.0,45.19,-47.1179,-19.5167,281.455,1
2017-11-04,15,12.0,0.0,10.1667,66,23.0,45.5,-24.9552,-15.3072,270.327,1
2017-11-04,16,11.6667,0.0,10.3333,74,38.0,44.815,-15.9552,-15.3072,240.0,1
2017-11-04,17,11.0,0.0,10.1667,100,30.5,55.005,3.20748,-11.0977,287.571,1
2017-11-04,18,10.3333,0.0,9.5,100,45.0,45.0,9.67464,-8.41896,367.92,1
2017-11-04,19,9.5,0.0,8.83333,94,48.0,60.63,0.435841,-12.2458,330.72,1
2017-11-04,20,9.5,0.0,8.16667,87,23.0,55.63,5.05524,-10.3324,357.5,1
2017-11-04,21,9.66667,0.0,7.33333,79,49.44,34.0,-18.0313,-14.9245,325.867,1
2017-11-04,22,9.83333,0.0,6.83333,72,50.0,16.0,-36.2701,-18.7513,312.8,1
2017-11-05,1,10.5,0.0,6.16667,71,43.5,16.0,-48.0418,-19.8994,348.0,1
2017-11-05,2,10.1667,0.0,6.0,72,32.0,28.0,-25.9552,-15.3072,346.92,1
2017-11-05,3,10.1667,0.0,6.0,71,44.0,37.0,-6.7164,-11.4804,346.92,1
2017-11-05,4,10.3333,0.0,6.0,72,35.0,33.0,-6.7164,-11.4804,346.92,1
2017-11-05,5,10.3333,0.0,6.0,72,35.0,35.5,-7.64028,-11.8631,334.08,1
2017-11-05,6,10.1667,0.0,5.83333,73,44.0,34.0,-7.64028,-11.8631,341.127,1
2017-11-05,7,9.66667,0.0,5.83333,69,35.0,32.0,-15.9552,-15.3072,300.0,1
2017-11-05,8,9.5,0.0,6.0,70,37.5,34.5,-34.3462,-18.3686,324.48,1
2017-11-05,9,9.83333,0.0,6.0,79,36.5,12.0,-52.6612,-21.8128,337.08,1
2017-11-05,10,10.1667,0.0,6.5,69,30.5,29.0,-54.5089,-22.5781,323.345,1
2017-11-05,11,10.6667,0.0,7.33333,61,22.0,27.0,-22.1074,-14.5418,340.267,1
2017-11-05,12,11.1667,0.0,8.5,56,4.0,17.5,-25.803,-16.0726,278.25,1
2017-11-05,13,11.6667,0.0,9.66667,56,15.0,28.5,-29.4985,-17.6033,240.0,1
2017-11-05,14,12.1667,0.0,10.6667,55,22.0,33.0,-31.3462,-18.3686,249.9,1
2017-11-05,15,12.0,0.0,11.8333,58,4.0,23.0,-31.3462,-18.3686,259.2,1
2017-11-05,16,11.6667,0.0,12.1667,65,15.0,38.0,-54.5089,-22.5781,279.138,1
2017-11-05,17,11.3333,0.0,12.0,71,41.5,30.5,-52.6612,-21.8128,291.5,1
2017-11-05,18,10.8333,0.0,11.5,75,38.0,45.0,-51.7373,-21.4301,294.0,1
2017-11-05,19,10.6667,0.0,10.8333,75,42.0,48.0,-49.8895,-20.6647,324.8,1
2017-11-05,20,9.83333,0.0,10.1667,77,48.0,23.0,-45.8741,-23.1437,341.127,1
2017-11-05,21,9.33333,0.0,9.33333,83,37.0,49.44,-50.8238,-28.0934,323.345,1
2017-11-05,22,9.0,0.0,8.66667,84,36.0,50.0,-46.318,-29.5408,360.0,1
2017-11-06,0,8.16667,0.0,7.83333,81,42.0,41.0,-50.9374,-31.4542,360.0,0
2017-11-06,1,8.0,0.0,7.5,79,36.5,43.5,-48.1658,-30.3062,374.0,0
2017-11-06,2,8.33333,0.0,7.16667,82,53.13,32.0,-48.1658,-30.3062,386.88,0
2017-11-06,3,8.16667,0.0,6.83333,83,48.815,44.0,-49.4096,-26.6792,360.0,0
2017-11-06,4,8.0,0.0,6.66667,83,42.5,35.0,-37.4598,-21.7294,374.85,0
2017-11-06,5,8.16667,0.0,6.5,83,55.63,35.0,-39.194,-19.134,388.267,0
2017-11-06,6,8.16667,0.0,6.33333,84,55.63,44.0,-38.2701,-18.7513,375.943,0
2017-11-06,7,7.83333,0.0,6.16667,93,57.75,35.0,-23.803,-16.0726,374.85,0
2017-11-06,8,7.5,0.0,6.16667,90,62.815,37.5,-9.41192,-13.0111,402.8,0
2017-11-06,9,7.5,0.0,6.5,85,57.5,36.5,5.903,-9.567,432.667,0
2017-11-06,10,7.5,0.0,7.16667,66,51.25,30.5,21.2179,-6.12288,443.143,0
2017-11-06,11,7.16667,0.0,8.0,63,67.5,22.0,11.1565,1.26816,437.25,0
2017-11-06,12,6.83333,0.0,8.83333,62,43.75,4.0,13.0042,6.62568,470.25,0
2017-11-06,13,6.83333,0.0,9.83333,63,39.5,15.0,8.76158,10.8683,436.05,0
2017-11-06,14,6.83333,0.0,10.5,64,51.25,22.0,9.68546,16.6085,452.4,0
2017-11-06,15,6.83333,0.0,11.0,68,35.0,4.0,-3.26431,21.5583,454.629,0
2017-11-06,16,7.0,0.0,11.0,71,59.19,15.0,-12.9431,28.0255,454.629,0
2017-11-06,17,7.66667,0.0,10.8333,82,60.0,41.5,-19.9431,37.0255,420.0,0
2017-11-06,18,8.16667,0.0,10.5,81,66.88,38.0,-23.8816,39.6344,432.0,0
2017-11-06,19,8.66667,0.0,10.0,81,74.38,42.0,-11.9744,45.6533,377.4,0
2017-11-06,20,8.5,0.0,9.66667,80,68.75,48.0,5.80656,47.9706,377.143,0
2017-11-06,21,8.5,0.0,9.33333,80,32.0,37.0,14.999,47.2635,393.6,0
2017-11-06,22,7.83333,0.0,9.0,80,34.0,36.0,22.6275,45.7462,409.867,0
2017-11-07,0,7.0,0.0,8.5,79,36.0,42.0,32.7902,40.9556,458.28,0
2017-11-07,1,6.33333,0.0,8.33333,79,33.5,36.5,40.1812,34.0171,479.467,0
2017-11-07,2,6.33333,0.0,8.16667,78,27.0,53.13,45.7245,36.3131,450.667,0
2017-11-07,3,6.33333,0.0,8.0,77,30.0,48.815,44.9038,30.2943,510.72,0
2017-11-07,4,6.66667,0.0,8.0,75,32.5,42.5,44.8327,21.0555,517.0,0
2017-11-07,5,6.83333,0.0,8.0,74,27.0,55.63,47.59,16.8128,509.143,0
2017-11-07,6,6.5,0.0,8.0,73,36.0,55.63,49.6403,11.8631,483.36,0
2017-11-07,7,6.66667,0.0,7.83333,79,41.0,57.75,50.5642,7.6536,477.0,0
2017-11-07,8,6.66667,0.0,7.83333,79,43.0,62.815,47.6996,-1.10964,486.0,0
2017-11-07,9,7.0,0.0,7.83333,77,43.5,57.5,44.5513,-8.41374,496.8,0
2017-11-07,10,7.66667,0.0,8.0,73,39.5,51.25,45.372,-17.0738,438.6,0
2017-11-07,11,8.33333,0.0,8.16667,72,38.5,67.5,37.0382,-29.5326,425.829,0
2017-11-07,12,9.5,0.0,8.5,73,40.0,43.75,37.8164,-37.3108,360.0,0
2017-11-07,13,10.1667,0.0,9.0,77,40.5,39.5,34.4655,-44.2071,300.0,0
2017-11-07,14,11.0,0.0,9.33333,75,45.0,51.25,35.3223,-41.2755,288.0,0
2017-11-07,15,11.3333,0.0,9.5,76,50.5,35.0,36.7365,-42.6897,282.764,0
2017-11-07,16,11.5,0.23,9.5,73,45.5,59.19,36.7365,-42.6897,282.764,0
2017-11-07,17,11.6667,0.23,9.33333,73,45.0,60.0,33.5505,-45.9981,289.385,0
2017-11-07,18,11.5,0.23,8.83333,71,29.0,66.88,28.9502,-47.8922,282.764,0
2017-11-07,19,11.3333,0.23,8.33333,67,48.0,74.38,25.7642,-51.2006,271.745,0
2017-11-07,20,11.3333,0.23,7.66667,67,35.0,68.75,21.8128,-52.6612,282.764,0
2017-11-07,21,11.1667,0.23,7.0,69,27.5,32.0,17.6033,-53.4985,291.5,0
2017-11-07,22,10.8333,0.0,6.33333,68,25.0,34.0,13.0111,-52.4119,313.5,0
2017-11-08,0,10.1667,0.0,5.16667,71,31.0,36.0,3.8268,-51.2388,334.08,0
2017-11-08,1,10.1667,0.0,4.5,72,23.5,33.5,0.0,-51.0,353.455,0
2017-11-08,2,9.66667,0.0,4.0,69,28.0,27.0,0.0,-61.0,300.0,0
2017-11-08,3,9.66667,0.0,3.66667,69,27.5,30.0,0.0,-58.0,324.48,0
2017-11-08,4,9.66667,0.0,3.33333,69,27.0,32.5,0.0,-58.0,324.48,0
2017-11-08,5,9.33333,0.0,3.16667,67,26.5,27.0,0.0,-58.0,335.345,0
2017-11-08,6,9.5,0.0,2.83333,67,28.5,36.0,-3.44412,-55.3149,339.2,0
2017-11-08,7,9.83333,0.0,2.83333,63,32.0,41.0,-3.44412,-56.3149,337.08,0
2017-11-08,8,10.3333,0.0,2.83333,65,25.0,43.0,-3.44412,-50.3149,346.92,0
2017-11-08,9,10.6667,0.0,3.33333,59,34.5,43.5,-7.6536,-50.4776,334.08,0
2017-11-08,10,11.1667,0.0,3.66667,83,43.0,39.5,-7.6536,-52.4776,300.667,0
2017-11-08,11,12.0,0.0,4.16667,74,49.065,38.5,-9.18432,-56.1731,262.08,0
2017-11-08,12,12.6667,0.0,5.0,69,43.625,40.0,-14.5418,-59.1074,240.0,0
2017-11-08,13,12.6667,0.0,5.83333,68,46.0,40.5,-10.3324,-50.9448,265.5,0
2017-11-08,14,12.6667,0.0,6.66667,65,48.75,45.0,-10.3324,-50.9448,271.385,0
2017-11-08,15,12.5,0.0,7.0,69,46.625,50.5,-5.35752,-49.9343,297.0,0
2017-11-08,16,11.8333,0.0,7.16667,75,43.5,45.5,-5.35752,-60.9343,258.514,0
2017-11-08,17,11.0,0.0,6.83333,100,51.565,45.0,0.0,-57.0,307.8,0
2017-11-08,18,10.3333,0.0,6.33333,100,42.0,29.0,0.0,-52.0,348.0,0
2017-11-08,19,9.66667,0.0,5.5,99,41.0,48.0,0.0,-62.0,300.0,0
2017-11-08,20,9.5,0.0,4.66667,100,50.63,35.0,0.0,-58.0,335.345,0
2017-11-08,21,8.83333,0.0,3.83333,98,50.0,27.5,0.0,-57.0,347.564,0
2017-11-08,22,8.33333,0.0,3.16667,97,66.25,25.0,0.0,-53.0,380.8,0
2017-11-09,0,7.33333,0.0,2.33333,100,46.0,31.0,0.0,-57.0,388.267,0
2017-11-09,1,7.0,0.0,2.16667,96,53.625,23.5,0.0,-54.0,443.52,0
2017-11-09,2,6.33333,0.0,1.83333,96,36.0,28.0,0.0,-60.0,420.0,0
2017-11-09,3,6.16667,0.0,1.66667,95,42.5,27.5,0.0,-56.0,452.4,0
2017-11-09,4,6.0,0.0,1.66667,95,44.0,27.0,-2.29608,-53.5433,510.72,0
2017-11-09,5,5.66667,0.0,1.5,94,44.25,26.5,-4.20948,-58.1627,495.72,0
2017-11-09,6,5.66667,0.0,1.66667,93,52.315,28.5,-7.74503,-51.6982,536.057,0
2017-11-09,7,5.66667,0.0,1.66667,95,49.125,32.0,-11.9877,-48.9409,540.6,0
2017-11-09,8,5.5,0.0,2.0,91,48.75,25.0,-5.98769,-42.9409,555.429,0
2017-11-09,9,5.33333,0.0,2.33333,87,34.0,34.5,-9.52324,-39.4764,583.0,0
2017-11-09,10,5.66667,0.0,2.83333,73,50.625,43.0,-14.1426,-41.3898,540.0,0
2017-11-09,11,5.83333,0.0,3.66667,68,45.0,49.065,-19.0924,-24.4401,583.0,0
2017-11-09,12,5.83333,0.0,4.66667,64,47.625,43.625,-13.0924,-18.4401,583.0,0
2017-11-09,13,6.0,0.0,5.66667,66,50.0,46.0,-4.79633,-12.8968,570.24,0
2017-11-09,14,6.33333,0.0,6.66667,63,45.0,48.75,4.11707,-8.27739,524.16,0
2017-11-09,15,6.66667,0.0,7.33333,65,87.845,46.625,14.6526,-4.74184,499.8,0
2017-11-09,16,6.66667,0.0,7.66667,79,93.195,43.5,12.4281,2.17958,480.0,0
2017-11-09,17,6.83333,0.0,7.83333,85,97.22,51.565,3.49651,8.39389,483.36,0
2017-11-09,18,6.83333,0.0,7.33333,89,114.44,42.0,3.16614,15.2571,472.457,0
2017-11-09,19,6.83333,0.0,6.66667,96,95.83,41.0,2.57263,12.6034,477.0,0
2017-11-09,20,6.83333,0.0,6.0,90,98.33,50.63,-9.89453,15.2821,457.6,0
2017-11-09,21,6.83333,0.0,5.5,86,91.39,50.0,-20.8443,20.2319,454.629,0
2017-11-09,22,7.0,0.0,5.16667,83,73.13,66.25,-32.7941,25.1817,454.629,0
2017-11-10,0,7.5,0.0,4.83333,81,64.38,46.0,-44.6407,33.8167,420.0,0
2017-11-10,1,7.66667,0.0,5.16667,79,68.13,53.625,-38.8806,31.845,451.0,0
2017-11-10,2,7.83333,0.0,5.33333,85,53.75,36.0,-36.3988,36.94,425.829,0
2017-11-10,3,8.16667,0.0,5.5,86,50.69,42.5,-32.9931,41.6523,408.857,0
2017-11-10,4,8.33333,0.0,5.66667,80,37.0,44.0,-31.4874,45.0174,375.943,0
2017-11-10,5,8.5,0.0,5.83333,80,49.875,44.25,-32.9016,46.4316,360.0,0
2017-11-10,6,8.66667,0.0,6.0,81,44.44,52.315,-27.9519,41.4819,401.85,0
2017-11-10,7,8.83333,0.0,6.0,82,41.0,49.125,-28.659,42.189,386.4,0
2017-11-10,8,9.5,0.48,6.0,82,44.0,48.75,-31.9615,41.1619,371.25,0
2017-11-10,9,9.83333,0.48,6.0,80,47.94,34.0,-37.3854,42.2562,325.867,0
2017-11-10,10,10.8333,0.48,6.16667,82,40.0,50.625,-41.7195,41.7195,300.0,0
2017-11-10,11,12.1667,0.96,6.5,74,35.0,45.0,-34.7317,42.8497,275.6,0
2017-11-10,12,13.6667,0.96,6.83333,66,42.0,47.625,-37.7097,36.6273,245.1,0
2017-11-10,13,15.0,1.87,7.33333,63,35.0,50.0,-45.8542,35.0302,180.0,0
2017-11-10,14,15.5,1.39,7.83333,65,36.0,45.0,-44.3567,25.4147,224.824,0
2017-11-10,15,16.0,1.39,8.16667,69,32.0,87.845,-58.2149,31.1549,180.0,0
2017-11-10,16,15.6667,2.3,8.33333,74,21.0,93.195,-55.4432,30.0068,208.8,0
2017-11-10,18,15.5,1.82,8.0,80,24.0,114.44,-53.585,22.1954,237.12,0
2017-11-10,19,15.8333,0.91,7.66667,78,21.0,95.83,-56.3567,23.3435,204.429,0
2017-11-10,20,16.5,0.91,7.33333,77,22.0,98.33,-48.9656,20.282,212.625,0
2017-11-10,21,17.6667,1.77,7.0,77,15.0,91.39,-51.7373,21.4301,198.4,0
2017-11-11,0,21.8333,1.72,6.33333,80,14.0,64.38,-62.8238,26.0222,136.286,1
2017-11-11,1,22.3333,2.3,6.16667,82,10.0,68.13,-47.1179,19.5167,176.538,1
2017-11-11,2,22.3333,2.3,6.0,86,11.0,53.75,-67.4432,27.9356,134.538,1
2017-11-11,3,22.0,1.44,6.0,86,6.0,50.69,-60.9761,25.2569,167.088,1
2017-11-11,4,22.5,1.44,5.83333,85,9.5,37.0,-51.3142,29.125,189.382,1
2017-11-11,5,21.6667,1.44,5.66667,85,11.0,49.875,-47.9594,37.6767,162.0,1
2017-11-11,6,21.1667,1.16,5.33333,87,6.0,44.44,-45.255,45.255,149.368,1
2017-11-11,7,21.0,1.52,4.83333,87,13.0,41.0,-40.2389,52.1453,156.75,1
2017-11-11,8,21.3333,1.52,4.5,84,11.5,44.0,-23.2683,56.1747,159.6,1
2017-11-11,9,21.3333,1.52,4.16667,80,11.0,47.94,-16.4552,60.7268,164.509,1
2017-11-11,10,21.1667,2.0,4.16667,70,17.0,40.0,-15.3072,57.9552,178.286,1
2017-11-11,11,21.5,2.0,4.16667,65,12.5,35.0,-15.3072,59.9552,165.714,1
2017-11-11,12,21.1667,1.9,4.5,60,15.0,42.0,-16.0726,61.803,143.242,1
2017-11-11,13,21.0,0.96,5.0,57,21.0,35.0,-16.4552,62.7268,157.617,1
2017-11-11,14,20.6667,1.47,5.33333,57,19.0,36.0,-24.1088,58.2044,175.304,1
2017-11-11,15,19.8333,1.47,5.5,59,19.5,32.0,-22.5781,54.5089,186.66,1
2017-11-11,16,18.1667,0.99,5.5,83,32.0,21.0,-24.8241,45.9309,229.14,1
2017-11-11,18,16.8333,1.02,5.16667,85,20.0,24.0,-35.5804,52.8988,208.042,1
2017-11-11,19,16.6667,1.02,4.83333,85,28.0,21.0,-39.6232,46.6588,196.114,1
2017-11-11,20,16.3333,0.51,4.5,83,21.0,22.0,-38.1839,38.1839,217.579,1
2017-11-11,21,16.5,2.01,4.33333,80,12.0,15.0,-40.4548,31.2544,220.8,1
2017-11-12,0,17.0,1.5,4.0,82,14.0,14.0,-55.8768,29.358,202.024,1
2017-11-12,2,15.1667,1.5,4.0,88,12.0,11.0,-52.1917,34.8733,202.024,1
2017-11-12,3,14.3333,0.0,3.83333,85,4.0,6.0,-44.971,36.853,228.48,1
2017-11-12,5,13.1667,0.0,3.5,90,12.0,11.0,-48.837,43.425,264.442,1
2017-11-12,6,12.1667,0.0,3.33333,91,4.0,6.0,-40.3767,42.0003,269.077,1
2017-11-12,7,12.3333,0.48,3.16667,93,15.0,13.0,-36.1591,44.8183,260.0,1
2017-11-12,8,12.0,0.48,3.0,93,15.0,11.5,-18.435,46.5062,276.0,1
2017-11-12,9,12.1667,0.48,3.0,91,9.0,11.0,-22.2618,55.745,240.0,1
2017-11-12,10,12.8333,0.48,3.16667,84,19.0,17.0,-17.986,57.4224,259.2,1
2017-11-12,11,13.0,0.48,3.5,77,14.5,12.5,-8.03628,49.4015,297.0,1
2017-11-12,12,12.8333,0.48,3.83333,69,15.0,15.0,-13.3938,48.3358,276.12,1
2017-11-12,13,12.3333,0.0,4.33333,65,19.0,21.0,-14.1592,50.1836,259.418,1
2017-11-12,14,12.5,0.0,4.66667,67,13.0,19.0,-17.7279,47.7991,288.225,1
2017-11-12,15,12.3333,0.0,5.0,71,21.0,19.5,-21.9374,57.9618,257.4,1
2017-11-12,16,11.0,0.0,5.0,71,43.625,32.0,-29.0085,49.0329,297.6,1
2017-11-12,17,10.3333,0.0,4.66667,73,57.375,22.0,-31.042,39.16,348.0,1
2017-11-12,18,9.83333,0.0,4.33333,68,73.75,20.0,-40.2808,42.9868,300.0,1
2017-11-12,19,9.66667,0.0,4.0,67,56.25,28.0,-26.6886,31.9002,323.345,1
2017-11-12,20,9.66667,0.0,3.66667,76,41.0,21.0,-28.1492,20.2952,335.345,1
2017-11-12,21,9.83333,0.0,3.33333,79,17.0,12.0,-31.7179,2.35433,324.48,1
2017-11-13,0,10.3333,3.0,3.33333,86,19.0,14.0,-28.8801,-40.2453,334.08,0
2017-11-13,2,9.83333,4.02,3.5,95,35.0,12.0,-19.5167,-47.1179,353.455,0
2017-11-13,3,9.5,4.02,3.66667,99,19.0,4.0,-19.5167,-55.1179,323.345,0
2017-11-13,5,9.5,2.04,4.0,97,32.0,12.0,-0.96518,-51.1024,337.08,0
2017-11-13,6,9.5,2.04,3.83333,98,41.0,4.0,9.93272,-48.9347,337.08,0
2017-11-13,7,9.33333,1.02,3.66667,95,43.0,15.0,20.8306,-46.767,337.08,0
2017-11-13,8,10.0,1.02,3.5,92,35.5,15.0,33.6574,-37.5282,327.6,0
2017-11-13,9,10.6667,1.53,3.33333,92,34.5,9.0,42.2133,-21.2133,346.92,0
2017-11-13,10,12.1667,0.51,3.16667,86,26.0,19.0,47.1526,-9.16736,309.12,0
2017-11-13,11,13.8333,2.16,3.0,84,39.0,14.5,50.5642,12.2458,246.4,0
2017-11-13,12,15.8333,2.16,3.16667,80,32.0,15.0,43.7064,26.388,208.338,0
2017-11-13,13,17.3333,2.16,3.33333,76,26.0,19.0,47.2523,36.9695,168.505,0
2017-11-13,14,17.5,2.16,3.5,78,50.815,13.0,42.4266,42.4266,180.0,0
2017-11-13,15,16.8333,1.65,3.66667,80,70.005,21.0,37.4768,37.4768,237.109,0
2017-11-13,16,15.1667,1.65,3.66667,80,77.19,43.625,43.8408,43.8408,248.727,0
2017-11-13,17,13.6667,0.0,3.66667,81,65.63,57.375,50.2048,50.2048,247.582,0
2017-11-13,18,11.8333,0.0,3.5,81,71.88,73.75,42.4266,44.8111,309.333,0
2017-11-13,21,10.8333,0.0,3.0,79,33.0,17.0,38.1839,47.9386,300.667,0
2017-11-13,22,11.6667,0.0,3.0,77,30.0,27.0,39.5982,51.7373,294.0,0
2017-11-14,0,11.3333,0.0,3.0,84,24.0,19.0,33.9413,55.3462,270.3,0
2017-11-14,1,11.0,0.0,3.0,87,28.0,26.5,25.456,53.2597,294.0,0
2017-11-14,2,10.8333,0.0,2.83333,87,20.0,35.0,17.6777,53.097,305.455,0
2017-11-14,4,10.1667,0.0,2.83333,85,30.0,32.0,0.0,51.0,353.455,0
2017-11-14,7,10.0,0.0,2.33333,73,30.0,43.0,14.1422,49.4776,346.92,0
2017-11-14,9,9.83333,0.0,2.33333,68,50.63,34.5,26.8702,56.1074,323.345,0
2017-11-14,12,11.0,0.0,3.16667,48,35.0,32.0,38.1839,49.8895,300.667,0
2017-11-14,13,11.8333,0.0,3.66667,44,29.0,26.0,31.82,53.5746,263.467,0
2017-11-14,14,12.8333,0.0,4.0,46,20.0,50.815,17.6777,49.097,286.7,0
2017-11-14,15,12.6667,0.0,4.16667,52,35.0,70.005,9.19243,53.0104,261.415,0
2017-11-14,16,12.0,0.0,4.16667,63,29.0,77.19,0.0,51.0,286.7,0
2017-11-14,17,11.0,0.0,3.83333,78,52.5,65.63,-3.06144,58.391,270.3,0
2017-11-14,21,8.33333,0.0,1.83333,68,58.13,33.0,-20.6359,55.3419,360.0,0
2017-11-14,22,8.5,0.0,1.66667,63,50.0,30.0,-29.8747,44.1687,360.0,0
2017-11-15,1,10.3333,0.0,1.83333,65,51.25,28.0,5.86552,13.3105,300.0,0
2017-11-15,2,11.0,0.0,1.83333,74,50.0,20.0,9.67464,8.41896,334.08,0
2017-11-15,4,11.3333,0.0,1.33333,75,11.0,30.0,-13.1836,14.1592,262.08,0
2017-11-15,7,10.3333,0.0,0.833333,76,24.0,30.0,-47.1851,28.2431,318.171,0
2017-11-15,9,9.66667,0.0,1.16667,74,57.815,50.63,-47.7323,30.955,335.345,0
2017-11-15,12,10.1667,0.0,2.83333,64,50.69,35.0,-44.1171,38.7052,300.0,0
2017-11-15,13,11.1667,0.0,3.66667,64,35.0,29.0,-39.8745,34.4625,297.0,0
2017-11-15,15,11.0,0.0,5.0,71,44.0,35.0,-36.7365,42.6897,282.764,0
2017-11-15,16,10.3333,0.0,5.33333,78,27.0,29.0,-38.891,38.891,313.5,0
2017-11-15,17,9.5,0.0,5.33333,81,60.63,52.5,-43.8408,43.8408,300.0,0
2017-11-15,21,7.0,0.0,3.83333,81,92.78,58.13,-40.4084,36.62,439.855,0
2017-11-15,22,7.0,0.0,3.5,79,92.22,50.0,-39.0974,31.5206,479.467,0
2017-11-16,1,7.33333,0.0,2.83333,75,94.305,51.25,-34.6418,25.947,420.0,0
2017-11-16,2,7.16667,0.0,2.83333,80,99.72,50.0,-21.6921,20.9973,420.0,0
2017-11-16,3,7.0,0.0,2.83333,79,100.415,48.0,-21.5785,17.6365,420.0,0
2017-11-16,4,6.83333,0.0,2.83333,78,98.89,11.0,-11.3358,13.3938,437.143,0
2017-11-16,5,6.5,0.0,3.0,77,97.915,55.625,1.13136,10.715,454.629,0
2017-11-16,6,6.33333,0.28,3.0,76,102.64,48.0,13.5985,8.03628,472.457,0
2017-11-16,7,6.33333,0.28,3.0,75,99.165,24.0,14.5224,3.06144,503.25,0
2017-11-16,8,6.5,0.28,3.16667,74,99.17,59.065,14.5224,3.06144,490.629,0
2017-11-16,9,6.5,0.28,3.33333,72,99.17,57.815,1.05524,0.38268,503.25,0
2017-11-16,11,6.83333,0.28,3.83333,79,96.94,56.88,1.05524,-4.20948,477.0,0
2017-11-16,12,6.83333,0.0,4.33333,74,16.0,50.69,1.05524,-4.20948,477.0,0
2017-11-16,13,6.66667,0.0,4.83333,73,30.0,35.0,1.05524,-4.20948,477.0,0
2017-11-16,15,7.16667,0.0,5.5,82,16.0,44.0,15.5985,-1.9134,452.4,0
2017-11-16,16,7.16667,0.0,5.66667,87,62.5,27.0,30.9896,-4.97484,437.143,0
2017-11-16,18,7.5,0.0,4.66667,100,70.315,94.17,29.1418,-5.7402,420.0,0
2017-11-16,21,7.0,0.0,2.33333,100,65.0,92.78,-5.10405,-23.2332,470.25,0
2017-11-16,22,7.33333,0.0,1.66667,100,54.38,92.22,-7.78281,-29.7004,420.0,0
2017-11-17,0,7.83333,0.0,0.833333,100,40.0,94.72,-29.8269,-40.0741,425.829,0
2017-11-17,1,7.83333,0.0,0.5,96,52.505,94.305,-29.0166,-43.0522,408.857,0
2017-11-17,3,7.66667,0.0,0.666667,90,42.5,100.415,-30.2561,-41.0444,425.829,0
2017-11-17,4,7.16667,0.0,0.833333,90,50.63,98.89,-36.7232,-36.7232,425.829,0
2017-11-17,5,6.66667,0.0,1.16667,87,57.44,97.915,-40.5116,-32.9348,458.28,0
2017-11-17,6,6.83333,0.0,1.5,87,50.21,102.64,-46.0549,-35.2309,434.52,0
2017-11-17,7,7.33333,0.0,1.83333,87,61.565,99.165,-47.2987,-31.6039,435.2,0
2017-11-17,8,7.83333,0.0,2.16667,86,60.94,99.17,-44.3788,-16.925,420.0,0
2017-11-17,9,8.5,0.0,2.5,82,60.63,99.17,-25.4793,-7.02546,413.4,0
2017-11-17,11,10.0,0.23,3.5,74,58.44,96.94,-1.5118,12.7374,316.2,0
2017-11-17,12,10.3333,0.46,4.16667,68,58.13,16.0,4.56819,26.2558,340.267,0
2017-11-17,13,10.5,0.46,4.83333,66,65.94,30.0,-2.15037,22.1504,313.6,0
2017-11-17,15,10.3333,0.99,5.83333,69,58.13,16.0,-33.0483,38.4603,329.018,0
2017-11-17,16,10.0,1.29,5.66667,79,72.5,62.5,-32.2829,36.6125,353.455,0
2017-11-17,18,9.5,1.06,5.16667,90,71.25,70.315,-27.9488,47.1492,323.345,0
2017-11-17,21,10.1667,0.53,4.0,86,57.5,65.0,5.0412,49.4015,340.267,0
2017-11-17,22,10.3333,0.0,4.16667,83,55.0,54.38,15.5564,50.3254,334.08,0
2017-11-18,0,10.1667,0.0,4.16667,82,45.0,40.0,28.9915,46.9282,341.127,1
2017-11-18,1,10.0,0.0,4.0,81,41.0,52.505,35.3555,53.2921,300.0,1
2017-11-18,3,9.0,0.0,3.33333,86,40.0,42.5,39.5982,43.9336,349.92,1
2017-11-18,4,8.83333,0.0,2.83333,86,33.0,50.63,38.1839,40.3516,376.32,1
2017-11-18,5,8.5,0.0,2.33333,87,40.5,57.44,37.4768,37.4768,380.8,1
2017-11-18,6,7.83333,0.0,1.83333,87,43.44,50.21,36.0626,37.58,409.867,1
2017-11-18,7,7.5,0.0,1.5,89,39.5,61.565,39.5982,42.1994,402.8,1
2017-11-18,8,7.33333,0.0,1.33333,84,38.5,60.94,33.2342,43.8354,429.0,1
2017-11-18,9,7.5,0.0,1.33333,75,26.0,60.63,26.1631,43.7643,453.6,1
2017-11-18,10,7.83333,0.0,1.5,65,15.0,63.13,17.0621,46.4223,437.25,1
2017-11-18,11,8.66667,0.0,2.0,59,10.0,58.44,11.4052,51.7655,402.8,1
2017-11-18,13,10.5,0.0,3.16667,54,37.0,65.94,-22.0921,47.0097,300.0,1
2017-11-18,21,12.5,0.74,2.83333,75,29.0,57.5,-44.5375,37.5019,260.945,1
2017-11-19,0,16.0,1.48,2.83333,87,8.0,45.0,-48.0418,19.8994,220.8,1
2017-11-19,1,17.1667,2.47,2.66667,87,14.0,41.0,-50.8134,21.0474,205.8,1
2017-11-19,4,17.6667,1.73,2.33333,82,3.0,33.0,-42.3026,32.0198,217.579,1
2017-11-19,7,16.1667,1.47,2.16667,86,8.0,39.5,-30.3313,55.2265,208.8,1
2017-11-19,8,16.5,1.47,2.16667,83,16.0,38.5,-23.7262,57.2806,203.52,1
2017-11-19,9,16.8333,1.47,2.33333,77,28.0,26.0,-19.5167,47.1179,229.125,1
2017-11-19,10,17.6667,1.47,2.33333,70,24.0,15.0,-27.536,46.478,196.725,1
2017-11-19,11,18.1667,1.47,2.66667,64,23.0,10.0,-29.0667,50.1735,181.895,1
2017-11-19,21,20.8333,1.68,2.83333,76,4.0,29.0,-46.6693,46.6693,142.56,1
2017-11-19,23,22.0,1.68,2.83333,74,4.0,21.0,-48.0835,48.0835,141.382,1
2017-11-20,0,21.6667,0.71,2.66667,78,3.0,8.0,-46.6693,46.6693,167.088,0
2017-11-20,1,20.5,0.71,2.5,79,4.0,14.0,-41.7195,41.7195,191.314,0
2017-11-20,7,24.3333,1.55,2.0,85,4.0,8.0,-19.8994,48.0418,173.333,0
2017-11-20,8,25.0,1.14,2.0,83,4.0,16.0,-19.8994,73.0418,120.0,0
2017-11-20,9,25.0,0.76,2.0,78,4.0,28.0,-18.3686,69.3462,129.792,0
2017-11-20,10,24.5,0.76,2.16667,67,4.0,24.0,-8.80164,69.2492,139.968,0
2017-11-20,11,23.6667,0.78,2.33333,66,4.0,23.0,8.169,66.4224,135.496,0
2017-11-20,12,23.0,0.81,2.5,62,4.0,16.0,32.5271,65.4985,140.87,0
2017-11-20,14,20.8333,1.39,2.83333,62,4.0,29.0,15.5564,60.3254,176.727,0
2017-11-20,17,16.1667,1.09,2.5,82,4.0,29.0,0.0,59.0,253.895,0
2017-11-21,5,8.0,0.0,1.5,82,4.0,4.0,-21.5215,46.9579,403.68,0
2017-11-21,6,7.33333,0.0,1.5,80,4.0,4.0,-25.7642,51.2006,386.88,0
2017-11-21,7,6.83333,0.0,1.5,79,4.0,4.0,-26.18,46.2044,443.52,0
2017-11-21,8,6.66667,0.0,1.5,78,4.0,4.0,-28.0101,42.6225,482.727,0
2017-11-21,9,6.83333,0.0,1.5,73,4.0,4.0,-33.667,48.2794,433.964,0
2017-11-21,10,7.5,0.0,1.66667,80,4.0,4.0,-35.1144,43.7736,450.667,0
2017-11-21,11,8.0,0.0,2.16667,73,4.0,4.0,-39.9852,38.9028,420.0,0
2017-11-21,12,8.66667,0.0,2.66667,69,4.0,4.0,-40.1349,35.2641,395.2,0
2017-11-21,13,9.16667,0.0,3.33333,67,4.0,4.0,-40.8883,30.6055,386.4,0
2017-11-21,14,9.33333,0.0,3.66667,71,4.0,4.0,-45.3941,29.1581,341.85,0
2017-11-21,15,9.33333,0.0,4.0,77,4.0,4.0,-30.7373,23.5013,327.6,0
2017-11-21,16,8.83333,0.0,4.0,79,4.0,4.0,-17.0804,17.8444,339.2,0
2017-11-21,17,8.16667,0.0,3.83333,91,4.0,4.0,-14.3087,12.1042,380.8,0
2017-11-21,22,7.0,0.0,3.0,91,4.0,4.0,-20.8791,-15.6899,435.2,0
2017-11-22,5,5.83333,0.0,2.0,92,4.0,4.0,-43.9231,-31.0635,497.25,0
2017-11-22,6,5.83333,0.51,2.16667,92,4.0,4.0,-38.4455,-32.6215,520.0,0
2017-11-22,7,5.66667,0.51,2.33333,92,4.0,4.0,-35.1983,-35.8687,536.057,0
2017-11-22,8,6.0,0.51,2.5,92,4.0,4.0,-34.2744,-35.486,540.6,0
2017-11-22,9,6.5,0.51,2.83333,89,4.0,4.0,-34.388,-38.8468,499.8,0
2017-11-22,10,7.0,0.51,3.16667,86,4.0,4.0,-30.2589,-37.965,517.0,0
2017-11-22,11,7.66667,0.51,3.66667,87,4.0,4.0,-31.6732,-39.3792,477.0,0
2017-11-22,12,8.0,0.0,4.0,87,4.0,4.0,-35.7454,-33.5806,440.64,0
2017-11-22,13,8.33333,0.0,4.5,87,4.0,4.0,-41.2231,-32.0227,395.2,0
2017-11-22,14,8.33333,0.0,5.16667,84,4.0,4.0,-46.318,-29.5408,360.0,0
2017-11-22,15,8.33333,0.0,5.66667,83,4.0,4.0,-48.1658,-30.3062,360.0,0
2017-11-22,16,8.5,0.0,5.83333,90,4.0,4.0,-33.5089,-24.6493,360.0,0
2017-11-22,17,8.5,0.0,5.83333,92,4.0,4.0,-12.488,-12.6284,409.867,0
2017-11-22,22,8.33333,0.0,5.0,96,4.0,4.0,-4.48804,12.6284,360.0,0
2017-11-23,0,8.16667,0.0,5.0,97,4.0,4.0,-20.8791,9.567,374.0,0
2017-11-23,1,8.5,0.0,4.83333,98,4.0,4.0,-19.9552,3.06144,374.85,0
2017-11-23,3,9.0,0.0,4.83333,89,4.0,4.0,-15.3358,-13.3938,386.4,0
2017-11-23,4,9.16667,0.0,4.66667,89,4.0,4.0,-32.5746,-17.2206,366.667,0
2017-11-23,5,9.5,0.0,4.5,89,2.0,4.0,-50.8134,-21.0474,341.85,0
2017-11-23,8,10.1667,0.0,4.16667,91,2.0,4.0,-35.2701,-18.7513,300.0,0
2017-11-23,9,10.6667,0.0,4.16667,85,65.63,4.0,-27.8791,-15.6899,346.92,0
2017-11-23,10,11.1667,0.0,4.66667,73,47.0,4.0,-30.6507,-16.8379,309.12,0
2017-11-23,12,12.1667,0.0,6.5,54,65.63,4.0,-11.1836,-14.1592,240.0,0
2018-10-01,0,9.0,0.0,7.0,75,29.0,48.0,19.3702,-6.88824,366.667,0
2018-10-01,1,9.0,0.0,5.83333,80,34.0,28.0,19.3702,-6.88824,366.667,0
2018-10-01,2,8.83333,0.0,5.16667,81,31.0,23.0,36.6851,-3.44412,366.667,0
2018-10-01,4,8.83333,0.0,4.66667,79,43.0,25.0,53.0,0.0,380.8,0
2018-10-01,7,8.83333,0.0,4.66667,99,32.0,17.0,53.0,0.0,380.8,0
2018-10-01,9,9.16667,0.0,5.5,83,22.0,16.0,54.0,0.0,366.667,0
2018-10-01,10,9.83333,0.0,6.66667,69,22.0,10.0,55.0,0.0,352.8,0
2018-10-01,11,10.8333,0.0,8.16667,56,35.0,9.0,33.9896,4.97484,300.0,0
2018-10-01,12,12.0,0.0,9.83333,48,34.0,26.0,2.13136,10.715,275.6,0
2018-10-01,15,14.3333,0.0,15.0,37,53.13,1.0,-45.6782,37.5602,220.0,0
2018-10-01,18,12.0,0.0,16.0,57,106.67,35.0,-33.5173,51.9181,257.92,0
2018-10-01,21,9.16667,0.0,12.6667,89,13.0,26.0,-1.69736,55.194,343.938,0
2018-10-01,23,9.5,0.0,10.3333,69,17.0,45.0,21.6292,51.4985,363.0,0
2018-10-02,0,10.0,0.0,9.5,76,22.0,29.0,33.9413,53.3462,325.867,0
2018-10-02,1,10.6667,0.0,8.83333,77,27.0,34.0,36.7697,48.0418,319.2,0
2018-10-02,4,13.0,0.0,8.33333,82,11.0,43.0,8.48532,50.0866,286.7,0
2018-10-02,5,13.6667,0.0,8.0,83,14.0,48.0,10.6066,52.8582,255.2,0
2018-10-02,7,15.3333,0.0,7.83333,92,16.0,32.0,33.9413,58.3462,196.114,0
2018-10-02,9,17.0,0.0,8.0,81,17.0,22.0,36.7697,48.0418,224.824,0
2018-10-02,10,17.0,0.0,8.16667,70,21.0,22.0,38.1839,49.8895,209.012,0
2018-10-02,12,17.1667,0.0,8.83333,61,17.0,34.0,36.0626,47.1179,240.505,0
2018-10-02,15,17.1667,0.0,10.0,48,31.0,53.13,0.0,53.0,216.847,0
2018-10-02,18,18.3333,0.0,10.6667,49,22.0,106.67,-7.27092,54.5537,198.4,0
2018-10-02,21,17.8333,0.0,9.5,49,15.0,13.0,-24.7076,43.6496,236.733,0
2018-10-02,23,19.3333,0.0,8.66667,46,30.0,17.0,-32.4607,44.3671,189.0,0
2018-10-03,0,20.3333,0.0,8.33333,51,17.0,22.0,-30.7139,56.1503,137.8,0
2018-10-03,1,21.5,2.54,8.33333,55,17.0,27.0,-27.1703,65.5955,125.182,0
2018-10-03,4,23.8333,2.54,8.5,64,13.0,11.0,-18.3686,67.3462,135.15,0
2018-10-03,10,27.0,4.42,9.16667,76,13.0,21.0,0.0,57.0,149.1,0
2018-10-03,13,31.8333,4.37,9.66667,72,7.0,28.0,0.0,68.0,116.471,0
2018-10-03,17,32.3333,2.59,10.1667,60,18.0,26.0,44.5479,58.2044,131.962,0
2018-10-03,18,31.1667,0.43,10.0,67,19.0,22.0,43.1337,56.3567,138.194,0
2018-10-03,21,24.0,0.0,9.16667,62,10.0,15.0,46.6693,60.9761,176.222,0
2018-10-03,23,19.5,0.0,8.0,54,3.0,30.0,36.7697,48.0418,228.8,0
2018-10-04,0,17.8333,0.0,7.5,54,14.0,17.0,36.0626,47.1179,232.941,0
2018-10-04,1,17.1667,0.0,7.0,55,12.0,17.0,36.0626,47.1179,232.941,0
2018-10-04,2,17.0,0.0,6.66667,56,10.0,3.0,24.0417,48.4119,232.941,0
2018-10-04,4,17.0,0.0,6.16667,56,15.0,13.0,0.0,51.0,232.941,0
2018-10-04,10,17.1667,0.0,7.0,63,13.0,13.0,0.0,52.0,224.824,0
2018-10-04,11,17.6667,0.0,7.66667,54,32.0,13.0,12.728,51.6298,216.847,0
2018-10-04,13,18.3333,0.0,9.5,38,27.0,7.0,39.5982,51.7373,198.4,0
2018-10-04,14,18.5,0.0,10.3333,35,30.0,15.0,40.3053,52.6612,195.789,0
2018-10-04,16,18.3333,0.0,11.8333,42,49.0,23.0,38.891,50.8134,210.189,0
2018-10-04,17,17.8333,0.0,12.1667,43,67.5,18.0,37.4768,48.9656,221.0,0
2018-10-04,18,17.0,0.0,12.1667,48,54.38,19.0,36.0626,47.1179,236.733,0
2018-10-04,20,14.1667,0.0,11.3333,63,61.25,9.0,23.3346,55.488,249.882,0
2018-10-04,21,12.6667,0.0,10.5,71,56.25,10.0,19.8905,63.803,240.0,0
2018-10-04,23,10.1667,0.0,8.66667,83,48.0,3.0,-13.2522,47.9938,361.371,0
2018-10-05,0,9.33333,0.0,7.83333,85,46.0,14.0,-19.6162,54.3578,331.629,0
2018-10-05,1,9.0,0.0,7.16667,85,51.25,12.0,-25.9802,46.7218,360.0,0
2018-10-05,2,9.0,0.0,6.66667,85,58.13,10.0,-32.3442,42.0858,366.667,0
2018-10-05,4,8.83333,0.0,6.0,91,61.25,15.0,-38.1839,38.1839,366.667,0
2018-10-05,7,8.66667,0.0,5.33333,100,27.0,11.0,-38.7206,33.8498,395.2,0
2018-10-05,9,8.83333,0.0,5.66667,84,24.0,12.0,-42.6225,28.0101,395.2,0
2018-10-05,11,10.0,0.0,8.16667,49,7.0,32.0,-50.0031,24.0255,327.6,0
2018-10-05,13,11.3333,0.0,11.8333,41,44.0,27.0,-50.8134,21.0474,288.0,0
2018-10-05,17,12.0,0.0,16.8333,48,61.88,67.5,-57.2806,23.7262,249.508,0
2018-10-05,18,11.5,0.0,16.6667,57,57.5,54.38,-54.5089,22.5781,279.138,0
2018-10-05,20,10.1667,0.0,15.0,75,40.0,61.25,-30.7268,16.4552,348.0,0
2018-10-05,21,9.66667,0.0,13.5,80,45.0,56.25,-21.7268,16.4552,311.1,0
2018-10-05,23,9.16667,0.0,10.8333,74,41.0,48.0,17.5224,7.6536,349.92,0
2018-10-06,1,9.0,0.0,9.0,74,36.0,51.25,54.0,0.0,366.667,1
2018-10-06,2,9.0,0.0,8.33333,73,36.0,58.13,54.0,0.0,366.667,1
2018-10-06,7,9.0,0.0,6.83333,93,34.0,27.0,36.6851,-3.44412,366.667,1
2018-10-06,9,9.33333,0.0,7.33333,70,37.0,24.0,2.05524,-10.3324,366.667,1
2018-10-06,11,11.5,0.0,9.83333,43,58.75,7.0,0.0552405,-10.3324,326.8,1
2018-10-06,13,15.1667,0.0,14.0,35,52.5,44.0,-8.25968,13.7765,180.0,1
2018-10-06,15,18.8333,0.0,18.3333,38,65.63,51.88,-57.2806,23.7262,162.0,1
2018-10-06,17,18.6667,0.0,20.5,46,63.75,61.88,-53.585,22.1954,202.473,1
2018-10-06,18,17.6667,0.0,20.6667,50,48.0,57.5,-66.5194,27.553,180.0,1
2018-10-06,20,14.6667,0.0,19.3333,60,37.0,40.0,-46.1013,29.8653,261.0,1
2018-10-06,21,13.1667,0.0,18.1667,61,45.0,45.0,-39.8045,32.2277,286.971,1
2018-10-06,23,11.1667,0.0,15.6667,67,43.0,41.0,-45.3478,34.5238,289.385,1
2018-10-07,1,9.83333,0.0,14.0,63,39.0,36.0,-52.7852,32.2196,300.0,1
2018-10-07,3,9.0,0.0,13.1667,64,50.63,50.63,-17.1074,14.5418,360.0,1
2018-10-07,5,9.0,0.51,12.6667,71,45.0,55.63,19.3702,6.88824,366.667,1
2018-10-07,7,9.0,0.51,12.5,76,54.38,34.0,54.0,0.0,366.667,1
2018-10-07,9,9.33333,0.51,12.8333,68,33.0,37.0,35.7612,3.8268,352.8,1
2018-10-07,11,11.6667,0.0,14.5,57,19.0,58.75,-11.0842,18.2603,313.6,1
2018-10-07,13,14.3333,0.0,17.1667,47,30.0,52.5,-43.8872,38.4752,189.72,1
2018-10-07,15,16.0,0.0,19.8333,43,31.0,65.63,-36.6702,54.5298,180.0,1
2018-10-07,17,14.6667,0.0,21.0,46,22.0,63.75,-12.6284,56.488,241.553,1
2018-10-07,18,13.8333,0.0,20.6667,50,11.0,48.0,2.36244,51.8686,279.0,1
2018-10-07,20,12.3333,0.0,18.8333,58,8.0,37.0,25.456,56.6584,258.514,1
2018-10-07,21,12.1667,0.0,17.5,60,6.0,45.0,33.9413,51.1438,260.0,1
2018-10-07,23,12.6667,0.0,14.8333,62,21.0,43.0,49.4768,38.0069,240.0,1
2018-10-08,1,12.6667,0.0,12.5,68,16.0,39.0,49.9552,15.3072,271.385,0
2018-10-08,3,11.6667,0.0,10.5,81,22.0,50.63,58.9448,10.3324,259.2,0
2018-10-08,5,10.0,0.0,8.5,89,38.0,45.0,52.0,0.0,354.738,0
2018-10-08,7,8.83333,0.0,6.83333,100,12.0,54.38,55.0,0.0,372.655,0
2018-10-08,13,7.83333,0.0,9.66667,49,37.0,30.0,41.1927,-24.3107,390.0,0
2018-10-08,15,7.83333,0.0,12.0,43,45.0,31.0,24.1927,-40.3107,405.45,0
2018-10-08,17,7.83333,0.0,12.8333,48,68.75,22.0,8.80164,-53.2492,392.229,0
2018-10-08,18,7.83333,0.0,12.6667,51,40.0,11.0,8.80164,-53.2492,405.45,0
2018-10-08,20,8.0,0.0,11.5,69,78.89,8.0,8.80164,-53.2492,405.45,0
2018-10-08,21,8.16667,0.0,10.3333,78,76.67,6.0,12.2458,-53.5642,390.0,0
2018-10-08,23,8.66667,0.0,8.5,79,75.0,21.0,12.2458,-55.5642,360.0,0
2018-10-09,1,8.5,0.0,7.0,86,39.0,16.0,-2.59544,-47.6778,386.4,0
2018-10-09,2,8.0,0.0,6.5,86,54.38,18.0,-10.6066,-45.2365,409.867,0
2018-10-09,3,7.66667,0.0,6.16667,90,69.38,22.0,-14.8493,-49.4791,388.267,0
2018-10-09,5,7.16667,0.0,5.5,97,54.38,38.0,-31.2277,-37.5218,448.0,0
2018-10-09,7,7.0,0.0,5.0,100,27.0,12.0,-45.0859,-34.2619,420.0,0
2018-10-09,8,7.0,0.0,4.83333,100,18.0,18.0,-48.109,-28.6258,436.05,0
2018-10-09,10,7.0,0.0,6.0,85,18.0,22.0,-49.5128,-22.994,438.6,0
2018-10-09,13,7.33333,0.0,11.0,49,39.0,37.0,-24.7268,-10.3324,420.0,0
2018-10-09,15,7.33333,0.0,14.8333,47,66.88,45.0,-14.4713,7.6152,451.0,0
2018-10-09,17,6.66667,0.0,16.8333,60,103.61,68.75,-4.68534,20.1539,420.0,0
2018-10-09,18,6.33333,0.0,16.6667,66,95.56,40.0,6.40122,20.9193,454.629,0
2018-10-09,20,6.0,0.0,15.1667,78,80.83,78.89,-10.8949,9.37602,520.8,0
2018-10-09,21,6.16667,0.0,13.6667,87,60.0,76.67,-6.18258,-0.15258,538.65,0
2018-10-10,1,7.0,0.0,9.16667,85,49.0,39.0,-24.1132,-35.5636,461.76,0
2018-10-10,3,6.66667,0.0,8.5,83,75.83,69.38,-39.8191,-32.2423,457.6,0
2018-10-10,5,6.16667,0.0,8.0,87,80.56,54.38,-45.9309,-24.8241,490.629,0
2018-10-10,7,6.0,0.0,7.16667,100,39.0,27.0,-45.8173,-21.4633,538.65,0
2018-10-10,12,7.5,0.0,11.6667,51,36.0,30.0,-40.7852,-34.2908,457.6,0
2018-10-10,17,9.33333,0.0,20.0,58,83.33,103.61,-27.2698,-47.8354,339.2,0
2018-10-10,18,9.33333,0.0,19.6667,82,61.25,95.56,-20.9058,-50.4714,339.2,0
2018-10-10,20,9.5,0.0,17.5,96,63.13,80.83,-14.9245,-54.0313,337.08,0
2018-10-10,21,9.33333,0.0,16.0,95,46.0,60.0,-14.9245,-54.0313,337.08,0
2018-10-11,1,9.16667,0.0,10.6667,90,50.63,49.0,-21.4301,-51.7373,349.92,0
2018-10-11,3,9.0,0.0,9.33333,91,39.0,75.83,-20.6647,-49.8895,366.667,0
2018-10-11,4,9.0,0.0,8.83333,92,49.0,77.5,-20.6647,-49.8895,366.667,0
2018-10-11,5,9.0,0.0,8.5,93,63.75,80.56,-20.6647,-49.8895,366.667,0
2018-10-11,6,9.0,0.0,8.33333,100,49.0,70.63,-20.6647,-49.8895,366.667,0
2018-10-11,7,9.0,0.0,8.0,100,50.63,39.0,-20.6647,-49.8895,366.667,0
2018-10-11,9,9.16667,0.0,8.16667,100,26.0,13.0,-20.6647,-49.8895,366.667,0
2018-10-11,12,10.6667,0.0,12.0,61,22.0,36.0,-23.4098,-44.5166,340.267,0
2018-10-11,17,12.3333,0.0,19.8333,55,59.38,83.33,-44.5479,-44.5479,240.0,0
2018-10-11,18,12.0,0.0,19.6667,65,56.88,61.25,-39.565,-45.5182,259.2,0
2018-10-11,19,11.6667,0.0,19.1667,71,48.0,44.0,-34.582,-46.4884,279.138,0
2018-10-11,20,11.3333,0.0,17.8333,82,52.5,63.13,-29.5991,-47.4587,291.5,0
2018-10-11,21,11.1667,0.0,16.5,84,44.0,46.0,-25.3232,-49.136,302.4,0
2018-10-11,23,10.8333,0.0,13.8333,90,49.0,50.63,-24.6161,-48.4289,305.455,0
2018-10-12,1,10.3333,0.0,12.0,91,47.0,50.63,-30.3394,-42.2458,329.018,0
2018-10-12,3,9.5,0.0,11.0,94,48.0,39.0,-38.8579,-44.8111,311.564,0
2018-10-12,4,8.83333,0.0,10.3333,95,45.0,49.0,-40.3053,-40.3053,347.564,0
2018-10-12,6,7.66667,0.0,9.66667,98,54.38,49.0,-42.4266,-42.4266,360.0,0
2018-10-12,9,6.5,0.0,8.83333,95,60.0,26.0,-43.6136,-37.1192,435.2,0
2018-10-12,13,7.0,0.0,15.0,43,44.0,32.0,-18.2133,-19.1421,472.457,0
2018-10-12,15,6.83333,0.0,19.1667,41,83.33,43.0,3.97912,-9.94968,457.6,0
2018-10-12,17,6.66667,0.0,21.0,49,76.94,59.38,8.14426,-16.0673,454.629,0
2018-10-12,18,6.66667,0.0,20.8333,59,31.0,56.88,11.9327,-19.8557,454.629,0
2018-10-12,19,6.66667,0.0,20.1667,65,58.13,48.0,15.7211,-23.6441,469.05,0
2018-10-12,21,7.0,0.0,17.1667,89,81.39,44.0,-6.90747,-35.0611,472.457,0
2018-10-12,23,6.83333,0.0,13.6667,90,65.63,49.0,-31.3244,-42.6896,438.6,0
2018-10-13,1,6.5,0.0,11.1667,92,37.0,47.0,-35.4895,-36.5719,472.457,1
2018-10-13,3,6.16667,0.0,9.83333,92,83.61,48.0,-29.6753,-25.9337,509.143,1
2018-10-13,4,6.0,0.0,9.33333,93,72.5,45.0,-32.5398,-21.7626,528.0,1
2018-10-13,6,6.0,0.0,8.66667,93,66.88,54.38,-37.376,-23.3516,498.343,1
2018-10-13,8,6.0,0.0,8.0,100,35.0,58.75,-34.4444,-24.2084,520.0,1
2018-10-13,15,8.33333,0.0,19.3333,40,66.25,83.33,-37.8085,-34.5613,413.4,1
2018-10-13,17,8.83333,0.0,21.1667,51,66.88,76.94,-29.7443,-40.0271,386.4,1
2018-10-13,18,9.0,0.0,20.8333,73,50.0,31.0,-25.7973,-45.2805,371.25,1
2018-10-13,19,9.16667,0.0,20.0,76,60.0,58.13,-23.5846,-47.9386,366.667,1
2018-10-13,21,9.5,0.0,17.1667,85,57.5,81.39,-21.4301,-51.7373,339.2,1
2018-10-13,23,9.66667,0.0,14.0,84,51.25,65.63,-28.684,-49.2496,312.8,1
2018-10-14,1,9.0,0.0,11.6667,90,53.75,37.0,-33.8167,-44.6407,337.08,1
2018-10-14,3,8.0,0.0,10.3333,91,60.0,83.61,-36.0626,-36.0626,417.72,1
2018-10-14,6,7.16667,0.0,9.0,91,58.13,66.88,-37.4768,-37.4768,448.0,1
2018-10-14,8,7.16667,0.0,8.16667,100,56.25,35.0,-41.0124,-41.0124,420.0,1
2018-10-14,10,7.5,0.0,9.16667,80,38.0,61.88,-40.3053,-40.3053,420.0,1
2018-10-14,12,8.33333,0.0,12.5,50,34.0,27.0,-38.891,-38.891,405.45,1
2018-10-14,14,9.66667,0.0,17.1667,42,49.0,53.13,-38.1839,-38.1839,345.257,1
2018-10-14,15,10.3333,0.0,19.3333,38,37.0,66.25,-36.0626,-36.0626,340.267,1
2018-10-14,17,10.6667,0.0,21.1667,46,61.25,66.88,-38.1839,-38.1839,309.12,1
2018-10-14,18,10.6667,0.0,21.0,69,71.25,50.0,-38.1839,-38.1839,317.127,1
2018-10-14,19,10.3333,0.0,20.1667,75,37.0,60.0,-37.4768,-37.4768,329.018,1
2018-10-14,21,9.66667,0.0,16.8333,84,26.0,57.5,-42.4266,-42.4266,311.564,1
2018-10-14,23,8.66667,0.0,13.6667,80,29.0,51.25,-38.891,-38.891,363.0,1
2018-10-15,6,6.16667,0.0,8.33333,80,32.0,58.13,-45.7141,-25.1485,503.25,0
2018-10-15,12,7.16667,0.0,12.1667,40,36.0,34.0,-46.1476,-24.4996,477.0,0
2018-10-15,14,7.66667,0.0,16.8333,36,44.0,49.0,-44.2999,-23.7343,451.0,0
2018-10-15,17,7.5,0.0,20.5,40,70.0,61.25,-44.4135,-27.0951,437.25,0
2018-10-15,18,7.66667,0.0,20.1667,50,48.0,71.25,-40.0839,-31.4247,437.25,0
2018-10-15,19,7.83333,0.0,19.1667,58,42.0,37.0,-36.1369,-36.6782,421.2,0
2018-10-15,20,8.16667,0.0,17.6667,70,40.0,38.0,-35.1099,-39.9807,405.45,0
2018-10-15,21,8.5,0.0,15.8333,73,51.25,26.0,-34.0828,-43.2832,375.943,0
2018-10-15,23,8.83333,0.0,12.6667,66,51.25,29.0,-31.9615,-41.1619,371.25,0
2018-10-16,4,6.5,0.0,7.83333,84,61.88,51.25,-20.1295,-20.7643,479.467,0
2018-10-16,6,6.0,0.0,6.5,90,58.75,32.0,-13.3087,-12.1042,498.667,0
2018-10-16,9,6.0,0.0,6.66667,74,50.0,39.0,-4.64028,-7.27092,517.029,0
2018-10-16,11,6.5,0.0,9.66667,43,44.0,35.0,-3.12289,-9.54193,499.8,0
2018-10-16,12,7.0,0.0,11.8333,32,55.63,36.0,-20.7798,-15.1988,517.0,0
2018-10-16,14,8.0,0.0,16.5,28,65.63,44.0,-39.9645,-30.2229,451.0,0
2018-10-16,17,9.0,0.0,20.3333,37,70.0,70.0,-36.5079,-36.5079,371.25,0
2018-10-16,18,9.0,0.0,20.0,45,55.0,48.0,-34.2951,-39.1659,366.667,0
2018-10-16,19,9.0,0.0,19.1667,50,58.75,42.0,-31.3753,-41.1169,366.667,0
2018-10-16,20,9.0,0.0,17.8333,59,32.0,40.0,-28.4554,-43.0678,366.667,0
2018-10-16,21,8.83333,0.0,16.1667,64,56.88,51.25,-23.5846,-47.9386,366.667,0
2018-10-16,23,8.16667,0.0,13.0,72,60.63,51.25,-25.9005,-41.5953,409.867,0
2018-10-17,1,7.33333,0.0,10.6667,82,52.5,51.25,-8.4564,-33.2804,402.8,0
2018-10-17,3,6.33333,0.0,9.5,86,75.28,55.0,5.98772,-24.9655,435.2,0
2018-10-17,4,6.16667,0.0,9.16667,86,74.38,61.88,3.88856,-18.9466,482.4,0
2018-10-17,9,6.33333,0.0,9.33333,86,57.5,50.0,-3.29952,-28.3351,517.029,0
2018-10-17,11,6.5,0.0,11.5,48,47.0,44.0,-28.928,-39.752,517.0,0
2018-10-17,14,7.5,0.0,17.0,34,77.78,65.63,-27.2116,-46.6948,438.6,0
2018-10-17,15,7.66667,0.0,18.8333,34,85.0,81.94,-23.7343,-44.2999,451.0,0
2018-10-17,17,7.83333,0.0,20.1667,40,109.44,70.0,-17.6033,-50.4985,408.857,0
2018-10-17,18,7.66667,0.0,19.8333,42,104.72,55.0,-14.9245,-51.0313,408.857,0
2018-10-17,19,7.5,0.0,19.1667,48,100.0,58.75,-14.9245,-51.0313,421.2,0
2018-10-17,20,7.33333,0.0,18.0,57,87.22,32.0,-14.5418,-50.1074,437.25,0
2018-10-17,21,7.16667,0.0,16.3333,65,71.25,56.88,-14.1592,-49.1836,453.6,0
2018-10-17,23,7.0,0.0,14.1667,68,73.75,60.63,-22.5147,-49.4211,420.0,0
2018-10-18,1,7.0,0.0,12.8333,71,67.5,52.5,-18.9204,-31.3512,437.143,0
2018-10-18,5,6.33333,0.0,12.0,77,97.5,80.83,1.84389,18.6801,490.629,0
2018-10-18,7,5.5,0.0,11.3333,88,78.06,60.63,14.5719,31.408,480.0,0
2018-10-18,9,5.0,0.0,11.3333,73,41.0,57.5,16.8675,41.7823,595.2,0
2018-10-18,11,4.66667,0.0,12.8333,59,19.0,47.0,23.3346,49.1036,599.657,0
2018-10-18,13,5.5,0.0,15.5,45,53.13,68.13,19.092,47.5603,626.4,0
2018-10-18,15,7.0,0.0,18.1667,47,78.06,85.0,-0.14157,47.937,570.24,0
2018-10-18,17,7.83333,0.0,19.1667,57,93.33,109.44,-9.94968,53.0209,420.0,0
2018-10-18,18,8.0,0.0,19.0,65,81.67,104.72,-9.94968,50.0209,419.76,0
2018-10-18,19,7.83333,0.0,18.3333,75,80.83,100.0,-4.99991,51.488,395.2,0
2018-10-18,20,7.5,0.0,17.1667,89,80.0,87.22,-0.0501401,50.4378,405.45,0
2018-10-18,23,6.5,0.0,13.1667,100,73.13,73.75,19.8905,48.1669,450.667,0
2018-10-19,5,6.83333,0.0,9.5,99,71.25,97.5,38.0703,34.8231,496.8,0
2018-10-19,8,7.0,0.0,8.83333,100,78.33,58.75,38.891,38.891,438.6,0
2018-10-19,9,7.16667,0.0,8.83333,100,82.22,41.0,39.5982,39.5982,437.143,0
2018-10-19,11,8.16667,0.0,10.0,65,63.75,19.0,39.6445,34.2325,425.829,0
2018-10-19,13,9.66667,0.0,12.5,50,76.11,53.13,44.1967,27.4195,361.029,0
2018-10-19,15,11.1667,0.0,15.3333,47,55.63,78.06,50.8134,21.0474,297.0,0
2018-10-19,16,11.3333,0.0,16.3333,50,78.33,100.28,52.6612,21.8128,273.48,0
2018-10-19,17,11.3333,0.0,16.1667,65,73.13,93.33,53.585,22.1954,271.745,0
2018-10-19,19,10.5,0.0,15.0,72,40.0,80.83,49.8895,20.6647,324.8,0
2018-10-19,23,7.83333,0.0,10.8333,87,56.25,73.13,57.4985,17.6033,360.0,0
2018-10-20,3,6.83333,0.0,9.33333,78,55.63,64.38,55.6507,16.8379,420.0,1
2018-10-20,5,6.33333,0.0,9.16667,79,60.0,71.25,50.8791,15.6899,472.457,1
2018-10-20,6,6.0,0.0,9.16667,83,50.0,86.94,48.8791,15.6899,509.143,1
2018-10-20,8,5.5,0.3,9.0,78,60.63,78.33,52.0313,14.9245,517.029,1
2018-10-20,9,5.66667,0.3,9.0,77,57.5,82.22,51.1074,14.5418,536.057,1
2018-10-20,10,5.66667,0.3,9.33333,82,47.0,75.56,49.59,16.8128,536.057,1
2018-10-20,11,6.0,1.24,9.83333,77,35.0,63.75,43.1229,20.1341,555.429,1
2018-10-20,12,6.5,1.24,10.5,76,33.0,71.25,36.6557,24.4553,540.6,1
2018-10-20,13,7.16667,1.19,10.8333,78,32.0,76.11,31.1124,30.1593,499.8,1
2018-10-20,14,7.66667,1.19,11.1667,78,26.0,56.88,26.4764,38.4742,461.76,1
2018-10-20,15,8.16667,1.44,11.3333,76,27.0,55.63,23.221,44.8757,432.0,1
2018-10-20,16,8.66667,1.44,11.3333,71,36.0,78.33,24.7488,51.8184,375.943,1
2018-10-20,17,9.0,0.75,11.1667,74,50.0,73.13,26.1631,49.1836,377.143,1
2018-10-20,19,9.83333,0.5,10.5,66,49.0,40.0,39.5982,49.5696,339.2,1
2018-10-20,21,10.5,0.25,9.5,66,38.0,51.88,36.7697,40.6716,326.8,1
2018-10-20,23,10.8333,0.0,8.16667,75,15.0,56.25,38.891,38.891,297.0,1
2018-10-21,1,10.5,0.0,7.33333,81,16.0,52.5,39.6445,34.2325,336.3,1
2018-10-21,3,10.0,0.0,6.83333,86,12.0,55.63,50.398,29.574,300.0,1
2018-10-21,4,10.0,0.0,6.66667,84,26.0,52.5,52.6198,21.7958,300.0,1
2018-10-21,5,10.0,0.0,6.5,84,44.0,60.0,55.5487,14.7247,300.0,1
2018-10-21,6,9.83333,0.0,6.33333,85,31.0,50.0,58.4776,7.6536,300.0,1
2018-10-21,7,9.66667,0.0,6.0,89,19.0,55.63,58.2388,3.8268,312.12,1
2018-10-21,8,9.5,0.0,5.66667,90,27.0,60.63,58.0,0.0,324.48,1
2018-10-21,9,9.33333,0.0,5.66667,85,16.0,57.5,56.3149,-3.44412,337.08,1
2018-10-21,10,9.16667,0.0,6.0,75,16.0,47.0,54.6298,-6.88824,349.92,1
2018-10-21,11,9.0,0.0,6.5,66,10.0,35.0,52.9448,-10.3324,363.0,1
2018-10-21,12,9.0,0.0,7.16667,58,20.0,33.0,49.3088,-16.6964,366.667,1
2018-10-21,13,9.16667,0.0,8.16667,51,23.0,32.0,46.6727,-23.0603,366.667,1
2018-10-21,14,9.33333,0.0,9.33333,47,55.0,26.0,46.9115,-26.8871,352.8,1
2018-10-21,15,9.33333,0.0,10.3333,45,85.0,27.0,47.8354,-27.2698,339.2,1
2018-10-21,16,9.16667,0.0,11.0,44,81.67,36.0,47.8354,-27.2698,339.2,1
2018-10-21,17,8.83333,0.0,11.0,60,57.5,50.0,46.9115,-26.8871,352.8,1
2018-10-21,18,8.5,0.0,10.8333,62,58.75,55.0,47.5476,-20.5231,380.8,1
2018-10-21,20,7.5,0.0,9.33333,85,83.61,38.0,54.1179,-19.5167,386.88,1
2018-10-21,21,7.0,0.0,8.16667,93,81.94,38.0,51.3462,-18.3686,429.0,1
2018-10-21,23,6.33333,0.0,6.16667,96,58.75,15.0,50.5928,-23.0272,450.667,1
2018-10-22,3,5.16667,0.0,3.83333,95,27.0,12.0,21.6453,-31.59,555.429,0
2018-10-22,4,5.0,0.0,3.66667,94,36.0,26.0,20.1781,-28.9112,595.2,0
2018-10-22,5,5.0,0.0,3.5,94,48.0,44.0,25.1781,-28.9112,559.543,0
2018-10-22,6,5.0,0.0,3.33333,95,56.88,31.0,14.0915,-24.319,599.657,0
2018-10-22,7,5.0,0.0,3.16667,98,58.75,19.0,3.00497,-19.7269,626.4,0
2018-10-22,8,5.0,0.0,3.0,100,34.0,27.0,-4.77324,-11.9487,649.0,0
2018-10-22,10,5.66667,0.0,3.33333,70,25.0,16.0,-16.7609,5.99223,635.04,0
2018-10-22,11,6.33333,0.0,4.16667,55,30.0,10.0,-19.8224,18.3833,563.04,0
2018-10-22,12,7.16667,0.0,5.33333,45,38.0,20.0,-15.1115,32.1471,524.16,0
2018-10-22,13,8.16667,0.0,7.0,41,30.0,23.0,-25.1115,42.1471,461.76,0
2018-10-22,14,9.5,0.0,8.83333,42,42.0,55.0,-15.8727,49.3203,379.44,0
2018-10-22,16,11.0,0.0,11.5,42,70.63,81.67,-3.44412,54.3149,288.0,0
2018-10-22,18,11.3333,0.0,11.8333,59,42.0,58.75,0.0,58.0,271.745,0
2018-10-22,21,10.8333,1.14,10.0,68,20.0,81.94,0.0,53.0,329.018,0
2018-10-22,23,12.3333,1.14,9.16667,77,14.0,58.75,19.092,52.6932,262.08,0
2018-10-23,3,13.3333,0.0,7.33333,74,25.0,27.0,41.6523,32.9931,279.0,0
2018-10-23,4,12.8333,0.0,6.66667,72,25.0,36.0,49.4305,43.1557,248.625,0
2018-10-23,5,12.1667,0.0,6.0,72,29.0,48.0,43.1337,48.1194,276.48,0
2018-10-23,6,11.8333,0.0,5.33333,71,33.0,56.88,41.0124,48.5993,280.8,0
2018-10-23,7,12.1667,0.0,4.83333,74,13.0,58.75,32.5271,53.114,260.945,0
2018-10-23,8,13.1667,0.0,4.5,73,40.0,34.0,16.9706,49.1731,286.7,0
2018-10-23,10,16.0,0.0,4.66667,81,35.0,25.0,25.456,60.2597,180.0,0
2018-10-23,11,18.1667,0.74,5.0,73,43.0,30.0,40.3053,52.6612,186.353,0
2018-10-23,12,20.8333,1.48,5.66667,71,33.0,38.0,28.2844,61.9552,143.242,0
2018-10-23,13,23.6667,3.0,6.33333,71,20.0,30.0,0.0,54.0,156.768,0
2018-10-23,14,27.0,4.52,7.0,74,33.0,42.0,0.0,60.0,137.048,0
2018-10-23,16,33.0,6.04,7.66667,76,16.0,70.63,0.0,75.0,98.5297,0
2018-10-23,18,37.0,6.08,7.5,79,10.0,42.0,-29.0837,70.2149,97.8947,0
2018-10-23,21,41.3333,3.35,7.0,84,11.0,20.0,-32.9105,79.4537,76.8,0
2018-10-23,23,45.0,3.66,7.16667,80,17.0,14.0,-35.9719,86.8447,65.113,0
2018-10-24,1,49.0,2.95,7.66667,73,8.0,19.0,-19.8994,48.0418,115.385,0
2018-10-24,3,51.8333,4.07,8.0,80,6.0,25.0,0.0,54.0,111.111,0
2018-10-24,4,52.1667,2.24,8.0,82,8.0,25.0,0.0,53.0,113.208,0
2018-10-24,5,51.8333,2.24,7.83333,81,4.0,29.0,35.3555,99.194,60.0,0
2018-10-24,6,51.1667,2.24,7.66667,82,15.0,33.0,69.2968,90.5402,64.896,0
2018-10-24,7,50.1667,1.63,7.16667,83,14.0,13.0,67.8826,78.2875,65.0,0
2018-10-24,9,47.8333,0.51,6.33333,71,11.0,24.0,67.1754,67.1754,67.575,0
2018-10-24,10,47.1667,0.51,6.16667,59,11.0,35.0,65.7612,65.7612,70.3149,0
2018-10-24,12,46.8333,0.51,6.16667,40,12.0,33.0,65.0541,65.0541,70.4348,0
2018-10-24,13,46.8333,0.0,6.5,35,13.0,20.0,66.4683,66.4683,65.113,0
2018-10-24,14,47.6667,0.0,6.83333,34,15.0,33.0,67.8826,67.8826,65.0,0
2018-10-24,15,48.0,0.0,7.0,34,21.0,29.0,36.7697,36.7697,115.385,0
2018-10-24,16,47.6667,0.0,7.16667,37,20.0,16.0,70.711,70.711,64.8,0
2018-10-24,17,46.5,0.0,7.0,45,19.0,24.0,65.0541,65.0541,75.6,0
2018-10-24,18,44.1667,0.0,6.83333,55,12.0,10.0,58.6901,58.6901,91.5,0
2018-10-24,21,32.1667,0.0,5.66667,54,9.0,11.0,38.1839,38.1839,164.914,0
2018-10-24,23,25.1667,0.0,4.83333,51,35.0,17.0,48.7906,48.7906,155.215,0
2018-10-25,0,22.6667,0.0,4.5,55,16.0,6.0,44.5479,44.5479,170.564,0
2018-10-25,1,21.1667,0.0,4.16667,60,15.0,8.0,42.4266,42.4266,184.743,0
2018-10-25,2,19.8333,0.0,3.83333,62,12.0,5.0,41.0124,45.131,193.44,0
2018-10-25,3,19.0,0.0,3.5,65,18.0,6.0,39.5982,47.6186,202.926,0
2018-10-25,4,18.3333,0.0,3.33333,68,15.0,8.0,38.1839,49.8895,217.579,0
2018-10-25,5,17.6667,0.25,3.0,74,24.0,4.0,36.7697,48.0418,228.8,0
2018-10-25,6,17.1667,0.5,2.83333,77,23.0,15.0,36.7697,64.0418,180.0,0
2018-10-25,7,16.6667,0.5,2.83333,81,12.0,14.0,24.0417,63.4119,187.2,0
2018-10-25,9,16.6667,2.12,3.16667,97,13.0,11.0,-12.2458,61.5642,195.0,0
2018-10-25,12,21.3333,2.56,5.66667,91,4.0,12.0,-7.27092,66.5537,125.621,0
2018-10-25,13,23.5,3.27,6.83333,98,11.0,13.0,0.0,54.0,159.508,0
2018-10-25,14,25.8333,2.46,7.83333,95,34.0,15.0,0.0,57.0,149.1,0
2018-10-25,15,27.8333,1.65,9.0,87,48.0,21.0,21.2133,56.7164,141.931,0
2018-10-25,16,29.1667,1.65,9.83333,78,25.0,20.0,43.1337,56.3567,135.24,0
2018-10-25,17,30.0,1.65,10.3333,75,26.0,19.0,43.8408,57.2806,133.548,0
2018-10-25,18,30.1667,0.71,10.5,81,37.0,12.0,43.8408,57.2806,133.548,0
2018-10-25,19,29.8333,0.48,10.3333,85,24.0,17.0,42.4266,55.4328,142.916,0
2018-10-25,21,27.8333,0.48,9.83333,77,14.0,9.0,36.7697,48.0418,173.333,0
2018-10-25,23,25.0,0.48,8.83333,65,19.0,35.0,50.9119,66.5194,134.832,0
