data,timeofday,windspeed6,opady6,temp6,rhumid,index_avg,prev_index_avg,wind_dir_ns,wind_dir_ew,dispel50,is_weekend
2017-11-01,1,17.5,0.0,1.16667,92,34.25,10.27,0.0,58.0,184.0,1
2017-11-01,4,18.1667,0.0,1.5,91,32.68,13.23,0.0,52.0,224.824,1
2017-11-01,5,18.3333,0.0,2.0,92,21.16,12.87,0.0,52.0,224.824,1
2017-11-01,6,18.5,0.0,2.5,92,18.8,11.66,0.0,56.0,198.4,1
2017-11-01,7,20.0,0.0,3.16667,92,16.01,16.76,0.0,59.0,171.953,1
2017-11-01,8,21.0,0.0,3.83333,93,16.84,18.77,-9.94968,66.0209,136.286,1
2017-11-01,9,22.1667,0.0,4.5,89,5.34,16.82,-9.94968,68.0209,125.314,1
2017-11-01,10,24.3333,0.0,5.0,85,10.5333,15.24,-19.5167,70.1179,129.6,1
2017-11-01,11,25.0,0.0,5.5,86,16.88,13.36,-21.0474,50.8134,151.2,1
2017-11-01,12,25.3333,0.0,6.0,82,14.31,10.98,-11.4804,52.7164,165.0,1
2017-11-01,13,24.3333,0.0,6.33333,73,10.16,8.82,-20.282,73.9656,128.96,1
2017-11-02,6,22.3333,0.72,5.83333,90,16.67,18.8,-45.9622,45.9622,148.5,0
2017-11-02,13,26.1667,2.02,8.5,75,16.33,10.16,-45.8845,30.1897,151.467,0
2017-11-03,6,18.1667,1.53,7.0,100,23.07,16.67,-6.50556,55.706,186.353,0
2017-11-03,13,18.6667,0.59,9.0,84,15.13,16.33,0.0,55.0,210.189,0
2017-11-03,14,18.1667,0.59,9.33333,81,12.41,22.13,0.0,54.0,217.579,0
2017-11-03,15,16.8333,0.59,9.66667,82,13.58,19.62,11.3138,49.7821,232.941,0
2017-11-03,16,16.1667,0.59,9.66667,91,18.16,24.4767,19.7991,60.8686,209.647,0
2017-11-03,17,15.3333,0.23,9.5,95,14.81,23.73,19.7991,58.8686,231.8,0
2017-11-03,18,14.8333,0.46,9.16667,96,17.59,21.46,19.7991,54.8686,252.225,0
2017-11-03,19,14.3333,0.23,8.83333,96,23.36,23.19,8.48532,54.0866,245.1,0
2017-11-03,21,13.6667,0.23,7.83333,97,20.63,31.23,0.0,56.0,248.571,0
2017-11-03,22,13.0,0.71,7.5,96,19.03,17.76,7.77821,52.1627,277.114,0
2017-11-04,0,12.5,0.48,7.16667,98,25.16,23.79,3.56873,60.3254,267.12,1
2017-11-04,1,12.1667,0.96,7.0,97,19.03,17.76,3.56873,58.3254,269.077,1
2017-11-04,5,8.83333,0.48,6.5,97,30.39,26.43,-2.12133,60.1213,311.1,1
2017-11-04,6,7.33333,0.48,6.33333,97,34.2,23.07,-4.94977,50.9498,415.385,1
2017-11-04,7,6.83333,0.0,6.0,100,25.21,27.21,-7.77821,53.7782,434.215,1
2017-11-04,8,6.0,0.0,6.0,91,31.55,17.57,-17.017,44.605,473.815,1
2017-11-04,9,6.16667,0.0,6.33333,88,34.36,23.8,-24.408,47.6665,433.108,1
2017-11-04,10,7.66667,0.0,6.5,86,18.87,21.26,-16.408,34.6665,501.415,1
2017-11-04,11,9.33333,0.0,7.33333,80,13.74,25.65,-11.8159,10.5799,437.143,1
2017-11-04,12,12.3333,0.0,8.16667,70,10.72,20.73,-4.03768,-18.1983,334.08,1
2017-11-04,13,14.3333,0.0,9.33333,66,11.61,15.13,-7.7332,-16.6676,202.8,1
2017-11-04,14,15.8333,0.0,10.3333,61,14.86,12.41,-35.8818,9.97538,163.2,1
2017-11-04,15,16.8333,0.0,11.0,65,12.89,13.58,-47.9026,35.9963,183.0,1
2017-11-04,16,17.1667,0.0,11.8333,61,9.92,18.16,-13.5773,27.5773,237.109,1
2017-11-04,17,17.1667,0.0,11.6667,68,22.8,14.81,0.42271,27.5773,213.0,1
2017-11-04,18,15.8333,0.0,11.3333,72,40.15,17.59,29.9791,12.0209,241.553,1
2017-11-04,19,14.6667,0.0,10.8333,75,43.88,23.36,56.0,0.0,248.571,1
2017-11-04,21,14.8333,0.0,9.0,83,23.47,20.63,-2.48804,-12.6284,204.429,1
2017-11-04,22,15.1667,0.0,8.16667,84,16.91,19.03,-2.48804,-12.6284,204.429,1
2017-11-05,1,17.3333,0.0,6.5,88,16.91,19.03,33.2179,6.12288,180.0,1
2017-11-05,5,16.8333,0.0,6.16667,79,18.72,30.39,-34.0418,-10.715,219.927,1
2017-11-05,6,16.0,0.0,6.33333,80,18.72,34.2,3.2836,-2.29608,231.8,1
2017-11-05,7,16.3333,0.0,6.5,79,16.58,25.21,7.903,9.567,235.2,1
2017-11-05,8,16.6667,0.0,6.66667,80,18.44,31.55,28.9896,4.97484,209.012,1
2017-11-05,9,19.1667,0.0,7.0,78,22.75,34.36,-6.48804,-2.67876,165.415,1
2017-11-05,10,20.8333,0.0,7.5,73,22.19,18.87,32.5224,-7.6536,135.15,1
2017-11-05,11,23.0,0.0,8.0,71,17.2,13.74,51.0,0.0,179.022,1
2017-11-05,12,26.5,0.0,8.5,71,19.69,10.72,54.0,0.0,154.0,1
2017-11-05,13,28.0,0.0,9.0,69,20.19,11.61,64.0,0.0,121.44,1
2017-11-05,14,28.6667,0.0,9.66667,65,22.45,14.86,67.0,0.0,120.6,1
2017-11-05,15,27.5,0.0,10.0,67,15.12,12.89,57.0,0.0,163.055,1
2017-11-05,16,27.0,0.0,10.5,58,18.0433,9.92,77.0,0.0,146.618,1
2017-11-05,17,25.1667,0.0,10.5,63,22.61,22.8,65.0,0.0,168.15,1
2017-11-05,18,22.0,0.0,10.3333,67,19.07,40.15,60.0,0.0,180.0,1
2017-11-05,19,19.0,0.0,10.1667,71,19.45,43.88,26.1418,-5.7402,218.743,1
2017-11-05,21,17.3333,0.0,9.33333,68,17.34,23.47,11.2836,-11.4804,180.0,1
2017-11-05,22,15.6667,0.0,8.66667,70,13.82,16.91,6.2836,-11.4804,187.68,1
2017-11-06,1,15.0,0.0,7.83333,75,13.82,16.91,-24.1063,-22.4115,221.571,0
2017-11-06,4,12.1667,0.0,7.16667,78,17.5,11.52,-54.6329,-32.985,248.625,0
2017-11-06,5,11.1667,0.0,6.83333,79,11.36,18.72,-50.7102,-24.7326,337.533,0
2017-11-06,6,10.3333,0.0,6.33333,81,12.52,18.72,-50.7102,-34.7326,309.4,0
2017-11-06,7,10.0,0.0,6.16667,78,17.17,16.58,-23.9177,-36.6349,353.455,0
2017-11-06,8,10.5,0.0,6.16667,74,23.47,18.44,-23.9177,-45.6349,311.564,0
2017-11-06,9,10.6667,0.0,6.16667,78,24.78,22.75,-7.39104,-49.0614,291.6,0
2017-11-06,10,10.8333,0.0,6.83333,67,28.29,22.19,0.0,-56.0,285.12,0
2017-11-06,11,10.3333,0.0,7.66667,64,16.03,17.2,0.0,-55.0,321.231,0
2017-11-06,12,9.66667,0.0,9.16667,52,18.08,19.69,0.0,-62.0,310.708,0
2017-11-06,13,8.83333,0.0,10.5,53,17.91,20.19,-6.36399,-42.636,312.8,0
2017-11-06,14,6.66667,0.0,11.6667,53,18.65,22.45,-7.89471,-29.9405,423.514,0
2017-11-06,15,5.66667,0.0,12.6667,61,24.0,15.12,-8.27739,-29.0166,483.429,0
2017-11-06,16,6.0,0.0,13.0,63,28.46,18.0433,-9.80811,-25.3211,499.2,0
2017-11-06,17,6.66667,0.0,12.8333,72,56.93,22.61,0.35457,-15.5306,495.0,0
2017-11-06,18,6.83333,0.0,11.8333,79,68.49,19.07,0.35457,-16.5306,466.4,0
2017-11-06,19,7.83333,0.0,10.6667,81,94.53,19.45,4.18137,-16.7694,420.0,0
2017-11-06,21,9.66667,0.0,7.5,100,74.7,17.34,17.8163,-44.6871,329.018,0
2017-11-06,22,9.0,0.0,6.0,100,98.52,13.82,19.7297,-49.3065,335.345,0
2017-11-07,1,6.5,0.0,2.5,100,98.52,13.82,22.295,-46.825,443.52,0
2017-11-07,4,5.0,0.0,1.5,99,62.71,17.5,22.0037,-51.1217,495.72,0
2017-11-07,5,5.16667,0.0,1.0,100,41.72,11.36,18.1769,-45.8829,607.418,0
2017-11-07,6,4.33333,0.0,0.833333,100,28.33,12.52,16.2635,-50.5023,589.745,0
2017-11-07,7,4.83333,0.0,1.0,100,31.46,17.17,15.4982,-52.3501,617.564,0
2017-11-07,8,5.16667,0.0,1.33333,100,31.35,23.47,13.5848,-44.7307,641.143,0
2017-11-07,9,5.83333,0.0,1.83333,96,30.57,24.78,5.57356,-47.172,566.1,0
2017-11-07,10,6.83333,0.0,2.5,86,33.29,28.29,-0.31632,-51.7346,540.0,0
2017-11-07,11,7.83333,0.0,3.5,92,41.25,16.03,-8.80164,-53.2492,499.8,0
2017-11-07,12,8.83333,0.0,4.5,89,51.17,18.08,-8.80164,-50.2492,419.76,0
2017-11-07,13,9.16667,0.0,5.33333,84,62.65,17.91,1.26816,-46.8435,371.25,0
2017-11-07,14,9.66667,0.0,6.16667,78,59.54,18.65,1.26816,-48.8435,341.85,0
2017-11-07,15,11.0,0.0,6.66667,79,56.7,24.0,4.3296,-52.4525,300.0,0
2017-11-07,16,12.1667,0.0,6.66667,100,50.04,28.46,13.5139,-49.8435,294.0,0
2017-11-07,17,12.8333,0.0,6.83333,99,55.8,56.93,12.6284,-51.488,241.92,0
2017-11-07,18,14.1667,0.0,6.66667,92,48.21,68.49,18.3686,-55.3462,198.545,0
2017-11-07,19,15.3333,0.0,6.33333,91,34.08,94.53,18.3686,-60.3462,195.0,0
2017-11-07,21,16.6667,0.0,5.33333,88,38.9,74.7,12.2458,-61.5642,187.68,0
2017-11-07,22,17.0,0.0,5.16667,94,21.32,98.52,6.50556,-50.706,224.824,0
2017-11-08,1,19.8333,0.0,5.0,88,21.32,98.52,0.0,-63.0,155.621,0
2017-11-08,4,22.8333,0.0,4.33333,92,22.89,62.71,0.0,-69.0,130.743,0
2017-11-08,5,23.5,0.0,4.0,90,23.05,41.72,0.0,-72.0,125.061,0
2017-11-08,6,23.8333,0.0,3.66667,94,19.04,28.33,0.0,-51.0,171.55,0
2017-11-08,7,24.5,0.0,3.33333,82,21.02,31.46,0.0,-74.0,120.0,0
2017-11-08,8,25.5,0.0,3.33333,87,15.62,31.35,0.0,-75.0,129.422,0
2017-11-08,9,24.8333,0.0,3.5,91,19.27,30.57,0.0,-54.0,156.768,0
2017-11-08,10,26.1667,0.0,4.0,79,23.03,33.29,0.0,-75.0,120.0,0
2017-11-08,11,26.0,0.0,4.5,77,21.25,41.25,-12.2458,-50.5642,151.543,0
2017-11-08,12,25.3333,0.0,5.16667,75,21.93,51.17,-12.2458,-55.5642,155.4,0
2017-11-08,13,24.6667,0.0,5.83333,75,19.74,62.65,-19.5167,-73.1179,142.312,0
2017-11-08,14,24.3333,0.0,6.5,72,18.76,59.54,-15.3072,-62.9552,171.692,0
2017-11-08,15,24.5,0.0,6.83333,74,25.47,56.7,-25.6396,-61.9,131.368,0
2017-11-08,16,22.1667,0.0,6.66667,92,24.57,50.04,-26.7876,-64.6716,125.314,0
2017-11-08,17,20.6667,0.0,6.33333,86,20.66,55.8,-18.7513,-63.2701,170.667,0
2017-11-08,18,20.3333,0.0,5.83333,93,29.57,48.21,-14.9245,-54.0313,209.182,0
2017-11-08,19,19.5,0.0,5.5,86,25.11,34.08,-6.50556,-50.706,228.8,0
2017-11-08,21,16.3333,0.0,4.5,85,21.41,38.9,-17.986,-60.4224,202.024,0
2017-11-08,22,16.1667,0.0,4.33333,88,19.1,21.32,-17.6033,-59.4985,209.647,0
2017-11-09,1,15.6667,0.0,4.33333,86,19.1,21.32,-24.4915,-59.1283,195.0,0
2017-11-09,4,15.1667,0.0,4.5,86,17.72,22.89,-6.50556,-60.706,217.412,0
2017-11-09,5,15.3333,0.0,4.5,89,17.38,23.05,0.0,-60.0,226.8,0
2017-11-09,6,14.6667,0.0,4.66667,91,14.2,19.04,0.0,-59.0,221.571,0
2017-11-09,7,13.8333,0.0,4.66667,91,16.93,21.02,0.0,-58.0,237.12,0
2017-11-09,8,12.8333,0.0,5.0,87,20.64,15.62,0.0,-54.0,273.28,0
2017-11-09,9,12.0,0.0,5.16667,94,25.66,19.27,0.0,-62.0,267.12,0
2017-11-09,10,11.3333,0.0,5.66667,91,23.95,23.03,0.0,-57.0,315.52,0
2017-11-09,11,10.8333,0.0,6.33333,88,21.8,21.25,0.0,-53.0,343.385,0
2017-11-09,12,10.0,0.0,7.0,85,25.49,21.93,0.0,-52.0,341.127,0
2017-11-09,13,9.16667,0.0,7.83333,78,28.5,19.74,-3.06144,-59.391,311.564,0
2017-11-09,14,9.33333,0.0,8.33333,80,37.04,18.76,-3.06144,-54.391,341.85,0
2017-11-09,15,8.66667,0.0,8.5,91,44.37,25.47,-3.06144,-55.391,349.92,0
2017-11-09,16,8.33333,0.0,8.5,100,58.1667,24.57,-3.06144,-51.391,411.927,0
2017-11-09,17,8.0,0.0,8.33333,87,58.68,20.66,-3.06144,-60.391,360.0,0
2017-11-09,18,7.66667,0.0,8.0,88,65.43,29.57,-3.06144,-59.391,384.8,0
2017-11-09,19,7.5,0.0,7.5,91,73.86,25.11,-3.06144,-53.391,421.2,0
2017-11-09,22,7.66667,0.0,7.0,87,53.36,19.1,4.6194,-17.9134,451.0,0
2017-11-10,1,8.5,0.0,7.0,90,53.36,19.1,-6.09564,32.9552,395.2,0
2017-11-10,4,9.0,0.0,6.5,91,40.71,17.72,-21.0474,50.8134,363.0,0
2017-11-10,5,9.0,0.0,6.5,91,42.7,17.38,-25.5355,45.0187,366.667,0
2017-11-10,6,9.16667,0.0,6.33333,87,53.55,14.2,-25.5355,45.0187,366.667,0
2017-11-10,7,9.33333,0.0,6.16667,88,46.41,16.93,-25.9182,45.9426,341.85,0
2017-11-10,8,9.5,0.0,6.33333,92,45.12,20.64,-26.3009,46.8665,339.2,0
2017-11-10,9,9.83333,0.0,6.5,88,48.62,25.66,-29.9279,45.6227,337.08,0
2017-11-10,10,11.0,0.48,6.83333,83,46.84,23.95,-37.1876,40.976,300.0,0
2017-11-10,11,12.1667,0.96,7.16667,80,46.74,21.8,-36.7423,40.5307,273.48,0
2017-11-10,12,12.8333,0.96,7.66667,76,43.09,25.49,-44.2535,29.0999,241.92,0
2017-11-10,13,14.0,1.44,8.16667,71,28.67,28.5,-23.1824,22.0288,216.0,0
2017-11-10,14,14.8333,1.44,8.5,71,23.74,37.04,-26.8779,23.5595,210.6,0
2017-11-10,15,15.0,1.92,8.83333,75,17.19,44.37,-26.1708,22.8524,218.625,0
2017-11-10,16,15.1667,1.44,8.83333,74,27.4,58.1667,-20.5812,25.922,230.4,0
2017-11-10,17,15.1667,0.96,8.66667,77,34.77,58.68,-46.602,37.9428,218.625,0
2017-11-10,18,14.8333,1.44,8.33333,81,39.2,65.43,-46.602,37.9428,211.68,0
2017-11-10,19,14.5,0.96,8.0,82,37.46,73.86,-47.0819,31.9283,223.385,0
2017-11-10,22,16.3333,0.96,7.16667,76,15.89,53.36,-30.3462,18.3686,180.0,0
2017-11-11,1,20.8333,0.96,7.0,77,15.89,53.36,20.7508,8.80164,148.5,1
2017-11-11,4,22.5,1.83,6.83333,84,10.97,40.71,-63.7477,26.4049,145.75,1
2017-11-11,5,23.3333,3.18,6.66667,85,13.51,42.7,-60.9761,25.2569,152.727,1
2017-11-11,6,22.6667,2.7,6.5,85,10.3433,53.55,-65.5955,27.1703,130.226,1
2017-11-11,7,21.8333,3.18,6.33333,84,10.89,46.41,-57.7813,31.8037,141.943,1
2017-11-11,8,21.8333,2.31,6.16667,80,7.47,45.12,-38.3798,42.7674,181.867,1
2017-11-11,9,22.5,2.31,6.0,79,11.11,48.62,-21.854,52.7604,175.137,1
2017-11-11,11,23.6667,0.96,6.33333,69,9.36,46.74,-10.3324,53.9448,151.467,1
2017-11-11,12,24.3333,1.32,6.5,71,7.3,43.09,-9.94968,53.0209,162.29,1
2017-11-11,13,26.0,0.84,6.66667,63,9.4,28.67,-18.7513,74.2701,124.51,1
2017-11-11,14,26.3333,0.36,7.0,61,12.29,23.74,-8.80164,50.2492,162.991,1
2017-11-11,15,26.1667,0.36,7.16667,64,8.0,17.19,-9.18432,51.1731,172.966,1
2017-11-11,16,23.0,0.59,6.83333,76,10.7133,27.4,-9.18432,77.1731,120.0,1
2017-11-11,17,22.0,0.59,6.83333,60,13.23,34.77,-9.18432,58.1731,198.4,1
2017-11-11,18,20.1667,0.46,6.5,71,31.46,39.2,-7.6536,54.4776,232.615,1
2017-11-11,19,18.8333,0.94,6.16667,73,14.96,37.46,-16.1389,62.9629,230.215,1
2017-11-11,22,15.6667,0.71,4.5,74,14.64,15.89,-36.7697,36.7697,240.514,1
2017-11-12,1,13.8333,0.48,3.16667,73,14.64,15.89,-46.9324,40.9792,274.447,1
2017-11-12,5,18.8333,5.16,2.83333,96,8.59,13.51,58.0,0.0,206.87,1
2017-11-12,6,18.6667,4.68,2.83333,90,7.57,10.3433,12.8269,9.18432,181.895,1
2017-11-12,7,16.6667,4.68,2.83333,95,8.32,10.89,3.58808,13.0111,180.0,1
2017-11-12,8,15.5,4.68,2.83333,91,9.2,7.47,-18.4734,20.4022,243.6,1
2017-11-12,9,15.5,2.34,3.16667,88,9.76,11.11,-34.4734,36.4022,290.4,1
2017-11-12,11,15.6667,0.0,4.0,76,8.06,9.36,-7.27092,54.5537,189.0,1
2017-11-12,12,17.1667,0.0,4.5,74,7.37,7.3,-7.27092,58.5537,175.137,1
2017-11-12,13,18.5,0.0,5.0,70,5.87,9.4,0.0,60.0,184.743,1
2017-11-12,14,18.5,0.0,5.5,69,6.07,12.29,-6.12288,53.7821,214.5,1
2017-11-12,15,17.5,0.48,5.66667,69,6.84,8.0,-12.2458,48.5642,240.505,1
2017-11-12,16,15.0,0.48,5.5,80,11.52,10.7133,-21.4382,57.7566,215.368,1
2017-11-12,17,13.0,0.48,5.16667,73,15.19,13.23,-21.4382,44.7566,307.125,1
2017-11-12,18,11.5,0.96,4.66667,80,44.88,31.46,-24.4996,52.1476,303.525,1
2017-11-12,19,10.8333,1.65,4.16667,83,35.09,14.96,-27.6155,33.5387,363.825,1
2017-11-12,22,13.6667,1.86,3.66667,84,13.42,14.64,-9.2388,-50.8268,209.88,1
2017-11-13,0,16.0,1.38,3.83333,93,8.95,11.43,0.0,-65.0,180.0,0
2017-11-13,1,16.8333,0.69,4.16667,90,13.42,14.64,0.0,-69.0,186.66,0
2017-11-13,5,14.8333,3.96,4.66667,100,11.66,8.59,0.0,-59.0,241.553,0
2017-11-13,6,13.5,3.96,4.83333,100,13.46,7.57,0.0,-53.0,293.647,0
2017-11-13,7,12.5,3.96,5.0,93,10.51,8.32,0.0,-64.0,265.624,0
2017-11-13,8,11.6667,1.98,5.16667,95,16.44,9.2,-7.77821,-54.7782,305.52,0
2017-11-13,9,10.8333,0.66,5.33333,98,27.2967,9.76,-7.77821,-51.7782,297.0,0
2017-11-13,10,10.6667,0.66,6.16667,87,26.63,8.27,-11.605,-51.017,305.455,0
2017-11-13,11,11.0,2.74,6.83333,88,46.5,8.06,-15.0491,-48.3319,329.018,0
2017-11-13,12,10.8333,2.74,6.83333,100,31.19,7.37,-10.0743,-49.3424,305.455,0
2017-11-13,16,17.1667,2.08,6.5,99,17.2633,11.52,0.0,58.0,188.779,0
2017-11-13,17,18.6667,0.0,6.0,89,11.38,15.19,15.5564,59.3254,183.0,0
2017-11-13,18,19.5,0.0,5.83333,95,32.1525,44.88,31.1128,57.6507,158.118,0
2017-11-13,19,18.8333,0.0,5.16667,95,40.5567,35.09,41.7195,54.5089,195.873,0
2017-11-13,22,17.5,3.06,3.5,91,30.95,13.42,24.0417,49.4119,216.72,0
2017-11-14,1,16.1667,3.06,3.0,90,47.7817,13.42,23.3346,63.488,200.842,0
2017-11-14,5,13.1667,0.0,3.0,92,33.8725,11.66,28.9915,51.8791,251.631,0
2017-11-14,6,13.0,0.0,3.0,92,33.985,13.46,19.7991,49.8686,281.538,0
2017-11-14,7,12.8333,0.0,2.83333,99,30.1375,10.51,19.7991,49.8686,286.971,0
2017-11-14,8,12.5,0.0,2.83333,91,32.4825,16.44,19.7991,61.8686,240.0,0
2017-11-14,9,13.1667,0.0,2.83333,88,29.985,27.2967,19.7991,58.8686,276.48,0
2017-11-14,10,13.5,0.0,3.0,76,32.025,26.63,9.19243,53.0104,261.415,0
2017-11-14,11,14.3333,0.0,3.16667,77,37.2725,46.5,12.0209,56.706,216.0,0
2017-11-14,12,14.6667,0.0,3.33333,83,31.795,31.19,22.6275,58.5642,180.0,0
2017-11-14,16,12.5,0.0,4.5,90,32.0333,17.2633,43.2353,28.6161,282.72,0
2017-11-14,17,11.5,0.0,4.33333,80,25.5367,11.38,49.7025,31.2948,286.0,0
2017-11-14,18,10.0,0.0,4.16667,81,30.755,32.1525,45.4598,25.7516,353.4,0
2017-11-14,19,8.5,0.0,3.83333,84,34.0833,40.5567,49.7025,31.2948,361.2,0
2017-11-14,22,6.66667,0.0,2.66667,81,50.46,30.95,43.3385,36.4482,446.4,0
2017-11-14,23,6.16667,0.0,2.33333,93,59.8,57.47,27.2771,43.8393,466.4,0
2017-11-15,1,6.5,0.0,1.0,100,60.0817,47.7817,4.65562,45.5558,532.0,0
2017-11-15,2,7.16667,0.0,0.166667,97,61.8833,53.2167,-8.07236,43.6048,496.8,0
2017-11-15,3,7.83333,0.0,-0.5,94,66.7,47.41,-18.679,44.4255,454.629,0
2017-11-15,4,7.5,0.0,-1.0,94,45.5575,35.635,-14.6288,32.9584,419.76,0
2017-11-15,5,7.5,0.0,-1.33333,93,42.0767,33.8725,-16.9249,33.5017,437.25,0
2017-11-15,6,8.0,0.0,-1.66667,99,46.5075,33.985,-18.1061,30.3533,451.0,0
2017-11-15,7,8.0,0.0,-1.5,86,45.0625,30.1375,-20.8777,31.5013,395.2,0
2017-11-15,8,8.0,0.0,-1.16667,87,48.07,32.4825,-26.8966,29.4022,388.267,0
2017-11-15,9,8.16667,0.0,-0.5,84,48.5675,29.985,-26.8966,29.4022,388.267,0
2017-11-15,10,8.66667,0.0,0.333333,74,44.7625,32.025,-29.7714,26.865,374.0,0
2017-11-15,11,9.66667,0.0,1.33333,71,37.0,37.2725,-42.8393,27.6857,367.2,0
2017-11-15,12,10.6667,0.0,2.66667,69,39.2425,31.795,-49.6832,28.0352,312.8,0
2017-11-15,13,11.8333,0.0,3.83333,66,35.315,29.55,-43.66,31.7536,288.0,0
2017-11-15,14,12.1667,0.0,4.83333,69,33.9567,27.0175,-34.1801,36.3449,258.4,0
2017-11-15,15,12.0,0.0,5.83333,61,43.05,27.405,-32.0256,40.1436,255.2,0
2017-11-15,16,12.0,0.0,6.33333,69,50.055,32.0333,-24.3831,43.8663,302.08,0
2017-11-15,17,11.3333,0.0,6.5,70,66.8017,25.5367,-24.3831,52.8663,286.0,0
2017-11-15,18,9.66667,0.0,6.16667,75,93.0933,30.755,-16.8379,49.6507,363.825,0
2017-11-15,22,5.83333,0.0,3.66667,92,67.01,50.46,-11.2142,55.1217,433.964,0
2017-11-15,23,6.0,0.0,3.0,98,83.79,59.8,-7.00474,48.9591,515.2,0
2017-11-16,1,6.16667,0.0,2.33333,92,78.8167,60.0817,-0.1039,42.9402,480.0,0
2017-11-16,2,5.83333,0.0,2.0,94,85.0667,61.8833,-7.49494,37.0017,480.0,0
2017-11-16,3,6.66667,0.0,2.0,93,82.41,66.7,-8.12902,31.1413,501.84,0
2017-11-16,4,6.66667,0.0,1.83333,94,77.1,45.5575,2.78438,26.5219,480.0,0
2017-11-16,5,6.0,0.0,1.66667,99,64.7925,42.0767,-5.70094,21.9593,520.0,0
2017-11-16,6,5.66667,0.0,1.5,97,63.395,46.5075,-4.99383,21.2522,504.9,0
2017-11-16,7,5.5,0.0,1.5,87,63.355,45.0625,-7.82227,20.0807,504.9,0
2017-11-16,8,6.5,0.0,1.66667,90,61.235,48.07,-10.501,22.5478,530.0,0
2017-11-16,9,6.66667,0.0,2.0,88,64.54,48.5675,-23.1965,16.4249,538.65,0
2017-11-16,10,6.66667,0.0,2.66667,79,60.5,44.7625,-5.80551,13.3635,443.7,0
2017-11-16,11,7.33333,0.0,3.33333,79,63.9533,37.0,-4.93843,9.00435,515.2,0
2017-11-16,12,7.66667,0.0,4.16667,76,57.758,39.2425,-13.9384,0.00434977,443.7,0
2017-11-16,13,7.66667,0.0,5.0,70,59.8933,35.315,-11.11,-8.82409,420.0,0
2017-11-16,15,8.66667,0.0,5.66667,84,46.055,43.05,-2.06724,-39.6552,400.68,0
2017-11-16,16,10.6667,0.0,5.5,78,78.336,50.055,-8.56864,-49.6866,343.2,0
2017-11-16,17,11.1667,0.0,5.16667,86,95.416,66.8017,-11.8631,-52.6403,255.0,0
2017-11-16,18,11.6667,0.0,4.66667,83,90.8417,93.0933,-11.8631,-51.6403,248.727,0
2017-11-16,22,8.33333,0.0,1.5,97,95.87,67.01,6.36399,-52.9282,382.8,0
2017-11-16,23,8.33333,0.0,0.833333,98,73.95,83.79,6.36399,-60.9282,360.0,0
2017-11-17,1,8.66667,0.0,-0.5,94,81.9467,78.8167,15.931,-54.461,360.0,0
2017-11-17,2,9.66667,0.0,-0.833333,93,67.2833,85.0667,9.80811,-48.6789,356.16,0
2017-11-17,3,9.83333,0.0,-0.833333,96,62.745,82.41,9.80811,-54.6789,312.8,0
2017-11-17,4,9.83333,0.0,-0.666667,92,58.165,77.1,3.44412,-50.3149,359.9,0
2017-11-17,5,8.83333,0.0,-0.5,90,54.865,64.7925,3.44412,-58.3149,333.9,0
2017-11-17,6,8.0,0.0,-0.166667,90,53.79,63.395,3.44412,-52.3149,380.8,0
2017-11-17,7,6.83333,0.0,0.0,100,58.3975,63.355,4.97484,-56.0104,388.267,0
2017-11-17,8,6.0,0.0,0.166667,94,69.07,61.235,4.97484,-58.0104,420.0,0
2017-11-17,9,5.0,0.0,0.5,93,70.6475,64.54,-0.76536,-55.2388,466.4,0
2017-11-17,10,4.5,0.0,1.0,86,72.6925,60.5,-2.29608,-49.9343,569.455,0
2017-11-17,11,4.5,0.0,1.66667,87,75.73,63.9533,-6.91548,-48.0209,558.0,0
2017-11-17,12,4.33333,0.0,2.16667,88,68.515,57.758,-12.4588,-34.7248,630.12,0
2017-11-17,13,4.66667,0.0,3.0,86,64.7625,59.8933,-14.5801,-32.6035,645.12,0
2017-11-17,15,6.0,1.02,4.16667,88,65.415,46.055,-18.7896,-12.4408,659.85,0
2017-11-17,16,6.83333,1.5,4.33333,94,69.415,78.336,-18.7896,12.5592,592.8,0
2017-11-17,17,6.66667,1.5,4.33333,95,75.015,95.416,-20.3203,28.2547,480.0,0
2017-11-17,18,7.0,1.98,4.33333,97,76.1333,90.8417,-16.4935,42.4935,505.44,0
2017-11-17,22,5.66667,1.5,3.83333,97,63.94,95.87,-17.2094,45.3742,472.457,0
2017-11-17,23,5.83333,1.5,3.66667,96,70.06,73.95,-20.1876,44.564,507.055,0
2017-11-18,1,6.33333,0.51,3.33333,92,68.2767,81.9467,-22.4836,44.1072,561.0,1
2017-11-18,2,6.83333,0.51,3.16667,97,69.4433,67.2833,-22.4836,41.1072,546.96,1
2017-11-18,3,7.0,0.51,3.0,92,70.005,62.745,-20.5702,40.4878,492.9,1
2017-11-18,4,6.33333,0.91,3.0,92,67.805,58.165,-19.0395,43.7923,457.6,1
2017-11-18,5,6.0,1.82,3.0,99,62.7275,54.865,-13.4962,45.4962,496.8,1
2017-11-18,6,6.0,1.82,3.0,92,59.8,53.79,-15.027,49.1918,480.0,1
2017-11-18,7,5.83333,1.82,3.0,91,59.93,58.3975,-11.3971,51.5151,532.65,1
2017-11-18,8,5.33333,1.82,3.0,95,55.3375,69.07,-8.03628,51.4015,540.6,1
2017-11-18,9,5.33333,1.82,3.0,96,49.4575,70.6475,-8.03628,51.4015,524.16,1
2017-11-18,10,6.16667,0.91,3.16667,97,46.2125,72.6925,-3.08651,51.3512,517.029,1
2017-11-18,11,7.33333,0.36,3.33333,95,42.86,75.73,5.22841,47.7954,513.067,1
2017-11-18,12,7.66667,0.36,3.5,90,42.005,68.515,13.0066,41.958,468.0,1
2017-11-18,13,8.5,0.36,3.66667,87,37.9225,64.7625,21.0045,36.9413,440.64,1
2017-11-18,14,9.0,0.36,4.0,85,33.8425,65.98,32.9922,34.5568,385.0,1
2017-11-18,15,9.16667,0.36,4.16667,86,37.4775,65.415,44.2883,29.0135,345.257,1
2017-11-18,16,9.66667,0.36,4.16667,91,40.6467,69.415,44.9954,29.7206,352.8,1
2017-11-18,17,9.16667,0.0,4.0,93,48.3383,75.015,45.1658,37.3631,335.345,1
2017-11-18,18,8.66667,0.0,3.83333,94,63.95,76.1333,43.0444,34.5914,329.829,1
2017-11-18,22,8.33333,0.0,1.83333,97,45.92,63.94,2.5085,43.6194,360.0,1
2017-11-18,23,9.16667,0.0,1.5,91,52.56,70.06,-11.6337,46.4479,360.0,1
2017-11-19,0,9.83333,0.0,1.33333,85,33.57,62.76,-33.5792,36.2852,333.45,1
2017-11-19,1,10.3333,0.48,1.33333,89,50.58,68.2767,-35.3133,33.6897,333.45,1
2017-11-19,2,11.3333,0.48,1.33333,85,51.1033,69.4433,-35.7005,38.4065,309.12,1
2017-11-19,3,12.3333,0.48,1.5,85,47.94,70.005,-41.5637,36.6929,280.8,1
2017-11-19,4,12.8333,0.48,1.83333,85,40.9,67.805,-47.8605,34.3305,249.508,1
2017-11-19,5,13.5,0.48,2.0,87,30.4575,62.7275,-49.3528,24.9988,228.0,1
2017-11-19,6,16.0,0.48,2.16667,80,29.6475,59.8,-53.5955,29.2415,196.114,1
2017-11-19,7,16.5,0.0,2.16667,89,26.7675,59.93,-34.6807,39.0103,192.0,1
2017-11-19,8,16.8333,0.0,2.33333,82,28.935,55.3375,-20.8225,47.2701,209.012,1
2017-11-19,9,16.6667,0.0,2.5,82,29.9625,49.4575,-14.9245,50.0313,241.043,1
2017-11-19,10,16.8333,0.0,2.83333,80,25.6325,46.2125,-20.6647,63.8895,212.348,1
2017-11-19,11,16.8333,0.0,3.33333,71,21.385,42.86,-17.986,57.4224,204.429,1
2017-11-19,12,16.3333,0.0,3.66667,66,14.925,42.005,-30.0068,55.4432,195.0,1
2017-11-19,13,18.1667,0.0,4.33333,59,15.9675,37.9225,-32.2859,40.9451,212.625,1
2017-11-19,14,18.5,0.0,4.66667,67,16.5875,33.8425,-35.7301,49.2601,151.412,1
2017-11-19,15,19.0,0.0,4.83333,70,18.0575,37.4775,-23.7092,55.2392,160.74,1
2017-11-19,16,18.0,0.0,4.83333,74,26.1667,40.6467,-22.295,53.825,196.608,1
2017-11-19,17,16.8333,0.0,4.5,77,35.25,48.3383,-29.3661,60.8961,204.768,1
2017-11-19,18,16.3333,0.0,4.16667,79,43.2367,63.95,-29.0379,41.6259,272.8,1
2017-11-19,23,13.8333,0.0,1.0,86,22.35,52.56,-44.2535,29.0999,261.415,1
2017-11-20,0,13.8333,0.23,0.666667,87,11.5,33.57,-46.1476,24.4996,277.114,0
2017-11-20,1,14.6667,0.86,0.666667,86,29.0083,50.58,-48.9193,25.6477,242.031,0
2017-11-20,2,15.0,1.27,0.666667,83,21.16,51.1033,-56.3567,23.3435,204.429,0
2017-11-20,3,16.0,1.27,0.833333,80,17.29,47.94,-47.1179,19.5167,232.941,0
2017-11-20,4,16.3333,1.27,1.16667,87,13.99,40.9,-44.847,26.4462,221.0,0
2017-11-20,5,18.3333,1.27,1.33333,94,10.3125,30.4575,-42.9992,25.6808,229.125,0
2017-11-20,6,19.1667,1.45,1.33333,84,8.755,29.6475,-45.1878,36.5286,181.895,0
2017-11-20,7,19.6667,0.82,1.33333,88,9.8,26.7675,-47.3091,38.6499,145.8,0
2017-11-20,8,21.1667,1.2,1.33333,91,9.45,28.935,-47.3764,47.3764,156.75,0
2017-11-20,9,22.5,1.2,1.16667,90,14.9475,29.9625,-48.0835,48.0835,141.382,0
2017-11-20,10,23.8333,1.2,1.16667,90,16.7325,25.6325,-36.7697,36.7697,168.192,0
2017-11-20,11,25.1667,1.2,1.5,84,16.2275,21.385,-28.2763,41.2651,179.022,0
2017-11-20,12,27.0,0.79,1.83333,79,16.59,14.925,-21.4301,51.7373,142.8,0
2017-11-20,13,28.6667,0.79,2.16667,76,12.6325,15.9675,-24.8742,60.0522,123.113,0
2017-11-20,14,29.3333,0.0,2.5,75,15.3975,16.5875,-12.6284,61.488,130.473,0
2017-11-20,15,29.5,0.28,2.66667,77,13.7825,18.0575,0.0,60.0,142.916,0
2017-11-20,16,29.0,0.28,2.66667,73,20.2083,26.1667,0.0,57.0,151.945,0
2017-11-20,17,27.0,0.28,2.33333,76,33.8967,35.25,0.0,78.0,124.51,0
2017-11-20,18,24.0,0.28,2.0,80,43.0067,43.2367,0.0,69.0,164.357,0
2017-11-20,23,13.3333,0.18,1.16667,92,46.29,22.35,-24.0919,53.1631,276.48,0
2017-11-21,1,14.0,0.18,1.16667,94,37.65,29.0083,-20.3484,56.1256,180.0,0
2017-11-21,2,15.5,0.18,1.16667,96,43.3,21.16,-17.2206,60.5746,187.68,0
2017-11-21,3,16.0,0.18,1.33333,88,33.73,17.29,-11.4804,63.7164,200.842,0
2017-11-21,4,16.0,0.18,1.16667,90,29.0875,13.99,-11.4804,59.7164,210.6,0
2017-11-21,5,15.1667,0.0,1.16667,95,29.36,10.3125,-5.35752,59.9343,204.429,0
2017-11-21,6,14.6667,0.0,1.16667,90,28.9575,8.755,-5.35752,59.9343,225.318,0
2017-11-21,7,14.0,0.0,1.16667,95,34.1,9.8,-5.35752,55.9343,245.92,0
2017-11-21,8,12.6667,0.0,1.16667,90,37.2575,9.45,-5.35752,50.9343,292.32,0
2017-11-21,9,11.5,0.0,1.0,91,39.215,14.9475,-5.35752,59.9343,276.48,0
2017-11-21,10,11.0,0.0,1.16667,88,42.4475,16.7325,-11.0144,50.5912,339.429,0
2017-11-21,11,10.1667,0.0,1.5,85,38.205,16.2275,-10.249,48.7434,354.738,0
2017-11-21,12,9.16667,0.0,1.83333,82,33.0925,16.59,-13.6932,57.0584,321.6,0
2017-11-21,13,9.16667,0.0,2.16667,78,29.3875,12.6325,-18.6429,49.0081,363.0,0
2017-11-21,14,9.33333,0.0,2.66667,78,30.155,15.3975,-25.714,46.0792,352.8,0
2017-11-21,15,10.0,0.0,3.0,83,34.585,13.7825,-32.7851,44.1503,327.6,0
2017-11-21,16,9.66667,0.0,3.0,100,38.2067,20.2083,-35.6136,46.9788,322.4,0
2017-11-21,17,9.66667,0.0,2.83333,89,42.325,33.8967,-38.0925,42.9633,312.8,0
2017-11-21,18,9.83333,0.0,2.66667,89,43.2817,43.0067,-38.0135,33.1427,346.92,0
2017-11-21,22,8.83333,0.0,2.0,89,20.07,19.43,-46.7979,23.5263,389.88,0
2017-11-21,23,9.0,0.0,1.66667,92,30.85,46.29,-29.7268,16.4552,380.8,0
2017-11-22,1,7.5,0.0,1.33333,92,27.8667,37.65,0.97912,9.94968,425.455,0
2017-11-22,2,6.66667,0.0,1.16667,90,29.3433,43.3,-3.64028,8.03628,426.0,0
2017-11-22,3,6.33333,0.48,1.0,92,22.66,33.73,-7.3358,6.50556,433.964,0
2017-11-22,4,5.33333,0.48,0.833333,91,16.1325,29.0875,-0.868639,0.76536,515.2,0
2017-11-22,5,4.5,0.48,1.0,91,17.3767,29.36,-3.69708,-2.06308,513.067,0
2017-11-22,6,4.66667,0.48,1.16667,91,16.1775,28.9575,2.70444,-10.1266,540.6,0
2017-11-22,7,4.66667,0.48,1.33333,90,17.1675,34.1,5.95164,-17.966,595.08,0
2017-11-22,8,5.0,0.48,1.5,90,23.0075,37.2575,2.41609,-21.5015,574.08,0
2017-11-22,9,5.66667,0.0,1.83333,91,23.6425,39.215,-7.58391,-27.5015,645.12,0
2017-11-22,10,6.5,0.0,2.16667,91,21.3225,42.4475,-17.5839,-35.5015,610.56,0
2017-11-22,11,7.83333,0.48,2.5,95,22.295,38.205,-26.2794,-37.0322,556.5,0
2017-11-22,12,9.16667,0.48,2.66667,91,23.52,33.0925,-21.0348,-43.1528,419.76,0
2017-11-22,13,10.1667,0.48,3.0,91,25.705,29.3875,-26.7248,-42.8896,300.0,0
2017-11-22,14,10.6667,0.48,3.33333,91,29.09,30.155,-30.9675,-41.1323,278.25,0
2017-11-22,15,10.8333,0.48,3.5,91,33.365,34.585,-37.3315,-39.4963,275.6,0
2017-11-22,16,11.3333,0.48,3.66667,92,46.8067,38.2067,-35.3806,-42.4162,310.431,0
2017-11-22,17,10.8333,0.0,3.83333,91,41.6717,42.325,-34.9979,-41.4923,328.714,0
2017-11-22,18,10.3333,0.0,4.0,91,42.4667,43.2817,-25.0984,-41.5928,353.455,0
2017-11-22,22,9.83333,0.0,4.33333,92,25.31,20.07,-13.2638,-35.2589,311.1,0
2017-11-22,23,10.0,0.0,4.33333,92,32.67,30.85,-17.9104,-20.3455,312.12,0
2017-11-23,1,9.83333,0.0,4.33333,93,34.835,27.8667,-12.8636,4.02662,300.0,0
2017-11-23,2,9.83333,0.0,4.33333,92,24.1625,29.3433,-14.1074,14.5418,312.12,0
2017-11-23,3,10.1667,0.0,4.16667,92,21.7133,22.66,-25.9552,15.3072,346.92,0
2017-11-23,4,10.1667,0.0,4.0,92,18.86,16.1325,-25.9552,15.3072,353.455,0
2017-11-23,5,9.5,0.0,3.83333,92,14.935,17.3767,-35.194,19.134,300.0,0
2017-11-23,6,8.66667,0.0,3.66667,92,18.2675,16.1775,-52.6612,21.8128,347.564,0
2017-11-23,7,8.83333,0.0,3.5,96,22.47,17.1675,-48.0418,19.8994,395.2,0
2017-11-23,8,9.0,0.0,3.5,94,24.9175,23.0075,-43.5536,7.21644,389.88,0
2017-11-23,9,9.16667,0.0,3.66667,93,17.3275,23.6425,-44.4775,-0.81984,376.32,0
2017-11-23,10,10.5,0.0,4.0,90,13.0533,21.3225,-45.4014,-8.85612,363.0,0
2017-11-23,11,13.0,0.0,4.66667,87,14.425,22.295,-11.6954,-15.3617,240.0,0
2017-11-23,12,15.5,0.0,5.33333,83,11.68,23.52,29.8373,-4.20948,209.455,0
2017-11-23,13,17.6667,0.0,6.16667,77,13.51,25.705,61.0,0.0,163.4,0
2017-11-23,14,18.5,0.0,6.83333,81,14.06,29.09,66.0,0.0,152.727,0
2017-11-23,15,19.5,0.0,7.16667,83,16.9833,33.365,60.0,0.0,184.743,0
2017-11-23,16,19.8333,0.0,7.5,74,29.864,46.8067,56.0,0.0,220.226,0
2017-11-23,17,19.0,0.0,7.5,81,33.192,41.6717,53.0,0.0,212.625,0
2017-11-23,18,18.0,0.0,7.33333,86,32.0867,42.4667,54.0,0.0,209.012,0
2017-11-23,22,16.0,0.0,5.5,91,14.74,25.31,8.13136,10.715,203.52,0
2017-11-23,23,16.0,0.0,5.16667,93,36.69,32.67,10.1314,10.715,215.368,0
2017-11-24,1,16.6667,0.0,5.0,89,31.7167,34.835,-10.7268,18.5264,232.941,0
2017-11-24,2,17.1667,0.0,5.0,91,35.665,24.1625,-47.1283,26.5627,201.318,0
2017-11-24,3,17.6667,0.0,5.0,92,33.67,21.7133,-47.1283,26.5627,201.318,0
2017-11-24,4,17.3333,0.0,5.0,87,26.5933,18.86,-50.8134,21.0474,218.743,0
2017-11-24,5,16.5,0.0,5.0,88,31.005,14.935,-61.42,31.654,186.514,0
2017-11-24,6,16.0,0.0,5.0,89,34.0675,18.2675,-50.5039,32.1031,225.318,0
2017-11-24,7,14.5,0.0,5.0,84,35.5975,22.47,-44.6975,35.4971,249.882,0
2017-11-24,8,13.6667,0.0,5.0,91,34.895,24.9175,-37.4768,37.4768,282.72,0
2017-11-24,9,12.8333,0.0,5.16667,98,34.525,17.3275,-45.9622,45.9622,240.0,0
2017-11-24,10,13.0,0.0,5.66667,82,35.0675,13.0533,-43.8408,43.8408,240.0,0
2017-11-24,11,14.5,0.0,6.33333,80,33.1925,14.425,-40.238,31.5788,276.0,0
2017-11-24,12,15.3333,0.0,7.16667,76,30.7625,11.68,-51.1542,31.1298,188.7,0
2017-11-24,13,16.3333,0.0,8.0,73,32.32,13.51,-47.6186,27.5942,189.0,0
2017-11-24,14,17.1667,0.0,8.83333,74,34.4567,14.06,-49.4664,28.3596,198.0,0
2017-11-24,15,18.0,0.0,9.33333,81,36.5833,16.9833,-45.7709,26.8289,217.579,0
2017-11-24,16,18.1667,0.0,9.5,76,45.314,29.864,-44.3567,25.4147,228.8,0
2017-11-24,17,18.0,0.0,9.33333,82,47.576,33.192,-43.4328,25.032,232.941,0
2017-11-24,18,17.5,0.0,9.0,86,46.4267,32.0867,-46.2044,26.18,209.012,0
2017-11-24,22,17.8333,0.0,7.33333,87,23.41,14.74,-47.1179,19.5167,229.125,0
2017-11-24,23,17.8333,0.0,7.16667,88,35.56,36.69,-50.8134,21.0474,201.318,0
2017-11-25,1,19.0,0.0,7.0,87,31.6867,31.7167,-17.9552,15.3072,186.66,1
2017-11-25,2,19.5,0.0,7.0,88,30.55,35.665,-17.9552,15.3072,186.66,1
2017-11-25,3,19.8333,0.0,7.0,89,26.8267,33.67,-17.9552,15.3072,181.895,1
2017-11-25,4,19.6667,0.0,6.83333,88,22.04,26.5933,-55.4328,22.9608,180.0,1
2017-11-25,5,19.5,0.0,6.83333,88,21.385,31.005,-54.5089,22.5781,186.66,1
2017-11-25,6,19.5,0.0,6.66667,91,19.2667,34.0675,-53.585,22.1954,193.44,1
2017-11-25,7,19.1667,0.0,6.5,93,22.9225,35.5975,-52.6612,21.8128,195.789,1
2017-11-25,8,18.8333,0.0,6.83333,75,23.26,34.895,-51.7373,21.4301,202.926,1
2017-11-25,9,19.0,0.0,7.16667,76,22.5825,34.525,-50.8134,21.0474,210.189,1
2017-11-25,10,19.8333,0.0,7.83333,71,23.9575,35.0675,-48.109,28.6258,191.133,1
2017-11-25,11,20.8333,0.0,8.5,69,23.975,33.1925,-53.6523,30.9219,150.333,1
2017-11-25,12,22.5,0.0,9.33333,67,25.655,30.7625,-60.1194,33.6006,125.314,1
2017-11-25,13,23.0,0.0,10.0,67,29.325,32.32,-49.8895,20.6647,156.768,1
2017-11-25,14,24.5,0.0,10.0,74,32.6375,34.4567,-28.8895,20.6647,120.0,1
2017-11-25,15,25.8333,0.0,10.0,77,34.3467,36.5833,21.2075,11.0977,129.103,1
2017-11-25,16,26.1667,0.0,9.83333,76,39.516,45.314,0.207481,11.0977,151.467,1
2017-11-25,17,27.0,0.0,9.33333,72,38.3933,47.576,-0.792519,11.0977,162.29,1
2017-11-25,22,29.1667,1.12,8.33333,80,27.82,23.41,53.0,0.0,143.0,1
2017-11-25,23,28.0,1.12,8.33333,81,43.57,35.56,63.0,0.0,140.709,1
2017-11-26,1,25.3333,2.24,8.33333,81,36.4067,31.6867,30.6746,8.41896,143.786,1
2017-11-26,2,25.0,2.24,8.33333,85,34.5875,30.55,-21.3462,18.3686,130.226,1
2017-11-26,3,21.3333,3.36,8.16667,88,25.55,26.8267,-59.1283,24.4915,164.509,1
2017-11-26,4,19.3333,2.24,7.83333,89,23.28,22.04,-43.7778,28.083,239.215,1
2017-11-26,5,16.8333,2.24,7.5,93,18.7633,21.385,-55.0916,39.3968,210.692,1
2017-11-26,6,14.8333,2.24,7.16667,93,24.1775,19.2667,-31.0707,37.4471,288.225,1
2017-11-26,7,13.1667,4.7,7.0,81,20.78,22.9225,-31.0707,47.4471,266.325,1
2017-11-26,8,12.3333,4.7,6.66667,80,16.285,23.26,-4.97484,56.1063,240.0,1
2017-11-26,9,12.5,3.58,6.33333,85,16.3833,22.5825,0.0,55.0958,284.625,1
2017-11-26,10,13.5,5.51,5.83333,90,18.1675,23.9575,11.3138,49.7821,276.12,1
2017-11-26,11,14.5,7.44,5.5,88,18.0425,23.975,26.8702,60.1074,202.725,1
2017-11-26,12,15.3333,6.32,5.16667,90,18.0175,25.655,25.456,58.2597,180.0,1
2017-11-26,13,14.8333,3.86,4.66667,87,22.79,29.325,36.0626,47.1179,251.727,1
2017-11-26,14,14.5,3.86,4.33333,86,24.1467,32.6375,45.255,59.1283,234.109,1
2017-11-26,15,13.6667,3.86,4.0,87,27.9,34.3467,36.0626,47.1179,297.0,1
2017-11-26,16,12.3333,1.93,4.16667,84,37.488,39.516,36.0626,56.1179,277.714,1
2017-11-26,17,12.6667,0.0,4.0,92,32.37,38.3933,36.0626,53.0831,286.0,1
2017-11-26,22,13.0,0.0,3.0,88,24.94,27.82,37.4768,39.8613,277.114,1
2017-11-26,23,12.6667,0.0,2.83333,88,48.68,43.57,43.8408,48.1762,258.514,1
2017-11-27,1,13.3333,0.0,2.5,87,40.45,36.4067,45.255,56.0935,240.0,0
2017-11-27,2,12.8333,0.0,2.33333,89,43.7625,34.5875,38.891,50.8134,223.2,0
2017-11-27,3,12.8333,0.0,2.0,90,40.515,25.55,40.3053,52.6612,239.4,0
2017-11-27,4,13.3333,0.0,1.66667,90,39.415,23.28,38.1839,49.8895,279.0,0
2017-11-27,5,12.6667,0.0,1.5,93,39.5375,18.7633,46.6693,60.9761,240.0,0
2017-11-27,6,11.8333,0.0,1.33333,93,39.9925,24.1775,42.4266,55.4328,294.0,0
2017-11-27,7,10.6667,0.0,1.0,97,42.26,20.78,31.1128,51.6507,305.455,0
2017-11-27,8,10.0,0.0,0.666667,90,44.9925,16.285,29.6986,47.852,329.018,0
2017-11-27,9,10.0,0.0,0.666667,88,46.925,16.3833,29.6986,54.852,311.564,0
2017-11-27,10,10.3333,0.0,0.666667,90,50.62,18.1675,21.9204,55.6894,322.4,0
2017-11-27,11,10.5,0.0,0.833333,82,48.7975,18.0425,16.2635,48.2983,341.127,0
2017-11-27,12,10.6667,0.0,1.16667,78,46.1025,18.0175,16.2635,48.2983,326.8,0
2017-11-27,13,12.0,0.0,1.66667,75,44.2575,22.79,9.89954,53.9343,267.429,0
2017-11-27,14,12.3333,0.0,2.16667,75,41.755,24.1467,9.89954,52.9343,267.429,0
2017-11-27,15,11.8333,0.0,2.5,77,43.1533,27.9,9.89954,61.9343,249.171,0
2017-11-27,16,11.0,0.0,2.66667,100,47.84,37.488,0.0,57.0,282.764,0
2017-11-27,17,10.1667,0.0,2.5,90,53.5433,32.37,6.36399,54.3149,313.5,0
2017-11-27,22,5.0,0.0,-0.166667,100,98.22,24.94,0.10476,45.2777,532.0,0
2017-11-27,23,5.0,0.0,-0.666667,100,84.45,48.68,-1.42596,48.9732,530.0,0
2017-11-28,1,6.0,0.0,-1.66667,100,80.95,40.45,-6.4008,43.9837,600.4,0
2017-11-28,2,6.33333,0.0,-2.0,97,67.2625,43.7625,0.5992,43.9837,540.0,0
2017-11-28,3,7.0,0.0,-2.83333,100,45.925,40.515,-18.3224,33.5696,480.0,0
2017-11-28,4,7.33333,0.0,-3.33333,94,43.6367,39.415,-19.6452,18.1333,472.457,0
2017-11-28,5,7.33333,0.0,-3.66667,100,40.715,39.5375,-15.4741,9.91128,461.76,0
2017-11-28,6,7.33333,0.0,-4.66667,100,38.3325,39.9925,-15.8568,-0.2514,420.0,0
2017-11-28,7,8.0,0.0,-5.5,100,36.8575,42.26,-16.9797,-14.44,460.8,0
2017-11-28,8,7.5,0.0,-5.83333,100,35.51,44.9925,-14.301,-31.9071,392.229,0
2017-11-28,9,7.66667,0.0,-5.33333,96,30.5775,46.925,-21.301,-37.9071,432.667,0
2017-11-28,10,9.0,0.0,-4.5,74,29.09,50.62,-12.986,-51.3512,417.6,0
2017-11-28,11,10.3333,0.0,-3.66667,82,25.3125,48.7975,-12.6034,-50.4274,332.8,0
2017-11-28,12,11.0,0.0,-1.83333,75,19.83,46.1025,-5.35752,-53.9343,305.455,0
2017-11-28,13,11.1667,0.0,0.0,65,18.865,44.2575,-5.35752,-53.9343,255.0,0
2017-11-28,14,12.0,0.0,1.33333,70,20.5533,41.755,-5.35752,-49.9343,297.0,0
2017-11-28,15,12.1667,0.0,2.16667,75,25.6233,43.1533,-13.1357,-57.7125,258.514,0
2017-11-28,16,12.0,0.0,2.5,69,41.74,47.84,-15.5564,-52.5564,287.571,0
2017-11-28,17,11.1667,0.0,2.5,72,50.004,53.5433,-2.55642,-38.5564,271.745,0
2017-11-28,22,8.83333,0.0,0.0,82,28.62,98.22,-18.5823,-27.0523,343.938,0
2017-11-28,23,9.0,0.0,-0.166667,83,33.96,84.45,-38.0495,-29.7311,380.8,0
2017-11-29,1,8.16667,0.0,0.0,83,34.8775,80.95,-21.488,-21.6284,409.867,0
2017-11-29,2,8.16667,0.0,0.0,83,27.2375,67.2625,-27.9552,-24.3072,374.0,0
2017-11-29,3,7.5,0.0,-0.166667,85,25.64,45.925,-34.4224,-17.986,375.943,0
2017-11-29,4,8.0,0.0,-0.333333,86,26.1467,43.6367,-32.5746,-17.2206,432.667,0
2017-11-29,5,6.83333,0.0,-0.5,85,28.1433,40.715,-24.2597,-23.7765,392.229,0
2017-11-29,6,6.16667,0.0,-0.5,83,25.27,38.3325,-17.7925,-24.0977,488.52,0
2017-11-29,7,6.0,0.0,-0.833333,93,33.6133,36.8575,-17.7925,-29.0977,479.52,0
2017-11-29,8,6.66667,0.0,-1.0,87,31.8525,35.51,-8.55372,-31.2709,532.0,0
2017-11-29,9,7.66667,0.0,-0.833333,83,36.1667,30.5775,-17.5537,-42.2709,472.457,0
2017-11-29,10,7.83333,0.0,-0.5,80,36.86,29.09,-4.6194,-47.9134,440.64,0
2017-11-29,11,10.5,0.43,0.0,70,26.7825,25.3125,-7.77821,-53.7782,400.68,0
2017-11-29,12,11.5,0.43,0.333333,72,26.1867,19.83,-25.3319,-22.5073,270.327,0
2017-11-29,13,14.5,0.43,1.16667,66,24.69,18.865,-14.3319,-11.5073,270.327,0
2017-11-29,14,16.3333,0.43,1.83333,61,23.1525,20.5533,17.4463,7.27092,217.579,0
2017-11-29,15,19.0,0.43,2.16667,70,26.8233,25.6233,57.0,0.0,153.164,0
2017-11-29,16,20.5,0.43,2.33333,68,31.67,41.74,73.0,0.0,124.95,0
2017-11-29,17,20.6667,0.0,2.16667,72,33.392,50.004,30.5224,7.6536,135.873,0
2017-11-29,22,16.6667,0.0,1.16667,73,23.19,28.62,-11.0866,4.59216,193.765,0
2017-11-29,23,16.0,0.0,1.16667,75,31.25,33.96,-18.4776,7.6536,202.024,0
2017-11-30,1,11.6667,0.84,1.16667,80,27.59,34.8775,19.2284,1.14804,263.073,0
2017-11-30,2,10.6667,0.84,1.0,77,30.6733,27.2375,20.2284,1.14804,317.673,0
2017-11-30,3,9.66667,0.84,1.0,78,31.125,25.64,15.903,9.567,329.224,0
2017-11-30,4,9.83333,0.84,1.0,82,20.65,26.1467,21.4463,-1.14804,300.0,0
2017-11-30,5,9.33333,1.65,0.833333,87,20.9633,28.1433,28.8373,-13.2095,371.925,0
2017-11-30,7,13.0,1.6,0.5,91,36.2967,33.6133,10.8122,-40.2199,257.4,0
2017-11-30,16,21.3333,5.61,1.0,97,39.67,31.67,0.0,-63.0,160.74,0
2017-11-30,22,14.5,0.0,1.83333,88,43.1583,23.19,-22.0914,-52.7038,218.625,0
2017-11-30,23,15.6667,0.0,1.83333,92,43.4467,31.25,-30.5767,-28.2185,281.6,0
2018-10-01,0,9.16667,0.0,8.0,93,17.375,69.87,-25.2972,-8.91668,347.564,0
2018-10-01,1,8.5,0.0,7.16667,90,20.335,50.2267,-15.1345,-22.1262,381.9,0
2018-10-01,2,8.83333,0.0,6.5,100,23.9767,55.865,-0.98648,-34.1094,409.867,0
2018-10-01,3,8.5,0.0,6.0,90,26.2275,41.7067,-9.98648,-45.1094,371.25,0
2018-10-01,4,8.0,0.0,5.5,93,30.0067,36.43,-2.59544,-48.0479,401.85,0
2018-10-01,5,7.83333,0.0,4.83333,100,30.6633,37.275,-2.59544,-53.0479,390.0,0
2018-10-01,6,7.33333,0.0,4.5,100,31.6967,32.125,6.12288,-54.7821,402.8,0
2018-10-01,7,7.0,0.0,3.83333,100,34.59,26.105,10.3655,-50.0247,448.0,0
2018-10-01,8,6.16667,0.0,3.83333,100,35.0667,22.755,8.06946,-55.568,420.0,0
2018-10-01,9,6.66667,0.0,4.16667,98,29.1767,34.97,5.77338,-52.1113,452.4,0
2018-10-01,10,8.16667,0.0,5.33333,69,23.79,24.265,2.71194,-53.7203,477.164,0
2018-10-01,11,8.83333,0.0,7.33333,61,25.2433,6.975,16.7119,-36.7203,379.44,0
2018-10-01,12,10.3333,0.0,9.16667,56,25.4233,6.025,13.6505,-36.3292,349.8,0
2018-10-01,13,13.5,0.0,11.5,53,23.9333,6.705,-2.15428,-32.2835,240.0,0
2018-10-01,14,16.3333,0.0,13.5,51,18.8133,9.065,11.1418,-17.7402,204.0,0
2018-10-01,15,17.6667,0.0,15.3333,49,20.1133,16.285,-10.1074,3.06144,133.12,0
2018-10-01,16,18.3333,0.0,16.1667,52,23.3133,19.165,20.7508,8.80164,172.8,0
2018-10-01,17,20.0,0.0,16.3333,57,28.0067,19.25,13.7508,8.80164,206.87,0
2018-10-01,18,19.1667,0.0,16.1667,62,27.2833,16.7433,57.0,0.0,186.353,0
2018-10-01,19,16.3333,0.0,15.6667,70,37.5425,31.24,47.7612,3.8268,180.0,0
2018-10-01,20,14.3333,0.0,14.8333,75,39.98,33.685,23.3702,6.88824,256.0,0
2018-10-01,21,12.5,0.0,13.8333,78,45.6133,29.8767,16.3702,6.88824,336.927,0
2018-10-01,22,10.6667,0.51,12.8333,82,42.075,21.255,22.3702,6.88824,365.182,0
2018-10-01,23,8.33333,0.51,12.0,86,45.002,20.6725,17.4204,11.838,373.309,0
2018-10-02,0,7.66667,0.51,11.3333,88,47.005,17.375,23.0773,19.229,360.0,0
2018-10-02,1,7.33333,0.51,10.8333,89,38.205,20.335,-4.46601,21.5251,414.72,0
2018-10-02,2,7.16667,0.51,10.1667,94,37.7867,23.9767,4.77279,23.6983,453.6,0
2018-10-02,3,8.5,0.51,9.5,95,40.62,26.2275,2.92503,24.4637,453.927,0
2018-10-02,4,9.5,0.0,9.0,89,43.2267,30.0067,-19.4325,37.398,393.6,0
2018-10-02,5,10.3333,0.0,8.83333,75,42.63,30.6633,-19.4576,44.4587,313.65,0
2018-10-02,6,12.1667,0.0,8.83333,71,34.8267,31.6967,-24.546,46.782,240.0,0
2018-10-02,7,13.8333,0.0,8.66667,71,34.2733,34.59,-15.3072,53.9552,239.4,0
2018-10-02,8,15.0,0.0,8.83333,77,31.5567,35.0667,-9.94968,57.0209,214.338,0
2018-10-02,9,16.6667,0.0,9.0,81,29.5467,29.1767,-4.97484,62.0104,180.0,0
2018-10-02,10,18.3333,0.0,9.5,73,31.5333,23.79,0.0,57.0,181.425,0
2018-10-02,11,19.3333,0.25,10.0,72,32.2133,25.2433,16.2635,62.2492,138.424,0
2018-10-02,12,20.3333,0.25,10.1667,75,33.0233,25.4233,16.2635,64.2492,162.4,0
2018-10-02,13,20.5,0.25,10.1667,88,32.7433,23.9333,16.2635,63.2492,163.409,0
2018-10-02,14,20.1667,0.25,10.1667,87,30.1467,18.8133,0.0,59.0,181.895,0
2018-10-02,15,18.6667,0.25,10.3333,85,30.5533,20.1133,0.0,55.0,227.061,0
2018-10-02,16,17.1667,0.25,10.1667,83,30.6467,23.3133,0.0,70.0,199.096,0
2018-10-02,17,16.8333,0.0,9.83333,98,32.9033,28.0067,0.0,61.0,225.318,0
2018-10-02,18,15.1667,0.0,9.66667,89,32.6525,27.2833,-6.50556,59.706,211.68,0
2018-10-02,19,13.8333,0.0,9.66667,92,32.5875,37.5425,-11.4804,56.7164,228.48,0
2018-10-02,20,14.0,0.0,9.5,95,32.36,39.98,-14.9245,50.0313,277.114,0
2018-10-02,21,14.3333,0.0,9.0,94,42.41,45.6133,-14.9245,52.0313,275.718,0
2018-10-02,22,14.3333,0.0,8.33333,96,37.69,42.075,-8.41896,53.3254,251.631,0
2018-10-02,23,13.3333,0.0,7.66667,95,35.97,45.002,-3.44412,55.3149,212.0,0
2018-10-03,0,13.1667,0.0,6.83333,93,34.345,47.005,-4.20948,57.1627,243.6,0
2018-10-03,1,14.0,0.0,6.16667,89,27.5425,38.205,-12.6948,49.648,284.612,0
2018-10-03,2,14.0,0.0,5.83333,81,21.29,37.7867,-25.6291,38.0055,297.0,0
2018-10-03,3,15.0,0.0,5.66667,78,15.4075,40.62,-40.4112,30.1284,259.418,0
2018-10-03,4,16.6667,0.51,5.83333,77,11.4667,43.2267,-43.9799,27.7439,203.914,0
2018-10-03,5,18.5,0.51,6.0,77,9.85333,42.63,-53.2187,31.5707,139.125,0
2018-10-03,6,20.5,0.51,6.33333,79,9.02667,34.8267,-58.762,33.8668,140.87,0
2018-10-03,7,21.0,1.02,6.5,81,8.78333,34.2733,-59.4691,34.5739,140.4,0
2018-10-03,8,21.8333,1.02,6.83333,83,9.10333,31.5567,-49.3169,37.4105,170.564,0
2018-10-03,9,22.0,1.02,7.16667,82,8.48333,29.5467,-43.8408,43.8408,186.0,0
2018-10-03,10,22.5,0.51,7.5,80,10.74,31.5333,-43.8408,43.8408,151.412,0
2018-10-03,11,23.3333,0.51,8.0,81,14.67,32.2133,-27.303,41.9154,171.55,0
2018-10-03,12,23.5,0.51,8.66667,74,9.13333,33.0233,-29.4243,44.0367,162.222,0
2018-10-03,13,25.8333,0.0,9.5,65,12.19,32.7433,-36.7697,36.7697,173.333,0
2018-10-03,14,28.8333,0.74,10.1667,61,14.2,30.1467,-46.318,29.5408,145.728,0
2018-10-03,15,30.1667,1.48,10.6667,69,9.3,30.5533,-28.6403,50.8631,99.1742,0
2018-10-03,16,30.0,1.48,11.0,70,9.16,30.6467,0.0,71.0,119.262,0
2018-10-03,17,32.0,1.48,11.5,58,11.3333,32.9033,-9.94968,56.0209,155.4,0
2018-10-03,18,33.3333,1.48,11.1667,80,13.1575,32.6525,-9.94968,63.0209,104.169,0
2018-10-03,19,31.0,1.48,10.8333,81,16.1,32.5875,0.0,72.0,115.446,0
2018-10-03,20,28.6667,0.74,10.1667,75,14.01,32.36,0.0,89.0,120.0,0
2018-10-03,21,27.3333,0.0,9.66667,82,14.4,42.41,0.0,75.0,156.073,0
2018-10-03,22,26.1667,0.0,9.16667,80,13.495,37.69,0.0,66.0,126.0,0
2018-10-03,23,23.0,0.0,8.16667,77,12.4625,35.97,0.0,68.0,155.952,0
2018-10-04,0,22.0,0.0,7.83333,81,17.4975,34.345,0.0,63.0,179.95,0
2018-10-04,1,23.1667,0.0,7.33333,81,15.1925,27.5425,0.0,66.0,137.242,0
2018-10-04,2,22.3333,0.0,7.0,78,10.6667,21.29,0.0,51.0,179.022,0
2018-10-04,3,22.6667,0.0,6.66667,78,12.545,15.4075,0.0,71.0,149.333,0
2018-10-04,4,22.6667,0.0,6.33333,79,14.6967,11.4667,0.0,70.0,140.4,0
2018-10-04,5,22.1667,0.0,6.16667,76,13.29,9.85333,0.0,65.0,148.5,0
2018-10-04,6,21.0,0.0,6.0,83,18.2233,9.02667,0.0,62.0,194.954,0
2018-10-04,7,20.3333,0.0,5.83333,82,18.205,8.78333,-7.6536,54.4776,202.926,0
2018-10-04,8,20.0,0.0,5.83333,85,16.45,9.10333,-15.3072,53.9552,186.353,0
2018-10-04,9,20.5,0.0,6.0,80,18.4267,8.48333,-22.1954,53.585,193.44,0
2018-10-04,10,22.0,0.0,6.5,75,17.8,10.74,-25.6396,61.9,136.74,0
2018-10-04,11,24.0,0.0,7.16667,69,13.2467,14.67,-11.0977,54.7925,151.945,0
2018-10-04,12,25.5,0.0,8.0,63,10.2167,9.13333,0.0,57.0,149.1,0
2018-10-04,13,26.3333,0.0,9.16667,59,9.62,12.19,0.0,58.0,146.897,0
2018-10-04,14,28.1667,0.0,10.1667,55,11.86,14.2,0.0,54.0,167.586,0
2018-10-04,15,27.3333,0.0,11.0,55,16.17,9.3,20.5062,51.7925,156.768,0
2018-10-04,16,26.3333,0.0,11.5,53,26.12,9.16,20.5062,50.7925,172.966,0
2018-10-04,17,25.0,0.0,11.6667,56,28.2133,11.3333,20.5062,72.7925,138.538,0
2018-10-04,18,22.5,0.0,11.3333,64,28.555,13.1575,0.0,67.0,156.75,0
2018-10-04,19,20.1667,0.0,10.6667,72,43.6125,16.1,0.0,57.0,209.182,0
2018-10-04,20,16.6667,0.0,9.83333,80,54.665,14.01,0.0,68.0,206.182,0
2018-10-04,21,13.6667,0.0,8.83333,80,67.78,14.4,-3.06144,53.391,306.286,0
2018-10-04,22,11.5,0.0,7.66667,88,67.2833,13.495,-5.35752,58.9343,331.143,0
2018-10-04,23,9.16667,0.0,6.66667,91,53.012,12.4625,-8.80164,67.2492,317.943,0
2018-10-05,0,8.16667,0.0,6.0,92,60.61,17.4975,-8.80164,53.2492,399.514,0
2018-10-05,1,7.33333,0.0,5.5,92,49.93,15.1925,-14.4585,58.9061,371.571,0
2018-10-05,2,6.83333,0.0,4.83333,98,52.7233,10.6667,-18.7012,49.1488,439.855,0
2018-10-05,3,7.16667,0.0,4.66667,86,42.3375,12.545,-22.2367,52.6843,433.964,0
2018-10-05,4,7.5,0.0,4.66667,85,41.04,14.6967,-27.8936,47.3412,436.05,0
2018-10-05,5,7.83333,0.0,4.5,90,37.7667,13.29,-32.6988,38.6164,432.667,0
2018-10-05,6,7.66667,0.0,4.33333,86,35.1267,18.2233,-35.6186,36.6654,408.857,0
2018-10-05,7,7.66667,0.0,3.83333,98,33.25,18.205,-35.6186,36.6654,421.2,0
2018-10-05,8,8.33333,0.0,4.0,91,32.84,16.45,-29.9618,37.0086,432.0,0
2018-10-05,9,8.83333,0.0,4.16667,82,21.845,18.4267,-34.034,36.21,360.0,0
2018-10-05,10,9.16667,0.0,5.0,62,18.74,17.8,-32.6198,34.7958,398.618,0
2018-10-05,11,9.83333,0.0,6.5,55,12.5233,13.2467,-34.4676,35.5612,352.8,0
2018-10-05,12,11.8333,0.0,8.16667,51,11.9,10.2167,-15.1036,22.1972,302.4,0
2018-10-05,13,14.1667,0.0,10.3333,48,11.9067,9.62,12.2114,12.753,228.0,0
2018-10-05,14,16.3333,0.0,12.3333,46,13.6567,11.86,13.5224,7.6536,208.338,0
2018-10-05,15,17.6667,0.0,14.1667,43,16.0867,16.17,-15.034,23.21,168.505,0
2018-10-05,16,18.1667,0.0,15.0,51,21.6733,26.12,-51.5877,30.4809,173.46,0
2018-10-05,17,18.0,0.0,15.3333,52,20.4433,28.2133,-47.8922,28.9502,209.182,0
2018-10-05,18,17.0,0.0,15.1667,57,25.36,28.555,-58.9788,33.5424,199.473,0
2018-10-05,19,15.8333,0.0,14.8333,61,30.3925,43.6125,-30.4224,17.986,245.937,0
2018-10-05,20,14.0,0.0,14.0,66,41.575,54.665,0.131361,10.715,279.0,0
2018-10-05,21,12.3333,0.0,12.8333,67,38.6733,67.78,11.1314,10.715,248.625,0
2018-10-05,22,11.0,0.0,11.8333,73,27.56,67.2833,34.9134,4.59216,280.8,0
2018-10-05,23,10.5,0.0,10.8333,70,22.208,53.012,40.3431,-5.65688,332.215,0
2018-10-06,0,9.66667,0.0,9.83333,76,18.76,60.61,36.899,-13.9718,300.0,1
2018-10-06,1,8.66667,0.0,8.66667,81,17.34,49.93,23.899,-21.9718,355.385,1
2018-10-06,2,7.66667,0.0,7.83333,79,17.9175,52.7233,10.899,-28.9718,411.927,1
2018-10-06,3,7.33333,0.0,7.16667,78,15.8725,42.3375,10.899,-33.9718,412.364,1
2018-10-06,4,7.16667,0.0,6.33333,86,14.9033,41.04,-0.101,-40.9718,448.0,1
2018-10-06,5,7.0,0.0,5.66667,82,14.5067,37.7667,-9.101,-47.9718,470.25,1
2018-10-06,6,7.33333,0.0,5.33333,78,14.3067,35.1267,2.21276,-47.9718,479.467,1
2018-10-06,7,7.66667,0.0,4.66667,98,17.13,33.25,9.48368,-48.8957,453.6,1
2018-10-06,8,8.0,0.0,4.33333,93,18.2367,32.84,17.7986,-44.3398,425.829,1
2018-10-06,9,8.83333,0.0,4.5,83,17.1767,21.845,20.4774,-43.807,399.36,1
2018-10-06,10,10.5,0.0,6.0,57,18.24,18.74,20.4774,-43.807,361.029,1
2018-10-06,11,12.5,0.0,7.83333,46,20.19,12.5233,31.8205,-31.1501,297.0,1
2018-10-06,12,15.8333,0.0,9.83333,43,20.4,11.9,1.20116,-26.1208,192.343,1
2018-10-06,13,18.5,0.0,12.6667,40,19.57,11.9067,-29.194,3.8268,120.0,1
2018-10-06,14,22.5,0.0,15.3333,38,20.8767,13.6567,-2.7164,11.4804,165.0,1
2018-10-06,15,25.5,0.0,17.5,40,23.85,16.0867,-3.64028,11.8631,145.728,1
2018-10-06,16,27.1667,0.0,18.5,43,17.165,21.6733,1.35972,11.8631,138.194,1
2018-10-06,17,27.5,0.0,19.1667,39,25.02,20.4433,5.05524,10.3324,154.76,1
2018-10-06,18,25.8333,0.0,19.3333,44,26.19,25.36,27.0552,10.3324,124.44,1
2018-10-06,19,24.1667,0.0,18.8333,49,29.19,30.3925,17.0552,10.3324,159.822,1
2018-10-06,20,22.3333,0.0,18.0,51,27.14,41.575,57.0,0.0,209.182,1
2018-10-06,21,19.6667,0.0,17.1667,54,25.34,38.6733,55.0,0.0,214.5,1
2018-10-06,22,18.0,0.0,16.3333,56,21.81,27.56,42.0657,5.35752,186.66,1
2018-10-06,23,17.0,0.0,15.3333,58,20.274,22.208,-8.64028,11.8631,244.26,1
2018-10-07,0,15.6667,0.0,14.6667,58,20.0925,18.76,-23.4224,17.986,200.34,1
2018-10-07,1,15.8333,0.0,14.1667,60,20.105,17.34,-51.9077,26.4713,221.571,1
2018-10-07,2,13.6667,0.0,14.0,58,20.7567,17.9175,-50.2871,32.4275,225.318,1
2018-10-07,3,13.3333,0.0,13.6667,58,21.365,15.8725,-39.5309,30.8717,307.125,1
2018-10-07,4,13.3333,0.0,13.5,60,24.0967,14.9033,-50.6175,26.2796,266.325,1
2018-10-07,5,13.5,0.0,13.3333,61,24.3167,14.5067,-43.056,18.1769,297.6,1
2018-10-07,6,13.6667,0.0,13.0,62,25.21,14.3067,-47.4482,13.3687,231.429,1
2018-10-07,7,13.5,0.0,12.8333,63,28.2167,17.13,-54.5089,13.3938,206.7,1
2018-10-07,8,14.3333,0.0,12.6667,65,30.7867,18.2367,-28.4224,17.986,217.412,1
2018-10-07,9,14.3333,0.0,12.8333,63,30.4967,17.1767,-23.803,16.0726,258.353,1
2018-10-07,10,14.3333,0.0,13.5,58,30.26,18.24,-19.1836,14.1592,281.538,1
2018-10-07,11,15.8333,0.0,14.5,52,30.7333,20.19,-19.194,21.2052,254.88,1
2018-10-07,12,17.5,0.48,15.8333,50,30.2633,20.4,-47.1283,26.5627,176.7,1
2018-10-07,13,17.1667,0.48,17.1667,50,29.24,19.57,-57.291,30.7722,126.0,1
2018-10-07,14,18.5,0.48,18.6667,46,30.25,20.8767,-57.2806,23.7262,194.954,1
2018-10-07,15,20.5,0.48,20.0,44,32.5433,23.85,-51.7373,21.4301,220.226,1
2018-10-07,16,21.6667,0.48,20.6667,51,33.7867,17.165,-52.6612,21.8128,165.415,1
2018-10-07,17,19.6667,0.48,20.8333,51,35.5,25.02,-57.6214,33.8086,131.04,1
2018-10-07,18,18.1667,0.0,20.5,58,38.0775,26.19,-52.0781,31.5125,186.0,1
2018-10-07,19,17.5,0.0,20.0,64,41.0575,29.19,-42.8393,27.6857,252.0,1
2018-10-07,20,15.3333,0.0,19.0,67,43.07,27.14,-51.1542,31.1298,267.75,1
2018-10-07,21,12.3333,0.0,17.8333,73,46.8567,25.34,-44.1542,31.1298,285.6,1
2018-10-07,22,9.5,0.0,16.8333,79,43.7125,21.81,-46.4503,36.6731,300.0,1
2018-10-07,23,8.66667,0.0,15.8333,86,39.65,20.274,-32.1584,26.1696,376.2,1
2018-10-08,0,8.0,0.0,15.1667,87,38.09,20.0925,-25.5881,27.1761,435.771,0
2018-10-08,1,7.83333,0.0,14.5,86,40.3333,20.105,-29.4149,36.4149,383.314,0
2018-10-08,2,7.5,0.0,14.0,82,20.83,20.7567,-19.542,38.4484,402.8,0
2018-10-08,3,7.66667,0.0,13.5,83,11.49,21.365,-7.69152,39.6237,443.143,0
2018-10-08,4,9.33333,0.0,12.8333,82,8.79333,24.0967,-9.74175,46.0908,432.0,0
2018-10-08,5,10.3333,0.0,12.1667,80,8.38,24.3167,7.25396,46.1013,339.2,0
2018-10-08,6,10.8333,0.0,11.5,84,9.01,25.21,28.0514,41.1051,319.2,0
2018-10-08,7,11.3333,0.0,10.8333,84,9.45667,28.2167,36.7697,38.2871,245.143,0
2018-10-08,8,12.0,0.0,10.1667,86,10.8867,30.7867,39.5982,39.5982,266.965,0
2018-10-08,9,12.5,0.0,9.83333,81,13.0967,30.4967,45.9622,45.9622,256.941,0
2018-10-08,10,11.5,0.0,9.83333,72,14.5867,30.26,43.1801,37.7681,305.52,0
2018-10-08,11,10.8333,0.0,10.1667,68,18.3233,30.7333,42.7361,31.3709,332.215,0
2018-10-08,12,10.1667,0.0,10.6667,63,14.8833,30.2633,44.5437,22.1785,341.127,0
2018-10-08,13,9.5,0.0,11.3333,63,15.37,29.24,53.5437,22.1785,300.0,0
2018-10-08,14,8.83333,0.0,12.1667,59,15.8167,30.25,52.7655,14.4003,325.867,0
2018-10-08,15,8.33333,0.0,13.0,57,16.8167,32.5433,51.0209,6.12288,389.88,0
2018-10-08,16,7.66667,0.0,13.5,59,20.0067,33.7867,55.9706,11.0726,360.0,0
2018-10-08,17,6.83333,0.0,13.6667,66,24.3333,35.5,51.6816,12.1956,412.364,0
2018-10-08,18,6.33333,0.0,13.5,73,31.2325,38.0775,45.7616,12.2288,482.727,0
2018-10-08,19,6.0,0.0,13.1667,80,36.61,41.0575,51.7616,12.2288,462.545,0
2018-10-08,20,6.33333,0.0,12.5,84,50.3725,43.07,45.381,14.1422,532.0,0
2018-10-08,21,6.5,0.0,11.6667,80,52.12,46.8567,51.8482,11.4634,480.0,0
2018-10-08,22,6.5,0.0,10.8333,83,41.01,43.7125,43.2392,8.402,505.44,0
2018-10-08,23,5.83333,0.0,10.1667,85,34.04,39.65,45.087,7.63664,490.629,0
2018-10-09,0,5.66667,0.0,9.5,87,33.715,38.09,46.9347,6.87128,517.029,0
2018-10-09,1,5.16667,0.0,9.0,88,34.9033,40.3333,41.985,-3.07849,555.429,0
2018-10-09,2,4.83333,0.0,8.5,96,24.355,20.83,41.2196,-4.92625,579.429,0
2018-10-09,3,4.66667,0.0,8.0,93,23.36,11.49,38.1832,-14.4954,604.2,0
2018-10-09,4,4.33333,0.0,7.66667,91,25.6067,8.79333,33.9406,-25.7381,582.4,0
2018-10-09,5,5.0,0.0,7.5,79,27.23,8.38,27.9406,-30.7381,586.56,0
2018-10-09,6,5.0,0.0,7.5,88,26.5367,9.01,23.3212,-38.6515,599.657,0
2018-10-09,7,5.0,0.0,7.5,91,29.8967,9.45667,16.854,-40.9727,655.2,0
2018-10-09,8,5.0,0.0,8.0,82,31.5,10.8867,16.854,-42.9727,680.4,0
2018-10-09,9,5.33333,0.0,8.66667,85,27.9067,13.0967,12.9985,-43.4468,729.6,0
2018-10-09,10,6.0,0.0,9.66667,82,28.0067,14.5867,8.12771,-48.3176,635.04,0
2018-10-09,11,6.5,0.0,10.8333,75,28.9733,18.3233,8.89307,-50.4699,524.16,0
2018-10-09,12,6.5,0.0,12.1667,68,31.5133,14.8833,6.97967,-54.8505,480.0,0
2018-10-09,13,6.66667,0.0,13.3333,68,29.8,15.37,6.97967,-52.8505,480.0,0
2018-10-09,14,6.83333,0.0,14.3333,66,32.2333,15.8167,6.97967,-50.8505,540.6,0
2018-10-09,15,6.33333,0.0,15.3333,62,36.5433,16.8167,4.68359,-50.3937,524.16,0
2018-10-09,16,5.5,0.0,16.0,59,40.3867,20.0067,4.68359,-49.3937,483.36,0
2018-10-09,17,4.83333,0.0,16.0,64,45.3,24.3333,2.67876,-49.5537,549.067,0
2018-10-09,18,4.5,0.0,16.0,60,45.7767,31.2325,4.59216,-54.1731,530.0,0
2018-10-09,19,4.66667,0.0,16.0,65,62.7875,36.61,4.59216,-57.1731,540.0,0
2018-10-09,20,5.0,0.0,15.5,80,70.56,50.3725,-0.38268,-52.5537,630.667,0
2018-10-09,21,5.33333,0.0,14.1667,95,81.7767,52.12,-3.44412,-50.9448,649.6,0
2018-10-09,22,5.16667,0.0,12.8333,92,74.5125,41.01,3.94692,-45.0062,610.56,0
2018-10-09,23,4.5,0.0,11.5,100,68.064,34.04,6.71856,-46.1542,600.0,0
2018-10-10,0,4.33333,0.0,10.0,100,63.8625,33.715,7.64244,-41.5369,665.6,0
2018-10-10,1,3.66667,0.0,8.5,100,59.435,34.9033,9.05666,-42.9511,660.0,0
2018-10-10,2,2.83333,0.0,7.33333,93,66.91,24.355,9.05666,-42.9511,720.0,0
2018-10-10,3,2.33333,0.0,6.83333,98,55.0025,23.36,11.8283,-38.8031,795.0,0
2018-10-10,4,2.16667,0.0,6.0,100,51.05,25.6067,18.7438,-35.1732,820.8,0
2018-10-10,5,2.33333,0.0,5.66667,94,48.8133,27.23,20.5915,-35.9386,832.0,0
2018-10-10,6,2.66667,0.0,4.83333,100,53.885,26.5367,22.4393,-36.7039,840.0,0
2018-10-10,7,2.83333,0.0,4.5,100,51.04,29.8967,22.4393,-34.7039,840.0,0
2018-10-10,8,2.5,0.0,4.5,100,48.935,31.5,20.9086,-32.0084,959.04,0
2018-10-10,9,2.66667,0.0,4.16667,100,47.5967,27.9067,20.9086,-33.0084,992.16,0
2018-10-10,10,3.5,0.0,5.33333,86,52.4,28.0067,21.2913,-33.9323,900.0,0
2018-10-10,11,4.16667,0.0,6.33333,80,52.0167,28.9733,25.5007,-33.7039,965.25,0
2018-10-10,12,5.0,0.0,8.16667,80,58.56,31.5133,30.8583,-31.8562,1017.45,0
2018-10-10,13,6.16667,0.0,9.83333,76,48.94,29.8,20.0231,-37.1097,877.2,0
2018-10-10,14,7.83333,0.0,11.5,63,48.1867,32.2333,17.7986,-40.9696,699.84,0
2018-10-10,15,9.16667,0.0,14.0,51,44.91,36.5433,9.48368,-48.5255,504.9,0
2018-10-10,16,9.83333,0.0,15.1667,54,46.1933,40.3867,7.1876,-50.9822,329.829,0
2018-10-10,17,10.1667,0.0,16.1667,66,49.88,45.3,-1.99672,-49.1345,313.6,0
2018-10-10,18,10.1667,0.0,16.5,68,59.6325,45.7767,1.4474,-48.8196,319.2,0
2018-10-10,19,10.6667,0.0,16.3333,81,62.64,62.7875,-4.20948,-52.1627,329.018,0
2018-10-10,20,10.8333,0.0,15.1667,99,56.5975,70.56,-4.20948,-52.1627,350.314,0
2018-10-10,21,10.1667,0.0,13.5,100,59.0867,81.7767,-4.20948,-50.1627,353.455,0
2018-10-10,22,10.1667,0.0,12.0,100,48.76,74.5125,-4.20948,-60.1627,300.0,0
2018-10-10,23,10.6667,0.0,10.5,100,43.8,68.064,0.0,-53.0,313.6,0
2018-10-11,0,10.5,0.0,9.33333,100,40.245,63.8625,0.0,-55.0,305.455,0
2018-10-11,1,10.8333,0.0,8.5,100,42.4333,59.435,3.06144,-51.391,348.0,0
2018-10-11,2,11.5,0.0,8.33333,100,40.26,66.91,3.06144,-52.391,321.48,0
2018-10-11,3,12.5,0.0,8.16667,98,43.66,55.0025,3.06144,-58.391,260.945,0
2018-10-11,4,12.6667,0.0,8.0,100,42.3767,51.05,3.06144,-52.391,239.25,0
2018-10-11,5,12.3333,0.0,7.83333,98,43.5667,48.8133,-4.59216,-56.0866,232.615,0
2018-10-11,6,12.8333,0.0,8.0,91,44.5633,53.885,-4.59216,-52.0866,288.225,0
2018-10-11,7,12.6667,0.0,8.0,87,46.15,51.04,-4.59216,-63.0866,257.4,0
2018-10-11,8,12.1667,0.0,8.16667,85,45.9667,48.935,-4.59216,-59.0866,294.0,0
2018-10-11,9,12.1667,0.0,8.5,88,44.36,47.5967,-4.59216,-56.0866,291.5,0
2018-10-11,10,12.6667,0.0,9.33333,77,43.88,52.4,6.12288,-50.7821,270.327,0
2018-10-11,11,13.8333,0.0,10.5,72,46.0667,52.0167,6.12288,-54.7821,235.2,0
2018-10-11,12,14.8333,0.0,11.6667,67,42.67,58.56,6.12288,-58.7821,205.477,0
2018-10-11,13,15.1667,0.0,13.1667,60,39.5233,48.94,-0.38268,-61.488,195.0,0
2018-10-11,14,15.5,0.0,15.0,47,35.61,48.1867,-6.50556,-60.706,203.52,0
2018-10-11,15,16.6667,0.0,16.8333,46,36.12,44.91,-6.50556,-60.706,210.6,0
2018-10-11,16,17.3333,0.0,18.0,52,32.0467,46.1933,0.0,-52.0,212.571,0
2018-10-11,17,17.6667,0.0,19.1667,45,31.9633,49.88,0.0,-57.0,176.32,0
2018-10-11,18,17.8333,0.0,19.6667,50,40.415,59.6325,0.0,-60.0,193.93,0
2018-10-11,19,17.8333,0.0,19.6667,61,45.0675,62.64,0.0,-55.0,210.189,0
2018-10-11,20,16.8333,0.0,18.6667,70,51.22,56.5975,0.0,-69.0,180.0,0
2018-10-11,21,14.0,0.0,17.1667,81,45.7033,59.0867,0.0,-59.0,247.8,0
2018-10-11,22,12.3333,0.0,15.8333,80,53.17,48.76,0.0,-65.0,265.0,0
2018-10-11,23,10.6667,0.0,14.1667,83,57.696,43.8,0.0,-56.0,347.2,0
2018-10-12,0,9.66667,0.0,12.8333,85,56.795,40.245,-3.06144,-63.391,338.4,0
2018-10-12,1,9.16667,0.0,11.6667,89,58.8833,42.4333,-3.06144,-57.391,364.8,0
2018-10-12,2,9.33333,0.0,10.8333,89,55.1125,40.26,-3.06144,-54.391,352.8,0
2018-10-12,3,10.0,0.0,10.3333,87,56.285,43.66,-3.06144,-55.391,300.0,0
2018-10-12,4,10.5,0.0,9.66667,89,56.91,42.3767,-3.06144,-50.391,333.45,0
2018-10-12,5,10.3333,0.0,9.16667,90,56.11,43.5667,0.0,-55.0,313.5,0
2018-10-12,6,9.5,0.0,8.66667,90,55.79,44.5633,0.0,-62.0,300.0,0
2018-10-12,7,9.16667,0.0,8.33333,88,49.4533,46.15,0.0,-57.0,347.564,0
2018-10-12,8,8.83333,0.0,8.33333,88,46.1533,45.9667,0.0,-55.0,363.0,0
2018-10-12,9,9.0,0.0,8.83333,79,42.65,44.36,0.0,-53.0,389.88,0
2018-10-12,10,8.66667,0.0,9.83333,70,33.6033,43.88,0.0,-54.0,394.4,0
2018-10-12,11,8.83333,0.0,11.1667,60,22.88,46.0667,0.0,-52.0,377.143,0
2018-10-12,12,9.0,0.0,12.8333,57,26.22,42.67,0.0,-53.0,361.029,0
2018-10-12,13,8.83333,0.0,15.0,48,26.5333,39.5233,0.0,-54.0,366.667,0
2018-10-12,14,9.0,0.0,17.1667,41,28.4233,35.61,0.0,-53.0,371.25,0
2018-10-12,15,8.5,0.0,18.6667,44,34.19,36.12,0.0,-54.0,385.527,0
2018-10-12,16,8.16667,0.0,19.6667,55,43.4033,32.0467,0.0,-51.0,417.72,0
2018-10-12,17,9.0,0.0,20.3333,57,52.9767,31.9633,-3.06144,-58.391,373.32,0
2018-10-12,18,10.5,0.0,20.3333,62,62.7475,40.415,-3.06144,-53.391,356.4,0
2018-10-12,19,11.1667,0.0,19.3333,72,62.7267,45.0675,-3.06144,-54.391,288.0,0
2018-10-12,20,11.3333,0.0,18.0,76,72.0475,51.22,-3.06144,-57.391,240.0,0
2018-10-12,21,11.0,0.0,16.6667,85,84.08,45.7033,3.8268,-51.2388,281.538,0
2018-10-12,22,10.1667,0.0,15.3333,89,77.7725,53.17,6.12288,-56.7821,289.385,0
2018-10-12,23,9.16667,0.0,13.8333,93,77.88,57.696,8.24421,-58.9034,321.6,0
2018-10-13,0,7.83333,0.0,12.5,86,76.8125,56.795,10.923,-52.3706,424.518,1
2018-10-13,1,7.66667,0.0,11.5,94,73.06,58.8833,14.3671,-60.6855,392.824,1
2018-10-13,2,7.33333,0.0,10.5,94,77.5967,55.1125,14.3671,-54.6855,410.4,1
2018-10-13,3,8.16667,0.0,9.66667,92,66.3725,56.285,14.3671,-50.6855,443.52,1
2018-10-13,4,9.0,0.0,9.0,92,60.56,56.91,10.5403,-52.4467,377.4,1
2018-10-13,5,9.16667,0.0,8.33333,93,61.6267,56.11,6.12288,-52.7821,345.257,1
2018-10-13,6,9.0,0.0,7.83333,93,58.1467,55.79,3.44412,-54.3149,352.8,1
2018-10-13,7,8.16667,0.0,7.5,92,51.8633,49.4533,0.0,-54.0,385.527,1
2018-10-13,8,7.66667,0.0,7.16667,100,49.1833,46.1533,2.29608,-59.5433,372.764,1
2018-10-13,9,7.0,0.0,7.16667,96,52.8233,42.65,2.29608,-53.5433,421.2,1
2018-10-13,10,6.83333,0.0,8.0,77,49.8733,33.6033,2.29608,-52.5433,468.218,1
2018-10-13,11,6.5,0.0,9.16667,69,51.45,22.88,2.29608,-59.5433,433.964,1
2018-10-13,12,6.83333,0.0,10.6667,66,47.0967,26.22,2.29608,-54.5433,469.05,1
2018-10-13,13,7.16667,0.0,12.3333,59,45.8167,26.5333,2.29608,-56.5433,436.05,1
2018-10-13,14,8.33333,0.0,14.5,53,46.9967,28.4233,2.29608,-56.5433,436.05,1
2018-10-13,15,9.16667,0.0,16.6667,50,49.94,34.19,0.0,-55.0,360.0,1
2018-10-13,16,9.83333,0.0,17.8333,53,47.7467,43.4033,-4.59216,-54.0866,329.829,1
2018-10-13,17,11.0,0.0,18.6667,63,53.91,52.9767,-4.59216,-52.0866,321.48,1
2018-10-13,18,11.1667,0.0,18.8333,64,67.8525,62.7475,-4.59216,-55.0866,265.2,1
2018-10-13,19,11.6667,0.0,18.5,74,81.8425,62.7267,-0.38268,-57.2492,270.3,1
2018-10-13,20,11.3333,0.0,17.5,84,83.0875,72.0475,-0.38268,-56.2492,280.8,1
2018-10-13,21,11.0,0.0,16.0,83,82.9867,84.08,8.03628,-54.4015,294.0,1
2018-10-13,22,10.3333,0.0,14.5,91,89.71,77.7725,11.8631,-52.6403,321.231,1
2018-10-13,23,9.16667,0.0,12.8333,100,87.3725,77.88,16.8128,-57.59,310.708,1
2018-10-14,0,8.83333,0.0,11.6667,88,82.44,76.8125,21.0555,-48.8327,372.655,1
2018-10-14,1,8.66667,0.0,10.8333,90,89.5367,73.06,16.846,-47.67,398.618,1
2018-10-14,2,8.66667,0.0,10.1667,92,78.4825,77.5967,16.846,-46.67,403.68,1
2018-10-14,3,9.0,0.0,9.5,88,71.5125,66.3725,20.0903,-44.5023,403.68,1
2018-10-14,4,10.0,0.0,9.0,88,63.8967,60.56,16.2635,-47.2635,345.257,1
2018-10-14,5,11.0,0.0,8.66667,89,61.5267,61.6267,7.0711,-51.0711,300.667,1
2018-10-14,6,10.8333,0.0,8.16667,92,58.98,58.1467,7.0711,-54.0711,273.48,1
2018-10-14,7,10.6667,0.0,7.66667,94,59.7867,51.8633,7.0711,-52.0711,297.0,1
2018-10-14,8,10.5,0.0,7.5,84,61.3633,49.1833,0.0,-54.0,324.8,1
2018-10-14,9,10.0,0.0,7.33333,100,56.16,52.8233,0.0,-51.0,366.277,1
2018-10-14,10,9.5,0.0,8.5,68,47.8233,49.8733,0.0,-60.0,332.677,1
2018-10-14,11,9.66667,0.0,9.66667,63,43.3267,51.45,-3.8268,-56.2388,357.5,1
2018-10-14,12,11.0,0.0,11.3333,58,39.4433,47.0967,-3.8268,-57.2388,300.0,1
2018-10-14,13,12.0,0.0,13.1667,57,35.8167,45.8167,-3.8268,-56.2388,263.467,1
2018-10-14,14,13.1667,0.0,15.1667,49,33.5867,46.9967,-3.8268,-53.2388,241.92,1
2018-10-14,15,14.5,0.0,17.8333,42,33.7567,49.94,0.0,-60.0,205.477,1
2018-10-14,16,15.8333,0.0,18.8333,49,33.49,47.7467,0.0,-64.0,195.0,1
2018-10-14,17,16.1667,0.0,19.8333,51,33.7633,53.91,0.0,-51.0,229.125,1
2018-10-14,18,16.6667,0.0,19.8333,62,38.4525,67.8525,0.0,-66.0,180.0,1
2018-10-14,19,16.1667,0.0,19.3333,66,43.2975,81.8425,0.0,-52.0,228.8,1
2018-10-14,20,15.1667,0.0,18.1667,71,42.9125,83.0875,0.0,-64.0,208.8,1
2018-10-14,21,13.6667,0.0,16.1667,77,45.4433,82.9867,0.0,-56.0,254.88,1
2018-10-14,22,12.5,0.0,14.5,83,49.0,89.71,3.06144,-63.391,248.88,1
2018-10-14,23,11.6667,0.0,12.8333,79,52.7525,87.3725,7.27092,-58.5537,316.737,1
2018-10-15,0,9.66667,0.0,11.5,79,52.2,82.44,7.27092,-49.5537,359.9,0
2018-10-15,1,9.66667,0.0,10.3333,91,50.9767,89.5367,7.27092,-56.5537,345.6,0
2018-10-15,2,9.83333,0.0,9.33333,81,50.17,78.4825,7.27092,-56.5537,324.48,0
2018-10-15,3,10.1667,0.0,8.66667,77,47.87,71.5125,4.20948,-50.1627,353.455,0
2018-10-15,4,9.5,0.0,7.83333,80,45.29,63.8967,4.20948,-60.1627,300.0,0
2018-10-15,5,8.83333,0.0,6.83333,88,46.9267,61.5267,0.0,-57.0,337.08,0
2018-10-15,6,9.5,0.0,6.16667,81,45.3267,58.98,0.0,-53.0,361.029,0
2018-10-15,7,8.66667,0.0,5.83333,74,39.95,59.7867,0.0,-57.0,357.5,0
2018-10-15,8,8.66667,0.0,5.66667,80,35.1333,61.3633,0.0,-52.0,411.927,0
2018-10-15,9,9.66667,0.0,5.83333,73,32.7133,56.16,0.0,-52.0,403.68,0
2018-10-15,10,10.8333,0.0,7.0,58,29.81,47.8233,0.0,-51.0,319.0,0
2018-10-15,11,12.0,0.0,8.5,53,16.71,43.3267,-5.35752,-57.9343,260.945,0
2018-10-15,12,11.6667,0.0,10.5,45,14.8633,39.4433,-5.35752,-52.9343,248.727,0
2018-10-15,13,11.8333,0.0,12.6667,40,20.5767,35.8167,-5.35752,-50.9343,297.6,0
2018-10-15,14,11.8333,0.0,15.0,35,25.2867,33.5867,-5.35752,-58.9343,294.0,0
2018-10-15,15,11.0,0.0,17.5,30,9.35,33.7567,-5.35752,-53.9343,328.714,0
2018-10-15,16,11.0,0.0,18.8333,39,42.0167,33.49,11.0,-41.0,354.738,0
2018-10-15,17,11.1667,0.0,20.1667,36,55.185,33.7633,11.0,-42.0,313.6,0
2018-10-15,18,12.3333,0.0,20.3333,48,62.99,38.4525,11.0,-47.0,240.0,0
2018-10-15,19,13.1667,0.0,19.8333,60,69.575,43.2975,11.0,-44.0,238.255,0
2018-10-15,20,13.0,0.0,18.6667,64,82.4775,42.9125,0.0,-57.0,239.4,0
2018-10-15,21,11.8333,0.0,16.6667,78,88.1967,45.4433,3.8268,-52.2388,277.114,0
2018-10-15,22,10.1667,0.0,14.8333,80,80.694,49.0,3.8268,-56.2388,307.8,0
2018-10-15,23,8.83333,0.0,12.8333,83,88.1933,52.7525,7.52232,-57.7695,331.629,0
2018-10-16,0,7.0,0.0,11.0,86,77.2775,52.2,9.8184,-49.3128,439.425,0
2018-10-16,1,5.66667,0.0,9.5,81,84.8933,50.9767,11.7318,-53.9322,452.4,0
2018-10-16,2,5.66667,0.0,8.5,82,69.1133,50.17,13.6452,-58.5516,457.125,0
2018-10-16,3,6.16667,0.0,7.83333,75,64.07,47.87,13.6452,-52.5516,501.415,0
2018-10-16,4,6.5,0.0,6.83333,87,80.505,45.29,13.6452,-46.5516,559.32,0
2018-10-16,5,7.0,0.0,6.16667,79,59.7533,46.9267,15.9413,-52.0949,527.88,0
2018-10-16,6,7.16667,0.0,6.0,73,46.65,45.3267,12.1145,-47.8561,468.0,0
2018-10-16,7,7.5,0.0,5.16667,96,42.88,39.95,8.41896,-52.3254,457.6,0
2018-10-16,8,7.0,0.0,4.66667,93,46.3867,35.1333,6.12288,-53.7821,420.0,0
2018-10-16,9,7.0,0.0,4.66667,86,41.4233,32.7133,2.29608,-51.5433,473.28,0
2018-10-16,10,8.16667,0.0,6.16667,56,33.4733,29.81,2.29608,-58.5433,434.52,0
2018-10-16,11,8.33333,0.0,7.66667,56,25.64,16.71,15.2961,-41.5433,377.4,0
2018-10-16,12,8.83333,0.0,9.33333,49,25.2267,14.8633,3.7612,-32.1732,360.0,0
2018-10-16,13,10.1667,0.0,12.3333,35,27.4567,20.5767,-4.55372,-13.7291,361.029,0
2018-10-16,14,11.8333,0.0,15.1667,34,29.6967,25.2867,10.4463,0.27092,281.657,0
2018-10-16,15,13.1667,0.0,17.6667,33,35.1067,9.35,-14.5746,19.2918,276.12,0
2018-10-16,16,13.1667,0.0,19.0,38,40.7767,42.0167,-15.9424,26.0716,212.0,0
2018-10-16,17,13.0,0.0,19.6667,36,41.6025,55.185,-16.82,31.82,220.0,0
2018-10-16,18,12.1667,0.0,20.0,43,53.4075,62.99,-40.1349,35.2641,284.612,0
2018-10-16,19,10.3333,0.0,19.3333,49,72.9925,69.575,-42.9633,38.0925,320.682,0
2018-10-16,20,8.33333,0.0,18.0,55,79.84,82.4775,-45.7917,40.9209,349.412,0
2018-10-16,21,6.83333,0.0,16.0,69,87.17,88.1967,-49.3273,44.4565,360.0,0
2018-10-16,22,5.5,0.0,13.8333,78,76.258,80.694,-41.5491,36.6783,467.28,0
2018-10-16,23,4.83333,0.0,12.0,79,73.35,88.1933,-39.6357,32.0589,470.88,0
2018-10-17,0,5.16667,0.0,10.0,84,69.5375,77.2775,-27.1156,16.8328,589.477,0
2018-10-17,1,5.5,0.0,8.33333,79,65.0133,84.8933,-22.873,12.5902,568.615,0
2018-10-17,2,4.83333,0.0,7.16667,86,42.4733,69.1133,-20.5769,7.0469,540.0,0
2018-10-17,3,4.66667,0.0,6.33333,79,45.4533,64.07,-11.0018,-3.06941,688.267,0
2018-10-17,4,4.33333,0.0,6.0,80,43.8267,80.505,-9.08839,-7.68881,657.2,0
2018-10-17,5,3.66667,0.0,5.33333,92,61.395,59.7533,-7.94035,-10.4604,660.0,0
2018-10-17,6,3.66667,0.0,5.16667,83,54.11,46.65,-0.00810987,-14.8284,747.3,0
2018-10-17,7,3.16667,0.0,5.16667,74,53.6967,42.88,-2.72295,-19.953,688.5,0
2018-10-17,8,4.0,0.0,5.5,71,47.84,46.3867,-2.66615,-23.9294,737.76,0
2018-10-17,9,4.33333,0.0,5.5,95,42.87,41.4233,0.8694,-33.465,731.4,0
2018-10-17,10,5.0,0.0,6.66667,66,37.21,33.4733,5.11206,-44.7077,685.44,0
2018-10-17,11,6.0,0.0,8.5,62,31.23,25.64,-1.3935,-41.936,715.0,0
2018-10-17,12,6.33333,0.0,10.6667,50,31.6233,25.2267,-5.63616,-44.6934,691.2,0
2018-10-17,13,7.0,0.0,13.1667,39,30.0933,27.4567,-8.31492,-46.2262,586.56,0
2018-10-17,14,7.33333,0.0,15.5,33,35.5233,29.6967,-13.6724,-44.3784,517.0,0
2018-10-17,15,8.66667,0.0,18.5,33,41.12,35.1067,-11.1906,-49.4734,420.0,0
2018-10-17,16,9.33333,0.0,19.8333,42,45.7833,40.7767,6.58104,-35.3254,377.143,0
2018-10-17,17,10.0,0.0,20.8333,35,53.5125,41.6025,1.48159,-36.6364,314.743,0
2018-10-17,18,10.5,0.0,20.8333,50,64.4,53.4075,-6.29662,-29.4146,311.143,0
2018-10-17,19,10.8333,0.0,19.8333,62,79.8,72.9925,-7.82734,-33.1101,265.2,0
2018-10-17,20,11.1667,0.0,18.3333,60,84.2925,79.84,-4.7659,-34.7191,315.52,0
2018-10-17,21,9.83333,0.0,16.5,67,92.84,87.17,-19.7659,-44.7191,341.127,0
2018-10-17,22,9.0,0.0,14.6667,80,92.015,76.258,-17.0871,-51.1863,323.345,0
2018-10-17,23,8.16667,0.0,12.8333,85,87.535,73.35,-5.06627,-47.6507,385.527,0
2018-10-18,0,7.0,0.0,11.1667,82,83.725,69.5375,0.47701,-49.9468,372.764,0
2018-10-18,1,6.0,0.0,9.83333,95,87.7033,65.0133,11.9507,-43.6993,468.218,0
2018-10-18,2,5.33333,0.0,8.83333,93,83.08,42.4733,14.7224,-44.8473,492.0,0
2018-10-18,3,5.33333,0.0,8.0,90,79.675,45.4533,18.9319,-40.6847,549.067,0
2018-10-18,4,5.0,0.0,7.16667,89,68.8567,43.8267,21.6106,-47.1518,496.4,0
2018-10-18,5,4.33333,0.0,6.66667,90,66.4533,61.395,20.0799,-41.8473,595.08,0
2018-10-18,6,4.0,0.0,5.66667,100,68.96,54.11,20.8453,-43.6951,627.0,0
2018-10-18,7,3.83333,0.0,5.0,100,48.04,53.6967,21.6106,-45.5429,655.08,0
2018-10-18,8,3.5,0.0,4.66667,94,45.54,47.84,22.376,-47.3906,679.32,0
2018-10-18,9,3.33333,0.0,4.16667,100,58.89,42.87,22.376,-41.3906,749.829,0
2018-10-18,10,3.66667,0.0,5.16667,73,53.2733,37.21,23.9399,-29.3802,756.0,0
2018-10-18,11,4.5,0.0,6.16667,64,59.76,31.23,19.6972,-19.1375,756.0,0
2018-10-18,12,5.83333,0.0,8.16667,63,49.19,31.6233,14.1539,-9.84144,688.5,0
2018-10-18,13,7.83333,0.0,10.6667,55,51.97,30.0933,0.61568,-0.0915799,600.0,0
2018-10-18,14,9.5,0.0,13.0,44,62.1733,35.5233,-6.65524,30.8532,459.0,0
2018-10-18,15,10.8333,0.0,15.6667,43,68.4167,41.12,-17.7861,45.9397,319.0,0
2018-10-18,16,12.0,0.0,17.0,47,67.1467,45.7833,-17.7861,46.9397,264.48,0
2018-10-18,17,12.0,0.0,18.0,46,109.61,53.5125,-10.715,52.8686,257.914,0
2018-10-18,18,11.1667,0.0,18.3333,61,84.36,64.4,-10.715,59.8686,258.514,0
2018-10-18,19,9.83333,0.0,17.5,71,95.075,79.8,-5.35752,51.9343,350.314,0
2018-10-18,20,8.83333,0.0,16.3333,75,101.62,84.2925,-1.11486,57.4776,353.571,0
2018-10-18,21,7.33333,0.0,14.8333,80,106.397,92.84,9.89954,51.9343,423.514,0
2018-10-18,22,6.0,0.0,13.3333,85,105.185,92.015,13.4351,56.5537,432.0,0
2018-10-18,23,5.66667,0.0,11.8333,88,103.467,87.535,9.89954,60.0893,432.771,0
2018-10-19,0,5.66667,0.0,10.5,89,100.917,83.725,6.36399,49.6248,544.615,0
2018-10-19,1,5.66667,0.0,9.66667,92,96.3467,87.7033,2.82844,53.1604,538.338,0
2018-10-19,2,5.33333,0.0,8.83333,94,95.06,83.08,0.53236,45.7036,575.143,0
2018-10-19,3,5.5,0.0,8.33333,86,85.71,79.675,-1.76372,44.2469,570.24,0
2018-10-19,4,5.5,0.0,8.0,85,81.25,68.8567,-4.0598,44.7902,561.6,0
2018-10-19,5,5.5,0.0,7.83333,86,79.58,66.4533,-10.2159,43.8663,607.05,0
2018-10-19,6,5.83333,0.0,7.83333,93,76.03,68.96,-12.1293,48.4857,577.2,0
2018-10-19,7,5.83333,0.0,7.83333,90,75.88,48.04,-22.7359,46.0445,540.0,0
2018-10-19,8,6.16667,0.0,8.16667,95,81.57,45.54,-18.4932,43.4328,570.24,0
2018-10-19,9,6.83333,0.0,8.5,93,80.7067,58.89,-20.6146,45.5541,501.84,0
2018-10-19,10,7.5,0.0,9.33333,85,76.4933,53.2733,-14.7829,46.4753,477.0,0
2018-10-19,11,8.0,0.0,10.3333,76,73.6267,59.76,-12.4869,49.932,420.0,0
2018-10-19,12,9.16667,0.0,11.6667,69,72.2733,49.19,-13.9343,45.4262,399.36,0
2018-10-19,13,10.1667,0.0,13.0,65,73.4033,51.97,-12.4286,48.7914,316.2,0
2018-10-19,14,11.1667,0.0,14.3333,64,74.34,62.1733,-11.0144,49.5912,321.48,0
2018-10-19,15,11.6667,0.0,15.6667,57,70.27,68.4167,-11.0144,53.5912,263.467,0
2018-10-19,16,12.0,0.0,16.3333,62,71.15,67.1467,-5.35752,51.9343,277.114,0
2018-10-19,17,12.1667,0.0,16.5,80,77.295,109.61,2.42069,59.7125,240.0,0
2018-10-19,18,10.8333,0.0,16.5,64,82.7975,84.36,14.1422,53.1422,270.3,0
2018-10-19,19,9.83333,0.0,16.3333,69,88.8533,95.075,18.3849,45.3849,350.314,0
2018-10-19,20,9.0,0.0,15.6667,77,82.8975,101.62,18.3849,51.3849,353.571,0
2018-10-19,21,8.5,0.0,14.5,89,79.67,106.397,24.7488,45.6998,403.015,0
2018-10-19,22,8.5,0.0,13.5,84,74.26,105.185,31.82,39.7709,425.455,0
2018-10-19,23,8.83333,0.0,12.6667,89,75.4825,103.467,34.2044,36.2021,409.867,0
2018-10-20,0,10.3333,0.0,11.6667,91,71.0625,100.917,38.0031,34.0476,349.8,1
2018-10-20,1,11.0,0.0,10.6667,95,65.435,96.3467,44.3671,34.4116,275.6,1
2018-10-20,2,11.0,0.0,9.83333,96,62.8367,95.06,45.0742,33.1678,273.48,1
2018-10-20,3,11.1667,0.0,9.16667,100,61.8133,85.71,44.3671,32.4607,294.0,1
2018-10-20,4,10.5,0.0,8.66667,100,60.5,81.25,41.9826,36.0294,294.0,1
2018-10-20,5,9.83333,0.0,8.66667,91,56.8533,79.58,36.7697,38.2871,367.92,1
2018-10-20,6,8.66667,0.0,8.5,92,51.35,76.03,36.7697,45.2871,362.88,1
2018-10-20,7,8.5,0.0,8.5,94,49.96,75.88,31.82,42.0715,403.68,1
2018-10-20,8,8.16667,0.0,8.5,98,49.5367,81.57,33.0638,38.4445,409.867,1
2018-10-20,9,8.16667,0.0,9.0,91,49.0067,80.7067,38.0135,43.3943,374.0,1
2018-10-20,10,8.33333,0.0,9.5,82,45.07,76.4933,39.4278,44.8085,372.764,1
2018-10-20,11,8.16667,0.0,9.83333,78,45.88,73.6267,37.3064,42.6872,360.0,1
2018-10-20,12,8.33333,0.63,10.5,72,48.49,72.2733,36.5993,40.4627,375.943,1
2018-10-20,13,8.66667,0.63,11.3333,66,52.37,73.4033,36.5993,42.4627,360.0,1
2018-10-20,14,9.0,0.88,12.3333,61,50.0433,74.34,22.6275,42.6275,377.143,1
2018-10-20,15,9.0,0.88,13.1667,59,56.0133,70.27,24.0417,45.9927,385.527,1
2018-10-20,16,9.66667,0.88,13.6667,60,69.38,71.15,26.4262,42.4239,356.4,1
2018-10-20,17,10.0,1.11,13.8333,90,73.9425,77.295,25.012,41.0097,326.8,1
2018-10-20,18,9.16667,0.71,13.6667,74,77.4633,82.7975,30.6689,37.6666,353.455,1
2018-10-20,19,8.16667,0.71,13.1667,78,68.64,88.8533,30.6689,41.6666,372.655,1
2018-10-20,20,8.0,0.46,12.5,86,71.1175,82.8975,30.6689,46.6666,372.764,1
2018-10-20,21,7.83333,2.09,11.6667,95,78.1533,79.67,30.6689,43.6666,388.267,1
2018-10-20,22,8.66667,3.72,10.8333,92,48.59,74.26,20.4781,44.5905,398.945,1
2018-10-20,23,10.0,5.12,10.1667,94,28.1625,75.4825,1.83008,48.8957,386.4,1
2018-10-21,0,11.1667,6.52,9.66667,96,29.82,71.0625,-3.8268,50.2388,265.05,1
2018-10-21,1,13.6667,6.52,9.16667,91,35.7267,65.435,3.95141,52.4015,241.92,1
2018-10-21,2,15.5,6.52,8.66667,94,28.4833,62.8367,21.9204,61.6403,202.024,1
2018-10-21,3,16.5,4.89,8.16667,96,28.7433,61.8133,35.3555,62.194,180.0,1
2018-10-21,4,15.8333,3.26,7.83333,97,26.2167,60.5,38.891,50.8134,214.5,1
2018-10-21,5,15.5,1.63,7.5,99,23.8533,56.8533,48.0835,62.8238,193.44,1
2018-10-21,6,16.3333,0.0,7.0,96,23.2533,51.35,33.9413,58.3462,230.4,1
2018-10-21,7,15.3333,0.0,6.83333,87,21.33,49.96,20.5062,56.7925,235.125,1
2018-10-21,8,14.1667,0.0,6.83333,89,19.1367,49.5367,22.1267,36.6529,232.615,1
2018-10-21,9,14.3333,0.0,6.83333,91,18.65,49.0067,24.0209,20.0503,248.571,1
2018-10-21,10,15.0,0.0,7.0,85,19.87,45.07,41.0209,6.05032,235.125,1
2018-10-21,11,15.3333,0.0,7.33333,81,24.03,45.88,56.7268,-16.4552,212.914,1
2018-10-21,12,15.1667,0.0,8.0,71,19.9933,48.49,58.5746,-17.2206,180.0,1
2018-10-21,13,14.8333,0.0,8.66667,64,18.19,52.37,61.3462,-18.3686,194.541,1
2018-10-21,14,14.6667,0.0,9.5,57,21.3633,50.0433,52.8316,-26.854,233.365,1
2018-10-21,15,14.0,0.0,10.3333,54,21.52,56.0133,47.2883,-24.5579,279.0,1
2018-10-21,16,13.5,0.0,11.0,59,33.41,69.38,44.5166,-23.4098,302.08,1
2018-10-21,17,12.0,0.0,11.0,92,46.39,73.9425,57.451,-18.0523,240.0,1
2018-10-21,18,10.3333,0.0,10.6667,81,46.4133,77.4633,48.5425,-5.84496,291.5,1
2018-10-21,19,9.33333,0.0,9.83333,88,56.935,68.64,52.0781,-2.30941,300.0,1
2018-10-21,20,9.16667,0.0,9.0,80,60.9575,71.1175,47.8354,11.7192,360.0,1
2018-10-21,21,8.5,0.0,8.0,84,68.1967,78.1533,46.9115,19.7555,390.831,1
2018-10-21,22,7.5,0.0,6.66667,91,68.155,48.59,43.9011,24.7303,448.2,1
2018-10-21,23,6.83333,0.0,5.66667,93,57.215,28.1625,51.9011,24.7303,419.571,1
2018-10-22,0,6.66667,0.0,4.83333,92,68.5233,29.82,54.0224,26.8516,445.714,0
2018-10-22,1,5.66667,0.0,4.33333,90,58.4175,35.7267,45.0881,21.4941,509.143,0
2018-10-22,2,4.5,0.0,3.5,98,73.48,28.4833,45.0881,21.4941,575.143,0
2018-10-22,3,3.66667,0.0,2.66667,100,45.6233,28.7433,47.8597,22.6422,579.429,0
2018-10-22,4,2.83333,0.0,2.33333,96,37.42,26.2167,45.7384,19.0034,610.56,0
2018-10-22,5,3.16667,0.0,2.16667,100,35.9267,23.8533,47.8597,21.1248,600.0,0
2018-10-22,6,3.16667,0.0,2.0,95,37.1867,23.2533,42.4108,22.2086,622.2,0
2018-10-22,7,3.5,0.0,2.0,91,42.34,21.33,36.6374,20.3609,731.88,0
2018-10-22,8,3.33333,0.0,2.16667,90,46.715,19.1367,35.8721,22.2086,759.0,0
2018-10-22,9,3.33333,0.0,2.83333,87,40.73,18.65,34.4578,23.6228,782.28,0
2018-10-22,10,3.5,0.0,3.66667,82,40.78,19.87,22.3906,22.6245,897.067,0
2018-10-22,11,3.5,0.0,4.5,78,39.4933,24.03,19.5622,25.4529,871.2,0
2018-10-22,12,4.0,0.0,5.33333,77,39.8433,19.9933,5.94276,27.3663,949.05,0
2018-10-22,13,4.83333,0.0,6.33333,68,41.29,18.19,0.99299,32.3161,840.0,0
2018-10-22,14,5.5,0.0,7.5,61,42.6233,21.3633,-9.12834,37.1948,780.0,0
2018-10-22,15,5.83333,0.0,8.66667,59,41.5867,21.52,-15.9,42.0467,688.5,0
2018-10-22,16,6.16667,0.0,9.33333,61,45.2067,33.41,-20.8498,43.097,674.16,0
2018-10-22,17,6.33333,0.0,9.5,100,48.86,46.39,-18.9363,44.4776,627.3,0
2018-10-22,18,6.33333,0.0,9.83333,82,50.7633,46.4133,-10.9834,41.7627,556.5,0
2018-10-22,19,5.83333,0.0,9.5,83,60.0475,56.935,-3.20518,45.4014,480.0,0
2018-10-22,20,6.16667,0.0,8.83333,88,65.91,60.9575,3.31878,44.1037,501.84,0
2018-10-22,21,7.33333,0.0,7.66667,94,72.72,68.1967,13.5951,49.5813,480.0,0
2018-10-22,22,8.16667,0.0,6.66667,94,65.13,68.155,18.5448,50.6316,420.0,0
2018-10-22,23,9.33333,0.0,6.16667,89,59.945,57.215,14.3354,48.7943,377.4,0
2018-10-23,0,10.3333,0.0,5.5,94,49.4425,68.5233,0.90026,47.744,314.743,0
2018-10-23,1,11.1667,0.0,5.16667,94,58.44,58.4175,-19.7555,44.721,240.0,0
2018-10-23,2,12.1667,0.53,5.0,100,45.2967,73.48,-28.8565,45.6449,279.138,0
2018-10-23,3,13.0,0.53,5.16667,95,43.57,45.6233,-34.214,45.5792,250.364,0
2018-10-23,4,14.3333,0.53,5.33333,100,33.0533,37.42,-20.8121,44.2241,261.415,0
2018-10-23,5,15.1667,0.53,5.5,96,21.37,35.9267,-5.35752,49.9343,221.4,0
2018-10-23,6,15.3333,0.53,5.83333,84,22.7633,37.1867,0.0,55.0,205.8,0
2018-10-23,7,16.5,0.53,6.0,83,22.63,42.34,9.89954,46.8995,240.505,0
2018-10-23,8,16.0,0.0,6.16667,92,24.91,46.715,21.2133,58.2133,193.768,0
2018-10-23,9,15.8333,1.52,6.16667,87,22.6133,40.73,21.2133,50.2133,247.8,0
2018-10-23,10,16.0,1.52,6.33333,82,21.9333,40.78,21.2133,49.2133,230.4,0
2018-10-23,11,17.0,2.28,6.5,76,13.0533,39.4933,11.3138,59.3138,195.0,0
2018-10-23,12,18.8333,3.04,6.66667,70,12.49,39.8433,-9.18432,59.1731,158.118,0
2018-10-23,13,21.0,4.18,7.0,68,11.7033,41.29,-9.18432,67.1731,125.46,0
2018-10-23,14,24.1667,4.18,7.33333,70,16.05,42.6233,0.0,54.0,156.768,0
2018-10-23,15,26.1667,3.8,7.66667,66,19.66,41.5867,-11.4804,56.7164,141.931,0
2018-10-23,16,26.8333,4.94,7.83333,72,24.1833,45.2067,-22.5781,54.5089,144.84,0
2018-10-23,17,25.5,5.32,7.83333,85,18.6475,48.86,-20.282,48.9656,172.966,0
2018-10-23,18,24.6667,4.56,7.66667,76,32.47,50.7633,-26.4049,63.7477,168.828,0
2018-10-23,19,26.5,5.12,7.5,84,33.4525,60.0475,-29.4494,51.0974,198.4,0
2018-10-23,20,27.6667,5.12,7.33333,91,25.745,65.91,-29.4494,51.0974,108.0,0
2018-10-23,21,28.5,5.68,7.16667,89,26.84,72.72,-29.4664,71.1388,100.17,0
2018-10-23,22,30.6667,6.24,7.0,88,12.202,65.13,-27.1703,65.5955,113.449,0
2018-10-23,23,36.5,5.1,7.0,90,11.7625,59.945,-27.1703,65.5955,104.506,0
2018-10-24,0,41.3333,5.1,7.0,88,7.42,49.4425,-19.5167,47.1179,117.647,0
2018-10-24,1,42.8333,4.14,7.0,91,5.98,58.44,-38.268,92.388,62.4,0
2018-10-24,2,43.6667,4.14,7.0,90,7.2,45.2967,-37.5026,90.5402,62.449,0
2018-10-24,3,45.0,3.18,7.0,89,4.44333,43.57,-18.7513,87.2701,80.9633,0
2018-10-24,4,45.5,1.48,7.0,86,3.82667,33.0533,-16.0726,80.803,82.8571,0
2018-10-24,5,43.6667,1.48,6.83333,86,4.55667,21.37,-31.3798,75.7582,89.1429,0
2018-10-24,6,42.0,2.22,6.66667,81,4.17667,22.7633,-15.3072,76.9552,90.0,0
2018-10-24,7,38.6667,3.18,6.5,84,3.925,22.63,0.0,79.0,93.33,0
2018-10-24,8,36.0,3.18,6.33333,78,5.67333,24.91,20.5062,65.7925,131.077,0
2018-10-24,9,34.1667,2.44,6.16667,80,6.18667,22.6133,38.891,50.8134,162.29,0
2018-10-24,10,33.1667,2.44,6.0,84,6.31,21.9333,18.3849,55.0209,143.308,0
2018-10-24,11,34.0,2.44,6.16667,70,4.98667,13.0533,0.0,65.0,120.077,0
2018-10-24,12,34.5,1.7,6.33333,69,5.81667,12.49,0.0,79.0,75.7059,0
2018-10-24,13,36.1667,0.0,6.66667,58,7.72,11.7033,29.6986,83.803,81.9733,0
2018-10-24,14,39.6667,0.0,7.0,53,7.28667,16.05,57.2759,74.8343,92.3714,0
2018-10-24,15,40.8333,0.0,7.33333,54,7.74333,19.66,60.8115,79.4537,68.4923,0
2018-10-24,16,41.0,0.0,7.66667,51,10.49,24.1833,60.1043,78.5298,93.3957,0
2018-10-24,17,39.0,0.0,7.66667,60,12.9425,18.6475,51.619,67.4432,108.789,0
2018-10-24,18,36.5,0.0,7.5,51,14.7725,32.47,48.0835,62.8238,119.451,0
2018-10-24,19,33.6667,0.0,7.0,56,12.9667,33.4525,42.4266,55.4328,148.655,0
2018-10-24,20,30.3333,0.0,6.5,60,13.2675,25.745,57.983,75.7582,124.255,0
2018-10-24,21,29.1667,0.0,6.0,58,14.03,26.84,53.7404,70.2149,124.667,0
2018-10-24,22,27.6667,0.0,5.5,62,9.642,12.202,41.0124,53.585,141.067,0
2018-10-24,23,26.1667,0.0,5.0,65,8.97,11.7625,40.3053,52.6612,157.548,0
2018-10-25,0,26.5,0.0,4.5,68,11.6,7.42,57.2759,74.8343,120.0,0
2018-10-25,1,28.0,0.0,4.16667,73,8.445,5.98,37.4768,48.9656,159.75,0
2018-10-25,2,27.3333,0.0,3.83333,72,9.30667,7.2,42.4266,55.4328,137.048,0
2018-10-25,3,25.6667,0.0,3.33333,78,10.3967,4.44333,38.1839,49.8895,172.877,0
2018-10-25,4,25.5,0.0,2.83333,80,13.2967,3.82667,38.1839,70.8895,147.406,0
2018-10-25,5,25.5,0.0,2.5,82,14.72,4.55667,16.2635,67.2492,140.87,0
2018-10-25,6,25.1667,0.0,2.33333,83,16.0933,4.17667,0.0,70.0,125.314,0
2018-10-25,7,23.8333,0.0,2.0,86,17.9967,3.925,0.0,51.0,171.55,0
2018-10-25,8,23.1667,0.0,1.83333,84,21.08,5.67333,0.0,74.0,120.0,0
2018-10-25,9,22.6667,0.0,2.0,85,21.93,6.18667,0.0,69.0,159.822,0
2018-10-25,10,21.8333,0.0,2.5,79,14.2867,6.31,0.0,60.0,193.93,0
2018-10-25,11,21.6667,2.11,3.0,85,15.4633,4.98667,-7.6536,55.4776,195.789,0
2018-10-25,12,21.5,4.22,3.66667,86,18.7233,5.81667,-16.4552,57.7268,163.4,0
2018-10-25,13,22.5,6.43,4.5,88,17.4467,7.72,-26.4049,63.7477,125.46,0
2018-10-25,14,23.5,8.64,5.33333,90,17.8667,7.28667,-21.0474,50.8134,154.015,0
2018-10-25,15,25.0,8.64,6.33333,89,20.3133,7.74333,-28.7755,44.4703,167.586,0
2018-10-25,16,27.0,8.64,7.16667,84,21.3667,10.49,-36.7697,36.7697,168.192,0
2018-10-25,17,27.5,6.53,7.83333,99,26.6075,12.9425,-31.3377,48.6561,136.0,0
2018-10-25,18,29.1667,4.42,8.5,84,22.4325,14.7725,-22.1954,53.585,155.4,0
2018-10-25,19,30.0,2.21,9.16667,86,19.015,12.9667,-9.94968,60.0209,118.154,0
2018-10-25,20,31.1667,0.48,9.5,87,13.9425,13.2675,-13.0111,67.4119,114.4,0
2018-10-25,21,32.1667,0.48,9.33333,86,15.45,14.03,-13.0111,63.4119,124.8,0
2018-10-25,22,32.1667,0.48,8.83333,87,10.686,9.642,0.0,65.0,123.113,0
2018-10-25,23,31.0,0.96,8.5,87,12.7025,8.97,0.0,65.0,126.109,0
