data,timeofday,windspeed6,opady6,temp6,rhumid,index_avg,prev_index_avg,wind_dir_ns,wind_dir_ew,dispel50,is_weekend
2017-11-01,4,14.1667,0.23,3.83333,93,36.52,15.58,-4.97484,57.0104,223.385,1
2017-11-01,6,14.1667,0.23,4.5,93,34.65,15.28,0.0,55.0,257.914,1
2017-11-01,7,14.0,0.23,5.0,93,36.52,15.62,0.0,55.0,264.0,1
2017-11-01,8,14.1667,0.79,5.33333,93,36.88,16.27,0.0,55.0,251.631,1
2017-11-01,9,15.0,0.56,5.5,90,40.42,15.5033,0.0,57.0,232.615,1
2017-11-01,10,16.1667,0.56,5.83333,88,41.72,15.37,0.0,64.0,180.0,1
2017-11-01,11,17.6667,0.56,6.16667,86,39.0133,15.07,-7.6536,53.4776,192.0,1
2017-11-01,12,18.6667,0.56,6.5,85,44.32,16.875,-16.0726,58.803,167.04,1
2017-11-01,13,19.6667,0.56,6.66667,84,40.58,16.08,-23.7262,57.2806,167.04,1
2017-11-01,14,20.5,0.0,6.83333,84,36.67,19.565,-24.1088,58.2044,170.564,1
2017-11-01,15,20.3333,0.0,7.0,84,40.05,17.8,-23.3435,56.3567,173.46,1
2017-11-01,16,20.6667,0.48,7.0,86,43.55,18.48,-22.9608,55.4328,184.743,1
2017-11-01,17,20.3333,0.48,7.0,88,41.085,24.18,-23.3435,56.3567,173.46,1
2017-11-01,21,19.8333,1.54,7.33333,92,24.575,36.15,-21.8128,52.6612,195.789,1
2017-11-02,4,23.1667,2.52,9.33333,96,31.55,36.52,-26.7876,64.6716,135.496,0
2017-11-02,6,23.6667,3.36,9.83333,94,32.55,34.65,-26.7876,64.6716,135.496,0
2017-11-02,7,22.8333,3.36,10.0,93,27.62,36.52,-27.553,66.5194,125.061,0
2017-11-02,8,22.3333,3.97,10.0,92,25.33,36.88,-25.6396,61.9,156.75,0
2017-11-02,9,21.8333,4.58,10.0,90,24.58,40.42,-24.4915,59.1283,178.608,0
2017-11-02,10,21.3333,5.26,10.0,90,32.45,41.72,-22.5781,54.5089,177.0,0
2017-11-02,11,20.8333,5.94,10.0,88,31.12,39.0133,-23.3435,56.3567,178.286,0
2017-11-02,12,20.0,7.46,10.0,86,26.55,44.32,-23.3435,56.3567,173.46,0
2017-11-02,13,20.0,8.45,10.0,86,22.38,40.58,-23.3435,56.3567,173.46,0
2017-11-02,14,19.8333,7.99,10.0,88,18.03,36.67,-22.5781,54.5089,191.314,0
2017-11-02,15,19.6667,6.54,9.83333,90,19.885,40.05,-22.1954,53.585,193.44,0
2017-11-02,16,19.3333,6.01,9.66667,92,18.88,43.55,-21.8128,52.6612,191.133,0
2017-11-02,17,18.8333,5.48,9.5,91,21.38,41.085,-21.8128,52.6612,200.34,0
2017-11-02,18,18.1667,3.96,9.33333,89,21.55,40.87,-21.0474,50.8134,210.189,0
2017-11-02,19,18.3333,2.97,9.16667,89,25.55,34.17,-19.8994,48.0418,228.8,0
2017-11-02,20,17.8333,3.0,9.0,88,36.15,31.5,-20.282,48.9656,221.0,0
2017-11-02,21,17.5,3.0,8.83333,88,40.17,24.575,-19.8994,48.0418,220.8,0
2017-11-02,22,17.3333,2.01,8.66667,88,38.17,25.58,-13.7765,50.2597,225.095,0
2017-11-03,1,16.6667,2.04,8.16667,88,38.17,28.565,0.0,67.0,180.0,0
2017-11-03,3,16.6667,1.53,7.66667,88,29.98,30.315,0.0,66.0,187.2,0
2017-11-03,4,16.5,1.53,7.5,88,29.285,31.55,0.0,66.0,180.0,0
2017-11-03,5,16.5,1.02,7.33333,90,32.7,29.25,0.0,66.0,180.0,0
2017-11-03,6,16.3333,1.02,7.16667,89,28.255,32.55,0.0,67.0,180.0,0
2017-11-03,7,16.0,1.02,7.16667,89,27.85,27.62,0.0,65.0,194.541,0
2017-11-03,8,15.5,0.51,7.33333,89,25.04,25.33,0.0,62.0,210.6,0
2017-11-03,9,14.6667,0.51,7.5,88,26.18,24.58,0.0,60.0,233.365,0
2017-11-03,10,14.1667,0.51,7.83333,85,26.43,32.45,0.0,55.0,264.0,0
2017-11-03,11,13.6667,0.0,8.16667,81,25.6,31.12,9.19243,52.0104,277.114,0
2017-11-03,12,13.5,0.0,8.66667,78,24.95,26.55,19.092,50.9448,277.114,0
2017-11-03,13,13.3333,0.0,9.0,76,20.42,22.38,28.9915,49.8791,265.5,0
2017-11-03,14,13.3333,0.0,9.33333,77,19.3733,18.03,38.1839,49.8895,261.415,0
2017-11-03,15,13.5,0.0,9.66667,78,22.28,19.885,38.891,50.8134,257.914,0
2017-11-03,16,13.1667,0.0,9.66667,87,26.12,18.88,38.1839,49.8895,267.429,0
2017-11-03,17,12.3333,0.0,9.66667,85,23.72,21.38,32.4939,26.7925,291.877,0
2017-11-03,18,11.6667,0.0,9.33333,84,29.75,21.55,38.8579,35.1074,269.077,0
2017-11-03,19,11.0,0.0,9.0,87,55.02,25.55,29.6654,33.097,307.8,0
2017-11-03,20,10.0,0.0,8.66667,88,66.52,36.15,19.7659,29.1627,354.738,0
2017-11-03,21,9.16667,0.0,8.33333,90,57.69,40.17,19.7659,37.1627,332.677,0
2017-11-03,22,8.5,0.0,8.0,92,49.02,38.17,7.51203,32.5433,372.655,0
2017-11-04,1,7.16667,0.0,7.16667,91,47.8567,38.17,-10.715,52.8686,429.0,1
2017-11-04,3,7.33333,0.0,6.5,90,42.7967,29.98,-22.0288,45.1824,453.6,1
2017-11-04,4,7.66667,0.0,6.16667,91,45.53,29.285,-27.6857,42.8393,453.6,1
2017-11-04,5,7.83333,0.0,5.66667,94,37.59,32.7,-30.9882,41.8122,425.829,1
2017-11-04,6,7.66667,0.0,5.33333,94,33.35,28.255,-33.9664,41.0019,408.857,1
2017-11-04,7,7.5,0.0,5.33333,95,36.84,27.85,-35.907,36.4482,432.0,1
2017-11-04,8,7.5,0.0,5.33333,90,31.2,25.04,-35.907,36.4482,443.143,1
2017-11-04,9,7.83333,0.0,5.5,84,30.73,26.18,-37.3212,37.8624,432.667,1
2017-11-04,10,8.16667,0.0,6.33333,69,39.95,26.43,-40.196,35.3252,405.45,1
2017-11-04,11,8.83333,0.0,7.33333,66,32.475,25.6,-23.5391,29.6683,374.0,1
2017-11-04,12,10.1667,0.0,8.33333,63,30.73,24.95,0.48173,17.6475,336.96,1
2017-11-04,13,11.5,0.0,9.16667,63,33.17,20.42,20.3972,10.1908,288.0,1
2017-11-04,14,12.0,0.0,10.0,65,35.3,19.3733,40.7612,3.8268,240.0,1
2017-11-04,15,12.1667,0.0,10.5,71,38.5,22.28,51.0,0.0,286.7,1
2017-11-04,16,12.1667,0.0,10.3333,79,60.0,26.12,62.0,0.0,240.0,1
2017-11-04,17,12.0,0.0,10.0,83,78.02,23.72,61.0,0.0,259.2,1
2017-11-04,18,11.8333,0.0,9.33333,83,88.62,29.75,59.0,0.0,287.571,1
2017-11-04,19,12.0,0.0,8.66667,83,84.5,55.02,57.0,0.0,291.5,1
2017-11-04,20,12.3333,0.0,8.0,82,66.33,66.52,31.1418,-5.7402,250.364,1
2017-11-04,21,12.5,0.0,7.33333,81,50.74,57.69,-3.79252,-11.0977,270.327,1
2017-11-04,22,12.8333,0.0,6.83333,78,50.39,49.02,-25.8791,-15.6899,265.5,1
2017-11-05,1,12.6667,0.0,6.16667,70,50.39,47.8567,-57.2806,-23.7262,258.514,1
2017-11-05,3,12.8333,0.0,6.0,71,52.66,42.7967,-47.1179,-19.5167,286.7,1
2017-11-05,4,13.0,0.0,5.83333,73,46.835,45.53,-23.0313,-14.9245,270.327,1
2017-11-05,5,13.1667,0.0,5.66667,74,52.13,37.59,1.13136,-10.715,257.914,1
2017-11-05,6,13.3333,0.0,5.5,76,41.835,33.35,27.0657,-5.35752,267.429,1
2017-11-05,7,13.0,0.0,5.33333,75,40.4,36.84,52.0,0.0,281.538,1
2017-11-05,8,12.3333,0.0,5.33333,73,34.44,31.2,51.0,0.0,297.0,1
2017-11-05,9,12.5,0.0,5.5,70,35.8,30.73,61.0,0.0,268.029,1
2017-11-05,10,12.6667,0.0,6.16667,71,30.345,39.95,61.0,0.0,259.2,1
2017-11-05,11,13.1667,0.0,7.0,65,32.1,32.475,51.0,0.0,286.7,1
2017-11-05,12,13.6667,0.0,8.0,62,34.55,30.73,55.0,0.0,231.0,1
2017-11-05,13,13.8333,0.0,9.16667,62,26.97,33.17,60.0,0.0,212.914,1
2017-11-05,14,14.5,0.0,10.1667,65,27.25,35.3,59.0,0.0,228.48,1
2017-11-05,15,14.3333,0.0,10.8333,70,39.1,38.5,58.0,0.0,243.6,1
2017-11-05,16,14.0,0.0,11.0,69,62.21,60.0,29.9896,-4.97484,264.0,1
2017-11-05,17,13.6667,0.0,11.0,84,61.59,78.02,2.97912,-9.94968,271.385,1
2017-11-05,18,13.3333,0.0,10.8333,82,64.33,88.62,-22.9552,-15.3072,267.429,1
2017-11-05,19,13.1667,0.0,10.3333,82,75.29,84.5,-48.9656,-20.282,271.385,1
2017-11-05,20,12.6667,0.0,9.83333,82,74.66,66.33,-48.0418,-19.8994,281.538,1
2017-11-05,21,12.1667,0.0,9.33333,81,70.44,50.74,-55.82,-27.6776,240.0,1
2017-11-05,22,12.0,0.0,8.83333,78,50.12,50.39,-50.8806,-29.7738,277.714,1
2017-11-06,0,11.1667,0.0,7.83333,78,49.57,52.66,-42.1994,-35.705,302.4,0
2017-11-06,1,11.0,0.0,7.5,81,50.12,50.39,-38.891,-38.891,305.455,0
2017-11-06,2,10.6667,0.0,7.16667,79,47.03,52.13,-38.891,-38.891,297.0,0
2017-11-06,3,10.1667,0.0,7.0,79,49.57,52.66,-38.1839,-38.1839,324.8,0
2017-11-06,4,9.83333,0.0,7.0,79,47.325,46.835,-44.6511,-40.8627,311.1,0
2017-11-06,5,9.5,0.0,7.0,80,47.03,52.13,-45.4046,-36.2042,323.345,0
2017-11-06,6,9.16667,0.0,7.0,79,48.86,41.835,-28.6264,-28.426,347.564,0
2017-11-06,7,8.5,0.0,7.16667,83,47.57,40.4,-11.8482,-20.6478,372.655,0
2017-11-06,8,8.5,0.0,7.33333,82,52.39,34.44,-10.5371,-10.1908,409.867,0
2017-11-06,9,9.0,0.0,7.66667,79,51.44,35.8,-12.488,-0.38268,393.6,0
2017-11-06,10,9.0,0.0,8.0,69,49.865,30.345,-15.2597,6.12288,376.32,0
2017-11-06,11,9.16667,0.0,8.5,66,54.83,32.1,-9.84768,19.1885,366.667,0
2017-11-06,12,9.33333,0.0,9.16667,65,52.73,34.55,-25.9188,26.2596,352.8,0
2017-11-06,13,9.83333,0.0,9.83333,67,47.12,26.97,-41.9899,33.3307,314.743,0
2017-11-06,14,9.83333,0.0,10.3333,69,48.94,27.25,-42.5938,37.723,300.0,0
2017-11-06,15,9.66667,0.0,10.6667,72,49.87,39.1,-37.723,42.5938,312.12,0
2017-11-06,16,9.33333,0.0,10.6667,72,64.48,62.21,-31.9283,47.0819,324.48,0
2017-11-06,17,9.0,0.0,10.6667,85,58.98,61.59,-28.1015,45.8431,349.92,0
2017-11-06,18,9.16667,0.0,10.5,84,63.42,64.33,-15.3736,46.1631,376.32,0
2017-11-06,19,9.16667,0.0,10.0,84,73.6,75.29,-0.52425,49.2547,363.0,0
2017-11-06,20,8.66667,0.0,9.66667,84,71.85,74.66,13.6179,51.4224,352.8,0
2017-11-06,21,8.0,0.0,9.16667,84,74.08,70.44,21.3047,47.3501,395.2,0
2017-11-06,22,7.5,0.0,9.0,83,54.71,50.12,25.9241,49.2635,388.267,0
2017-11-07,0,6.83333,0.0,8.33333,83,48.7,49.57,40.3682,32.9486,470.25,0
2017-11-07,1,6.5,0.0,8.16667,83,54.71,50.12,43.7114,25.5575,482.727,0
2017-11-07,2,6.83333,0.0,7.83333,87,36.77,47.03,51.7114,25.5575,433.964,0
2017-11-07,3,7.33333,0.0,7.66667,86,48.7,49.57,51.9332,15.3949,464.28,0
2017-11-07,4,8.0,0.0,7.5,86,38.885,47.325,52.8621,6.15606,438.6,0
2017-11-07,5,8.33333,0.0,7.33333,86,36.77,47.03,52.3149,-3.44412,399.36,0
2017-11-07,6,8.16667,0.0,7.0,85,37.25,48.86,54.706,-6.50556,360.0,0
2017-11-07,7,8.5,0.0,6.66667,85,37.15,47.57,56.097,-9.567,374.0,0
2017-11-07,8,8.83333,0.0,6.66667,85,40.2,52.39,46.1681,-16.6381,401.85,0
2017-11-07,9,9.33333,0.0,6.66667,83,37.87,51.44,45.2392,-23.7092,371.25,0
2017-11-07,10,9.66667,0.0,6.66667,70,48.12,49.865,45.0174,-31.4874,339.2,0
2017-11-07,11,10.5,0.0,6.83333,69,44.63,54.83,44.4807,-35.8215,300.0,0
2017-11-07,12,11.1667,0.23,7.16667,68,58.48,52.73,38.891,-38.891,297.0,0
2017-11-07,13,11.5,0.23,7.5,67,54.36,47.12,40.3053,-40.3053,273.48,0
2017-11-07,14,11.6667,0.23,7.83333,68,64.96,48.94,41.7195,-41.7195,260.945,0
2017-11-07,15,11.6667,0.23,8.16667,70,64.82,49.87,38.1508,-44.104,260.945,0
2017-11-07,16,11.8333,0.23,8.33333,77,73.855,64.48,34.582,-46.4884,279.138,0
2017-11-07,17,11.6667,0.23,8.33333,82,72.04,58.98,29.9818,-48.3826,280.8,0
2017-11-07,18,12.1667,0.23,8.33333,78,73.405,63.42,26.0886,-50.9838,280.8,0
2017-11-07,19,12.6667,0.23,8.16667,75,76.93,73.6,23.3435,-56.3567,240.0,0
2017-11-07,20,13.3333,0.23,7.66667,71,67.88,71.85,14.9245,-51.0313,255.2,0
2017-11-07,21,13.8333,0.23,7.16667,67,70.16,74.08,10.3324,-54.9448,225.5,0
2017-11-07,22,14.0,0.23,6.83333,65,26.63,54.71,5.7402,-57.8582,228.48,0
2017-11-08,1,15.1667,0.0,5.0,69,27.03,54.71,-6.12288,-57.7821,221.571,0
2017-11-08,3,15.6667,0.0,4.0,60,30.24,48.7,-18.3686,-60.3462,195.0,0
2017-11-08,4,16.3333,0.0,3.33333,59,27.83,38.885,-24.8742,-60.0522,187.425,0
2017-11-08,5,16.1667,0.0,2.83333,60,39.225,36.77,-25.2569,-60.9761,187.2,0
2017-11-08,6,16.3333,0.0,2.33333,60,31.32,37.25,-24.4915,-59.1283,187.68,0
2017-11-08,7,16.3333,0.0,2.66667,45,42.49,37.15,-25.2569,-60.9761,187.2,0
2017-11-08,8,16.6667,0.0,2.5,55,44.3,40.2,-25.2569,-60.9761,187.2,0
2017-11-08,9,16.8333,0.0,2.66667,52,54.79,37.87,-19.5167,-47.1179,232.941,0
2017-11-08,10,17.0,0.0,3.16667,64,50.6,48.12,-19.8994,-48.0418,224.824,0
2017-11-08,11,18.6667,0.0,3.66667,61,54.11,44.63,-20.282,-48.9656,216.847,0
2017-11-08,12,19.6667,0.0,4.5,59,57.58,58.48,-23.3435,-56.3567,163.4,0
2017-11-08,13,20.3333,0.0,4.83333,58,62.645,54.36,-25.2569,-60.9761,131.733,0
2017-11-08,14,20.8333,0.0,5.66667,58,57.61,64.96,-26.4049,-63.7477,150.528,0
2017-11-08,15,20.3333,0.0,6.16667,62,69.775,64.82,-24.4915,-59.1283,169.304,0
2017-11-08,16,19.5,0.0,6.33333,70,66.69,73.855,-21.4301,-51.7373,211.714,0
2017-11-08,17,17.5,0.0,6.5,74,68.385,72.04,-26.4049,-63.7477,193.143,0
2017-11-08,18,16.1667,0.0,6.33333,76,75.19,73.405,-23.3435,-56.3567,244.26,0
2017-11-08,19,14.5,0.0,6.0,75,74.43,76.93,-21.4301,-51.7373,254.88,0
2017-11-08,20,13.1667,0.0,5.66667,75,65.2,67.88,-19.8994,-48.0418,281.538,0
2017-11-08,22,11.8333,0.0,5.0,75,49.58,26.63,-23.3435,-56.3567,259.2,0
2017-11-09,1,11.3333,0.0,4.0,80,49.58,27.03,-12.2458,-52.5642,313.5,0
2017-11-09,3,11.3333,0.0,3.16667,75,45.03,30.24,-3.8268,-56.2388,273.48,0
2017-11-09,4,11.1667,0.0,2.83333,76,47.205,27.83,0.0,-58.0,271.745,0
2017-11-09,5,11.0,0.0,2.33333,76,49.18,39.225,-3.44412,-55.3149,302.4,0
2017-11-09,6,10.6667,0.0,2.0,76,51.715,31.32,-7.27092,-52.5537,332.215,0
2017-11-09,7,10.0,0.0,2.16667,67,47.68,42.49,-11.0977,-48.7925,353.455,0
2017-11-09,8,9.66667,0.0,2.16667,77,52.77,44.3,-17.4617,-55.1565,311.564,0
2017-11-09,9,9.5,0.0,2.5,73,53.18,54.79,-20.9058,-52.4714,335.345,0
2017-11-09,10,9.33333,0.0,3.0,80,53.94,50.6,-27.9769,-48.5425,325.867,0
2017-11-09,11,9.16667,0.0,3.83333,75,52.68,54.11,-30.1897,-34.5707,349.92,0
2017-11-09,12,9.16667,0.0,4.83333,71,50.95,57.58,-17.3629,-25.3319,363.0,0
2017-11-09,13,9.16667,0.0,5.5,70,47.88,62.645,-22.7749,-12.2663,352.8,0
2017-11-09,14,9.33333,0.0,6.16667,71,50.86,57.61,-24.7258,-2.45822,352.8,0
2017-11-09,15,8.83333,0.0,6.66667,73,53.275,69.775,-30.5205,9.6835,349.92,0
2017-11-09,16,8.66667,0.0,6.83333,76,56.18,66.69,-29.9166,19.4334,371.25,0
2017-11-09,17,8.33333,0.0,6.83333,80,60.05,68.385,-29.2094,18.7262,395.2,0
2017-11-09,18,8.16667,0.0,6.66667,82,75.54,75.19,-34.1592,23.676,360.0,0
2017-11-09,19,8.16667,0.0,6.16667,83,69.23,74.43,-49.5232,30.04,373.32,0
2017-11-09,20,7.83333,0.0,5.83333,83,64.27,65.2,-43.7285,34.5281,374.0,0
2017-11-09,22,8.33333,0.0,5.33333,83,56.65,49.58,-31.915,41.1154,408.857,0
2017-11-10,1,9.0,0.0,4.33333,87,56.44,49.58,-26.7706,44.6302,380.8,0
2017-11-10,3,10.8333,0.0,4.0,83,58.96,45.03,-21.4131,43.6959,346.92,0
2017-11-10,4,11.3333,0.0,4.0,85,56.23,47.205,-19.6995,49.5591,297.0,0
2017-11-10,5,11.3333,0.0,4.16667,85,54.92,49.18,-17.6033,54.4985,251.6,0
2017-11-10,6,11.3333,0.0,4.33333,86,55.77,51.715,-17.986,55.4224,250.92,0
2017-11-10,7,11.3333,0.0,4.66667,86,56.86,47.68,-20.5231,52.5476,280.8,0
2017-11-10,8,11.6667,0.0,5.0,84,57.6467,52.77,-24.3499,49.7864,318.171,0
2017-11-10,9,12.3333,0.0,5.33333,80,58.93,53.18,-24.3499,49.7864,310.431,0
2017-11-10,10,13.3333,0.61,5.66667,79,55.58,53.94,-28.2763,41.2651,270.667,0
2017-11-10,11,14.6667,0.61,6.16667,74,56.5,52.68,-25.3564,43.216,221.4,0
2017-11-10,12,16.3333,0.61,6.66667,75,49.235,50.95,-32.7269,43.0097,205.8,0
2017-11-10,13,17.5,0.61,7.16667,75,52.5,47.88,-33.434,43.7168,202.926,0
2017-11-10,14,17.8333,0.61,7.5,76,52.495,50.86,-38.1839,38.1839,213.333,0
2017-11-10,15,17.5,1.98,7.66667,76,43.68,53.275,-36.7697,36.7697,232.737,0
2017-11-10,16,16.8333,1.37,7.66667,79,54.515,56.18,-48.0835,48.0835,186.821,0
2017-11-10,17,16.6667,1.37,7.5,79,58.84,60.05,-45.255,45.255,202.024,0
2017-11-10,18,16.3333,1.37,7.33333,81,61.33,75.54,-45.255,45.255,195.0,0
2017-11-10,19,16.5,1.37,7.16667,81,57.0,69.23,-45.9622,45.9622,187.425,0
2017-11-10,20,16.6667,2.31,7.0,81,54.89,64.27,-36.7697,36.7697,224.824,0
2017-11-10,22,18.3333,1.88,6.66667,84,21.5,56.65,-46.9115,26.8871,205.8,0
2017-11-11,1,22.5,2.74,6.16667,86,21.5,56.44,-49.8895,20.6647,159.508,1
2017-11-11,3,23.6667,0.86,6.0,89,12.95,58.96,-57.6886,42.535,143.786,1
2017-11-11,4,24.6667,0.86,5.83333,89,11.73,56.23,-47.3764,47.3764,151.93,1
2017-11-11,5,24.6667,0.86,5.66667,89,12.9067,54.92,-41.4452,56.0576,125.182,1
2017-11-11,6,23.5,0.86,5.5,90,9.1,55.77,-20.282,48.9656,167.733,1
2017-11-11,7,23.5,0.76,5.16667,92,11.3367,56.86,-28.3183,68.3671,134.267,1
2017-11-11,8,23.8333,0.76,4.83333,87,14.32,57.6467,-17.986,66.4224,149.908,1
2017-11-11,9,23.8333,1.52,4.66667,83,14.27,58.93,-17.2206,64.5746,136.286,1
2017-11-11,10,23.1667,2.13,4.66667,77,12.77,55.58,-17.6033,65.4985,140.87,1
2017-11-11,11,22.5,2.13,4.66667,74,15.16,56.5,-17.6033,65.4985,145.75,1
2017-11-11,12,22.6667,2.13,4.83333,77,15.37,49.235,-16.8379,63.6507,147.0,1
2017-11-11,13,22.8333,1.37,5.16667,77,12.57,52.5,-16.8379,63.6507,151.93,1
2017-11-11,14,22.5,1.37,5.33333,77,14.42,52.495,-26.0222,62.8238,141.382,1
2017-11-11,15,21.6667,1.27,5.33333,78,19.07,43.68,-26.0222,62.8238,141.382,1
2017-11-11,16,20.3333,0.66,5.33333,76,23.53,54.515,-24.1088,58.2044,179.95,1
2017-11-11,17,19.3333,0.66,5.16667,78,40.85,58.84,-20.6647,49.8895,229.964,1
2017-11-11,18,18.5,1.32,4.83333,79,46.5,61.33,-26.7876,64.6716,192.873,1
2017-11-11,19,18.0,1.32,4.5,80,39.28,57.0,-30.3895,56.3671,194.541,1
2017-11-11,20,17.1667,1.32,4.33333,81,42.28,54.89,-32.9931,41.6523,204.6,1
2017-11-11,22,17.0,0.66,4.0,83,29.22,21.5,-38.1839,38.1839,225.886,1
2017-11-12,1,15.5,2.24,4.0,85,29.22,21.5,-44.5479,44.5479,202.725,1
2017-11-12,3,14.5,2.24,3.66667,92,20.93,12.95,-41.7195,41.7195,228.48,1
2017-11-12,4,14.1667,2.24,3.5,91,21.64,11.73,-40.3053,40.3053,258.353,1
2017-11-12,5,13.8333,0.0,3.33333,90,24.43,12.9067,-33.2592,40.2948,271.385,1
2017-11-12,6,13.3333,0.0,3.16667,90,23.325,9.1,-29.0416,43.1129,277.114,1
2017-11-12,7,13.1667,0.48,3.0,87,20.68,11.3367,-24.4996,46.1476,271.385,1
2017-11-12,8,13.0,0.48,3.0,87,18.7,14.32,-15.3072,48.9552,281.538,1
2017-11-12,9,13.3333,0.48,3.16667,84,21.47,14.27,-15.3072,48.9552,281.538,1
2017-11-12,10,14.1667,0.48,3.33333,82,16.47,12.77,-16.0726,50.803,267.429,1
2017-11-12,11,14.8333,0.48,3.66667,75,16.8,15.16,-10.715,55.8686,216.0,1
2017-11-12,12,15.3333,0.48,4.0,69,24.275,15.37,-10.715,60.8686,180.0,1
2017-11-12,13,16.0,0.0,4.5,64,29.47,12.57,-6.50556,50.706,228.8,1
2017-11-12,14,15.8333,0.0,4.83333,63,29.18,14.42,-12.6284,65.488,180.0,1
2017-11-12,15,15.1667,0.0,5.0,65,31.33,19.07,-17.2206,58.5746,217.412,1
2017-11-12,16,13.5,0.0,5.0,69,70.44,23.53,-24.9988,49.3528,266.965,1
2017-11-12,17,12.1667,0.0,4.83333,77,77.3,40.85,-30.6557,55.0097,265.624,1
2017-11-12,18,10.5,0.0,4.66667,79,94.72,46.5,-30.5141,45.6677,333.0,1
2017-11-12,19,9.16667,0.0,4.33333,80,93.08,39.28,-35.4639,50.6175,329.925,1
2017-11-12,20,8.5,0.0,4.0,80,84.22,42.28,-21.341,35.8354,381.9,1
2017-11-12,21,8.33333,0.0,3.5,85,76.48,32.32,-24.1399,21.6874,425.455,1
2017-11-12,22,8.83333,0.0,3.16667,84,50.7,29.22,-31.211,14.6163,360.0,1
2017-11-13,1,10.6667,1.89,2.16667,90,49.2,29.22,-31.4247,-40.0839,305.25,0
2017-11-13,3,11.6667,1.89,2.33333,93,48.8233,20.93,-21.172,-53.114,260.945,0
2017-11-13,4,11.6667,1.89,2.5,93,46.2,21.64,-9.18432,-55.4985,270.3,0
2017-11-13,5,11.8333,1.53,2.66667,94,44.565,24.43,-0.38268,-54.5746,280.8,0
2017-11-13,6,12.0,2.34,2.83333,92,47.27,23.325,9.18432,-55.4985,260.945,0
2017-11-13,7,11.5,1.17,2.83333,93,38.45,20.68,22.5862,-54.5282,259.2,0
2017-11-13,8,11.1667,1.17,2.66667,92,41.18,18.7,29.9773,-44.5897,294.0,0
2017-11-13,9,11.5,1.68,2.5,93,44.39,21.47,35.9305,-38.6365,294.0,0
2017-11-13,10,12.1667,1.68,2.33333,87,32.72,16.47,44.721,-28.4738,289.385,0
2017-11-13,11,12.6667,2.65,2.16667,86,43.005,16.8,53.6044,-10.7232,269.077,0
2017-11-13,12,13.0,2.45,2.16667,83,48.7,24.275,51.803,7.6536,238.255,0
2017-11-13,13,14.3333,2.45,2.33333,83,51.085,29.47,55.4985,17.6033,214.338,0
2017-11-13,14,15.1667,2.45,2.5,83,50.46,29.18,57.2806,23.7262,203.52,0
2017-11-13,15,15.5,1.94,2.66667,85,39.35,31.33,58.2044,24.1088,202.725,0
2017-11-13,16,15.3333,1.94,2.66667,87,51.38,70.44,54.029,28.5926,203.52,0
2017-11-13,17,14.8333,0.97,2.66667,90,52.04,77.3,50.0704,32.7519,218.625,0
2017-11-13,18,14.1667,0.0,2.5,93,79.9533,94.72,44.4807,35.8215,243.6,0
2017-11-13,19,13.5,0.0,2.33333,95,76.3733,93.08,37.4768,39.8613,282.72,0
2017-11-13,20,12.5,0.0,2.16667,93,71.0775,84.22,45.9622,50.9479,240.0,0
2017-11-14,1,11.8333,0.0,2.0,93,48.775,49.2,32.5271,54.4985,262.08,0
2017-11-14,3,12.5,0.0,1.83333,96,53.445,48.8233,43.8408,57.2806,240.0,0
2017-11-14,4,12.3333,0.0,1.66667,97,50.935,46.2,36.0626,47.1179,286.7,0
2017-11-14,5,12.1667,0.0,1.33333,90,47.755,44.565,43.8408,57.2806,240.0,0
2017-11-14,6,12.0,0.0,1.0,90,43.75,47.27,43.1337,56.3567,259.2,0
2017-11-14,7,11.5,0.0,0.666667,87,56.355,38.45,41.7195,54.5089,279.138,0
2017-11-14,8,11.3333,0.0,0.5,81,55.555,41.18,39.5982,51.7373,310.431,0
2017-11-14,9,11.5,0.0,0.666667,77,42.43,44.39,38.891,50.8134,305.455,0
2017-11-14,10,12.0,0.0,0.833333,70,46.26,32.72,31.1128,54.6507,271.745,0
2017-11-14,11,12.5,0.0,1.33333,62,33.29,43.005,33.2342,57.4224,240.0,0
2017-11-14,12,13.0,0.0,2.0,55,24.65,48.7,28.2844,50.9552,255.2,0
2017-11-14,13,13.5,0.0,2.66667,57,52.175,51.085,19.7991,53.8686,248.571,0
2017-11-14,14,13.6667,0.0,3.16667,57,60.455,50.46,19.7991,52.8686,257.914,0
2017-11-14,15,13.1667,0.0,3.33333,62,75.675,39.35,9.89954,52.9343,267.429,0
2017-11-14,16,12.3333,0.0,3.33333,66,58.635,51.38,0.0,51.0,297.0,0
2017-11-14,17,11.5,0.0,3.16667,77,69.33,52.04,0.0,60.0,277.714,0
2017-11-14,18,11.0,0.0,2.83333,79,92.425,79.9533,-3.44412,54.3149,321.231,0
2017-11-14,19,10.6667,0.0,2.33333,81,81.68,76.3733,-7.6536,51.4776,343.385,0
2017-11-15,1,12.3333,0.0,1.0,69,52.16,48.775,-43.1337,43.1337,249.9,0
2017-11-15,2,12.8333,0.0,1.16667,72,51.925,49.055,-43.8408,43.8408,249.508,0
2017-11-15,3,13.0,0.0,1.33333,74,55.6,53.445,-37.4768,37.4768,265.5,0
2017-11-15,4,13.5,0.0,1.5,76,56.97,50.935,-34.349,41.9258,251.631,0
2017-11-15,5,13.5,0.0,1.83333,78,53.12,47.755,-30.5141,45.6677,242.031,0
2017-11-15,6,13.5,0.0,2.0,78,57.795,43.75,-25.9138,47.5618,264.0,0
2017-11-15,7,12.8333,0.0,2.0,79,69.545,56.355,-20.282,48.9656,277.114,0
2017-11-15,8,12.1667,0.0,2.16667,78,62.24,55.555,-23.7262,57.2806,258.514,0
2017-11-15,9,11.8333,0.0,2.33333,75,59.485,42.43,-22.5781,54.5089,287.571,0
2017-11-15,10,11.8333,0.0,2.66667,71,56.915,46.26,-21.8128,52.6612,291.5,0
2017-11-15,11,12.5,0.0,3.16667,67,61.675,33.29,-22.5781,54.5089,279.138,0
2017-11-15,12,12.6667,0.0,3.83333,63,67.685,24.65,-20.282,48.9656,259.418,0
2017-11-15,13,13.6667,0.0,4.5,62,60.44,52.175,-21.4301,51.7373,235.2,0
2017-11-15,14,14.1667,0.0,5.0,67,54.87,60.455,-22.5781,54.5089,221.571,0
2017-11-15,15,14.1667,0.0,5.33333,72,52.71,75.675,-22.5781,54.5089,235.125,0
2017-11-15,16,13.3333,0.0,5.5,77,52.545,58.635,-21.0474,50.8134,257.914,0
2017-11-15,17,12.0,0.0,5.5,82,60.065,69.33,-24.4915,59.1283,240.0,0
2017-11-15,18,11.0,0.0,5.16667,84,62.7,92.425,-22.1954,53.585,305.52,0
2017-11-16,1,8.66667,0.0,3.16667,85,72.4825,52.16,-19.9989,44.2817,393.6,0
2017-11-16,2,8.66667,0.0,2.83333,91,75.455,51.925,-23.0603,44.6727,377.143,0
2017-11-16,3,8.33333,0.0,2.5,87,65.72,55.6,-25.7391,44.1399,395.2,0
2017-11-16,4,7.66667,0.0,2.5,84,67.01,56.97,-28.4179,50.6071,360.0,0
2017-11-16,5,6.83333,0.0,2.5,81,71.035,53.12,-27.2698,47.8354,414.72,0
2017-11-16,6,6.5,0.0,2.5,80,73.8025,57.795,-23.7343,44.2999,488.52,0
2017-11-16,7,6.33333,0.0,2.66667,81,75.68,69.545,-27.9769,48.5425,464.28,0
2017-11-16,8,6.16667,0.0,3.0,83,73.58,62.24,-29.0999,44.2535,486.0,0
2017-11-16,9,6.16667,0.0,3.33333,82,83.875,59.485,-27.6857,42.8393,520.8,0
2017-11-16,10,6.83333,0.0,3.83333,87,85.4967,56.915,-18.1571,38.127,528.0,0
2017-11-16,11,7.5,0.0,4.33333,83,79.004,61.675,-24.7171,35.4866,472.457,0
2017-11-16,12,8.0,0.0,5.0,78,79.298,67.685,-22.0384,38.0195,420.0,0
2017-11-16,13,8.33333,0.0,5.66667,77,81.655,60.44,-19.6509,37.2556,395.2,0
2017-11-16,15,8.83333,0.0,6.5,83,80.875,52.71,-21.9217,30.326,377.143,0
2017-11-16,16,8.33333,0.0,6.33333,92,90.82,52.545,-20.3889,27.6473,389.88,0
2017-11-16,17,8.16667,0.0,6.16667,94,99.975,60.065,-13.3889,27.6473,360.0,0
2017-11-16,18,7.83333,0.0,5.66667,92,100.453,62.7,3.84992,23.8205,374.0,0
2017-11-16,22,8.0,0.0,3.83333,92,59.41,66.89,37.609,-3.06144,437.25,0
2017-11-17,1,8.33333,0.0,2.83333,91,67.9325,72.4825,-10.3358,-13.3938,360.0,0
2017-11-17,2,8.66667,0.0,2.5,92,75.735,75.455,-24.7268,-16.4552,360.0,0
2017-11-17,3,8.83333,0.0,2.33333,92,62.96,65.72,-48.0418,-19.8994,386.4,0
2017-11-17,4,8.66667,0.0,2.16667,92,61.4333,67.01,-31.6507,-16.8379,389.88,0
2017-11-17,5,8.33333,0.0,1.83333,92,59.05,71.035,-13.4119,-13.0111,395.2,0
2017-11-17,6,8.5,0.0,1.66667,92,64.745,73.8025,-19.8791,-10.3324,360.0,0
2017-11-17,7,8.33333,0.0,1.5,93,67.44,75.68,4.82688,-3.8268,401.85,0
2017-11-17,8,8.16667,0.0,1.5,88,65.69,73.58,-1.64028,-1.14804,360.0,0
2017-11-17,9,8.16667,0.51,1.66667,80,63.6775,83.875,13.7508,1.9134,374.0,0
2017-11-17,10,8.5,0.74,1.83333,63,65.6,85.4967,13.7508,8.80164,374.0,0
2017-11-17,11,9.33333,0.74,2.33333,58,69.168,79.004,-8.45872,18.9643,393.6,0
2017-11-17,12,9.83333,0.97,3.0,55,72.0925,79.298,-13.0781,20.8777,339.2,0
2017-11-17,13,10.6667,0.97,3.83333,55,78.448,81.655,-24.0963,26.6843,319.2,0
2017-11-17,15,11.3333,1.22,5.0,68,84.2367,80.875,-40.0449,39.5037,271.745,0
2017-11-17,16,11.0,0.99,5.33333,79,88.0875,90.82,-39.6622,38.5798,291.5,0
2017-11-17,17,10.6667,0.99,5.5,89,82.1767,99.975,-36.8906,37.4318,324.8,0
2017-11-17,18,10.3333,0.76,5.5,87,70.7125,100.453,-32.232,38.1852,348.0,0
2017-11-17,22,10.0,0.0,4.16667,78,47.07,59.41,9.07158,50.3993,300.0,0
2017-11-18,1,9.16667,0.0,3.33333,78,55.6733,67.9325,34.6484,52.3192,335.345,1
2017-11-18,2,8.66667,0.0,3.0,81,55.7833,75.735,32.5271,49.5476,363.0,1
2017-11-18,3,8.5,0.0,2.66667,85,54.755,62.96,25.456,47.3088,395.2,1
2017-11-18,4,8.33333,0.0,2.5,86,51.07,61.4333,19.092,46.9938,417.72,1
2017-11-18,5,8.33333,0.0,2.16667,90,51.0875,59.05,19.092,55.9938,360.0,1
2017-11-18,6,8.16667,0.0,1.83333,82,53.12,64.745,8.57675,55.07,360.0,1
2017-11-18,7,8.33333,0.0,1.33333,87,52.4875,67.44,-3.44412,54.3628,374.0,1
2017-11-18,8,8.5,0.0,1.16667,83,58.62,65.69,-3.44412,54.3628,360.0,1
2017-11-18,9,8.83333,0.0,1.16667,76,53.6525,63.6775,-16.492,43.0332,401.85,1
2017-11-18,10,9.33333,0.0,1.33333,73,50.8775,65.6,-25.7308,38.86,380.8,1
2017-11-18,11,10.0,0.0,1.83333,64,54.8825,69.168,-30.323,40.9466,339.2,1
2017-11-18,12,11.0,0.0,2.33333,58,54.4275,72.0925,-30.4144,36.1672,326.8,1
2017-11-18,13,12.1667,0.0,3.16667,55,38.095,78.448,-40.314,37.0668,252.45,1
2017-11-18,14,13.1667,0.0,3.66667,58,33.2825,80.4075,-34.9979,41.4923,245.1,1
2017-11-18,15,13.5,0.0,4.0,65,40.5575,84.2367,-40.3053,40.3053,232.615,1
2017-11-18,16,13.3333,0.0,4.0,74,56.3075,88.0875,-39.5982,39.5982,248.571,1
2017-11-18,17,13.3333,0.48,3.83333,83,53.5475,82.1767,-37.4768,37.4768,288.225,1
2017-11-18,18,13.3333,0.96,3.66667,82,54.0567,70.7125,-46.6693,46.6693,240.0,1
2017-11-18,22,15.1667,1.8,2.5,76,42.55,47.07,-50.0704,32.7519,204.429,1
2017-11-19,1,18.3333,1.68,2.0,85,47.085,55.6733,-43.2832,34.0828,193.765,1
2017-11-19,2,19.5,0.84,2.0,87,44.85,55.7833,-43.1337,43.1337,163.4,1
2017-11-19,3,20.0,1.32,2.0,87,42.9575,54.755,-45.9622,45.9622,153.6,1
2017-11-19,4,19.6667,1.32,2.0,88,40.435,51.07,-38.7664,49.5904,164.509,1
2017-11-19,5,19.1667,0.96,2.0,87,35.8125,51.0875,-28.9502,47.8922,209.182,1
2017-11-19,6,18.5,0.96,2.0,87,35.5667,53.12,-34.6904,61.7504,180.0,1
2017-11-19,7,17.6667,0.96,2.0,86,30.425,52.4875,-25.6396,61.9,200.34,1
2017-11-19,8,17.3333,0.96,2.16667,85,30.79,58.62,-24.4915,59.1283,187.68,1
2017-11-19,9,17.3333,0.48,2.33333,83,32.1,53.6525,-20.6647,49.8895,209.012,1
2017-11-19,10,18.5,0.48,2.5,80,30.71,50.8775,-21.8128,52.6612,186.353,1
2017-11-19,11,19.5,0.0,2.83333,78,33.262,54.8825,-23.7262,57.2806,167.04,1
2017-11-19,12,20.3333,0.48,3.16667,76,35.2725,54.4275,-24.1088,58.2044,160.74,1
2017-11-19,13,20.8333,0.48,3.5,74,30.9,38.095,-32.0117,55.2833,158.564,1
2017-11-19,14,20.8333,0.48,3.83333,72,30.67,33.2825,-37.7349,49.1001,165.714,1
2017-11-19,15,20.3333,0.48,4.0,70,29.05,40.5575,-43.8408,43.8408,176.727,1
2017-11-19,16,19.5,1.34,4.16667,65,32.075,56.3075,-40.3053,40.3053,200.34,1
2017-11-19,17,19.0,1.34,4.16667,68,33.18,53.5475,-38.1839,38.1839,221.76,1
2017-11-19,18,18.8333,1.72,4.16667,69,34.84,54.0567,-36.7697,36.7697,224.824,1
2017-11-19,22,20.3333,2.68,3.33333,78,21.48,42.55,-45.255,45.255,169.304,1
2017-11-20,1,19.8333,1.47,2.33333,81,24.4475,47.085,-28.3596,49.4664,188.779,0
2017-11-20,2,19.0,1.47,2.16667,88,25.15,44.85,-22.5781,54.5089,181.895,0
2017-11-20,3,18.1667,0.56,2.0,88,19.46,42.9575,-21.4301,51.7373,207.36,0
2017-11-20,4,17.8333,0.56,1.66667,92,16.905,40.435,-19.5167,47.1179,244.26,0
2017-11-20,5,17.6667,0.56,1.66667,88,21.7375,35.8125,-26.0222,62.8238,193.44,0
2017-11-20,6,17.8333,1.12,1.66667,87,16.3167,35.5667,-25.2569,60.9761,180.0,0
2017-11-20,7,18.6667,1.04,1.83333,86,14.0825,30.425,-21.4301,51.7373,193.765,0
2017-11-20,8,20.1667,1.04,1.83333,85,17.745,30.79,-14.9245,61.0313,144.0,0
2017-11-20,9,21.6667,1.04,1.83333,84,17.66,32.1,-8.03628,69.4015,120.0,0
2017-11-20,10,23.3333,1.04,2.0,75,19.7925,30.71,16.9706,72.1731,124.848,0
2017-11-20,11,24.3333,1.29,2.0,70,18.5033,33.262,36.0626,47.1179,171.55,0
2017-11-20,12,25.6667,0.76,2.16667,64,20.77,35.2725,36.0626,47.1179,179.022,0
2017-11-20,13,25.6667,0.71,2.33333,63,26.7733,30.9,37.4768,48.9656,159.75,0
2017-11-20,14,25.0,1.14,2.5,65,29.02,30.67,38.1839,49.8895,167.586,0
2017-11-20,15,24.0,1.14,2.5,68,37.484,29.05,53.0332,69.291,138.538,0
2017-11-20,16,21.8333,1.14,2.5,73,39.7867,32.075,45.255,59.1283,178.608,0
2017-11-20,17,19.6667,0.89,2.5,79,49.94,33.18,27.5773,50.0313,233.143,0
2017-11-20,18,16.8333,0.86,2.33333,75,52.0067,34.84,27.5773,61.0313,228.0,0
2017-11-21,1,10.3333,0.1,0.0,82,54.405,24.4475,0.0,51.0,359.9,0
2017-11-21,2,10.1667,0.1,-0.333333,83,56.8475,25.15,0.0,62.0,300.0,0
2017-11-21,3,9.66667,0.1,-0.666667,84,56.055,19.46,0.0,61.0,311.1,0
2017-11-21,4,9.33333,0.1,-0.833333,87,53.9275,16.905,6.36399,57.3149,312.8,0
2017-11-21,5,9.0,0.0,-1.16667,94,53.18,21.7375,11.3138,54.7821,339.2,0
2017-11-21,6,8.66667,0.0,-1.16667,89,55.745,16.3167,16.2635,52.2492,366.667,0
2017-11-21,7,7.83333,0.0,-1.16667,89,59.92,14.0825,21.2133,49.7164,411.927,0
2017-11-21,8,7.16667,0.0,-1.16667,87,64.8017,17.745,18.9172,55.2597,398.945,0
2017-11-21,9,7.16667,0.0,-1.0,79,62.325,17.66,16.2385,50.7268,453.927,0
2017-11-21,10,7.33333,0.0,-0.5,78,61.14,19.7925,16.2385,48.7268,463.6,0
2017-11-21,11,7.83333,0.0,0.333333,71,61.7817,18.5033,4.21759,46.0688,460.8,0
2017-11-21,12,8.0,0.0,1.0,67,56.25,20.77,6.33892,48.8404,408.857,0
2017-11-21,13,8.33333,0.0,1.83333,65,61.058,26.7733,7.04603,48.0302,392.229,0
2017-11-21,14,8.16667,0.0,2.66667,68,60.0517,29.02,-3.56062,47.2199,360.0,0
2017-11-21,15,7.5,0.0,3.16667,72,71.266,37.484,4.73546,41.6766,375.943,0
2017-11-21,16,7.16667,0.0,3.33333,78,72.4283,39.7867,2.79482,33.296,432.667,0
2017-11-21,17,6.33333,0.0,3.33333,84,81.11,49.94,8.79482,24.296,470.25,0
2017-11-21,18,6.0,0.0,3.16667,85,81.0933,52.0067,6.88142,19.6766,452.4,0
2017-11-22,1,7.33333,0.0,1.16667,91,75.53,54.405,-20.6146,-48.7682,420.0,0
2017-11-22,2,7.0,0.0,1.0,92,67.4,56.8475,-17.52,-47.2972,453.6,0
2017-11-22,3,7.0,0.0,1.0,92,71.1883,56.055,-17.52,-53.2972,420.0,0
2017-11-22,4,6.83333,0.0,0.833333,99,68.55,53.9275,-14.5418,-54.1074,436.05,0
2017-11-22,5,7.0,0.0,0.833333,99,70.24,53.18,-14.1592,-53.1836,437.143,0
2017-11-22,6,7.16667,0.0,0.833333,100,73.86,55.745,-14.1592,-53.1836,452.4,0
2017-11-22,7,7.5,0.0,0.833333,100,77.4967,59.92,-14.1592,-53.1836,420.0,0
2017-11-22,8,8.16667,0.0,0.833333,100,76.625,64.8017,-21.2303,-47.2547,437.25,0
2017-11-22,9,9.0,0.0,0.833333,97,69.1257,62.325,-21.9956,-49.1024,377.4,0
2017-11-22,10,10.3333,1.12,1.16667,94,64.8583,61.14,-23.909,-47.7218,345.257,0
2017-11-22,11,12.1667,2.57,1.33333,92,57.4986,61.7817,-24.2917,-48.6457,278.25,0
2017-11-22,12,13.6667,3.59,1.66667,94,56.9533,56.25,-26.8871,-46.9115,231.0,0
2017-11-22,13,14.6667,3.59,2.0,94,57.45,61.058,-35.0812,-49.6936,180.0,0
2017-11-22,14,15.5,3.59,2.33333,93,59.2633,60.0517,-36.0626,-36.0626,236.733,0
2017-11-22,15,15.1667,3.59,2.83333,90,65.858,71.266,-46.6693,-46.6693,194.133,0
2017-11-22,16,14.1667,3.23,3.0,97,66.3067,72.4283,-41.0124,-41.0124,249.882,0
2017-11-22,17,12.8333,2.54,3.33333,97,72.852,81.11,-49.3273,-44.4565,240.0,0
2017-11-22,18,11.8333,2.28,3.5,98,72.4267,81.0933,-46.5452,-36.2624,294.0,0
2017-11-22,22,10.5,1.52,4.5,95,55.82,83.03,-28.7268,-16.4552,309.12,0
2017-11-23,0,10.5,0.0,4.83333,93,51.64,82.01,10.6746,-8.41896,329.018,0
2017-11-23,1,10.5,0.0,5.0,93,64.2183,75.53,30.8373,-4.20948,341.127,0
2017-11-23,2,10.5,0.0,5.0,93,63.034,67.4,30.8373,-4.20948,341.127,0
2017-11-23,3,10.5,0.0,5.0,93,58.2,71.1883,9.67464,-8.41896,326.8,0
2017-11-23,4,10.6667,0.0,5.0,93,58.0167,68.55,-9.48804,-12.6284,317.127,0
2017-11-23,5,10.6667,0.0,4.83333,93,61.8583,70.24,-29.7268,-16.4552,321.48,0
2017-11-23,6,11.0,0.0,4.5,92,66.424,73.86,-49.8895,-20.6647,317.127,0
2017-11-23,7,11.0,0.0,4.33333,92,64.395,77.4967,-50.8134,-21.0474,305.455,0
2017-11-23,8,11.5,0.0,4.16667,93,60.344,76.625,-29.6507,-16.8379,305.455,0
2017-11-23,9,12.1667,0.0,4.16667,86,56.0117,69.1257,-32.4224,-17.986,262.08,0
2017-11-23,10,12.8333,0.0,4.5,77,53.1217,64.8583,-26.8791,-15.6899,276.0,0
2017-11-23,11,13.3333,0.0,5.16667,68,52.54,57.4986,-1.79252,-11.0977,248.727,0
2017-11-23,12,14.0,0.0,6.16667,61,48.932,56.9533,-25.7268,-16.4552,239.4,0
2017-11-23,13,15.0,0.0,7.16667,58,50.0667,57.45,-27.5746,-17.2206,228.48,0
2017-11-23,14,15.0,0.0,8.16667,63,50.0367,59.2633,-29.4224,-17.986,204.429,0
2017-11-23,15,14.6667,0.0,8.83333,72,56.226,65.858,-56.3567,-23.3435,204.429,0
2017-11-23,16,14.5,0.0,9.16667,77,66.3,66.3067,-30.4224,-17.986,226.8,0
2017-11-23,17,14.0,0.0,9.16667,97,72.444,72.852,-24.8327,-21.0555,258.353,0
2017-11-23,18,13.5,0.0,9.0,96,66.2733,72.4267,-19.2894,-18.7594,297.0,0
2017-11-23,22,12.5,0.0,6.66667,86,59.8,55.82,0.0552405,-10.3324,281.538,0
2017-11-24,0,12.5,0.0,5.83333,84,53.14,51.64,12.9791,-9.94968,249.171,0
2017-11-24,1,11.8333,0.0,5.5,83,60.1825,64.2183,37.9134,-4.59216,249.9,0
2017-11-24,2,11.6667,0.0,5.5,84,56.838,63.034,35.9134,-4.59216,279.138,0
2017-11-24,3,11.1667,0.0,5.33333,86,54.3567,58.2,12.7508,-0.38268,291.5,0
2017-11-24,4,10.6667,0.0,5.0,85,52.6175,58.0167,-8.48804,3.44412,313.5,0
2017-11-24,5,10.1667,0.0,4.66667,89,53.39,61.8583,-5.7164,4.59216,348.0,0
2017-11-24,6,9.5,0.0,4.5,93,59.5633,66.424,-14.0313,8.03628,311.1,0
2017-11-24,7,9.16667,0.0,4.33333,91,63.205,64.395,-26.0313,16.0363,337.08,0
2017-11-24,8,8.83333,0.0,4.33333,88,60.5733,60.344,-41.6882,21.6932,372.655,0
2017-11-24,9,8.83333,0.0,4.5,82,59.508,56.0117,-22.5255,17.4837,389.88,0
2017-11-24,10,9.33333,0.0,5.0,71,55.265,53.1217,-22.5255,9.83008,380.8,0
2017-11-24,11,10.0,0.0,5.66667,65,55.718,52.54,-22.6959,21.7595,339.2,0
2017-11-24,12,10.6667,0.0,6.5,60,54.0483,48.932,-1.381,10.3154,319.2,0
2017-11-24,13,11.6667,0.0,7.5,58,57.758,50.0667,16.2759,4.65852,275.6,0
2017-11-24,14,12.6667,0.0,8.5,60,58.0775,50.0367,3.58036,3.1278,286.7,0
2017-11-24,15,13.3333,0.0,9.16667,69,69.2575,56.226,27.0657,-5.35752,261.415,0
2017-11-24,16,13.8333,0.0,9.66667,74,71.086,66.3,28.0657,-5.35752,245.1,0
2017-11-24,17,14.1667,0.0,9.83333,90,78.315,72.444,31.0657,-5.35752,230.4,0
2017-11-24,18,14.3333,0.0,9.83333,88,70.7233,66.2733,59.0,0.0,228.48,0
2017-11-24,22,13.3333,0.0,8.83333,76,56.37,59.8,52.0,0.0,281.538,0
2017-11-25,0,12.5,0.0,8.5,78,51.82,53.14,41.8373,4.20948,266.325,1
2017-11-25,1,11.8333,0.0,8.16667,79,56.2467,60.1825,14.7508,8.80164,260.945,1
2017-11-25,2,11.6667,0.0,7.83333,87,57.376,56.838,-7.3358,13.3938,260.0,1
2017-11-25,3,11.0,0.0,7.5,85,54.575,54.3567,-28.5746,17.2206,289.385,1
2017-11-25,4,10.1667,0.0,7.16667,83,52.9883,52.6175,-47.2315,22.8775,329.018,1
2017-11-25,5,9.83333,0.0,6.83333,84,56.1517,53.39,-52.8884,28.5344,300.0,1
2017-11-25,6,9.66667,0.0,6.5,86,62.05,59.5633,-51.0406,27.769,333.9,1
2017-11-25,7,9.5,0.0,6.16667,91,64.3433,63.205,-47.7323,30.955,345.6,1
2017-11-25,8,9.66667,0.0,6.0,90,64.4467,60.5733,-46.8084,30.5724,337.08,1
2017-11-25,9,10.0,0.0,6.0,86,66.345,59.508,-47.7323,30.955,300.0,1
2017-11-25,10,11.1667,0.0,6.33333,81,70.1917,55.265,-45.6573,15.8145,326.8,1
2017-11-25,11,11.8333,0.0,6.83333,77,61.8233,55.718,-51.2006,18.1106,271.745,1
2017-11-25,12,12.1667,0.0,7.33333,72,60.048,54.0483,-55.4328,5.35752,250.364,1
2017-11-25,13,12.1667,0.0,8.16667,72,55.2967,57.758,-44.2999,-12.2539,276.12,1
2017-11-25,14,12.3333,0.0,8.83333,73,51.338,58.0775,-45.2237,-12.6365,292.32,1
2017-11-25,15,12.6667,0.0,9.16667,78,50.804,69.2575,-53.7091,-21.1219,248.88,1
2017-11-25,16,12.3333,0.0,9.16667,80,66.4,71.086,-50.9374,-31.4542,259.2,1
2017-11-25,17,12.3333,0.0,9.0,81,64.41,78.315,-50.9374,-31.4542,259.2,1
2017-11-25,22,13.5,1.12,8.16667,88,36.45,56.37,2.97912,0.0,271.385,1
2017-11-26,0,14.5,2.24,8.0,88,15.3,51.82,-20.9308,26.8953,232.615,1
2017-11-26,1,14.5,1.12,7.83333,87,31.382,56.2467,-45.2446,38.209,205.477,1
2017-11-26,2,14.8333,1.12,7.33333,85,19.246,57.376,-38.5917,46.1685,211.68,1
2017-11-26,3,15.3333,1.12,6.83333,86,17.095,54.575,-33.7252,49.42,218.625,1
2017-11-26,4,15.8333,2.24,6.16667,87,14.3483,52.9883,-28.5344,52.8884,218.625,1
2017-11-26,5,17.0,2.24,5.5,88,16.1433,56.1517,-17.2206,59.5746,187.971,1
2017-11-26,6,17.5,2.24,4.83333,87,21.6917,62.05,-6.12288,55.7821,181.425,1
2017-11-26,7,18.0,2.24,4.33333,87,26.8933,64.3433,13.4351,58.5537,170.133,1
2017-11-26,8,17.8333,2.24,4.16667,88,32.915,64.4467,25.456,52.5746,200.348,1
2017-11-26,9,17.1667,2.24,3.83333,89,35.16,66.345,35.3555,65.5089,180.0,1
2017-11-26,10,16.3333,1.12,3.66667,81,39.5417,70.1917,43.8408,53.5955,230.4,1
2017-11-26,11,14.8333,1.6,3.66667,80,43.1283,61.8233,39.5982,48.0522,266.965,1
2017-11-26,12,14.0,0.48,3.66667,75,43.46,60.048,37.4768,48.9656,277.114,1
2017-11-26,13,13.8333,0.48,3.66667,71,43.9217,55.2967,37.4768,48.9656,265.5,1
2017-11-26,14,13.8333,0.48,3.66667,68,46.112,51.338,40.3053,52.6612,232.615,1
2017-11-26,15,13.8333,0.48,3.66667,66,52.51,50.804,41.0124,53.585,230.4,1
2017-11-26,16,13.3333,0.48,3.66667,69,63.682,66.4,39.5982,51.7373,248.571,1
2017-11-26,17,12.5,0.0,3.33333,72,65.68,64.41,36.7697,48.0418,297.6,1
2017-11-26,22,8.83333,0.0,1.33333,72,68.21,36.45,19.6575,49.8895,376.32,1
2017-11-27,0,8.5,0.0,0.666667,70,65.59,15.3,6.22242,50.3358,380.8,0
2017-11-27,1,8.16667,0.0,0.166667,70,70.34,31.382,-2.82033,48.488,409.867,0
2017-11-27,2,8.0,0.0,-0.333333,84,66.686,19.246,-5.49909,54.9552,374.0,0
2017-11-27,3,7.66667,0.0,-0.666667,82,63.4575,17.095,-16.8128,51.59,390.0,0
2017-11-27,4,7.66667,0.0,-0.833333,80,62.0917,14.3483,-18.7012,49.1488,417.6,0
2017-11-27,5,7.5,0.0,-0.833333,78,61.702,16.1433,-21.621,47.1978,417.6,0
2017-11-27,6,7.66667,0.0,-0.833333,79,59.6367,21.6917,-27.2779,43.8547,432.667,0
2017-11-27,7,8.0,0.0,-0.666667,79,65.1617,26.8933,-30.3394,42.2458,425.829,0
2017-11-27,8,8.33333,0.0,-0.333333,82,66.0883,32.915,-31.1047,44.0935,392.229,0
2017-11-27,9,9.0,0.0,0.0,80,62.2133,35.16,-34.79,43.9904,360.0,0
2017-11-27,10,9.66667,0.0,0.333333,78,62.94,39.5417,-32.6686,41.869,366.667,0
2017-11-27,11,10.0,0.0,0.666667,71,48.0383,43.1283,-31.2795,47.5155,300.0,0
2017-11-27,12,10.3333,0.0,1.16667,64,46.9083,43.46,-26.388,43.7064,326.8,0
2017-11-27,13,10.6667,0.0,1.66667,59,50.4817,43.9217,-26.7706,44.6302,313.6,0
2017-11-27,14,11.0,0.0,2.33333,65,61.46,46.112,-28.1849,46.0445,305.455,0
2017-11-27,15,10.5,0.0,2.66667,67,72.78,52.51,-28.1849,46.0445,321.231,0
2017-11-27,16,9.5,0.0,2.83333,71,88.7533,63.682,-33.8417,51.7013,300.0,0
2017-11-27,17,9.0,0.0,2.83333,75,87.7233,65.68,-33.8167,44.6407,337.08,0
2017-11-27,22,10.6667,0.0,0.5,80,60.96,68.21,0.81645,16.2304,326.4,0
2017-11-28,0,12.3333,0.0,-0.333333,79,52.55,65.59,38.8373,4.20948,250.364,0
2017-11-28,1,13.0,0.0,-0.833333,78,65.6883,70.34,52.0,0.0,276.0,0
2017-11-28,2,13.8333,0.0,-1.0,77,59.994,66.686,55.0,0.0,251.631,0
2017-11-28,3,14.6667,0.0,-1.16667,75,54.5,63.4575,58.0,0.0,223.385,0
2017-11-28,4,15.1667,0.0,-1.16667,73,53.3283,62.0917,62.0,0.0,196.114,0
2017-11-28,5,15.8333,0.0,-1.16667,72,52.9083,61.702,64.0,0.0,187.68,0
2017-11-28,6,16.3333,0.0,-1.0,72,54.6283,59.6367,66.0,0.0,180.0,0
2017-11-28,7,17.0,0.0,-0.666667,72,53.8317,65.1617,67.0,0.0,180.0,0
2017-11-28,8,17.6667,0.0,-0.5,71,51.555,66.0883,53.0,0.0,216.847,0
2017-11-28,9,18.0,0.0,-0.166667,68,48.35,62.2133,56.0,0.0,193.765,0
2017-11-28,10,18.5,0.0,0.333333,66,48.985,62.94,58.0,0.0,188.779,0
2017-11-28,11,19.1667,0.0,1.0,62,47.7583,48.0383,58.0,0.0,193.44,0
2017-11-28,12,19.5,0.0,1.66667,59,50.4775,46.9083,59.0,0.0,181.895,0
2017-11-28,13,19.3333,0.0,2.33333,58,49.662,50.4817,59.0,0.0,181.895,0
2017-11-28,14,18.6667,0.0,3.16667,57,50.156,61.46,58.0,0.0,198.0,0
2017-11-28,15,17.8333,0.0,3.66667,59,51.968,72.78,53.0,0.0,225.095,0
2017-11-28,16,16.8333,0.0,3.83333,62,57.7475,88.7533,40.0657,-5.35752,193.768,0
2017-11-28,17,15.5,0.0,3.83333,63,59.0275,87.7233,9.05524,-10.3324,231.8,0
2017-11-28,22,13.5,0.0,2.66667,75,56.78,60.96,55.0,0.0,257.914,0
2017-11-29,0,12.3333,0.0,2.16667,75,55.8,52.55,44.7612,3.8268,240.0,0
2017-11-29,1,11.5,0.0,1.83333,75,68.4317,65.6883,21.5224,7.6536,277.714,0
2017-11-29,2,10.8333,0.0,1.5,92,66.02,59.994,-0.792519,11.0977,321.231,0
2017-11-29,3,10.1667,0.51,1.33333,85,61.4333,54.5,-3.79252,11.0977,354.738,0
2017-11-29,4,9.5,0.51,1.16667,83,58.4083,53.3283,-12.1074,7.6536,321.6,0
2017-11-29,5,9.33333,1.02,1.0,85,60.725,52.9083,-33.4224,4.20948,337.08,0
2017-11-29,6,9.33333,1.02,1.0,88,63.5575,54.6283,-15.1836,0.38268,349.92,0
2017-11-29,7,9.33333,1.02,1.0,93,64.83,53.8317,-15.1836,-7.27092,339.2,0
2017-11-29,8,9.16667,1.02,1.0,96,64.552,51.555,-15.1836,-7.27092,349.92,0
2017-11-29,9,9.0,0.51,1.0,97,63.55,48.35,-16.1836,-7.27092,352.8,0
2017-11-29,10,9.0,0.51,1.16667,93,66.0575,48.985,-15.2597,-6.88824,366.667,0
2017-11-29,11,9.0,0.0,1.33333,90,64.1133,47.7583,-15.2597,0.0,366.667,0
2017-11-29,12,8.83333,0.0,1.5,88,62.888,50.4775,-15.2597,0.0,376.32,0
2017-11-29,13,9.0,0.0,1.83333,86,59.108,49.662,2.97912,3.8268,380.8,0
2017-11-29,14,8.83333,0.48,2.0,87,64.9617,50.156,21.294,0.38268,366.667,0
2017-11-29,15,8.83333,0.48,2.16667,89,68.856,51.968,20.294,0.38268,371.25,0
2017-11-29,16,8.66667,0.48,2.16667,89,71.53,57.7475,35.6851,3.44412,380.8,0
2017-11-29,17,8.5,0.48,2.0,95,85.7325,59.0275,52.0,0.0,395.2,0
2017-11-29,22,8.83333,0.48,0.166667,100,73.41,56.78,22.6998,-11.2178,371.25,0
2017-11-30,0,8.5,0.0,-0.166667,92,68.74,55.8,33.7612,-3.8268,389.88,0
2017-11-30,1,8.5,0.0,-0.166667,92,77.78,68.4317,51.0,0.0,409.867,0
2017-11-30,2,8.16667,0.97,-0.166667,92,77.504,66.02,51.0,0.0,409.867,0
2017-11-30,3,7.83333,0.97,-0.166667,92,76.218,61.4333,58.0,0.0,374.0,0
2017-11-30,4,7.5,1.86,0.0,92,75.15,58.4083,42.5328,-2.67876,402.8,0
2017-11-30,5,7.66667,2.72,0.0,92,75.734,60.725,29.2902,-6.92142,437.25,0
2017-11-30,7,8.16667,3.56,0.0,92,78.794,64.83,6.40194,-23.5513,405.45,0
2017-11-30,22,10.6667,2.67,0.5,90,54.984,73.41,39.1194,-34.2486,352.8,0
2018-10-01,0,11.1667,0.0,7.0,79,34.79,54.715,-52.6612,-21.8128,291.5,0
2018-10-01,1,10.8333,0.0,6.16667,80,44.8,90.59,-31.5746,-17.2206,313.5,0
2018-10-01,2,10.5,0.0,5.5,82,32.715,40.715,-10.488,-12.6284,329.018,0
2018-10-01,3,10.1667,0.0,5.0,82,42.95,60.46,9.67464,-8.41896,341.127,0
2018-10-01,4,9.83333,0.0,4.66667,77,34.595,40.125,1.35972,-4.97484,300.0,0
2018-10-01,5,9.5,0.0,4.66667,83,37.975,37.765,3.20748,2.67876,323.345,0
2018-10-01,6,9.33333,0.0,4.66667,88,45.62,35.83,5.05524,10.3324,337.08,0
2018-10-01,7,9.16667,0.0,4.83333,91,35.63,33.52,4.05524,10.3324,349.92,0
2018-10-01,8,9.0,0.0,5.33333,88,35.01,55.52,3.05524,10.3324,363.0,0
2018-10-01,9,9.16667,0.0,6.16667,78,25.79,22.06,2.05524,10.3324,366.667,0
2018-10-01,10,10.1667,0.0,7.16667,67,20.425,15.84,20.3702,6.88824,352.8,0
2018-10-01,11,11.5,0.0,8.5,58,18.03,9.15,23.1418,5.7402,326.8,0
2018-10-01,12,12.8333,0.0,10.1667,51,21.18,12.905,-6.87907,17.7611,270.667,0
2018-10-01,13,14.0,0.0,11.8333,47,22.105,9.165,-27.8999,29.7819,189.72,0
2018-10-01,14,15.0,0.0,13.3333,46,25.2567,11.185,-49.2137,41.0957,180.0,0
2018-10-01,15,15.5,0.0,14.6667,47,40.75,38.34,-45.9622,45.9622,194.541,0
2018-10-01,16,14.8333,0.0,15.5,49,44.3533,46.935,-43.1337,43.1337,225.318,0
2018-10-01,17,13.5,0.0,15.8333,54,44.0667,27.905,-38.891,38.891,269.925,0
2018-10-01,18,12.1667,0.0,15.5,63,40.1367,35.45,-42.3352,47.206,257.4,0
2018-10-01,19,10.8333,0.0,14.8333,73,51.5533,44.43,-34.4655,44.2071,315.52,0
2018-10-01,20,9.66667,0.0,13.8333,86,65.1933,53.93,-37.527,51.5982,300.0,0
2018-10-01,21,8.83333,0.0,12.3333,95,68.2733,32.94,-26.9203,48.9915,355.385,0
2018-10-01,22,8.5,0.0,11.0,89,61.615,68.81,-20.7893,47.1901,398.618,0
2018-10-01,23,8.66667,0.0,9.83333,80,48.7667,34.49,-16.4552,47.7268,409.867,0
2018-10-02,0,8.83333,0.0,8.83333,84,46.635,34.79,-16.8379,48.6507,395.2,0
2018-10-02,1,9.33333,0.0,8.16667,73,37.66,44.8,-13.3938,50.3358,371.25,0
2018-10-02,2,9.83333,0.0,7.83333,67,36.08,32.715,-10.3324,53.9448,327.6,0
2018-10-02,3,10.6667,0.0,7.83333,68,31.5533,42.95,-7.27092,49.5537,340.267,0
2018-10-02,4,11.5,0.0,7.83333,78,33.8267,34.595,-3.8268,54.2388,297.0,0
2018-10-02,5,12.3333,0.0,7.83333,87,33.2033,37.975,0.0,59.0,250.92,0
2018-10-02,6,13.3333,0.0,8.0,92,39.135,45.62,0.0,53.0,259.418,0
2018-10-02,7,14.3333,0.0,8.0,96,28.2333,35.63,0.0,58.0,223.385,0
2018-10-02,8,15.6667,0.0,8.16667,97,24.4233,35.01,12.0209,60.706,196.114,0
2018-10-02,9,16.8333,0.0,8.33333,88,17.0267,25.79,25.456,49.2597,220.8,0
2018-10-02,10,17.3333,0.0,8.5,72,17.1467,20.425,39.5982,51.7373,193.765,0
2018-10-02,11,17.8333,0.0,8.83333,67,13.7333,18.03,39.5982,51.7373,202.926,0
2018-10-02,12,18.5,0.0,9.33333,60,15.9167,21.18,26.1631,52.1836,214.5,0
2018-10-02,13,19.1667,0.0,10.0,54,19.07,22.105,12.0209,53.706,201.318,0
2018-10-02,14,19.3333,0.0,10.5,51,16.155,25.2567,0.0,59.0,177.0,0
2018-10-02,15,19.3333,0.0,11.0,49,25.7433,40.75,0.0,61.0,173.46,0
2018-10-02,16,19.6667,0.0,11.3333,50,26.8233,44.3533,0.0,61.0,178.286,0
2018-10-02,17,19.8333,0.0,11.3333,56,23.12,44.0667,-7.27092,57.5537,186.66,0
2018-10-02,18,19.5,0.0,11.0,56,16.35,40.1367,-14.5418,55.1074,193.44,0
2018-10-02,19,18.8333,0.0,10.5,54,24.6167,51.5533,-21.4301,51.7373,202.926,0
2018-10-02,20,18.1667,0.0,9.83333,52,25.045,65.1933,-26.18,46.2044,217.579,0
2018-10-02,21,17.8333,0.0,9.0,49,20.78,68.2733,-30.2229,39.9645,236.733,0
2018-10-02,22,18.3333,0.0,8.5,46,24.365,61.615,-36.0626,36.0626,232.941,0
2018-10-02,23,19.3333,0.0,8.0,46,14.92,48.7667,-39.5982,39.5982,189.0,0
2018-10-03,0,20.6667,0.0,7.66667,51,13.68,46.635,-37.8514,51.3814,137.8,0
2018-10-03,1,22.1667,0.99,7.5,55,12.53,37.66,-19.5167,47.1179,174.048,0
2018-10-03,2,23.8333,0.99,7.5,64,11.7067,36.08,-19.8994,48.0418,170.769,0
2018-10-03,3,24.8333,0.99,7.66667,70,14.755,31.5533,-19.8994,48.0418,170.769,0
2018-10-03,4,24.8333,0.99,7.66667,74,14.9533,33.8267,-29.0837,70.2149,120.0,0
2018-10-03,5,24.3333,0.99,7.83333,77,13.8233,33.2033,-27.553,66.5194,139.569,0
2018-10-03,6,24.0,0.99,8.16667,79,11.9167,39.135,-17.6033,64.4985,151.2,0
2018-10-03,7,24.0,0.0,8.16667,82,11.505,28.2333,-8.41896,66.3254,141.382,0
2018-10-03,8,24.3333,0.0,8.33333,81,13.09,24.4233,0.0,72.0,120.0,0
2018-10-03,9,25.3333,0.0,8.5,80,14.88,17.0267,0.0,54.0,159.508,0
2018-10-03,10,26.8333,1.68,8.66667,77,10.86,17.1467,0.0,58.0,144.0,0
2018-10-03,11,28.8333,3.36,9.0,77,9.59667,13.7333,0.0,61.0,135.24,0
2018-10-03,12,30.8333,3.36,9.16667,76,9.03333,15.9167,0.0,65.0,120.077,0
2018-10-03,13,32.6667,3.36,9.66667,73,7.72333,19.07,0.0,70.0,108.424,0
2018-10-03,14,34.1667,3.36,10.0,72,7.37333,16.155,0.0,73.0,102.9,0
2018-10-03,15,34.8333,4.12,10.3333,74,6.69333,25.7433,0.0,74.0,102.162,0
2018-10-03,16,34.8333,2.44,10.6667,72,7.06,26.8233,0.0,71.0,113.449,0
2018-10-03,17,33.8333,0.76,10.6667,61,9.47667,23.12,21.9204,62.6403,129.071,0
2018-10-03,18,32.1667,0.76,10.6667,68,7.355,16.35,41.7195,54.5089,147.716,0
2018-10-03,19,29.8333,0.76,10.3333,67,14.6933,24.6167,38.1839,49.8895,164.914,0
2018-10-03,20,27.3333,0.76,10.0,68,19.91,25.045,54.4475,71.1388,124.586,0
2018-10-03,21,25.1667,0.0,9.5,68,10.49,20.78,50.2048,65.5955,144.692,0
2018-10-03,22,23.3333,0.0,9.0,68,12.66,24.365,46.6693,60.9761,157.617,0
2018-10-03,23,21.8333,0.0,8.5,68,11.0,14.92,44.5479,58.2044,170.564,0
2018-10-04,0,20.6667,0.0,8.0,69,9.91,13.68,42.4266,55.4328,184.743,0
2018-10-04,1,20.0,0.0,7.66667,69,6.31,12.53,41.0124,53.585,193.44,0
2018-10-04,2,19.5,0.0,7.16667,68,8.51333,11.7067,40.3053,52.6612,195.789,0
2018-10-04,3,19.1667,0.0,6.83333,66,8.44,14.755,40.3053,52.6612,195.789,0
2018-10-04,4,18.8333,0.0,6.5,65,9.39667,14.9533,26.8702,54.1074,195.789,0
2018-10-04,5,18.6667,0.0,6.16667,65,10.9067,13.8233,13.4351,54.5537,202.926,0
2018-10-04,6,18.6667,0.0,6.0,68,14.185,11.9167,0.0,55.0,210.189,0
2018-10-04,7,18.6667,0.0,5.83333,72,18.5533,11.505,0.0,55.0,205.8,0
2018-10-04,8,18.8333,0.0,6.0,74,18.25,13.09,0.0,56.0,198.4,0
2018-10-04,9,19.0,0.0,6.33333,70,17.9667,14.88,0.0,58.0,188.779,0
2018-10-04,10,19.3333,0.0,6.83333,72,11.9733,10.86,14.1422,57.4776,181.895,0
2018-10-04,11,19.8333,0.0,7.66667,64,11.9567,9.59667,28.2844,56.9552,180.0,0
2018-10-04,12,20.3333,0.0,8.5,56,9.525,9.03333,43.1337,56.3567,173.46,0
2018-10-04,13,20.8333,0.0,9.5,50,9.29667,7.72333,44.5479,58.2044,160.74,0
2018-10-04,14,21.1667,0.0,10.5,48,10.6467,7.37333,45.9622,60.0522,153.6,0
2018-10-04,15,21.3333,0.0,11.3333,46,8.085,6.69333,46.6693,60.9761,152.727,0
2018-10-04,16,21.1667,0.0,11.8333,46,28.39,7.06,45.9622,60.0522,158.564,0
2018-10-04,17,20.3333,0.0,12.0,52,32.0967,9.47667,43.8408,57.2806,176.727,0
2018-10-04,18,18.8333,0.0,11.8333,59,46.7233,7.355,39.5982,51.7373,211.714,0
2018-10-04,19,17.0,0.0,11.3333,66,47.255,14.6933,48.7906,63.7477,193.143,0
2018-10-04,20,14.8333,0.0,10.3333,76,49.8,19.91,33.9413,55.3462,253.895,0
2018-10-04,21,12.8333,0.0,9.33333,81,47.6033,10.49,33.9413,64.3462,248.021,0
2018-10-04,22,11.1667,0.0,8.5,80,51.305,12.66,17.0621,55.1074,313.2,0
2018-10-04,23,10.1667,0.0,7.66667,79,35.59,11.0,2.30419,48.6403,366.277,0
2018-10-05,0,9.66667,0.0,6.83333,83,35.57,9.91,-4.76691,55.7114,321.6,0
2018-10-05,1,9.5,0.0,6.33333,78,31.2833,6.31,-21.0304,50.772,335.345,0
2018-10-05,2,9.66667,0.0,6.33333,76,31.85,8.51333,-28.1015,46.8431,325.867,0
2018-10-05,3,9.83333,0.0,6.33333,76,31.1467,8.44,-35.1726,44.9142,312.8,0
2018-10-05,4,10.0,0.0,6.33333,77,32.98,9.39667,-38.7996,43.6704,300.0,0
2018-10-05,5,10.1667,0.0,6.5,80,31.12,10.9067,-42.4266,42.4266,300.0,0
2018-10-05,6,10.3333,0.0,6.83333,81,33.21,14.185,-36.0626,36.0626,346.92,0
2018-10-05,7,10.5,0.0,7.0,85,35.3767,18.5533,-36.7697,36.7697,334.08,0
2018-10-05,8,10.6667,0.0,7.0,83,39.325,18.25,-37.4768,37.4768,321.48,0
2018-10-05,9,11.0,0.0,7.33333,72,37.8033,17.9667,-38.1839,38.1839,309.12,0
2018-10-05,10,11.5,0.0,8.16667,66,39.14,11.9733,-39.5982,39.5982,294.0,0
2018-10-05,11,12.1667,0.0,9.33333,56,32.5167,11.9567,-41.0124,41.0124,271.745,0
2018-10-05,12,12.8333,0.0,10.6667,50,31.16,9.525,-36.0626,36.0626,281.455,0
2018-10-05,13,13.5,0.0,12.1667,46,20.4,9.29667,-38.891,38.891,245.1,0
2018-10-05,14,14.0,0.0,13.8333,45,17.715,10.6467,-41.0124,41.0124,223.385,0
2018-10-05,15,14.1667,0.0,15.1667,45,35.8233,8.085,-41.7195,41.7195,228.48,0
2018-10-05,16,13.8333,0.0,15.8333,47,42.4067,28.39,-43.1233,36.0877,245.92,0
2018-10-05,17,13.0,0.0,16.0,48,28.4767,32.0967,-42.6793,29.6905,282.72,0
2018-10-05,18,12.1667,0.0,15.6667,56,24.02,46.7233,-51.9181,33.5173,257.92,0
2018-10-05,19,11.3333,0.0,15.0,62,35.02,47.255,-31.3115,22.9107,297.6,0
2018-10-05,20,10.6667,0.0,13.8333,72,40.39,49.8,-11.4119,13.0111,332.215,0
2018-10-05,21,10.1667,0.0,12.5,77,34.0067,47.6033,10.5985,8.03628,353.455,0
2018-10-05,22,10.1667,0.0,11.3333,76,43.99,51.305,20.5985,8.03628,300.0,0
2018-10-05,23,10.3333,0.0,10.1667,79,38.49,35.59,51.0,0.0,346.92,0
2018-10-06,0,10.5,0.0,9.33333,82,43.365,35.57,52.0,0.0,334.08,1
2018-10-06,1,10.6667,0.0,8.66667,82,40.2333,31.2833,53.0,0.0,321.48,1
2018-10-06,2,10.8333,0.0,8.33333,83,42.9033,31.85,54.0,0.0,309.12,1
2018-10-06,3,10.8333,0.0,8.0,83,45.26,31.1467,55.0,0.0,305.455,1
2018-10-06,4,10.6667,0.0,7.5,87,39.2167,32.98,54.0,0.0,317.127,1
2018-10-06,5,10.5,0.0,7.33333,86,41.2,31.12,53.0,0.0,329.018,1
2018-10-06,6,10.3333,0.0,7.16667,91,42.925,33.21,52.0,0.0,341.127,1
2018-10-06,7,10.1667,0.0,7.0,97,37.8967,35.3767,51.0,0.0,353.455,1
2018-10-06,8,10.0,0.0,7.0,93,44.185,39.325,61.0,0.0,300.0,1
2018-10-06,9,10.1667,0.0,7.5,79,32.4033,37.8033,60.0,0.0,300.0,1
2018-10-06,10,10.6667,0.0,8.66667,63,34.385,39.14,51.0,0.0,346.92,1
2018-10-06,11,11.5,0.0,10.0,52,28.44,32.5167,54.0,0.0,309.12,1
2018-10-06,12,12.6667,0.0,11.6667,45,28.4,31.16,59.0,0.0,250.92,1
2018-10-06,13,14.1667,0.0,13.5,42,30.6567,20.4,23.294,6.50556,228.0,1
2018-10-06,14,16.0,0.0,15.3333,42,40.2833,17.715,-18.2597,13.7765,225.28,1
2018-10-06,15,17.3333,0.0,17.0,43,47.45,35.8233,-52.6612,21.8128,186.353,1
2018-10-06,16,17.8333,0.0,18.0,45,44.34,42.4067,-54.5089,22.5781,181.895,1
2018-10-06,17,17.6667,0.0,18.5,52,59.07,28.4767,-51.7373,21.4301,211.714,1
2018-10-06,18,17.0,0.0,18.5,65,45.025,24.02,-37.7373,21.4301,186.514,1
2018-10-06,19,15.8333,0.0,18.1667,70,57.5267,35.02,-30.3462,18.3686,230.4,1
2018-10-06,20,14.3333,0.0,17.5,75,63.475,40.39,-23.8791,15.6899,269.925,1
2018-10-06,21,13.0,0.0,16.5,74,41.465,34.0067,-20.1836,14.1592,297.0,1
2018-10-06,22,12.3333,0.0,15.5,74,58.39,43.99,-30.3462,18.3686,258.514,1
2018-10-06,23,12.0,0.0,14.5,73,47.7433,38.49,-52.8316,26.854,269.077,1
2018-10-07,0,11.8333,0.0,13.6667,73,51.18,43.365,-49.3064,30.3644,270.3,1
2018-10-07,1,11.8333,0.0,13.0,74,44.61,40.2333,-46.7052,34.2576,270.3,1
2018-10-07,2,11.8333,0.0,12.5,74,49.11,42.9033,-46.7052,34.2576,260.945,1
2018-10-07,3,12.0,0.0,12.1667,74,44.0367,45.26,-47.6291,34.6403,260.0,1
2018-10-07,4,11.8333,0.0,12.0,74,45.9067,39.2167,-50.2303,30.7471,260.0,1
2018-10-07,5,11.8333,0.0,12.0,74,47.39,41.2,-51.9077,26.4713,270.3,1
2018-10-07,6,11.8333,0.51,12.0,76,46.8067,42.925,-54.5089,22.5781,270.3,1
2018-10-07,7,11.8333,1.02,12.0,80,45.9233,37.8967,-54.5089,22.5781,270.3,1
2018-10-07,8,11.8333,1.02,12.1667,80,44.4233,44.185,-54.5089,22.5781,270.3,1
2018-10-07,9,12.0,1.02,12.5,76,42.81,32.4033,-54.5089,22.5781,260.945,1
2018-10-07,10,12.6667,1.02,13.0,68,41.8233,34.385,-56.3567,23.3435,249.9,1
2018-10-07,11,13.3333,1.02,13.8333,62,41.08,28.44,-44.7902,24.7658,276.0,1
2018-10-07,12,14.1667,0.51,14.8333,57,38.84,28.4,-45.0174,31.4874,235.2,1
2018-10-07,13,14.8333,0.0,16.1667,54,39.8867,30.6567,-45.9517,38.9161,196.8,1
2018-10-07,14,15.5,0.0,17.5,53,36.77,40.2833,-40.0642,48.7234,187.68,1
2018-10-07,15,15.8333,0.0,18.6667,53,32.0367,47.45,-35.5804,52.8988,187.425,1
2018-10-07,16,15.5,0.0,19.6667,53,27.4367,44.34,-30.0068,55.4432,202.024,1
2018-10-07,17,14.8333,0.0,20.0,59,25.76,59.07,-17.986,56.4224,226.8,1
2018-10-07,18,14.0,0.0,20.0,73,28.66,45.025,-11.8631,53.6403,261.0,1
2018-10-07,19,13.6667,0.0,19.5,72,20.6767,57.5267,2.74512,49.9448,292.32,1
2018-10-07,20,13.5,0.0,18.5,74,19.925,63.475,18.3849,45.9861,291.877,1
2018-10-07,21,13.5,0.0,17.1667,73,9.60667,41.465,28.9915,43.5928,265.5,1
2018-10-07,22,13.8333,0.0,15.6667,72,3.99,58.39,42.8497,37.333,235.2,1
2018-10-07,23,14.3333,0.0,14.1667,73,6.30667,47.7433,48.2226,31.9866,221.571,1
2018-10-08,0,14.6667,0.0,12.8333,76,5.54,51.18,53.323,22.087,220.0,0
2018-10-08,1,14.3333,0.0,11.5,79,6.64667,44.61,55.6507,16.8379,228.48,0
2018-10-08,2,13.6667,0.0,10.3333,81,7.99333,49.11,52.8791,15.6899,254.88,0
2018-10-08,3,13.0,0.0,9.33333,87,8.14333,44.0367,49.1836,14.1592,292.32,0
2018-10-08,4,12.1667,0.0,8.5,89,12.22,45.9067,59.3462,18.3686,257.92,0
2018-10-08,5,11.1667,0.0,8.0,90,15.9933,47.39,53.585,22.1954,297.6,0
2018-10-08,6,10.3333,0.0,7.33333,94,12.495,46.8067,48.9656,20.282,336.3,0
2018-10-08,7,9.83333,0.0,6.66667,100,18.5733,45.9233,57.2806,23.7262,300.0,0
2018-10-08,8,9.5,0.0,6.5,92,24.9567,44.4233,55.194,19.134,323.345,0
2018-10-08,9,9.33333,0.0,6.66667,80,23.8,42.81,54.0313,14.9245,347.564,0
2018-10-08,10,8.83333,0.0,7.0,69,15.0733,41.8233,53.8686,10.715,349.92,0
2018-10-08,11,8.66667,0.0,7.5,62,13.64,41.08,51.097,4.20948,380.8,0
2018-10-08,12,8.5,0.0,8.33333,56,17.075,38.84,50.1731,-2.29608,395.2,0
2018-10-08,13,8.33333,0.0,9.5,52,10.22,39.8867,47.5151,-11.3971,409.867,0
2018-10-08,14,8.16667,0.0,10.3333,49,6.325,36.77,54.9061,-14.4585,360.0,0
2018-10-08,15,7.66667,0.0,11.0,47,35.8167,32.0367,53.2972,-17.52,374.0,0
2018-10-08,16,7.66667,0.0,11.5,46,32.5333,27.4367,49.2469,-22.4697,414.72,0
2018-10-08,17,7.5,0.0,11.5,57,36.4133,25.76,44.1967,-27.4195,425.829,0
2018-10-08,18,7.33333,0.0,11.3333,59,27.29,28.66,40.4083,-31.2079,437.25,0
2018-10-08,19,7.16667,0.0,10.8333,64,54.21,20.6767,33.0173,-35.1465,453.6,0
2018-10-08,20,7.0,0.0,10.1667,73,54.495,19.925,27.3604,-36.4896,470.25,0
2018-10-08,21,7.0,0.0,9.16667,80,71.4,9.60667,24.6816,-42.9567,420.0,0
2018-10-08,22,7.0,0.0,8.16667,82,68.4,3.99,14.6118,-46.3625,436.05,0
2018-10-08,23,7.16667,0.0,7.5,80,57.7767,6.30667,2.27101,-48.2508,437.143,0
2018-10-09,0,7.16667,0.0,6.83333,82,65.985,5.54,-8.33564,-48.9579,420.0,0
2018-10-09,1,7.16667,0.0,6.16667,86,51.0033,6.64667,-18.2352,-48.9579,420.0,0
2018-10-09,2,7.16667,0.0,5.66667,88,54.4633,7.99333,-27.3811,-45.1695,420.0,0
2018-10-09,3,7.16667,0.0,5.5,92,55.37,8.14333,-33.8483,-40.8483,420.0,0
2018-10-09,4,7.16667,0.0,5.16667,93,48.5433,12.22,-40.3154,-36.527,420.0,0
2018-10-09,5,7.0,0.0,4.66667,100,45.2833,15.9933,-44.1038,-32.7386,420.0,0
2018-10-09,6,7.0,0.0,4.5,100,43.68,12.495,-47.8922,-28.9502,420.0,0
2018-10-09,7,7.0,0.0,4.5,100,52.56,18.5733,-49.4096,-26.6792,436.05,0
2018-10-09,8,7.16667,0.0,4.66667,100,53.6733,24.9567,-50.2199,-23.7011,437.143,0
2018-10-09,9,7.33333,0.0,5.16667,93,56.405,23.8,-52.6612,-21.8128,420.0,0
2018-10-09,10,7.66667,0.0,6.16667,82,41.66,15.0733,-47.1179,-19.5167,460.8,0
2018-10-09,11,8.0,0.0,7.66667,68,36.15,13.64,-31.6507,-16.8379,425.829,0
2018-10-09,12,8.5,0.0,9.0,58,34.1667,17.075,-16.1836,-14.1592,392.229,0
2018-10-09,13,9.0,0.0,10.6667,51,34.9967,10.22,6.75076,-8.80164,393.6,0
2018-10-09,14,9.16667,0.0,12.1667,50,33.235,6.325,23.2179,-6.12288,356.4,0
2018-10-09,15,9.16667,0.0,13.5,49,49.9467,35.8167,22.294,0.38268,341.85,0
2018-10-09,16,8.83333,0.0,14.3333,53,51.51,32.5333,22.294,6.50556,352.8,0
2018-10-09,17,8.33333,0.0,14.6667,64,55.44,36.4133,6.82688,9.18432,380.8,0
2018-10-09,18,7.83333,0.0,14.6667,72,42.575,27.29,1.2836,11.4804,360.0,0
2018-10-09,19,7.33333,0.0,14.1667,77,59.97,54.21,-0.716399,11.4804,400.68,0
2018-10-09,20,7.0,0.0,13.3333,85,61.06,54.495,-17.1836,8.80164,443.52,0
2018-10-09,21,6.83333,0.0,12.0,94,75.7867,71.4,-33.6507,6.12288,479.467,0
2018-10-09,22,6.83333,0.0,10.8333,95,82.895,68.4,-40.1179,3.44412,435.2,0
2018-10-09,23,7.0,0.0,9.83333,91,74.4,57.7767,-38.2701,-2.67876,452.4,0
2018-10-10,0,7.0,0.0,9.0,90,82.205,65.985,-23.8791,-5.7402,454.629,0
2018-10-10,1,6.83333,0.0,8.33333,91,63.7833,51.0033,-10.4119,-8.41896,438.6,0
2018-10-10,2,6.66667,0.0,7.83333,93,64.93,54.4633,1.13136,-10.715,454.629,0
2018-10-10,3,6.5,0.0,7.83333,86,59.7333,55.37,0.131361,-10.715,472.457,0
2018-10-10,4,6.33333,0.0,7.66667,85,61.2633,48.5433,1.05524,-5.7402,490.629,0
2018-10-10,5,6.16667,0.0,7.33333,100,57.8467,45.2833,1.97912,-0.76536,509.143,0
2018-10-10,6,6.0,0.0,7.16667,100,56.54,43.68,14.4463,1.9134,528.0,0
2018-10-10,7,6.0,0.0,7.0,100,57.58,52.56,20.4463,1.9134,480.0,0
2018-10-10,8,6.0,0.0,7.16667,100,57.6567,53.6733,21.3702,2.29608,498.343,0
2018-10-10,9,6.16667,0.0,7.5,99,52.98,56.405,8.82688,0.0,517.029,0
2018-10-10,10,6.33333,0.0,8.33333,81,51.7267,41.66,-4.64028,-2.67876,499.8,0
2018-10-10,11,6.66667,0.0,9.83333,69,48.8133,36.15,-17.1074,-5.35752,480.0,0
2018-10-10,12,7.0,0.0,11.5,60,48.2767,34.1667,-24.9552,-10.715,496.8,0
2018-10-10,13,7.5,0.0,13.3333,55,45.47,34.9967,-25.0688,-18.668,457.6,0
2018-10-10,14,8.0,0.0,15.1667,55,43.4267,33.235,-43.4328,-25.032,451.0,0
2018-10-10,15,8.33333,0.0,16.6667,55,52.0667,49.9467,-44.2535,-29.0999,395.2,0
2018-10-10,16,8.66667,0.0,17.6667,58,55.4533,51.51,-42.1543,-35.1187,360.0,0
2018-10-10,17,8.83333,0.0,18.0,66,53.83,55.44,-32.6641,-38.0761,386.4,0
2018-10-10,18,9.16667,0.0,17.8333,86,49.625,42.575,-28.7172,-43.3296,371.25,0
2018-10-10,19,9.33333,0.0,17.1667,91,65.16,59.97,-26.8871,-46.9115,352.8,0
2018-10-10,20,9.5,0.0,16.0,100,82.28,61.06,-24.3499,-49.7864,339.2,0
2018-10-10,21,9.66667,0.0,14.6667,98,72.8,75.7867,-21.8128,-52.6612,325.867,0
2018-10-10,22,9.83333,0.0,13.3333,93,69.39,82.895,-22.1954,-53.585,312.8,0
2018-10-10,23,9.83333,0.0,12.0,93,63.4633,74.4,-22.5781,-54.5089,300.0,0
2018-10-11,0,9.66667,0.0,10.6667,96,65.58,82.205,-22.5781,-54.5089,312.12,0
2018-10-11,1,9.5,0.0,9.66667,95,64.93,63.7833,-22.1954,-53.585,324.48,0
2018-10-11,2,9.33333,0.0,9.0,95,62.775,64.93,-21.8128,-52.6612,337.08,0
2018-10-11,3,9.16667,0.0,8.33333,95,64.2733,59.7333,-21.4301,-51.7373,349.92,0
2018-10-11,4,9.0,0.0,8.0,91,66.2533,61.2633,-21.0474,-50.8134,363.0,0
2018-10-11,5,9.16667,0.0,7.83333,90,68.2367,57.8467,-20.6647,-49.8895,366.667,0
2018-10-11,6,9.33333,0.0,7.83333,98,66.5,56.54,-21.0474,-50.8134,352.8,0
2018-10-11,7,9.66667,0.0,7.83333,100,67.9667,57.58,-21.4301,-51.7373,339.2,0
2018-10-11,8,10.0,0.0,8.0,100,69.6133,57.6567,-22.1954,-53.585,312.8,0
2018-10-11,9,10.6667,0.0,8.66667,95,67.2967,52.98,-19.5167,-47.1179,340.267,0
2018-10-11,10,11.3333,0.0,9.5,83,60.41,51.7267,-21.0474,-50.8134,297.0,0
2018-10-11,11,12.1667,0.0,10.6667,69,57.0133,48.8133,-22.1954,-53.585,262.08,0
2018-10-11,12,13.3333,0.0,12.1667,60,51.2767,48.2767,-19.8994,-48.0418,270.327,0
2018-10-11,13,14.3333,0.0,13.8333,54,49.19,45.47,-22.1954,-53.585,223.385,0
2018-10-11,14,15.5,0.0,15.5,52,47.05,43.4267,-23.7262,-57.2806,188.308,0
2018-10-11,15,16.1667,0.0,17.0,53,51.3,52.0667,-19.8994,-48.0418,224.824,0
2018-10-11,16,16.6667,0.0,18.0,54,44.34,55.4533,-19.8994,-48.0418,224.824,0
2018-10-11,17,16.5,0.0,18.5,59,44.6533,53.83,-19.5167,-47.1179,236.733,0
2018-10-11,18,16.0,0.0,18.3333,66,45.185,49.625,-24.8742,-60.0522,201.4,0
2018-10-11,19,15.5,0.0,17.8333,72,51.9133,65.16,-23.3435,-56.3567,225.318,0
2018-10-11,20,14.6667,0.0,17.0,77,54.39,82.28,-22.1954,-53.585,243.6,0
2018-10-11,21,14.0,0.0,16.0,77,50.0,72.8,-25.265,-47.9954,257.914,0
2018-10-11,22,13.5,0.0,15.0,82,49.62,69.39,-29.0999,-44.2535,267.429,0
2018-10-11,23,13.5,0.0,14.0,83,48.1367,63.4633,-32.9348,-40.5116,277.114,0
2018-10-12,0,13.3333,0.0,13.3333,85,49.94,65.58,-37.4768,-37.4768,271.385,0
2018-10-12,1,13.1667,0.0,12.6667,87,48.5467,64.93,-37.4768,-37.4768,271.385,0
2018-10-12,2,13.1667,0.0,12.1667,88,51.215,62.775,-37.4768,-37.4768,271.385,0
2018-10-12,3,13.0,0.0,11.6667,87,48.1767,64.2733,-37.4768,-37.4768,277.114,0
2018-10-12,4,12.6667,0.0,11.1667,89,50.6067,66.2533,-36.0626,-36.0626,291.877,0
2018-10-12,5,12.0,0.0,10.8333,91,45.905,68.2367,-43.8408,-43.8408,249.508,0
2018-10-12,6,11.5,0.0,10.3333,93,50.61,66.5,-41.7195,-41.7195,279.138,0
2018-10-12,7,11.0,0.0,9.83333,97,60.1,67.9667,-39.5982,-39.5982,310.431,0
2018-10-12,8,10.3333,0.0,9.5,100,56.4233,69.6133,-37.4768,-37.4768,336.3,0
2018-10-12,9,9.83333,0.0,9.5,92,43.8167,67.2967,-43.8408,-43.8408,300.0,0
2018-10-12,10,9.66667,0.0,10.1667,75,47.845,60.41,-43.6704,-38.7996,323.345,0
2018-10-12,11,9.66667,0.0,11.1667,62,40.8533,57.0133,-45.131,-34.8482,324.48,0
2018-10-12,12,9.83333,0.0,12.6667,53,41.55,51.2767,-47.2987,-31.6039,324.48,0
2018-10-12,13,10.0,0.0,14.6667,49,42.0267,49.19,-50.3903,-28.7423,312.12,0
2018-10-12,14,10.1667,0.0,16.6667,49,46.4967,47.05,-47.1179,-19.5167,340.267,0
2018-10-12,15,10.3333,0.0,18.3333,49,51.5167,51.3,-48.0418,-19.8994,334.08,0
2018-10-12,16,10.1667,0.0,19.5,53,53.6133,44.34,-48.0418,-19.8994,334.08,0
2018-10-12,17,10.0,0.0,20.0,60,54.4767,44.6533,-45.167,-22.4366,353.455,0
2018-10-12,18,9.66667,0.0,19.8333,70,52.15,45.185,-51.5309,-28.8005,311.564,0
2018-10-12,19,9.33333,0.0,19.1667,77,75.73,51.9133,-47.7323,-30.955,335.345,0
2018-10-12,20,9.16667,0.0,17.8333,87,86.065,54.39,-43.9336,-33.1096,349.92,0
2018-10-12,21,9.0,0.0,16.5,90,76.0267,50.0,-41.0588,-35.6467,363.0,0
2018-10-12,22,8.83333,0.0,15.0,88,62.695,49.62,-40.1349,-35.2641,366.667,0
2018-10-12,23,8.66667,0.0,13.6667,90,64.0433,48.1367,-41.1619,-31.9615,380.8,0
2018-10-13,0,8.5,0.0,12.5,95,60.725,49.94,-42.189,-28.659,395.2,1
2018-10-13,1,8.16667,0.0,11.5,97,59.3367,48.5467,-43.216,-25.3564,409.867,1
2018-10-13,2,7.83333,0.0,11.0,95,63.22,51.215,-49.6832,-28.0352,374.0,1
2018-10-13,3,7.5,0.0,10.5,93,55.92,48.1767,-49.7864,-24.3499,402.8,1
2018-10-13,4,7.33333,0.0,10.0,95,59.3,50.6067,-49.8895,-20.6647,432.667,1
2018-10-13,5,7.16667,0.0,9.66667,95,52.38,45.905,-48.0418,-19.8994,453.6,1
2018-10-13,6,7.0,0.0,9.33333,98,58.43,50.61,-47.1179,-19.5167,470.25,1
2018-10-13,7,7.0,0.0,9.16667,100,56.5,60.1,-52.0676,-24.4664,420.0,1
2018-10-13,8,7.0,0.0,9.16667,100,55.04,56.4233,-49.6264,-26.3548,436.05,1
2018-10-13,9,7.16667,0.0,9.5,96,49.5267,43.8167,-47.1851,-28.2431,437.143,1
2018-10-13,10,7.5,0.0,10.3333,78,44.67,47.845,-46.3748,-31.2212,420.0,1
2018-10-13,11,8.0,0.0,11.6667,65,42.3767,40.8533,-41.7554,-29.3078,443.143,1
2018-10-13,12,8.5,0.0,13.5,56,40.0633,41.55,-44.5271,-30.4559,392.229,1
2018-10-13,13,9.0,0.0,15.3333,51,40.0933,42.0267,-42.3489,-26.6541,393.6,1
2018-10-13,14,9.5,0.0,17.1667,51,44.1167,46.4967,-44.4703,-28.7755,345.257,1
2018-10-13,15,9.83333,0.0,18.6667,50,48.6467,51.5167,-46.5916,-30.8968,313.65,1
2018-10-13,16,10.1667,0.0,19.6667,54,50.5467,53.6133,-48.0058,-32.311,300.0,1
2018-10-13,17,10.3333,0.0,19.8333,60,46.75,54.4767,-34.6616,-35.2028,346.92,1
2018-10-13,18,10.5,0.0,19.6667,78,49.235,52.15,-29.6323,-41.5387,334.08,1
2018-10-13,19,10.6667,0.0,19.0,82,60.54,75.73,-26.7706,-44.6302,321.48,1
2018-10-13,20,10.8333,0.0,17.8333,87,55.825,86.065,-23.909,-47.7218,309.12,1
2018-10-13,21,10.8333,0.0,16.5,85,57.7267,76.0267,-24.6161,-48.4289,305.455,1
2018-10-13,22,10.6667,0.0,15.1667,87,58.16,62.695,-27.4777,-45.3373,317.127,1
2018-10-13,23,10.3333,0.0,14.0,88,59.23,64.0433,-30.3394,-42.2458,329.018,1
2018-10-14,0,10.0,0.0,12.6667,89,61.83,60.725,-32.4939,-38.4471,353.455,1
2018-10-14,1,9.66667,0.0,11.6667,91,60.5,59.3367,-38.8579,-44.8111,311.564,1
2018-10-14,2,9.33333,0.0,10.8333,93,61.5567,63.22,-41.0124,-41.0124,335.345,1
2018-10-14,3,9.16667,0.0,10.1667,93,63.32,55.92,-39.5982,-39.5982,349.92,1
2018-10-14,4,9.16667,0.0,9.66667,94,61.745,59.3,-38.891,-38.891,363.0,1
2018-10-14,5,9.33333,0.0,9.16667,94,60.8833,52.38,-38.891,-38.891,352.8,1
2018-10-14,6,9.33333,0.0,8.83333,94,61.72,58.43,-39.5982,-39.5982,339.2,1
2018-10-14,7,9.33333,0.0,8.33333,100,62.59,56.5,-39.5982,-39.5982,339.2,1
2018-10-14,8,9.33333,0.0,8.33333,100,61.1233,55.04,-39.5982,-39.5982,339.2,1
2018-10-14,9,9.5,0.0,8.66667,100,56.525,49.5267,-39.5982,-39.5982,339.2,1
2018-10-14,10,9.66667,0.0,9.33333,84,46.7633,44.67,-40.3053,-40.3053,337.08,1
2018-10-14,11,10.0,0.0,10.6667,70,44.7233,42.3767,-41.0124,-41.0124,324.48,1
2018-10-14,12,10.6667,0.0,12.3333,60,43.8433,40.0633,-36.0626,-36.0626,340.267,1
2018-10-14,13,11.5,0.0,14.3333,54,41.3833,40.0933,-38.891,-38.891,288.0,1
2018-10-14,14,12.3333,0.0,16.1667,52,41.9033,44.1167,-42.4266,-42.4266,240.0,1
2018-10-14,15,13.0,0.0,17.8333,49,42.57,48.6467,-37.4768,-37.4768,265.5,1
2018-10-14,16,13.3333,0.0,19.0,50,33.26,50.5467,-38.891,-38.891,251.631,1
2018-10-14,17,13.3333,0.0,19.3333,58,38.6567,46.75,-38.891,-38.891,257.914,1
2018-10-14,18,13.1667,0.0,19.1667,65,34.76,49.235,-37.4768,-37.4768,277.114,1
2018-10-14,19,12.8333,0.0,18.5,73,39.6167,60.54,-36.0626,-36.0626,297.0,1
2018-10-14,20,12.5,0.0,17.5,78,37.85,55.825,-44.5479,-44.5479,249.171,1
2018-10-14,21,12.1667,0.0,16.3333,80,39.1633,57.7267,-43.1337,-43.1337,259.2,1
2018-10-14,22,11.8333,0.0,15.0,85,41.93,58.16,-42.4266,-42.4266,260.0,1
2018-10-14,23,11.6667,0.0,14.0,86,38.6033,59.23,-41.7195,-41.7195,270.3,1
2018-10-15,0,11.5,0.0,13.0,87,42.33,61.83,-41.0124,-41.0124,280.8,0
2018-10-15,1,11.1667,0.0,12.1667,88,45.56,60.5,-40.3053,-40.3053,291.5,0
2018-10-15,2,10.6667,0.0,11.3333,88,43.02,61.5567,-38.891,-38.891,313.5,0
2018-10-15,3,10.1667,0.0,10.5,86,41.69,63.32,-36.7697,-36.7697,341.127,0
2018-10-15,4,9.83333,0.0,10.0,85,43.515,61.745,-43.1337,-43.1337,300.0,0
2018-10-15,5,9.33333,0.0,9.33333,85,44.04,60.8833,-43.6704,-38.7996,323.345,0
2018-10-15,6,8.83333,0.0,8.5,90,43.3367,61.72,-43.2832,-34.0828,360.0,0
2018-10-15,7,8.66667,0.0,8.0,92,43.3433,62.59,-42.8961,-29.3661,389.88,0
2018-10-15,8,8.66667,0.0,7.83333,94,47.55,61.1233,-44.1399,-25.7391,395.2,0
2018-10-15,9,8.66667,0.0,8.0,83,42.4,56.525,-46.0908,-22.8192,395.2,0
2018-10-15,10,8.5,0.0,8.66667,69,37.4233,46.7633,-48.0418,-19.8994,395.2,0
2018-10-15,11,8.66667,0.0,10.0,58,34.9733,44.7233,-47.1179,-19.5167,401.85,0
2018-10-15,12,9.0,0.0,12.0,50,35.2667,43.8433,-48.0418,-19.8994,386.4,0
2018-10-15,13,9.16667,0.0,14.0,46,34.65,41.3833,-49.8895,-20.6647,366.667,0
2018-10-15,14,9.33333,0.0,16.1667,46,39.6033,41.9033,-50.8134,-21.0474,352.8,0
2018-10-15,15,9.5,0.0,17.8333,47,43.9233,42.57,-49.5696,-24.6744,339.2,0
2018-10-15,16,10.0,0.0,18.8333,50,32.87,33.26,-48.3258,-28.3014,313.65,0
2018-10-15,17,10.1667,0.0,19.0,60,49.18,38.6567,-40.398,-29.574,346.92,0
2018-10-15,18,10.1667,0.0,18.6667,66,38.52,34.76,-38.2303,-32.8183,346.92,0
2018-10-15,19,10.3333,0.0,17.8333,70,47.93,39.6167,-36.0626,-36.0626,346.92,0
2018-10-15,20,10.5,0.0,16.5,72,42.825,37.85,-36.7697,-36.7697,334.08,0
2018-10-15,21,10.6667,0.0,15.1667,68,46.67,39.1633,-37.4768,-37.4768,329.018,0
2018-10-15,22,10.6667,0.0,13.8333,68,54.31,41.93,-39.8613,-33.9081,321.48,0
2018-10-15,23,10.8333,0.0,12.6667,69,46.6467,38.6033,-42.9529,-31.0465,309.12,0
2018-10-16,0,10.8333,0.0,11.6667,69,46.365,42.33,-46.0445,-28.1849,305.455,0
2018-10-16,1,10.5,0.0,10.8333,74,46.6733,45.56,-47.5051,-24.2334,317.127,0
2018-10-16,2,9.83333,0.0,10.0,79,51.4533,43.02,-48.0418,-19.8994,341.127,0
2018-10-16,3,9.16667,0.0,9.16667,82,47.24,41.69,-54.5089,-22.5781,323.345,0
2018-10-16,4,8.5,0.0,8.5,85,50.5833,43.515,-50.8134,-21.0474,372.655,0
2018-10-16,5,7.66667,0.0,7.83333,86,52.4533,44.04,-47.1179,-19.5167,425.455,0
2018-10-16,6,7.0,0.0,7.0,89,49.1967,43.3367,-52.6612,-21.8128,412.364,0
2018-10-16,7,6.5,0.0,6.5,92,50.14,43.3433,-48.0418,-19.8994,473.28,0
2018-10-16,8,6.33333,0.0,6.33333,94,47.0567,47.55,-53.585,-22.1954,449.28,0
2018-10-16,9,6.16667,0.0,6.83333,82,47.45,42.4,-49.8895,-20.6647,498.667,0
2018-10-16,10,6.16667,0.0,7.66667,71,52.225,37.4233,-47.1179,-19.5167,528.0,0
2018-10-16,11,6.5,0.0,9.0,60,38.7067,34.9733,-45.6005,-21.7877,528.0,0
2018-10-16,12,6.83333,0.0,11.0,49,39.93,35.2667,-42.1948,-26.5,509.143,0
2018-10-16,13,7.16667,0.0,13.0,42,39.94,34.65,-38.7891,-31.2122,477.0,0
2018-10-16,14,7.5,0.0,15.1667,40,45.1667,39.6033,-33.2458,-36.9162,438.6,0
2018-10-16,15,7.83333,0.0,16.6667,42,50.5967,43.9233,-19.0978,-39.715,451.0,0
2018-10-16,16,8.0,0.0,17.8333,48,52.56,32.87,-13.5545,-45.419,413.4,0
2018-10-16,17,7.83333,0.0,18.3333,59,52.0067,49.18,-11.0726,-50.5139,392.229,0
2018-10-16,18,7.83333,0.0,18.1667,67,44.25,38.52,-8.80164,-52.0313,405.45,0
2018-10-16,19,8.0,0.0,17.5,73,66.9367,47.93,-11.3971,-50.2972,405.45,0
2018-10-16,20,8.0,0.0,16.1667,80,74.635,42.825,-14.6996,-49.2701,390.0,0
2018-10-16,21,8.0,0.0,14.6667,81,69.2233,46.67,-22.0907,-44.3316,390.0,0
2018-10-16,22,7.66667,0.0,13.1667,78,74.395,54.31,-32.5431,-40.0019,390.0,0
2018-10-16,23,7.5,0.0,12.0,75,66.7667,46.6467,-38.0864,-34.298,421.2,0
2018-10-17,0,7.16667,0.0,10.8333,77,73.705,46.365,-40.5683,-29.2031,443.143,0
2018-10-17,1,6.66667,0.0,9.83333,79,58.27,46.6733,-31.8895,-22.7359,470.25,0
2018-10-17,2,6.33333,0.0,9.16667,82,61.05,51.4533,-25.8895,-22.7359,436.05,0
2018-10-17,3,6.0,0.0,9.0,77,58.2733,47.24,-14.2326,-17.079,482.4,0
2018-10-17,4,6.0,0.0,8.66667,79,63.41,50.5833,-1.86864,-10.715,520.8,0
2018-10-17,5,6.0,0.0,8.33333,82,63.4167,52.4533,-7.41192,-13.0111,480.0,0
2018-10-17,6,6.0,0.0,8.0,86,63.495,49.1967,-4.26354,-14.1923,514.8,0
2018-10-17,7,6.0,0.0,8.0,92,67.2,50.14,-1.11516,-15.3736,520.0,0
2018-10-17,8,6.0,0.0,8.16667,95,67.87,47.0567,0.18546,-17.3201,520.0,0
2018-10-17,9,6.16667,0.0,8.5,85,58.59,47.45,1.48608,-19.2667,520.0,0
2018-10-17,10,6.33333,0.0,9.5,73,52.855,52.225,-9.46369,-24.2165,499.8,0
2018-10-17,11,6.66667,0.0,10.8333,60,48.42,38.7067,-20.4135,-29.1663,480.0,0
2018-10-17,12,7.0,0.0,12.6667,49,50.595,39.93,-38.0703,-34.8231,496.8,0
2018-10-17,13,7.5,0.0,14.5,44,44.0933,39.94,-35.5885,-39.9181,457.6,0
2018-10-17,14,8.0,0.0,16.3333,44,50.2133,45.1667,-30.5473,-39.7477,451.0,0
2018-10-17,15,8.16667,0.0,17.8333,47,54.4233,50.5967,-29.7488,-43.82,395.2,0
2018-10-17,16,8.33333,0.0,18.6667,55,60.5267,52.56,-28.5675,-46.9683,375.943,0
2018-10-17,17,8.33333,0.0,18.8333,58,63.5833,52.0067,-26.6792,-49.4096,360.0,0
2018-10-17,18,8.33333,0.0,18.5,66,72.08,44.25,-24.7909,-51.8509,360.0,0
2018-10-17,19,8.0,0.0,17.6667,74,70.17,66.9367,-22.1954,-53.585,360.0,0
2018-10-17,20,7.66667,0.0,16.3333,84,93.61,74.635,-21.8128,-52.6612,388.267,0
2018-10-17,21,7.5,0.0,14.6667,90,97.7133,69.2233,-21.0474,-50.8134,417.6,0
2018-10-17,22,7.33333,0.0,13.1667,88,87.515,74.395,-22.553,-47.4482,437.25,0
2018-10-17,23,7.16667,0.0,12.0,82,87.3133,66.7667,-24.4414,-45.007,453.6,0
2018-10-18,0,6.83333,0.0,11.0,79,92.42,73.705,-26.3297,-42.5657,470.25,0
2018-10-18,1,6.66667,0.0,10.5,79,71.59,58.27,-30.5724,-46.8084,436.05,0
2018-10-18,2,6.5,0.0,10.1667,79,66.185,61.05,-33.0542,-41.7134,469.05,0
2018-10-18,3,6.33333,0.0,10.3333,76,64.11,58.2733,-35.536,-36.6185,490.629,0
2018-10-18,4,6.16667,0.0,10.3333,82,65.155,63.41,-38.4006,-32.4474,509.143,0
2018-10-18,5,6.0,0.0,10.1667,88,69.2467,63.4167,-29.7218,-25.9802,528.0,0
2018-10-18,6,5.83333,0.0,9.83333,95,65.5567,63.495,-23.7218,-25.9802,480.0,0
2018-10-18,8,4.66667,0.0,9.33333,97,49.75,67.87,-15.4417,-14.1673,595.2,0
2018-10-18,9,4.16667,0.0,9.5,85,62.2667,58.59,-17.2894,-13.4019,620.229,0
2018-10-18,10,4.16667,0.0,10.1667,78,56.5633,52.855,-17.2894,-10.4019,620.743,0
2018-10-18,11,4.16667,0.0,11.3333,64,35.58,48.42,-14.6357,0.09114,622.2,0
2018-10-18,12,4.5,0.0,13.0,53,51.1667,50.595,-10.3931,10.3338,622.2,0
2018-10-18,13,5.16667,0.0,14.6667,49,49.175,44.0933,0.0999703,19.097,600.0,0
2018-10-18,14,6.16667,0.0,16.5,47,54.0167,50.2133,16.1363,28.639,649.0,0
2018-10-18,15,6.83333,0.0,17.6667,46,52.58,54.4233,15.7932,34.2958,604.2,0
2018-10-18,16,6.83333,0.0,18.5,48,52.92,60.5267,16.2603,36.9746,563.04,0
2018-10-18,17,6.83333,0.0,18.6667,64,73.96,63.5833,23.423,37.3573,480.0,0
2018-10-18,18,6.5,0.0,18.3333,71,55.99,72.08,31.2708,33.5919,477.0,0
2018-10-18,19,6.16667,0.0,17.6667,77,69.9167,70.17,38.1863,26.1353,496.8,0
2018-10-18,20,5.66667,0.0,16.6667,83,76.76,93.61,41.7218,16.5997,528.0,0
2018-10-18,21,5.33333,0.0,15.6667,88,78.4367,97.7133,43.6352,11.9803,498.343,0
2018-10-18,22,5.16667,0.0,14.3333,91,70.49,87.515,40.5988,0.89374,536.057,0
2018-10-18,23,5.16667,0.0,13.1667,93,75.6167,87.3133,35.6491,0.94397,588.0,0
2018-10-19,0,5.33333,0.0,12.1667,93,73.53,92.42,35.6491,6.94397,540.0,0
2018-10-19,1,5.66667,0.0,11.3333,88,69.31,71.59,29.9922,7.28709,559.543,0
2018-10-19,2,6.0,0.0,10.6667,88,68.695,66.185,28.4748,11.0755,540.0,0
2018-10-19,3,6.33333,0.0,10.1667,90,70.48,64.11,21.8813,13.7292,570.24,0
2018-10-19,4,6.66667,0.0,9.83333,93,81.3,65.155,22.2117,20.5924,524.16,0
2018-10-19,5,6.83333,0.0,9.66667,93,79.6,69.2467,23.6259,29.0777,480.0,0
2018-10-19,6,7.0,0.0,9.66667,93,74.8,65.5567,24.7488,43.2662,483.36,0
2018-10-19,8,7.33333,0.0,9.66667,93,71.2967,49.75,37.0897,40.2775,420.0,0
2018-10-19,9,7.66667,0.0,9.83333,93,65.17,62.2667,39.5309,30.8717,460.8,0
2018-10-19,10,8.16667,0.0,10.1667,85,65.3433,56.5633,42.8961,29.3661,425.829,0
2018-10-19,11,8.83333,0.0,10.8333,75,63.1467,35.58,47.1851,28.2431,375.943,0
2018-10-19,12,9.66667,0.0,11.5,68,56.6767,51.1667,48.2856,18.3436,361.029,0
2018-10-19,13,10.3333,0.0,12.3333,64,49.72,49.175,55.3358,13.3938,300.0,0
2018-10-19,14,11.1667,0.0,13.3333,63,51.3967,54.0167,51.6403,11.8631,300.667,0
2018-10-19,15,11.6667,0.0,14.1667,63,52.7467,52.58,55.3358,13.3938,262.08,0
2018-10-19,16,12.0,0.0,15.0,65,51.84,52.92,57.1836,14.1592,250.364,0
2018-10-19,17,12.0,0.0,15.1667,69,53.6,73.96,57.2701,18.7513,249.9,0
2018-10-19,18,11.6667,0.0,15.0,74,52.975,55.99,55.4328,22.9608,260.0,0
2018-10-19,19,11.3333,0.0,14.5,81,67.03,69.9167,53.585,22.1954,289.385,0
2018-10-19,20,10.6667,0.0,13.6667,87,54.095,76.76,50.8134,21.0474,313.5,0
2018-10-19,21,10.1667,0.0,12.8333,89,56.8267,78.4367,48.0418,19.8994,348.0,0
2018-10-19,22,9.66667,0.0,12.0,92,50.9,70.49,56.3567,23.3435,311.1,0
2018-10-19,23,9.33333,0.0,11.3333,95,48.1433,75.6167,53.585,22.1954,335.345,0
2018-10-20,0,9.16667,0.0,10.8333,97,41.235,73.53,52.4224,17.986,349.92,1
2018-10-20,1,8.83333,0.0,10.3333,97,39.6633,69.31,52.1836,14.1592,363.0,1
2018-10-20,2,8.5,0.0,9.83333,98,38.065,68.695,50.9448,10.3324,380.8,1
2018-10-20,3,8.16667,0.0,9.16667,100,42.7433,70.48,49.097,9.567,409.867,1
2018-10-20,4,7.83333,0.0,8.33333,98,44.7633,81.3,55.5642,12.2458,374.0,1
2018-10-20,5,7.5,0.0,7.5,100,45.2133,79.6,53.7164,11.4804,402.8,1
2018-10-20,6,7.16667,0.0,6.83333,98,47.4267,74.8,50.3512,12.986,432.667,1
2018-10-20,8,7.0,0.0,6.33333,100,45.9933,71.2967,51.2508,22.8856,420.0,1
2018-10-20,9,7.16667,0.25,6.5,93,49.41,65.17,47.2006,27.8354,436.05,1
2018-10-20,10,6.66667,0.25,7.0,81,43.7767,65.3433,46.5916,30.8968,420.0,1
2018-10-20,11,6.16667,1.42,7.83333,74,44.3067,63.1467,40.1244,32.218,472.457,1
2018-10-20,12,5.83333,1.42,8.66667,73,44.0,56.6767,32.1266,33.2348,528.0,1
2018-10-20,13,5.66667,1.42,9.33333,74,42.0767,49.72,28.591,36.7703,498.343,1
2018-10-20,14,5.66667,1.42,9.83333,77,45.2167,51.3967,17.8812,38.3342,517.029,1
2018-10-20,15,5.5,1.91,10.1667,79,42.5867,52.7467,7.98165,38.3342,517.029,1
2018-10-20,16,5.83333,1.91,10.3333,79,44.88,51.84,-1.91789,38.3342,517.029,1
2018-10-20,17,6.16667,0.74,10.3333,84,43.99,53.6,-12.4109,35.6806,536.057,1
2018-10-20,18,6.5,0.74,10.1667,85,36.6033,52.975,-22.904,33.0269,569.25,1
2018-10-20,19,6.83333,1.71,9.83333,86,39.8967,67.03,-32.9738,36.4326,530.4,1
2018-10-20,20,7.16667,1.71,9.5,86,43.545,54.095,-25.7862,34.3939,483.36,1
2018-10-20,21,7.5,0.97,9.16667,88,41.43,56.8267,-13.9357,34.3025,420.0,1
2018-10-20,22,8.0,0.97,8.83333,91,33.88,50.9,3.57163,28.5542,443.143,1
2018-10-20,23,8.5,0.97,8.33333,93,37.9233,48.1433,17.5214,23.6044,395.2,1
2018-10-21,0,8.83333,0.97,7.83333,94,33.655,41.235,37.608,19.0123,393.6,1
2018-10-21,1,9.0,0.0,7.33333,95,37.46,39.6633,49.2867,12.5451,371.25,1
2018-10-21,2,9.0,0.0,7.0,96,35.475,38.065,52.6298,6.88824,366.667,1
2018-10-21,3,9.0,0.0,6.66667,91,35.2633,42.7433,53.3149,3.44412,366.667,1
2018-10-21,4,9.0,0.0,6.33333,93,38.8733,44.7633,54.0,0.0,366.667,1
2018-10-21,5,9.0,0.0,6.0,94,37.9433,45.2133,54.0,0.0,366.667,1
2018-10-21,6,9.0,0.0,5.66667,95,40.3667,47.4267,54.0,0.0,366.667,1
2018-10-21,7,8.66667,0.0,5.33333,97,39.58,45.8467,54.0,0.0,366.667,1
2018-10-21,8,8.33333,0.0,5.0,98,36.81,45.9933,52.0,0.0,395.2,1
2018-10-21,9,8.0,0.0,4.83333,96,31.78,49.41,59.0,0.0,360.0,1
2018-10-21,10,7.83333,0.0,5.0,80,26.9967,43.7767,57.0,0.0,388.267,1
2018-10-21,11,7.83333,0.0,5.5,72,22.5,44.3067,55.391,-3.06144,402.8,1
2018-10-21,12,7.83333,0.0,6.16667,67,21.2567,44.0,54.706,-6.50556,402.8,1
2018-10-21,13,8.16667,0.0,7.16667,62,15.13,42.0767,54.0209,-9.94968,402.8,1
2018-10-21,14,8.5,0.0,8.33333,60,15.43,45.2167,54.0209,-9.94968,375.943,1
2018-10-21,15,8.83333,0.0,9.33333,58,21.0467,42.5867,49.0209,-9.94968,393.6,1
2018-10-21,16,8.83333,0.0,10.0,58,31.15,44.88,51.0209,-9.94968,371.25,1
2018-10-21,17,8.66667,0.0,10.3333,67,39.4967,43.99,51.0209,-3.8268,380.8,1
2018-10-21,18,8.33333,0.0,10.3333,83,49.7967,36.6033,50.097,2.67876,395.2,1
2018-10-21,19,8.0,0.0,10.0,92,51.45,39.8967,56.5642,5.35752,360.0,1
2018-10-21,20,7.5,0.0,9.16667,100,57.7233,43.545,54.7164,11.4804,388.267,1
2018-10-21,21,6.83333,0.0,8.33333,100,53.71,41.43,51.2597,13.7765,432.667,1
2018-10-21,22,6.33333,0.0,7.33333,99,59.375,33.88,55.8791,15.6899,420.0,1
2018-10-21,23,5.66667,0.0,6.33333,96,52.59,37.9233,46.8791,20.6899,482.4,1
2018-10-22,0,5.33333,0.0,5.5,99,45.845,33.655,44.0506,23.5183,480.0,0
2018-10-22,1,5.33333,0.0,4.66667,100,39.7133,37.46,31.5151,27.0539,532.65,0
2018-10-22,2,5.5,0.0,4.16667,100,39.91,35.475,19.1743,28.9422,550.8,0
2018-10-22,3,5.83333,0.0,3.66667,99,36.2967,35.2633,6.83347,30.8305,555.429,0
2018-10-22,4,6.16667,0.0,3.33333,96,36.1633,38.8733,-4.58346,33.1015,555.429,0
2018-10-22,5,6.66667,0.0,3.16667,96,38.4833,37.9433,-16.0004,35.3726,540.6,0
2018-10-22,6,7.0,0.0,2.83333,99,39.57,40.3667,-26.4934,38.0262,501.84,0
2018-10-22,7,7.0,0.0,2.83333,100,40.0967,39.58,-36.0626,36.0626,492.9,0
2018-10-22,8,7.0,0.0,3.0,100,45.65,36.81,-38.1839,38.1839,440.64,0
2018-10-22,9,7.16667,0.0,3.33333,100,45.025,31.78,-39.5982,39.5982,437.143,0
2018-10-22,10,7.66667,0.0,3.83333,75,42.6833,26.9967,-37.7098,42.0394,420.0,0
2018-10-22,11,8.5,0.0,4.66667,59,39.29,22.5,-31.6371,41.3787,425.829,0
2018-10-22,12,9.5,0.0,6.0,49,37.5267,21.2567,-26.3297,42.5657,393.6,0
2018-10-22,13,10.6667,0.0,7.33333,44,39.53,15.13,-26.3548,49.6264,300.0,0
2018-10-22,14,12.0,0.0,8.5,44,47.9233,15.43,-21.8128,52.6612,252.45,0
2018-10-22,15,13.0,0.0,9.66667,44,44.9667,21.0467,-14.9245,51.0313,255.2,0
2018-10-22,16,13.3333,0.0,10.5,46,42.1533,31.15,-10.3324,53.9448,242.031,0
2018-10-22,17,13.1667,0.0,10.6667,57,43.9933,39.4967,-5.35752,53.9343,257.914,0
2018-10-22,18,13.0,0.48,10.5,65,48.145,49.7967,0.0,52.0,292.32,0
2018-10-22,19,12.8333,0.48,10.1667,66,44.36,51.45,0.0,64.0,248.88,0
2018-10-22,20,12.6667,1.04,9.83333,67,53.42,57.7233,0.0,62.0,258.514,0
2018-10-22,21,12.8333,1.04,9.33333,72,42.2067,53.71,9.89954,60.9343,240.0,0
2018-10-22,22,13.3333,1.04,8.83333,78,37.4,59.375,20.5062,48.541,255.2,0
2018-10-22,23,14.0,1.04,8.66667,81,26.0533,52.59,31.1128,47.1476,232.615,0
2018-10-23,0,14.3333,0.56,8.33333,83,24.655,45.845,44.971,39.8878,221.571,0
2018-10-23,1,14.3333,0.56,7.66667,84,23.8767,39.7133,44.971,36.853,228.48,0
2018-10-23,2,14.0,0.0,6.83333,83,21.175,39.91,43.5568,35.4388,245.92,0
2018-10-23,3,13.5,0.0,6.0,85,15.89,36.2967,41.4355,35.9187,273.28,0
2018-10-23,4,13.1667,0.0,5.33333,83,17.8533,36.1633,36.0626,41.2651,297.0,0
2018-10-23,5,12.8333,0.0,4.5,89,19.4167,38.4833,45.255,53.2755,240.0,0
2018-10-23,6,12.6667,0.0,4.0,86,23.47,39.57,35.3555,56.376,240.0,0
2018-10-23,7,12.8333,0.76,3.83333,84,26.49,40.0967,17.6777,49.097,286.7,0
2018-10-23,8,13.6667,0.76,4.0,80,29.6933,45.65,9.19243,52.0104,271.385,0
2018-10-23,9,14.8333,1.52,4.16667,78,27.5133,45.025,12.0209,55.706,232.615,0
2018-10-23,10,16.0,1.52,4.5,83,25.63,42.6833,25.456,60.2597,180.0,0
2018-10-23,11,17.5,2.59,5.0,82,20.16,39.29,25.456,53.2597,193.765,0
2018-10-23,12,19.1667,3.66,5.33333,81,17.52,37.5267,13.4351,59.5537,168.505,0
2018-10-23,13,21.0,3.74,5.83333,83,13.8667,39.53,0.0,65.0,148.5,0
2018-10-23,14,24.6667,4.58,6.0,80,20.8,47.9233,0.0,70.0,130.473,0
2018-10-23,15,29.5,4.66,6.33333,79,20.06,44.9667,-14.9245,61.0313,105.408,0
2018-10-23,16,35.1667,5.5,6.5,79,20.0233,42.1533,-33.2932,80.3776,65.6,0
2018-10-23,17,40.6667,4.43,6.66667,82,17.32,43.9933,-20.6647,49.8895,111.111,0
2018-10-23,18,45.3333,3.36,6.83333,83,23.8633,48.145,-21.0474,50.8134,109.091,0
2018-10-23,19,48.8333,2.52,6.83333,85,17.3,44.36,-19.5167,47.1179,117.647,0
2018-10-23,20,50.5,3.51,7.0,87,16.88,53.42,-37.12,89.6164,69.8824,0
2018-10-23,21,49.5,6.33,7.0,88,19.82,42.2067,-36.3546,87.7686,62.5304,0
2018-10-23,22,46.5,5.49,7.0,88,16.07,37.4,-34.8239,84.0731,80.9633,0
2018-10-23,23,43.5,5.49,7.16667,79,5.61,26.0533,-29.849,72.0626,102.4,0
2018-10-24,0,42.5,5.49,7.33333,80,5.2,24.655,-27.9356,67.4432,102.9,0
2018-10-24,1,42.0,5.49,7.33333,86,3.90667,23.8767,-31.3798,75.7582,74.9189,0
2018-10-24,2,41.8333,3.66,7.33333,87,3.12,21.175,-17.2206,84.5746,79.04,0
2018-10-24,3,43.5,1.5,7.33333,86,3.91,15.89,0.0,91.0,65.3023,0
2018-10-24,4,46.0,3.0,7.33333,85,5.33,17.8533,36.7697,48.0418,115.385,0
2018-10-24,5,48.1667,3.0,7.16667,85,5.56,19.4167,36.0626,47.1179,117.647,0
2018-10-24,6,49.0,3.0,6.83333,85,4.38333,23.47,71.4181,93.3119,60.0,0
2018-10-24,7,50.1667,3.53,6.66667,85,5.98667,26.49,70.711,81.5495,60.0,0
2018-10-24,8,50.1667,3.53,6.33333,83,5.26,29.6933,70.711,70.711,60.0,0
2018-10-24,9,49.3333,2.03,6.16667,79,6.88333,27.5133,69.2968,69.2968,64.896,0
2018-10-24,10,48.6667,0.53,6.0,72,8.07667,25.63,67.1754,67.1754,67.575,0
2018-10-24,11,48.3333,0.53,5.83333,65,7.48,20.16,66.4683,66.4683,67.6596,0
2018-10-24,12,48.3333,0.53,6.0,57,9.15333,17.52,67.1754,67.1754,65.0553,0
2018-10-24,13,48.5,0.0,6.16667,51,6.82667,13.8667,69.2968,69.2968,60.0,0
2018-10-24,14,49.5,0.0,6.66667,47,6.52333,20.8,36.0626,36.0626,117.647,0
2018-10-24,15,50.0,0.0,6.83333,45,7.82333,20.06,38.1839,38.1839,111.111,0
2018-10-24,16,49.1667,0.0,7.0,46,8.81333,20.0233,73.5394,73.5394,60.0,0
2018-10-24,17,47.3333,0.0,7.16667,43,10.8,17.32,65.0541,65.0541,80.736,0
2018-10-24,18,44.5,0.0,7.16667,49,12.51,23.8633,55.8617,55.8617,99.0,0
2018-10-24,19,40.8333,0.0,6.83333,53,14.33,17.3,49.4977,49.4977,117.341,0
2018-10-24,20,36.3333,0.0,6.33333,55,17.485,16.88,43.8408,43.8408,139.418,0
2018-10-24,21,32.1667,0.0,6.0,61,14.6567,19.82,39.5982,39.5982,157.076,0
2018-10-24,22,29.1667,0.0,5.5,66,12.0,16.07,36.7697,36.7697,173.333,0
2018-10-24,23,26.8333,0.0,5.0,69,11.0267,5.61,53.7404,53.7404,124.667,0
2018-10-25,0,25.0,0.0,4.5,71,12.1,5.2,50.9119,50.9119,134.832,0
2018-10-25,1,23.6667,0.0,4.16667,72,8.51,3.90667,48.7906,53.5595,145.75,0
2018-10-25,2,22.5,0.0,3.83333,72,9.04667,3.12,46.6693,55.9904,157.617,0
2018-10-25,3,21.5,0.0,3.5,73,8.69,3.91,44.5479,58.2044,170.564,0
2018-10-25,4,20.5,0.0,3.16667,77,11.53,5.33,42.4266,55.4328,184.743,0
2018-10-25,5,19.5,0.25,2.83333,80,14.5167,5.56,40.3053,52.6612,200.34,0
2018-10-25,6,18.5,0.25,2.5,80,15.9533,4.38333,26.1631,51.1836,217.579,0
2018-10-25,7,17.6667,0.25,2.5,79,17.12,5.98667,12.728,49.6298,236.733,0
2018-10-25,8,17.1667,1.42,2.5,81,16.6533,5.26,12.728,65.6298,187.0,0
2018-10-25,9,17.0,2.59,2.66667,85,18.5367,6.88333,-6.50556,64.706,187.2,0
2018-10-25,10,17.8333,2.59,3.16667,84,23.2733,8.07667,-13.3938,48.3358,229.125,0
2018-10-25,11,19.5,2.34,3.83333,86,23.9267,7.48,-22.1954,53.585,179.082,0
2018-10-25,12,21.8333,2.34,4.66667,84,20.1633,9.15333,-15.6899,64.8791,120.0,0
2018-10-25,13,24.3333,2.34,5.5,81,21.8533,6.82667,0.0,57.0,146.222,0
2018-10-25,14,26.8333,1.17,6.5,76,13.8433,6.52333,0.0,61.0,135.24,0
2018-10-25,15,29.3333,0.48,7.5,73,9.15333,7.82333,22.6275,60.5642,128.981,0
2018-10-25,16,31.1667,0.48,8.5,69,13.3433,8.81333,45.9622,60.0522,123.113,0
2018-10-25,17,32.1667,0.48,9.33333,75,13.1,10.8,47.3764,61.9,117.6,0
2018-10-25,18,32.5,0.48,9.83333,79,17.6367,12.51,47.3764,61.9,120.6,0
2018-10-25,19,32.1667,0.96,10.0,80,15.34,14.33,45.9622,60.0522,126.109,0
2018-10-25,20,31.5,0.96,10.0,80,10.2767,17.485,43.1337,56.3567,141.113,0
2018-10-25,21,30.3333,0.48,9.66667,80,8.59,14.6567,40.3053,52.6612,151.945,0
2018-10-25,22,28.6667,0.48,9.16667,80,12.1,12.0,38.1839,49.8895,164.914,0
2018-10-25,23,27.0,0.48,8.66667,78,9.76667,11.0267,55.1546,72.0626,120.0,0
