data,timeofday,windspeed6,opady6,temp6,rhumid,index_avg,prev_index_avg,wind_dir_ns,wind_dir_ew,dispel50,is_weekend
2017-11-01,1,19.1667,0.0,7.0,84,8.7,4.57,41.0124,53.585,188.779,1
2017-11-01,3,19.5,1.27,7.66667,85,11.67,4.32,43.8408,48.393,171.943,1
2017-11-01,5,18.6667,2.54,8.0,87,10.38,4.13,37.4768,44.847,225.095,1
2017-11-01,7,18.0,2.54,8.0,92,17.45,13.4,11.3138,50.7821,220.8,1
2017-11-01,9,17.6667,1.27,8.0,85,10.94,12.74,-6.88824,55.6298,200.34,1
2017-11-01,10,18.3333,0.48,8.0,84,11.01,8.12,-13.3938,51.3358,217.579,1
2017-11-01,11,18.5,0.48,8.16667,84,7.17,6.98,-21.0474,50.8134,205.8,1
2017-11-01,12,18.6667,0.48,8.33333,83,6.33,10.23,-26.18,46.2044,209.012,1
2017-11-01,13,18.8333,0.48,8.66667,83,8.6,11.47,-27.7108,49.8999,193.44,1
2017-11-01,14,19.6667,0.48,9.0,84,5.87,14.79,-27.7108,49.8999,179.082,1
2017-11-01,15,20.5,0.48,9.33333,86,2.29,10.37,-24.4915,59.1283,159.6,1
2017-11-01,16,20.8333,0.74,9.66667,86,5.16,11.88,-24.8742,60.0522,148.5,1
2017-11-01,21,26.6667,0.74,10.0,90,13.19,8.95,0.0,58.0,146.897,1
2017-11-02,0,30.1667,0.3,10.5,77,25.04,7.82,0.0,60.0,142.916,0
2017-11-02,1,30.5,1.14,10.6667,78,18.18,8.7,0.0,61.0,132.248,0
2017-11-02,2,31.0,1.98,10.8333,80,10.45,9.82,0.0,63.0,131.962,0
2017-11-02,3,30.5,1.98,10.8333,82,9.84,11.67,0.0,63.0,128.981,0
2017-11-02,4,30.1667,1.98,10.6667,84,7.09,10.98,0.0,60.0,145.8,0
2017-11-02,5,30.0,2.52,10.5,84,10.29,10.38,-11.0977,54.7925,149.1,0
2017-11-02,6,29.3333,2.52,10.3333,84,10.51,18.91,-21.8128,52.6612,151.945,0
2017-11-02,7,29.1667,1.68,10.0,86,7.16,17.45,-21.4301,51.7373,154.286,0
2017-11-02,8,28.3333,1.68,9.66667,85,10.28,12.33,-22.1954,53.585,144.0,0
2017-11-02,11,28.5,1.73,9.33333,81,12.29,7.17,-21.8128,52.6612,146.222,0
2017-11-02,12,28.1667,2.62,9.33333,79,11.41,6.33,-22.5781,54.5089,144.84,0
2017-11-02,13,27.1667,3.38,9.66667,78,7.78,8.6,-21.0474,50.8134,162.29,0
2017-11-02,14,26.3333,3.3,9.83333,79,5.09,5.87,-21.0474,74.8134,120.0,0
2017-11-02,15,25.8333,4.06,10.0,82,3.49,2.29,-9.94968,70.0209,139.569,0
2017-11-02,16,24.8333,4.06,10.0,83,5.84,5.16,0.0,70.0,140.4,0
2017-11-03,0,19.1667,1.68,9.0,88,3.02,25.04,40.3053,52.6612,204.8,0
2017-11-03,1,18.1667,1.68,8.83333,89,1.0,18.18,36.7697,44.5734,232.737,0
2017-11-03,2,17.1667,2.52,8.66667,89,1.0,10.45,47.3764,55.1801,193.768,0
2017-11-03,3,15.6667,2.52,8.5,91,3.31,9.84,47.7995,43.3666,209.647,0
2017-11-03,4,14.6667,2.52,8.16667,93,7.39,7.09,46.8652,32.2528,243.6,0
2017-11-03,5,13.6667,1.68,7.83333,85,11.48,10.29,48.5514,20.939,264.0,0
2017-11-03,7,11.5,0.84,7.33333,86,12.95,7.16,56.1074,6.12288,295.68,0
2017-11-03,8,10.5,0.0,7.5,80,7.7,10.28,52.2492,0.38268,324.8,0
2017-11-03,11,9.16667,0.0,8.5,69,7.14,12.29,55.3254,0.0,347.564,0
2017-11-03,12,10.0,0.51,9.0,65,7.47,11.41,41.7186,12.5244,341.85,0
2017-11-03,13,11.1667,0.51,9.5,64,10.7,7.78,28.7437,24.5348,300.0,0
2017-11-03,14,12.3333,0.51,9.66667,70,20.19,5.09,3.23816,40.2408,240.0,0
2017-11-03,15,13.8333,0.51,9.66667,79,20.84,3.49,-21.0474,50.8134,223.2,0
2017-11-03,16,14.8333,0.51,9.66667,83,11.7,5.84,-17.6033,59.4985,180.0,0
2017-11-03,17,15.3333,0.51,9.5,97,9.0,6.94,-12.6284,64.488,180.0,0
2017-11-04,0,12.3333,0.0,7.66667,79,6.78,3.02,-14.9245,50.0313,265.5,1
2017-11-04,1,12.3333,0.0,7.5,80,6.86,1.0,-18.1106,46.723,286.971,1
2017-11-04,2,12.5,0.0,7.33333,79,6.57,1.0,-25.1817,53.7941,258.514,1
2017-11-04,3,12.3333,0.0,7.16667,79,6.23,3.31,-31.8346,45.8346,259.2,1
2017-11-04,4,12.6667,0.0,7.0,78,9.56,7.39,-38.8702,38.799,268.029,1
2017-11-04,7,15.0,0.0,6.66667,82,15.49,12.95,-56.3567,23.3435,196.8,1
2017-11-04,8,15.1667,0.0,6.5,81,18.78,7.7,-59.1283,24.4915,187.68,1
2017-11-04,9,15.3333,0.0,6.5,91,21.09,7.41,-58.2044,24.1088,209.647,1
2017-11-04,10,15.6667,0.0,6.66667,84,17.98,9.39,-55.4328,22.9608,226.8,1
2017-11-04,11,15.8333,0.0,7.0,77,12.66,7.14,-23.6507,16.8379,218.625,1
2017-11-04,12,15.8333,0.0,7.66667,71,14.15,7.47,9.13136,10.715,187.971,1
2017-11-04,13,16.3333,0.0,8.5,68,19.82,10.7,51.0,0.0,232.941,1
2017-11-04,14,16.5,0.0,9.33333,68,24.64,20.19,16.4463,7.27092,221.0,1
2017-11-04,15,16.5,0.0,9.83333,75,23.65,20.84,31.4463,7.27092,180.0,1
2017-11-04,16,15.3333,0.0,10.0,75,26.71,11.7,0.511961,12.6284,195.0,1
2017-11-04,17,14.1667,0.0,9.83333,96,29.3,9.0,-5.48804,12.6284,261.979,1
2017-11-04,21,12.3333,0.0,7.66667,97,33.96,7.78,60.0,0.0,240.0,1
2017-11-05,0,13.5,0.0,6.83333,90,31.03,6.78,30.9896,-4.97484,254.88,1
2017-11-05,1,13.8333,0.0,6.83333,89,29.19,6.86,27.9896,-4.97484,277.114,1
2017-11-05,2,13.8333,0.0,6.83333,90,29.92,6.57,28.9896,-4.97484,261.415,1
2017-11-05,3,14.3333,0.0,6.83333,90,29.44,6.23,56.0,0.0,248.571,1
2017-11-05,4,15.0,0.0,7.0,91,29.03,9.56,59.0,0.0,206.7,1
2017-11-05,6,16.3333,0.0,6.66667,99,33.27,16.14,65.0,0.0,180.0,1
2017-11-05,7,16.5,0.0,6.5,100,32.66,15.49,51.0,0.0,232.941,1
2017-11-05,8,16.8333,0.0,6.5,100,30.06,18.78,67.0,0.0,180.0,1
2017-11-05,9,16.8333,0.0,6.66667,97,27.68,21.09,51.0,0.0,236.733,1
2017-11-05,10,16.3333,0.0,7.0,86,21.86,17.98,68.0,0.0,180.0,1
2017-11-05,11,16.8333,0.0,7.83333,79,17.99,12.66,37.0657,5.35752,195.0,1
2017-11-05,12,16.8333,0.0,8.83333,75,21.47,14.15,40.0657,5.35752,180.0,1
2017-11-05,13,17.0,0.0,10.0,76,24.75,19.82,24.0657,5.35752,221.4,1
2017-11-05,14,16.8333,0.0,11.0,78,27.16,24.64,54.0,0.0,217.579,1
2017-11-05,15,15.5,0.0,11.6667,84,26.31,23.65,51.0,0.0,236.733,1
2017-11-05,16,14.8333,0.0,12.0,83,27.18,26.71,60.0,0.0,239.733,1
2017-11-05,17,13.5,0.0,11.8333,100,35.23,29.3,52.0,0.0,302.824,1
2017-11-06,0,9.83333,2.24,8.33333,96,4.56,31.03,40.7612,-3.8268,300.0,0
2017-11-06,1,9.33333,2.24,8.0,100,3.9,29.19,22.4463,-0.38268,312.12,0
2017-11-06,3,8.83333,2.24,7.83333,98,7.25,29.44,8.56104,11.7798,398.618,0
2017-11-06,4,10.3333,3.36,7.83333,97,7.19,29.03,-6.64844,21.9424,389.88,0
2017-11-06,5,12.0,2.24,7.83333,95,8.38,28.4,-11.2134,35.3775,300.667,0
2017-11-06,6,12.8333,2.24,8.0,92,20.39,33.27,20.1986,36.1429,202.8,0
2017-11-06,7,13.1667,2.24,8.33333,91,21.39,32.66,42.9992,25.6808,240.505,0
2017-11-06,8,13.1667,2.24,8.5,88,13.66,30.06,51.3142,29.125,245.937,0
2017-11-06,9,13.6667,1.12,8.66667,84,17.83,27.68,56.9711,34.7818,248.021,0
2017-11-06,10,12.1667,0.0,8.83333,80,14.07,21.86,53.4355,31.2463,282.333,0
2017-11-06,11,12.0,0.0,9.16667,75,14.47,17.99,43.8768,31.4292,328.714,0
2017-11-06,12,12.3333,0.0,9.33333,71,15.5,21.47,46.6484,32.5772,251.6,0
2017-11-06,13,13.6667,0.0,9.5,69,21.21,24.75,43.9904,34.79,239.4,0
2017-11-06,14,15.1667,0.0,9.66667,69,49.44,27.16,46.1117,36.9113,180.0,0
2017-11-06,15,14.6667,0.0,9.66667,73,51.9,26.31,51.0615,41.8611,180.0,0
2017-11-06,16,14.5,0.0,9.5,75,55.14,27.18,43.1337,43.1337,218.625,0
2017-11-06,17,13.5,0.0,9.0,79,51.94,35.23,38.1839,38.1839,284.612,0
2017-11-07,0,10.8333,0.0,5.83333,81,18.9,4.56,36.7697,45.6573,341.127,0
2017-11-07,1,10.5,0.0,5.66667,81,16.2,3.9,38.1839,44.687,300.667,0
2017-11-07,3,9.66667,0.0,5.16667,93,19.8,7.25,36.7697,39.1542,341.127,0
2017-11-07,4,8.5,0.0,4.83333,90,28.43,7.19,41.0124,43.3969,335.345,0
2017-11-07,5,7.0,0.0,4.5,83,26.77,8.38,36.0626,36.9297,425.455,0
2017-11-07,6,5.16667,0.0,4.16667,87,28.92,20.39,37.4768,38.7775,468.218,0
2017-11-07,8,3.66667,0.0,3.83333,94,43.25,13.66,37.4768,42.0394,541.964,0
2017-11-07,9,3.83333,0.0,4.0,88,20.98,17.83,35.6986,34.2612,647.538,0
2017-11-07,10,4.16667,0.0,4.33333,85,5.19,14.07,42.6986,34.2612,603.138,0
2017-11-07,11,5.5,0.0,4.83333,73,10.08,14.47,27.9629,22.7727,668.8,0
2017-11-07,12,6.83333,0.0,5.5,65,10.73,15.5,12.3601,12.5819,635.25,0
2017-11-07,13,7.5,0.0,6.5,62,17.57,21.21,-2.53556,3.09824,561.0,0
2017-11-07,14,7.33333,0.0,7.33333,65,24.75,49.44,-15.1499,-7.13602,520.2,0
2017-11-07,15,7.33333,0.0,7.83333,74,22.18,51.9,-21.5139,-14.3671,420.0,0
2017-11-07,16,8.16667,0.0,8.0,75,22.27,55.14,-23.4209,-22.2485,460.8,0
2017-11-07,17,8.33333,0.0,7.83333,79,19.24,51.94,-26.2115,-32.4111,377.4,0
2017-11-07,21,9.5,0.0,6.33333,84,17.51,31.16,11.0977,-53.7925,314.743,0
2017-11-08,0,8.5,0.25,5.33333,85,18.98,18.9,-9.567,-50.097,403.68,0
2017-11-08,1,9.0,0.25,5.0,88,16.87,16.2,-13.0111,-48.4119,401.85,0
2017-11-08,2,9.5,0.25,4.83333,99,19.07,21.24,-13.0111,-51.4119,366.667,0
2017-11-08,3,9.5,0.25,4.83333,100,21.17,19.8,-13.0111,-54.4119,313.65,0
2017-11-08,4,9.66667,0.25,4.83333,100,22.08,28.43,-13.0111,-54.4119,313.65,0
2017-11-08,5,10.0,0.25,5.0,100,25.45,26.77,-13.3938,-55.3358,312.8,0
2017-11-08,6,10.5,0.25,4.83333,99,27.36,28.92,-14.2838,-46.4842,353.455,0
2017-11-08,8,10.6667,0.25,4.5,92,21.23,43.25,-29.8402,-51.0406,300.0,0
2017-11-08,10,11.5,0.25,4.66667,80,26.53,5.19,-41.0124,-41.0124,271.745,0
2017-11-08,11,11.5,0.0,5.0,69,33.58,10.08,-37.4436,-43.3969,280.8,0
2017-11-08,12,11.3333,0.0,5.66667,67,31.81,10.73,-33.1678,-45.0742,273.48,0
2017-11-08,13,11.3333,0.0,6.33333,63,35.04,17.57,-30.3062,-48.1658,297.6,0
2017-11-08,14,10.5,0.0,7.0,65,40.9,24.75,-24.2334,-47.5051,317.127,0
2017-11-08,15,9.83333,0.0,7.33333,70,29.57,22.18,-19.8994,-48.0418,341.127,0
2017-11-08,16,9.16667,0.0,7.33333,77,26.05,22.27,-22.5781,-54.5089,323.345,0
2017-11-08,21,7.5,0.0,4.5,89,34.3,17.51,-22.8192,-46.0908,463.6,0
2017-11-09,0,7.66667,0.0,3.83333,98,33.25,18.98,-30.2811,-41.1051,432.0,0
2017-11-09,1,7.5,0.0,3.66667,100,30.25,16.87,-32.2277,-39.8045,432.0,0
2017-11-09,2,7.33333,0.0,3.5,96,32.98,19.07,-36.3988,-36.94,437.25,0
2017-11-09,3,7.16667,0.0,3.33333,97,38.62,21.17,-40.7284,-32.6104,448.0,0
2017-11-09,4,7.33333,0.0,3.16667,95,37.01,22.08,-41.7554,-29.3078,463.6,0
2017-11-09,5,7.66667,0.0,2.83333,95,38.19,25.45,-26.3914,-22.9438,453.6,0
2017-11-09,6,8.0,0.0,2.66667,100,35.78,27.36,-12.7346,-17.287,432.0,0
2017-11-09,7,8.0,0.0,2.5,100,30.8,26.98,-0.491899,-13.0443,395.2,0
2017-11-09,8,8.0,0.0,2.5,96,36.07,21.23,10.7508,-8.80164,392.229,0
2017-11-09,10,8.5,0.0,2.83333,79,29.45,26.53,8.903,3.44412,374.85,0
2017-11-09,11,9.5,0.0,3.33333,75,40.15,33.58,-2.86864,10.715,401.85,0
2017-11-09,12,10.1667,0.0,3.83333,74,30.77,31.81,-23.803,16.0726,313.65,0
2017-11-09,13,11.3333,0.0,4.33333,75,38.06,35.04,-49.8895,20.6647,291.6,0
2017-11-09,14,12.0,0.0,4.66667,78,45.37,40.9,-47.1179,19.5167,281.455,0
2017-11-09,15,12.3333,0.0,5.0,81,35.4,29.57,-48.0418,19.8994,286.971,0
2017-11-09,16,12.5,0.0,5.0,86,27.7,26.05,-58.2044,24.1088,249.171,0
2017-11-09,21,16.3333,0.0,4.83333,93,32.97,34.3,-49.8895,20.6647,204.6,0
2017-11-10,0,18.5,2.24,5.16667,87,31.82,33.25,-49.8895,20.6647,213.333,0
2017-11-10,1,18.3333,2.24,5.5,87,19.57,30.25,-46.6948,27.2116,205.8,0
2017-11-10,2,18.0,2.24,5.66667,89,9.02,32.98,-42.7929,33.0513,205.8,0
2017-11-10,3,18.1667,3.36,5.83333,90,4.95,38.62,-38.1839,38.1839,217.579,0
2017-11-10,4,18.8333,2.24,6.0,91,11.35,37.01,-38.1839,38.1839,213.333,0
2017-11-10,5,18.8333,2.24,6.16667,92,13.98,38.19,-41.0124,41.0124,179.082,0
2017-11-10,6,18.3333,2.24,6.33333,91,24.32,35.78,-41.7195,41.7195,181.895,0
2017-11-10,7,17.5,2.24,6.5,91,22.39,30.8,-39.5982,39.5982,216.0,0
2017-11-10,8,17.0,2.24,6.66667,90,13.52,36.07,-48.7906,48.7906,199.473,0
2017-11-10,9,16.6667,1.12,6.83333,87,15.12,28.87,-43.1337,43.1337,231.8,0
2017-11-10,10,15.6667,1.12,7.16667,82,23.37,29.45,-42.4266,42.4266,226.8,0
2017-11-10,11,15.8333,0.0,7.33333,78,16.31,40.15,-42.4266,42.4266,205.477,0
2017-11-10,12,16.5,0.0,7.5,74,14.52,30.77,-36.7697,36.7697,224.824,0
2017-11-10,13,17.5,0.56,7.83333,74,11.6,38.06,-38.891,38.891,196.725,0
2017-11-10,14,18.3333,0.56,8.0,74,13.49,45.37,-41.0124,41.0124,188.779,0
2017-11-10,15,18.5,0.56,8.16667,77,14.76,35.4,-41.0124,41.0124,193.44,0
2017-11-10,16,18.8333,0.56,8.0,85,8.87,27.7,-43.5,33.7584,202.926,0
2017-11-10,21,21.0,3.74,7.0,78,7.15,32.97,-61.9,25.6396,141.943,0
2017-11-11,0,25.1667,4.28,6.83333,79,1.0,31.82,-60.8833,35.9881,120.0,1
2017-11-11,1,27.6667,3.21,6.66667,79,1.0,19.57,-41.7195,41.7195,132.969,1
2017-11-11,2,29.3333,2.14,6.33333,83,1.0,9.02,-37.4938,57.5182,105.382,1
2017-11-11,3,31.3333,1.07,6.0,81,1.0,4.95,-27.1703,65.5955,113.449,1
2017-11-11,4,32.1667,1.12,5.66667,81,2.45,11.35,-26.0222,62.8238,116.471,1
2017-11-11,5,32.3333,2.24,5.33333,81,4.24,13.98,-24.1088,58.2044,137.824,1
2017-11-11,6,32.6667,2.24,5.16667,81,7.37,24.32,-21.4301,51.7373,157.076,1
2017-11-11,7,30.1667,4.12,5.0,80,5.22,22.39,-10.3324,59.9448,121.333,1
2017-11-11,8,30.1667,4.12,4.83333,82,4.96,13.52,0.0,57.0,168.48,1
2017-11-11,9,29.8333,6.0,5.0,74,6.35,15.12,0.0,56.0,136.8,1
2017-11-11,10,30.0,6.68,5.0,72,8.18,23.37,0.0,66.0,124.8,1
2017-11-11,11,32.1667,5.56,5.16667,67,8.38,16.31,-11.4804,59.7164,136.5,1
2017-11-11,12,32.6667,5.56,5.33333,67,5.51,14.52,-11.4804,67.7164,96.0,1
2017-11-11,13,34.6667,4.16,5.5,66,3.25,11.6,0.0,78.0,96.72,1
2017-11-11,14,33.8333,4.16,5.83333,68,7.5,13.49,0.0,72.0,112.547,1
2017-11-11,15,32.1667,2.28,5.66667,72,8.18,14.76,0.0,63.0,137.824,1
2017-11-11,16,30.8333,0.96,5.5,80,7.5,8.87,-8.41896,49.3254,183.972,1
2017-11-11,21,20.0,0.48,4.0,82,5.71,7.15,-22.5781,54.5089,186.66,1
2017-11-12,0,19.1667,0.0,4.5,79,1.0,1.0,-26.5627,47.1283,201.318,1
2017-11-12,1,18.5,0.0,4.66667,79,1.0,1.0,-28.0934,50.8238,171.953,1
2017-11-12,2,18.1667,0.0,4.83333,80,1.0,1.0,-22.1954,53.585,198.0,1
2017-11-12,4,19.8333,0.0,5.0,79,3.28,2.45,-20.282,48.9656,212.625,1
2017-11-12,5,21.1667,0.0,5.0,80,1.0,4.24,-14.1592,58.1836,158.118,1
2017-11-12,7,24.5,0.74,5.0,75,8.29,5.22,0.0,59.0,141.931,1
2017-11-12,8,25.1667,0.74,5.0,75,9.27,4.96,19.092,54.9448,154.76,1
2017-11-12,9,24.8333,0.74,5.0,74,7.42,6.35,19.092,75.9448,128.96,1
2017-11-12,10,24.8333,0.74,5.0,80,12.37,8.18,12.2037,62.5746,176.222,1
2017-11-12,11,24.5,0.74,5.0,78,12.03,8.38,-23.8589,54.6005,165.714,1
2017-11-12,12,23.6667,0.74,5.16667,75,11.07,5.51,-36.0626,36.0626,171.55,1
2017-11-12,13,22.8333,0.0,5.33333,73,14.77,3.25,-36.7697,36.7697,173.333,1
2017-11-12,14,22.5,0.48,5.5,72,18.82,7.5,-52.3261,52.3261,134.267,1
2017-11-12,15,22.6667,0.48,5.66667,73,17.15,8.18,-46.6693,46.6693,167.088,1
2017-11-12,16,21.3333,0.48,5.83333,77,9.32,7.5,-42.4266,42.4266,189.382,1
2017-11-13,0,11.5,0.0,3.66667,88,10.9,1.0,-52.6148,27.1784,269.077,0
2017-11-13,1,11.1667,0.0,3.5,90,13.46,1.0,-51.7373,21.4301,302.4,0
2017-11-13,2,10.8333,0.0,3.5,92,10.83,1.0,-50.8134,21.0474,321.231,0
2017-11-13,4,10.6667,0.0,3.33333,91,16.39,3.28,-47.1179,19.5167,353.455,0
2017-11-13,5,10.5,0.0,3.5,90,19.08,1.0,-48.9656,20.282,313.6,0
2017-11-13,7,9.5,0.0,3.83333,92,11.31,8.29,-56.3567,23.3435,300.0,0
2017-11-13,8,9.0,0.0,3.83333,93,12.79,9.27,-51.1438,24.0838,337.08,0
2017-11-13,9,8.83333,0.0,4.16667,89,16.21,7.42,-46.8547,15.3072,376.32,0
2017-11-13,10,8.16667,0.0,4.33333,79,20.32,12.37,-41.0601,19.7953,415.385,0
2017-11-13,11,8.5,0.48,4.66667,72,11.96,12.03,-32.7451,23.2394,371.908,0
2017-11-13,12,10.0,0.48,5.16667,70,17.83,11.07,-19.9812,22.9231,393.6,0
2017-11-13,13,11.5,0.96,5.66667,65,25.49,14.77,-14.6872,30.0767,296.229,0
2017-11-13,14,12.3333,0.96,6.16667,64,33.71,18.82,-12.4162,41.4936,246.4,0
2017-11-13,15,13.5,0.96,6.33333,69,22.0,17.15,-29.2164,46.5348,235.2,0
2017-11-14,0,12.8333,0.0,4.16667,69,9.89,10.9,58.2044,24.1088,257.92,0
2017-11-14,1,11.6667,0.0,3.83333,69,10.6567,13.46,57.2806,23.7262,258.514,0
2017-11-14,2,11.6667,0.0,3.83333,68,4.83,10.83,51.7373,21.4301,294.0,0
2017-11-14,3,11.6667,0.0,3.83333,71,7.99,15.56,51.4741,27.1201,260.945,0
2017-11-14,4,12.6667,0.0,3.83333,73,10.4933,16.39,49.0897,30.6889,270.3,0
2017-11-14,5,12.8333,0.0,3.66667,63,10.2,19.08,53.7091,32.6023,240.0,0
2017-11-14,6,12.5,0.0,3.5,68,14.8667,16.85,45.3941,29.1581,257.914,0
2017-11-14,7,12.8333,0.0,3.33333,76,26.7667,11.31,43.9799,27.7439,259.418,0
2017-11-14,8,12.6667,0.0,3.16667,75,29.9067,12.79,43.2728,29.2045,302.824,0
2017-11-14,9,13.1667,0.0,3.0,75,20.17,16.21,52.4652,41.215,256.941,0
2017-11-14,10,13.0,0.0,3.0,76,23.3467,20.32,36.7593,48.7094,249.508,0
2017-11-14,11,14.3333,0.0,3.33333,72,20.2,11.96,10.1406,50.0313,253.08,0
2017-11-14,12,15.3333,0.0,3.66667,68,15.43,17.83,-20.9722,43.6314,221.4,0
2017-11-14,13,17.0,0.0,4.33333,66,15.7867,25.49,-33.7002,42.3594,196.725,0
2017-11-14,14,17.6667,0.0,4.83333,65,21.4167,33.71,-41.7195,41.7195,191.314,0
2017-11-14,15,18.1667,0.0,5.33333,69,42.845,22.0,-42.5761,33.3757,205.8,0
2017-11-14,18,18.8333,0.0,5.0,89,39.055,52.81,-38.1839,38.1839,209.012,0
2017-11-14,19,19.3333,0.0,4.66667,84,44.79,43.02,-41.7195,41.7195,171.953,0
2017-11-14,20,20.5,0.0,4.33333,88,12.1,25.865,-45.9622,45.9622,148.5,0
2017-11-14,21,21.3333,0.23,4.0,90,12.15,5.72,-48.7906,48.7906,135.873,0
2017-11-15,0,22.3333,0.23,4.83333,82,6.08,9.89,-48.0835,48.0835,141.382,0
2017-11-15,1,21.6667,0.23,5.16667,82,17.9667,10.6567,-45.9622,45.9622,168.15,0
2017-11-15,2,20.6667,0.23,5.66667,72,6.36,4.83,-42.4266,42.4266,189.382,0
2017-11-15,3,20.0,0.0,6.16667,75,5.67333,7.99,-33.7584,43.5,202.926,0
2017-11-15,4,19.6667,0.0,6.5,78,7.54,10.4933,-27.2116,46.6948,210.189,0
2017-11-15,5,19.8333,0.0,6.66667,80,11.31,10.2,1.77994,53.585,184.0,0
2017-11-15,6,19.6667,0.0,6.66667,88,22.3867,14.8667,24.9317,58.2044,150.333,0
2017-11-15,7,19.0,0.0,6.66667,83,39.8667,26.7667,44.5479,58.2044,170.564,0
2017-11-15,8,18.6667,0.0,6.5,82,28.0333,29.9067,39.5982,51.7373,220.226,0
2017-11-15,9,18.8333,0.0,6.5,78,39.6467,20.17,50.9119,66.5194,186.261,0
2017-11-15,10,18.1667,0.0,6.66667,80,38.2067,23.3467,34.6484,64.2701,180.0,0
2017-11-15,11,18.3333,0.0,6.83333,74,60.68,20.2,11.3138,51.7821,212.625,0
2017-11-15,12,19.0,0.0,7.33333,69,44.5967,15.43,0.0,61.0,168.505,0
2017-11-15,13,19.6667,0.0,7.66667,68,43.9967,15.7867,0.0,64.0,144.0,0
2017-11-15,14,19.8333,0.0,8.0,71,52.355,21.4167,-7.27092,63.5537,168.15,0
2017-11-15,15,19.1667,0.0,8.16667,77,51.76,42.845,-13.7765,55.2597,202.473,0
2017-11-15,16,18.6667,0.0,8.0,89,54.44,39.225,-19.5167,47.1179,240.505,0
2017-11-15,17,17.1667,0.48,7.83333,90,71.235,44.855,-25.2569,60.9761,200.842,0
2017-11-15,18,16.0,0.48,7.5,89,82.28,39.055,-23.7262,57.2806,217.412,0
2017-11-15,21,14.6667,0.48,7.0,87,9.19,12.15,-27.1201,51.4741,228.48,0
2017-11-16,0,12.3333,0.0,6.83333,87,6.62,6.08,-36.4372,49.9672,257.92,0
2017-11-16,1,11.8333,0.0,6.66667,93,26.69,17.9667,-38.4752,43.8872,287.571,0
2017-11-16,2,11.6667,0.0,6.5,84,22.0633,6.36,-37.061,42.473,307.8,0
2017-11-16,3,11.1667,0.0,6.33333,85,19.38,5.67333,-36.3539,41.7659,285.12,0
2017-11-16,4,11.1667,0.0,6.16667,86,23.47,7.54,-37.061,42.473,273.48,0
2017-11-16,5,11.0,0.0,6.0,86,23.5267,11.31,-40.3053,40.3053,282.764,0
2017-11-16,6,10.8333,0.0,5.83333,88,27.25,22.3867,-38.891,38.891,313.5,0
2017-11-16,7,10.6667,0.0,5.66667,91,35.6,39.8667,-37.4768,37.4768,343.385,0
2017-11-16,8,10.5,0.0,5.5,90,33.405,28.0333,-38.4471,32.4939,353.455,0
2017-11-16,9,10.5,0.0,5.5,86,36.5533,39.6467,-39.1542,33.201,334.08,0
2017-11-16,10,10.3333,0.0,5.5,90,48.455,38.2067,-42.2458,30.3394,313.6,0
2017-11-16,11,11.0,0.0,5.66667,86,41.42,60.68,-44.1967,27.4195,321.48,0
2017-11-16,12,11.5,0.0,6.0,82,38.9133,44.5967,-49.136,25.3232,294.0,0
2017-11-16,13,11.6667,0.0,6.5,80,33.24,43.9967,-50.9838,26.0886,280.8,0
2017-11-16,14,11.5,0.0,7.0,77,30.64,52.355,-53.585,22.1954,271.745,0
2017-11-16,15,11.3333,0.0,7.33333,78,45.625,51.76,-53.585,22.1954,251.6,0
2017-11-16,16,11.5,0.0,7.5,85,47.985,54.44,-54.5089,22.5781,279.138,0
2017-11-16,17,11.0,0.0,7.33333,92,45.41,71.235,-51.7373,21.4301,310.431,0
2017-11-16,18,10.6667,0.0,7.16667,94,50.965,82.28,-48.9656,20.282,336.3,0
2017-11-16,21,11.5,0.0,6.16667,97,9.56,9.19,-24.8791,15.6899,309.12,0
2017-11-17,0,14.3333,0.0,6.0,90,15.04,6.62,60.0,0.0,205.477,0
2017-11-17,1,15.6667,0.0,6.0,88,26.0,26.69,32.2179,6.12288,195.52,0
2017-11-17,2,16.5,0.25,6.16667,89,26.25,22.0633,0.588081,13.0111,180.0,0
2017-11-17,3,17.5,0.25,6.16667,91,28.1633,19.38,-48.0418,19.8994,220.8,0
2017-11-17,4,18.0,0.5,6.16667,92,28.09,23.47,-52.6612,21.8128,191.133,0
2017-11-17,5,18.3333,0.5,6.33333,89,26.7633,23.5267,-53.585,22.1954,184.0,0
2017-11-17,6,18.0,0.5,6.5,87,24.1667,27.25,-49.6832,28.0352,198.0,0
2017-11-17,7,17.1667,0.5,6.66667,84,22.7667,35.6,-40.1812,29.8984,240.505,0
2017-11-17,8,16.5,0.25,6.66667,74,24.795,33.405,-45.1561,41.9089,215.368,0
2017-11-17,9,16.8333,0.25,6.83333,74,27.51,36.5533,-32.9599,47.5723,247.8,0
2017-11-17,10,16.0,0.0,7.0,66,23.3067,48.455,-3.96837,56.0935,180.0,0
2017-11-17,11,17.0,0.0,7.16667,70,20.7267,41.42,20.8055,47.1179,221.4,0
2017-11-17,12,19.0,0.0,7.33333,63,20.97,38.9133,43.1337,51.1542,187.617,0
2017-11-17,13,20.6667,0.0,7.66667,60,18.8,33.24,45.255,48.2898,120.0,0
2017-11-17,14,21.1667,0.0,7.83333,62,19.73,30.64,51.619,51.619,124.95,0
2017-11-17,15,19.8333,0.0,7.83333,68,29.225,45.625,46.6693,50.3543,171.692,0
2017-11-17,16,19.8333,0.0,7.83333,72,41.26,47.985,38.891,45.8277,227.061,0
2017-11-17,17,18.0,0.0,7.5,76,41.64,45.41,48.7906,58.762,205.67,0
2017-11-17,18,16.1667,0.0,7.16667,76,35.125,50.965,32.5271,55.4985,241.553,0
2017-11-17,21,15.5,0.0,6.16667,74,15.41,9.56,0.0,63.0,180.0,0
2017-11-18,0,15.6667,0.0,5.66667,75,9.47,15.04,-4.97484,61.0104,224.0,1
2017-11-18,1,15.5,0.0,5.5,75,9.41333,26.0,-10.715,56.8686,235.125,1
2017-11-18,2,15.6667,0.0,5.16667,74,8.80333,26.25,-22.0288,52.1824,228.48,1
2017-11-18,3,16.0,0.0,4.83333,73,8.57333,28.1633,-35.4639,50.6175,180.0,1
2017-11-18,4,16.3333,0.0,4.5,70,8.61667,28.09,-37.4768,37.4768,212.625,1
2017-11-18,5,17.0,0.0,4.33333,70,9.07,26.7633,-38.1839,38.1839,217.579,1
2017-11-18,6,17.5,0.0,4.16667,71,10.48,24.1667,-40.4548,31.2544,228.8,1
2017-11-18,7,17.8333,0.0,4.0,72,12.44,22.7667,-40.4548,31.2544,224.824,1
2017-11-18,8,17.8333,0.0,3.83333,75,17.7767,24.795,-41.1619,31.9615,216.847,1
2017-11-18,9,18.3333,0.0,3.83333,72,15.0033,27.51,-38.891,38.891,205.8,1
2017-11-18,10,19.0,0.48,3.83333,71,17.8533,23.3067,-41.0124,41.0124,184.0,1
2017-11-18,11,20.1667,0.48,3.83333,67,18.9933,20.7267,-43.1337,43.1337,168.505,1
2017-11-18,12,21.8333,0.48,4.0,63,16.95,20.97,-46.6693,46.6693,147.714,1
2017-11-18,13,23.1667,0.48,4.16667,61,16.0567,18.8,-42.8393,27.6857,165.6,1
2017-11-18,14,24.5,0.48,4.5,65,15.93,19.73,-49.8895,20.6647,164.914,1
2017-11-18,15,25.3333,0.48,4.66667,66,23.945,29.225,-48.9656,20.282,165.092,1
2017-11-18,16,25.8333,2.11,4.66667,78,26.99,41.26,-48.9656,20.282,167.733,1
2017-11-18,17,25.5,4.22,4.66667,80,38.445,41.64,-65.9363,37.2527,120.0,1
2017-11-18,18,24.0,4.22,4.5,81,31.645,35.125,-61.3169,35.3393,139.569,1
2017-11-18,21,19.1667,6.0,4.0,88,4.13,15.41,-36.0626,36.0626,240.505,1
2017-11-19,0,17.6667,1.78,4.0,89,1.0,9.47,-30.8717,39.5309,236.733,1
2017-11-19,1,18.1667,1.78,4.0,89,4.0,9.41333,-18.1437,49.8029,193.765,1
2017-11-19,2,18.6667,0.89,4.0,82,4.19667,8.80333,-6.12288,57.7821,166.725,1
2017-11-19,3,19.8333,1.57,4.0,80,1.19,8.57333,-12.728,55.728,187.617,1
2017-11-19,4,20.3333,1.57,4.16667,78,2.96,8.61667,-30.4057,50.4057,160.74,1
2017-11-19,5,21.5,3.14,4.33333,77,3.48333,9.07,-44.5479,44.5479,150.333,1
2017-11-19,6,20.5,3.14,4.5,78,4.30667,10.48,-48.0835,48.0835,155.952,1
2017-11-19,7,20.6667,5.05,4.66667,77,5.02667,12.44,-42.4266,42.4266,180.0,1
2017-11-19,8,21.6667,5.05,4.83333,78,10.71,17.7767,-36.3207,47.6859,187.617,1
2017-11-19,9,21.1667,3.48,5.0,79,15.7033,15.0033,-29.2415,53.5955,151.412,1
2017-11-19,10,22.0,3.48,4.83333,82,14.81,17.8533,-32.777,57.131,141.943,1
2017-11-19,11,22.6667,3.18,4.83333,80,20.3033,18.9933,-42.4185,55.4073,135.15,1
2017-11-19,12,24.0,4.45,4.83333,77,20.6167,16.95,-36.7697,36.7697,168.192,1
2017-11-19,13,24.3333,2.54,5.0,75,13.4867,16.0567,-36.7697,36.7697,173.333,1
2017-11-19,14,23.8333,3.86,5.16667,75,14.38,15.93,-53.0332,53.0332,129.422,1
2017-11-19,15,23.3333,3.86,5.16667,76,13.205,23.945,-48.7906,48.7906,150.528,1
2017-11-19,16,22.1667,3.86,5.16667,82,34.72,26.99,-44.5479,44.5479,175.304,1
2017-11-19,17,20.8333,2.59,5.0,91,45.39,38.445,-41.0124,41.0124,198.0,1
2017-11-19,18,19.0,2.64,4.83333,90,32.67,31.645,-33.434,43.7168,202.926,1
2017-11-19,21,18.5,1.85,4.0,84,1.0,4.13,-5.35752,53.9343,187.114,1
2017-11-20,0,20.8333,1.06,4.5,76,1.0,1.0,40.3053,48.3258,195.789,0
2017-11-20,1,23.6667,1.29,4.66667,76,1.10333,4.0,51.8149,41.1044,137.8,0
2017-11-20,2,26.3333,0.76,4.66667,78,1.95333,4.19667,61.9448,10.3324,112.0,0
2017-11-20,3,28.1667,0.76,4.5,81,3.4,1.19,74.0,0.0,102.162,0
2017-11-20,4,29.5,0.76,4.16667,83,2.98667,2.96,67.0,0.0,129.405,0
2017-11-20,5,29.6667,0.23,3.66667,83,3.73,3.48333,56.0,0.0,159.84,0
2017-11-20,6,28.3333,0.23,3.16667,81,6.54,4.30667,77.0,0.0,133.56,0
2017-11-20,7,25.5,0.0,2.66667,83,11.7567,5.02667,64.5537,7.27092,171.692,0
2017-11-20,8,23.1667,0.0,2.33333,80,19.985,10.71,57.0313,14.9245,184.743,0
2017-11-20,9,22.0,0.48,2.16667,75,16.1367,15.7033,52.2948,31.188,162.0,0
2017-11-20,10,20.5,0.48,2.16667,70,15.99,14.81,51.0047,40.1807,142.56,0
2017-11-20,11,21.0,0.48,2.5,62,14.6667,20.3033,44.5479,48.233,175.304,0
2017-11-20,12,21.3333,0.96,2.83333,56,14.69,20.6167,45.255,48.9401,169.304,0
2017-11-20,13,21.6667,1.44,3.16667,55,16.3233,13.4867,43.8408,47.5259,151.412,0
2017-11-20,14,21.1667,1.44,3.5,55,19.4867,14.38,47.3764,47.3764,156.75,0
2017-11-20,15,19.6667,1.44,3.66667,58,32.575,13.205,48.8833,38.0593,165.714,0
2017-11-20,16,18.8333,1.44,3.5,67,27.035,34.72,43.9336,33.1096,216.0,0
2017-11-20,17,15.1667,1.44,3.16667,69,31.47,45.39,52.4189,41.5949,206.182,0
2017-11-20,18,13.5,0.96,2.66667,68,29.93,32.67,53.8331,43.0091,255.273,0
2017-11-21,0,7.5,0.0,0.5,79,14.31,1.0,36.0626,36.0626,397.8,0
2017-11-21,1,6.83333,0.0,0.333333,79,24.6867,1.10333,39.5982,39.5982,426.0,0
2017-11-21,2,6.33333,0.0,0.0,83,24.7233,1.95333,25.3528,34.4987,482.727,0
2017-11-21,3,6.16667,0.0,-0.333333,84,27.5933,3.4,33.3528,34.4987,433.964,0
2017-11-21,4,6.66667,0.0,-0.5,87,30.0767,2.98667,32.5746,26.7205,492.0,0
2017-11-21,5,7.33333,0.0,-0.833333,91,34.12,3.73,31.7964,18.9423,520.8,0
2017-11-21,6,7.33333,0.0,-1.16667,94,29.3233,6.54,34.1395,13.2854,468.0,0
2017-11-21,7,7.33333,0.0,-1.5,97,25.0133,11.7567,35.4826,7.62853,460.8,0
2017-11-21,8,7.33333,0.0,-1.66667,100,23.0933,19.985,37.5328,2.67876,460.8,0
2017-11-21,9,7.5,0.0,-1.66667,100,24.455,16.1367,52.0,0.0,453.6,0
2017-11-21,10,7.66667,0.0,-1.33333,87,24.5933,15.99,52.0,0.0,443.143,0
2017-11-21,11,8.0,0.0,-0.666667,75,24.2367,14.6667,37.609,3.06144,425.829,0
2017-11-21,12,8.66667,0.0,0.166667,66,28.0767,14.69,40.609,3.06144,390.0,0
2017-11-21,13,9.0,0.0,1.16667,63,34.7933,16.3233,36.609,3.06144,377.143,0
2017-11-21,14,9.16667,0.0,2.16667,61,35.2433,19.4867,38.609,3.06144,356.4,0
2017-11-21,15,9.5,0.0,2.83333,65,39.53,32.575,39.609,3.06144,341.85,0
2017-11-21,16,9.5,0.0,3.16667,77,33.55,27.035,41.609,3.06144,313.65,0
2017-11-21,17,9.16667,0.0,3.16667,87,45.76,31.47,57.0,0.0,337.08,0
2017-11-21,18,8.66667,0.0,2.83333,93,59.06,29.93,55.0,0.0,372.655,0
2017-11-22,0,6.66667,0.0,0.5,92,19.02,14.31,34.9134,-4.59216,420.0,0
2017-11-22,1,6.5,0.0,0.333333,92,24.9633,24.6867,21.3702,-6.88824,452.4,0
2017-11-22,2,6.5,0.0,0.166667,92,29.1467,24.7233,6.903,-9.567,469.05,0
2017-11-22,3,7.16667,0.0,0.166667,92,32.9833,27.5933,-8.48804,-12.6284,469.05,0
2017-11-22,4,7.66667,1.12,0.333333,92,29.5133,30.0767,-25.7268,-16.4552,436.05,0
2017-11-22,5,8.33333,1.12,0.5,92,25.9967,34.12,-48.0418,-19.8994,432.0,0
2017-11-22,6,9.5,2.24,0.666667,90,25.7233,29.3233,-49.5696,-24.6744,360.0,0
2017-11-22,7,11.0,3.31,1.0,88,24.4967,25.0133,-47.6754,-29.2747,300.0,0
2017-11-22,8,12.5,4.38,1.33333,89,25.64,23.0933,-45.131,-34.8482,262.08,0
2017-11-22,9,13.6667,5.45,1.5,92,23.9,24.455,-39.5982,-39.5982,220.32,0
2017-11-22,10,15.3333,5.68,1.66667,93,26.0333,24.5933,-44.5479,-44.5479,180.0,0
2017-11-22,11,17.0,5.68,1.83333,94,24.82,24.2367,-41.5955,-31.3127,216.847,0
2017-11-22,12,18.1667,5.91,2.16667,93,25.19,28.0767,-48.0522,-26.9454,193.765,0
2017-11-22,13,18.1667,5.58,2.33333,92,27.5433,34.7933,-54.5089,-22.5781,181.895,0
2017-11-22,14,18.1667,4.51,2.5,94,30.07,35.2433,-51.7373,-21.4301,207.36,0
2017-11-22,15,18.0,3.44,2.83333,92,31.74,39.53,-48.9656,-20.282,229.14,0
2017-11-22,16,17.6667,2.83,3.16667,93,34.09,33.55,-32.9656,-20.282,186.66,0
2017-11-22,17,16.8333,3.57,3.66667,92,34.16,45.76,2.51196,-12.6284,180.0,0
2017-11-22,18,16.0,2.22,4.0,91,32.8,59.06,32.294,-6.50556,194.541,0
2017-11-22,21,15.3333,1.48,5.83333,79,23.52,26.3,60.0,0.0,220.0,0
2017-11-23,0,13.8333,0.0,6.5,93,12.06,19.02,56.0,0.0,254.88,0
2017-11-23,1,13.8333,0.0,6.33333,93,18.9567,24.9633,53.0,0.0,282.72,0
2017-11-23,2,13.8333,0.0,6.16667,100,20.4367,29.1467,53.0,0.0,271.385,0
2017-11-23,3,14.0,0.0,5.66667,99,19.6533,32.9833,26.1418,5.7402,251.631,0
2017-11-23,4,14.1667,0.0,5.33333,89,21.7033,29.5133,-1.64028,11.8631,216.0,0
2017-11-23,5,14.6667,0.0,5.16667,92,22.2167,25.9967,-26.5746,17.2206,220.0,0
2017-11-23,6,16.1667,0.0,5.0,96,25.4367,25.7233,-25.5746,17.2206,211.68,0
2017-11-23,7,17.3333,0.0,4.83333,97,25.11,24.4967,24.0657,5.35752,221.4,0
2017-11-23,8,19.3333,0.0,4.66667,95,24.8433,25.64,59.0,0.0,166.725,0
2017-11-23,9,21.1667,0.0,4.66667,92,20.7533,23.9,70.0,0.0,125.314,0
2017-11-23,10,22.0,0.0,5.0,76,19.42,26.0333,54.0,0.0,162.222,0
2017-11-23,11,23.3333,0.0,5.5,68,17.11,24.82,73.0,0.0,139.2,0
2017-11-23,12,23.8333,0.0,6.33333,61,17.93,25.19,70.0,0.0,154.533,0
2017-11-23,13,24.1667,0.0,7.16667,59,18.01,27.5433,67.0,0.0,131.368,0
2017-11-23,14,23.1667,0.0,8.0,58,19.91,30.07,72.0,0.0,130.0,0
2017-11-23,15,22.0,0.0,8.66667,62,20.855,31.74,69.0,0.0,145.75,0
2017-11-23,16,22.0,0.0,9.33333,60,26.655,34.09,65.0,0.0,168.15,0
2017-11-23,17,21.5,0.0,9.66667,63,27.27,34.16,60.0,0.0,184.743,0
2017-11-23,18,20.6667,0.0,9.83333,62,26.83,32.8,60.0,0.0,180.0,0
2017-11-23,21,19.8333,0.0,9.66667,67,14.47,23.52,22.4463,7.27092,181.895,0
2017-11-24,0,20.3333,0.0,9.0,74,14.97,12.06,-59.1283,24.4915,154.56,0
2017-11-24,1,19.6667,0.0,9.0,79,14.05,18.9567,-57.2806,23.7262,176.727,0
2017-11-24,2,19.1667,0.0,8.83333,83,14.0167,20.4367,-52.6612,21.8128,209.182,0
2017-11-24,3,18.3333,0.0,8.66667,87,12.7967,19.6533,-47.1179,19.5167,236.733,0
2017-11-24,4,16.8333,0.0,8.5,90,13.495,21.7033,-60.9761,25.2569,194.133,0
2017-11-24,5,14.8333,0.0,8.33333,91,18.0267,22.2167,-56.3567,23.3435,225.318,0
2017-11-24,6,13.1667,0.0,8.0,92,23.6667,25.4367,-49.8895,20.6647,279.0,0
2017-11-24,7,11.5,0.0,7.66667,90,31.08,25.11,-57.2806,23.7262,275.4,0
2017-11-24,8,10.8333,0.48,7.33333,94,33.18,24.8433,-47.4482,22.553,357.12,0
2017-11-24,9,11.0,0.48,7.16667,91,27.5567,20.7533,-58.5348,27.1452,300.0,0
2017-11-24,10,10.5,0.96,7.0,88,30.3833,19.42,-47.4482,22.553,321.48,0
2017-11-24,11,12.0,0.96,7.0,84,29.78,17.11,-28.2094,18.7262,305.25,0
2017-11-24,12,14.3333,1.44,7.33333,81,31.0467,17.93,3.13136,10.715,225.5,0
2017-11-24,13,17.1667,1.44,7.83333,79,31.5733,18.01,51.0,0.0,205.32,0
2017-11-24,14,18.6667,1.7,8.5,75,30.405,19.91,65.0,0.0,143.242,0
2017-11-24,15,19.5,2.44,9.16667,71,39.86,20.855,67.0,0.0,147.0,0
2017-11-24,16,20.0,1.96,9.66667,76,35.56,26.655,25.5985,-8.03628,162.4,0
2017-11-24,17,19.1667,1.96,9.83333,77,27.145,27.27,14.5985,-8.03628,218.743,0
2017-11-24,18,17.8333,1.48,9.66667,82,36.64,26.83,24.4981,1.86326,193.143,0
2017-11-24,21,11.5,0.0,7.83333,89,5.09,14.47,49.3257,30.3725,259.2,0
2017-11-25,1,10.3333,0.0,5.83333,89,14.3167,14.05,-0.90693,46.9177,340.267,1
2017-11-25,2,10.1667,0.0,5.5,91,14.01,14.0167,-11.4804,50.7164,305.25,1
2017-11-25,3,10.8333,0.0,5.16667,93,14.48,12.7967,-17.1373,48.3733,313.6,1
2017-11-25,4,11.1667,0.0,5.0,91,13.6633,13.495,-22.1785,48.5437,325.68,1
2017-11-25,5,10.5,0.0,4.83333,92,11.9367,18.0267,-29.9567,41.3219,334.08,1
2017-11-25,6,10.3333,0.0,4.5,93,11.735,23.6667,-36.2926,36.2926,329.018,1
2017-11-25,7,9.83333,0.0,4.16667,94,14.935,31.08,-40.398,29.574,333.45,1
2017-11-25,8,9.83333,0.0,3.83333,97,20.47,33.18,-42.1322,26.9786,359.9,1
2017-11-25,9,9.5,0.74,3.83333,92,27.2567,27.5567,-49.5232,30.04,333.9,1
2017-11-25,10,8.66667,1.48,3.83333,88,25.0133,30.3833,-31.0379,21.5547,347.564,1
2017-11-25,11,8.33333,1.48,4.0,85,27.5133,29.78,-27.5023,9.53382,411.927,1
2017-11-25,12,8.16667,2.22,4.16667,84,26.0033,31.0467,-33.8663,3.16983,360.0,1
2017-11-25,13,8.0,3.52,4.33333,83,27.7267,31.5733,-31.0947,-4.10109,374.0,1
2017-11-25,14,7.83333,4.82,4.66667,84,34.615,30.405,-27.7295,-12.495,390.0,1
2017-11-25,15,7.66667,4.08,4.83333,88,30.07,39.86,-25.2883,-20.5062,405.45,1
2017-11-25,16,9.0,4.64,4.83333,87,24.965,35.56,-17.8972,-32.5676,414.72,1
2017-11-25,17,10.1667,5.94,4.66667,92,18.87,27.145,-18.2971,-41.2593,366.667,1
2017-11-25,21,15.8333,10.85,4.0,89,4.38,5.09,28.2682,-54.2458,210.6,1
2017-11-26,1,19.8333,13.73,4.0,85,6.32,14.3167,67.4015,-8.03628,130.743,1
2017-11-26,2,19.1667,10.99,4.0,78,8.6,14.01,62.0,0.0,203.657,1
2017-11-26,3,17.8333,5.48,4.0,80,6.86333,14.48,74.0104,4.97484,197.614,1
2017-11-26,4,16.5,2.74,4.0,81,9.31667,13.6633,53.7887,12.753,267.84,1
2017-11-26,5,14.6667,0.0,4.0,82,10.555,11.9367,42.9811,21.9455,297.0,1
2017-11-26,6,13.8333,0.0,4.0,83,17.5933,11.735,41.0019,37.6514,261.415,1
2017-11-26,7,14.6667,0.48,4.0,80,17.7767,14.935,23.2513,46.5348,228.0,1
2017-11-26,8,15.0,0.48,3.83333,85,28.6367,20.47,-0.99025,47.1179,232.941,1
2017-11-26,9,16.5,0.48,3.66667,81,33.2633,27.2567,-6.73045,60.9761,187.2,1
2017-11-26,10,17.5,0.48,3.5,72,30.6367,25.0133,-27.1533,45.5541,217.579,1
2017-11-26,11,18.5,0.48,3.33333,69,33.2533,27.5133,-33.3175,41.4355,200.08,1
2017-11-26,12,19.6667,1.22,3.16667,67,26.5667,26.0033,-43.8408,43.8408,167.04,1
2017-11-26,13,20.0,0.74,3.0,65,28.8167,27.7267,-45.255,45.255,149.368,1
2017-11-26,14,20.6667,0.74,3.0,65,54.455,34.615,-46.6693,46.6693,157.617,1
2017-11-26,15,20.3333,0.74,3.0,67,29.07,30.07,-43.8408,43.8408,176.727,1
2017-11-26,16,20.6667,1.22,2.83333,71,27.57,24.965,-35.1726,44.9142,198.0,1
2017-11-26,17,19.5,1.22,2.66667,72,27.74,18.87,-35.1726,44.9142,188.779,1
2017-11-26,21,18.3333,0.48,2.0,71,5.09,4.38,-38.891,38.891,192.0,1
2017-11-27,0,18.8333,0.48,2.83333,68,5.16,1.0,-41.3787,31.6371,221.0,0
2017-11-27,1,19.0,0.48,3.16667,69,13.3567,6.32,-43.2264,32.4025,214.5,0
2017-11-27,2,19.1667,1.22,3.5,74,12.7933,8.6,-43.9336,33.1096,184.08,0
2017-11-27,3,19.6667,1.22,3.83333,74,11.525,6.86333,-48.1762,37.3522,167.04,0
2017-11-27,4,19.6667,0.74,4.0,74,12.3067,9.31667,-44.5479,44.5479,165.714,0
2017-11-27,5,20.3333,0.74,4.0,74,17.4367,10.555,-43.8408,43.8408,171.943,0
2017-11-27,6,20.0,0.74,4.0,75,18.385,17.5933,-42.4266,42.4266,184.743,0
2017-11-27,7,20.0,0.74,4.0,76,17.225,17.7767,-40.3053,40.3053,200.34,0
2017-11-27,8,19.8333,0.0,4.0,75,29.54,28.6367,-41.0124,41.0124,188.779,0
2017-11-27,9,20.0,0.48,4.0,74,40.24,33.2633,-41.7195,41.7195,177.0,0
2017-11-27,10,19.6667,0.48,4.0,76,45.325,30.6367,-44.5479,44.5479,165.714,0
2017-11-27,11,20.0,0.48,4.0,73,21.2767,33.2533,-42.4266,42.4266,180.0,0
2017-11-27,12,20.6667,0.48,4.16667,71,23.1667,26.5667,-43.1337,43.1337,183.0,0
2017-11-27,13,20.5,0.48,4.33333,69,21.55,28.8167,-43.1337,43.1337,163.4,0
2017-11-27,14,20.3333,0.48,4.33333,71,20.01,54.455,-44.5479,44.5479,165.714,0
2017-11-27,15,19.8333,0.0,4.33333,72,21.865,29.07,-43.1337,43.1337,183.0,0
2017-11-27,16,19.5,0.0,4.16667,72,20.14,27.57,-45.131,34.8482,193.44,0
2017-11-27,17,19.1667,0.48,4.0,73,18.53,27.74,-45.7709,26.8289,217.579,0
2017-11-27,21,19.5,0.48,3.0,75,12.83,5.09,-16.1074,14.5418,195.789,0
2017-11-28,0,24.6667,0.0,3.0,81,6.44,5.16,58.0,0.0,146.897,0
2017-11-28,1,25.8333,0.0,3.0,83,11.51,13.3567,56.0,0.0,157.076,0
2017-11-28,2,27.5,0.0,3.0,89,9.89,12.7933,53.0,0.0,167.733,0
2017-11-28,3,28.0,0.0,3.16667,90,7.775,11.525,55.0,0.0,154.015,0
2017-11-28,4,27.5,0.51,3.33333,90,9.07667,12.3067,57.0,0.0,151.945,0
2017-11-28,5,27.1667,1.02,3.5,88,7.66,17.4367,54.0,0.0,164.914,0
2017-11-28,6,27.3333,1.02,3.66667,87,7.98,18.385,53.0,0.0,165.092,0
2017-11-28,7,27.6667,1.02,4.0,85,9.38667,17.225,55.0,0.0,156.8,0
2017-11-28,8,27.1667,1.02,4.33333,84,11.5067,29.54,56.0,0.0,154.286,0
2017-11-28,9,27.0,1.02,4.5,83,13.9833,40.24,54.0,0.0,164.914,0
2017-11-28,10,25.5,0.51,4.66667,80,15.4967,45.325,53.0,0.0,165.092,0
2017-11-28,11,24.0,0.0,5.0,76,12.8267,21.2767,37.294,6.50556,149.908,0
2017-11-28,12,22.3333,0.0,5.33333,73,10.96,23.1667,-5.3358,13.3938,199.333,0
2017-11-28,13,20.5,0.0,5.66667,73,13.29,21.55,-48.9656,20.282,216.847,0
2017-11-28,14,19.6667,0.0,6.0,70,13.6,20.01,-48.9656,20.282,221.0,0
2017-11-28,15,17.5,0.0,6.16667,72,15.375,21.865,-51.7373,21.4301,198.4,0
2017-11-28,16,17.0,0.0,6.16667,80,18.03,20.14,-48.0418,19.8994,224.824,0
2017-11-28,17,16.0,0.0,6.0,80,17.46,18.53,-60.9761,25.2569,187.2,0
2017-11-28,21,14.6667,0.0,5.0,84,7.88,12.83,33.9134,4.59216,225.5,0
2017-11-29,0,15.8333,0.0,4.5,89,8.75,6.44,64.0,0.0,202.024,0
2017-11-29,1,16.1667,0.0,4.16667,89,10.08,11.51,32.2179,6.12288,209.647,0
2017-11-29,2,15.8333,0.0,3.66667,91,8.84333,9.89,-0.488039,12.6284,195.52,0
2017-11-29,3,15.3333,0.0,3.16667,90,8.82333,7.775,-29.3462,18.3686,195.52,0
2017-11-29,4,15.1667,0.0,2.83333,89,10.4667,9.07667,-57.2806,23.7262,210.6,0
2017-11-29,5,14.8333,0.0,2.5,86,12.7567,7.66,-55.4328,22.9608,233.365,0
2017-11-29,6,14.3333,0.0,2.16667,87,14.43,7.98,-51.7373,21.4301,254.88,0
2017-11-29,7,13.6667,0.0,2.0,88,20.0233,9.38667,-49.8895,20.6647,267.429,0
2017-11-29,8,13.0,0.0,2.0,89,26.15,11.5067,-48.9656,20.282,277.114,0
2017-11-29,9,13.0,0.0,1.83333,92,30.11,13.9833,-59.1283,24.4915,240.0,0
2017-11-29,10,12.6667,0.48,2.0,81,26.1767,15.4967,-47.1179,19.5167,291.877,0
2017-11-29,11,13.0,0.48,2.33333,73,23.3567,12.8267,-58.2044,24.1088,240.0,0
2017-11-29,12,13.1667,0.96,2.83333,68,24.7433,10.96,-48.0418,19.8994,270.327,0
2017-11-29,13,13.1667,1.44,3.33333,66,28.0767,13.29,-50.8134,21.0474,257.914,0
2017-11-29,14,13.1667,1.44,3.83333,67,28.07,13.6,-49.8895,20.6647,255.2,0
2017-11-29,15,12.8333,1.44,4.33333,72,30.69,15.375,-48.9656,20.282,282.72,0
2017-11-29,16,12.3333,0.96,4.33333,72,37.47,18.03,-60.0522,24.8742,240.0,0
2017-11-29,17,11.3333,1.44,4.0,98,50.325,17.46,-54.5089,22.5781,287.571,0
2017-11-29,21,8.33333,0.48,2.0,89,30.93,7.88,-49.8895,20.6647,394.4,0
2017-11-30,0,8.66667,0.0,1.33333,86,16.3,8.75,-4.48804,12.6284,360.0,0
2017-11-30,1,9.16667,0.0,1.16667,87,33.61,10.08,21.2179,6.12288,377.143,0
2017-11-30,2,9.0,0.0,0.833333,89,32.89,8.84333,37.6851,3.44412,352.8,0
2017-11-30,3,9.33333,0.0,0.5,90,29.3333,8.82333,54.0,0.0,356.4,0
2017-11-30,4,9.33333,0.0,0.166667,90,31.95,10.4667,56.0,0.0,339.2,0
2017-11-30,5,9.5,0.0,-0.166667,94,26.765,12.7567,56.0,0.0,339.2,0
2017-11-30,7,8.66667,0.0,-0.833333,99,30.435,20.0233,55.0,0.0,363.0,0
2017-11-30,15,9.5,0.94,1.5,78,35.97,30.69,-50.2199,-23.7011,349.92,0
2017-11-30,16,10.3333,0.94,1.66667,86,35.46,37.47,-51.1438,-24.0838,313.65,0
2017-11-30,17,9.66667,0.46,1.5,89,34.95,50.325,-42.7825,-26.0053,333.45,0
2017-11-30,21,7.83333,0.89,0.5,85,44.51,30.93,-33.6177,-20.779,410.4,0
2018-10-01,0,8.0,0.0,8.83333,75,26.79,7.5,-41.0483,28.6007,425.455,0
2018-10-01,1,7.83333,0.0,7.83333,79,22.61,6.88,-48.4394,31.6622,385.745,0
2018-10-01,2,7.83333,0.0,7.16667,81,21.73,4.96,-48.0522,26.9454,402.8,0
2018-10-01,3,8.0,0.0,6.66667,87,18.85,5.71,-49.0792,23.6428,405.45,0
2018-10-01,4,8.0,0.0,6.16667,90,19.99,4.57,-50.8134,21.0474,392.229,0
2018-10-01,5,8.0,0.0,5.5,89,21.7,3.56,-51.7373,21.4301,390.0,0
2018-10-01,6,8.0,0.0,5.0,89,25.55,3.74,-51.7373,21.4301,390.0,0
2018-10-01,7,8.0,0.0,4.5,100,31.93,3.63,-51.7373,21.4301,390.0,0
2018-10-01,8,8.0,0.0,4.33333,100,32.94,6.2,-51.7373,21.4301,390.0,0
2018-10-01,9,8.16667,0.23,4.66667,92,27.21,7.39,-51.7373,21.4301,390.0,0
2018-10-01,10,8.0,0.23,5.33333,70,19.01,8.67,-50.7102,24.7326,374.85,0
2018-10-01,11,8.0,0.23,6.66667,57,16.93,5.27,-48.269,26.621,390.0,0
2018-10-01,12,8.16667,0.23,8.33333,48,10.3,6.3,-46.5348,29.2164,390.0,0
2018-10-01,13,8.66667,0.23,10.3333,45,12.43,3.97,-42.5879,34.4699,374.85,0
2018-10-01,14,9.33333,0.23,12.1667,46,9.48,4.9,-27.8058,39.347,386.4,0
2018-10-01,15,9.83333,0.0,13.6667,49,13.27,6.32,-20.4148,48.2856,339.2,0
2018-10-01,16,10.8333,0.0,14.6667,55,10.97,7.03,-9.101,48.9718,319.2,0
2018-10-01,17,11.5,0.38,14.8333,63,13.01,7.05,5.74831,55.3254,263.467,0
2018-10-01,18,11.8333,0.38,14.6667,67,15.88,12.7,17.6777,55.4958,250.364,0
2018-10-01,19,11.6667,0.38,14.1667,73,10.58,22.07,25.456,52.274,260.0,0
2018-10-01,20,11.1667,0.94,13.3333,79,11.63,28.01,32.5271,47.3451,280.8,0
2018-10-01,21,10.5,0.94,12.3333,89,27.32,38.17,38.891,41.7091,321.231,0
2018-10-01,22,9.66667,0.94,11.3333,88,29.19,36.44,44.5479,49.1001,300.0,0
2018-10-01,23,9.0,0.56,10.6667,86,19.77,36.45,32.2941,44.4807,345.6,0
2018-10-02,0,8.66667,0.56,10.0,88,13.11,26.79,18.1519,41.6523,385.527,0
2018-10-02,1,8.66667,0.56,9.33333,89,7.17,22.61,6.92953,42.189,403.68,0
2018-10-02,2,8.83333,0.0,8.83333,87,2.73,21.73,-3.96837,44.3567,395.2,0
2018-10-02,3,9.33333,0.0,8.5,85,3.24,18.85,-14.1592,47.2315,371.25,0
2018-10-02,4,10.0,0.0,8.33333,86,2.53,19.99,-24.0255,50.0031,327.6,0
2018-10-02,5,10.8333,0.51,8.16667,86,2.9,21.7,-23.7925,45.4405,326.8,0
2018-10-02,6,11.5,0.51,8.0,86,5.41,25.55,-29.5408,46.318,285.12,0
2018-10-02,7,11.8333,0.51,8.0,91,11.15,31.93,-30.6889,49.0897,250.92,0
2018-10-02,8,12.3333,0.51,8.0,88,13.6,32.94,-31.4542,50.9374,240.0,0
2018-10-02,9,13.0,0.51,8.16667,84,10.08,27.21,-18.7594,45.2894,291.877,0
2018-10-02,10,14.5,1.32,8.5,76,8.78,19.01,-9.567,51.097,271.385,0
2018-10-02,11,16.3333,0.81,9.0,72,9.35,16.93,-12.6284,58.488,188.7,0
2018-10-02,12,18.3333,0.81,9.5,67,12.57,10.3,-17.2206,56.5746,154.0,0
2018-10-02,13,20.5,1.7,10.0,64,7.8,12.43,-26.7876,64.6716,125.314,0
2018-10-02,14,22.6667,1.7,10.5,65,4.63,9.48,-28.3183,68.3671,120.0,0
2018-10-02,15,24.6667,2.59,10.8333,60,4.54,13.27,-27.9519,41.4819,174.048,0
2018-10-02,16,25.8333,1.78,10.8333,59,5.64,10.97,-37.4768,37.4768,165.092,0
2018-10-02,17,26.6667,1.78,10.6667,64,8.45,13.01,-38.891,38.891,156.8,0
2018-10-02,18,27.3333,1.78,10.5,65,24.84,15.88,-40.3053,40.3053,149.1,0
2018-10-02,19,28.0,3.76,10.1667,70,11.38,10.58,-41.0124,41.0124,146.897,0
2018-10-02,20,28.5,3.76,9.66667,76,12.04,11.63,-41.0124,41.0124,146.897,0
2018-10-02,21,28.8333,5.74,9.16667,80,10.54,27.32,-41.0124,41.0124,146.897,0
2018-10-02,22,28.6667,5.74,9.0,80,15.93,29.19,-31.6039,47.2987,146.897,0
2018-10-02,23,28.1667,5.74,9.0,79,21.88,19.77,-21.4301,51.7373,157.076,0
2018-10-03,0,27.8333,5.74,8.83333,80,5.11,13.11,-10.3324,50.9448,167.733,0
2018-10-03,1,27.8333,2.87,8.83333,80,2.26,7.17,0.0,53.0,165.092,0
2018-10-03,2,28.0,5.23,9.16667,78,1.79,2.73,0.0,56.0,151.467,0
2018-10-03,3,28.5,2.36,9.33333,80,1.65,3.24,0.0,59.0,141.931,0
2018-10-03,4,30.0,2.36,9.33333,77,1.34,2.53,0.0,62.0,130.56,0
2018-10-03,5,32.1667,4.72,9.16667,77,0.67,2.9,0.0,68.0,110.4,0
2018-10-03,6,33.8333,4.72,9.16667,75,1.28,5.41,27.5773,72.0313,95.5667,0
2018-10-03,7,34.3333,5.91,9.16667,73,2.88,11.15,53.7404,70.2149,100.8,0
2018-10-03,8,34.3333,3.55,9.0,71,3.44,13.6,48.7906,63.7477,121.297,0
2018-10-03,9,34.0,3.55,9.16667,70,3.7,10.08,43.8408,57.2806,136.5,0
2018-10-03,10,32.6667,3.55,9.33333,76,2.52,8.78,42.4266,55.4328,140.0,0
2018-10-03,11,31.1667,1.19,9.5,76,2.98,9.35,41.0124,47.5155,149.76,0
2018-10-03,12,30.0,3.04,9.66667,75,4.47,12.57,41.0124,41.0124,144.0,0
2018-10-03,13,29.5,1.85,9.83333,74,3.21,7.8,42.4266,42.4266,140.0,0
2018-10-03,14,29.1667,1.85,10.1667,74,6.83,4.63,41.7195,41.7195,144.84,0
2018-10-03,15,28.5,1.85,10.3333,69,5.86,4.54,40.3053,40.3053,151.945,0
2018-10-03,16,27.8333,1.85,10.5,66,3.82,5.64,38.1839,38.1839,164.914,0
2018-10-03,17,26.5,1.85,10.5,62,8.74,8.45,55.1546,55.1546,120.0,0
2018-10-03,18,24.6667,0.0,10.5,63,10.79,24.84,50.9119,50.9119,139.569,0
2018-10-03,19,22.5,0.0,10.3333,61,5.87,11.38,45.9622,45.9622,168.15,0
2018-10-03,20,20.1667,0.0,10.0,58,6.19,12.04,40.3053,40.3053,209.182,0
2018-10-03,21,18.0,0.0,9.66667,56,2.77,10.54,50.2048,50.2048,186.382,0
2018-10-03,22,16.5,0.48,9.33333,54,2.21,15.93,43.8408,46.6588,230.4,0
2018-10-03,23,15.3333,0.48,9.16667,53,2.15,21.88,41.0124,47.0819,243.6,0
2018-10-04,0,14.5,0.48,8.83333,53,1.3,5.11,40.3053,49.6264,239.4,0
2018-10-04,1,13.8333,0.48,8.66667,53,1.13,2.26,40.3053,52.6612,232.615,0
2018-10-04,2,13.3333,0.48,8.5,52,5.25,1.79,39.5982,51.7373,254.88,0
2018-10-04,3,13.1667,1.01,8.5,49,0.44,1.65,36.7697,48.0418,292.32,0
2018-10-04,4,12.8333,0.53,8.5,48,1.17,1.34,45.255,59.1283,248.88,0
2018-10-04,5,12.6667,0.53,8.5,48,2.16,0.67,43.8408,57.2806,258.514,0
2018-10-04,6,12.6667,0.53,8.66667,51,2.07,1.28,43.8408,57.2806,240.0,0
2018-10-04,7,12.8333,0.53,8.66667,57,7.85,2.88,37.4768,48.9656,265.5,0
2018-10-04,8,13.1667,0.53,8.66667,58,16.02,3.44,38.1839,49.8895,261.415,0
2018-10-04,9,13.6667,0.0,8.66667,57,18.19,3.7,38.1839,49.8895,267.429,0
2018-10-04,10,14.0,0.0,9.0,64,14.97,2.52,38.891,50.8134,257.914,0
2018-10-04,11,14.6667,0.0,9.5,56,5.41,2.98,39.5982,51.7373,242.031,0
2018-10-04,12,15.3333,0.0,10.1667,49,5.09,4.47,43.1337,56.3567,196.8,0
2018-10-04,13,16.3333,0.0,11.0,45,5.19,3.21,36.0626,47.1179,225.28,0
2018-10-04,14,17.1667,0.0,12.0,47,3.55,6.83,25.456,52.2597,205.8,0
2018-10-04,15,17.5,0.0,12.6667,54,5.23,5.86,12.728,53.6298,205.8,0
2018-10-04,16,17.6667,0.0,12.8333,66,7.83,3.82,0.0,54.0,217.579,0
2018-10-04,17,17.1667,0.0,12.8333,64,15.08,8.74,-6.12288,49.7821,236.733,0
2018-10-04,18,16.6667,0.48,12.6667,68,19.84,10.79,-11.8631,63.6403,194.133,0
2018-10-04,19,16.0,0.48,12.5,71,19.54,5.87,-17.6033,59.4985,209.647,0
2018-10-04,20,15.3333,1.19,12.0,74,17.42,6.19,-28.2099,53.1051,218.625,0
2018-10-04,21,14.8333,1.19,11.6667,77,20.34,2.77,-31.9866,48.2226,228.48,0
2018-10-04,22,14.3333,1.19,11.5,81,19.27,2.21,-36.1459,44.2639,237.12,0
2018-10-04,23,14.0,1.19,11.3333,85,18.31,2.15,-39.5982,39.5982,254.88,0
2018-10-05,0,13.6667,1.42,11.1667,84,15.77,1.3,-38.1839,38.1839,267.429,0
2018-10-05,1,13.5,1.42,11.0,85,15.67,1.13,-37.4768,37.4768,277.114,0
2018-10-05,2,13.6667,0.71,11.0,83,15.73,5.25,-37.4768,37.4768,271.385,0
2018-10-05,3,13.8333,0.71,11.1667,78,15.3,0.44,-38.891,38.891,251.631,0
2018-10-05,4,14.1667,1.19,11.3333,78,16.9,1.17,-40.3053,40.3053,232.615,0
2018-10-05,5,14.5,1.19,11.5,77,18.67,2.16,-41.7195,41.7195,221.571,0
2018-10-05,6,15.0,0.96,11.5,75,20.61,2.07,-42.4266,42.4266,220.0,0
2018-10-05,7,15.3333,0.96,11.5,83,22.0,7.85,-43.1337,43.1337,211.68,0
2018-10-05,8,15.6667,0.96,11.5,83,24.33,16.02,-43.8408,43.8408,203.52,0
2018-10-05,9,16.0,0.96,11.5,81,24.88,18.19,-45.255,45.255,187.68,0
2018-10-05,10,16.1667,0.48,11.6667,87,23.05,14.97,-46.6693,46.6693,180.0,0
2018-10-05,11,16.6667,0.48,12.0,80,23.42,5.41,-46.6693,46.6693,180.0,0
2018-10-05,12,17.1667,0.0,12.6667,73,22.1,5.09,-30.2229,39.9645,232.941,0
2018-10-05,13,17.8333,0.0,13.6667,65,19.69,5.19,-25.4729,45.4973,212.625,0
2018-10-05,14,18.3333,0.0,14.8333,61,17.57,3.55,-21.8128,52.6612,191.133,0
2018-10-05,15,18.5,0.0,15.8333,58,16.36,5.23,-29.0667,50.1735,181.895,0
2018-10-05,16,18.3333,0.0,16.6667,58,13.74,7.83,-34.5238,45.3478,193.44,0
2018-10-05,17,17.5,0.0,17.1667,62,10.29,15.08,-37.4768,37.4768,229.14,0
2018-10-05,18,16.3333,0.0,17.3333,66,16.55,19.84,-46.6693,46.6693,207.36,0
2018-10-05,19,14.8333,0.0,17.0,71,19.27,19.54,-41.0124,41.0124,256.0,0
2018-10-05,20,13.3333,0.0,16.1667,77,19.83,17.42,-38.4471,32.4939,302.08,0
2018-10-05,21,12.1667,0.0,15.3333,77,16.45,20.34,-48.6098,36.7034,267.12,0
2018-10-05,22,11.6667,0.0,14.5,75,15.65,19.27,-48.1658,30.3062,289.385,0
2018-10-05,23,11.5,0.0,13.6667,76,13.39,18.31,-26.9734,21.1138,291.5,0
2018-10-06,0,11.5,0.0,13.0,75,17.58,15.77,-6.48804,12.6284,282.764,1
2018-10-06,1,11.6667,0.0,12.3333,76,19.35,15.67,15.6746,8.41896,271.745,1
2018-10-06,2,11.8333,0.0,12.0,77,15.55,15.73,37.8373,4.20948,260.945,1
2018-10-06,3,11.8333,0.0,11.6667,78,17.19,15.3,60.0,0.0,260.0,1
2018-10-06,4,11.6667,0.0,11.1667,80,16.53,16.9,59.0,0.0,270.3,1
2018-10-06,5,11.5,0.0,10.8333,82,16.21,18.67,58.0,0.0,280.8,1
2018-10-06,6,11.3333,0.0,10.3333,85,18.83,20.61,57.0,0.0,291.5,1
2018-10-06,7,11.3333,0.0,10.0,88,23.04,22.0,56.0,0.0,302.4,1
2018-10-06,8,11.3333,0.0,9.66667,93,24.06,24.33,56.0,0.0,294.0,1
2018-10-06,9,11.6667,0.0,9.66667,87,22.57,24.88,57.0,0.0,282.764,1
2018-10-06,10,12.1667,0.0,10.1667,77,22.74,23.05,59.0,0.0,260.945,1
2018-10-06,11,12.8333,0.0,11.1667,65,21.12,23.42,24.0657,5.35752,286.7,1
2018-10-06,12,13.6667,0.0,12.5,59,17.87,22.1,-1.79252,11.0977,255.2,1
2018-10-06,13,14.3333,0.0,14.1667,55,17.65,19.69,-28.5746,17.2206,223.385,1
2018-10-06,14,15.0,0.0,16.0,54,16.37,17.57,-56.3567,23.3435,204.429,1
2018-10-06,15,15.1667,0.0,17.5,55,14.99,16.36,-58.2044,24.1088,195.52,1
2018-10-06,16,14.8333,0.0,18.6667,57,14.5,13.74,-57.2806,23.7262,210.6,1
2018-10-06,17,14.1667,0.0,19.0,64,16.98,10.29,-53.585,22.1954,243.6,1
2018-10-06,18,13.1667,0.0,18.8333,84,20.37,16.55,-48.9656,20.282,288.225,1
2018-10-06,19,12.0,0.0,18.1667,89,23.24,19.27,-58.2044,24.1088,266.325,1
2018-10-06,20,10.8333,0.0,17.0,98,27.57,19.83,-51.7373,21.4301,318.171,1
2018-10-06,21,10.0,0.0,15.6667,100,32.95,16.45,-47.1179,19.5167,359.9,1
2018-10-06,22,9.5,0.0,14.3333,93,29.81,15.65,-55.4328,22.9608,322.4,1
2018-10-06,23,9.16667,0.0,13.3333,87,27.29,13.39,-52.6612,21.8128,347.564,1
2018-10-07,0,9.0,0.0,12.5,90,26.59,17.58,-50.8134,21.0474,363.0,1
2018-10-07,1,9.0,0.0,11.8333,91,25.98,19.35,-49.8895,20.6647,366.667,1
2018-10-07,2,9.0,0.0,11.5,91,26.25,15.55,-49.8895,20.6647,366.667,1
2018-10-07,3,8.83333,0.0,11.3333,94,26.57,17.19,-49.8895,20.6647,366.667,1
2018-10-07,4,8.66667,0.0,11.0,97,26.48,16.53,-48.9656,20.282,380.8,1
2018-10-07,5,8.5,0.0,10.5,100,26.6,16.21,-48.0418,19.8994,395.2,1
2018-10-07,6,8.33333,0.0,10.3333,93,27.06,18.83,-47.1179,19.5167,409.867,1
2018-10-07,7,8.33333,0.0,10.3333,92,26.54,23.04,-54.5089,22.5781,360.0,1
2018-10-07,8,8.5,0.0,10.3333,100,28.22,24.06,-54.5089,22.5781,360.0,1
2018-10-07,9,9.0,0.0,10.5,92,28.63,22.57,-47.1179,19.5167,401.85,1
2018-10-07,10,9.83333,0.0,11.1667,75,29.84,22.74,-47.5051,24.2334,356.4,1
2018-10-07,11,11.1667,0.25,12.1667,74,30.08,21.12,-23.5305,30.121,333.45,1
2018-10-07,12,12.8333,0.25,12.8333,75,10.73,17.87,-4.82574,38.3733,240.0,1
2018-10-07,13,14.5,0.25,13.1667,74,2.69,17.65,25.456,43.8304,208.145,1
2018-10-07,14,16.1667,0.25,13.1667,78,3.37,16.37,41.5955,31.3127,212.625,1
2018-10-07,15,17.6667,0.5,13.0,71,4.17,14.99,50.2817,19.9989,191.133,1
2018-10-07,16,18.6667,0.5,12.3333,71,3.62,14.5,57.5537,7.27092,181.895,1
2018-10-07,17,18.8333,0.5,11.5,70,3.59,16.98,59.0,0.0,186.66,1
2018-10-07,18,18.3333,0.5,10.6667,71,5.27,20.37,56.0,0.0,207.36,1
2018-10-07,19,17.1667,0.5,10.1667,69,13.12,23.24,51.0,0.0,240.505,1
2018-10-07,20,15.5,0.5,9.83333,68,18.41,27.57,63.0,0.0,222.821,1
2018-10-07,21,13.6667,0.25,9.5,71,27.15,32.95,54.0,0.0,284.612,1
2018-10-07,22,11.6667,0.25,9.16667,78,31.94,29.81,63.0,0.0,274.447,1
2018-10-07,23,10.0,0.0,8.66667,85,27.74,27.29,53.0,0.0,357.12,1
2018-10-08,0,8.33333,0.0,8.33333,88,25.72,26.59,60.0,0.0,352.0,0
2018-10-08,1,7.0,0.0,7.83333,87,14.76,25.98,65.0,0.0,360.0,0
2018-10-08,2,5.66667,0.0,7.5,85,13.09,26.25,53.6955,1.53072,464.0,0
2018-10-08,3,4.66667,0.0,7.0,86,13.56,26.57,52.9302,3.37848,504.0,0
2018-10-08,4,4.33333,0.0,6.66667,83,16.21,26.48,50.8088,5.49981,524.7,0
2018-10-08,5,4.16667,0.0,6.5,83,16.08,26.6,35.2733,9.03536,612.48,0
2018-10-08,6,4.5,0.0,6.33333,84,19.39,27.06,29.73,11.3314,574.08,0
2018-10-08,7,5.0,0.0,6.0,88,28.8,26.54,13.2628,14.0102,612.0,0
2018-10-08,8,5.83333,0.0,5.83333,90,28.66,28.22,-2.20432,16.689,620.229,0
2018-10-08,9,6.83333,0.0,6.0,84,19.76,28.63,-15.6715,19.3677,620.229,0
2018-10-08,10,7.83333,0.0,6.33333,80,12.68,29.84,-30.9864,22.8118,540.0,0
2018-10-08,11,9.0,0.0,7.16667,67,8.09,30.08,-46.9579,21.5215,419.76,0
2018-10-08,12,10.1667,0.0,8.16667,60,4.54,10.73,-49.8895,20.6647,345.257,0
2018-10-08,13,11.3333,0.0,9.5,56,3.97,2.69,-49.8895,20.6647,281.657,0
2018-10-08,14,12.5,0.0,10.6667,55,41.68,3.37,-45.007,24.4414,270.327,0
2018-10-08,15,13.0,0.0,11.8333,54,4.5,4.17,-44.7438,30.1314,251.631,0
2018-10-08,16,13.0,0.0,12.6667,57,13.55,3.62,-41.2187,33.6419,267.429,0
2018-10-08,17,12.3333,0.0,13.0,64,6.65,3.59,-36.0626,36.0626,297.0,0
2018-10-08,18,11.5,0.0,12.8333,78,13.59,5.27,-42.4266,42.4266,277.714,0
2018-10-08,19,10.6667,0.0,12.3333,80,12.87,13.12,-40.842,35.9712,328.714,0
2018-10-08,20,9.83333,0.0,11.6667,85,16.69,18.41,-49.1569,39.4153,300.0,0
2018-10-08,21,9.5,0.0,10.8333,81,10.62,27.15,-47.5723,32.9599,333.9,0
2018-10-08,22,9.33333,0.0,10.3333,75,8.25,31.94,-48.3258,28.3014,347.564,0
2018-10-08,23,9.5,0.0,9.66667,75,8.85,27.74,-49.7864,24.3499,339.2,0
2018-10-09,0,9.66667,0.0,9.33333,76,10.89,25.72,-52.6612,21.8128,325.867,0
2018-10-09,1,9.83333,0.0,9.0,77,10.01,14.76,-53.585,22.1954,312.8,0
2018-10-09,2,10.0,0.0,8.83333,78,10.65,13.09,-54.5089,22.5781,300.0,0
2018-10-09,3,9.83333,0.0,8.66667,79,12.67,13.56,-55.4328,22.9608,300.0,0
2018-10-09,4,9.66667,0.0,8.16667,78,14.91,16.21,-54.5089,22.5781,312.12,0
2018-10-09,5,9.5,0.0,7.83333,79,16.83,16.08,-53.585,22.1954,324.48,0
2018-10-09,6,9.33333,0.0,7.5,79,19.73,19.39,-52.6612,21.8128,337.08,0
2018-10-09,7,9.33333,0.0,7.16667,92,23.22,28.8,-51.7373,21.4301,349.92,0
2018-10-09,8,9.33333,0.0,7.0,95,28.12,28.66,-51.7373,21.4301,349.92,0
2018-10-09,9,9.5,0.0,7.0,90,26.81,19.76,-51.7373,21.4301,339.2,0
2018-10-09,10,10.0,0.0,7.5,79,25.21,12.68,-52.6612,21.8128,325.867,0
2018-10-09,11,10.6667,0.0,8.33333,68,24.01,8.09,-47.1179,19.5167,340.267,0
2018-10-09,12,11.5,0.0,9.5,62,21.26,4.54,-50.8134,21.0474,297.0,0
2018-10-09,13,12.1667,0.0,11.0,58,35.27,3.97,-51.4741,27.1201,250.92,0
2018-10-09,14,12.8333,0.0,12.5,58,52.5,41.68,-42.8961,29.3661,265.5,0
2018-10-09,15,13.3333,0.0,14.0,58,34.91,4.5,-41.7091,34.6735,251.631,0
2018-10-09,16,13.1667,0.0,15.0,59,16.71,13.55,-38.891,38.891,257.914,0
2018-10-09,17,12.6667,0.0,15.6667,62,17.66,6.65,-36.7697,36.7697,286.971,0
2018-10-09,18,12.0,0.0,15.6667,73,24.11,13.59,-43.8408,43.8408,258.514,0
2018-10-09,19,11.1667,0.0,15.3333,78,24.86,12.87,-41.0124,41.0124,297.6,0
2018-10-09,20,10.3333,0.0,14.5,86,27.39,16.69,-37.4768,37.4768,343.385,0
2018-10-09,21,9.66667,0.0,13.3333,89,28.21,10.62,-45.7917,40.9209,310.708,0
2018-10-09,22,9.33333,0.0,12.3333,85,24.48,8.25,-44.9142,35.1726,335.345,0
2018-10-09,23,9.16667,0.0,11.3333,83,23.44,8.85,-45.451,30.8386,349.92,0
2018-10-10,0,9.0,0.0,10.6667,87,22.01,10.89,-46.6948,27.2116,363.0,0
2018-10-10,1,9.0,0.0,10.0,90,21.92,10.01,-47.9386,23.5846,366.667,0
2018-10-10,2,9.0,0.0,9.66667,92,22.79,10.65,-49.8895,20.6647,366.667,0
2018-10-10,3,9.0,0.0,9.5,91,23.37,12.67,-49.8895,20.6647,366.667,0
2018-10-10,4,8.83333,0.0,9.33333,92,24.42,14.91,-49.8895,20.6647,366.667,0
2018-10-10,5,8.66667,0.0,9.16667,93,25.69,16.83,-48.9656,20.282,380.8,0
2018-10-10,6,8.5,0.0,9.0,94,28.14,19.73,-48.0418,19.8994,395.2,0
2018-10-10,7,8.33333,0.0,8.83333,100,33.16,23.22,-47.1179,19.5167,409.867,0
2018-10-10,8,8.0,0.0,8.66667,100,37.15,28.12,-54.5089,22.5781,360.0,0
2018-10-10,9,7.66667,0.0,8.83333,100,36.29,26.81,-52.6612,21.8128,388.267,0
2018-10-10,10,7.5,0.0,9.5,94,35.35,25.21,-50.8134,21.0474,417.6,0
2018-10-10,11,7.33333,0.0,10.5,80,34.37,24.01,-48.9656,20.282,437.25,0
2018-10-10,12,7.16667,0.0,11.8333,70,30.2,21.26,-48.0418,19.8994,453.6,0
2018-10-10,13,7.16667,0.0,13.5,64,29.75,35.27,-47.1179,19.5167,470.25,0
2018-10-10,14,7.33333,0.0,15.3333,64,25.7,52.5,-47.1179,19.5167,470.25,0
2018-10-10,15,7.33333,0.0,17.0,65,23.05,34.91,-31.7268,16.4552,460.8,0
2018-10-10,16,7.33333,0.0,18.1667,65,21.59,16.71,-31.7268,11.0977,460.8,0
2018-10-10,17,7.33333,0.0,18.8333,73,19.25,17.66,-25.2597,1.41896,460.8,0
2018-10-10,18,7.5,0.0,18.6667,97,26.25,24.11,-18.7925,-8.2598,460.8,0
2018-10-10,19,7.33333,0.0,18.1667,97,33.81,24.86,-12.3254,-18.9386,443.143,0
2018-10-10,20,7.33333,0.0,17.1667,98,50.16,27.39,-8.53696,-28.0845,453.6,0
2018-10-10,21,7.5,0.0,15.8333,98,48.69,28.21,-6.8028,-36.8028,453.6,0
2018-10-10,22,7.83333,0.0,14.5,98,47.04,24.48,-20.4597,-42.4597,443.143,0
2018-10-10,23,8.16667,0.0,13.3333,93,41.54,23.44,-20.3565,-46.1449,408.857,0
2018-10-11,0,8.33333,0.0,12.5,98,43.59,22.01,-26.7205,-45.5089,375.943,0
2018-10-11,1,8.66667,0.0,11.6667,99,43.92,21.92,-33.0845,-44.8729,360.0,0
2018-10-11,2,8.83333,0.0,11.1667,100,40.22,22.79,-36.7697,-36.7697,386.4,0
2018-10-11,3,9.16667,0.0,11.0,98,39.42,23.37,-37.4768,-37.4768,371.25,0
2018-10-11,4,9.33333,0.0,10.8333,97,38.2,24.42,-38.891,-38.891,352.8,0
2018-10-11,5,9.5,0.0,10.5,98,38.68,25.69,-39.5982,-39.5982,339.2,0
2018-10-11,6,9.66667,0.0,10.3333,100,40.06,28.14,-40.3053,-40.3053,325.867,0
2018-10-11,7,10.0,0.0,10.1667,100,41.02,33.16,-41.0124,-41.0124,312.8,0
2018-10-11,8,10.3333,0.0,10.1667,100,41.48,37.15,-36.0626,-36.0626,346.92,0
2018-10-11,9,10.8333,0.0,10.1667,95,35.17,36.29,-36.7697,-36.7697,334.08,0
2018-10-11,10,11.6667,0.0,10.5,83,34.81,35.35,-38.891,-38.891,297.0,0
2018-10-11,11,12.8333,0.0,11.5,70,35.41,34.37,-42.4266,-42.4266,240.0,0
2018-10-11,12,14.3333,0.0,12.8333,60,29.18,30.2,-39.5982,-39.5982,228.0,0
2018-10-11,13,15.6667,0.0,14.5,54,28.56,29.75,-36.0626,-36.0626,225.28,0
2018-10-11,14,16.8333,0.0,16.1667,52,25.79,25.7,-38.891,-38.891,201.318,0
2018-10-11,15,17.5,0.0,17.8333,50,24.04,23.05,-39.5982,-39.5982,202.926,0
2018-10-11,16,17.6667,0.0,19.0,53,23.02,21.59,-38.1839,-38.1839,217.579,0
2018-10-11,17,17.3333,0.0,19.5,58,22.37,19.25,-36.0626,-36.0626,236.733,0
2018-10-11,18,16.6667,0.0,19.3333,74,28.44,26.25,-46.6693,-46.6693,194.133,0
2018-10-11,19,16.1667,0.0,18.8333,76,28.37,33.81,-44.5479,-44.5479,209.647,0
2018-10-11,20,15.8333,0.0,18.0,76,29.77,50.16,-43.8408,-43.8408,210.6,0
2018-10-11,21,15.6667,0.0,17.0,74,31.07,48.69,-43.8408,-43.8408,203.52,0
2018-10-11,22,15.6667,0.0,16.0,74,29.53,47.04,-44.5479,-44.5479,195.52,0
2018-10-11,23,15.6667,0.0,15.1667,73,29.36,41.54,-48.7234,-40.0642,195.0,0
2018-10-12,0,15.6667,0.0,14.5,75,27.88,43.59,-51.2678,-34.4906,202.725,0
2018-10-12,1,15.3333,0.0,14.0,78,28.23,43.92,-53.8122,-28.917,210.6,0
2018-10-12,2,15.0,0.0,13.6667,80,27.64,40.22,-55.4328,-22.9608,226.8,0
2018-10-12,3,14.6667,0.0,13.3333,78,28.31,39.42,-53.585,-22.1954,237.12,0
2018-10-12,4,14.3333,0.0,13.1667,79,28.91,38.2,-52.6612,-21.8128,245.92,0
2018-10-12,5,14.1667,0.0,12.8333,81,29.65,38.68,-51.7373,-21.4301,248.571,0
2018-10-12,6,13.8333,0.0,12.6667,85,31.03,40.06,-51.7373,-21.4301,248.571,0
2018-10-12,7,13.6667,0.0,12.3333,87,32.17,41.02,-50.8134,-21.0474,257.914,0
2018-10-12,8,13.5,0.0,12.1667,91,34.27,41.48,-49.8895,-20.6647,267.429,0
2018-10-12,9,13.5,0.0,12.1667,87,31.1,35.17,-48.9656,-20.282,277.114,0
2018-10-12,10,13.8333,0.0,12.6667,72,30.2,34.81,-48.9656,-20.282,271.385,0
2018-10-12,11,14.3333,0.0,13.6667,62,29.19,35.41,-51.7373,-21.4301,242.031,0
2018-10-12,12,15.1667,0.0,15.0,56,26.23,29.18,-55.4328,-22.9608,205.477,0
2018-10-12,13,16.0,0.0,16.8333,52,24.39,28.56,-47.1179,-19.5167,229.125,0
2018-10-12,14,16.8333,0.0,18.6667,52,22.75,25.79,-14.3358,-13.3938,216.847,0
2018-10-12,15,17.1667,0.0,20.3333,50,22.49,24.04,19.3702,-6.88824,213.333,0
2018-10-12,16,16.6667,0.0,21.3333,52,22.47,23.02,52.0,0.0,228.8,0
2018-10-12,17,15.8333,0.0,21.8333,58,24.03,22.37,65.0,0.0,201.4,0
2018-10-12,18,14.6667,0.0,21.5,68,27.64,28.44,35.9134,-4.59216,247.8,0
2018-10-12,19,13.3333,0.0,20.6667,75,37.26,28.37,7.75076,-8.80164,297.6,0
2018-10-12,20,11.8333,0.0,19.3333,86,46.22,29.77,-1.48804,-12.6284,275.4,0
2018-10-12,21,10.8333,0.0,17.8333,90,46.7,31.07,-25.803,-16.0726,321.231,0
2018-10-12,22,10.3333,0.0,16.5,89,54.64,29.53,-28.803,-16.0726,348.0,0
2018-10-12,23,10.0,0.0,15.1667,91,51.58,29.36,-18.803,-16.0726,300.0,0
2018-10-13,0,9.83333,0.0,14.1667,93,43.77,27.88,2.2836,-11.4804,311.564,1
2018-10-13,1,9.66667,0.0,13.3333,91,44.35,28.23,22.4463,-7.27092,312.12,1
2018-10-13,2,9.83333,0.0,12.8333,90,42.25,27.64,40.6851,-3.44412,312.8,1
2018-10-13,3,9.83333,0.0,12.5,89,38.38,28.31,59.0,0.0,312.12,1
2018-10-13,4,9.83333,0.0,12.1667,89,39.02,28.91,59.0,0.0,312.12,1
2018-10-13,5,9.83333,0.0,11.8333,89,38.3,29.65,59.0,0.0,312.12,1
2018-10-13,6,9.83333,0.0,11.6667,91,45.85,31.03,59.0,0.0,312.12,1
2018-10-13,7,10.0,0.0,11.3333,94,53.31,32.17,59.0,0.0,300.0,1
2018-10-13,8,10.0,0.0,11.1667,100,48.83,34.27,60.0,0.0,300.0,1
2018-10-13,9,10.0,0.0,11.3333,92,46.92,31.1,60.0,0.0,300.0,1
2018-10-13,10,10.1667,0.0,11.8333,82,41.55,30.2,60.0,0.0,300.0,1
2018-10-13,11,10.5,0.0,13.0,69,37.57,29.19,51.0,0.0,346.92,1
2018-10-13,12,11.0,0.0,14.5,58,31.27,26.23,53.0,0.0,321.48,1
2018-10-13,13,11.5,0.0,16.3333,53,29.33,24.39,56.0,0.0,285.12,1
2018-10-13,14,12.0,0.0,18.1667,54,27.97,22.75,59.0,0.0,250.92,1
2018-10-13,15,12.5,0.0,19.8333,52,27.48,22.49,51.0,0.0,286.7,1
2018-10-13,16,12.6667,0.0,21.0,56,26.59,22.47,52.0,0.0,281.538,1
2018-10-13,17,12.5,0.0,21.3333,64,25.81,24.03,27.9134,-4.59216,291.877,1
2018-10-13,18,12.1667,0.0,21.0,92,28.69,27.64,17.7508,-8.80164,249.508,1
2018-10-13,19,11.6667,0.0,20.1667,96,35.62,37.26,-5.41192,-13.0111,269.077,1
2018-10-13,20,11.1667,0.0,18.8333,100,43.67,46.22,-27.6507,-16.8379,299.815,1
2018-10-13,21,10.6667,0.0,17.1667,100,49.03,46.7,-49.8895,-20.6647,324.8,1
2018-10-13,22,10.5,0.0,15.6667,90,44.68,54.64,-48.0418,-19.8994,341.127,1
2018-10-13,23,10.5,0.0,14.3333,89,36.19,51.58,-48.0418,-19.8994,341.127,1
2018-10-14,0,10.5,0.0,13.3333,91,35.55,43.77,-48.0418,-19.8994,334.08,1
2018-10-14,1,10.6667,0.0,12.6667,89,35.55,44.35,-48.9656,-20.282,321.48,1
2018-10-14,2,10.8333,0.0,12.3333,91,35.01,42.25,-49.8895,-20.6647,309.12,1
2018-10-14,3,11.0,0.0,12.3333,85,33.38,38.38,-50.8134,-21.0474,305.455,1
2018-10-14,4,11.1667,0.0,12.1667,87,33.09,39.02,-50.8134,-21.0474,305.455,1
2018-10-14,5,11.3333,0.0,12.1667,87,33.7,38.3,-51.7373,-21.4301,294.0,1
2018-10-14,6,11.5,0.0,12.1667,88,34.43,45.85,-52.6612,-21.8128,282.764,1
2018-10-14,7,11.8333,0.0,12.0,90,35.17,53.31,-53.585,-22.1954,271.745,1
2018-10-14,8,12.1667,0.0,12.0,93,36.26,48.83,-55.4328,-22.9608,250.364,1
2018-10-14,9,12.8333,0.0,12.0,88,35.43,46.92,-57.2806,-23.7262,240.0,1
2018-10-14,10,14.0,0.0,12.6667,73,34.66,41.55,-48.9656,-20.282,265.5,1
2018-10-14,11,15.5,0.0,13.6667,61,31.1,37.57,-55.4328,-22.9608,205.477,1
2018-10-14,12,17.3333,0.0,15.0,53,25.84,31.27,-50.8134,-21.0474,192.0,1
2018-10-14,13,19.0,0.0,16.6667,48,23.64,29.33,-58.2044,-24.1088,155.621,1
2018-10-14,14,20.6667,0.0,18.3333,47,21.35,27.97,-61.9,-25.6396,141.943,1
2018-10-14,15,21.8333,0.0,20.0,44,19.33,27.48,-63.7477,-26.4049,140.87,1
2018-10-14,16,21.8333,0.0,21.0,45,19.56,26.59,-62.8238,-26.0222,146.348,1
2018-10-14,17,21.3333,0.0,21.3333,52,22.29,25.81,-59.1283,-24.4915,169.304,1
2018-10-14,18,20.3333,0.0,21.1667,65,24.51,28.69,-54.5089,-22.5781,195.873,1
2018-10-14,19,19.1667,0.0,20.6667,67,26.96,35.62,-49.8895,-20.6647,217.579,1
2018-10-14,20,18.0,0.0,19.8333,66,31.17,43.67,-47.1179,-19.5167,236.733,1
2018-10-14,21,16.8333,0.0,18.8333,64,28.16,49.03,-61.9,-25.6396,187.0,1
2018-10-14,22,16.0,0.0,17.8333,64,28.78,44.68,-59.1283,-24.4915,202.024,1
2018-10-14,23,15.3333,0.0,17.0,63,29.59,36.19,-29.4224,-17.986,218.625,1
2018-10-15,0,14.6667,0.0,16.3333,65,28.65,35.55,-0.640279,-11.8631,235.125,0
2018-10-15,1,14.1667,0.0,15.6667,68,28.1,35.55,27.1418,-5.7402,254.88,0
2018-10-15,2,13.5,0.0,15.1667,69,27.82,35.01,54.0,0.0,267.429,0
2018-10-15,3,13.0,0.0,14.6667,68,27.78,33.38,52.0,0.0,286.971,0
2018-10-15,4,12.6667,0.0,14.1667,67,28.13,33.09,40.9134,-4.59216,240.0,0
2018-10-15,5,12.3333,0.0,13.8333,66,28.39,33.7,15.8269,-9.18432,249.508,0
2018-10-15,6,12.1667,0.0,13.3333,65,26.59,34.43,-8.25968,-13.7765,259.2,0
2018-10-15,7,11.8333,0.0,13.0,63,26.48,35.17,-32.3462,-18.3686,260.0,0
2018-10-15,8,11.6667,0.0,12.5,61,28.98,36.26,-54.5089,-22.5781,270.3,0
2018-10-15,9,11.6667,0.0,12.3333,59,24.37,35.43,-53.585,-22.1954,280.8,0
2018-10-15,10,12.3333,0.0,12.6667,59,22.17,34.66,-53.585,-22.1954,280.8,0
2018-10-15,11,13.1667,0.0,13.3333,52,21.96,31.1,-26.4985,-17.6033,240.0,0
2018-10-15,12,14.1667,0.0,14.5,46,20.53,25.84,11.7508,-8.80164,228.0,0
2018-10-15,13,15.3333,0.0,15.8333,43,20.46,23.64,51.0,0.0,229.125,0
2018-10-15,14,16.3333,0.0,17.5,42,20.44,21.35,53.0,0.0,216.847,0
2018-10-15,15,17.0,0.0,18.8333,41,19.93,19.33,53.0,0.0,221.0,0
2018-10-15,16,16.6667,0.0,19.8333,44,21.59,19.56,51.0,0.0,236.733,0
2018-10-15,17,15.8333,0.0,20.3333,47,22.32,22.29,65.0,0.0,201.4,0
2018-10-15,18,14.6667,0.0,20.1667,53,24.87,24.51,59.0,0.0,241.553,0
2018-10-15,19,13.1667,0.0,19.5,56,26.11,26.96,53.0,0.0,288.225,0
2018-10-15,20,11.8333,0.0,18.5,60,27.21,31.17,62.0,0.0,275.4,0
2018-10-15,21,10.6667,0.0,17.3333,60,25.93,28.16,55.0,0.0,328.714,0
2018-10-15,22,9.83333,0.0,16.1667,61,25.05,28.78,64.0,0.0,300.0,0
2018-10-15,23,9.33333,0.0,15.0,63,26.83,29.59,59.0,0.0,333.9,0
2018-10-16,0,9.0,0.0,14.1667,64,27.76,28.65,38.6851,-3.44412,360.0,0
2018-10-16,1,9.16667,0.0,13.6667,61,28.59,28.1,19.3702,-6.88824,366.667,0
2018-10-16,2,9.33333,0.0,13.1667,62,32.59,27.82,1.13136,-10.715,352.8,0
2018-10-16,3,9.5,0.0,12.8333,61,28.47,27.78,-17.1074,-14.5418,339.2,0
2018-10-16,4,9.66667,0.0,12.5,62,28.38,28.13,-35.3462,-18.3686,325.867,0
2018-10-16,5,9.66667,0.0,12.1667,64,29.57,28.39,-34.3462,-18.3686,312.8,0
2018-10-16,6,9.66667,0.0,11.8333,67,31.88,26.59,-17.0313,-14.9245,312.8,0
2018-10-16,7,9.5,0.0,11.3333,70,33.99,26.48,0.283601,-11.4804,324.48,0
2018-10-16,8,9.33333,0.0,11.0,70,35.63,28.98,18.5224,-7.6536,337.08,0
2018-10-16,9,9.33333,0.0,11.0,68,33.5,24.37,36.7612,-3.8268,349.92,0
2018-10-16,10,9.33333,0.0,11.3333,68,31.87,22.17,56.0,0.0,349.92,0
2018-10-16,11,9.5,0.0,12.3333,58,34.09,21.96,56.0,0.0,339.2,0
2018-10-16,12,9.66667,0.0,13.6667,51,28.98,20.53,57.0,0.0,325.867,0
2018-10-16,13,9.66667,0.0,15.3333,47,27.48,20.46,38.7612,3.8268,312.8,0
2018-10-16,14,9.66667,0.0,17.1667,50,28.07,20.44,38.7612,3.8268,312.8,0
2018-10-16,15,9.33333,0.0,18.6667,51,25.82,19.93,38.7612,3.8268,324.48,0
2018-10-16,16,9.0,0.0,19.6667,57,27.35,21.59,36.7612,3.8268,349.92,0
2018-10-16,17,8.66667,0.0,20.0,63,29.01,22.32,34.7612,3.8268,376.32,0
2018-10-16,18,8.33333,0.0,19.6667,71,31.83,24.87,32.7612,3.8268,403.68,0
2018-10-16,19,8.16667,0.0,19.0,72,39.35,26.11,40.7612,3.8268,360.0,0
2018-10-16,20,8.0,0.0,17.8333,76,51.18,27.21,58.0,0.0,374.0,0
2018-10-16,21,8.0,0.0,16.5,78,58.19,25.93,57.0,0.0,388.267,0
2018-10-16,22,8.0,0.0,15.1667,77,52.84,25.05,56.0,0.0,390.0,0
2018-10-16,23,7.83333,0.0,14.0,75,47.66,26.83,56.0,0.0,390.0,0
2018-10-17,0,7.83333,0.0,13.1667,79,41.81,27.76,55.0,0.0,405.45,0
2018-10-17,1,7.83333,0.0,12.3333,82,35.53,28.59,55.0,0.0,405.45,0
2018-10-17,2,8.0,0.0,11.8333,82,34.88,32.59,55.0,0.0,405.45,0
2018-10-17,3,8.0,0.0,11.3333,83,35.07,28.47,56.0,0.0,390.0,0
2018-10-17,4,8.0,0.0,11.0,83,34.73,28.38,56.0,0.0,390.0,0
2018-10-17,5,8.0,0.0,10.5,89,36.93,29.57,40.609,-3.06144,390.0,0
2018-10-17,6,7.83333,0.0,10.1667,84,37.96,31.88,26.1418,-5.7402,392.229,0
2018-10-17,7,7.66667,0.0,10.0,81,41.23,33.99,26.1418,-5.7402,405.45,0
2018-10-17,8,7.33333,0.0,9.83333,90,42.33,35.63,25.1418,-5.7402,421.2,0
2018-10-17,9,7.33333,0.0,10.0,88,44.88,33.5,24.1418,-5.7402,448.0,0
2018-10-17,11,7.16667,0.0,11.6667,66,51.72,34.09,22.1418,-5.7402,470.25,0
2018-10-17,12,7.16667,0.0,13.0,54,42.36,28.98,29.1418,-5.7402,420.0,0
2018-10-17,13,7.33333,0.0,14.5,49,34.43,27.48,43.5328,-2.67876,420.0,0
2018-10-17,14,7.5,0.0,16.1667,49,32.83,28.07,51.0,0.0,460.8,0
2018-10-17,15,7.33333,0.0,17.8333,49,30.71,25.82,52.0,0.0,443.143,0
2018-10-17,16,7.0,0.0,19.0,53,30.65,27.35,52.0,0.0,453.6,0
2018-10-17,17,6.5,0.0,19.3333,68,35.83,29.01,47.3806,1.9134,436.05,0
2018-10-17,18,6.16667,0.0,19.0,79,43.32,31.83,43.3806,1.9134,490.629,0
2018-10-17,19,6.0,0.0,18.3333,83,47.69,39.35,41.3806,1.9134,528.0,0
2018-10-17,20,5.83333,0.0,17.1667,92,59.5,51.18,27.9134,-0.76536,528.0,0
2018-10-17,21,5.83333,0.0,15.5,96,58.5,58.19,14.4463,-3.44412,538.65,0
2018-10-17,22,6.16667,0.0,14.0,94,64.75,52.84,21.4463,-3.44412,480.0,0
2018-10-17,23,6.66667,0.0,12.8333,91,59.55,47.66,20.4463,-3.44412,497.25,0
2018-10-18,0,7.0,0.0,11.8333,92,49.5,41.81,19.4463,-3.44412,498.343,0
2018-10-18,1,7.0,0.0,11.0,92,44.93,35.53,24.0657,-5.35752,492.9,0
2018-10-18,2,7.0,0.0,10.5,91,40.56,34.88,27.0657,-5.35752,440.64,0
2018-10-18,3,7.0,0.0,10.3333,87,37.54,35.07,29.0657,-5.35752,437.143,0
2018-10-18,4,7.0,0.0,10.1667,89,38.16,34.73,42.5328,-2.67876,437.143,0
2018-10-18,5,7.0,0.0,9.83333,90,38.07,36.93,56.0,0.0,437.143,0
2018-10-18,6,6.83333,0.0,9.66667,91,42.44,37.96,56.0,0.0,437.143,0
2018-10-18,9,6.5,0.0,9.16667,95,45.21,44.88,18.3702,6.88824,490.629,0
2018-10-18,12,7.16667,0.0,12.0,59,42.22,42.36,-15.5908,24.1788,472.457,0
2018-10-18,13,7.83333,0.0,13.5,56,40.245,34.43,-22.5908,33.1788,437.143,0
2018-10-18,14,8.66667,0.0,15.1667,58,46.18,32.83,-24.0475,40.8827,413.4,0
2018-10-18,15,9.33333,0.0,16.5,60,51.45,30.71,-5.18277,46.4533,377.143,0
2018-10-18,16,10.0,0.0,17.1667,65,50.16,30.65,7.54521,51.6662,314.743,0
2018-10-18,18,10.5,0.0,16.6667,86,57.2,43.32,31.1128,45.8818,309.12,0
2018-10-18,19,10.1667,0.0,15.8333,93,54.43,47.69,37.4768,42.2458,329.018,0
2018-10-18,20,9.5,0.0,14.8333,99,45.39,59.5,43.1337,47.9026,300.0,0
2018-10-18,21,8.66667,0.0,13.6667,99,33.91,58.5,40.3053,42.6897,347.564,0
2018-10-18,22,7.83333,0.0,12.8333,93,30.38,64.75,38.0703,34.8231,411.927,0
2018-10-18,23,7.0,0.0,12.3333,89,28.9,59.55,43.6136,37.1192,398.945,0
2018-10-19,0,6.5,0.0,11.8333,91,26.56,49.5,41.3787,31.6371,468.218,0
2018-10-19,1,6.16667,0.0,11.5,94,24.17,44.93,47.3787,31.6371,448.145,0
2018-10-19,2,6.0,0.0,11.3333,100,21.64,40.56,45.6005,23.8589,498.667,0
2018-10-19,3,6.0,0.0,11.3333,95,20.81,37.54,44.7798,15.1988,538.65,0
2018-10-19,9,5.5,0.0,7.66667,99,36.22,45.21,34.4476,-31.1068,561.6,0
2018-10-19,10,5.66667,0.0,7.66667,84,34.86,46.94,30.361,-35.7262,583.0,0
2018-10-19,12,6.5,0.0,9.5,61,7.08,42.22,32.6759,-39.1703,520.0,0
2018-10-19,13,7.16667,0.0,10.8333,55,3.24,40.245,32.5055,-34.1291,517.0,0
2018-10-19,14,8.0,0.0,12.0,53,5.03,46.18,39.2094,-28.5858,457.6,0
2018-10-19,15,8.83333,0.0,13.0,52,3.95,51.45,44.9999,-18.4231,399.36,0
2018-10-19,16,9.16667,0.0,13.5,54,3.84,50.16,51.1731,-9.18432,361.029,0
2018-10-19,18,8.83333,0.0,12.8333,73,7.06,57.2,54.3149,-3.44412,352.8,0
2018-10-19,19,8.33333,0.0,12.0,80,27.63,54.43,52.4672,-2.67876,380.8,0
2018-10-19,20,7.5,0.0,10.8333,88,57.68,45.39,58.0104,-4.97484,360.0,0
2018-10-19,21,6.66667,0.0,9.5,96,61.91,33.91,52.546,-8.51039,429.0,0
2018-10-19,22,6.0,0.0,8.16667,99,59.7,30.38,52.546,-13.5104,420.0,0
2018-10-19,23,5.5,0.0,7.0,99,52.05,28.9,39.0104,-17.0459,495.0,0
2018-10-20,0,5.33333,0.0,6.0,100,45.07,26.56,44.0104,-17.0459,480.0,1
2018-10-20,1,5.5,0.0,5.33333,100,43.75,24.17,28.4672,-14.7499,530.0,1
2018-10-20,2,5.83333,0.0,5.0,100,38.68,21.64,14.5174,-9.80009,550.8,1
2018-10-20,3,6.0,0.0,5.0,92,24.8,20.81,1.56762,-4.85032,555.429,1
2018-10-20,8,7.16667,0.25,7.0,77,24.43,26.67,-22.7137,44.7493,457.6,1
2018-10-20,9,7.83333,0.25,7.5,68,24.68,36.22,-17.1705,51.4533,420.0,1
2018-10-20,10,8.5,0.33,7.83333,77,22.61,34.86,-0.19982,50.7925,413.4,1
2018-10-20,11,9.16667,0.33,8.33333,69,23.55,22.76,11.4634,48.9448,393.6,1
2018-10-20,12,10.0,0.33,9.0,61,16.57,7.08,21.9204,52.6403,329.829,1
2018-10-20,13,10.6667,0.33,9.83333,54,8.81,3.24,30.4057,48.7268,326.8,1
2018-10-20,14,11.1667,0.74,10.5,52,6.67,5.03,38.891,48.2122,297.0,1
2018-10-20,15,11.3333,0.74,11.0,55,6.91,3.95,40.3053,47.4587,273.48,1
2018-10-20,16,11.3333,0.41,11.3333,61,8.25,3.84,41.0124,45.9981,271.745,1
2018-10-20,17,11.0,0.41,11.3333,72,25.3,2.3,40.3053,42.9065,291.5,1
2018-10-20,18,10.5,0.82,11.1667,77,20.65,7.06,38.1839,38.1839,324.8,1
2018-10-20,19,9.83333,1.23,10.6667,82,33.02,27.63,36.0626,38.0135,359.9,1
2018-10-20,20,9.0,0.82,10.1667,83,26.21,57.68,33.0012,45.4046,333.9,1
2018-10-20,21,8.33333,0.82,9.66667,85,23.75,61.91,21.8371,43.3864,385.527,1
2018-10-20,22,7.83333,0.82,9.33333,87,24.38,59.7,16.8873,48.3362,360.0,1
2018-10-20,23,7.5,0.82,9.16667,84,23.41,52.05,4.15934,45.5077,400.68,1
2018-10-21,0,7.16667,0.41,9.0,83,19.64,45.07,-7.86153,43.3864,432.667,1
2018-10-21,1,6.83333,0.0,8.83333,85,16.49,43.75,-19.1753,41.9722,463.6,1
2018-10-21,2,6.66667,0.0,8.5,88,10.31,38.68,-23.4179,46.2149,435.2,1
2018-10-21,3,6.5,0.0,8.16667,90,9.61,24.8,-34.0246,42.1426,469.05,1
2018-10-21,4,6.33333,0.0,7.66667,90,8.47,18.29,-35.2058,38.9942,490.629,1
2018-10-21,5,6.16667,0.0,7.33333,81,6.65,19.14,-36.7697,36.7697,509.143,1
2018-10-21,6,6.0,0.23,7.0,83,5.86,21.45,-36.0626,36.0626,528.0,1
2018-10-21,7,6.0,0.23,6.83333,88,9.02,23.95,-40.3053,40.3053,480.0,1
2018-10-21,8,6.0,0.23,6.83333,95,15.19,24.43,-39.5982,39.5982,498.343,1
2018-10-21,9,6.16667,0.23,7.0,91,20.93,24.68,-36.9445,40.1917,517.029,1
2018-10-21,10,6.66667,0.23,7.5,98,17.53,22.61,-34.6735,41.7091,499.8,1
2018-10-21,11,7.33333,0.23,8.16667,83,19.88,23.55,-29.6323,41.5387,496.8,1
2018-10-21,12,8.16667,0.0,9.0,71,16.97,16.57,-29.2164,46.5348,420.0,1
2018-10-21,13,9.16667,0.0,10.1667,63,8.94,8.81,-24.9406,48.2122,377.4,1
2018-10-21,14,10.1667,0.0,11.3333,60,8.66,6.67,-21.0474,50.8134,316.2,1
2018-10-21,15,11.0,0.0,12.3333,58,6.89,6.91,-20.6647,49.8895,300.667,1
2018-10-21,16,11.5,0.0,13.0,64,9.15,8.25,-21.8128,52.6612,273.48,1
2018-10-21,17,11.6667,0.0,13.1667,69,25.99,25.3,-22.5781,54.5089,260.945,1
2018-10-21,18,11.6667,0.0,13.0,75,21.82,20.65,-22.5781,54.5089,270.3,1
2018-10-21,19,11.1667,0.0,12.3333,81,36.76,33.02,-22.1954,53.585,280.8,1
2018-10-21,20,10.6667,0.0,11.3333,88,27.47,26.21,-23.9673,48.8625,313.5,1
2018-10-21,21,10.3333,0.0,10.3333,89,20.1,23.75,-25.7391,44.1399,348.0,1
2018-10-21,22,10.0,0.0,9.5,90,17.41,24.38,-32.8102,51.211,300.0,1
2018-10-21,23,10.0,0.0,8.83333,94,16.04,23.41,-35.2891,47.1955,311.564,1
2018-10-22,0,10.1667,0.0,8.16667,88,13.89,19.64,-38.8579,44.8111,311.564,0
2018-10-22,1,10.6667,0.0,7.83333,84,12.41,16.49,-36.7697,36.7697,326.8,0
2018-10-22,2,11.3333,0.0,7.83333,85,11.55,10.31,-38.891,38.891,297.0,0
2018-10-22,3,11.8333,0.0,7.83333,83,12.48,9.61,-41.0124,41.0124,262.08,0
2018-10-22,4,12.5,0.0,7.83333,83,13.14,8.47,-43.1337,43.1337,240.0,0
2018-10-22,5,13.0,0.0,7.83333,83,12.55,6.65,-36.7697,36.7697,276.0,0
2018-10-22,6,13.3333,0.0,8.0,82,18.89,5.86,-38.1839,38.1839,261.415,0
2018-10-22,7,13.8333,0.0,8.16667,82,21.27,9.02,-38.891,38.891,251.631,0
2018-10-22,8,14.1667,1.02,8.33333,85,29.04,15.19,-40.3053,40.3053,239.4,0
2018-10-22,9,14.5,2.04,8.5,91,26.22,20.93,-41.0124,41.0124,230.4,0
2018-10-22,10,14.8333,2.04,8.83333,77,29.55,17.53,-36.853,44.971,221.571,0
2018-10-22,11,15.3333,2.04,9.33333,79,40.51,19.88,-33.0764,49.8536,211.68,0
2018-10-22,12,16.1667,2.04,9.83333,78,26.38,16.97,-28.9753,54.9529,195.52,0
2018-10-22,13,17.0,2.04,10.3333,78,16.69,8.94,-12.6284,49.488,220.8,0
2018-10-22,14,18.0,1.02,10.8333,76,14.59,8.66,7.63664,53.1836,193.765,0
2018-10-22,15,18.8333,0.0,11.3333,71,8.58,6.89,28.9915,52.3269,175.137,0
2018-10-22,16,19.1667,0.48,11.5,66,7.59,9.15,43.1337,47.4691,173.46,0
2018-10-22,17,19.1667,0.48,11.3333,62,8.74,25.99,41.7195,41.7195,191.314,0
2018-10-22,18,18.6667,0.96,11.1667,62,14.13,21.82,38.891,42.5761,214.5,0
2018-10-22,19,18.0,0.96,10.6667,64,12.75,36.76,36.0626,39.7477,236.733,0
2018-10-22,20,17.0,0.96,10.1667,64,8.99,27.47,47.3764,51.0615,187.0,0
2018-10-22,21,16.1667,0.96,9.5,64,7.09,20.1,45.255,52.1917,202.024,0
2018-10-22,22,15.5,0.48,9.0,61,15.5,17.41,43.8408,50.3439,210.6,0
2018-10-22,23,15.0,0.48,8.66667,60,6.66,16.04,42.4266,51.9645,226.8,0
2018-10-23,0,14.5,0.0,8.33333,58,7.94,13.89,41.0124,53.585,237.12,0
2018-10-23,1,14.0,0.0,8.16667,60,4.32,12.41,30.4057,52.7268,254.88,0
2018-10-23,2,13.8333,0.0,8.0,58,1.59,11.55,19.7991,51.8686,267.429,0
2018-10-23,3,13.8333,0.0,8.16667,56,3.25,12.48,9.89954,52.9343,267.429,0
2018-10-23,4,14.5,0.0,8.16667,60,3.14,13.14,-5.7402,53.8582,251.631,0
2018-10-23,5,15.6667,1.27,8.16667,64,3.35,12.55,-12.6284,57.488,205.477,0
2018-10-23,6,16.6667,2.54,8.16667,78,4.63,18.89,-20.6647,49.8895,200.08,0
2018-10-23,7,17.3333,5.28,8.16667,78,4.35,21.27,-22.1954,53.585,184.0,0
2018-10-23,8,17.8333,8.02,8.0,78,5.7,29.04,-27.3281,48.9761,204.8,0
2018-10-23,9,18.6667,10.76,7.83333,77,15.49,26.22,-31.3127,41.5955,225.095,0
2018-10-23,10,19.1667,13.55,7.83333,82,16.73,29.55,-38.1839,38.1839,209.012,0
2018-10-23,11,22.5,12.28,8.16667,79,39.04,40.51,-41.0124,41.0124,179.082,0
2018-10-23,12,27.1667,11.01,8.66667,76,38.69,26.38,-43.8408,43.8408,101.143,0
2018-10-23,13,32.3333,8.27,9.16667,78,10.74,16.69,-62.2257,62.2257,68.2537,0
2018-10-23,14,39.6667,5.53,10.0,73,6.42,14.59,-67.1754,67.1754,65.0553,0
2018-10-23,15,46.3333,5.25,10.5,73,5.34,8.58,-43.1337,43.1337,98.3607,0
2018-10-23,16,52.0,2.46,11.0,72,5.93,7.59,-22.9608,55.4328,100.0,0
2018-10-23,17,54.1667,2.46,11.0,70,4.77,8.74,-21.0474,50.8134,109.091,0
2018-10-23,18,54.8333,4.92,10.8333,74,5.73,14.13,0.0,54.0,111.111,0
2018-10-23,19,54.8333,4.92,10.6667,80,6.64,12.75,0.0,51.0,117.647,0
2018-10-23,20,52.6667,7.03,10.3333,74,4.15,8.99,33.9413,95.3462,64.8471,0
2018-10-23,21,50.0,4.57,10.0,71,3.77,7.09,67.8826,88.6925,65.0,0
2018-10-23,22,47.5,4.57,9.5,72,2.74,15.5,65.0541,84.997,75.6,0
2018-10-23,23,45.1667,4.57,9.16667,71,3.4,6.66,59.3972,77.6059,88.3636,0
2018-10-24,0,44.5,4.22,8.83333,72,2.42,7.94,56.5688,65.2396,90.0,0
2018-10-24,1,43.8333,5.49,8.5,72,0.93,4.32,61.5186,61.5186,68.37,0
2018-10-24,2,44.6667,3.38,8.16667,74,0.07,1.59,73.8849,50.0721,75.7787,0
2018-10-24,3,45.1667,3.38,7.83333,64,1.36,3.25,48.9656,20.282,113.208,0
2018-10-24,4,47.1667,3.38,7.66667,59,0.2,3.14,92.388,38.268,67.2,0
2018-10-24,5,49.1667,3.38,7.5,53,0.57,3.35,48.0418,19.8994,115.385,0
2018-10-24,6,49.6667,1.27,7.16667,52,0.44,4.63,48.0418,19.8994,115.385,0
2018-10-24,7,50.1667,0.0,6.83333,53,8.21,4.35,94.2358,39.0334,60.0,0
2018-10-24,8,48.6667,0.0,6.33333,56,10.43,5.7,89.6164,37.12,67.416,0
2018-10-24,9,47.6667,0.0,6.16667,54,9.92,15.49,84.0731,34.8239,75.7787,0
2018-10-24,10,45.3333,0.0,6.16667,52,6.39,16.73,78.5298,32.5278,85.2818,0
2018-10-24,11,43.8333,0.0,6.16667,51,4.51,39.04,72.9865,30.2317,96.1756,0
2018-10-24,12,43.3333,0.0,6.5,48,3.81,38.69,74.8343,30.9971,81.0,0
2018-10-24,13,43.5,0.0,7.0,47,2.75,10.74,83.1492,34.4412,68.0372,0
2018-10-24,14,44.8333,0.0,7.66667,47,2.37,6.42,87.7686,36.3546,65.0553,0
2018-10-24,15,46.0,0.0,8.16667,50,2.74,5.34,36.7697,36.7697,115.385,0
2018-10-24,16,47.0,0.0,8.33333,53,5.95,5.93,70.711,70.711,64.8,0
2018-10-24,17,46.5,0.0,8.5,57,4.4,4.77,65.0541,65.0541,75.6,0
2018-10-24,18,44.3333,0.0,8.33333,61,5.53,5.73,59.3972,59.3972,88.3636,0
2018-10-24,19,41.1667,0.0,8.0,60,9.45,6.64,52.3261,52.3261,110.88,0
2018-10-24,20,36.3333,0.0,7.66667,57,3.25,4.15,44.5479,44.5479,137.824,0
2018-10-24,21,31.1667,0.0,7.33333,60,3.48,3.77,36.7697,36.7697,178.428,0
2018-10-24,22,26.0,0.0,7.0,67,4.21,2.74,48.7906,48.7906,168.828,0
2018-10-24,23,21.1667,0.0,6.66667,68,2.91,3.4,37.4768,37.4768,241.043,0
2018-10-25,1,14.0,0.81,6.0,67,2.43,0.93,36.0626,38.2303,312.141,0
2018-10-25,2,11.8333,1.62,5.5,73,5.23,0.07,36.0626,48.2303,292.518,0
2018-10-25,3,10.6667,2.43,5.16667,76,1.95,1.36,20.2149,45.4482,332.215,0
2018-10-25,4,10.5,3.24,5.33333,77,2.83,0.2,7.19571,45.4946,353.455,0
2018-10-25,5,11.0,3.24,5.5,84,4.3,0.57,-5.17466,48.803,334.08,0
2018-10-25,6,12.5,3.24,5.83333,93,4.72,0.44,-17.6033,52.4985,285.12,0
2018-10-25,7,14.8333,2.43,6.33333,94,6.02,8.21,-13.7765,52.2597,231.0,0
2018-10-25,8,17.8333,1.62,7.5,81,6.92,10.43,11.6131,54.1074,171.0,0
2018-10-25,9,21.1667,1.34,8.5,76,9.76,9.92,36.7697,48.0418,165.6,0
2018-10-25,10,24.3333,0.53,9.16667,69,9.24,6.39,41.0124,53.585,144.0,0
2018-10-25,11,27.1667,1.32,10.0,70,9.36,4.51,43.1337,56.3567,135.24,0
2018-10-25,12,29.3333,1.32,10.8333,69,12.98,3.81,43.8408,57.2806,133.548,0
2018-10-25,13,30.6667,1.8,11.5,68,5.79,2.75,44.5479,58.2044,128.981,0
2018-10-25,14,31.5,1.8,11.6667,67,13.89,2.37,45.255,59.1283,127.5,0
2018-10-25,15,31.8333,1.27,11.8333,64,5.91,2.74,45.9622,60.0522,123.113,0
2018-10-25,16,31.5,1.75,11.8333,63,9.28,5.95,45.9622,60.0522,126.109,0
2018-10-25,17,30.8333,0.96,11.5,76,8.2,4.4,43.1337,56.3567,141.113,0
2018-10-25,18,29.6667,0.96,11.1667,74,11.07,5.53,39.5982,51.7373,157.076,0
2018-10-25,19,28.0,0.48,10.8333,72,9.6,9.45,36.7697,48.0418,173.333,0
2018-10-25,20,26.0,1.37,10.5,70,7.92,3.25,52.3261,68.3671,134.267,0
2018-10-25,21,24.0,1.37,10.1667,72,5.45,3.48,48.0835,62.8238,155.952,0
2018-10-25,22,22.3333,0.89,9.83333,73,4.79,4.21,44.5479,58.2044,170.564,0
2018-10-25,23,20.8333,1.78,9.66667,73,2.91,2.91,42.4266,55.4328,184.743,0
