data,timeofday,windspeed6,opady6,temp6,rhumid,index_avg,prev_index_avg,wind_dir_ns,wind_dir_ew,dispel50,is_weekend
2017-11-01,1,12.3333,0.0,1.66667,92,22.04,7.02,-15.3072,56.9552,240.0,1
2017-11-01,4,13.1667,0.0,2.33333,87,33.28,6.63,-14.5418,49.1074,281.538,1
2017-11-01,5,13.0,0.0,2.83333,87,29.28,13.65,-14.5418,49.1074,286.971,1
2017-11-01,6,13.0,0.0,3.16667,87,27.86,15.38,-19.5167,47.1179,286.7,1
2017-11-01,7,13.0,0.0,3.66667,88,27.36,13.61,-19.8994,48.0418,281.538,1
2017-11-01,8,13.5,0.74,4.16667,88,19.09,14.31,-20.282,48.9656,271.385,1
2017-11-01,9,14.0,0.74,4.5,85,21.8,13.32,-21.0474,50.8134,251.631,1
2017-11-01,10,15.0,0.74,4.83333,84,18.4933,12.65,-16.0726,54.803,223.385,1
2017-11-01,11,16.1667,1.32,5.33333,81,22.68,15.5,-18.3686,60.3462,180.0,1
2017-11-01,12,17.1667,1.32,6.0,78,17.33,20.03,-14.9245,52.0313,196.725,1
2017-11-01,13,17.8333,1.8,6.5,77,15.52,13.4,-22.1954,53.585,188.779,1
2017-11-02,6,19.1667,0.96,7.83333,93,13.75,27.86,-41.0124,41.0124,184.0,0
2017-11-02,7,20.0,0.96,8.0,92,9.71,27.36,-43.1337,43.1337,178.286,0
2017-11-02,9,21.0,0.96,8.33333,87,11.51,21.8,-45.255,45.255,159.6,0
2017-11-02,12,20.3333,0.51,9.16667,72,11.51,17.33,-42.4266,42.4266,189.382,0
2017-11-03,6,13.1667,1.62,7.0,85,19.2,13.75,-14.5418,50.1074,259.418,0
2017-11-03,7,13.1667,1.62,6.83333,86,21.26,9.71,-10.3324,53.9448,242.031,0
2017-11-03,9,13.5,0.81,7.0,86,9.84,11.51,0.0,54.0,273.28,0
2017-11-03,12,13.3333,0.48,8.33333,80,22.35,11.51,0.0,54.0,261.415,0
2017-11-03,14,13.0,0.48,9.33333,78,17.67,10.77,18.3849,52.0209,267.429,0
2017-11-03,15,12.5,0.96,9.66667,80,12.98,19.17,26.1631,48.1836,297.0,0
2017-11-03,16,11.3333,0.48,9.66667,87,15.98,19.1567,33.2342,57.4224,268.029,0
2017-11-03,17,10.5,0.48,9.5,86,15.15,13.23,38.1839,49.8895,339.429,0
2017-11-03,18,9.83333,0.48,9.16667,86,15.73,19.24,44.5479,58.2044,310.371,0
2017-11-03,19,9.66667,0.48,8.83333,89,18.46,19.27,41.7195,54.5089,333.9,0
2017-11-03,21,9.5,0.48,8.16667,92,13.52,21.48,33.2342,53.4224,337.08,0
2017-11-03,22,9.66667,0.48,8.0,94,21.62,15.08,26.1631,54.1836,300.0,0
2017-11-04,1,8.5,0.48,7.66667,93,21.62,15.08,2.03801,52.0209,385.527,1
2017-11-04,5,7.33333,0.48,6.5,96,17.94,21.07,-8.03628,52.4015,421.2,1
2017-11-04,6,6.83333,0.48,6.16667,96,23.06,19.2,-8.51039,48.546,460.8,1
2017-11-04,7,6.66667,0.48,5.83333,97,25.67,21.26,-12.0459,52.0815,437.143,1
2017-11-04,8,6.33333,0.48,5.83333,93,19.73,16.58,-12.0459,52.0815,452.4,1
2017-11-04,9,6.33333,0.0,6.16667,88,25.76,9.84,-18.5131,46.7603,469.05,1
2017-11-04,10,6.66667,0.0,6.66667,81,29.66,17.44,-24.17,44.4172,482.4,1
2017-11-04,11,7.33333,0.0,7.5,67,25.31,17.86,-16.17,35.4172,486.0,1
2017-11-04,12,8.16667,0.0,8.66667,63,16.08,22.35,-22.534,21.0532,438.6,1
2017-11-04,13,9.16667,0.0,10.0,62,19.11,17.31,-25.9411,8.14756,379.44,1
2017-11-04,14,10.1667,0.0,10.8333,63,21.09,17.67,-6.72683,-1.85515,329.829,1
2017-11-04,15,10.8333,0.0,11.3333,68,17.0,12.98,18.3972,-10.1908,305.25,1
2017-11-04,16,11.1667,0.0,11.5,77,17.65,15.98,22.3972,-10.1908,263.467,1
2017-11-04,17,11.3333,0.0,12.0,56,23.6,15.15,38.7612,-3.8268,262.08,1
2017-11-04,18,11.3333,0.0,12.1667,58,47.12,15.73,58.0,0.0,289.385,1
2017-11-04,19,10.8333,0.0,11.5,71,64.87,18.46,55.0,0.0,321.231,1
2017-11-04,21,10.1667,0.0,10.5,70,90.64,13.52,29.8373,-4.20948,346.92,1
2017-11-04,22,10.1667,0.0,10.0,75,50.99,21.62,10.5985,-8.03628,346.92,1
2017-11-05,1,10.5,0.0,7.16667,76,50.99,21.62,-7.64028,-11.8631,341.127,1
2017-11-05,4,10.1667,0.0,5.83333,74,39.97,22.12,13.5224,-7.6536,334.08,1
2017-11-05,5,10.3333,0.0,5.5,74,30.45,17.94,12.5224,-7.6536,353.455,1
2017-11-05,6,10.3333,0.0,5.33333,73,22.7,23.06,-8.64028,-11.8631,353.455,1
2017-11-05,7,10.1667,0.0,5.0,72,29.49,25.67,-8.64028,-11.8631,353.455,1
2017-11-05,8,10.6667,0.0,5.0,72,25.72,19.73,1.35972,-11.8631,300.0,1
2017-11-05,9,11.6667,0.0,5.33333,70,28.95,25.76,33.8373,-4.20948,288.0,1
2017-11-05,10,12.8333,0.0,6.0,75,27.23,29.66,10.9791,-9.94968,240.0,1
2017-11-05,11,14.0,0.0,6.83333,70,18.91,25.31,-4.64028,0.38268,231.0,1
2017-11-05,12,16.0,0.0,7.83333,66,19.05,16.08,3.35972,0.38268,187.971,1
2017-11-05,13,18.0,0.0,9.0,65,18.32,19.11,26.2179,6.12288,181.425,1
2017-11-05,14,18.8333,0.0,9.83333,65,19.36,21.09,20.6746,-8.41896,150.333,1
2017-11-05,15,19.0,0.0,10.3333,67,24.34,17.0,21.6746,-8.41896,169.304,1
2017-11-05,16,18.1667,0.0,10.5,66,24.7567,17.65,14.6746,-8.41896,209.182,1
2017-11-05,17,17.5,0.0,10.5,72,18.58,23.6,25.6746,-8.41896,206.182,1
2017-11-05,18,16.0,0.0,10.1667,73,25.17,47.12,60.0,0.0,245.937,1
2017-11-05,19,14.3333,0.0,9.83333,73,31.49,64.87,28.0657,-5.35752,269.925,1
2017-11-05,21,12.6667,0.0,9.0,73,27.65,90.64,-22.0313,-14.9245,277.114,1
2017-11-05,22,12.3333,0.0,8.66667,73,26.78,50.99,-47.1179,-19.5167,297.0,1
2017-11-06,1,11.3333,0.0,7.5,71,26.78,50.99,-50.8134,-21.0474,321.231,0
2017-11-06,4,10.8333,0.0,6.5,76,16.58,39.97,-50.8134,-21.0474,297.0,0
2017-11-06,5,10.3333,0.0,6.16667,77,20.04,30.45,-50.8134,-21.0474,305.455,0
2017-11-06,6,10.0,0.0,5.66667,79,16.36,22.7,-45.6005,-21.7877,366.277,0
2017-11-06,7,9.0,0.0,5.33333,82,28.27,29.49,-51.9645,-28.1517,332.677,0
2017-11-06,8,8.5,0.0,5.5,80,34.08,25.72,-46.4212,-25.8556,376.32,0
2017-11-06,9,8.33333,0.0,6.0,72,35.4,28.95,-39.8612,-28.496,425.455,0
2017-11-06,10,7.83333,0.0,6.66667,67,30.2,27.23,-46.9323,-35.5671,360.0,0
2017-11-06,11,7.66667,0.0,7.83333,60,25.11,18.91,-29.7696,-31.3576,400.68,0
2017-11-06,12,6.83333,0.0,9.33333,55,19.97,19.05,-26.0741,-29.8269,425.829,0
2017-11-06,13,6.66667,0.0,10.8333,55,26.87,18.32,-27.6048,-33.5224,420.0,0
2017-11-06,14,6.33333,0.0,11.8333,59,29.32,19.36,-16.655,-28.5726,466.4,0
2017-11-06,15,5.66667,0.0,12.1667,67,26.03,24.34,-5.29102,-22.2086,509.143,0
2017-11-06,16,5.5,0.0,12.1667,78,31.14,24.7567,7.17614,-19.5299,528.0,0
2017-11-06,17,5.66667,0.0,11.6667,83,61.69,18.58,12.7194,-17.2338,480.0,0
2017-11-06,18,6.33333,0.0,10.8333,85,90.21,25.17,21.8653,-13.4454,527.88,0
2017-11-06,19,6.5,0.0,9.66667,86,92.19,31.49,31.9979,-13.7653,517.029,0
2017-11-06,22,7.16667,0.0,6.66667,86,97.52,26.78,38.8204,-23.7695,440.64,0
2017-11-07,1,6.0,0.0,4.5,87,97.52,26.78,36.2153,-31.8389,490.629,0
2017-11-07,4,5.33333,0.0,3.0,86,53.13,16.58,39.0844,-31.4607,536.057,0
2017-11-07,5,5.33333,0.0,2.83333,86,38.52,20.04,38.7017,-30.5369,555.429,0
2017-11-07,6,5.5,0.0,2.66667,89,36.73,16.36,36.0229,-30.0697,588.0,0
2017-11-07,7,5.66667,0.0,2.66667,90,29.22,28.27,36.0229,-35.0697,558.45,0
2017-11-07,8,6.0,0.0,3.0,83,40.86,34.08,32.8745,-36.2509,561.0,0
2017-11-07,9,6.16667,0.0,3.5,73,46.4,35.4,26.8745,-43.2509,540.0,0
2017-11-07,10,6.66667,0.0,4.16667,69,45.14,30.2,16.2576,-43.9447,524.16,0
2017-11-07,11,7.0,0.0,5.0,65,48.18,25.11,8.10264,-47.4958,496.8,0
2017-11-07,12,7.66667,0.0,5.83333,65,38.14,19.97,6.92142,-50.6441,457.6,0
2017-11-07,13,8.33333,0.0,6.66667,66,52.06,26.87,8.06946,-47.4158,440.64,0
2017-11-07,14,8.66667,0.0,7.33333,66,53.18,29.32,11.8963,-51.6546,360.0,0
2017-11-07,15,9.0,0.0,7.83333,66,42.7,26.03,11.0977,-48.7268,377.143,0
2017-11-07,16,9.33333,0.0,7.83333,72,27.44,31.14,17.2206,-50.5746,366.667,0
2017-11-07,17,10.0,0.0,7.66667,79,35.5,61.69,21.4301,-51.7373,327.6,0
2017-11-07,18,10.3333,0.0,7.33333,79,27.3,90.21,19.5167,-47.1179,346.92,0
2017-11-07,19,10.3333,0.0,7.0,78,22.38,92.19,15.6899,-48.8791,326.8,0
2017-11-07,22,11.8333,0.0,5.5,78,19.05,97.52,4.59216,-56.0866,291.5,0
2017-11-08,1,13.6667,0.0,3.83333,75,20.69,97.52,0.0,-55.0,245.1,0
2017-11-08,4,15.0,0.0,2.5,68,26.14,53.13,-6.12288,-59.7821,211.68,0
2017-11-08,5,15.5,0.0,2.16667,71,26.24,38.52,-11.8631,-58.6403,211.68,0
2017-11-08,6,15.8333,0.0,2.0,71,31.02,36.73,-18.3686,-59.3462,195.52,0
2017-11-08,7,15.8333,0.0,2.0,73,38.3,29.22,-24.8742,-60.0522,187.425,0
2017-11-08,8,16.0,0.0,2.16667,72,30.09,40.86,-24.4915,-59.1283,187.68,0
2017-11-08,9,16.3333,0.0,2.5,70,30.01,46.4,-24.8742,-60.0522,194.541,0
2017-11-08,10,16.5,0.0,3.16667,79,24.84,45.14,-25.2569,-60.9761,187.2,0
2017-11-08,11,17.5,0.0,4.0,75,24.1,48.18,-24.8742,-60.0522,180.0,0
2017-11-08,12,18.0,0.0,4.83333,72,16.86,38.14,-21.8128,-52.6612,191.133,0
2017-11-08,13,18.5,0.0,5.66667,70,18.94,52.06,-22.5781,-54.5089,166.725,0
2017-11-08,14,18.8333,0.0,6.5,71,19.35,53.18,-16.4552,-57.7268,187.617,0
2017-11-08,15,17.8333,0.0,7.0,75,21.5,42.7,-14.5418,-53.1074,207.36,0
2017-11-08,16,17.1667,0.0,7.0,82,25.39,27.44,-19.134,-64.194,193.44,0
2017-11-08,17,15.1667,0.0,7.0,92,34.09,35.5,-11.4804,-57.7164,239.733,0
2017-11-08,18,13.8333,0.0,6.66667,93,31.39,27.3,-11.4804,-50.7164,299.0,0
2017-11-08,19,13.0,0.0,6.16667,93,26.67,22.38,-11.4804,-62.7164,265.0,0
2017-11-08,21,12.0,0.0,5.0,93,22.72,18.24,0.0,-61.0,249.9,0
2017-11-08,22,12.0,0.0,4.66667,93,10.16,19.05,0.0,-60.0,250.364,0
2017-11-09,1,11.3333,0.0,3.83333,92,10.16,20.69,-13.0111,-55.4119,289.385,0
2017-11-09,4,10.5,0.0,3.5,100,23.15,26.14,-19.8994,-48.0418,341.127,0
2017-11-09,5,10.3333,0.0,3.5,92,23.35,26.24,-19.8994,-48.0418,341.127,0
2017-11-09,6,9.83333,0.0,3.66667,97,18.72,31.02,-19.5167,-47.1179,346.92,0
2017-11-09,7,9.66667,0.0,3.83333,97,25.22,38.3,-22.5781,-54.5089,312.12,0
2017-11-09,8,9.33333,0.0,4.0,98,29.49,30.09,-25.1153,-51.6341,324.48,0
2017-11-09,9,9.16667,0.0,4.5,91,27.98,30.01,-24.3499,-49.7864,349.92,0
2017-11-09,10,8.5,0.0,5.16667,84,25.83,24.84,-23.9673,-48.8625,372.655,0
2017-11-09,11,8.33333,0.0,5.83333,76,24.61,24.1,-26.2249,-41.3785,417.72,0
2017-11-09,12,8.5,0.0,6.66667,71,24.18,16.86,-32.5889,-47.7425,360.0,0
2017-11-09,13,8.16667,0.0,7.5,71,29.01,18.94,-32.0647,-37.4767,409.867,0
2017-11-09,14,7.83333,0.0,8.16667,74,32.19,19.35,-37.0145,-42.4265,374.0,0
2017-11-09,15,7.16667,0.0,8.5,81,38.31,21.5,-36.1937,-38.3586,405.45,0
2017-11-09,16,7.0,0.0,8.66667,78,49.0833,25.39,-28.1323,-30.9675,463.6,0
2017-11-09,17,6.66667,0.0,8.66667,99,42.49,34.09,-33.6756,-33.2636,435.2,0
2017-11-09,18,6.33333,0.0,8.33333,98,58.26,31.39,-35.1812,-29.8984,437.143,0
2017-11-09,19,6.33333,0.0,7.83333,94,58.29,26.67,-35.1812,-29.8984,466.4,0
2017-11-09,22,6.66667,0.0,6.66667,85,63.18,10.16,-29.6991,-10.577,480.0,0
2017-11-10,1,7.83333,0.0,6.0,89,63.18,10.16,-32.0979,22.2996,443.143,0
2017-11-10,4,8.66667,0.0,6.0,93,65.78,23.15,-37.4768,37.4768,361.029,0
2017-11-10,5,8.33333,0.0,6.0,93,62.3,23.35,-34.8231,38.0703,395.2,0
2017-11-10,6,8.0,0.0,5.83333,100,56.0,18.72,-39.7729,43.0201,360.0,0
2017-11-10,7,8.0,0.0,5.66667,98,54.02,25.22,-39.0658,42.313,386.88,0
2017-11-10,8,7.83333,0.0,5.66667,94,56.16,29.49,-38.3587,41.6059,388.267,0
2017-11-10,9,8.0,0.0,5.83333,87,54.04,27.98,-38.3587,41.6059,400.68,0
2017-11-10,13,11.1667,0.48,7.83333,59,38.8,29.01,-34.6152,40.5684,300.667,0
2017-11-10,14,11.8333,0.96,8.33333,62,20.29,32.19,-40.2617,39.1793,251.6,0
2017-11-10,15,12.1667,0.96,8.5,67,28.08,38.31,-41.6986,27.6274,291.877,0
2017-11-10,16,12.1667,0.96,8.5,80,30.2933,49.0833,-51.8613,31.8369,249.508,0
2017-11-10,17,11.8333,0.96,8.16667,79,31.45,42.49,-52.8316,26.854,260.0,0
2017-11-10,18,11.6667,0.96,7.83333,77,43.42,58.26,-52.1245,26.1469,279.138,0
2017-11-10,19,11.1667,0.96,7.5,75,40.48,58.29,-50.2767,25.3815,299.815,0
2017-11-10,22,12.1667,0.96,6.5,75,23.14,63.18,-51.2006,25.7642,271.745,0
2017-11-11,1,15.1667,0.96,6.0,80,23.14,63.18,-56.3567,23.3435,204.429,1
2017-11-11,4,17.5,2.66,6.0,90,10.42,65.78,-49.8895,20.6647,213.333,1
2017-11-11,5,17.6667,2.66,6.0,91,14.29,62.3,-46.6948,27.2116,205.8,1
2017-11-11,6,17.8333,2.18,6.0,91,7.83,56.0,-42.0858,32.3442,213.333,1
2017-11-11,7,17.0,3.07,6.0,90,11.98,54.02,-37.4768,37.4768,225.095,1
2017-11-11,8,16.5,1.98,6.0,85,8.88,56.16,-37.4768,50.4768,200.842,1
2017-11-11,9,17.0,0.89,6.0,80,6.75,54.04,-34.6484,47.6484,217.412,1
2017-11-11,13,20.0,0.48,6.66667,61,10.19,38.8,-7.6536,60.4776,167.04,1
2017-11-11,14,20.6667,0.48,6.66667,63,9.26,20.29,-16.0726,60.803,164.509,1
2017-11-11,15,19.6667,0.48,6.66667,67,15.48,28.08,-23.3435,56.3567,173.46,1
2017-11-11,16,18.8333,0.96,6.33333,72,16.7,30.2933,-21.4301,51.7373,216.0,1
2017-11-11,17,17.0,0.96,6.0,75,36.29,31.45,-27.1703,65.5955,186.382,1
2017-11-11,18,15.8333,0.96,5.5,78,35.38,43.42,-22.9608,55.4328,245.937,1
2017-11-11,19,14.1667,0.96,5.0,79,21.08,40.48,-20.6647,49.8895,273.28,1
2017-11-11,22,12.5,0.48,3.83333,82,13.03,23.14,-33.2592,40.2948,271.385,1
2017-11-12,1,12.0,1.91,3.16667,73,13.03,23.14,-41.7195,41.7195,295.68,1
2017-11-12,5,10.5,4.51,3.0,98,10.48,14.29,-46.0908,22.8192,326.8,1
2017-11-12,6,11.1667,2.6,3.0,97,5.55,7.83,-49.8895,20.6647,332.215,1
2017-11-12,7,10.5,2.6,2.83333,94,5.34,11.98,-49.8895,20.6647,324.8,1
2017-11-12,8,10.3333,1.78,2.83333,87,8.14,8.88,-38.803,25.0726,353.455,1
2017-11-12,9,10.3333,0.48,3.0,78,9.1,6.75,-36.4185,28.6413,326.4,1
2017-11-12,11,12.5,0.99,3.66667,62,12.65,7.37,-23.9981,45.9157,289.385,1
2017-11-12,12,13.0,0.99,4.16667,56,9.23,8.65,-11.9877,48.9409,259.418,1
2017-11-12,13,13.8333,0.99,4.83333,54,8.29,10.19,-4.20948,57.1627,208.145,1
2017-11-12,14,13.8333,0.51,5.33333,59,9.36,9.26,0.0,61.0,204.429,1
2017-11-12,15,13.3333,0.51,5.5,68,9.3,15.48,-4.20948,57.1627,249.882,1
2017-11-12,16,12.1667,0.51,5.33333,76,9.47,16.7,-7.27092,64.5537,248.4,1
2017-11-12,17,10.5,0.0,5.16667,72,19.78,36.29,-9.94968,54.0209,333.0,1
2017-11-12,18,9.5,0.0,4.83333,71,45.81,35.38,-14.8995,58.9706,329.925,1
2017-11-12,19,9.0,1.37,4.5,73,62.92,21.08,-21.9706,50.0417,376.2,1
2017-11-12,22,11.0,1.37,4.33333,75,12.34,13.03,-29.3661,-18.8543,296.229,1
2017-11-13,0,12.8333,2.74,4.66667,84,10.53,10.44,-19.5167,-47.1179,286.7,0
2017-11-13,1,14.1667,1.37,4.83333,88,12.34,13.03,-20.6647,-49.8895,261.415,0
2017-11-13,5,13.3333,5.29,5.5,89,6.71,10.48,-21.8128,-52.6612,270.189,0
2017-11-13,6,12.3333,3.92,5.83333,89,10.07,5.55,-24.8742,-60.0522,272.842,0
2017-11-13,7,10.6667,3.92,6.16667,88,10.37,5.34,-21.0474,-50.8134,336.0,0
2017-11-13,8,9.66667,1.96,6.5,84,19.05,8.14,-29.3623,-47.3693,310.08,0
2017-11-13,9,8.66667,0.0,6.83333,84,21.37,9.1,-29.9861,-39.8751,364.8,0
2017-11-13,10,8.33333,0.0,7.16667,80,23.13,10.1,-30.2855,-32.5976,395.2,0
2017-11-13,11,8.33333,0.0,7.33333,79,21.91,12.65,-25.3357,-26.1305,360.0,0
2017-11-13,12,8.33333,0.79,7.33333,80,24.42,9.23,-18.8301,-25.2066,360.0,0
2017-11-13,13,8.83333,0.79,7.16667,81,18.31,8.29,-6.7687,-17.8155,360.0,0
2017-11-13,14,10.1667,0.79,7.0,80,13.18,9.36,13.4757,-4.45943,380.8,0
2017-11-13,15,11.6667,0.79,6.5,80,17.53,9.3,37.5174,23.2674,296.229,0
2017-11-13,16,13.0,0.79,5.83333,90,18.2833,9.47,41.5271,39.8972,223.2,0
2017-11-13,17,14.0,0.79,5.33333,90,15.75,19.78,43.1337,53.7554,188.7,0
2017-11-13,18,14.6667,0.0,4.66667,89,21.02,45.81,44.5479,55.1697,209.647,0
2017-11-13,19,15.0,0.0,4.16667,88,23.05,62.92,41.7195,51.4741,241.553,0
2017-11-13,22,14.5,3.06,2.83333,84,26.87,12.34,41.7195,54.5089,214.338,0
2017-11-14,1,12.8333,3.06,2.0,88,26.87,12.34,36.0626,47.1179,302.08,0
2017-11-14,5,9.83333,0.0,2.33333,89,24.3,6.71,43.1337,56.3567,321.6,0
2017-11-14,6,10.0,0.0,2.33333,90,27.56,10.07,41.7195,54.5089,300.0,0
2017-11-14,7,10.1667,0.0,2.66667,87,29.94,10.37,36.0626,47.1179,346.92,0
2017-11-14,8,10.0,0.0,2.66667,82,28.76,19.05,36.0626,47.1179,340.267,0
2017-11-14,9,10.3333,0.0,2.66667,76,29.45,21.37,36.0626,47.1179,353.455,0
2017-11-14,10,10.3333,0.0,2.83333,75,26.4,23.13,28.2844,47.9552,353.455,0
2017-11-14,14,10.8333,0.0,4.16667,66,14.44,13.18,32.5271,51.114,282.764,0
2017-11-14,15,10.5,0.0,4.33333,66,13.36,17.53,38.1839,45.7709,317.127,0
2017-11-14,16,10.0,0.0,4.16667,67,17.09,18.2833,36.7697,44.3567,341.127,0
2017-11-14,17,9.33333,0.0,4.0,67,36.22,15.75,42.4266,50.0135,311.564,0
2017-11-14,18,8.33333,0.0,3.66667,66,32.23,21.02,39.5982,46.318,378.831,0
2017-11-14,19,7.5,0.0,3.33333,66,31.93,23.05,44.5479,52.7852,360.0,0
2017-11-14,22,6.83333,0.0,2.33333,69,40.83,26.87,29.5239,48.6986,420.0,0
2017-11-15,1,7.16667,0.0,1.0,73,40.83,26.87,-4.41741,47.2844,437.143,0
2017-11-15,5,7.66667,0.0,-1.16667,79,49.83,24.3,-40.1349,35.2641,421.2,0
2017-11-15,6,8.0,0.0,-1.5,80,47.07,27.56,-40.1349,35.2641,421.2,0
2017-11-15,7,8.16667,0.0,-1.66667,84,45.73,29.94,-40.842,35.9712,392.229,0
2017-11-15,8,8.66667,0.0,-1.5,82,55.76,28.76,-41.5491,36.6783,375.943,0
2017-11-15,9,9.0,0.0,-0.833333,75,50.59,29.45,-40.8883,30.6055,386.4,0
2017-11-15,10,9.33333,0.0,0.166667,74,43.4,26.4,-44.4703,28.7755,366.667,0
2017-11-15,14,10.3333,0.0,4.66667,73,35.18,14.44,-34.6616,35.2028,346.92,0
2017-11-15,16,9.16667,0.0,5.16667,83,35.44,17.09,-35.2891,47.1955,311.564,0
2017-11-15,17,8.5,0.0,4.83333,84,33.04,36.22,-33.3757,42.5761,372.655,0
2017-11-15,18,8.16667,0.0,4.5,85,37.46,32.23,-28.2763,41.2651,409.867,0
2017-11-15,22,6.83333,0.0,3.0,89,61.67,40.83,-24.4414,53.007,433.964,0
2017-11-16,0,6.16667,0.0,2.83333,92,52.12,25.51,-15.9892,45.1256,517.0,0
2017-11-16,1,6.16667,0.0,2.66667,92,61.67,40.83,-15.9892,45.1256,528.0,0
2017-11-16,5,5.83333,0.0,1.33333,92,53.63,49.83,-27.3081,39.126,550.8,0
2017-11-16,6,5.83333,0.0,1.16667,93,49.8,47.07,-31.9275,33.0394,583.0,0
2017-11-16,7,5.83333,0.0,0.833333,98,56.1333,45.73,-33.2281,31.0928,583.0,0
2017-11-16,8,6.0,0.0,0.833333,88,63.88,55.76,-35.4526,29.5289,530.4,0
2017-11-16,9,6.5,0.0,1.16667,77,59.43,50.59,-44.7482,28.5122,499.8,0
2017-11-16,10,6.66667,0.0,1.83333,85,61.085,43.4,-34.4521,22.9689,480.0,0
2017-11-16,11,7.0,0.0,2.66667,73,54.02,39.2133,-31.7268,11.0977,505.44,0
2017-11-16,12,7.5,0.0,3.66667,63,36.5967,32.94,-20.1074,9.18432,477.0,0
2017-11-16,13,7.5,0.0,5.0,61,31.29,35.81,-18.2597,1.53072,451.0,0
2017-11-16,16,8.16667,0.0,6.0,84,20.37,35.44,-12.6132,-22.1656,421.2,0
2017-11-16,17,8.66667,0.0,5.66667,100,51.86,33.04,-27.6843,-29.2367,375.943,0
2017-11-16,18,8.33333,0.0,5.0,100,59.045,37.46,-35.2883,-33.6291,395.2,0
2017-11-16,22,8.5,0.0,1.83333,96,107.56,61.67,-23.3265,-44.3153,403.68,0
2017-11-17,1,8.5,0.0,0.0,97,107.56,61.67,-6.50556,-49.706,401.85,0
2017-11-17,5,7.83333,0.0,-0.333333,90,39.83,53.63,-2.67876,-56.4672,388.267,0
2017-11-17,6,7.33333,0.0,-0.166667,89,33.68,49.8,-5.35752,-53.9343,405.45,0
2017-11-17,7,7.16667,0.0,0.166667,88,44.01,56.1333,-7.6536,-51.4776,448.0,0
2017-11-17,8,6.83333,0.0,0.333333,86,52.88,63.88,-10.3324,-36.0104,470.25,0
2017-11-17,9,6.66667,0.0,0.666667,81,56.88,59.43,-12.6284,-41.5537,436.05,0
2017-11-17,10,6.83333,0.89,1.16667,82,52.81,61.085,-19.0956,-36.2325,452.4,0
2017-11-17,11,6.66667,0.89,1.66667,82,50.13,54.02,-22.157,-20.8414,452.4,0
2017-11-17,12,6.83333,1.78,2.33333,83,49.69,36.5967,-27.7003,-10.5454,472.457,0
2017-11-17,13,6.5,2.41,2.83333,85,51.62,31.29,-31.4887,-1.39944,472.457,0
2017-11-17,15,6.83333,3.04,4.0,87,54.48,20.71,-37.6004,15.2032,490.629,0
2017-11-17,16,6.83333,2.78,4.16667,89,58.56,20.37,-40.5786,14.3929,457.6,0
2017-11-17,17,7.16667,2.78,4.33333,93,62.51,51.86,-43.9394,25.593,437.143,0
2017-11-17,18,7.0,2.52,4.33333,95,63.16,59.045,-43.1291,33.9287,436.05,0
2017-11-17,22,6.5,1.04,3.33333,100,54.66,107.56,-36.5153,39.2213,454.629,0
2017-11-18,1,6.33333,0.82,2.66667,92,54.66,107.56,-28.659,42.189,520.8,1
2017-11-18,5,6.0,1.15,2.5,92,53.57,39.83,-21.0555,49.8327,480.0,1
2017-11-18,6,6.0,1.48,2.66667,92,60.49,33.68,-12.5702,51.1333,480.0,1
2017-11-18,7,6.33333,1.48,2.83333,92,52.71,44.01,-6.03145,51.1333,498.343,1
2017-11-18,8,6.33333,1.48,3.0,92,52.95,52.88,2.30419,52.0572,480.0,1
2017-11-18,9,6.66667,0.74,3.16667,92,56.89,56.88,11.4966,52.6507,480.0,1
2017-11-18,10,7.0,0.74,3.33333,93,52.91,52.81,21.7457,47.221,496.8,1
2017-11-18,11,7.5,0.74,3.66667,89,52.84,50.13,31.4328,44.7392,457.6,1
2017-11-18,12,7.83333,0.0,4.0,86,51.35,49.69,39.7477,36.1833,451.0,1
2017-11-18,13,8.0,0.0,4.33333,86,53.85,51.62,41.1619,36.2969,413.4,1
2017-11-18,14,8.33333,0.0,4.66667,87,47.03,56.39,43.2832,37.1176,390.0,1
2017-11-18,15,8.16667,0.0,4.66667,91,43.87,54.48,43.2832,35.3835,360.0,1
2017-11-18,16,8.0,0.0,4.66667,84,31.68,58.56,43.9904,34.79,374.85,1
2017-11-18,17,7.83333,0.0,4.33333,86,38.23,62.51,43.2832,34.0828,390.0,1
2017-11-18,18,7.66667,0.0,4.0,86,51.82,63.16,41.5491,38.4124,402.8,1
2017-11-18,22,8.5,0.0,2.16667,87,38.62,54.66,-7.43741,37.5428,375.943,1
2017-11-19,1,10.3333,0.0,1.66667,79,38.62,54.66,-39.9645,30.2229,340.267,1
2017-11-19,5,13.0,0.48,2.0,91,33.7,53.57,-48.9656,20.282,259.418,1
2017-11-19,6,13.0,0.48,2.0,89,25.29,60.49,-47.9954,25.265,257.914,1
2017-11-19,7,13.5,0.48,2.0,89,17.35,52.71,-43.5464,28.3928,277.114,1
2017-11-19,8,13.5,0.48,2.0,84,24.89,52.95,-35.9696,35.9696,277.114,1
2017-11-19,9,14.0,0.0,2.16667,76,23.94,56.89,-28.3928,43.5464,271.385,1
2017-11-19,10,14.5,0.0,2.5,74,12.87,52.91,-25.7059,50.0599,225.5,1
2017-11-19,11,15.0,0.0,2.83333,66,22.65,52.84,-23.7262,57.2806,196.114,1
2017-11-19,12,15.6667,0.0,3.33333,61,24.38,51.35,-24.4915,59.1283,180.0,1
2017-11-19,13,16.0,0.0,4.0,60,16.18,53.85,-30.4478,57.5078,187.2,1
2017-11-19,14,16.1667,0.0,4.5,61,16.43,47.03,-35.256,53.1156,194.541,1
2017-11-19,15,15.3333,0.0,4.66667,65,12.47,43.87,-39.357,48.0163,202.725,1
2017-11-19,16,14.0,0.0,4.5,81,19.07,31.68,-37.8263,44.3207,235.125,1
2017-11-19,17,12.6667,0.0,4.16667,88,36.52,38.23,-32.8766,39.371,297.6,1
2017-11-19,18,11.8333,0.0,3.66667,92,44.22,51.82,-38.5334,45.0278,294.0,1
2017-11-19,22,12.1667,0.0,1.16667,85,19.84,38.62,-43.3296,28.7172,259.418,1
2017-11-20,1,13.6667,0.23,0.833333,78,19.84,38.62,-45.4405,23.7925,286.971,0
2017-11-20,4,14.1667,0.23,1.5,81,10.94,26.32,-52.398,27.5028,212.914,0
2017-11-20,5,14.5,0.71,1.66667,81,6.82,33.7,-48.6561,31.3377,241.553,0
2017-11-20,6,15.3333,0.86,1.83333,87,9.94,25.29,-42.8497,34.7317,254.88,0
2017-11-20,7,15.3333,1.62,2.0,86,8.8,17.35,-42.4266,42.4266,212.914,0
2017-11-20,8,16.3333,1.62,2.0,86,9.43,24.89,-39.0326,48.233,180.0,0
2017-11-20,9,17.8333,1.62,2.0,85,11.8,23.94,-34.79,43.9904,195.789,0
2017-11-20,10,19.3333,1.62,2.0,81,7.59,12.87,-37.6184,46.8188,158.118,0
2017-11-20,11,21.0,1.19,2.0,78,2.7,22.65,-31.1128,53.1128,147.714,0
2017-11-20,12,22.5,0.86,2.16667,74,13.1,24.38,-25.4478,60.4366,140.87,0
2017-11-20,13,23.8333,0.53,2.33333,71,8.4,16.18,-19.8994,48.0418,165.6,0
2017-11-20,14,23.8333,0.61,2.5,69,5.79,16.43,-10.715,50.8686,170.357,0
2017-11-20,15,23.1667,0.61,2.5,67,10.79,12.47,-10.715,71.8686,138.857,0
2017-11-20,16,22.3333,0.61,2.33333,75,13.09,19.07,0.0,65.0,172.8,0
2017-11-20,17,20.8333,0.56,2.16667,72,14.81,36.52,0.0,57.0,204.8,0
2017-11-20,18,18.0,0.51,1.83333,72,8.96,44.22,0.0,51.0,240.505,0
2017-11-20,22,11.0,0.0,0.833333,82,18.62,19.84,-6.88824,53.6298,336.0,0
2017-11-21,1,11.3333,0.13,0.333333,86,18.62,19.84,-21.4301,51.7373,275.6,0
2017-11-21,4,11.8333,0.13,0.333333,88,16.39,10.94,-22.9608,55.4328,269.077,0
2017-11-21,5,11.1667,0.0,0.333333,91,13.78,6.82,-22.1954,53.585,297.6,0
2017-11-21,6,10.3333,0.0,0.333333,94,12.07,9.94,-16.8379,49.6507,336.3,0
2017-11-21,7,9.5,0.0,0.166667,100,14.22,8.8,-20.282,57.9656,300.0,0
2017-11-21,8,9.0,0.0,0.166667,92,17.17,9.43,-18.3686,53.3462,337.08,0
2017-11-21,9,8.16667,0.0,0.166667,85,22.34,11.8,-17.2206,50.5746,385.527,0
2017-11-21,10,7.66667,0.0,0.5,82,12.05,7.59,-19.5167,56.1179,372.764,0
2017-11-21,11,7.83333,0.0,1.0,75,11.32,2.7,-15.3072,53.9552,412.364,0
2017-11-21,12,7.66667,0.0,1.66667,70,10.85,13.1,-14.9245,53.0313,402.8,0
2017-11-21,13,8.0,0.0,2.5,68,15.15,8.4,-17.986,51.4224,417.6,0
2017-11-21,14,8.33333,0.0,3.0,70,17.1,5.79,-20.9058,49.4714,392.229,0
2017-11-21,15,8.66667,0.0,3.33333,74,18.87,10.79,-24.5911,49.3683,360.0,0
2017-11-21,16,8.5,0.0,3.33333,80,24.1,13.09,-25.2731,43.0147,386.4,0
2017-11-21,17,8.0,0.0,3.33333,84,39.56,14.81,-30.2229,39.9645,417.72,0
2017-11-21,18,8.0,0.0,3.16667,82,94.96,8.96,-36.69,42.6432,386.88,0
2017-11-21,22,7.66667,0.0,2.33333,88,50.58,18.62,0.53515,16.3468,405.45,0
2017-11-22,1,7.16667,0.0,1.16667,91,50.58,18.62,37.609,3.06144,437.25,0
2017-11-22,4,6.0,0.0,0.166667,92,34.15,16.39,25.9134,-9.59216,498.667,0
2017-11-22,5,6.0,0.0,0.0,94,33.51,13.78,27.8268,-14.2116,480.0,0
2017-11-22,6,5.66667,0.48,0.0,96,26.04,12.07,16.5308,-19.7548,514.8,0
2017-11-22,7,5.83333,0.48,0.166667,97,33.6,14.22,6.23468,-25.2981,520.0,0
2017-11-22,8,5.83333,0.48,0.5,96,40.27,17.17,-4.71509,-30.2479,499.8,0
2017-11-22,9,6.0,1.6,0.833333,92,47.58,22.34,-13.0112,-35.7912,532.65,0
2017-11-22,10,6.5,1.6,1.33333,90,37.4,12.05,-23.3072,-41.3344,540.6,0
2017-11-22,11,7.0,1.88,2.0,88,34.74,11.32,-20.8254,-46.4294,499.8,0
2017-11-22,12,7.83333,1.68,2.5,88,28.73,10.85,-18.7262,-47.4482,461.76,0
2017-11-22,13,8.5,1.68,3.0,89,24.35,15.15,-22.553,-47.4482,413.4,0
2017-11-22,14,9.16667,1.68,3.5,91,30.15,17.1,-23.0854,-44.7334,385.0,0
2017-11-22,15,9.66667,0.56,3.83333,93,19.79,18.87,-27.8604,-46.2612,316.2,0
2017-11-22,16,9.66667,0.56,4.0,90,18.93,24.1,-31.9283,-47.0819,300.0,0
2017-11-22,17,9.66667,0.28,4.0,90,19.71,39.56,-34.5238,-45.3478,312.8,0
2017-11-22,18,9.0,0.0,4.0,91,26.88,94.96,-34.5238,-45.3478,335.345,0
2017-11-22,22,7.33333,0.0,4.33333,90,50.07,50.58,-37.7053,-38.2465,417.6,0
2017-11-23,1,7.0,0.0,4.5,94,50.07,50.58,-16.2277,-28.5217,420.0,0
2017-11-23,4,7.5,0.0,4.0,99,21.07,34.15,-2.86864,0.0,470.25,0
2017-11-23,5,7.66667,0.0,3.66667,97,27.42,33.51,12.5224,3.06144,451.0,0
2017-11-23,6,7.33333,0.0,3.5,97,28.065,26.04,26.0657,5.35752,425.829,0
2017-11-23,7,7.66667,0.0,3.33333,97,21.07,33.6,25.0657,5.35752,453.6,0
2017-11-23,8,7.83333,0.0,3.33333,98,22.38,40.27,8.75076,1.9134,425.829,0
2017-11-23,11,9.83333,0.0,4.66667,85,5.26,34.74,2.08229,-13.6349,356.4,0
2017-11-23,12,11.3333,0.0,5.5,80,8.81,28.73,-23.9282,-18.6098,313.6,0
2017-11-23,14,13.1667,0.0,7.16667,80,5.26,30.15,-27.7268,-16.4552,245.1,0
2017-11-23,15,13.6667,0.0,7.66667,84,8.81,19.79,-25.7268,-16.4552,232.615,0
2017-11-23,16,13.6667,0.0,8.0,82,12.85,18.93,-0.716399,-11.4804,245.92,0
2017-11-23,17,13.3333,0.0,8.0,98,16.53,19.71,25.1418,-5.7402,273.28,0
2017-11-23,18,12.6667,0.0,7.66667,98,23.89,26.88,36.1418,-5.7402,240.0,0
2017-11-23,22,10.3333,0.0,5.33333,99,90.78,50.07,12.5224,-7.6536,353.455,0
2017-11-24,1,10.1667,0.0,3.83333,98,90.78,50.07,-5.7164,-3.8268,341.127,0
2017-11-24,2,10.1667,0.0,3.5,85,43.63,32.46,-14.0313,-0.38268,300.0,0
2017-11-24,3,10.5,0.0,3.33333,89,44.43,27.58,-5.7164,11.4804,341.127,0
2017-11-24,4,10.3333,0.0,3.16667,93,39.97,21.07,-26.8791,15.6899,341.127,0
2017-11-24,5,10.3333,0.0,2.83333,96,43.19,27.42,-47.1179,19.5167,346.92,0
2017-11-24,6,10.3333,0.0,2.66667,95,48.835,28.065,-48.0418,19.8994,326.8,0
2017-11-24,7,10.1667,0.0,2.5,99,32.33,21.07,-46.7979,23.5263,329.018,0
2017-11-24,8,9.66667,0.0,2.66667,92,42.75,22.38,-52.4548,29.1832,300.0,0
2017-11-24,11,9.66667,0.0,4.33333,65,45.06,5.26,-41.9826,36.0294,360.0,0
2017-11-24,12,10.3333,0.0,5.66667,53,38.66,8.81,-43.8304,36.7948,324.48,0
2017-11-24,14,11.6667,0.0,8.33333,54,43.86,5.26,-46.4316,32.9016,251.6,0
2017-11-24,15,12.0,0.0,9.16667,66,38.66,8.81,-44.0831,24.0587,291.877,0
2017-11-24,16,12.3333,0.0,9.5,89,32.9,12.85,-54.2458,28.2682,249.508,0
2017-11-24,17,11.8333,0.0,9.5,95,54.03,16.53,-53.3219,27.8855,268.029,0
2017-11-24,18,11.5,0.0,8.83333,94,64.37,23.89,-33.4224,17.986,291.5,0
2017-11-24,22,11.6667,0.0,6.0,96,102.79,90.78,59.0,0.0,250.92,0
2017-11-25,1,11.8333,0.0,5.83333,93,77.875,90.78,-5.41192,13.0111,269.077,1
2017-11-25,2,11.5,0.0,5.83333,92,45.43,43.63,-28.5746,17.2206,289.385,1
2017-11-25,3,11.1667,0.0,5.66667,94,35.42,44.43,-51.7373,21.4301,294.0,1
2017-11-25,4,11.1667,0.0,5.83333,92,42.96,39.97,-51.7373,21.4301,302.4,1
2017-11-25,5,11.1667,0.0,5.83333,93,42.48,43.19,-29.6507,16.8379,305.455,1
2017-11-25,6,11.3333,0.0,5.83333,94,36.89,48.835,-30.5746,17.2206,294.0,1
2017-11-25,7,11.0,0.0,5.83333,91,37.435,32.33,-31.4985,17.6033,282.764,1
2017-11-25,8,11.0,0.0,5.83333,88,38.59,42.75,-12.3358,13.3938,305.455,1
2017-11-25,9,11.5,0.0,6.16667,80,32.395,57.82,8.82688,9.18432,305.455,1
2017-11-25,10,12.1667,0.0,6.66667,77,22.28,55.97,11.8269,9.18432,280.8,1
2017-11-25,11,13.3333,0.0,7.33333,72,22.4,45.06,37.9134,4.59216,249.9,1
2017-11-25,12,14.8333,0.0,8.16667,71,27.225,38.66,22.4463,-7.27092,198.545,1
2017-11-25,13,16.8333,0.0,9.16667,64,23.68,37.605,18.4463,-7.27092,192.0,1
2017-11-25,14,18.1667,0.0,10.0,66,26.04,43.86,-15.9552,-15.3072,168.505,1
2017-11-25,15,18.6667,0.0,10.5,71,28.02,38.66,-15.9552,-15.3072,178.286,1
2017-11-25,16,19.3333,0.0,10.3333,79,25.08,32.9,-19.9552,-15.3072,204.8,1
2017-11-25,17,19.1667,0.0,10.1667,89,29.68,54.03,18.4463,-7.27092,210.189,1
2017-11-25,22,18.8333,1.12,8.5,81,33.34,102.79,55.0,0.0,218.743,1
2017-11-26,1,16.8333,2.24,8.66667,82,26.035,77.875,53.0,0.0,233.143,1
2017-11-26,2,16.0,2.24,8.66667,78,13.0,45.43,40.0657,5.35752,206.743,1
2017-11-26,3,15.1667,3.36,8.33333,84,17.89,35.42,6.13136,10.715,233.365,1
2017-11-26,4,13.0,2.24,8.0,84,15.645,42.96,-17.9397,17.7861,282.72,1
2017-11-26,5,12.0,3.36,7.5,88,14.325,42.48,-23.5966,23.443,276.48,1
2017-11-26,6,11.0,2.24,7.16667,86,14.74,36.89,-42.8061,33.6057,307.8,1
2017-11-26,7,10.8333,2.24,6.66667,85,13.84,37.435,-29.8718,37.2482,361.371,1
2017-11-26,8,10.5,3.94,6.16667,88,13.74,38.59,-7.74503,41.0831,346.92,1
2017-11-26,9,10.5,2.82,5.83333,86,10.37,32.395,-0.67393,46.012,305.25,1
2017-11-26,10,11.0,2.82,5.33333,87,16.325,22.28,4.98295,50.3551,305.455,1
2017-11-26,11,11.6667,1.7,5.0,84,11.83,22.4,16.9706,47.9706,288.0,1
2017-11-26,12,12.1667,1.7,4.66667,81,13.05,27.225,27.5773,49.5773,259.2,1
2017-11-26,13,12.0,1.7,4.5,80,19.7,23.68,26.8702,48.8702,260.0,1
2017-11-26,14,11.6667,0.0,4.5,85,17.85,26.04,35.3555,45.3555,240.0,1
2017-11-26,15,11.3333,0.0,4.5,86,16.95,28.02,42.4266,44.5943,250.364,1
2017-11-26,16,11.0,0.0,4.5,85,21.87,25.08,40.3053,44.2071,315.52,1
2017-11-26,17,10.3333,0.0,4.5,85,19.18,29.68,36.0626,41.9154,359.9,1
2017-11-26,22,10.1667,0.0,3.0,84,27.13,33.34,36.0626,40.8316,353.455,1
2017-11-27,1,9.66667,0.0,2.33333,84,32.175,26.035,41.7195,44.104,323.345,0
2017-11-27,2,9.83333,0.0,2.0,90,38.25,13.0,41.0124,43.3969,312.8,0
2017-11-27,3,9.83333,0.0,1.66667,90,30.24,17.89,41.7195,44.104,300.0,0
2017-11-27,4,9.66667,0.0,1.5,91,30.89,15.645,41.7195,46.0549,312.12,0
2017-11-27,5,9.66667,0.0,1.33333,91,35.02,14.325,41.0124,47.2987,312.8,0
2017-11-27,6,9.5,0.0,1.0,91,34.52,14.74,41.0124,47.2987,335.345,0
2017-11-27,7,9.16667,0.0,0.666667,91,26.5,13.84,40.3053,46.3748,337.08,0
2017-11-27,8,9.0,0.0,0.5,89,29.03,13.74,38.891,46.6948,363.0,0
2017-11-27,9,8.83333,0.0,0.5,83,35.135,10.37,38.1839,47.9386,366.667,0
2017-11-27,10,8.83333,0.0,0.5,65,29.27,16.325,31.82,47.6237,380.8,0
2017-11-27,11,8.83333,0.0,0.666667,61,28.19,11.83,31.82,47.6237,380.8,0
2017-11-27,12,8.66667,0.0,1.16667,55,29.45,13.05,31.82,49.5746,389.88,0
2017-11-27,13,8.83333,0.0,1.66667,53,30.05,19.7,24.7488,49.3358,386.4,0
2017-11-27,14,8.83333,0.0,2.33333,53,30.11,17.85,15.6479,50.2597,380.8,0
2017-11-27,15,8.66667,0.0,2.66667,59,27.43,16.95,9.28386,50.9448,371.25,0
2017-11-27,16,8.33333,0.0,2.66667,69,30.0,21.87,14.2336,49.4119,395.2,0
2017-11-27,17,8.0,0.0,2.83333,71,51.03,19.18,14.2336,56.4119,360.0,0
2017-11-27,22,5.66667,0.0,1.5,75,102.65,27.13,-0.71001,44.4615,549.067,0
2017-11-28,1,6.66667,0.0,-0.333333,72,86.98,32.175,-13.518,34.7345,498.343,0
2017-11-28,2,7.16667,0.0,-0.833333,86,66.47,38.25,-20.909,30.7959,480.0,0
2017-11-28,3,7.5,0.0,-1.16667,83,57.41,30.24,-33.2498,21.3902,468.0,0
2017-11-28,4,8.0,0.0,-1.5,80,66.26,30.89,-35.5746,17.2206,451.0,0
2017-11-28,5,8.16667,0.0,-1.83333,80,64.52,35.02,-38.3462,11.4804,395.2,0
2017-11-28,6,8.16667,0.0,-2.16667,77,63.885,34.52,-51.7373,8.41896,375.943,0
2017-11-28,7,8.5,0.0,-2.5,78,61.21,26.5,-50.927,0.0833201,374.85,0
2017-11-28,8,9.0,0.0,-2.33333,77,62.57,29.03,-45.3837,-9.86636,401.85,0
2017-11-28,11,10.6667,0.0,-0.5,68,1.9,28.19,-40.6148,-29.2496,333.45,0
2017-11-28,14,11.5,0.0,2.66667,65,1.9,30.11,-42.6897,-36.7365,282.764,0
2017-11-28,15,11.5,0.0,3.16667,73,36.67,27.43,-45.9981,-33.5505,271.745,0
2017-11-28,16,11.3333,0.0,3.33333,77,34.48,30.0,-45.9981,-33.5505,289.385,0
2017-11-28,17,10.8333,0.0,3.16667,81,45.02,51.03,-46.0445,-28.1849,305.455,0
2017-11-28,22,9.0,0.0,0.5,81,43.57,102.65,-43.9336,-33.1096,349.92,0
2017-11-29,2,7.83333,0.0,-0.166667,84,21.88,66.47,-49.3632,-32.0448,360.0,0
2017-11-29,3,7.5,0.0,-0.333333,87,21.21,57.41,-48.7593,-27.6525,400.68,0
2017-11-29,4,7.16667,0.0,-0.333333,84,17.1,66.26,-47.2315,-22.8775,437.25,0
2017-11-29,5,7.0,0.0,-0.333333,83,25.68,64.52,-43.8707,-22.7639,470.25,0
2017-11-29,6,7.0,0.0,-0.333333,81,21.21,63.885,-39.5411,-27.0935,479.467,0
2017-11-29,7,7.0,0.0,-0.166667,80,17.1,61.21,-42.6025,-34.4845,420.0,0
2017-11-29,8,7.0,0.0,0.0,80,29.48,62.57,-40.7548,-33.7192,436.05,0
2017-11-29,11,8.83333,1.01,1.0,74,36.36,1.9,-31.1717,-33.5767,360.0,0
2017-11-29,14,12.1667,1.52,2.33333,65,30.06,1.9,3.23052,-8.31492,251.6,0
2017-11-29,15,12.6667,1.04,2.5,67,46.78,36.67,31.8373,-4.20948,259.418,0
2017-11-29,16,13.0,1.04,2.5,73,46.07,34.48,30.9134,-4.59216,273.28,0
2017-11-29,17,13.3333,0.51,2.33333,77,23.76,45.02,28.9134,-4.59216,276.0,0
2017-11-29,22,10.3333,0.0,0.333333,87,50.68,43.57,54.0,0.0,332.215,0
2017-11-30,4,8.16667,0.74,0.5,86,36.93,17.1,11.7133,-12.5451,372.764,0
2017-11-30,5,8.5,1.53,0.666667,86,21.31,25.68,-4.9436,-18.202,374.85,0
2017-11-30,7,9.5,1.58,0.833333,80,15.7,17.1,-24.7433,-30.7433,385.0,0
2017-11-30,22,12.3333,0.0,1.83333,88,28.355,50.68,-26.155,-53.1438,258.514,0
2018-10-01,1,9.5,0.0,7.33333,89,18.12,36.83,-44.9142,-35.1726,324.48,0
2018-10-01,3,8.83333,0.0,6.5,90,29.85,34.93,-46.478,-27.536,363.0,0
2018-10-01,4,8.5,0.0,6.0,94,24.55,32.58,-46.7979,-23.5263,389.88,0
2018-10-01,5,8.16667,0.0,5.83333,96,27.12,25.31,-31.7268,-16.4552,409.867,0
2018-10-01,6,7.83333,0.0,5.83333,100,28.21,24.51,-24.7268,-16.4552,374.0,0
2018-10-01,7,7.5,0.0,6.0,100,25.81,15.15,-9.41192,-13.0111,402.8,0
2018-10-01,8,7.33333,0.0,6.33333,100,26.48,10.02,-7.56416,-6.88824,432.667,0
2018-10-01,10,7.33333,0.0,8.33333,72,28.95,9.44,-4.79252,4.97484,470.25,0
2018-10-01,11,7.83333,0.0,9.83333,62,20.08,8.24,-5.7164,11.4804,453.6,0
2018-10-01,12,8.5,0.0,11.5,54,30.4,7.72,-22.9552,15.3072,408.857,0
2018-10-01,13,9.16667,0.0,13.1667,50,35.48,7.03,-47.1179,19.5167,393.6,0
2018-10-01,14,9.83333,0.0,14.8333,50,17.64,15.8,-50.8134,21.0474,329.829,0
2018-10-01,15,10.3333,0.0,16.0,49,33.12,36.0,-48.0418,19.8994,326.8,0
2018-10-01,16,10.1667,0.0,16.8333,51,56.66,57.91,-48.9656,20.282,321.48,0
2018-10-01,17,9.66667,0.0,17.0,60,45.0,55.29,-47.1179,19.5167,353.455,0
2018-10-01,19,8.33333,0.0,16.3333,66,45.45,27.29,-49.8895,20.6647,385.527,0
2018-10-01,20,7.66667,0.0,15.5,67,52.39,22.0,-42.8895,20.6647,360.0,0
2018-10-01,22,7.33333,0.0,13.6667,72,45.04,19.62,-22.9552,15.3072,443.52,0
2018-10-02,0,7.66667,0.51,12.1667,78,32.49,18.12,-12.4482,23.201,443.143,0
2018-10-02,1,8.0,0.51,11.5,81,40.05,18.12,-5.98108,28.5223,425.829,0
2018-10-02,3,8.83333,0.51,10.5,86,38.19,29.85,-16.958,44.1584,401.85,0
2018-10-02,4,9.33333,0.51,10.0,88,41.94,24.55,-9.567,51.097,371.25,0
2018-10-02,6,10.3333,0.0,9.0,84,28.96,28.21,-3.44412,50.3149,340.267,0
2018-10-02,7,10.8333,0.0,8.5,80,31.34,25.81,0.0,53.0,321.48,0
2018-10-02,8,11.1667,0.0,8.16667,73,22.77,26.48,0.0,55.0,297.0,0
2018-10-02,9,11.6667,0.0,8.16667,69,19.63,33.33,0.0,57.0,282.764,0
2018-10-02,10,11.6667,0.0,8.5,62,15.18,28.95,0.0,59.0,260.945,0
2018-10-02,11,11.8333,0.0,9.16667,58,14.09,20.08,7.77821,58.1627,260.945,0
2018-10-02,12,12.0,0.0,9.83333,58,11.38,30.4,16.2635,58.2492,260.0,0
2018-10-02,13,11.8333,0.0,10.6667,59,14.14,35.48,24.7488,57.3358,260.0,0
2018-10-02,14,11.6667,0.0,11.1667,62,12.93,17.64,24.7488,56.3358,279.138,0
2018-10-02,15,11.5,0.0,11.5,63,21.58,33.12,24.7488,54.3358,282.764,0
2018-10-02,16,11.6667,0.0,11.5,64,17.81,56.66,16.9706,56.1731,280.8,0
2018-10-02,17,11.8333,0.0,11.1667,65,14.08,45.0,8.48532,57.0866,280.8,0
2018-10-02,19,11.3333,0.0,10.1667,77,22.58,45.45,0.0,59.0,260.945,0
2018-10-02,20,11.0,0.0,9.66667,82,30.05,52.39,-3.44412,56.3149,291.5,0
2018-10-02,22,11.0,0.0,8.33333,91,16.44,45.04,-11.0977,50.7925,343.385,0
2018-10-03,0,12.3333,0.0,7.0,88,9.28,32.49,-30.8968,46.5916,263.467,0
2018-10-03,1,13.8333,0.0,6.83333,80,14.87,40.05,-36.0294,41.9826,228.0,0
2018-10-03,3,17.0,0.0,6.66667,70,13.39,38.19,-26.18,46.2044,209.012,0
2018-10-03,4,18.1667,0.0,6.66667,69,11.26,41.94,-21.8128,52.6612,191.133,0
2018-10-03,6,19.8333,0.51,7.33333,74,6.53,28.96,-23.3435,56.3567,173.46,0
2018-10-03,7,20.1667,0.51,7.5,78,8.29,31.34,-23.7262,57.2806,167.04,0
2018-10-03,8,20.3333,0.51,7.83333,78,6.48,22.77,-23.7262,57.2806,171.943,0
2018-10-03,9,20.6667,0.51,8.16667,78,14.87,19.63,-15.6899,57.8791,178.286,0
2018-10-03,10,21.0,0.51,8.5,75,14.64,15.18,-7.6536,60.4776,167.04,0
2018-10-03,11,21.3333,0.51,8.83333,74,18.93,14.09,0.0,64.0,154.56,0
2018-10-03,12,22.0,0.0,9.16667,71,14.2,11.38,0.0,67.0,147.0,0
2018-10-03,13,23.0,0.0,9.66667,66,11.93,14.14,0.0,70.0,130.473,0
2018-10-03,14,24.1667,0.0,10.1667,63,12.63,12.93,0.0,51.0,174.048,0
2018-10-03,15,24.6667,0.69,10.6667,64,15.19,21.58,19.092,50.9448,165.092,0
2018-10-03,16,24.8333,0.69,11.1667,64,12.11,17.81,36.7697,48.0418,173.333,0
2018-10-03,17,24.5,0.69,11.1667,59,11.2,14.08,36.7697,71.0418,129.422,0
2018-10-03,18,23.6667,0.69,11.1667,64,7.46,25.84,17.6777,67.097,150.528,0
2018-10-03,19,22.3333,0.69,11.0,64,10.52,22.58,0.0,64.0,169.304,0
2018-10-03,20,20.6667,0.69,10.5,63,11.28,30.05,12.728,57.6298,191.314,0
2018-10-03,22,18.3333,0.0,9.33333,62,12.42,16.44,36.7697,48.0418,228.8,0
2018-10-04,0,16.8333,0.0,8.33333,61,12.91,9.28,47.3764,61.9,180.0,0
2018-10-04,1,16.3333,0.0,7.83333,61,8.47,14.87,46.6693,60.9761,187.2,0
2018-10-04,3,15.6667,0.0,6.83333,58,15.8,13.39,43.8408,57.2806,210.6,0
2018-10-04,4,15.1667,0.0,6.5,57,13.91,11.26,32.5271,57.4985,218.625,0
2018-10-04,6,14.5,0.0,6.0,60,16.13,6.53,10.6066,56.8582,237.12,0
2018-10-04,8,14.6667,0.0,6.0,69,18.34,6.48,0.0,57.0,239.4,0
2018-10-04,9,14.8333,0.0,6.33333,66,22.35,14.87,0.0,59.0,221.571,0
2018-10-04,11,16.3333,0.0,7.5,64,12.71,18.93,12.728,63.6298,180.0,0
2018-10-04,12,17.3333,0.0,8.5,58,22.26,14.2,26.1631,50.1836,212.625,0
2018-10-04,13,18.1667,0.0,9.33333,54,21.39,11.93,40.3053,52.6612,191.133,0
2018-10-04,14,18.6667,0.0,10.1667,52,34.01,12.63,41.7195,54.5089,181.895,0
2018-10-04,15,18.8333,0.0,10.8333,47,56.85,15.19,41.7195,54.5089,186.66,0
2018-10-04,16,18.5,0.0,11.3333,45,54.76,12.11,39.5982,51.7373,207.36,0
2018-10-04,17,17.6667,0.0,11.5,50,28.97,11.2,36.7697,48.0418,232.737,0
2018-10-04,18,16.3333,0.0,11.1667,58,30.43,7.46,36.7697,62.0418,200.842,0
2018-10-04,19,14.6667,0.0,10.8333,65,23.83,10.52,23.3346,56.488,241.553,0
2018-10-04,20,12.8333,0.0,10.0,73,40.93,11.28,11.3138,50.7821,297.6,0
2018-10-05,1,8.0,0.0,5.83333,85,36.62,8.47,-20.4981,55.4869,360.0,0
2018-10-05,3,7.83333,0.0,5.0,88,32.55,15.8,-31.8118,44.8006,390.0,0
2018-10-05,4,7.66667,0.0,4.5,95,44.38,13.91,-33.7002,42.3594,405.45,0
2018-10-05,6,7.33333,0.0,4.5,100,22.36,16.13,-38.9942,35.2058,437.25,0
2018-10-05,8,7.0,0.0,5.0,96,15.44,18.34,-40.6148,29.2496,470.25,0
2018-10-05,11,7.66667,0.0,8.33333,49,19.69,12.71,-16.7423,16.0475,460.8,0
2018-10-05,12,8.16667,0.0,10.0,42,11.77,22.26,-20.1074,14.5418,425.829,0
2018-10-05,13,8.66667,0.0,11.8333,38,19.92,21.39,-22.8791,15.6899,375.943,0
2018-10-05,14,9.33333,0.0,13.5,38,17.89,34.01,-19.1836,14.1592,377.143,0
2018-10-05,15,9.66667,0.0,14.8333,38,50.49,56.85,-36.3462,18.3686,327.6,0
2018-10-05,16,10.0,0.0,15.6667,41,78.77,54.76,-34.3462,18.3686,300.0,0
2018-10-05,17,10.0,0.0,15.8333,46,86.94,28.97,-8.64028,11.8631,346.92,0
2018-10-05,18,10.0,0.0,15.5,53,82.94,30.43,0.359721,11.8631,300.0,0
2018-10-05,19,10.1667,0.0,14.6667,60,66.82,23.83,19.5985,8.03628,300.0,0
2018-10-05,20,10.1667,0.0,13.5,64,52.3,40.93,39.8373,4.20948,300.0,0
2018-10-05,23,10.3333,0.0,10.0,62,27.16,37.74,52.0,0.0,334.08,0
2018-10-06,3,9.33333,0.0,7.5,62,26.53,32.55,57.0,0.0,337.08,1
2018-10-06,4,9.16667,0.0,7.0,64,28.73,44.38,56.0,0.0,349.92,1
2018-10-06,5,9.0,0.0,6.83333,66,25.6,32.21,55.0,0.0,363.0,1
2018-10-06,6,9.0,0.0,6.83333,72,26.69,22.36,54.0,0.0,366.667,1
2018-10-06,7,9.0,0.0,6.83333,77,21.12,27.2,54.0,0.0,366.667,1
2018-10-06,8,9.0,0.0,7.16667,73,23.94,15.44,54.0,0.0,366.667,1
2018-10-06,10,10.0,0.0,9.33333,54,25.62,12.3,56.0,0.0,339.2,1
2018-10-06,11,11.0,0.0,10.8333,48,19.16,19.69,51.0,0.0,340.267,1
2018-10-06,12,12.3333,0.0,12.6667,43,21.73,11.77,28.1418,5.7402,263.467,1
2018-10-06,13,13.6667,0.0,14.6667,41,26.37,19.92,-5.56416,12.2458,228.0,1
2018-10-06,14,15.1667,0.0,16.5,42,31.0,17.89,-32.2701,18.7513,188.308,1
2018-10-06,15,16.1667,0.0,18.0,42,36.15,50.49,-48.0418,19.8994,224.824,1
2018-10-06,17,16.8333,0.0,19.3333,50,29.95,86.94,-47.1179,19.5167,236.733,1
2018-10-06,18,16.6667,0.0,19.1667,60,40.96,82.94,-31.1179,19.5167,187.0,1
2018-10-06,19,16.3333,0.0,18.8333,57,50.08,66.82,-29.2701,18.7513,194.541,1
2018-10-06,20,15.6667,0.0,18.1667,56,50.08,52.3,-27.4224,17.986,202.725,1
2018-10-06,22,14.6667,0.0,16.3333,54,34.52,39.7,-54.5089,22.5781,235.125,1
2018-10-06,23,14.1667,0.0,15.6667,53,34.37,27.16,-51.7373,21.4301,254.88,1
2018-10-07,0,13.5,0.0,15.1667,54,33.77,30.2,-49.8895,20.6647,267.429,1
2018-10-07,3,11.6667,0.0,13.8333,57,24.95,26.53,-55.4328,22.9608,269.077,1
2018-10-07,4,11.1667,0.0,13.5,58,24.38,28.73,-52.6612,21.8128,299.815,1
2018-10-07,5,10.6667,0.0,13.3333,58,23.36,25.6,-49.8895,20.6647,324.8,1
2018-10-07,6,10.5,0.0,13.0,59,25.18,26.69,-48.0418,19.8994,341.127,1
2018-10-07,7,10.5,0.0,12.8333,61,31.31,21.12,-48.0418,19.8994,341.127,1
2018-10-07,8,10.5,0.0,13.0,63,35.6,23.94,-26.8791,15.6899,334.08,1
2018-10-07,9,10.8333,0.0,13.3333,62,33.52,25.66,-6.64028,11.8631,321.48,1
2018-10-07,10,11.1667,0.0,13.8333,60,32.18,25.62,-8.48804,12.6284,297.0,1
2018-10-07,11,11.8333,0.0,14.6667,55,31.09,19.16,-10.3358,13.3938,282.764,1
2018-10-07,12,12.5,0.48,15.8333,51,34.62,21.73,-10.0727,19.0839,250.364,1
2018-10-07,13,13.1667,0.48,17.0,48,35.8,26.37,-42.6793,29.6905,265.5,1
2018-10-07,14,13.8333,0.48,18.1667,49,43.62,31.0,-42.1994,35.705,235.2,1
2018-10-07,15,14.0,0.48,19.1667,50,75.61,36.15,-41.7195,41.7195,221.571,1
2018-10-07,17,13.0,0.48,20.3333,58,51.36,29.95,-38.1839,38.1839,273.28,1
2018-10-07,18,12.0,0.0,20.3333,63,68.43,40.96,-44.5479,44.5479,257.92,1
2018-10-07,19,11.0,0.0,20.0,67,40.07,50.08,-40.3053,40.3053,315.52,1
2018-10-07,20,10.0,0.0,19.3333,69,28.15,50.08,-36.0626,36.0626,366.277,1
2018-10-07,22,8.83333,0.0,17.6667,78,12.82,34.52,-39.5982,39.5982,360.0,1
2018-10-08,0,8.66667,0.0,16.1667,79,11.37,33.77,-28.5174,40.847,395.2,0
2018-10-08,3,9.16667,0.0,14.0,87,25.91,24.95,15.4162,37.7235,366.667,0
2018-10-08,4,9.5,0.0,13.0,89,13.66,24.38,31.0189,35.1864,341.85,0
2018-10-08,5,9.83333,0.0,12.1667,89,24.69,23.36,44.0804,27.7953,313.65,0
2018-10-08,6,10.0,0.0,11.1667,92,19.03,25.18,54.0804,19.7953,300.0,0
2018-10-08,7,10.0,0.0,10.1667,93,13.01,31.31,57.7164,11.4804,300.0,0
2018-10-08,8,10.0,0.0,9.5,89,14.02,35.6,57.7164,3.8268,300.0,0
2018-10-08,9,10.1667,0.0,9.33333,83,13.98,33.52,58.4776,0.0,300.0,0
2018-10-08,10,9.83333,0.0,9.33333,69,20.32,32.18,50.2388,-3.8268,346.92,0
2018-10-08,11,9.5,0.0,9.5,64,18.82,31.09,58.2388,-3.8268,312.12,0
2018-10-08,12,9.16667,0.0,10.0,58,19.22,34.62,55.6298,-6.88824,337.08,0
2018-10-08,13,9.0,0.0,10.8333,53,38.08,35.8,53.6298,-6.88824,363.0,0
2018-10-08,14,8.83333,0.0,11.6667,50,18.01,43.62,53.391,-3.06144,376.32,0
2018-10-08,15,8.33333,0.0,12.5,48,67.65,75.61,52.391,-3.06144,398.618,0
2018-10-08,16,8.33333,0.0,13.1667,48,78.15,65.22,60.391,-3.06144,360.0,0
2018-10-08,17,8.33333,0.0,13.5,58,64.46,51.36,57.391,-3.06144,360.0,0
2018-10-08,18,8.5,0.0,13.5,64,54.46,68.43,56.7821,-6.12288,360.0,0
2018-10-08,19,8.5,0.0,13.1667,68,66.07,40.07,49.706,-6.50556,409.867,0
2018-10-08,20,8.33333,0.0,12.5,74,73.29,28.15,47.07,-12.8695,409.867,0
2018-10-08,22,8.33333,0.0,10.5,80,53.87,12.82,46.7883,-25.9175,360.0,0
2018-10-09,0,8.16667,0.0,8.83333,85,38.49,11.37,33.8497,-41.3085,360.0,0
2018-10-09,2,7.5,0.0,7.66667,93,18.16,9.27,15.465,-49.2701,402.8,0
2018-10-09,3,7.16667,0.0,7.16667,92,30.74,25.91,6.80492,-48.4494,437.25,0
2018-10-09,4,6.83333,0.0,6.83333,94,25.67,13.66,-1.14804,-48.3358,470.25,0
2018-10-09,5,6.66667,0.0,6.5,96,22.58,24.69,-3.44412,-53.8791,436.05,0
2018-10-09,6,6.33333,0.0,6.16667,99,24.42,19.03,-9.18432,-52.9552,452.4,0
2018-10-09,7,6.16667,0.0,5.83333,100,21.06,13.01,-14.5418,-51.1074,486.0,0
2018-10-09,8,6.16667,0.0,5.83333,98,24.93,14.02,-16.8379,-48.6507,520.8,0
2018-10-09,9,6.33333,0.0,6.33333,87,32.27,13.98,-19.134,-54.194,480.0,0
2018-10-09,10,6.5,0.0,7.33333,79,35.22,20.32,-21.8128,-52.6612,480.0,0
2018-10-09,11,6.66667,0.0,8.66667,72,33.21,18.82,-21.7877,-45.6005,517.0,0
2018-10-09,12,7.0,0.0,10.3333,64,34.71,19.22,-25.1485,-45.7141,477.0,0
2018-10-09,14,7.5,0.0,13.8333,58,46.04,18.01,-31.4874,-45.0174,420.0,0
2018-10-09,15,7.33333,0.0,15.3333,60,74.51,67.65,-31.845,-38.8806,451.0,0
2018-10-09,16,7.0,0.0,16.1667,63,71.79,78.15,-31.845,-38.8806,460.8,0
2018-10-09,17,6.5,0.0,16.3333,60,83.34,64.46,-33.7584,-43.5,437.143,0
2018-10-09,19,5.66667,0.0,15.3333,74,75.86,66.07,-26.1299,-42.0831,520.8,0
2018-10-09,20,5.5,0.0,14.3333,79,72.0,73.29,-26.1299,-48.0831,480.0,0
2018-10-09,22,6.0,0.0,11.6667,85,65.78,53.87,-17.4949,-49.2365,532.65,0
2018-10-09,23,6.33333,0.0,10.6667,87,61.0,44.94,-14.5168,-50.0468,536.057,0
2018-10-10,0,6.5,0.0,9.83333,89,45.74,38.49,-14.5168,-50.0468,520.0,0
2018-10-10,3,6.33333,0.0,8.0,89,27.95,30.74,-23.0353,-42.6121,517.0,0
2018-10-10,4,6.16667,0.0,7.66667,88,34.46,25.67,-27.2779,-40.8547,517.0,0
2018-10-10,5,6.0,0.0,7.33333,88,35.48,22.58,-29.574,-40.398,528.0,0
2018-10-10,6,6.0,0.0,7.0,91,39.65,24.42,-31.8701,-45.9413,480.0,0
2018-10-10,7,6.0,0.0,6.66667,97,38.38,21.06,-31.4874,-45.0174,498.343,0
2018-10-10,8,6.0,0.0,6.83333,96,50.17,24.93,-31.1047,-44.0935,517.029,0
2018-10-10,9,6.0,0.0,7.33333,88,49.11,32.27,-28.451,-44.687,520.0,0
2018-10-10,10,6.16667,0.0,8.33333,80,40.96,35.22,-26.5045,-45.9877,520.0,0
2018-10-10,11,6.5,0.0,9.66667,69,36.06,33.21,-24.9406,-48.2122,499.8,0
2018-10-10,12,6.83333,0.0,11.5,59,35.72,34.71,-19.5167,-47.1179,517.0,0
2018-10-10,14,7.83333,0.0,15.3333,50,75.68,46.04,-14.9245,-53.0313,420.0,0
2018-10-10,15,8.33333,0.0,16.8333,48,93.19,74.51,-10.3324,-50.9448,413.4,0
2018-10-10,16,8.5,0.0,17.6667,51,87.5,71.79,-8.03628,-54.4015,360.0,0
2018-10-10,17,8.5,0.0,17.8333,60,93.83,83.34,-3.06144,-50.391,401.85,0
2018-10-10,19,8.66667,0.0,17.0,84,28.3,75.86,0.0,-52.0,395.2,0
2018-10-10,20,8.66667,0.0,16.0,90,26.1,72.0,0.0,-52.0,395.2,0
2018-10-10,22,8.83333,0.0,13.6667,90,20.02,65.78,0.0,-52.0,386.4,0
2018-10-10,23,9.0,0.0,12.6667,87,22.33,61.0,0.0,-53.0,371.25,0
2018-10-11,0,9.0,0.0,11.5,90,28.92,45.74,0.0,-54.0,366.667,0
2018-10-11,3,9.0,0.0,9.5,97,50.36,27.95,0.0,-54.0,366.667,0
2018-10-11,4,9.16667,0.0,8.83333,100,60.32,34.46,-3.44412,-53.3149,366.667,0
2018-10-11,5,9.5,0.0,8.5,99,60.3,35.48,-7.27092,-53.5537,352.8,0
2018-10-11,6,9.83333,0.0,8.33333,100,55.69,39.65,-11.4804,-54.7164,325.867,0
2018-10-11,7,10.1667,0.0,8.16667,100,48.51,38.38,-15.6899,-55.8791,300.0,0
2018-10-11,8,10.5,0.0,8.16667,100,41.45,50.17,-19.8994,-48.0418,326.8,0
2018-10-11,9,11.0,0.0,8.5,92,27.71,49.11,-20.6647,-49.8895,309.12,0
2018-10-11,10,11.5,0.0,9.66667,71,24.34,40.96,-21.4301,-51.7373,294.0,0
2018-10-11,11,12.0,0.0,11.0,61,23.25,36.06,-22.1954,-53.585,271.745,0
2018-10-11,12,12.6667,0.0,12.5,53,34.58,35.72,-23.3435,-56.3567,240.0,0
2018-10-11,13,13.3333,0.0,14.3333,49,46.74,44.46,-20.6647,-49.8895,255.2,0
2018-10-11,14,14.0,0.0,16.1667,48,50.69,75.68,-21.8128,-52.6612,232.615,0
2018-10-11,15,14.5,0.0,17.8333,49,84.65,93.19,-22.5781,-54.5089,221.571,0
2018-10-11,16,14.6667,0.0,18.8333,51,79.67,87.5,-22.9608,-55.4328,220.0,0
2018-10-11,17,14.5,0.0,19.3333,56,75.58,93.83,-22.5781,-54.5089,228.48,0
2018-10-11,18,14.1667,0.0,19.5,73,72.42,57.37,-21.8128,-52.6612,245.92,0
2018-10-11,19,13.8333,0.0,19.1667,77,63.54,28.3,-21.0474,-50.8134,264.0,0
2018-10-11,20,13.5,0.0,18.3333,80,41.16,26.1,-20.282,-48.9656,277.114,0
2018-10-11,22,13.0,0.0,16.0,81,45.4,20.02,-19.8994,-48.0418,281.538,0
2018-10-11,23,12.8333,0.0,14.8333,80,36.03,22.33,-19.8994,-48.0418,281.538,0
2018-10-12,0,12.6667,0.0,13.8333,81,43.38,28.92,-19.5167,-47.1179,291.877,0
2018-10-12,2,12.1667,0.0,12.1667,85,46.37,35.02,-23.7262,-57.2806,249.508,0
2018-10-12,3,11.8333,0.0,11.5,87,48.99,50.36,-22.9608,-55.4328,269.077,0
2018-10-12,4,11.5,0.0,11.0,89,50.91,60.32,-22.1954,-53.585,280.8,0
2018-10-12,5,11.3333,0.0,10.5,90,53.79,60.3,-21.8128,-52.6612,291.5,0
2018-10-12,6,11.0,0.0,9.83333,96,49.31,55.69,-21.4301,-51.7373,302.4,0
2018-10-12,7,10.5,0.0,9.5,100,42.55,48.51,-23.909,-47.7218,317.127,0
2018-10-12,8,10.1667,0.0,9.33333,100,41.92,41.45,-26.0635,-43.9231,341.127,0
2018-10-12,9,9.83333,0.0,9.83333,87,38.23,27.71,-32.4275,-50.2871,300.0,0
2018-10-12,10,9.5,0.0,10.6667,70,29.64,24.34,-34.582,-46.4884,323.345,0
2018-10-12,11,9.33333,0.0,12.0,59,26.14,23.25,-36.7365,-42.6897,347.564,0
2018-10-12,12,9.33333,0.0,13.8333,49,28.61,34.58,-39.5982,-39.5982,349.92,0
2018-10-12,13,9.5,0.0,15.8333,44,32.37,46.74,-39.5982,-39.5982,339.2,0
2018-10-12,14,9.66667,0.0,17.8333,43,70.15,50.69,-40.3053,-40.3053,325.867,0
2018-10-12,15,9.83333,0.0,19.3333,43,89.27,84.65,-41.0124,-41.0124,312.8,0
2018-10-12,16,10.0,0.0,20.3333,47,86.2,79.67,-38.4752,-43.8872,300.0,0
2018-10-12,17,9.83333,0.0,20.8333,54,87.72,75.58,-35.938,-46.762,300.0,0
2018-10-12,18,9.83333,0.0,20.8333,73,72.69,72.42,-32.311,-48.0058,312.12,0
2018-10-12,20,9.83333,0.0,19.0,83,56.39,41.16,-25.8224,-52.3412,312.12,0
2018-10-12,22,9.66667,0.0,16.3333,88,44.84,45.4,-22.5781,-54.5089,312.12,0
2018-10-12,23,9.66667,0.0,15.0,87,46.43,36.03,-25.1153,-51.6341,312.8,0
2018-10-13,0,9.33333,0.0,13.6667,90,44.44,43.38,-28.0352,-49.6832,324.48,1
2018-10-13,3,7.83333,0.0,11.0,92,52.87,48.99,-28.8005,-51.5309,360.0,1
2018-10-13,4,7.5,0.0,10.3333,93,67.57,50.91,-27.6525,-48.7593,400.68,1
2018-10-13,5,7.16667,0.0,9.66667,94,67.22,53.79,-26.5045,-45.9877,432.667,1
2018-10-13,6,7.0,0.0,9.0,100,51.92,49.31,-22.8192,-46.0908,463.6,1
2018-10-13,7,7.0,0.0,8.5,100,47.23,42.55,-25.498,-52.558,420.0,1
2018-10-13,8,7.0,0.0,8.33333,100,46.22,41.92,-21.8128,-52.6612,436.05,1
2018-10-13,9,7.0,0.0,8.83333,90,36.54,38.23,-21.4301,-51.7373,437.143,1
2018-10-13,10,7.16667,0.0,9.66667,75,39.79,29.64,-21.4301,-51.7373,437.143,1
2018-10-13,11,7.5,0.0,11.0,65,39.97,26.14,-21.8128,-52.6612,420.0,1
2018-10-13,12,7.83333,0.0,12.8333,56,41.13,28.61,-19.8994,-48.0418,443.143,1
2018-10-13,13,8.33333,0.0,14.8333,51,37.51,32.37,-20.6647,-49.8895,408.857,1
2018-10-13,14,8.83333,0.0,16.8333,50,75.1,70.15,-21.8128,-52.6612,360.0,1
2018-10-13,15,9.33333,0.0,18.3333,50,78.41,89.27,-20.282,-48.9656,361.029,1
2018-10-13,16,9.5,0.0,19.3333,54,83.63,86.2,-21.4301,-51.7373,327.6,1
2018-10-13,17,9.5,0.0,19.8333,60,89.16,87.72,-21.8128,-52.6612,325.867,1
2018-10-13,18,9.5,0.0,19.6667,86,75.65,72.69,-21.8128,-52.6612,325.867,1
2018-10-13,20,9.33333,0.0,18.0,96,65.33,56.39,-21.4301,-51.7373,349.92,1
2018-10-13,22,9.16667,0.0,15.3333,93,50.75,44.84,-21.0474,-50.8134,352.8,1
2018-10-14,0,9.5,0.0,13.0,90,50.47,44.44,-21.4301,-51.7373,339.2,1
2018-10-14,3,9.33333,0.0,10.5,95,43.39,52.87,-21.4301,-51.7373,339.2,1
2018-10-14,4,9.33333,0.0,10.0,96,40.94,67.57,-21.4301,-51.7373,339.2,1
2018-10-14,5,9.16667,0.0,9.5,97,51.42,67.22,-21.4301,-51.7373,349.92,1
2018-10-14,6,9.0,0.0,8.83333,100,42.16,51.92,-21.0474,-50.8134,363.0,1
2018-10-14,7,9.0,0.0,8.33333,97,43.46,47.23,-23.5846,-47.9386,366.667,1
2018-10-14,8,9.0,0.0,8.0,94,38.66,46.22,-26.5045,-45.9877,366.667,1
2018-10-14,9,9.16667,0.0,8.33333,83,28.78,36.54,-29.4243,-44.0367,366.667,1
2018-10-14,10,9.33333,0.0,9.16667,65,24.79,39.79,-33.0513,-42.7929,352.8,1
2018-10-14,11,9.66667,0.0,10.6667,57,19.68,39.97,-36.6783,-41.5491,339.2,1
2018-10-14,12,10.0,0.0,12.6667,50,21.44,41.13,-41.0124,-41.0124,312.8,1
2018-10-14,13,10.5,0.0,15.0,46,25.47,37.51,-36.0626,-36.0626,340.267,1
2018-10-14,14,11.1667,0.0,17.3333,46,31.76,75.1,-38.1839,-38.1839,309.12,1
2018-10-14,15,11.5,0.0,19.1667,46,54.83,78.41,-40.3053,-40.3053,273.48,1
2018-10-14,16,11.8333,0.0,20.1667,49,61.64,83.63,-41.7195,-41.7195,260.945,1
2018-10-14,17,11.8333,0.0,20.5,58,51.99,89.16,-38.5334,-45.0278,250.364,1
2018-10-14,18,11.8333,0.0,20.3333,78,54.48,75.65,-34.9647,-47.4123,260.0,1
2018-10-14,19,11.6667,0.0,19.5,80,42.15,63.15,-30.6889,-49.0897,279.138,1
2018-10-14,20,11.3333,0.0,18.3333,79,42.05,65.33,-25.7059,-50.0599,291.5,1
2018-10-14,22,10.5,0.0,15.5,77,35.92,50.75,-23.909,-47.7218,317.127,1
2018-10-15,4,7.83333,0.0,9.16667,81,52.17,40.94,-41.7195,-41.7195,373.32,0
2018-10-15,5,7.5,0.0,8.5,82,40.86,51.42,-39.5982,-39.5982,402.8,0
2018-10-15,6,7.16667,0.0,7.83333,88,26.4,42.16,-38.1839,-38.1839,432.667,0
2018-10-15,8,7.16667,0.0,7.5,87,26.9,38.66,-41.7195,-41.7195,420.0,0
2018-10-15,9,7.5,0.0,8.0,72,20.66,28.78,-41.0124,-41.0124,420.0,0
2018-10-15,10,8.16667,0.0,9.0,55,18.63,24.79,-36.7697,-36.7697,443.143,0
2018-10-15,11,9.0,0.0,10.6667,42,19.24,19.68,-41.9826,-36.0294,375.943,0
2018-10-15,12,10.1667,0.0,12.8333,35,21.37,21.44,-43.1697,-30.722,345.257,0
2018-10-15,13,11.3333,0.0,15.0,33,25.6,25.47,-46.2044,-26.18,291.6,0
2018-10-15,14,12.3333,0.0,17.0,35,58.16,31.76,-47.1179,-19.5167,281.455,0
2018-10-15,16,13.3333,0.0,19.3333,42,83.19,61.64,-51.7373,-21.4301,248.571,0
2018-10-15,17,13.1667,0.0,19.3333,52,84.26,51.99,-47.2883,-24.5579,267.429,0
2018-10-15,18,12.6667,0.0,18.8333,60,77.33,54.48,-38.5634,-29.363,297.0,0
2018-10-15,19,12.1667,0.0,17.8333,70,77.38,42.15,-42.7729,-39.5257,258.514,0
2018-10-15,20,11.5,0.0,16.5,76,74.45,42.05,-37.6168,-41.9464,287.571,0
2018-10-15,22,10.0,0.0,13.8333,85,55.36,35.92,-29.6323,-41.5387,341.127,0
2018-10-16,5,7.33333,0.0,8.33333,77,53.04,40.86,-38.2871,-34.4987,453.6,0
2018-10-16,6,7.33333,0.0,8.33333,81,46.82,26.4,-39.0974,-31.5206,460.8,0
2018-10-16,8,6.66667,0.0,8.66667,79,26.21,26.9,-46.1581,-31.5457,420.0,0
2018-10-16,9,6.66667,0.0,9.5,67,24.64,20.66,-46.7516,-28.892,452.4,0
2018-10-16,10,7.0,0.0,10.8333,51,24.72,18.63,-34.0947,-23.2351,469.05,0
2018-10-16,11,7.5,0.0,12.1667,44,23.67,19.24,-19.4378,-17.5782,437.143,0
2018-10-16,12,8.16667,0.0,13.8333,38,35.89,21.37,1.97912,-9.94968,443.143,0
2018-10-16,13,8.83333,0.0,15.6667,36,62.48,25.6,-1.7164,-3.06144,375.943,0
2018-10-16,14,9.5,0.0,17.5,38,93.99,58.16,1.05524,5.7402,349.8,0
2018-10-16,16,10.0,0.0,19.3333,44,83.52,83.19,10.5985,8.03628,346.92,0
2018-10-16,17,9.83333,0.0,19.5,58,64.67,84.26,19.5985,8.03628,300.0,0
2018-10-16,18,9.5,0.0,19.0,67,85.6,77.33,18.5985,8.03628,323.345,0
2018-10-16,19,9.5,0.0,18.0,73,82.72,77.38,20.4463,0.38268,337.08,0
2018-10-16,20,9.5,0.0,16.6667,74,77.41,74.45,20.4463,-7.27092,337.08,0
2018-10-16,22,9.33333,0.0,14.0,73,55.67,55.36,-17.1074,-14.5418,339.2,0
2018-10-17,0,9.16667,0.0,11.5,73,53.06,50.95,-51.7373,-21.4301,339.2,0
2018-10-17,2,8.0,0.0,9.83333,78,49.75,50.02,-48.0418,-19.8994,403.68,0
2018-10-17,3,7.5,0.0,9.16667,78,55.73,52.71,-53.585,-22.1954,386.88,0
2018-10-17,6,6.5,0.0,7.33333,85,53.51,46.82,-53.585,-22.1954,435.2,0
2018-10-17,7,6.5,0.0,6.83333,90,46.08,39.14,-51.7373,-21.4301,466.4,0
2018-10-17,8,6.5,0.0,6.83333,87,36.53,26.21,-49.8895,-20.6647,486.0,0
2018-10-17,9,6.66667,0.0,7.33333,76,32.8,24.64,-48.0418,-19.8994,509.143,0
2018-10-17,10,7.0,0.0,8.5,59,44.6,24.72,-48.0418,-19.8994,496.8,0
2018-10-17,11,7.33333,0.0,10.1667,48,34.92,23.67,-49.8895,-20.6647,457.6,0
2018-10-17,12,7.66667,0.0,12.5,39,30.53,35.89,-47.1179,-19.5167,460.8,0
2018-10-17,13,8.0,0.0,15.0,34,30.07,62.48,-48.9656,-20.282,425.829,0
2018-10-17,14,8.5,0.0,17.3333,33,76.75,93.99,-50.8134,-21.0474,392.229,0
2018-10-17,15,8.83333,0.0,19.0,35,72.34,77.51,-47.1179,-19.5167,393.6,0
2018-10-17,16,9.0,0.0,20.0,40,77.57,83.52,-47.0147,-23.2019,371.25,0
2018-10-17,17,8.83333,0.0,20.1667,53,76.78,64.67,-43.0678,-28.4554,366.667,0
2018-10-17,19,8.66667,0.0,18.6667,67,82.96,82.72,-32.5608,-36.3492,395.2,0
2018-10-17,20,8.66667,0.0,17.3333,71,79.84,77.41,-27.69,-41.22,395.2,0
2018-10-17,23,7.83333,0.0,13.0,85,80.59,55.86,-22.1954,-53.585,374.0,0
2018-10-18,0,7.5,0.0,11.8333,88,74.58,53.06,-21.0474,-50.8134,405.45,0
2018-10-18,4,6.66667,0.0,8.5,89,76.63,63.22,-21.8128,-52.6612,450.667,0
2018-10-18,7,6.33333,0.0,7.16667,97,61.99,46.08,-20.282,-48.9656,477.0,0
2018-10-18,8,5.66667,0.0,7.16667,97,64.37,36.53,-20.8144,-46.2508,517.0,0
2018-10-18,9,5.16667,0.0,7.5,86,64.14,32.8,-17.8144,-46.2508,520.0,0
2018-10-18,10,5.0,0.0,8.5,76,65.13,44.6,-18.3468,-37.8791,575.143,0
2018-10-18,11,4.83333,0.0,9.83333,65,55.94,34.92,-17.9641,-25.8686,595.2,0
2018-10-18,13,5.66667,0.0,13.6667,51,76.57,30.07,-10.3356,-6.93432,540.0,0
2018-10-18,14,6.5,0.0,15.6667,51,80.65,76.75,0.67885,13.391,595.2,0
2018-10-18,15,7.0,0.0,17.1667,52,78.12,72.34,9.01449,27.2492,561.6,0
2018-10-18,16,7.0,0.0,18.0,57,76.15,77.57,16.2603,39.2597,504.9,0
2018-10-18,17,7.0,0.0,18.3333,62,77.49,76.78,20.3314,47.6314,468.0,0
2018-10-18,19,6.5,0.0,17.0,81,69.08,82.96,33.9413,50.3462,457.6,0
2018-10-18,20,6.33333,0.0,15.6667,87,65.61,79.84,38.1839,49.8895,472.457,0
2018-10-19,4,6.16667,0.0,8.0,90,77.95,76.63,38.891,45.6109,499.8,0
2018-10-19,5,6.33333,0.0,8.0,94,79.33,75.17,39.5982,46.5348,498.343,0
2018-10-19,7,6.5,0.0,8.33333,100,74.53,61.99,36.0626,41.4819,517.0,0
2018-10-19,8,6.5,0.0,8.66667,100,77.01,64.37,36.0626,41.4819,517.0,0
2018-10-19,9,6.5,0.0,9.16667,93,76.24,64.14,36.0626,41.4819,517.0,0
2018-10-19,10,6.66667,0.0,10.0,78,82.06,65.13,37.3632,38.2347,517.0,0
2018-10-19,11,6.83333,0.0,11.0,67,77.1,55.94,38.7775,38.3483,477.0,0
2018-10-19,13,7.83333,0.0,13.6667,54,82.83,76.57,43.5568,35.4388,420.0,0
2018-10-19,14,8.66667,0.0,15.1667,53,81.41,80.65,42.8961,29.3661,413.4,0
2018-10-19,15,9.5,0.0,16.3333,52,76.68,78.12,44.5734,25.0902,367.2,0
2018-10-19,16,9.66667,0.0,17.0,54,77.75,76.15,49.1928,27.0036,313.65,0
2018-10-19,17,9.83333,0.0,17.1667,62,76.11,77.49,51.8509,24.7909,300.0,0
2018-10-19,19,9.33333,0.0,16.0,76,67.66,69.08,54.8791,15.6899,324.48,0
2018-10-19,20,8.83333,0.0,15.0,81,63.57,65.61,53.6403,11.8631,360.0,0
2018-10-20,3,7.0,0.0,8.5,93,34.08,77.41,56.4015,8.03628,420.0,1
2018-10-20,4,7.0,0.0,8.16667,91,39.52,77.95,54.8686,10.715,436.05,1
2018-10-20,5,7.0,0.0,8.0,93,58.65,79.33,53.3358,13.3938,437.143,1
2018-10-20,6,7.0,0.0,7.83333,95,49.7,68.93,51.2856,18.3436,437.143,1
2018-10-20,7,7.0,0.0,7.83333,98,45.07,74.53,49.2353,23.2933,437.143,1
2018-10-20,8,7.0,0.0,8.0,97,52.44,77.01,47.1851,28.2431,437.143,1
2018-10-20,9,7.0,0.0,8.5,86,76.27,76.24,45.6677,30.5141,437.143,1
2018-10-20,10,7.0,0.0,8.83333,68,53.33,82.06,44.1503,32.7851,437.143,1
2018-10-20,11,7.16667,0.3,9.5,59,50.03,77.1,44.1503,32.7851,437.143,1
2018-10-20,12,7.33333,0.3,10.3333,52,42.19,79.36,45.0742,33.1678,420.0,1
2018-10-20,13,7.66667,0.63,11.3333,48,53.49,82.83,41.0483,28.6007,460.8,1
2018-10-20,14,7.83333,0.63,12.1667,47,61.14,81.41,44.4135,27.0951,425.829,1
2018-10-20,15,8.0,0.96,13.0,46,59.02,76.68,46.8547,25.2067,408.857,1
2018-10-20,16,8.16667,0.96,13.6667,48,53.3,77.75,49.296,23.3184,392.229,1
2018-10-20,17,8.16667,0.66,13.6667,61,55.96,76.11,51.7373,21.4301,375.943,1
2018-10-20,19,8.16667,2.49,13.0,78,16.84,67.66,53.8791,15.6899,374.85,1
2018-10-20,20,8.5,4.32,12.5,82,20.16,63.57,54.803,9.18432,374.0,1
2018-10-20,23,8.33333,5.82,10.5,77,11.7,62.99,48.3358,-13.3938,401.85,1
2018-10-21,1,8.16667,5.49,9.5,80,6.26,43.5,55.3358,-13.3938,360.0,1
2018-10-21,2,8.0,3.66,9.0,81,13.96,37.96,55.3358,-13.3938,374.0,1
2018-10-21,3,8.0,3.66,8.66667,79,15.08,34.08,56.0209,-9.94968,386.88,1
2018-10-21,4,8.5,3.66,8.16667,78,22.24,39.52,55.097,-9.567,388.267,1
2018-10-21,5,9.0,1.83,7.83333,76,19.23,58.65,49.5537,-7.27092,393.6,1
2018-10-21,6,9.33333,0.0,7.5,76,19.15,49.7,51.7925,-11.0977,356.4,1
2018-10-21,7,9.66667,0.0,7.16667,77,20.83,45.07,53.0313,-14.9245,327.6,1
2018-10-21,8,9.83333,0.0,7.0,75,18.15,52.44,54.2701,-18.7513,312.8,1
2018-10-21,9,10.1667,0.0,7.0,70,15.36,76.27,54.5089,-22.5781,300.0,1
2018-10-21,10,10.5,0.0,7.33333,65,10.29,53.33,47.1179,-19.5167,346.92,1
2018-10-21,11,10.8333,0.0,7.66667,57,13.06,50.03,46.3644,-24.1752,321.48,1
2018-10-21,12,11.1667,0.0,8.16667,48,7.87,42.19,45.6109,-28.8337,297.0,1
2018-10-21,13,11.5,0.0,9.0,42,14.64,53.49,44.8574,-33.4922,273.48,1
2018-10-21,14,11.6667,0.0,9.83333,44,26.0,61.14,44.104,-38.1508,260.945,1
2018-10-21,15,11.6667,0.0,10.5,44,51.68,59.02,41.7195,-41.7195,270.3,1
2018-10-21,16,11.3333,0.0,10.8333,46,48.25,53.3,43.3969,-37.4436,280.8,1
2018-10-21,17,10.8333,0.0,10.8333,53,48.25,55.96,44.1503,-32.7851,302.4,1
2018-10-21,19,9.5,0.0,9.83333,64,25.34,16.84,52.056,-27.3612,311.1,1
2018-10-21,20,9.0,0.0,8.83333,69,39.93,20.16,50.9618,-21.9374,347.564,1
2018-10-21,23,7.66667,0.0,6.0,83,35.42,11.7,51.0186,-23.6178,386.88,1
2018-10-22,1,7.0,0.0,4.66667,86,21.42,6.26,37.7546,-31.8014,453.6,0
2018-10-22,3,5.83333,0.0,3.66667,88,12.97,15.08,32.6596,-39.2832,469.05,0
2018-10-22,4,5.16667,0.0,3.16667,99,15.35,22.24,25.2686,-40.2218,538.65,0
2018-10-22,5,4.33333,0.0,3.0,99,17.37,19.23,26.4166,-42.9935,550.8,0
2018-10-22,6,3.83333,0.0,2.83333,100,14.51,19.15,27.182,-44.8412,577.2,0
2018-10-22,7,3.5,0.0,2.83333,100,12.98,20.83,18.6429,-44.5514,675.45,0
2018-10-22,9,3.33333,0.0,3.5,86,18.73,15.36,6.46209,-43.2537,729.6,0
2018-10-22,10,3.66667,0.0,4.5,77,19.87,10.29,10.4621,-43.2537,704.229,0
2018-10-22,11,4.33333,0.0,5.5,65,23.98,13.06,5.51232,-33.3039,749.829,0
2018-10-22,12,4.83333,0.0,6.83333,57,17.9,7.87,2.83356,-20.8368,756.0,0
2018-10-22,13,5.5,0.0,8.33333,53,19.95,14.64,0.53748,-9.29348,756.0,0
2018-10-22,14,6.16667,0.0,9.66667,52,24.87,26.0,-1.7586,4.2498,685.44,0
2018-10-22,15,6.83333,0.0,10.6667,54,26.36,51.68,-1.7586,21.2498,600.0,0
2018-10-22,16,7.33333,0.0,11.1667,58,42.45,48.25,-2.52396,36.6408,504.9,0
2018-10-22,17,7.66667,0.0,11.3333,66,43.54,48.25,4.0,49.0,443.7,0
2018-10-22,19,8.0,0.0,10.3333,84,34.85,25.34,-3.06144,53.391,395.2,0
2018-10-22,20,8.0,0.0,9.5,83,43.6,39.93,-6.12288,54.7821,390.0,0
2018-10-22,23,8.5,0.48,7.5,79,31.56,35.42,-9.18432,55.1731,374.85,0
2018-10-23,3,10.5,1.44,7.0,91,16.75,12.97,0.0,51.0,340.267,0
2018-10-23,4,11.0,0.96,7.0,90,16.51,15.35,8.48532,53.0866,309.12,0
2018-10-23,5,11.3333,0.96,6.83333,89,12.74,17.37,16.9706,51.5719,285.12,0
2018-10-23,6,11.6667,0.48,6.66667,91,20.88,14.51,28.0572,46.164,271.745,0
2018-10-23,7,12.3333,0.0,6.33333,93,17.59,12.98,36.5425,43.6494,260.945,0
2018-10-23,9,14.8333,0.0,5.66667,88,18.46,18.73,42.9065,39.6637,225.5,0
2018-10-23,10,16.5,0.0,5.5,80,19.72,19.87,37.4768,40.7284,208.32,0
2018-10-23,11,18.5,0.76,5.66667,72,21.75,23.98,42.4266,42.4266,170.133,0
2018-10-23,12,20.8333,1.52,6.0,69,11.89,17.9,46.6693,46.6693,142.56,0
2018-10-23,13,22.8333,1.52,6.5,71,18.83,19.95,50.9119,56.5479,120.0,0
2018-10-23,14,25.1667,2.59,7.33333,70,17.11,24.87,37.4768,48.9656,165.092,0
2018-10-23,15,27.1667,3.66,7.66667,72,6.74,26.36,41.7195,54.5089,136.0,0
2018-10-23,16,28.5,4.73,8.0,73,12.21,42.45,22.6275,61.5642,127.5,0
2018-10-23,17,29.1667,5.01,8.0,80,11.63,43.54,0.0,62.0,136.5,0
2018-10-23,19,30.1667,5.27,7.66667,84,11.76,34.85,-11.0977,54.7925,149.1,0
2018-10-23,20,30.3333,5.22,7.33333,83,11.66,43.6,-22.5781,54.5089,141.931,0
2018-10-23,22,31.5,4.1,7.33333,84,4.24,48.59,-47.3764,47.3764,117.6,0
2018-10-23,23,34.6667,4.08,7.5,83,3.84,31.56,-37.4355,56.3775,112.412,0
2018-10-24,0,38.3333,4.08,7.66667,81,4.72,26.89,-31.3798,75.7582,69.0514,0
2018-10-24,2,45.8333,4.28,8.0,82,4.62,17.63,-21.8128,52.6612,105.263,0
2018-10-24,3,48.6667,4.28,8.0,82,4.13,16.75,-19.5167,47.1179,117.647,0
2018-10-24,4,51.3333,3.26,8.0,84,11.75,16.51,-19.5167,47.1179,117.647,0
2018-10-24,5,51.6667,2.24,7.83333,85,10.35,12.74,0.0,51.0,117.647,0
2018-10-24,6,50.8333,2.24,7.66667,84,7.9,20.88,0.0,100.0,62.4,0
2018-10-24,8,47.0,1.27,7.16667,81,13.84,23.06,0.0,90.0,75.9652,0
2018-10-24,9,44.8333,1.27,6.83333,86,11.4,18.46,28.9915,81.8791,85.2818,0
2018-10-24,10,42.1667,1.27,6.5,75,17.25,19.72,55.8617,72.9865,96.1756,0
2018-10-24,11,41.0,1.27,6.33333,72,14.99,21.75,51.619,59.8563,108.789,0
2018-10-24,12,41.0,1.27,6.16667,63,18.32,11.89,54.4475,54.4475,85.5086,0
2018-10-24,13,41.5,0.0,6.33333,52,21.74,18.83,62.2257,62.2257,70.9714,0
2018-10-24,14,43.8333,0.0,6.33333,45,24.13,17.11,65.7612,65.7612,67.7478,0
2018-10-24,15,46.1667,0.0,6.66667,41,29.68,6.74,38.891,38.891,109.091,0
2018-10-24,16,47.6667,0.0,6.83333,43,18.0,12.21,36.7697,36.7697,115.385,0
2018-10-24,17,46.8333,0.0,6.83333,46,25.12,11.63,67.8826,67.8826,74.9538,0
2018-10-24,20,36.1667,0.0,6.16667,48,20.18,11.66,41.0124,41.0124,155.4,0
2018-10-24,22,27.8333,0.0,5.16667,50,23.95,4.24,53.0332,53.0332,124.754,0
2018-10-24,23,25.5,0.0,4.83333,52,15.81,3.84,50.9119,50.9119,139.569,0
2018-10-25,0,23.6667,0.0,4.5,56,10.76,4.72,48.7906,48.7906,140.87,0
2018-10-25,1,22.5,0.0,4.33333,60,8.01,6.42,47.3764,47.3764,151.93,0
2018-10-25,2,21.1667,0.0,4.0,63,18.24,4.62,44.5479,44.5479,175.304,0
2018-10-25,3,20.1667,0.0,3.66667,65,12.93,4.13,41.0124,41.0124,198.0,0
2018-10-25,4,19.1667,0.0,3.5,66,16.48,11.75,38.1839,41.869,217.579,0
2018-10-25,5,18.0,0.0,3.33333,67,11.82,10.35,36.7697,44.1399,228.8,0
2018-10-25,6,17.0,0.0,3.0,67,18.14,7.9,48.0835,58.922,180.0,0
2018-10-25,8,15.5,0.84,2.66667,71,13.51,13.84,33.9413,58.3462,217.412,0
2018-10-25,9,15.0,1.68,2.66667,72,8.51,11.4,21.9204,56.6403,235.125,0
2018-10-25,10,14.6667,2.59,2.83333,75,7.19,17.25,10.6066,55.8582,245.92,0
2018-10-25,11,14.8333,3.5,3.0,77,5.24,14.99,-5.7402,55.8582,239.4,0
2018-10-25,12,15.5,4.41,3.5,79,7.16,18.32,-12.2458,57.5642,212.914,0
2018-10-25,13,16.6667,4.41,4.16667,79,5.97,21.74,-19.5167,47.1179,225.28,0
2018-10-25,14,18.0,3.57,5.0,80,6.77,24.13,-21.8128,52.6612,186.353,0
2018-10-25,15,19.5,2.73,5.83333,76,10.4,29.68,-15.3072,58.9552,162.0,0
2018-10-25,16,21.0,1.82,6.66667,73,8.61,18.0,-8.03628,64.4015,147.714,0
2018-10-25,17,22.3333,0.91,7.5,82,18.27,25.12,0.0,69.0,135.873,0
2018-10-25,18,23.1667,0.0,8.16667,83,11.38,19.89,17.6777,70.097,125.061,0
2018-10-25,20,23.5,0.0,8.83333,76,7.01,20.18,50.9119,66.5194,134.832,0
2018-10-25,22,22.5,0.71,8.66667,74,13.24,23.95,46.6693,60.9761,157.617,0
2018-10-25,23,21.5,1.68,8.5,72,13.49,15.81,44.5479,58.2044,170.564,0
