data,timeofday,windspeed6,opady6,temp6,rhumid,index_avg,prev_index_avg,wind_dir_ns,wind_dir_ew,dispel50,is_weekend
2017-11-14,18,16.8333,0.0,4.16667,77,54.315,51.55,-58.6484,30.506,180.0,0
2017-11-14,19,16.8333,0.51,4.16667,79,44.54,63.69,-58.6484,30.506,187.0,0
2017-11-15,1,14.5,0.0,4.66667,85,34.595,25.325,-40.2631,38.6395,243.6,0
2017-11-15,2,13.8333,0.23,4.83333,90,37.445,26.22,-30.0732,43.6032,279.0,0
2017-11-15,3,13.1667,0.23,5.0,90,39.175,19.33,-23.7343,44.2999,291.877,0
2017-11-15,4,12.5,0.23,5.16667,92,42.88,25.245,-28.3264,55.3864,240.0,0
2017-11-15,5,12.0,0.23,5.16667,93,40.895,24.425,-23.7262,57.2806,249.508,0
2017-11-15,6,11.3333,0.23,5.16667,93,41.14,28.125,-22.5781,54.5089,270.3,0
2017-11-15,7,10.8333,0.23,5.16667,93,38.085,36.37,-21.4301,51.7373,310.431,0
2017-11-15,8,10.3333,0.0,5.16667,92,39.88,28.93,-19.8994,48.0418,348.0,0
2017-11-15,9,10.0,0.0,5.33333,87,41.085,27.82,-23.7262,57.2806,300.0,0
2017-11-15,10,9.66667,0.0,5.33333,82,38.705,28.975,-22.9608,55.4328,322.4,0
2017-11-15,11,10.0,0.0,5.66667,82,46.29,24.275,-22.1954,53.585,324.48,0
2017-11-15,12,10.5,0.48,6.0,83,41.89,30.58,-23.4098,44.5166,340.267,0
2017-11-15,13,10.6667,0.48,6.33333,85,43.085,37.525,-28.451,44.687,309.12,0
2017-11-15,14,10.8333,0.96,6.66667,88,42.43,43.135,-31.6953,42.5193,309.12,0
2017-11-15,15,10.8333,0.96,6.83333,91,50.08,48.315,-35.6467,41.0588,297.0,0
2017-11-15,16,10.8333,0.96,7.0,91,63.35,51.68,-38.891,38.891,313.5,0
2017-11-15,17,10.5,0.96,7.0,94,68.875,54.305,-39.6445,34.2325,336.3,0
2017-11-15,18,9.5,0.48,7.0,97,66.155,54.315,-38.2303,32.8183,346.92,0
2017-11-16,1,6.16667,0.56,6.16667,92,43.04,34.595,-30.6387,40.9683,526.68,0
2017-11-16,2,6.33333,0.56,6.0,94,34.015,37.445,-36.182,43.2644,495.72,0
2017-11-16,3,6.0,0.56,5.83333,86,28.205,39.175,-34.6542,38.4894,499.8,0
2017-11-16,4,5.83333,0.56,5.66667,89,32.055,42.88,-26.716,32.716,540.6,0
2017-11-16,5,6.33333,0.56,5.5,87,43.99,40.895,-28.9405,25.7946,501.84,0
2017-11-16,6,6.66667,0.56,5.33333,88,48.595,41.14,-29.4772,14.5723,520.8,0
2017-11-16,7,6.66667,0.0,5.16667,89,55.16,38.085,-33.8068,4.11978,496.8,0
2017-11-16,8,6.66667,0.0,5.16667,90,57.35,39.88,-27.8068,-1.88022,496.8,0
2017-11-16,9,7.33333,0.0,5.33333,86,55.52,41.085,-29.1074,-8.41896,496.8,0
2017-11-16,10,7.5,0.0,5.5,84,60.13,38.705,-30.9552,-13.7765,457.6,0
2017-11-16,11,7.5,0.0,5.83333,81,55.885,46.29,-36.4985,-11.4804,443.143,0
2017-11-16,12,7.83333,0.0,6.33333,80,45.85,41.89,-21.0313,-8.80164,432.667,0
2017-11-16,13,8.5,0.0,6.83333,80,51.35,43.085,-2.7164,-5.35752,405.45,0
2017-11-16,15,9.66667,0.0,7.66667,84,59.25,50.08,25.2179,0.0,327.6,0
2017-11-16,16,9.83333,0.0,8.0,92,61.325,63.35,42.609,3.06144,300.0,0
2017-11-16,17,9.66667,0.0,8.0,93,55.805,68.875,59.0,0.0,300.0,0
2017-11-16,18,9.66667,0.0,7.83333,94,60.215,66.155,58.0,0.0,324.48,0
2017-11-17,1,12.3333,0.0,5.83333,92,46.755,43.04,26.9896,-4.97484,281.538,0
2017-11-17,2,12.8333,0.25,5.66667,95,41.9,34.015,27.9134,4.59216,286.7,0
2017-11-17,3,12.6667,0.5,5.5,92,40.68,28.205,28.9134,4.59216,286.971,0
2017-11-17,4,12.6667,0.5,5.33333,91,38.025,32.055,17.8269,9.18432,240.0,0
2017-11-17,5,12.3333,0.5,5.33333,89,35.63,43.99,-7.25968,13.7765,249.508,0
2017-11-17,6,11.8333,0.5,5.33333,87,38.2,48.595,-28.745,22.2618,249.9,0
2017-11-17,7,11.5,0.5,5.5,85,38.03,55.16,-24.7295,24.7407,279.138,0
2017-11-17,8,11.3333,0.25,5.66667,85,38.68,57.35,-30.6584,31.8118,302.4,0
2017-11-17,9,11.5,0.0,5.83333,86,33.85,55.52,-19.5719,39.2197,302.4,0
2017-11-17,10,11.6667,0.0,6.0,77,22.615,60.13,-8.48532,47.6275,291.5,0
2017-11-17,11,12.0,0.0,6.16667,72,21.19,55.885,9.19243,48.3346,262.08,0
2017-11-17,12,12.6667,0.0,6.5,67,22.18,45.85,19.092,44.092,276.0,0
2017-11-17,13,13.3333,0.0,6.83333,67,18.985,51.35,28.9915,45.0263,261.415,0
2017-11-17,15,13.1667,0.0,7.16667,75,35.84,59.25,38.891,47.7786,257.914,0
2017-11-17,16,12.8333,0.0,7.0,81,51.115,61.325,28.9915,48.8791,286.971,0
2017-11-17,17,12.5,0.0,6.66667,85,43.955,55.805,28.9915,59.8791,249.171,0
2017-11-17,18,11.8333,0.0,6.0,86,39.58,60.215,19.092,58.9448,268.029,0
2017-11-18,1,9.66667,0.0,2.66667,81,21.56,46.755,-41.2186,28.2298,377.143,1
2017-11-18,2,10.5,0.0,2.5,82,18.33,41.9,-45.6005,21.7877,326.4,1
2017-11-18,3,11.0,0.0,2.33333,83,13.42,40.68,-49.136,25.3232,265.2,1
2017-11-18,4,11.6667,0.0,2.0,83,12.44,38.025,-50.9838,26.0886,271.745,1
2017-11-18,5,12.0,0.0,1.83333,82,12.29,35.63,-51.9077,26.4713,270.3,1
2017-11-18,6,12.1667,0.0,1.83333,80,13.72,38.2,-52.8316,26.854,269.077,1
2017-11-18,7,12.5,1.02,1.66667,78,14.825,38.03,-52.8316,26.854,260.0,1
2017-11-18,8,13.1667,1.02,1.66667,78,15.84,38.68,-45.7141,25.1485,265.5,1
2017-11-18,9,14.8333,1.02,1.83333,76,15.915,33.85,-49.4096,26.6792,232.615,1
2017-11-18,10,16.1667,1.02,2.33333,70,17.575,22.615,-43.8663,24.3831,225.28,1
2017-11-18,11,18.0,1.5,2.83333,66,17.47,21.19,-47.4019,27.9187,189.0,1
2017-11-18,12,20.0,1.5,3.33333,60,23.345,22.18,-49.5904,38.7664,154.56,1
2017-11-18,13,21.5,2.16,3.83333,71,27.46,18.985,-54.2098,40.6798,125.46,1
2017-11-18,14,23.1667,2.16,4.33333,67,27.62,32.215,-62.2408,35.722,124.95,1
2017-11-18,15,23.8333,3.84,4.66667,75,27.94,35.84,-69.291,28.701,120.0,1
2017-11-18,16,24.3333,3.84,4.66667,76,29.43,51.115,-68.3671,28.3183,120.0,1
2017-11-18,17,24.0,3.36,4.66667,83,30.91,43.955,-67.4432,27.9356,134.538,1
2017-11-19,1,17.3333,0.74,2.66667,82,8.9,21.56,-20.6647,49.8895,209.012,1
2017-11-19,2,18.1667,0.74,2.5,77,7.53,18.33,-21.4301,51.7373,193.765,1
2017-11-19,3,19.0,1.22,2.5,76,5.595,13.42,-22.5781,54.5089,186.66,1
2017-11-19,4,19.6667,1.22,2.5,76,4.8,12.44,-22.9608,55.4328,175.137,1
2017-11-19,5,20.6667,1.7,2.66667,75,6.18,12.29,-23.7262,57.2806,167.04,1
2017-11-19,6,21.0,0.96,2.83333,73,6.805,13.72,-32.3361,55.0665,153.6,1
2017-11-19,7,21.6667,0.96,3.0,71,6.16,14.825,-39.8562,51.2214,147.714,1
2017-11-19,8,22.0,0.96,3.0,70,5.67,15.84,-40.6216,53.0692,146.348,1
2017-11-19,9,22.3333,1.75,3.16667,72,9.67,15.915,-39.9145,52.3621,147.0,1
2017-11-19,10,22.5,1.75,3.33333,73,6.605,17.575,-33.1597,58.0549,146.348,1
2017-11-19,11,22.6667,1.9,3.66667,73,8.14,17.47,-32.777,57.131,147.0,1
2017-11-19,12,23.0,2.53,4.0,71,8.54,23.345,-26.4049,63.7477,140.87,1
2017-11-19,13,22.8333,3.27,4.5,72,19.685,27.46,-34.5739,59.4691,130.473,1
2017-11-19,14,22.6667,4.01,4.83333,72,25.16,27.62,-34.5739,59.4691,140.4,1
2017-11-19,15,22.0,2.74,4.83333,71,29.705,27.94,-33.4259,56.6975,156.75,1
2017-11-19,16,21.5,2.74,4.66667,76,20.055,29.43,-23.7262,57.2806,176.727,1
2017-11-19,17,20.6667,2.11,4.33333,77,16.86,30.91,-22.5781,54.5089,191.314,1
2017-11-20,1,25.0,2.87,3.0,68,12.055,8.9,16.9706,75.1731,124.586,0
2017-11-20,2,24.3333,1.55,3.0,76,15.12,7.53,33.9413,69.3462,129.792,0
2017-11-20,3,23.5,0.23,2.83333,76,13.52,5.595,48.7906,59.1955,145.75,0
2017-11-20,4,21.6667,0.23,2.66667,78,11.165,4.8,45.255,50.4575,174.0,0
2017-11-20,5,20.0,0.23,2.5,80,13.495,6.18,40.3053,43.9904,204.8,0
2017-11-20,6,18.0,0.23,2.16667,82,11.275,6.805,36.0626,42.9992,240.505,0
2017-11-20,7,16.3333,0.0,1.83333,83,18.675,6.16,44.5479,54.0858,222.821,0
2017-11-20,8,15.1667,0.0,1.33333,81,12.18,5.67,41.0124,53.585,249.882,0
2017-11-20,9,14.0,0.0,1.16667,78,21.78,9.67,28.9915,51.8791,264.0,0
2017-11-20,10,13.3333,0.0,1.16667,74,24.535,6.605,18.3849,50.0209,276.0,0
2017-11-20,11,13.1667,0.91,1.33333,70,25.325,8.14,9.89954,51.9343,277.114,0
2017-11-20,12,13.3333,0.91,1.83333,66,31.96,8.54,0.0,53.0,277.114,0
2017-11-20,13,13.6667,0.91,2.5,63,35.77,19.685,-4.97484,51.0104,276.0,0
2017-11-20,14,13.8333,1.39,3.16667,65,44.09,25.16,-11.0977,53.7925,242.031,0
2017-11-20,15,13.8333,1.39,3.66667,69,38.43,29.705,-16.8379,54.6507,230.4,0
2017-11-20,16,13.5,1.39,3.83333,77,50.47,20.055,-16.8379,52.6507,242.031,0
2017-11-20,17,12.6667,0.48,3.83333,87,54.8,16.86,-11.8631,51.6403,279.0,0
2017-11-20,18,12.1667,0.96,3.66667,88,52.14,20.88,-11.8631,60.6403,266.325,0
2017-11-21,1,6.0,0.0,1.16667,88,29.64,12.055,-10.3324,55.9448,435.2,0
2017-11-21,2,5.5,0.0,1.16667,92,27.68,15.12,-10.3324,51.9448,510.72,0
2017-11-21,3,5.5,0.0,1.33333,92,29.775,13.52,-15.8756,54.2408,480.0,0
2017-11-21,4,5.66667,0.0,1.5,91,25.57,11.165,-17.5921,42.706,514.8,0
2017-11-21,5,6.0,0.0,1.66667,91,29.89,13.495,-23.1354,32.4099,564.667,0
2017-11-21,6,6.16667,0.0,1.83333,91,39.64,11.275,-29.6026,20.7311,561.6,0
2017-11-21,7,6.5,0.0,2.0,91,44.1,18.675,-32.2562,10.2381,524.16,0
2017-11-21,8,6.83333,0.0,2.0,89,40.725,12.18,-35.2926,0.6689,480.0,0
2017-11-21,9,7.16667,0.0,2.0,87,37.92,21.78,-38.6534,-15.5313,483.36,0
2017-11-21,10,7.5,0.0,2.16667,87,36.105,24.535,-44.3103,-26.1881,438.6,0
2017-11-21,11,8.0,0.0,2.5,82,39.415,25.325,-40.6148,-29.2496,451.0,0
2017-11-21,12,8.33333,0.0,2.83333,78,42.32,31.96,-44.3103,-30.7803,392.229,0
2017-11-21,13,8.5,0.0,3.16667,76,52.985,35.77,-46.1581,-31.5457,360.0,0
2017-11-21,14,8.5,0.0,3.5,77,66.59,44.09,-43.6496,-24.7076,401.85,0
2017-11-21,15,8.5,0.0,3.83333,80,77.595,38.43,-45.3837,-22.1121,401.85,0
2017-11-21,16,8.33333,0.0,3.83333,87,80.845,50.47,-47.1179,-19.5167,401.85,0
2017-11-21,17,7.83333,0.0,3.66667,91,105.095,54.8,-53.585,-22.1954,360.0,0
2017-11-21,18,7.5,0.0,3.5,92,80.13,52.14,-52.6612,-21.8128,400.68,0
2017-11-22,1,9.16667,1.12,2.16667,97,48.425,29.64,-34.4987,-38.2871,386.4,0
2017-11-22,2,10.1667,1.12,2.16667,94,48.06,27.68,-36.62,-40.4084,341.85,0
2017-11-22,3,11.1667,1.12,2.33333,95,42.38,29.775,-29.9567,-41.3219,311.143,0
2017-11-22,4,12.8333,2.24,2.5,95,39.925,25.57,-37.8846,-45.4614,240.0,0
2017-11-22,5,14.3333,2.24,2.83333,97,36.6,29.89,-35.7632,-43.34,217.964,0
2017-11-22,6,16.0,2.24,3.16667,99,43.32,39.64,-36.0626,-36.0626,225.28,0
2017-11-22,7,17.5,1.12,3.5,100,42.175,44.1,-39.5982,-39.5982,193.765,0
2017-11-22,8,18.3333,2.44,3.83333,99,40.615,40.725,-46.0549,-35.2309,181.895,0
2017-11-22,9,18.1667,3.76,4.16667,98,44.705,37.92,-50.1735,-29.0667,186.66,0
2017-11-22,10,17.5,2.64,4.66667,95,45.355,36.105,-48.9656,-20.282,229.14,0
2017-11-22,11,16.3333,3.71,5.16667,92,36.375,39.415,-60.9761,-25.2569,207.36,0
2017-11-22,12,15.5,3.71,5.66667,90,32.7,42.32,-30.4985,-17.6033,261.979,0
2017-11-22,13,14.5,3.71,6.33333,89,32.35,52.985,-26.803,-16.0726,267.429,0
2017-11-22,14,13.3333,2.39,6.83333,88,33.175,66.59,-26.803,-16.0726,261.415,0
2017-11-22,15,12.8333,1.07,7.33333,87,33.585,77.595,-2.79252,-11.0977,265.5,0
2017-11-22,16,12.8333,1.07,7.66667,91,41.265,80.845,-3.79252,-11.0977,292.32,0
2017-11-22,17,12.6667,0.0,8.0,90,41.55,105.095,-15.803,-6.12288,240.0,0
2017-11-22,18,12.0,0.0,8.33333,87,35.38,80.13,-12.1074,3.8268,268.029,0
2017-11-23,1,12.0,0.0,7.0,88,30.04,48.425,36.9134,4.59216,260.0,0
2017-11-23,2,12.1667,0.0,6.66667,90,29.25,48.06,60.0,0.0,250.364,0
2017-11-23,3,12.6667,0.0,6.16667,88,29.545,42.38,36.9896,-4.97484,240.0,0
2017-11-23,4,13.1667,0.0,5.83333,85,28.05,39.925,-0.944759,-10.3324,286.7,0
2017-11-23,5,13.1667,0.0,5.5,84,28.11,36.6,-26.803,-16.0726,255.2,0
2017-11-23,6,13.6667,0.0,5.33333,82,34.935,43.32,-50.8134,-21.0474,251.631,0
2017-11-23,7,14.1667,0.0,5.16667,79,45.545,42.175,-52.6612,-21.8128,239.4,0
2017-11-23,8,14.6667,0.0,5.0,85,41.35,40.615,-24.7268,-16.4552,237.12,0
2017-11-23,9,15.5,0.0,5.16667,81,36.265,44.705,-25.6507,-16.8379,214.338,0
2017-11-23,10,15.6667,0.0,5.5,77,28.875,45.355,-31.194,-19.134,180.0,0
2017-11-23,11,17.3333,0.0,6.0,70,24.595,36.375,-16.3358,-13.3938,229.125,0
2017-11-23,12,18.5,0.0,6.83333,64,22.775,32.7,21.4463,-7.27092,188.779,0
2017-11-23,13,19.5,0.0,7.83333,61,21.12,32.35,18.6746,-8.41896,152.625,0
2017-11-23,14,20.0,0.0,9.0,56,25.53,33.175,-16.7268,-16.4552,157.617,0
2017-11-23,15,19.8333,0.0,9.83333,55,22.73,33.585,-57.2806,-23.7262,176.727,0
2017-11-23,16,20.0,0.0,10.6667,53,27.475,41.265,-53.585,-22.1954,198.0,0
2017-11-23,17,19.0,0.0,11.3333,57,38.65,41.55,-17.1836,-14.1592,217.579,0
2017-11-23,18,18.1667,0.0,11.5,62,45.36,35.38,17.3702,-6.88824,228.8,0
2017-11-24,1,13.1667,0.48,9.5,82,14.48,30.04,52.0,0.0,292.32,0
2017-11-24,2,12.1667,0.48,9.33333,83,13.07,29.25,63.0,0.0,257.92,0
2017-11-24,3,11.3333,0.48,9.0,86,11.48,29.545,58.0,0.0,305.52,0
2017-11-24,4,10.5,0.48,8.66667,88,11.1,28.05,33.7612,3.8268,343.385,0
2017-11-24,5,9.66667,0.96,8.33333,88,20.09,28.11,24.5224,7.6536,300.0,0
2017-11-24,6,9.83333,0.48,8.0,91,29.15,34.935,4.13136,10.715,312.8,0
2017-11-24,7,9.33333,0.48,7.66667,93,43.205,45.545,-14.1074,14.5418,323.345,0
2017-11-24,8,9.5,0.48,7.33333,98,48.34,41.35,-17.1074,14.5418,349.92,0
2017-11-24,9,10.3333,0.48,7.33333,89,66.79,36.265,-19.3292,22.32,337.08,0
2017-11-24,10,11.3333,0.48,7.33333,80,46.28,28.875,14.1484,14.6664,319.2,0
2017-11-24,11,13.1667,0.0,7.66667,74,34.105,24.595,37.5394,11.605,240.0,0
2017-11-24,12,14.6667,0.0,8.16667,69,25.365,22.775,21.2245,0.50729,180.0,0
2017-11-24,13,17.6667,0.0,8.83333,65,23.36,21.12,-19.1074,-14.5418,204.6,0
2017-11-24,14,19.8333,0.0,9.66667,60,25.77,25.53,-59.1283,-24.4915,149.368,0
2017-11-24,15,21.0,0.0,10.3333,58,37.29,22.73,-63.7477,-26.4049,120.0,0
2017-11-24,16,21.3333,0.0,10.8333,65,37.4,27.475,-66.5194,-27.553,139.569,0
2017-11-24,17,20.5,0.0,11.0,65,45.59,38.65,-24.4985,-17.6033,174.0,0
2017-11-24,18,18.8333,0.0,10.6667,74,44.4,45.36,-7.68288,4.51536,229.964,0
2017-11-25,1,6.16667,0.0,4.5,84,25.635,14.48,-3.20301,53.8972,472.114,1
2017-11-25,2,6.0,0.0,4.0,92,25.7,13.07,-2.08815,45.2056,532.0,1
2017-11-25,3,5.66667,0.0,3.66667,92,33.285,11.48,-6.33081,49.4482,496.4,1
2017-11-25,4,5.33333,0.51,3.5,92,32.385,11.1,-14.6082,45.7527,520.0,1
2017-11-25,5,5.66667,0.51,3.5,92,29.225,20.09,-14.8509,41.5101,575.143,1
2017-11-25,6,5.83333,0.51,3.33333,92,31.11,29.15,-7.85086,34.5101,575.143,1
2017-11-25,7,6.0,0.51,3.33333,92,32.805,43.205,-0.85086,27.5101,561.6,1
2017-11-25,8,6.33333,0.51,3.5,92,35.555,48.34,-1.23354,15.4996,524.16,1
2017-11-25,9,7.0,1.48,3.66667,91,41.865,66.79,6.33674,5.22334,480.0,1
2017-11-25,10,7.83333,0.97,3.83333,88,47.37,46.28,11.3779,-11.5769,477.0,1
2017-11-25,11,8.16667,1.71,4.0,85,41.845,34.105,20.9781,-28.7539,429.3,1
2017-11-25,12,8.33333,2.45,4.33333,84,38.355,25.365,16.9781,-37.7539,375.943,1
2017-11-25,13,8.5,2.45,4.5,83,37.535,23.36,9.97812,-45.7539,360.0,1
2017-11-25,14,8.66667,4.61,4.66667,84,52.77,25.77,5.65688,-47.2867,401.85,1
2017-11-25,15,8.83333,5.8,4.66667,88,44.215,37.29,3.44412,-49.9448,395.2,1
2017-11-25,16,9.16667,7.96,4.5,77,40.81,37.4,16.127,-45.4566,380.8,1
2017-11-25,17,10.0,9.38,4.16667,76,33.4,45.59,23.6829,-37.1417,352.8,1
2017-11-26,1,12.6667,7.4,3.0,81,26.015,25.635,49.2137,45.8646,240.0,1
2017-11-26,2,12.5,5.55,2.83333,89,26.495,25.7,35.3555,51.1244,268.029,1
2017-11-26,3,12.3333,3.7,2.66667,88,27.105,33.285,25.456,55.2249,268.029,1
2017-11-26,4,12.1667,1.85,2.5,87,28.35,32.385,10.5816,57.3358,240.0,1
2017-11-26,5,12.3333,0.0,2.33333,88,27.65,29.225,-9.94968,49.0209,281.455,1
2017-11-26,6,12.0,0.0,2.0,89,26.41,31.11,-14.1592,48.1836,297.0,1
2017-11-26,7,12.5,0.0,1.66667,88,28.32,32.805,-21.2303,55.2547,268.029,1
2017-11-26,8,12.5,0.0,1.33333,89,30.41,35.555,-31.1298,51.1542,259.2,1
2017-11-26,9,13.3333,0.0,1.16667,83,27.82,41.865,-36.0545,49.0433,249.508,1
2017-11-26,10,14.0,0.0,1.0,70,29.855,47.37,-39.5982,39.5982,220.32,1
2017-11-26,11,15.8333,0.0,1.0,65,30.19,41.845,-44.5479,44.5479,187.971,1
2017-11-26,12,17.6667,0.0,1.16667,62,33.185,38.355,-40.3053,40.3053,191.133,1
2017-11-26,13,18.3333,0.0,1.5,61,36.565,37.535,-46.9788,35.6136,164.965,1
2017-11-26,14,18.8333,0.0,2.0,61,34.96,52.77,-47.6859,36.3207,183.0,1
2017-11-26,15,19.1667,0.0,2.33333,63,34.27,44.215,-44.1503,32.7851,211.714,1
2017-11-26,16,18.6667,0.0,2.5,70,32.245,40.81,-38.891,38.891,205.8,1
2017-11-26,17,17.3333,0.0,2.5,71,35.18,33.4,-36.0626,36.0626,232.941,1
2017-11-27,1,17.1667,0.0,2.66667,69,18.4,26.015,-62.8238,26.0222,186.821,0
2017-11-27,2,16.8333,0.0,2.83333,75,18.3,26.495,-60.9761,25.2569,180.0,0
2017-11-27,3,16.6667,0.0,3.0,75,15.69,27.105,-57.5078,30.4478,180.0,0
2017-11-27,4,16.8333,0.0,3.0,75,15.36,28.35,-39.7477,30.5473,232.941,0
2017-11-27,5,17.1667,0.0,3.0,74,16.025,27.65,-36.0626,36.0626,229.125,0
2017-11-27,6,17.5,0.0,2.83333,73,16.055,26.41,-37.4768,37.4768,221.0,0
2017-11-27,7,17.5,0.0,2.66667,72,15.61,28.32,-38.1839,38.1839,209.012,0
2017-11-27,8,17.6667,0.0,2.5,71,19.615,30.41,-32.6686,41.869,213.333,0
2017-11-27,9,17.6667,0.0,2.33333,71,21.73,27.82,-31.9615,41.1619,225.095,0
2017-11-27,10,17.8333,0.0,2.33333,77,25.285,29.855,-31.2544,40.4548,224.824,0
2017-11-27,11,18.0,0.0,2.5,72,25.73,30.19,-37.4768,37.4768,216.847,0
2017-11-27,12,18.3333,0.0,2.83333,67,23.78,33.185,-38.891,38.891,205.8,0
2017-11-27,13,18.8333,0.0,3.16667,63,23.9,36.565,-41.0124,41.0124,184.0,0
2017-11-27,14,19.5,0.0,3.5,61,25.375,34.96,-46.762,35.938,175.137,0
2017-11-27,15,19.8333,1.12,3.83333,64,37.315,34.27,-52.7284,30.5392,171.943,0
2017-11-27,16,19.6667,1.12,3.83333,69,37.0,32.245,-56.3567,23.3435,173.46,0
2017-11-27,17,19.6667,2.24,3.66667,74,30.825,35.18,-53.585,22.1954,198.0,0
2017-11-28,1,23.1667,2.97,3.66667,83,14.15,18.4,64.0,0.0,164.509,0
2017-11-28,2,22.3333,1.98,3.83333,84,7.485,18.3,66.0,0.0,152.727,0
2017-11-28,3,21.8333,1.75,4.16667,82,6.06,15.69,66.0,0.0,142.56,0
2017-11-28,4,21.0,2.51,4.33333,81,5.87,15.36,67.0,0.0,156.75,0
2017-11-28,5,20.3333,3.27,4.5,80,6.525,16.025,60.0,0.0,189.382,0
2017-11-28,6,20.1667,2.28,4.66667,79,7.35,16.055,56.0,0.0,211.714,0
2017-11-28,7,19.6667,2.28,4.83333,78,14.695,15.61,54.0,0.0,209.012,0
2017-11-28,8,19.1667,3.02,5.0,78,19.345,19.615,17.5985,8.03628,184.0,0
2017-11-28,9,18.6667,2.26,5.0,76,13.55,21.73,18.5985,8.03628,181.895,0
2017-11-28,10,18.5,1.98,5.0,74,25.165,25.285,-17.0313,14.9245,198.0,0
2017-11-28,11,18.0,1.22,5.16667,70,27.995,25.73,-12.4119,13.0111,225.095,0
2017-11-28,12,17.6667,1.7,5.33333,68,17.215,23.78,-26.2701,18.7513,186.821,0
2017-11-28,13,17.0,2.18,5.5,70,15.305,23.9,-28.2701,18.7513,194.133,0
2017-11-28,14,16.5,1.44,5.66667,73,26.06,25.375,-27.3462,18.3686,187.425,0
2017-11-28,15,15.8333,1.44,5.66667,77,34.79,37.315,3.43584,12.2458,180.0,0
2017-11-28,16,15.1667,1.44,5.66667,82,33.49,37.0,31.294,6.50556,202.024,0
2017-11-28,17,14.8333,1.44,5.5,81,26.44,30.825,26.294,6.50556,241.553,0
2017-11-29,1,12.8333,0.0,3.0,90,8.745,14.15,51.0,0.0,291.877,0
2017-11-29,2,12.3333,0.0,2.66667,86,9.74,7.485,62.0,0.0,249.508,0
2017-11-29,3,12.1667,0.0,2.33333,88,10.71,6.06,61.0,0.0,268.029,0
2017-11-29,4,11.6667,0.0,2.16667,84,12.46,5.87,59.0,0.0,270.3,0
2017-11-29,5,11.1667,0.0,2.0,86,16.14,6.525,58.0,0.0,280.8,0
2017-11-29,6,10.6667,0.0,1.83333,88,26.26,7.35,55.0,0.0,305.455,0
2017-11-29,7,10.3333,0.0,1.66667,90,25.005,14.695,53.0,0.0,336.3,0
2017-11-29,8,10.0,0.0,1.5,89,34.315,19.345,44.6851,3.44412,300.0,0
2017-11-29,9,9.5,0.0,1.33333,89,36.225,13.55,42.6851,3.44412,322.4,0
2017-11-29,10,9.33333,0.0,1.33333,77,29.045,25.165,39.6851,3.44412,347.564,0
2017-11-29,11,9.66667,0.0,1.33333,70,31.345,27.995,19.4463,7.27092,339.2,0
2017-11-29,12,10.1667,0.0,1.66667,63,37.675,17.215,21.4463,7.27092,312.8,0
2017-11-29,13,10.1667,0.0,2.16667,60,38.12,15.305,32.7612,3.8268,334.08,0
2017-11-29,14,10.3333,0.0,2.66667,61,35.985,26.06,31.7612,3.8268,340.267,0
2017-11-29,15,10.3333,0.0,3.16667,68,47.82,34.79,33.7612,3.8268,321.48,0
2017-11-29,16,10.0,0.0,3.33333,77,60.355,33.49,52.0,0.0,341.127,0
2017-11-29,17,9.5,0.0,3.5,90,72.945,26.44,60.0,0.0,311.564,0
2017-11-30,1,7.66667,0.0,0.5,87,48.92,8.745,-4.91887,4.93644,451.0,0
2017-11-30,2,7.66667,0.0,0.166667,92,50.845,9.74,-5.84275,-0.0384001,432.0,0
2017-11-30,3,8.0,0.0,-0.166667,92,52.66,10.71,-6.76663,-5.01324,425.829,0
2017-11-30,4,7.83333,0.0,-0.5,92,47.28,12.46,-22.0815,-8.45736,392.229,0
2017-11-30,5,7.5,0.0,-0.666667,92,48.67,16.14,-34.4224,-17.986,402.8,0
2017-11-30,7,7.5,0.0,-1.0,92,65.95,25.005,-45.007,-24.4414,443.143,0
2018-10-07,14,18.0,0.0,13.3333,72,5.24,19.4,48.393,37.0278,167.04,1
2018-10-07,15,19.5,0.0,13.1667,69,10.9,17.82,52.7284,30.5392,171.943,1
2018-10-07,16,19.6667,0.0,12.6667,70,19.02,24.01,55.4328,22.9608,184.743,1
2018-10-07,17,19.0,0.0,12.0,66,28.11,19.58,51.7373,21.4301,207.36,1
2018-10-07,18,17.8333,0.0,11.3333,67,18.97,21.76,48.0418,19.8994,232.737,1
2018-10-07,19,16.1667,0.0,10.6667,69,30.78,49.19,60.9761,25.2569,200.842,1
2018-10-07,20,14.5,0.0,10.1667,71,32.37,60.2,54.4224,17.986,249.882,1
2018-10-07,21,12.6667,0.0,9.5,77,29.4,54.97,48.7164,11.4804,307.125,1
2018-10-07,22,10.8333,0.0,8.83333,83,23.89,46.18,56.7164,11.4804,303.525,1
2018-10-07,23,9.16667,0.0,8.33333,88,13.54,40.12,62.7164,11.4804,309.825,1
2018-10-08,0,7.5,0.0,7.66667,90,11.4,43.79,53.9343,5.35752,399.514,0
2018-10-08,1,6.16667,0.0,7.0,83,33.66,42.9,57.6298,6.88824,419.571,0
2018-10-08,2,4.66667,0.0,6.33333,85,24.78,39.74,60.4015,8.03628,445.714,0
2018-10-08,3,3.5,0.0,5.83333,92,22.7,35.43,61.4015,8.03628,493.971,0
2018-10-08,4,3.0,0.0,5.5,90,24.79,33.77,62.1086,8.74339,540.0,0
2018-10-08,5,2.66667,0.0,5.16667,90,27.08,34.03,51.2956,6.15751,677.018,0
2018-10-08,6,2.66667,0.23,4.83333,94,31.55,35.62,54.124,9.85303,671.564,0
2018-10-08,7,2.66667,0.23,4.5,97,39.04,37.65,54.124,13.853,660.0,0
2018-10-08,8,3.0,0.23,4.33333,100,37.28,39.66,41.0027,15.9744,800.28,0
2018-10-08,9,3.66667,0.23,4.5,92,34.39,36.9,38.2311,17.1224,803.52,0
2018-10-08,10,4.66667,0.23,5.16667,77,26.99,14.1,23.6117,19.0358,880.65,0
2018-10-08,11,5.83333,0.23,6.16667,64,24.44,7.3,24.6117,19.0358,820.8,0
2018-10-08,12,7.0,0.0,7.5,55,14.66,6.44,23.6117,19.0358,747.3,0
2018-10-08,13,8.5,0.0,9.16667,52,12.64,6.3,26.4374,15.6499,480.0,0
2018-10-08,14,9.83333,0.0,10.6667,51,10.98,5.24,35.609,3.06144,353.6,0
2018-10-08,15,10.8333,0.0,12.0,50,16.14,10.9,54.0,0.0,300.667,0
2018-10-08,16,10.8333,0.0,12.8333,49,16.57,19.02,56.0,0.0,294.0,0
2018-10-08,17,10.3333,0.0,13.1667,51,19.99,28.11,54.0,0.0,317.127,0
2018-10-08,18,9.83333,0.0,13.1667,58,30.56,18.97,51.0,0.0,359.9,0
2018-10-08,19,9.16667,0.0,12.6667,67,36.53,30.78,59.0,0.0,333.9,0
2018-10-08,20,8.5,0.0,12.0,73,33.42,32.37,39.609,-3.06144,372.655,0
2018-10-08,21,7.83333,0.0,11.1667,74,39.58,29.4,22.1418,-5.7402,425.455,0
2018-10-08,22,7.66667,0.0,10.1667,74,33.71,23.89,15.6746,-8.41896,398.945,0
2018-10-08,23,7.66667,0.0,9.16667,75,52.04,13.54,12.6746,-8.41896,417.6,0
2018-10-09,0,7.5,0.0,8.33333,78,29.84,11.4,11.6746,-8.41896,421.2,0
2018-10-09,1,7.33333,0.0,7.83333,82,37.3,33.66,10.6746,-8.41896,437.25,0
2018-10-09,2,7.33333,0.0,7.33333,84,30.23,24.78,9.67464,-8.41896,453.6,0
2018-10-09,3,7.33333,0.0,6.66667,94,30.37,22.7,24.0657,-5.35752,460.8,0
2018-10-09,4,7.16667,0.0,6.33333,93,31.9,24.79,37.5328,-2.67876,460.8,0
2018-10-09,5,6.83333,0.0,6.16667,100,32.55,27.08,51.0,0.0,470.25,0
2018-10-09,6,6.66667,0.0,6.0,100,32.57,31.55,57.0,0.0,436.05,0
2018-10-09,7,6.66667,0.0,6.0,100,39.47,39.04,55.0,0.0,469.05,0
2018-10-09,8,6.66667,0.0,6.16667,100,46.01,37.28,54.0,0.0,472.457,0
2018-10-09,9,6.66667,0.0,6.83333,98,40.64,34.39,54.0,0.0,472.457,0
2018-10-09,10,7.0,0.0,7.66667,77,40.36,26.99,54.0,0.0,472.457,0
2018-10-09,11,7.66667,0.0,8.83333,66,43.69,24.44,38.6851,3.44412,437.143,0
2018-10-09,12,8.5,0.0,10.3333,59,29.7,14.66,15.4463,7.27092,432.0,0
2018-10-09,13,9.16667,0.0,11.8333,56,22.77,12.64,-6.7164,11.4804,393.6,0
2018-10-09,14,9.83333,0.0,13.5,56,23.71,10.98,-21.4946,19.2586,329.829,0
2018-10-09,15,10.3333,0.0,14.8333,54,20.98,16.14,-43.2728,27.0368,326.8,0
2018-10-09,16,10.3333,0.0,16.0,57,21.51,16.57,-42.029,30.6638,321.48,0
2018-10-09,17,9.83333,0.0,16.6667,57,23.44,19.99,-41.1051,30.2811,341.127,0
2018-10-09,18,9.16667,0.0,16.6667,65,46.73,30.56,-47.5723,32.9599,323.345,0
2018-10-09,19,8.33333,0.0,16.1667,77,58.14,36.53,-43.8768,31.4292,372.655,0
2018-10-09,20,7.5,0.0,15.3333,85,45.03,33.42,-49.42,33.7252,360.0,0
2018-10-09,21,6.83333,0.0,14.5,88,43.96,39.58,-35.6418,25.947,426.0,0
2018-10-09,22,6.33333,0.0,13.3333,88,41.53,33.71,-21.8636,18.1688,488.52,0
2018-10-09,23,6.16667,0.0,12.1667,88,43.96,52.04,-15.8636,18.1688,464.28,0
2018-10-10,0,6.0,0.0,11.3333,89,46.72,29.84,-2.79252,11.0977,515.2,0
2018-10-10,1,6.0,0.0,10.8333,90,36.11,37.3,3.20748,11.0977,480.0,0
2018-10-10,2,6.0,0.0,10.5,90,39.53,30.23,17.5224,7.6536,498.343,0
2018-10-10,3,6.0,0.0,10.0,89,44.43,30.37,29.9896,4.97484,517.029,0
2018-10-10,4,6.0,0.0,9.66667,88,44.11,31.9,42.4567,2.29608,520.0,0
2018-10-10,5,6.0,0.0,9.5,88,45.7,32.55,42.4567,-2.29608,520.0,0
2018-10-10,6,6.0,0.0,9.16667,90,46.74,32.57,30.9134,-4.59216,520.0,0
2018-10-10,7,6.0,0.0,9.0,98,47.36,39.47,19.3702,-6.88824,520.0,0
2018-10-10,8,6.16667,0.0,9.0,100,48.28,46.01,9.1275,-11.1309,520.0,0
2018-10-10,9,6.5,0.0,9.5,99,45.5,40.64,-1.82227,-16.0807,499.8,0
2018-10-10,10,6.66667,0.0,10.3333,88,48.3,40.36,-19.4791,-21.7375,517.0,0
2018-10-10,11,7.0,0.0,11.5,76,53.17,43.69,-30.4289,-26.6873,496.8,0
2018-10-10,12,7.5,0.0,13.1667,67,45.42,29.7,-42.0858,-32.3442,457.6,0
2018-10-10,13,8.16667,0.0,14.8333,60,38.89,22.77,-37.3632,-34.116,451.0,0
2018-10-10,14,8.83333,0.0,16.6667,57,34.25,23.71,-38.891,-38.891,377.4,0
2018-10-10,15,9.33333,0.0,18.1667,56,30.2,20.98,-37.4768,-37.4768,371.25,0
2018-10-10,16,9.66667,0.0,19.1667,58,32.68,21.51,-39.5982,-39.5982,314.743,0
2018-10-10,17,9.83333,0.0,20.0,59,31.67,23.44,-38.0925,-42.9633,300.0,0
2018-10-10,18,10.0,0.0,20.3333,74,31.14,46.73,-35.8797,-45.6213,300.0,0
2018-10-10,19,10.0,0.0,20.0,86,38.7,58.14,-33.3426,-48.4962,300.0,0
2018-10-10,20,9.83333,0.0,19.1667,93,45.49,45.03,-30.0983,-50.6639,311.564,0
2018-10-10,21,9.83333,0.0,18.1667,92,45.18,43.96,-26.1469,-52.1245,323.345,0
2018-10-10,22,10.1667,0.0,17.1667,91,40.42,41.53,-22.5781,-54.5089,300.0,0
2018-10-10,23,10.6667,0.0,16.0,88,37.96,43.96,-19.8994,-48.0418,334.08,0
2018-10-11,0,11.0,0.0,14.8333,89,38.84,46.72,-20.6647,-49.8895,309.12,0
2018-10-11,1,11.5,0.0,14.1667,90,39.86,36.11,-21.4301,-51.7373,285.12,0
2018-10-11,2,12.0,0.0,13.6667,90,40.42,39.53,-22.5781,-54.5089,260.945,0
2018-10-11,3,12.5,0.0,13.3333,88,39.82,44.43,-23.3435,-56.3567,240.0,0
2018-10-11,4,13.0,0.0,13.1667,89,40.62,44.11,-19.8994,-48.0418,276.0,0
2018-10-11,5,13.5,0.0,12.8333,90,40.47,45.7,-20.6647,-49.8895,261.415,0
2018-10-11,6,14.0,0.0,12.6667,91,40.26,46.74,-21.4301,-51.7373,242.031,0
2018-10-11,7,14.5,0.0,12.3333,91,41.75,47.36,-22.1954,-53.585,230.4,0
2018-10-11,8,15.1667,0.0,12.1667,91,42.5,48.28,-22.9608,-55.4328,212.914,0
2018-10-11,9,15.8333,0.0,12.3333,84,42.82,45.5,-24.1088,-58.2044,195.52,0
2018-10-11,10,16.6667,0.0,12.8333,70,39.88,48.3,-19.5167,-47.1179,229.125,0
2018-10-11,11,17.6667,0.0,13.6667,61,39.44,53.17,-26.8289,-45.7709,209.012,0
2018-10-11,12,18.8333,0.0,14.8333,54,35.54,45.42,-35.1726,-44.9142,184.0,0
2018-10-11,13,20.0,0.0,16.3333,49,32.81,38.89,-43.8408,-43.8408,162.0,0
2018-10-11,14,21.0,0.0,18.0,47,32.03,34.25,-46.6693,-46.6693,147.714,0
2018-10-11,15,21.5,0.0,19.3333,47,32.18,30.2,-48.0835,-48.0835,141.382,0
2018-10-11,16,21.5,0.0,20.1667,49,29.56,32.68,-47.3764,-47.3764,151.93,0
2018-10-11,17,20.8333,0.0,21.0,51,30.27,31.67,-44.5479,-44.5479,175.304,0
2018-10-11,18,20.0,0.0,21.3333,61,33.97,31.14,-40.3053,-40.3053,204.8,0
2018-10-11,19,19.0,0.0,21.1667,68,36.8,38.7,-37.4768,-37.4768,225.095,0
2018-10-11,20,18.0,0.0,20.5,71,38.78,45.49,-36.0626,-36.0626,232.941,0
2018-10-11,21,17.3333,0.0,19.6667,73,37.99,45.18,-36.0626,-36.0626,232.941,0
2018-10-11,22,16.8333,0.0,18.8333,74,35.43,40.42,-36.0626,-36.0626,232.941,0
2018-10-11,23,16.6667,0.0,17.6667,74,35.28,37.96,-47.3764,-47.3764,180.0,0
2018-10-12,0,16.3333,0.0,16.6667,76,36.94,38.84,-46.6693,-46.6693,187.2,0
2018-10-12,1,16.0,0.0,15.8333,78,37.58,39.86,-45.255,-45.255,202.024,0
2018-10-12,2,15.5,0.0,15.1667,80,38.55,40.42,-43.8408,-43.8408,210.6,0
2018-10-12,3,15.0,0.0,14.6667,80,37.96,39.82,-42.4266,-42.4266,226.8,0
2018-10-12,4,14.5,0.0,14.1667,82,37.24,40.62,-41.0124,-41.0124,237.12,0
2018-10-12,5,14.0,0.0,13.8333,83,37.91,40.47,-39.5982,-39.5982,254.88,0
2018-10-12,6,13.5,0.0,13.5,86,39.84,40.26,-38.1839,-38.1839,267.429,0
2018-10-12,7,13.0,0.0,13.1667,88,42.31,41.75,-36.7697,-36.7697,286.971,0
2018-10-12,8,12.6667,0.0,13.0,90,44.44,42.5,-45.255,-45.255,240.0,0
2018-10-12,9,12.5,0.0,13.0,84,41.51,42.82,-43.8408,-43.8408,249.508,0
2018-10-12,10,13.0,0.0,13.5,72,35.57,39.88,-46.6588,-39.6232,249.508,0
2018-10-12,11,13.6667,0.0,14.3333,62,35.09,39.44,-43.7632,-28.0684,265.5,0
2018-10-12,12,14.6667,0.0,15.5,55,30.72,35.54,-50.9838,-26.0886,216.0,0
2018-10-12,13,15.5,0.0,17.0,50,30.81,32.81,-47.1179,-19.5167,229.125,0
2018-10-12,14,16.1667,0.0,18.5,49,29.45,32.03,-48.0418,-19.8994,224.824,0
2018-10-12,15,16.3333,0.0,19.8333,48,28.42,32.18,-16.3358,-13.3938,236.733,0
2018-10-12,16,15.5,0.0,20.8333,49,29.92,29.56,-29.2701,-18.7513,201.4,0
2018-10-12,17,14.3333,0.0,21.3333,52,28.71,30.27,-22.803,-16.0726,249.882,0
2018-10-12,18,13.0,0.0,21.0,62,34.02,33.97,-16.3358,-13.3938,307.125,0
2018-10-12,19,11.6667,0.0,20.3333,68,38.16,36.8,-25.5746,-17.2206,284.625,0
2018-10-12,20,10.3333,0.0,19.3333,76,38.44,38.78,-49.8895,-20.6647,339.429,0
2018-10-12,21,9.33333,0.0,18.1667,77,38.39,37.99,-57.2806,-23.7262,320.914,0
2018-10-12,22,8.83333,0.0,16.8333,76,52.72,35.43,-51.7373,-21.4301,360.0,0
2018-10-12,23,8.5,0.0,15.6667,75,43.92,35.28,-48.9656,-20.282,389.88,0
2018-10-13,0,8.16667,0.0,14.8333,78,41.26,36.94,-47.1179,-19.5167,417.72,1
2018-10-13,1,8.0,0.0,14.1667,80,41.8,37.58,-54.5089,-22.5781,373.32,1
2018-10-13,2,8.0,0.0,13.5,82,43.49,38.55,-52.6612,-21.8128,388.267,1
2018-10-13,3,8.16667,0.0,13.0,83,44.24,37.96,-51.7373,-21.4301,390.0,1
2018-10-13,4,8.33333,0.0,12.6667,85,45.61,37.24,-52.6612,-21.8128,374.85,1
2018-10-13,5,8.5,0.0,12.3333,87,46.62,37.91,-53.585,-22.1954,360.0,1
2018-10-13,6,8.66667,0.0,12.0,89,47.89,39.84,-47.1179,-19.5167,401.85,1
2018-10-13,7,8.83333,0.0,11.6667,91,48.79,42.31,-48.0418,-19.8994,386.4,1
2018-10-13,8,9.0,0.0,11.6667,93,50.28,44.44,-48.9656,-20.282,371.25,1
2018-10-13,9,9.16667,0.0,11.8333,85,50.16,41.51,-49.8895,-20.6647,366.667,1
2018-10-13,10,9.33333,0.0,12.5,73,41.84,35.57,-50.8134,-21.0474,352.8,1
2018-10-13,11,9.83333,0.0,13.5,61,43.16,35.09,-51.7373,-21.4301,339.2,1
2018-10-13,12,10.5,0.0,15.0,54,40.07,30.72,-54.5089,-22.5781,300.0,1
2018-10-13,13,11.3333,0.0,16.6667,49,37.71,30.81,-49.8895,-20.6647,300.667,1
2018-10-13,14,12.1667,0.0,18.3333,48,33.19,29.45,-54.5089,-22.5781,250.92,1
2018-10-13,15,12.6667,0.0,20.0,49,30.05,28.42,-48.9656,-20.282,265.5,1
2018-10-13,16,13.0,0.0,21.0,51,29.66,29.92,-49.8895,-20.6647,261.415,1
2018-10-13,17,12.8333,0.0,21.5,54,31.24,28.71,-46.3644,-24.1752,277.114,1
2018-10-13,18,12.5,0.0,21.5,71,36.56,34.02,-54.1426,-31.9534,240.0,1
2018-10-13,19,12.0,0.0,21.0,80,39.5,38.16,-48.9865,-34.3741,268.029,1
2018-10-13,20,11.5,0.0,20.0,85,39.39,38.44,-43.8304,-36.7948,289.385,1
2018-10-13,21,11.1667,0.0,18.6667,83,39.68,38.39,-39.5982,-39.5982,302.4,1
2018-10-13,22,11.0,0.0,17.3333,80,37.35,52.72,-38.891,-38.891,305.455,1
2018-10-13,23,11.1667,0.0,16.1667,76,36.52,43.92,-38.891,-38.891,305.455,1
2018-10-14,0,11.3333,0.0,15.0,78,37.74,41.26,-39.5982,-39.5982,294.0,1
2018-10-14,1,11.5,0.0,14.1667,80,39.08,41.8,-40.3053,-40.3053,282.764,1
2018-10-14,2,11.5,0.0,13.6667,81,40.6,43.49,-41.0124,-41.0124,271.745,1
2018-10-14,3,11.6667,0.0,13.3333,78,40.34,44.24,-41.0124,-41.0124,271.745,1
2018-10-14,4,11.8333,0.0,13.1667,78,40.85,45.61,-41.7195,-41.7195,270.3,1
2018-10-14,5,12.0,0.0,12.8333,79,41.99,46.62,-41.7195,-41.7195,270.3,1
2018-10-14,6,12.1667,0.0,12.6667,81,42.82,47.89,-42.4266,-42.4266,260.0,1
2018-10-14,7,12.5,0.0,12.3333,83,45.23,48.79,-43.1337,-43.1337,240.0,1
2018-10-14,8,13.1667,0.0,12.1667,84,45.54,50.28,-36.7697,-36.7697,276.0,1
2018-10-14,9,14.0,0.0,12.3333,77,41.86,50.16,-38.891,-38.891,251.631,1
2018-10-14,10,15.1667,0.0,12.8333,64,35.26,41.84,-41.7195,-41.7195,214.338,1
2018-10-14,11,16.5,0.0,13.8333,54,34.08,43.16,-40.1812,-29.8984,225.28,1
2018-10-14,12,18.0,0.0,15.0,46,30.49,40.07,-48.9761,-27.3281,186.353,1
2018-10-14,13,19.5,0.0,16.6667,42,29.3,37.71,-57.2806,-23.7262,162.0,1
2018-10-14,14,20.6667,0.0,18.3333,41,27.07,33.19,-60.9761,-25.2569,147.714,1
2018-10-14,15,21.3333,0.0,19.6667,41,25.41,30.05,-61.9,-25.6396,147.0,1
2018-10-14,16,21.3333,0.0,20.6667,42,26.1,29.66,-60.9761,-25.2569,157.617,1
2018-10-14,17,20.8333,0.0,21.1667,44,26.73,31.24,-57.2806,-23.7262,176.727,1
2018-10-14,18,20.0,0.0,21.1667,48,29.73,36.56,-49.6832,-28.0352,198.0,1
2018-10-14,19,18.8333,0.0,20.8333,51,31.3,39.5,-42.3026,-32.0198,217.579,1
2018-10-14,20,17.6667,0.0,20.1667,53,31.22,39.39,-39.5309,-30.8717,236.733,1
2018-10-14,21,16.5,0.0,19.3333,55,28.23,39.68,-53.3891,-36.6119,194.133,1
2018-10-14,22,15.5,0.0,18.3333,58,27.0,37.35,-53.5955,-29.2415,217.412,1
2018-10-14,23,14.6667,0.0,17.3333,60,26.89,36.52,-53.585,-22.1954,243.6,1
2018-10-15,0,13.8333,0.0,16.5,62,26.15,37.74,-50.8134,-21.0474,264.0,0
2018-10-15,1,13.1667,0.0,15.6667,63,26.14,39.08,-48.0418,-19.8994,286.971,0
2018-10-15,2,12.6667,0.0,14.8333,64,25.6,40.6,-59.1283,-24.4915,240.0,0
2018-10-15,3,12.3333,0.0,14.1667,59,23.53,40.34,-57.2806,-23.7262,249.508,0
2018-10-15,4,12.1667,0.0,13.6667,57,23.5,40.85,-53.7554,-27.2366,259.2,0
2018-10-15,5,11.8333,0.0,13.1667,55,24.14,41.99,-50.2303,-30.7471,260.0,0
2018-10-15,6,11.6667,0.0,12.8333,56,25.59,42.82,-46.922,-33.9332,270.3,0
2018-10-15,7,11.5,0.0,12.3333,56,27.06,45.23,-43.6136,-37.1192,280.8,0
2018-10-15,8,11.3333,0.0,12.1667,57,31.73,45.54,-40.3053,-40.3053,291.5,0
2018-10-15,9,11.3333,0.0,12.1667,54,29.08,41.86,-39.5982,-39.5982,302.4,0
2018-10-15,10,12.0,0.0,12.5,50,27.99,35.26,-39.5982,-39.5982,294.0,0
2018-10-15,11,13.1667,0.0,13.3333,44,26.18,34.08,-46.602,-37.9428,240.0,0
2018-10-15,12,14.5,0.0,14.5,38,26.79,30.49,-47.6754,-29.2747,217.964,0
2018-10-15,13,15.8333,0.0,16.0,35,26.68,29.3,-48.9656,-20.282,212.625,0
2018-10-15,14,17.0,0.0,17.5,34,26.15,27.07,-51.7373,-21.4301,198.4,0
2018-10-15,15,17.8333,0.0,18.8333,35,25.95,25.41,-51.7373,-21.4301,202.926,0
2018-10-15,16,17.5,0.0,19.8333,37,25.99,26.1,-49.8895,-20.6647,217.579,0
2018-10-15,17,16.5,0.0,20.3333,39,25.59,26.73,-62.8238,-26.0222,186.821,0
2018-10-15,18,15.1667,0.0,20.1667,45,26.7,29.73,-56.3567,-23.3435,231.8,0
2018-10-15,19,13.8333,0.0,19.6667,47,30.59,31.3,-49.8895,-20.6647,284.612,0
2018-10-15,20,12.5,0.0,18.8333,49,31.6,31.22,-60.0522,-24.8742,256.941,0
2018-10-15,21,11.3333,0.0,17.8333,52,31.23,28.23,-53.585,-22.1954,297.6,0
2018-10-15,22,10.5,0.0,16.6667,56,28.22,27.0,-49.8895,-20.6647,324.8,0
2018-10-15,23,10.0,0.0,15.6667,59,26.76,26.89,-47.1179,-19.5167,353.455,0
2018-10-16,0,9.66667,0.0,14.8333,62,26.8,26.15,-55.4328,-22.9608,311.564,0
2018-10-16,1,9.16667,0.0,14.0,65,27.85,26.14,-53.585,-22.1954,335.345,0
2018-10-16,2,8.83333,0.0,13.3333,68,29.18,25.6,-50.8134,-21.0474,363.0,0
2018-10-16,3,8.5,0.0,12.8333,68,30.02,23.53,-48.9656,-20.282,389.88,0
2018-10-16,4,8.16667,0.0,12.3333,70,31.0,23.5,-47.1179,-19.5167,409.867,0
2018-10-16,5,7.83333,0.0,11.8333,73,32.89,24.14,-53.585,-22.1954,374.0,0
2018-10-16,6,7.5,0.0,11.3333,75,34.42,25.59,-51.7373,-21.4301,402.8,0
2018-10-16,7,7.33333,0.0,11.0,78,37.58,27.06,-48.3721,-22.9357,432.667,0
2018-10-16,8,7.16667,0.0,10.8333,80,43.09,31.73,-45.007,-24.4414,453.6,0
2018-10-16,9,7.16667,0.0,10.8333,75,35.76,29.08,-42.5657,-26.3297,470.25,0
2018-10-16,10,7.5,0.0,11.5,65,30.5,27.99,-40.8316,-28.9251,470.25,0
2018-10-16,11,7.83333,0.0,12.5,54,35.11,26.18,-24.4405,-25.8637,443.143,0
2018-10-16,12,8.33333,0.0,13.8333,46,32.04,26.79,-8.97335,-23.1849,408.857,0
2018-10-16,13,8.83333,0.0,15.5,42,25.58,26.68,7.49381,-20.5062,360.0,0
2018-10-16,14,9.33333,0.0,17.1667,42,24.87,26.15,27.3934,-10.6066,361.029,0
2018-10-16,15,9.5,0.0,18.6667,44,25.25,25.95,42.3431,-5.65688,327.6,0
2018-10-16,16,9.5,0.0,19.5,48,24.04,25.99,39.6851,-3.44412,325.867,0
2018-10-16,17,9.33333,0.0,19.8333,54,27.39,25.59,22.3702,-6.88824,325.867,0
2018-10-16,18,8.83333,0.0,19.5,62,38.56,26.7,7.71328,-12.5451,349.92,0
2018-10-16,19,8.33333,0.0,18.6667,64,40.5,30.59,-7.23649,-17.4949,389.88,0
2018-10-16,20,7.83333,0.0,17.5,69,40.09,31.6,-12.1863,-22.4447,360.0,0
2018-10-16,21,7.33333,0.0,16.1667,72,65.85,31.23,-27.136,-27.3944,400.68,0
2018-10-16,22,6.83333,0.0,14.8333,76,61.59,28.22,-41.3787,-31.6371,448.0,0
2018-10-16,23,6.5,0.0,13.5,80,56.69,26.76,-45.6213,-35.8797,420.0,0
2018-10-17,0,6.33333,0.0,12.5,84,61.11,26.8,-41.5491,-36.6783,466.4,0
2018-10-17,1,6.16667,0.0,11.6667,86,53.75,27.85,-37.4768,-37.4768,503.25,0
2018-10-17,2,6.0,0.0,11.0,87,46.93,29.18,-36.0626,-36.0626,528.0,0
2018-10-17,3,6.0,0.0,10.5,86,45.8,30.02,-40.3053,-40.3053,480.0,0
2018-10-17,4,6.16667,0.0,10.1667,85,47.48,31.0,-39.5982,-39.5982,498.343,0
2018-10-17,5,6.33333,0.0,9.83333,85,47.91,32.89,-39.5982,-39.5982,498.343,0
2018-10-17,6,6.33333,0.0,9.66667,87,48.31,34.42,-39.5982,-39.5982,480.0,0
2018-10-17,7,6.33333,0.0,9.33333,92,48.94,37.58,-39.5982,-39.5982,480.0,0
2018-10-17,8,6.33333,0.0,9.16667,96,57.03,43.09,-39.5982,-39.5982,480.0,0
2018-10-17,9,6.5,0.0,9.33333,90,52.74,35.76,-39.5982,-39.5982,480.0,0
2018-10-17,11,6.5,0.0,11.0,60,49.17,35.11,-38.2871,-34.4987,496.8,0
2018-10-17,12,6.66667,0.0,12.5,49,46.87,32.04,-40.5116,-32.9348,490.629,0
2018-10-17,13,6.83333,0.0,14.3333,44,41.5,25.58,-28.5618,-27.985,490.629,0
2018-10-17,14,7.16667,0.0,16.1667,43,40.15,24.87,-16.6121,-23.0353,477.0,0
2018-10-17,15,7.16667,0.0,17.6667,43,39.43,25.25,-4.36941,-18.7926,438.6,0
2018-10-17,16,7.16667,0.0,18.6667,47,36.38,24.04,-6.59391,-17.2287,420.0,0
2018-10-17,17,7.16667,0.0,19.0,60,39.17,27.39,-8.81841,-15.6648,420.0,0
2018-10-17,18,7.16667,0.0,18.6667,69,42.86,38.56,-8.81841,-15.6648,420.0,0
2018-10-17,19,7.16667,0.0,18.0,75,60.5,40.5,-7.30102,-17.9358,420.0,0
2018-10-17,20,6.83333,0.0,16.8333,82,75.4,40.09,-5.78363,-20.2068,420.0,0
2018-10-17,21,6.66667,0.0,15.5,84,88.59,65.85,-17.0263,-24.4495,437.143,0
2018-10-17,22,6.5,0.0,14.1667,87,87.52,61.59,-28.2689,-28.6922,469.05,0
2018-10-17,23,6.33333,0.0,13.0,88,84.5,56.69,-40.5116,-32.9348,490.629,0
2018-10-18,0,6.16667,0.0,12.0,89,75.96,61.11,-38.2871,-34.4987,509.143,0
2018-10-18,1,6.0,0.0,11.1667,89,71.09,53.75,-36.0626,-36.0626,528.0,0
2018-10-18,2,6.0,0.0,10.6667,89,67.17,46.93,-40.3053,-40.3053,480.0,0
2018-10-18,3,5.83333,0.0,10.1667,88,64.68,45.8,-39.5982,-39.5982,498.343,0
2018-10-18,4,5.5,0.0,9.83333,88,57.89,47.48,-38.1839,-38.1839,536.057,0
2018-10-18,5,5.0,0.0,9.33333,89,58.36,47.91,-36.0626,-36.0626,583.0,0
2018-10-18,6,4.33333,0.0,9.0,94,55.66,48.31,-38.8342,-37.2106,582.4,0
2018-10-18,9,3.0,0.0,8.33333,95,78.48,52.74,-30.4703,-28.8467,683.4,0
2018-10-18,12,4.5,0.0,11.3333,52,57.5,46.87,-10.6712,-1.87988,756.0,0
2018-10-18,13,5.66667,0.0,13.1667,48,59.235,41.5,-1.47875,8.82994,731.4,0
2018-10-18,14,6.83333,0.0,15.0,48,54.58,40.15,9.1279,19.4366,660.0,0
2018-10-18,15,7.83333,0.0,16.3333,50,49.11,39.43,26.8056,37.1143,603.2,0
2018-10-18,16,8.66667,0.0,17.1667,56,49.86,36.38,32.5271,41.2122,429.3,0
2018-10-18,18,9.83333,0.0,17.0,87,49.52,42.86,41.7659,37.8713,314.743,0
2018-10-18,19,10.0,0.0,16.3333,94,48.12,60.5,46.0549,35.2309,300.0,0
2018-10-18,20,9.83333,0.0,15.3333,100,51.64,75.4,48.9297,32.6937,300.0,0
2018-10-18,21,9.66667,0.0,14.5,98,44.69,88.59,50.1735,29.0667,312.12,0
2018-10-18,22,9.33333,0.0,13.6667,92,37.1,87.52,51.4173,25.4397,324.48,0
2018-10-18,23,9.0,0.0,13.1667,86,16.87,84.5,51.7373,21.4301,349.92,0
2018-10-19,0,8.83333,0.0,12.5,85,7.82,75.96,49.8895,20.6647,376.32,0
2018-10-19,1,8.83333,0.0,12.0,85,6.69,71.09,48.9656,20.282,389.88,0
2018-10-19,2,9.0,0.0,11.6667,86,3.61,67.17,48.9656,20.282,380.8,0
2018-10-19,3,9.16667,0.0,11.1667,86,2.98,64.68,49.8895,20.6647,366.667,0
2018-10-19,9,7.83333,0.0,8.16667,93,54.37,78.48,54.5089,22.5781,373.32,0
2018-10-19,10,7.66667,0.0,8.16667,77,35.93,57.82,52.6612,21.8128,400.68,0
2018-10-19,12,8.0,0.0,9.5,60,23.18,57.5,50.8134,21.0474,405.45,0
2018-10-19,13,8.33333,0.0,10.6667,55,21.87,59.235,51.7373,21.4301,390.0,0
2018-10-19,14,8.66667,0.0,12.0,53,20.18,54.58,50.7102,24.7326,360.0,0
2018-10-19,15,8.83333,0.0,13.1667,49,16.23,49.11,44.1399,25.7391,386.4,0
2018-10-19,16,9.0,0.0,13.8333,50,14.5,49.86,43.1129,29.0416,371.25,0
2018-10-19,18,8.83333,0.0,13.6667,67,46.28,49.52,39.4278,34.557,380.8,0
2018-10-19,19,8.83333,0.0,13.0,77,49.26,48.12,37.4768,37.4768,380.8,0
2018-10-19,20,9.0,0.0,12.0,85,41.54,51.64,39.4278,34.557,380.8,0
2018-10-19,21,9.0,0.0,10.8333,88,41.62,44.69,42.3026,32.0198,366.667,0
2018-10-19,22,8.83333,0.0,9.66667,87,30.06,37.1,44.2535,29.0999,366.667,0
2018-10-19,23,8.66667,0.0,8.5,86,34.51,16.87,45.2805,25.7973,371.25,0
2018-10-20,0,8.33333,0.0,7.66667,88,30.45,7.82,46.0908,22.8192,395.2,1
2018-10-20,1,8.0,0.0,6.83333,87,34.18,6.69,52.558,25.498,360.0,1
2018-10-20,2,7.5,0.0,6.16667,87,32.08,3.61,51.1438,24.0838,388.267,1
2018-10-20,3,7.16667,0.0,5.83333,80,41.37,2.98,47.7786,25.5894,429.0,1
2018-10-20,8,7.5,0.0,5.5,75,25.26,14.85,41.8227,44.3206,420.0,1
2018-10-20,9,8.0,0.0,5.66667,71,44.8,54.37,36.7697,45.007,443.143,1
2018-10-20,10,8.66667,0.0,6.0,65,35.13,35.93,38.891,49.296,392.229,1
2018-10-20,11,9.66667,0.0,6.5,58,28.04,19.61,36.7697,48.0418,377.143,1
2018-10-20,12,10.8333,0.0,7.33333,53,14.79,23.18,36.0626,47.1179,333.45,1
2018-10-20,13,11.8333,0.0,8.33333,50,7.88,21.87,40.3053,52.6612,263.467,1
2018-10-20,14,12.6667,0.0,9.33333,48,5.97,20.18,36.7697,48.0418,270.327,1
2018-10-20,15,13.0,0.0,10.0,47,7.22,16.23,38.891,47.7786,251.631,1
2018-10-20,16,13.0,0.0,10.6667,48,12.35,14.5,38.1839,46.8547,267.429,1
2018-10-20,17,12.5,0.0,10.8333,53,18.31,22.58,36.0626,44.0831,297.0,1
2018-10-20,18,11.6667,0.0,10.8333,63,20.52,46.28,43.1337,53.3219,268.029,1
2018-10-20,19,10.8333,0.23,10.5,70,34.69,49.26,39.5982,48.7025,318.171,1
2018-10-20,20,9.66667,0.23,10.0,75,36.5,41.54,36.0626,47.1179,359.9,1
2018-10-20,21,8.83333,0.23,9.5,80,33.14,41.62,36.0626,54.1179,345.6,1
2018-10-20,22,8.0,0.23,8.66667,83,38.06,30.06,27.5773,50.0313,398.618,1
2018-10-20,23,7.33333,0.23,8.16667,84,40.94,34.51,27.5773,56.0313,385.745,1
2018-10-21,0,6.83333,0.23,7.66667,88,30.43,30.45,19.7991,51.8686,443.52,1
2018-10-21,1,6.33333,0.0,7.33333,89,29.02,34.18,19.7991,57.8686,420.0,1
2018-10-21,2,6.16667,0.0,7.16667,90,36.64,32.08,12.728,54.6298,466.4,1
2018-10-21,3,6.0,0.23,6.83333,92,29.25,41.37,6.36399,52.3149,515.2,1
2018-10-21,4,6.0,0.23,6.66667,94,32.98,41.41,6.36399,58.3149,480.0,1
2018-10-21,5,6.0,0.23,6.5,92,34.68,35.62,4.24266,55.5433,498.343,1
2018-10-21,6,6.0,0.23,6.16667,94,33.48,36.44,8.48532,54.0866,517.029,1
2018-10-21,7,6.0,0.23,5.83333,93,41.7,37.27,12.728,52.6298,520.0,1
2018-10-21,8,6.0,0.23,5.33333,92,38.07,25.26,16.9706,52.1731,520.0,1
2018-10-21,9,5.83333,0.0,5.33333,93,47.0,44.8,21.2133,51.7164,520.0,1
2018-10-21,10,5.83333,0.0,5.66667,94,48.26,35.13,24.7488,50.3358,540.6,1
2018-10-21,11,6.0,0.0,6.33333,83,52.25,28.04,24.7488,50.3358,540.6,1
2018-10-21,12,6.33333,0.0,7.33333,71,57.3,14.79,22.0701,50.803,520.0,1
2018-10-21,13,6.83333,0.0,8.66667,61,55.73,7.88,19.0086,52.194,480.0,1
2018-10-21,14,7.33333,0.0,10.3333,55,29.16,5.97,4.15934,47.4714,477.0,1
2018-10-21,15,8.0,0.0,11.5,51,13.11,7.22,-6.44731,48.2921,420.0,1
2018-10-21,16,8.33333,0.0,12.3333,53,8.43,12.35,-21.2966,43.5696,399.36,1
2018-10-21,17,8.5,0.0,12.6667,62,9.21,18.31,-30.489,44.607,360.0,1
2018-10-21,18,8.33333,0.0,12.5,72,33.83,20.52,-33.4672,37.7968,401.85,1
2018-10-21,19,8.0,0.0,11.8333,84,59.93,34.69,-38.4169,42.7465,360.0,1
2018-10-21,20,7.66667,0.0,10.8333,92,50.12,36.5,-40.3053,40.3053,388.267,1
2018-10-21,21,7.5,0.0,10.0,95,46.46,33.14,-38.891,38.891,417.6,1
2018-10-21,22,7.5,0.0,9.0,93,36.55,38.06,-38.1839,38.1839,432.667,1
2018-10-21,23,7.66667,0.0,8.16667,90,30.66,40.94,-39.211,34.8814,437.25,1
2018-10-22,0,8.0,0.0,7.66667,88,30.68,30.43,-41.869,32.6686,421.2,0
2018-10-22,1,8.33333,0.0,7.33333,87,32.61,29.02,-44.5271,30.4559,392.229,0
2018-10-22,2,8.66667,0.0,7.16667,87,30.64,36.64,-47.8922,28.9502,360.0,0
2018-10-22,3,8.83333,0.0,7.0,87,26.6,29.25,-46.3076,22.4948,386.4,0
2018-10-22,4,9.0,0.0,7.0,89,23.59,32.98,-47.0147,23.2019,371.25,0
2018-10-22,5,9.0,0.0,6.83333,91,22.58,34.68,-45.9877,26.5045,366.667,0
2018-10-22,6,9.16667,0.0,6.83333,87,20.75,33.48,-44.0367,29.4243,366.667,0
2018-10-22,7,9.5,1.07,6.83333,84,22.14,41.7,-42.7929,33.0513,352.8,0
2018-10-22,8,9.83333,1.07,6.83333,82,25.71,38.07,-42.2562,37.3854,325.867,0
2018-10-22,9,10.3333,2.14,7.0,82,23.18,47.0,-41.7195,41.7195,300.0,0
2018-10-22,10,10.6667,3.36,7.16667,81,27.3,48.26,-37.4768,37.4768,313.6,0
2018-10-22,11,11.0,4.58,7.66667,80,32.62,52.25,-35.3223,41.2755,297.0,0
2018-10-22,12,11.3333,4.58,8.16667,81,37.88,57.3,-32.4607,44.3671,294.0,0
2018-10-22,13,11.5,3.99,8.83333,85,31.84,55.73,-24.6825,48.5889,282.764,0
2018-10-22,14,11.8333,3.99,9.5,82,16.94,29.16,-8.41896,49.296,280.8,0
2018-10-22,15,12.0,2.92,10.0,80,13.6,13.11,9.25879,50.0031,260.945,0
2018-10-22,16,12.3333,1.7,10.3333,76,20.6,8.43,22.6607,49.0329,240.0,0
2018-10-22,17,12.6667,0.48,10.6667,67,16.78,9.21,36.0626,36.0626,286.7,0
2018-10-22,18,12.6667,0.96,10.5,75,33.61,33.83,36.7697,36.7697,281.538,0
2018-10-22,19,12.5,0.48,10.0,76,38.58,59.93,36.0626,36.0626,291.877,0
2018-10-22,20,12.0,0.48,9.33333,77,39.71,50.12,43.8408,43.8408,249.508,0
2018-10-22,21,11.5,0.48,8.66667,77,29.27,46.46,41.7195,43.8872,279.138,0
2018-10-22,22,11.0,0.48,8.0,76,23.14,36.55,39.5982,43.9336,310.431,0
2018-10-22,23,10.6667,0.48,7.16667,75,11.34,30.66,30.4057,44.7411,336.3,0
2018-10-23,0,10.5,0.0,6.5,76,9.56,30.68,21.9204,47.2558,341.127,0
2018-10-23,1,10.6667,0.0,6.0,75,6.21,32.61,14.1422,50.4776,334.08,0
2018-10-23,2,11.0,0.0,5.66667,76,4.49,30.64,7.0711,53.2388,309.12,0
2018-10-23,3,11.6667,0.0,5.33333,72,3.09,26.6,-4.59216,55.0866,285.12,0
2018-10-23,4,12.5,0.76,5.16667,69,2.43,23.59,-9.94968,58.0209,250.364,0
2018-10-23,5,13.5,0.76,5.16667,73,2.55,22.58,-15.6899,49.8791,265.5,0
2018-10-23,6,14.5,1.52,5.33333,73,3.83,20.75,-22.1954,53.585,216.0,0
2018-10-23,7,15.5,1.52,5.5,74,3.1,22.14,-24.1088,58.2044,187.971,0
2018-10-23,8,16.8333,3.09,5.66667,75,4.54,25.71,-19.8994,48.0418,224.824,0
2018-10-23,9,18.3333,4.66,5.83333,75,6.51,23.18,-21.0474,50.8134,201.318,0
2018-10-23,10,20.0,5.45,6.16667,79,10.44,27.3,-30.8054,51.371,163.4,0
2018-10-23,11,22.0,7.0,6.33333,78,10.25,32.62,-33.4841,57.8381,131.04,0
2018-10-23,12,25.0,7.79,6.66667,78,11.02,37.88,-20.6647,49.8895,156.768,0
2018-10-23,13,27.8333,9.87,7.16667,77,12.15,31.84,-24.4915,59.1283,118.345,0
2018-10-23,14,33.6667,8.3,7.83333,76,10.89,16.94,-26.7876,64.6716,111.429,0
2018-10-23,15,35.6667,8.81,8.66667,74,11.93,13.6,-21.0474,50.8134,109.091,0
2018-10-23,16,40.6667,7.26,9.33333,72,14.96,20.6,-34.4412,83.1492,99.2727,0
2018-10-23,17,44.8333,5.71,9.83333,81,19.85,16.78,-21.0474,50.8134,109.091,0
2018-10-23,18,47.3333,4.16,10.1667,77,11.3,33.61,-20.6647,49.8895,111.111,0
2018-10-23,19,49.3333,2.08,10.3333,73,9.44,38.58,-20.6647,99.8895,60.0,0
2018-10-23,20,47.5,2.08,10.3333,70,5.51,39.71,0.0,97.0,67.416,0
2018-10-23,21,48.5,0.0,10.0,68,4.39,29.27,0.0,91.0,75.7787,0
2018-10-23,22,45.5,0.97,9.66667,67,1.81,23.14,28.9915,81.8791,85.2818,0
2018-10-23,23,42.8333,0.97,9.5,70,1.84,11.34,55.1546,72.0626,99.5707,0
2018-10-24,0,42.1667,1.94,9.16667,70,2.1,9.56,53.0332,69.291,98.5297,0
2018-10-24,1,41.5,2.47,8.83333,73,2.2,6.21,59.3972,67.6345,71.6211,0
2018-10-24,2,43.3333,3.0,8.33333,71,1.89,4.49,62.9328,72.2539,78.8087,0
2018-10-24,3,44.6667,3.0,8.0,66,0.92,3.09,38.891,38.891,109.091,0
2018-10-24,4,46.8333,2.03,7.66667,65,0.66,2.43,73.5394,73.5394,62.3127,0
2018-10-24,5,48.3333,2.03,7.33333,66,0.78,2.55,70.0039,70.0039,60.0,0
2018-10-24,6,48.3333,1.06,7.0,62,2.24,3.83,78.7779,53.3415,67.416,0
2018-10-24,7,48.6667,0.53,6.66667,65,3.32,3.1,85.9208,35.5892,70.3149,0
2018-10-24,8,46.5,0.0,6.33333,69,5.4,4.54,74.3184,49.4232,73.1739,0
2018-10-24,9,45.1667,0.0,6.16667,61,6.38,6.51,61.5186,61.5186,81.9733,0
2018-10-24,10,43.5,0.0,6.16667,58,10.2,10.44,58.6901,58.6901,85.9714,0
2018-10-24,11,43.5,0.0,6.33333,54,11.05,10.25,65.9467,44.2987,89.561,0
2018-10-24,12,44.0,0.0,6.83333,46,6.82,11.02,80.3776,33.2932,68.37,0
2018-10-24,13,45.0,0.0,7.5,38,8.93,12.15,88.6925,36.7373,62.5021,0
2018-10-24,14,46.3333,0.0,8.33333,33,5.26,10.89,47.1179,19.5167,117.647,0
2018-10-24,15,47.3333,0.0,8.83333,35,6.01,11.93,82.4734,54.8722,60.0,0
2018-10-24,16,47.0,0.0,9.16667,41,5.42,14.96,68.5897,68.5897,67.416,0
2018-10-24,17,44.6667,0.0,9.16667,52,9.93,19.85,60.1043,60.1043,93.3957,0
2018-10-24,18,41.3333,0.0,8.83333,62,22.38,11.3,50.2048,50.2048,116.368,0
2018-10-24,19,37.0,0.0,8.33333,64,24.33,9.44,43.8408,43.8408,139.418,0
2018-10-24,20,32.0,0.0,7.66667,67,33.06,5.51,38.1839,43.6032,167.586,0
2018-10-24,21,26.6667,0.0,7.0,72,25.78,4.39,52.3261,62.0808,143.379,0
2018-10-24,22,22.3333,0.0,6.33333,78,21.62,1.81,42.4266,55.4328,202.8,0
2018-10-24,23,18.8333,0.0,5.66667,80,14.23,1.84,42.4266,67.4328,198.432,0
2018-10-25,1,13.5,0.84,5.0,75,6.03,2.2,24.7488,67.3358,240.0,0
2018-10-25,2,12.0,1.68,4.83333,75,4.83,1.89,6.39717,59.0209,276.48,0
2018-10-25,3,11.5,1.68,5.16667,76,4.32,0.92,-8.41896,55.3254,291.5,0
2018-10-25,4,11.8333,2.52,5.66667,82,6.56,0.66,-13.0111,54.4119,291.5,0
2018-10-25,5,12.6667,2.52,6.33333,92,5.18,0.78,-18.3686,55.3462,260.945,0
2018-10-25,6,14.1667,3.36,6.83333,93,5.99,2.24,-20.6647,49.8895,248.727,0
2018-10-25,7,16.3333,3.56,7.5,93,9.09,3.32,-11.8631,48.6403,221.4,0
2018-10-25,8,18.8333,2.72,8.16667,86,7.54,5.4,-6.50556,59.706,158.118,0
2018-10-25,9,21.1667,2.72,8.66667,80,10.49,6.38,18.3849,68.0209,120.0,0
2018-10-25,10,22.8333,1.88,9.0,80,9.6,10.2,36.7697,48.0418,170.769,0
2018-10-25,11,24.0,1.88,9.5,78,10.66,11.05,36.7697,72.0418,120.0,0
2018-10-25,12,24.8333,2.03,10.0,72,7.49,6.82,18.3849,72.0209,129.6,0
2018-10-25,13,25.1667,0.99,10.5,67,13.55,8.93,17.6777,71.097,124.95,0
2018-10-25,14,25.0,1.98,10.8333,59,9.88,5.26,36.0626,47.1179,174.048,0
2018-10-25,15,24.6667,1.98,11.0,59,10.98,6.01,36.0626,47.1179,176.538,0
2018-10-25,16,24.5,1.98,11.0,60,10.58,5.42,53.0332,69.291,124.754,0
2018-10-25,17,24.1667,1.98,10.8333,61,12.88,9.93,50.9119,66.5194,134.832,0
2018-10-25,18,23.5,1.98,10.6667,61,16.4,22.38,48.7906,63.7477,145.75,0
2018-10-25,19,22.5,2.46,10.1667,63,11.33,24.33,46.6693,60.9761,157.617,0
2018-10-25,20,21.5,1.47,9.83333,63,8.53,33.06,44.5479,58.2044,170.564,0
2018-10-25,21,20.5,1.47,9.5,63,7.79,25.78,42.4266,55.4328,184.743,0
2018-10-25,22,19.5,1.47,9.16667,63,7.1,21.62,40.3053,52.6612,200.34,0
2018-10-25,23,18.6667,1.47,8.83333,63,3.92,14.23,38.1839,49.8895,217.579,0
