data,timeofday,windspeed6,opady6,temp6,rhumid,index_avg,prev_index_avg,wind_dir_ns,wind_dir_ew,dispel50,is_weekend
2017-11-16,9,6.0,0.0,1.33333,91,98.705,103.61,-16.8404,25.8872,556.5,0
2017-11-16,10,6.33333,0.0,1.83333,90,92.97,100.51,-23.3076,24.566,520.0,0
2017-11-16,11,7.0,0.0,2.66667,77,84.49,83.025,-11.0649,20.3233,480.0,0
2017-11-16,12,7.5,0.0,3.66667,69,59.725,74.3,6.72101,13.7846,496.8,0
2017-11-16,13,7.5,0.0,4.83333,67,55.15,70.75,18.9637,9.54193,420.0,0
2017-11-16,15,8.0,0.0,5.83333,85,75.87,83.81,10.6746,-3.06144,425.829,0
2017-11-16,16,8.16667,0.0,5.66667,87,74.615,94.735,-4.64028,-6.50556,392.229,0
2017-11-16,17,8.0,0.0,5.0,96,93.155,104.15,-6.48804,-12.6284,374.85,0
2017-11-16,18,7.5,0.0,4.0,100,95.285,121.35,-20.9552,-15.3072,390.0,0
2017-11-17,1,7.16667,0.0,-0.5,97,69.355,107.445,-38.4677,-35.7617,454.629,0
2017-11-17,2,6.83333,0.0,-0.666667,100,54.895,93.41,-34.6793,-39.5501,420.0,0
2017-11-17,3,6.33333,0.0,-0.833333,97,52.05,95.905,-30.0599,-43.6367,437.143,0
2017-11-17,4,5.5,0.0,-1.0,99,53.345,92.865,-23.5927,-44.9579,503.25,0
2017-11-17,5,5.0,0.0,-0.833333,99,52.64,91.475,-24.3581,-46.8057,532.65,0
2017-11-17,6,4.83333,0.0,-0.666667,96,56.265,100.92,-21.5296,-43.9772,595.2,0
2017-11-17,7,5.16667,0.0,-0.333333,94,66.36,108.755,-25.7723,-48.2199,540.0,0
2017-11-17,8,5.33333,0.0,0.0,93,68.34,108.51,-22.2367,-31.9564,575.143,0
2017-11-17,9,5.83333,0.0,0.5,89,72.75,98.705,-24.5077,-30.439,575.143,0
2017-11-17,10,6.83333,0.0,1.16667,84,75.85,92.97,-28.2961,-26.6506,575.143,0
2017-11-17,11,7.16667,0.69,1.83333,82,75.465,84.49,-28.6788,-12.7924,540.6,0
2017-11-17,12,7.33333,0.69,2.66667,81,79.26,59.725,-34.2221,-4.49628,504.9,0
2017-11-17,13,6.83333,0.69,3.33333,83,87.4,55.15,-39.9239,4.03024,420.0,0
2017-11-17,15,7.0,1.41,4.33333,88,86.955,75.87,-33.32,13.7801,450.667,0
2017-11-17,16,7.0,1.41,4.5,93,93.645,74.615,-34.347,10.4775,437.143,0
2017-11-17,17,7.16667,0.72,4.33333,97,107.445,93.155,-36.7883,18.4888,420.0,0
2017-11-17,18,7.16667,0.72,4.0,99,114.165,95.285,-36.7883,23.8463,436.05,0
2017-11-18,1,6.83333,0.3,2.16667,100,99.0,69.355,-10.6051,42.0921,437.143,1
2017-11-18,2,6.66667,0.3,2.33333,96,90.75,54.895,-4.1379,44.4133,472.457,1
2017-11-18,3,6.66667,0.76,2.5,97,86.88,52.05,2.32926,46.7346,496.8,1
2017-11-18,4,6.0,0.76,2.66667,97,80.305,53.345,6.57192,47.4919,517.0,1
2017-11-18,5,6.0,0.76,2.83333,99,75.38,52.64,15.0572,48.7925,505.44,1
2017-11-18,6,6.16667,0.46,2.83333,100,70.33,56.265,22.6275,49.83,510.72,1
2017-11-18,7,6.83333,0.46,2.5,100,57.14,66.36,21.2133,46.2481,520.8,1
2017-11-18,8,7.16667,0.46,2.33333,100,71.07,68.34,23.8713,42.3012,490.629,1
2017-11-18,9,7.66667,0.0,2.33333,94,49.94,72.75,30.3385,37.9799,461.76,1
2017-11-18,10,8.16667,0.0,2.5,85,41.045,75.85,37.7295,31.0414,440.64,1
2017-11-18,11,8.5,0.0,2.66667,76,45.07,75.465,44.0935,34.3563,377.4,1
2017-11-18,12,8.83333,0.0,3.16667,71,34.815,79.26,41.2651,30.2272,401.85,1
2017-11-18,13,9.16667,0.0,3.66667,75,31.74,87.4,42.6793,33.8091,380.8,1
2017-11-18,14,9.5,0.0,4.0,76,29.535,88.4,42.1426,40.5277,329.829,1
2017-11-18,15,9.5,0.0,4.0,81,61.415,86.955,35.6754,46.8489,313.65,1
2017-11-18,16,9.33333,0.0,3.66667,82,82.07,93.645,28.2844,51.7875,325.867,1
2017-11-18,17,9.0,0.0,3.16667,88,74.895,107.445,21.9204,51.4726,349.92,1
2017-11-18,18,8.83333,0.0,2.5,89,60.285,114.165,11.7879,51.7925,376.32,1
2017-11-19,1,12.1667,0.48,1.83333,80,63.52,99.0,-48.9656,20.282,259.418,1
2017-11-19,2,12.6667,0.48,2.0,83,51.445,90.75,-48.9656,20.282,282.72,1
2017-11-19,3,13.5,0.48,2.0,87,42.82,86.88,-60.0522,24.8742,240.0,1
2017-11-19,4,14.0,0.48,2.0,91,38.205,80.305,-48.9656,20.282,277.114,1
2017-11-19,5,14.6667,0.0,1.83333,95,33.815,75.38,-48.7593,27.6525,217.964,1
2017-11-19,6,14.5,0.0,1.66667,98,30.895,70.33,-39.5309,30.8717,229.125,1
2017-11-19,7,14.6667,0.0,1.5,92,35.875,57.14,-44.5058,42.8822,195.0,1
2017-11-19,8,15.0,0.0,1.33333,88,32.815,71.07,-34.3158,47.8458,239.733,1
2017-11-19,9,15.3333,0.0,1.33333,78,39.02,49.94,-26.9454,48.0522,266.965,1
2017-11-19,10,15.8333,0.0,1.5,69,40.865,41.045,-21.8128,52.6612,232.615,1
2017-11-19,11,16.1667,0.0,2.0,62,40.92,45.07,-20.282,48.9656,203.914,1
2017-11-19,12,17.0,0.0,2.66667,58,35.625,34.815,-22.1954,53.585,184.0,1
2017-11-19,13,18.0,0.0,3.33333,57,35.415,31.74,-22.1954,53.585,198.0,1
2017-11-19,14,18.1667,0.0,3.83333,58,35.115,29.535,-26.8871,46.9115,210.189,1
2017-11-19,15,17.8333,0.0,4.16667,61,51.185,61.415,-30.2229,39.9645,236.733,1
2017-11-19,16,16.1667,0.0,4.0,82,66.055,82.07,-41.5366,51.2782,187.0,1
2017-11-19,17,15.1667,0.0,3.5,92,77.97,74.895,-42.4266,42.4266,239.733,1
2017-11-19,18,14.6667,0.0,3.0,91,83.53,60.285,-38.891,38.891,264.0,1
2017-11-20,1,17.5,0.23,1.5,70,30.25,63.52,-39.5982,39.5982,207.36,0
2017-11-20,2,17.1667,0.2,1.66667,78,16.145,51.445,-36.7697,36.7697,232.737,0
2017-11-20,3,16.8333,0.2,1.83333,81,4.12,42.82,-46.6693,46.6693,200.842,0
2017-11-20,4,15.5,0.2,1.83333,83,4.8,38.205,-43.8408,43.8408,217.412,0
2017-11-20,5,15.1667,0.56,1.66667,83,7.745,33.815,-40.3053,40.3053,252.225,0
2017-11-20,6,15.8333,0.89,1.66667,86,18.48,30.895,-35.4971,44.6975,230.4,0
2017-11-20,7,17.0,1.37,1.66667,86,27.32,35.875,-33.6338,54.1994,180.0,0
2017-11-20,8,18.6667,1.17,1.66667,80,26.99,32.815,-23.3435,56.3567,158.118,0
2017-11-20,9,19.8333,1.17,1.66667,78,21.4,39.02,-26.0222,62.8238,136.286,0
2017-11-20,10,21.8333,1.17,2.0,71,28.25,40.865,-26.4049,63.7477,140.87,0
2017-11-20,11,22.6667,1.11,2.33333,68,20.195,40.92,-0.63264,64.6716,140.4,0
2017-11-20,12,23.1667,0.83,2.5,69,28.195,35.625,8.55168,64.4985,141.382,0
2017-11-20,13,22.5,0.35,2.66667,65,23.645,35.415,16.9706,68.1731,140.4,0
2017-11-20,14,21.6667,0.88,2.66667,65,20.76,35.115,0.0,65.0,158.564,0
2017-11-20,15,21.0,1.41,2.66667,68,28.935,51.185,0.0,62.0,186.0,0
2017-11-20,16,19.3333,1.41,2.33333,71,51.675,66.055,0.0,56.0,202.926,0
2017-11-20,17,18.5,1.11,2.0,74,53.52,77.97,0.0,51.0,240.505,0
2017-11-20,18,15.8333,1.06,1.66667,75,56.84,83.53,0.0,68.0,186.821,0
2017-11-21,1,10.8333,0.13,0.833333,82,34.76,30.25,-21.4301,51.7373,275.6,0
2017-11-21,2,10.8333,0.13,0.833333,81,36.085,16.145,-21.4301,51.7373,294.0,0
2017-11-21,3,10.1667,0.13,0.666667,83,33.335,4.12,-20.6647,49.8895,339.429,0
2017-11-21,4,9.33333,0.13,0.5,84,33.185,4.8,-23.3435,56.3567,331.629,0
2017-11-21,5,8.66667,0.13,0.333333,87,50.25,7.745,-17.986,52.4224,360.0,0
2017-11-21,6,7.83333,0.0,0.166667,86,39.66,18.48,-13.7765,49.2597,411.927,0
2017-11-21,7,7.66667,0.0,0.0,95,38.275,27.32,-13.7765,55.2597,398.945,0
2017-11-21,8,7.0,0.0,-0.166667,88,48.025,26.99,-9.567,53.097,417.6,0
2017-11-21,9,6.66667,0.0,0.0,78,45.26,21.4,-8.03628,49.4015,479.467,0
2017-11-21,10,6.5,0.0,0.333333,80,45.845,28.25,-9.94968,54.0209,466.4,0
2017-11-21,11,6.5,0.0,0.833333,69,41.42,20.195,-9.567,53.097,454.629,0
2017-11-21,12,7.0,0.0,1.5,62,47.97,28.195,-9.567,53.097,482.4,0
2017-11-21,13,7.33333,0.0,2.33333,64,55.535,23.645,-13.0111,52.4119,454.629,0
2017-11-21,14,8.0,0.0,3.0,67,61.76,20.76,-20.0822,46.483,453.6,0
2017-11-21,15,8.5,0.0,3.33333,73,76.355,28.935,-28.3971,41.9271,399.36,0
2017-11-21,16,8.5,0.0,3.5,77,80.835,51.675,-31.9614,35.7498,401.85,0
2017-11-21,17,8.33333,0.0,3.5,84,83.82,53.52,-36.291,31.4202,393.6,0
2017-11-21,18,8.16667,0.0,3.16667,87,75.09,56.84,-41.8343,33.7163,360.0,0
2017-11-22,1,6.66667,0.0,1.5,84,48.905,34.76,-8.48804,-8.03628,438.6,0
2017-11-22,2,6.33333,0.0,1.0,95,50.97,36.085,-7.18742,-14.575,469.05,0
2017-11-22,3,6.16667,0.0,0.666667,93,51.61,33.335,-18.723,-18.1106,509.143,0
2017-11-22,4,6.0,0.0,0.333333,96,48.79,33.185,-29.9656,-22.3532,528.0,0
2017-11-22,5,5.66667,0.0,0.166667,100,49.24,50.25,-32.2617,-27.8965,480.0,0
2017-11-22,6,5.66667,0.48,0.0,100,49.385,39.66,-27.7079,-29.8371,517.029,0
2017-11-22,7,6.0,1.6,-0.166667,100,46.34,38.275,-23.5369,-32.7017,536.057,0
2017-11-22,8,6.5,1.6,0.0,100,53.255,48.025,-33.5983,-40.0927,517.029,0
2017-11-22,9,6.5,1.6,0.166667,98,58.87,45.26,-30.1926,-44.805,480.0,0
2017-11-22,10,6.83333,1.6,0.5,95,66.425,45.845,-26.9454,-48.0522,480.0,0
2017-11-22,11,7.66667,2.06,1.0,91,85.64,41.42,-22.2286,-47.665,477.0,0
2017-11-22,12,8.33333,1.58,1.5,91,74.1,47.97,-22.761,-44.9502,440.64,0
2017-11-22,13,8.83333,0.46,2.16667,91,67.335,55.535,-27.9187,-47.4019,360.0,0
2017-11-22,14,8.66667,0.46,2.83333,91,78.37,61.76,-30.3394,-42.2458,371.25,0
2017-11-22,15,8.66667,0.46,3.33333,94,78.035,76.355,-32.2277,-39.8045,367.2,0
2017-11-22,16,8.33333,0.46,3.5,100,82.14,80.835,-34.1743,-38.5039,386.4,0
2017-11-22,17,8.16667,0.0,3.5,100,84.215,83.82,-38.4169,-42.7465,360.0,0
2017-11-22,18,8.0,0.0,3.5,100,81.35,75.09,-41.7195,-41.7195,373.32,0
2017-11-23,1,5.66667,0.0,4.0,100,67.595,48.905,-43.2264,-32.4025,482.4,0
2017-11-23,2,5.83333,0.0,3.83333,92,66.36,50.97,-38.7759,-30.6579,549.067,0
2017-11-23,3,5.66667,0.0,3.5,93,56.705,51.61,-43.0185,-34.9005,513.067,0
2017-11-23,4,5.83333,0.0,3.16667,93,50.05,48.79,-38.5679,-33.1559,569.25,0
2017-11-23,5,6.0,0.0,2.83333,91,45.24,49.24,-36.1267,-35.0443,546.96,0
2017-11-23,6,6.0,0.0,2.66667,100,63.735,49.385,-37.5409,-36.4585,520.0,0
2017-11-23,7,6.5,0.0,2.33333,100,73.09,46.34,-38.8415,-34.5119,520.0,0
2017-11-23,8,7.0,0.0,2.16667,100,79.13,53.255,-41.9899,-33.3307,480.0,0
2017-11-23,9,7.83333,0.0,2.16667,100,50.22,58.87,-37.2673,-35.1025,461.76,0
2017-11-23,10,8.16667,0.0,2.33333,100,38.945,66.425,-38.1824,-33.3116,419.76,0
2017-11-23,11,8.83333,0.0,3.0,92,39.425,85.64,-44.5839,-32.1363,375.943,0
2017-11-23,12,9.83333,0.0,3.83333,86,37.03,74.1,-44.847,-26.4462,349.8,0
2017-11-23,13,10.1667,0.0,5.16667,81,35.885,67.335,-42.9992,-25.6808,340.267,0
2017-11-23,14,10.8333,0.0,6.16667,84,35.69,78.37,-45.8741,-23.1437,334.08,0
2017-11-23,15,10.8333,0.0,6.83333,91,64.95,78.035,-50.8134,-21.0474,288.0,0
2017-11-23,16,11.0,0.0,7.5,80,84.73,82.14,-51.7373,-21.4301,294.0,0
2017-11-23,17,10.8333,0.0,7.5,90,78.77,84.215,-50.8134,-21.0474,313.5,0
2017-11-23,18,10.5,0.0,7.16667,91,83.3,81.35,-48.9656,-20.282,321.48,0
2017-11-24,1,8.66667,0.0,2.5,96,71.78,67.595,-13.7914,-18.9674,377.143,0
2017-11-24,2,9.0,0.0,2.33333,91,51.855,66.36,-1.84159,-14.0176,395.2,0
2017-11-24,3,9.5,0.0,2.16667,92,53.08,56.705,15.5224,-7.6536,366.667,0
2017-11-24,4,9.0,0.0,2.0,94,56.17,50.05,12.7508,0.38268,347.564,0
2017-11-24,5,9.16667,0.0,2.0,98,60.14,45.24,15.5224,7.6536,356.4,0
2017-11-24,6,9.16667,0.0,1.83333,100,88.995,63.735,-0.792519,11.0977,341.85,0
2017-11-24,7,9.5,0.0,1.66667,100,86.745,73.09,-16.1836,14.1592,329.829,0
2017-11-24,8,9.16667,0.0,1.66667,100,87.47,79.13,-29.5475,20.5231,347.564,0
2017-11-24,9,9.0,0.0,1.83333,91,101.255,50.22,-46.9115,26.8871,381.9,0
2017-11-24,10,9.33333,0.0,2.33333,91,68.28,38.945,-24.825,22.295,356.4,0
2017-11-24,11,9.66667,0.0,3.16667,81,48.525,39.425,-24.505,26.3046,339.2,0
2017-11-24,12,10.1667,0.0,4.33333,77,46.535,37.03,-26.3528,27.07,300.0,0
2017-11-24,13,10.5,0.0,5.66667,79,49.2,35.885,-20.376,25.4228,326.8,0
2017-11-24,14,10.8333,0.0,6.83333,79,77.22,35.69,-21.7902,26.837,317.127,0
2017-11-24,15,10.8333,0.0,7.66667,83,104.56,64.95,-42.9529,31.0465,309.12,0
2017-11-24,16,11.0,0.0,8.16667,88,112.58,84.73,-24.8818,23.9754,305.455,0
2017-11-24,17,10.5,0.0,8.0,92,99.06,78.77,-3.7191,19.7659,305.455,0
2017-11-24,18,10.1667,0.0,7.5,93,114.18,83.3,12.0591,11.9877,341.127,0
2017-11-25,1,8.66667,0.0,4.33333,93,92.905,71.78,38.609,-3.06144,376.32,1
2017-11-25,2,8.66667,0.0,4.33333,93,86.32,51.855,36.609,-3.06144,386.4,1
2017-11-25,3,8.5,0.0,4.33333,93,81.225,53.08,52.0,0.0,386.4,1
2017-11-25,4,7.5,0.0,4.33333,93,71.825,56.17,51.0,0.0,433.1,1
2017-11-25,5,7.66667,0.0,4.33333,92,72.5,60.14,45.4567,-2.29608,423.5,1
2017-11-25,6,7.5,0.0,4.16667,92,86.5,88.995,42.4567,-2.29608,421.2,1
2017-11-25,7,7.33333,0.0,3.83333,92,81.22,86.745,41.4567,-2.29608,437.25,1
2017-11-25,8,7.5,0.0,3.83333,92,68.385,87.47,40.4567,-2.29608,453.6,1
2017-11-25,9,8.16667,0.0,4.0,88,50.92,101.255,41.4567,-2.29608,437.25,1
2017-11-25,10,9.33333,0.0,4.5,86,37.78,68.28,23.294,-6.50556,375.943,1
2017-11-25,11,10.1667,0.0,5.16667,79,34.745,48.525,34.8373,-4.20948,339.2,1
2017-11-25,12,12.0,0.0,6.16667,73,37.06,46.535,5.903,-9.567,281.657,1
2017-11-25,13,13.6667,0.0,7.5,71,38.435,49.2,-26.7268,-16.4552,228.0,1
2017-11-25,14,15.3333,0.0,8.66667,66,39.47,77.22,-32.2701,-18.7513,188.308,1
2017-11-25,15,17.0,0.0,9.5,70,52.765,104.56,-49.8895,-20.6647,213.333,1
2017-11-25,16,17.8333,0.0,9.83333,76,75.02,112.58,-52.6612,-21.8128,186.353,1
2017-11-25,17,18.5,0.0,9.83333,97,71.15,99.06,-53.585,-22.1954,188.779,1
2017-11-26,1,14.8333,2.24,7.83333,85,35.205,92.905,29.294,-6.50556,217.412,1
2017-11-26,2,13.8333,2.24,7.83333,82,40.085,86.32,35.7612,3.8268,281.4,1
2017-11-26,3,12.5,2.24,7.5,83,33.675,81.225,27.983,11.605,256.533,1
2017-11-26,4,11.0,1.12,7.16667,84,31.135,71.825,6.53887,19.9199,315.52,1
2017-11-26,5,10.1667,2.24,6.66667,86,23.32,72.5,-11.9052,28.2348,359.9,1
2017-11-26,6,9.83333,2.24,6.0,89,15.29,86.5,-11.9052,38.2348,311.1,1
2017-11-26,7,10.8333,2.24,5.33333,93,19.565,81.22,-23.9053,48.2348,312.12,1
2017-11-26,8,11.5,3.1,4.66667,96,24.815,68.385,4.42552,51.4119,300.667,1
2017-11-26,9,11.8333,1.98,4.33333,92,26.79,50.92,21.9204,48.6403,276.12,1
2017-11-26,10,12.5,1.98,4.0,81,30.79,37.78,29.6986,48.803,264.48,1
2017-11-26,11,13.3333,0.86,3.83333,77,34.76,34.745,38.891,47.9954,269.925,1
2017-11-26,12,13.8333,0.86,4.0,79,48.585,37.06,38.1839,43.82,273.28,1
2017-11-26,13,13.3333,0.86,4.16667,76,51.935,38.435,36.7697,39.1542,270.327,1
2017-11-26,14,12.8333,0.0,4.33333,75,46.405,39.47,38.1839,41.0019,261.415,1
2017-11-26,15,12.6667,0.0,4.33333,78,54.91,52.765,37.4768,42.8961,282.72,1
2017-11-26,16,12.1667,0.0,4.16667,79,47.04,75.02,37.4768,52.8961,257.92,1
2017-11-26,17,11.3333,0.0,3.83333,81,42.94,71.15,33.9413,49.3605,289.385,1
2017-11-27,1,8.16667,0.0,1.5,81,50.74,35.205,36.7697,48.0418,411.927,0
2017-11-27,2,8.0,0.0,1.16667,86,50.25,40.085,42.4266,55.4328,372.764,0
2017-11-27,3,7.83333,0.0,0.833333,84,50.29,33.675,38.891,50.8134,392.229,0
2017-11-27,4,7.5,0.0,0.5,83,50.975,31.135,38.1839,49.8895,408.857,0
2017-11-27,5,7.16667,0.0,0.333333,87,61.76,23.32,37.4768,48.9656,437.25,0
2017-11-27,6,6.83333,0.0,0.0,92,80.42,15.29,36.7697,46.5244,463.6,0
2017-11-27,7,6.66667,0.0,-0.166667,89,84.445,19.565,36.0626,45.6005,488.52,0
2017-11-27,8,7.0,0.0,-0.166667,88,96.22,24.815,36.0626,52.6005,449.28,0
2017-11-27,9,7.16667,0.0,0.0,80,85.38,26.79,34.6484,50.7527,452.4,0
2017-11-27,10,7.83333,0.0,0.333333,71,65.36,30.79,33.9413,49.8288,438.6,0
2017-11-27,11,7.83333,0.0,0.833333,64,48.49,34.76,32.5271,47.9811,413.4,0
2017-11-27,12,7.83333,0.0,1.66667,60,43.2,48.585,33.2342,48.905,408.857,0
2017-11-27,13,8.5,0.0,2.33333,60,48.115,51.935,33.9413,51.3462,405.45,0
2017-11-27,14,8.5,0.0,3.0,61,55.29,46.405,36.0626,47.1179,401.85,0
2017-11-27,15,8.83333,0.0,3.33333,65,64.975,54.91,27.3443,47.1179,393.6,0
2017-11-27,16,8.33333,0.0,3.33333,73,95.57,47.04,18.9504,48.9656,389.88,0
2017-11-27,17,8.33333,0.0,3.16667,84,110.28,42.94,18.9504,55.9656,360.0,0
2017-11-28,1,7.5,0.0,-1.5,83,82.22,50.74,-23.3906,25.4374,451.0,0
2017-11-28,2,7.83333,0.0,-1.83333,83,84.22,50.25,-14.0945,19.8941,443.143,0
2017-11-28,3,8.16667,0.0,-2.0,82,75.28,50.29,-18.8068,16.4884,413.4,0
2017-11-28,4,8.5,0.0,-2.0,81,74.545,50.975,-5.56416,12.2458,375.943,0
2017-11-28,5,9.0,0.0,-2.0,80,74.22,61.76,-0.944759,1.9134,401.85,0
2017-11-28,6,9.33333,0.0,-2.16667,82,75.66,80.42,-19.1074,-2.29608,356.4,0
2017-11-28,7,9.83333,0.0,-2.16667,77,80.285,84.445,-20.9552,-9.18432,314.743,0
2017-11-28,8,10.5,0.0,-2.16667,83,80.005,96.22,-29.803,-16.0726,340.267,0
2017-11-28,9,10.6667,0.0,-2.0,83,73.62,85.38,-49.8895,-20.6647,317.127,0
2017-11-28,10,10.6667,0.0,-1.5,78,64.2,65.36,-48.9656,-20.282,329.018,0
2017-11-28,11,11.1667,0.0,-0.833333,71,56.635,48.49,-48.9656,-20.282,321.48,0
2017-11-28,12,11.5,0.0,0.166667,66,52.97,43.2,-52.6612,-21.8128,273.48,0
2017-11-28,13,11.8333,0.0,1.16667,67,53.95,48.115,-54.5089,-22.5781,270.3,0
2017-11-28,14,11.8333,0.0,2.16667,68,73.925,55.29,-54.5089,-22.5781,250.92,0
2017-11-28,15,11.8333,0.0,2.66667,77,70.915,64.975,-56.3567,-23.3435,240.0,0
2017-11-28,16,11.5,0.0,2.66667,87,92.64,95.57,-55.4328,-22.9608,277.714,0
2017-11-28,17,10.6667,0.0,2.33333,92,81.6,110.28,-50.8134,-21.0474,313.5,0
2017-11-29,1,7.0,0.0,-1.5,86,71.81,82.22,-37.4768,-37.4768,448.0,0
2017-11-29,2,6.83333,0.0,-1.83333,92,70.685,84.22,-43.0201,-39.7729,420.0,0
2017-11-29,3,6.66667,0.0,-2.0,92,62.815,75.28,-40.8988,-37.6516,452.4,0
2017-11-29,4,6.5,0.0,-1.66667,89,58.805,74.545,-38.7775,-35.5303,490.629,0
2017-11-29,5,6.0,0.0,-1.5,82,56.39,74.22,-36.1238,-36.1238,496.8,0
2017-11-29,6,6.0,0.0,-1.33333,86,56.47,75.66,-34.1772,-37.4244,509.143,0
2017-11-29,7,5.66667,0.0,-1.33333,88,59.215,80.285,-31.9062,-38.9418,532.0,0
2017-11-29,8,5.66667,0.0,-1.16667,90,63.7,80.005,-35.6017,-40.4725,530.0,0
2017-11-29,9,6.0,0.0,-0.833333,90,64.785,73.62,-33.4804,-38.3512,555.429,0
2017-11-29,10,6.5,0.0,-0.5,81,65.15,64.2,-33.4804,-38.3512,540.6,0
2017-11-29,11,7.16667,0.03,-0.166667,77,81.22,56.635,-36.252,-39.4992,480.0,0
2017-11-29,12,7.83333,0.03,0.333333,72,82.155,52.97,-35.5449,-38.7921,438.6,0
2017-11-29,13,9.0,0.03,1.0,68,81.57,53.95,-41.1154,-31.915,408.857,0
2017-11-29,14,9.66667,0.54,1.66667,69,87.89,73.925,-44.9038,-28.1266,332.8,0
2017-11-29,15,9.83333,0.54,2.0,73,82.47,70.915,-44.9502,-22.761,340.267,0
2017-11-29,16,9.5,0.54,2.0,84,108.525,92.64,-52.3412,-25.8224,300.0,0
2017-11-29,17,8.83333,0.51,2.0,89,116.265,81.6,-37.0263,-22.3783,337.08,0
2017-11-30,1,6.16667,0.0,-1.16667,92,50.97,71.81,-2.4919,-13.0443,575.143,0
2017-11-30,2,6.83333,0.0,-1.33333,92,47.775,70.685,-14.4417,-17.9941,561.6,0
2017-11-30,3,7.16667,0.69,-1.16667,92,34.82,62.815,-23.1101,-22.8273,505.44,0
2017-11-30,4,7.83333,1.4,-1.0,92,32.82,58.805,-34.4741,-29.1913,420.0,0
2017-11-30,5,8.5,2.19,-0.5,92,38.84,56.39,-36.8338,-35.7514,413.4,0
2017-11-30,7,9.16667,2.19,-0.166667,92,54.485,59.215,-28.0101,-42.6225,377.143,0
2018-10-01,0,8.0,0.0,6.16667,94,54.9,41.25,-45.1878,-36.5286,360.0,0
2018-10-01,1,7.66667,0.0,5.16667,100,46.3,39.54,-45.291,-32.8434,388.267,0
2018-10-01,2,7.33333,0.0,4.5,100,41.19,38.49,-45.3941,-29.1581,417.6,0
2018-10-01,3,7.0,0.0,4.16667,91,36.33,35.02,-33.0302,-22.7942,453.6,0
2018-10-01,4,6.66667,0.0,3.66667,99,38.71,32.22,-27.0302,-22.7942,420.0,0
2018-10-01,5,6.33333,0.0,3.33333,100,32.25,33.47,-26.9166,-14.8412,452.4,0
2018-10-01,6,6.16667,0.0,3.16667,100,34.86,35.15,-26.803,-6.88824,486.0,0
2018-10-01,7,6.0,0.0,2.83333,100,32.3,42.1,-23.6546,0.41586,520.8,0
2018-10-01,8,6.16667,0.0,3.0,100,48.77,46.33,-27.8972,4.65852,480.0,0
2018-10-01,9,6.33333,0.0,3.66667,100,40.1,51.47,-25.456,12.6697,480.0,0
2018-10-01,10,6.66667,0.0,4.83333,77,32.96,34.08,-23.9386,20.2983,480.0,0
2018-10-01,11,7.0,0.0,6.5,64,31.64,18.78,-30.8625,19.9156,496.8,0
2018-10-01,12,7.33333,0.0,8.5,55,28.28,14.4,-44.2535,16.8541,457.6,0
2018-10-01,13,7.66667,0.0,10.8333,50,26.68,12.51,-46.1013,11.4966,420.0,0
2018-10-01,14,7.83333,0.0,12.8333,49,28.66,9.6,-28.3153,4.95788,432.0,0
2018-10-01,15,8.0,0.0,14.5,47,24.31,8.3,-16.0727,0.71522,408.857,0
2018-10-01,16,7.83333,0.0,15.6667,46,21.19,11.7,-3.12289,-4.23455,392.229,0
2018-10-01,17,7.5,0.0,16.1667,53,25.61,13.38,-4.64028,-6.50556,405.45,0
2018-10-01,18,7.16667,0.0,16.0,68,49.34,32.65,-1.4919,0.79854,437.25,0
2018-10-01,19,6.83333,0.0,15.3333,78,91.03,81.23,5.89914,9.85998,470.25,0
2018-10-01,20,6.5,0.0,14.5,91,94.32,83.76,10.1418,15.4033,436.05,0
2018-10-01,21,6.33333,0.0,13.1667,100,62.94,56.06,21.7755,24.008,469.05,0
2018-10-01,22,6.5,0.0,11.8333,93,67.39,52.17,18.7253,30.4751,486.0,0
2018-10-01,23,7.0,0.0,10.8333,83,54.14,50.85,10.7253,38.4751,486.0,0
2018-10-02,0,7.5,0.51,10.0,79,49.86,54.9,2.72527,47.4751,454.629,0
2018-10-02,1,8.0,0.51,9.16667,87,50.95,46.3,13.4351,49.5537,451.0,0
2018-10-02,2,8.66667,0.51,8.33333,90,45.15,41.19,13.4351,52.5537,395.2,0
2018-10-02,3,9.16667,0.51,8.16667,85,39.89,36.33,12.0209,50.706,377.143,0
2018-10-02,4,9.66667,0.51,8.0,77,33.83,38.71,14.1422,53.4776,341.85,0
2018-10-02,5,10.1667,0.51,7.66667,74,33.27,32.25,14.1422,56.4776,312.8,0
2018-10-02,6,10.6667,0.0,7.33333,74,35.93,34.86,14.1422,50.4776,326.8,0
2018-10-02,7,11.3333,0.0,7.33333,75,29.33,32.3,14.1422,53.4776,297.0,0
2018-10-02,8,12.0,0.0,7.66667,74,31.18,48.77,16.2635,56.2492,262.08,0
2018-10-02,9,13.0,0.0,7.83333,70,37.38,40.1,19.092,48.9448,286.7,0
2018-10-02,10,13.5,0.0,8.16667,63,38.56,32.96,30.4057,51.7268,245.1,0
2018-10-02,11,13.8333,0.0,8.83333,57,34.0,31.64,40.3053,52.6612,232.615,0
2018-10-02,12,14.3333,0.0,9.66667,52,25.89,28.28,41.0124,53.585,230.4,0
2018-10-02,13,14.6667,0.0,10.5,50,19.1,26.68,41.7195,54.5089,235.125,0
2018-10-02,14,14.6667,0.0,11.1667,51,14.84,28.66,41.0124,53.585,230.4,0
2018-10-02,15,14.5,0.0,11.6667,51,13.82,24.31,31.1128,54.6507,230.4,0
2018-10-02,16,14.8333,0.0,11.8333,53,19.96,21.19,21.2133,56.7164,228.48,0
2018-10-02,17,15.3333,0.0,11.3333,61,17.77,25.61,10.6066,58.8582,220.0,0
2018-10-02,18,15.3333,0.0,10.8333,61,38.22,49.34,0.0,62.0,196.114,0
2018-10-02,19,14.6667,0.0,10.1667,62,37.55,91.03,0.0,63.0,195.52,0
2018-10-02,20,14.0,0.0,9.16667,69,44.69,94.32,-4.20948,58.1627,235.125,0
2018-10-02,21,13.6667,0.0,8.16667,73,49.28,62.94,-11.2806,49.2338,293.647,0
2018-10-02,22,13.8333,0.0,7.5,74,39.76,67.39,-20.473,58.4262,248.4,0
2018-10-02,23,14.1667,0.0,7.0,75,35.91,54.14,-32.4939,38.4471,281.455,0
2018-10-03,0,15.1667,0.0,6.5,68,33.8,49.86,-41.7195,41.7195,189.72,0
2018-10-03,1,17.0,0.0,6.33333,59,29.07,50.95,-40.3053,40.3053,186.353,0
2018-10-03,2,19.1667,0.0,6.5,54,20.79,45.15,-36.7034,48.6098,162.0,0
2018-10-03,3,21.0,0.0,6.66667,57,16.31,39.89,-32.0699,56.4239,147.714,0
2018-10-03,4,22.1667,0.0,6.66667,65,13.16,33.83,-26.4049,63.7477,135.873,0
2018-10-03,5,23.0,0.0,7.0,73,9.88,33.27,-27.1703,65.5955,130.226,0
2018-10-03,6,23.5,0.51,7.33333,76,12.5,35.93,-27.553,66.5194,130.0,0
2018-10-03,7,23.8333,0.51,7.5,77,16.09,29.33,-27.553,66.5194,130.0,0
2018-10-03,8,24.0,2.44,7.83333,77,21.4,31.18,-18.3686,68.3462,130.0,0
2018-10-03,9,24.3333,2.44,8.33333,73,15.34,37.38,-9.18432,70.1731,130.0,0
2018-10-03,10,25.0,2.44,8.83333,71,26.6,38.56,0.0,74.0,120.0,0
2018-10-03,11,26.1667,2.44,9.16667,69,19.53,34.0,0.0,54.0,159.508,0
2018-10-03,12,27.5,1.93,9.66667,67,41.58,25.89,0.0,59.0,138.986,0
2018-10-03,13,28.8333,2.77,10.1667,66,22.43,19.1,0.0,63.0,128.981,0
2018-10-03,14,30.1667,0.84,10.5,67,14.91,14.84,0.0,64.0,127.5,0
2018-10-03,15,30.8333,0.84,10.6667,62,8.92,13.82,0.0,64.0,127.5,0
2018-10-03,16,31.0,0.84,10.8333,60,9.97,19.96,21.2133,59.7164,136.5,0
2018-10-03,17,30.3333,0.84,10.8333,61,23.49,17.77,41.7195,54.5089,144.84,0
2018-10-03,18,28.8333,0.84,10.5,68,16.52,38.22,39.5982,51.7373,157.076,0
2018-10-03,19,26.6667,0.0,10.1667,68,18.24,37.55,55.8617,72.9865,120.0,0
2018-10-03,20,24.1667,0.0,9.66667,68,19.4,44.69,35.3555,65.194,159.822,0
2018-10-03,21,22.0,0.0,9.16667,67,18.01,49.28,16.2635,57.2492,200.348,0
2018-10-03,22,19.8333,0.0,8.5,66,15.08,39.76,0.0,53.0,225.095,0
2018-10-03,23,18.0,0.0,8.0,64,12.89,35.91,11.3138,67.7821,180.0,0
2018-10-04,0,16.8333,0.0,7.66667,62,9.71,33.8,22.6275,63.5642,187.2,0
2018-10-04,1,16.3333,0.0,7.33333,60,8.47,29.07,33.9413,61.3462,194.541,0
2018-10-04,2,16.1667,0.0,7.0,59,7.66,20.79,45.255,59.1283,195.0,0
2018-10-04,3,16.0,0.0,6.66667,58,7.21,16.31,45.255,59.1283,195.0,0
2018-10-04,4,16.0,0.0,6.5,58,6.42,13.16,45.255,59.1283,195.0,0
2018-10-04,5,16.0,0.0,6.33333,59,7.86,9.88,33.9413,60.3462,195.0,0
2018-10-04,6,16.0,0.0,6.0,60,10.87,12.5,22.6275,61.5642,195.0,0
2018-10-04,7,16.1667,0.0,5.83333,65,15.18,16.09,11.3138,62.7821,195.0,0
2018-10-04,8,16.3333,0.0,6.0,68,28.79,21.4,0.0,65.0,187.425,0
2018-10-04,9,16.6667,0.0,6.33333,64,25.9,15.34,0.0,66.0,180.0,0
2018-10-04,10,17.3333,0.0,6.83333,68,26.81,26.6,0.0,52.0,224.824,0
2018-10-04,11,18.1667,0.0,7.5,61,23.19,19.53,14.1422,53.4776,201.318,0
2018-10-04,12,19.1667,0.0,8.33333,56,11.34,41.58,28.9915,55.8791,177.0,0
2018-10-04,13,20.0,0.0,9.16667,54,12.28,22.43,44.5479,58.2044,160.74,0
2018-10-04,14,20.5,0.0,9.83333,53,7.47,14.91,45.9622,60.0522,153.6,0
2018-10-04,15,20.6667,0.0,10.3333,49,6.23,8.92,45.255,59.1283,164.509,0
2018-10-04,16,20.1667,0.0,10.8333,42,7.62,9.97,43.1337,56.3567,183.0,0
2018-10-04,17,19.1667,0.0,11.0,46,33.23,23.49,39.5982,51.7373,207.36,0
2018-10-04,18,17.6667,0.0,10.8333,56,51.58,16.52,36.0626,47.1179,240.505,0
2018-10-04,19,15.6667,0.0,10.3333,64,82.81,18.24,36.0626,60.1179,215.368,0
2018-10-04,20,13.6667,0.0,9.5,75,96.33,19.4,22.6275,52.5642,275.718,0
2018-10-04,21,11.8333,0.0,8.66667,81,91.99,18.01,22.6275,60.5642,274.447,0
2018-10-04,22,10.1667,0.0,7.5,83,82.56,15.08,7.54521,52.2492,346.48,0
2018-10-04,23,8.83333,0.0,6.5,84,79.59,12.89,4.86645,58.7164,341.28,0
2018-10-05,0,7.83333,0.0,5.66667,89,70.02,9.71,-8.41896,51.3254,415.385,0
2018-10-05,1,7.5,0.0,5.0,93,57.24,8.47,-11.0977,57.7925,396.277,0
2018-10-05,2,7.5,0.0,4.66667,96,51.55,7.66,-14.1592,52.1836,429.0,0
2018-10-05,3,7.5,0.0,4.33333,96,44.14,7.21,-17.2206,49.5746,437.25,0
2018-10-05,4,7.5,0.0,4.16667,94,38.94,6.42,-20.282,48.9656,437.25,0
2018-10-05,5,7.5,0.0,4.0,100,43.93,7.86,-22.1704,46.5244,443.143,0
2018-10-05,6,7.5,0.0,4.0,100,68.98,10.87,-24.4414,45.007,443.143,0
2018-10-05,7,7.16667,0.0,3.83333,100,69.86,15.18,-26.7124,43.4896,443.143,0
2018-10-05,8,6.83333,0.0,4.0,100,55.88,28.79,-29.5769,39.3185,470.25,0
2018-10-05,9,6.66667,0.0,4.5,93,60.84,25.9,-35.1202,41.6146,436.05,0
2018-10-05,10,7.0,0.0,5.5,64,46.15,26.81,-38.5259,36.9023,452.4,0
2018-10-05,11,7.5,0.0,7.0,51,29.86,23.19,-43.7794,32.9554,436.05,0
2018-10-05,12,8.16667,0.0,8.66667,43,25.95,11.34,-45.007,24.4414,443.143,0
2018-10-05,13,9.0,0.0,10.8333,40,18.08,12.28,-50.2199,23.7011,375.943,0
2018-10-05,14,9.83333,0.0,12.6667,41,11.79,7.47,-28.7268,16.4552,332.8,0
2018-10-05,15,10.5,0.0,14.3333,39,14.41,6.23,-5.7164,11.4804,326.8,0
2018-10-05,16,10.5,0.0,15.3333,41,18.6,7.62,13.5985,8.03628,309.12,0
2018-10-05,17,10.1667,0.0,15.5,46,26.4,33.23,31.8373,4.20948,329.018,0
2018-10-05,18,9.83333,0.0,15.1667,55,71.14,51.58,39.8373,4.20948,300.0,0
2018-10-05,19,9.5,0.0,14.3333,61,81.65,82.81,41.6851,-3.44412,323.345,0
2018-10-05,20,9.16667,0.0,13.1667,74,95.8,96.33,22.3702,-6.88824,347.564,0
2018-10-05,21,8.83333,0.0,11.5,82,76.74,91.99,3.05524,-10.3324,372.655,0
2018-10-05,22,8.66667,0.0,10.0,83,81.57,82.56,-16.2597,-13.7765,380.8,0
2018-10-05,23,8.66667,0.0,8.66667,87,89.34,79.59,-32.6507,-16.8379,386.4,0
2018-10-06,0,8.33333,0.0,7.5,92,83.03,70.02,-32.6507,-16.8379,395.2,1
2018-10-06,1,7.83333,0.0,6.5,96,66.55,57.24,-25.6507,-16.8379,360.0,1
2018-10-06,2,7.33333,0.0,5.66667,99,50.38,51.55,-11.3358,-13.3938,402.8,1
2018-10-06,3,6.83333,0.0,5.16667,98,48.68,44.14,2.97912,-9.94968,448.0,1
2018-10-06,4,6.5,0.0,4.66667,99,42.92,38.94,8.97912,-9.94968,420.0,1
2018-10-06,5,6.16667,0.0,4.33333,96,40.1,43.93,23.294,-6.50556,466.4,1
2018-10-06,6,6.0,0.0,4.16667,100,49.15,68.98,37.609,-3.06144,503.25,1
2018-10-06,7,6.0,0.0,3.83333,100,51.0,69.86,39.4567,-2.29608,538.65,1
2018-10-06,8,6.0,0.0,4.0,100,52.72,55.88,33.9134,-4.59216,497.25,1
2018-10-06,9,6.33333,0.0,4.66667,83,57.8,60.84,20.3702,-6.88824,517.029,1
2018-10-06,10,7.0,0.0,5.83333,68,32.83,46.15,21.3702,-6.88824,480.0,1
2018-10-06,11,7.83333,0.0,7.5,55,28.05,29.86,19.3702,-6.88824,457.6,1
2018-10-06,12,9.0,0.0,9.66667,48,26.89,25.95,18.3702,-6.88824,413.4,1
2018-10-06,13,10.3333,0.0,12.3333,44,28.8,18.08,30.9134,-4.59216,332.8,1
2018-10-06,14,11.8333,0.0,14.8333,45,25.38,11.79,56.0,0.0,265.2,1
2018-10-06,15,13.0,0.0,17.0,46,22.47,14.41,53.0,0.0,259.418,1
2018-10-06,16,13.6667,0.0,18.6667,46,26.18,18.6,57.0,0.0,232.615,1
2018-10-06,17,14.0,0.0,19.5,51,30.97,26.4,58.0,0.0,230.4,1
2018-10-06,18,14.0,0.0,19.3333,69,39.3,71.14,31.9896,-4.97484,245.92,1
2018-10-06,19,14.0,0.0,18.8333,68,50.24,81.65,29.9896,-4.97484,264.0,1
2018-10-06,20,13.6667,0.0,17.8333,71,45.85,95.8,28.9896,-4.97484,267.429,1
2018-10-06,21,13.3333,0.0,16.6667,69,40.5,76.74,27.9896,-4.97484,271.385,1
2018-10-06,22,13.0,0.0,15.3333,68,40.95,81.57,27.9896,4.97484,271.385,1
2018-10-06,23,12.6667,0.0,14.1667,66,48.29,89.34,3.903,9.567,286.971,1
2018-10-07,0,12.3333,0.0,13.5,68,54.39,83.03,-6.25968,13.7765,249.171,1
2018-10-07,1,11.6667,0.0,12.6667,71,59.35,66.55,-30.4224,17.986,269.077,1
2018-10-07,2,11.1667,0.0,12.1667,74,62.29,50.38,-52.6612,21.8128,299.815,1
2018-10-07,3,10.5,0.0,11.6667,77,42.94,48.68,-49.8895,20.6647,324.8,1
2018-10-07,4,10.0,0.0,11.3333,79,41.82,42.92,-47.1179,19.5167,353.455,1
2018-10-07,5,9.66667,0.0,11.0,80,34.22,40.1,-55.4328,22.9608,311.564,1
2018-10-07,6,9.33333,0.51,10.8333,83,40.67,49.15,-53.585,22.1954,335.345,1
2018-10-07,7,9.16667,0.51,10.8333,85,63.09,51.0,-51.7373,21.4301,349.92,1
2018-10-07,8,9.0,1.02,11.0,84,46.09,52.72,-50.8134,21.0474,363.0,1
2018-10-07,9,9.0,1.02,11.3333,78,52.7,57.8,-49.8895,20.6647,366.667,1
2018-10-07,10,9.33333,1.02,12.1667,63,45.3,32.83,-49.8895,20.6647,366.667,1
2018-10-07,11,9.83333,1.02,13.6667,54,38.79,28.05,-51.7373,21.4301,339.2,1
2018-10-07,12,10.6667,0.51,15.1667,49,41.19,26.89,-54.5089,22.5781,300.0,1
2018-10-07,13,11.5,0.51,16.8333,46,44.73,28.8,-50.8134,21.0474,288.0,1
2018-10-07,14,12.3333,0.0,18.5,47,47.22,25.38,-47.1179,19.5167,281.455,1
2018-10-07,15,13.0,0.0,20.0,46,43.63,22.47,-49.8895,20.6647,255.2,1
2018-10-07,16,13.1667,0.0,21.0,50,39.84,26.18,-50.8134,21.0474,257.914,1
2018-10-07,17,13.0,0.0,21.3333,53,42.21,30.97,-48.9656,20.282,277.114,1
2018-10-07,18,12.1667,0.0,21.0,63,62.18,39.3,-59.1283,24.4915,240.0,1
2018-10-07,19,11.1667,0.0,20.5,69,79.49,50.24,-52.558,25.498,287.571,1
2018-10-07,20,10.1667,0.0,19.5,77,80.54,45.85,-42.6851,27.5315,343.385,1
2018-10-07,21,9.5,0.0,18.3333,80,75.51,40.5,-45.7465,34.9226,321.6,1
2018-10-07,22,9.16667,0.0,17.0,80,63.84,40.95,-33.7361,38.9477,357.5,1
2018-10-07,23,9.16667,0.0,15.8333,79,30.63,48.29,-15.5785,41.4267,372.655,1
2018-10-08,0,9.5,0.0,15.0,79,22.21,54.39,4.74691,41.4267,352.8,0
2018-10-08,1,10.1667,0.0,14.0,80,12.58,59.35,21.2736,39.2721,313.65,0
2018-10-08,2,10.8333,0.0,13.1667,81,7.18,62.29,39.3965,24.4901,313.6,0
2018-10-08,3,11.3333,0.0,12.1667,93,6.94,42.94,51.3965,15.4901,285.12,0
2018-10-08,4,11.6667,0.0,11.3333,96,6.46,41.82,56.3254,8.41896,271.745,0
2018-10-08,5,11.6667,0.0,10.3333,98,8.1,34.22,58.1627,4.20948,260.945,0
2018-10-08,6,11.6667,0.0,9.33333,97,16.51,40.67,59.0,0.0,270.3,0
2018-10-08,7,11.5,0.0,8.33333,100,24.42,63.09,58.0,0.0,280.8,0
2018-10-08,8,11.3333,0.0,7.66667,96,18.44,46.09,56.1627,-4.20948,291.5,0
2018-10-08,9,11.0,0.0,7.66667,82,8.46,52.7,55.1627,-4.20948,302.4,0
2018-10-08,10,10.3333,0.0,7.83333,68,10.72,45.3,53.1627,-4.20948,317.127,0
2018-10-08,11,9.83333,0.0,8.33333,61,9.46,38.79,49.5537,-7.27092,353.455,0
2018-10-08,12,9.33333,0.0,9.16667,54,19.29,41.19,55.2106,-12.9278,323.345,0
2018-10-08,13,8.83333,0.0,10.3333,50,13.7,44.73,49.8675,-18.5847,360.0,0
2018-10-08,14,8.33333,0.0,11.5,47,12.47,47.22,47.0958,-17.4366,398.618,0
2018-10-08,15,8.0,0.0,12.5,45,13.32,43.63,54.4869,-20.4981,360.0,0
2018-10-08,16,8.0,0.0,13.3333,44,16.01,39.84,49.1438,-26.155,386.88,0
2018-10-08,17,8.0,0.0,13.5,57,33.45,42.21,44.8006,-31.8118,390.0,0
2018-10-08,18,8.16667,0.0,13.3333,64,55.97,62.18,40.471,-36.1414,390.0,0
2018-10-08,19,8.33333,0.0,12.8333,71,104.54,79.49,38.2583,-38.7995,374.85,0
2018-10-08,20,8.5,0.0,11.8333,83,77.31,80.54,36.0455,-41.4575,360.0,0
2018-10-08,21,8.66667,0.0,10.5,89,84.64,75.51,24.7076,-43.6496,401.85,0
2018-10-08,22,8.66667,0.0,9.16667,89,72.94,63.84,22.4948,-46.3076,386.4,0
2018-10-08,23,8.66667,0.0,8.16667,92,61.04,30.63,19.8994,-48.0418,386.4,0
2018-10-09,0,8.33333,0.0,7.16667,97,54.05,22.21,19.8994,-48.0418,395.2,0
2018-10-09,1,8.0,0.0,6.33333,100,49.42,12.58,19.8994,-55.0418,360.0,0
2018-10-09,2,7.5,0.0,5.83333,100,45.2,7.18,16.4552,-53.7268,388.267,0
2018-10-09,3,7.0,0.0,5.5,100,40.77,6.94,13.0111,-51.4119,432.667,0
2018-10-09,4,6.66667,0.0,5.0,100,44.74,6.46,9.567,-49.097,479.467,0
2018-10-09,5,6.33333,0.0,4.66667,100,39.48,8.1,9.567,-55.097,450.667,0
2018-10-09,6,6.16667,0.0,4.33333,100,57.54,16.51,6.12288,-52.7821,486.0,0
2018-10-09,7,6.0,0.0,4.16667,100,51.31,24.42,3.06144,-51.391,520.8,0
2018-10-09,8,6.0,0.0,4.16667,100,52.08,18.44,3.06144,-57.391,480.0,0
2018-10-09,9,6.16667,0.0,4.5,100,51.25,8.46,0.0,-56.0,498.343,0
2018-10-09,10,6.33333,0.0,5.5,89,43.06,10.72,-2.67876,-55.4672,498.343,0
2018-10-09,11,6.66667,0.0,7.0,74,40.77,9.46,-7.62853,-53.4169,480.0,0
2018-10-09,12,7.0,0.0,8.83333,64,37.05,19.29,-13.2854,-47.0738,496.8,0
2018-10-09,13,7.33333,0.0,10.8333,58,34.57,13.7,-20.6764,-44.1353,457.6,0
2018-10-09,14,7.5,0.0,12.8333,56,36.66,12.47,-28.0675,-41.1967,420.0,0
2018-10-09,15,7.5,0.0,14.5,56,36.61,13.32,-34.5346,-31.8755,451.0,0
2018-10-09,16,7.33333,0.0,15.6667,57,36.59,16.01,-41.0018,-28.5542,443.143,0
2018-10-09,17,7.0,0.0,16.0,61,42.9,33.45,-42.5657,-26.3297,460.8,0
2018-10-09,18,6.66667,0.0,15.8333,73,76.8,55.97,-46.8084,-30.5724,420.0,0
2018-10-09,19,6.33333,0.0,15.1667,79,88.71,104.54,-44.1547,-31.1659,452.4,0
2018-10-09,20,6.16667,0.0,14.0,90,72.94,77.31,-40.7939,-31.0523,486.0,0
2018-10-09,21,6.0,0.0,12.5,98,80.28,84.64,-35.6989,-33.5341,520.8,0
2018-10-09,22,6.0,0.0,10.8333,97,76.33,72.94,-37.995,-39.0774,480.0,0
2018-10-09,23,5.83333,0.0,9.5,94,67.82,61.04,-34.8466,-40.2586,498.343,0
2018-10-10,0,5.66667,0.0,8.5,95,58.28,54.05,-31.915,-41.1154,536.057,0
2018-10-10,1,5.33333,0.0,7.66667,97,53.75,49.42,-28.9834,-41.9722,561.6,0
2018-10-10,2,5.0,0.0,7.0,95,48.78,45.2,-31.8118,-44.8006,540.0,0
2018-10-10,3,4.66667,0.0,6.83333,90,51.88,40.77,-29.0999,-44.2535,582.4,0
2018-10-10,4,4.33333,0.0,6.83333,84,47.97,44.74,-26.388,-43.7064,626.4,0
2018-10-10,5,4.33333,0.0,6.83333,93,45.95,39.48,-26.388,-47.7064,600.0,0
2018-10-10,6,4.33333,0.0,6.66667,100,56.37,57.54,-24.0919,-47.1631,622.2,0
2018-10-10,7,4.5,0.0,6.33333,100,59.46,51.31,-21.7958,-46.6198,644.8,0
2018-10-10,8,4.66667,0.0,6.33333,100,64.97,52.08,-19.4997,-46.0765,667.8,0
2018-10-10,9,5.0,0.0,6.66667,100,52.36,51.25,-17.2036,-45.5332,691.2,0
2018-10-10,10,5.5,0.0,7.5,79,53.43,43.06,-12.961,-47.2906,674.16,0
2018-10-10,11,6.0,0.0,8.83333,65,56.71,40.77,-12.1042,-50.2222,624.24,0
2018-10-10,12,6.66667,0.0,10.6667,56,46.92,37.05,-8.80164,-51.2492,566.1,0
2018-10-10,13,7.33333,0.0,12.8333,51,38.02,34.57,-9.18432,-52.1731,480.0,0
2018-10-10,14,8.0,0.0,15.0,52,36.2,36.66,-9.18432,-52.1731,440.64,0
2018-10-10,15,8.5,0.0,16.6667,49,32.75,36.61,-9.18432,-51.1731,399.36,0
2018-10-10,16,8.83333,0.0,17.8333,51,30.16,36.59,-9.18432,-49.1731,393.6,0
2018-10-10,17,8.83333,0.0,18.1667,61,32.01,42.9,-6.50556,-51.706,371.25,0
2018-10-10,18,8.83333,0.0,17.6667,87,37.44,76.8,-3.44412,-52.3149,380.8,0
2018-10-10,19,8.83333,0.0,16.8333,93,70.22,88.71,0.0,-53.0,380.8,0
2018-10-10,20,8.66667,0.0,15.3333,100,81.1,72.94,0.0,-53.0,380.8,0
2018-10-10,21,8.5,0.0,13.6667,100,90.22,80.28,0.0,-52.0,395.2,0
2018-10-10,22,8.33333,0.0,12.0,97,79.88,76.33,0.0,-51.0,409.867,0
2018-10-10,23,8.33333,0.0,10.6667,90,79.03,67.82,0.0,-59.0,360.0,0
2018-10-11,0,8.16667,0.0,9.66667,95,59.34,58.28,0.0,-58.0,360.0,0
2018-10-11,1,8.0,0.0,8.83333,96,62.64,53.75,0.0,-58.0,374.0,0
2018-10-11,2,8.0,0.0,8.5,98,61.41,48.78,0.0,-57.0,388.267,0
2018-10-11,3,8.16667,0.0,8.33333,94,57.82,51.88,0.0,-56.0,390.0,0
2018-10-11,4,8.33333,0.0,8.16667,100,49.81,47.97,0.0,-57.0,374.85,0
2018-10-11,5,8.5,0.0,8.0,100,46.04,45.95,0.0,-58.0,360.0,0
2018-10-11,6,8.83333,0.0,7.83333,100,44.51,56.37,0.0,-51.0,401.85,0
2018-10-11,7,9.16667,0.0,7.5,100,42.72,59.46,0.0,-53.0,371.25,0
2018-10-11,8,9.5,0.0,7.33333,100,49.63,64.97,0.0,-55.0,341.85,0
2018-10-11,9,9.66667,0.0,7.5,100,53.67,52.36,0.0,-57.0,325.867,0
2018-10-11,10,10.1667,0.0,8.33333,77,52.72,53.43,-3.8268,-57.2388,312.8,0
2018-10-11,11,10.8333,0.0,9.5,64,53.32,56.71,-8.41896,-50.3254,334.08,0
2018-10-11,12,11.5,0.0,11.1667,55,53.56,46.92,-13.3938,-52.3358,297.0,0
2018-10-11,13,12.3333,0.0,13.3333,50,45.56,38.02,-18.7513,-55.2701,250.92,0
2018-10-11,14,13.1667,0.0,15.5,49,42.74,36.2,-20.6647,-49.8895,255.2,0
2018-10-11,15,14.0,0.0,17.3333,49,36.86,32.75,-21.8128,-52.6612,232.615,0
2018-10-11,16,14.3333,0.0,18.5,51,34.37,30.16,-22.5781,-54.5089,221.571,0
2018-10-11,17,14.3333,0.0,19.0,58,33.53,32.01,-22.5781,-54.5089,228.48,0
2018-10-11,18,14.0,0.0,18.8333,82,33.93,37.44,-21.8128,-52.6612,245.92,0
2018-10-11,19,13.5,0.0,18.1667,87,77.53,70.22,-20.6647,-49.8895,273.28,0
2018-10-11,20,13.0,0.0,17.0,92,83.04,81.1,-19.5167,-47.1179,297.0,0
2018-10-11,21,12.3333,0.0,15.6667,91,61.96,90.22,-24.1088,-58.2044,249.171,0
2018-10-11,22,11.8333,0.0,14.1667,92,47.16,79.88,-22.9608,-55.4328,269.077,0
2018-10-11,23,11.5,0.0,13.0,90,54.33,79.03,-22.1954,-53.585,280.8,0
2018-10-12,0,11.1667,0.0,12.0,92,50.54,59.34,-21.8128,-52.6612,291.5,0
2018-10-12,1,10.8333,0.0,11.1667,94,52.95,62.64,-21.0474,-50.8134,313.5,0
2018-10-12,2,10.5,0.0,10.5,95,51.25,61.41,-20.282,-48.9656,329.018,0
2018-10-12,3,10.1667,0.0,10.0,93,45.52,57.82,-19.8994,-48.0418,341.127,0
2018-10-12,4,9.83333,0.0,9.66667,94,48.14,49.81,-23.3435,-56.3567,300.0,0
2018-10-12,5,9.5,0.0,9.33333,95,49.14,46.04,-22.5781,-54.5089,323.345,0
2018-10-12,6,9.16667,0.0,9.0,95,53.77,44.51,-21.8128,-52.6612,337.08,0
2018-10-12,7,8.66667,0.0,8.5,100,66.2,42.72,-21.0474,-50.8134,363.0,0
2018-10-12,8,8.16667,0.0,8.33333,100,67.68,49.63,-19.8994,-48.0418,403.68,0
2018-10-12,9,7.83333,0.0,8.66667,95,56.56,53.67,-22.5781,-54.5089,373.32,0
2018-10-12,10,7.66667,0.0,9.5,72,47.61,52.72,-23.7011,-50.2199,402.8,0
2018-10-12,11,7.66667,0.0,11.0,54,40.53,53.32,-25.9138,-47.5618,417.6,0
2018-10-12,12,8.16667,0.0,13.0,45,37.44,53.56,-28.8337,-45.6109,417.6,0
2018-10-12,13,8.83333,0.0,15.3333,41,35.23,45.56,-33.1678,-45.0742,374.85,0
2018-10-12,14,9.66667,0.0,17.6667,41,33.47,42.74,-35.2058,-38.9942,361.029,0
2018-10-12,15,10.3333,0.0,19.6667,40,33.7,36.86,-36.0626,-36.0626,333.45,0
2018-10-12,16,10.8333,0.0,21.0,43,31.25,34.37,-38.1839,-38.1839,300.667,0
2018-10-12,17,11.0,0.0,21.3333,56,34.72,33.53,-36.0294,-41.9826,294.0,0
2018-10-12,18,10.8333,0.0,20.8333,66,51.17,33.93,-32.078,-43.4432,305.455,0
2018-10-12,19,10.5,0.0,19.8333,72,62.32,77.53,-28.1266,-44.9038,324.8,0
2018-10-12,20,10.0,0.0,18.3333,80,95.15,83.04,-23.0854,-44.7334,353.455,0
2018-10-12,21,9.5,0.0,16.5,83,75.57,61.96,-26.5295,-53.0483,311.564,0
2018-10-12,22,8.83333,0.0,14.8333,86,69.28,47.16,-21.8128,-52.6612,347.564,0
2018-10-12,23,8.16667,0.0,13.3333,89,59.75,54.33,-20.282,-48.9656,389.88,0
2018-10-13,0,7.5,0.0,12.1667,94,54.73,50.54,-22.5781,-54.5089,373.32,1
2018-10-13,1,7.0,0.0,11.1667,97,52.41,52.95,-21.0474,-50.8134,429.0,1
2018-10-13,2,6.5,0.0,10.5,97,55.72,51.25,-19.5167,-47.1179,479.467,1
2018-10-13,3,6.16667,0.0,10.0,95,51.62,45.52,-19.5167,-53.1179,450.667,1
2018-10-13,4,6.0,0.0,9.33333,94,47.38,48.14,-16.0726,-50.803,498.667,1
2018-10-13,5,6.0,0.0,8.83333,95,46.72,49.14,-12.6284,-48.488,538.65,1
2018-10-13,6,6.0,0.0,8.5,95,44.6,53.77,-12.6284,-54.488,497.25,1
2018-10-13,7,6.0,0.0,8.16667,100,52.97,66.2,-9.567,-53.097,517.029,1
2018-10-13,8,6.0,0.0,8.0,100,66.13,67.68,-6.88824,-52.6298,520.0,1
2018-10-13,9,6.16667,0.0,8.16667,99,74.09,56.56,-4.59216,-53.0866,520.0,1
2018-10-13,10,6.33333,0.0,9.0,80,54.85,47.61,-4.97484,-54.0104,499.8,1
2018-10-13,11,6.66667,0.0,10.3333,63,50.86,40.53,-5.35752,-54.9343,480.0,1
2018-10-13,12,7.16667,0.0,12.0,54,47.5,37.44,-8.41896,-50.3254,496.8,1
2018-10-13,13,7.83333,0.0,14.1667,49,48.21,35.23,-11.8631,-52.6403,438.6,1
2018-10-13,14,8.5,0.0,16.3333,49,44.29,33.47,-15.6899,-49.8791,413.4,1
2018-10-13,15,9.0,0.0,18.1667,47,41.65,33.7,-19.5167,-47.1179,393.6,1
2018-10-13,16,9.5,0.0,19.5,50,38.44,31.25,-20.6647,-49.8895,345.257,1
2018-10-13,17,9.83333,0.0,20.0,58,43.65,34.72,-21.8128,-52.6612,313.65,1
2018-10-13,18,10.0,0.0,19.6667,88,52.55,51.17,-22.5781,-54.5089,300.0,1
2018-10-13,19,9.83333,0.0,18.6667,95,63.8,62.32,-22.9608,-55.4328,300.0,1
2018-10-13,20,9.66667,0.0,17.3333,100,81.8,95.15,-19.134,-55.194,312.12,1
2018-10-13,21,9.5,0.0,15.8333,98,78.96,75.57,-15.3072,-54.9552,324.48,1
2018-10-13,22,9.16667,0.0,14.1667,95,80.57,69.28,-11.4804,-54.7164,337.08,1
2018-10-13,23,8.83333,0.0,12.6667,91,79.94,59.75,-7.6536,-53.4776,363.0,1
2018-10-14,0,8.5,0.0,11.6667,92,71.98,54.73,-6.88824,-51.6298,389.88,1
2018-10-14,1,8.16667,0.0,10.8333,94,68.79,52.41,-6.12288,-49.7821,409.867,1
2018-10-14,2,7.83333,0.0,10.1667,97,62.31,55.72,-6.12288,-56.7821,374.0,1
2018-10-14,3,7.5,0.0,9.5,98,57.87,51.62,-6.12288,-54.7821,402.8,1
2018-10-14,4,7.33333,0.0,9.0,99,57.95,47.38,-8.80164,-52.2492,432.667,1
2018-10-14,5,7.16667,0.0,8.5,100,66.91,46.72,-11.4804,-49.7164,453.6,1
2018-10-14,6,7.0,0.0,8.0,100,76.46,44.6,-14.1592,-48.1836,470.25,1
2018-10-14,7,7.0,0.0,7.5,100,62.96,52.97,-16.8379,-54.6507,420.0,1
2018-10-14,8,7.0,0.0,7.16667,100,84.16,66.13,-16.4552,-53.7268,436.05,1
2018-10-14,9,7.33333,0.0,7.5,100,58.32,74.09,-16.0726,-52.803,437.143,1
2018-10-14,10,7.66667,0.0,8.33333,71,51.2,54.85,-19.5167,-47.1179,460.8,1
2018-10-14,11,8.33333,0.0,10.0,55,43.68,50.86,-23.2019,-47.0147,425.829,1
2018-10-14,12,9.16667,0.0,12.0,46,36.25,47.5,-28.3014,-48.3258,360.0,1
2018-10-14,13,10.3333,0.0,14.5,42,36.6,48.21,-31.4292,-43.8768,329.829,1
2018-10-14,14,11.8333,0.0,17.0,42,36.7,44.29,-35.9712,-40.842,288.0,1
2018-10-14,15,13.0,0.0,19.1667,40,35.6,41.65,-37.4768,-37.4768,259.418,1
2018-10-14,16,13.8333,0.0,20.6667,42,33.49,38.44,-41.0124,-41.0124,216.0,1
2018-10-14,17,14.1667,0.0,21.0,52,38.45,43.65,-42.4266,-42.4266,212.914,1
2018-10-14,18,14.1667,0.0,20.6667,79,44.11,52.55,-41.7195,-41.7195,235.125,1
2018-10-14,19,13.6667,0.0,19.6667,86,50.33,63.8,-34.9979,-41.4923,269.925,1
2018-10-14,20,12.8333,0.0,18.1667,91,48.78,81.8,-39.2074,-51.655,240.0,1
2018-10-14,21,11.8333,0.0,16.3333,90,40.38,78.96,-32.1031,-50.5039,268.029,1
2018-10-14,22,11.0,0.0,14.5,91,43.71,80.57,-26.0303,-49.8431,299.815,1
2018-10-14,23,10.3333,0.0,13.0,87,50.3,79.94,-20.282,-48.9656,336.3,1
2018-10-15,0,9.83333,0.0,11.6667,88,41.13,71.98,-23.7262,-57.2806,300.0,0
2018-10-15,1,9.5,0.0,10.5,89,47.36,68.79,-25.498,-52.558,323.345,0
2018-10-15,2,9.16667,0.0,9.66667,90,47.87,62.31,-27.6525,-48.7593,347.564,0
2018-10-15,3,8.83333,0.0,9.0,86,38.52,57.87,-29.807,-44.9606,363.0,0
2018-10-15,4,8.66667,0.0,8.33333,81,39.96,57.95,-31.6371,-41.3787,380.8,0
2018-10-15,5,8.5,0.0,7.83333,89,38.87,66.91,-33.8498,-38.7206,395.2,0
2018-10-15,6,8.33333,0.0,7.5,97,42.75,76.46,-36.0626,-36.0626,409.867,0
2018-10-15,7,8.33333,0.0,7.16667,100,51.98,62.96,-41.7195,-41.7195,360.0,0
2018-10-15,8,8.33333,0.0,7.0,100,51.92,84.16,-41.7195,-41.7195,360.0,0
2018-10-15,9,8.66667,0.0,7.33333,80,45.64,58.32,-41.7195,-41.7195,360.0,0
2018-10-15,10,9.16667,0.0,8.16667,59,42.24,51.2,-36.7697,-36.7697,386.4,0
2018-10-15,11,10.0,0.0,9.66667,43,26.68,43.68,-41.2755,-35.3223,341.85,0
2018-10-15,12,11.0,0.0,11.5,35,22.19,36.25,-41.9722,-28.9834,326.8,0
2018-10-15,13,12.0,0.0,13.8333,32,20.95,36.6,-48.5425,-27.9769,263.467,0
2018-10-15,14,13.1667,0.0,16.1667,33,17.72,36.7,-48.9656,-20.282,259.418,0
2018-10-15,15,14.1667,0.0,18.0,31,15.26,35.6,-53.585,-22.1954,223.385,0
2018-10-15,16,14.8333,0.0,19.3333,34,14.54,33.49,-56.3567,-23.3435,204.429,0
2018-10-15,17,14.8333,0.0,19.6667,40,27.97,38.45,-54.029,-28.5926,203.52,0
2018-10-15,18,14.5,0.0,19.1667,49,33.11,44.11,-49.3632,-32.0448,226.8,0
2018-10-15,19,13.8333,0.0,18.0,59,70.83,50.33,-43.0665,-34.4073,261.0,0
2018-10-15,20,13.0,0.0,16.5,68,77.32,48.78,-36.0626,-36.0626,302.08,0
2018-10-15,21,12.0,0.0,14.8333,75,77.66,40.38,-43.8408,-43.8408,267.12,0
2018-10-15,22,11.0,0.0,13.0,85,65.59,43.71,-40.3053,-40.3053,299.815,0
2018-10-15,23,10.0,0.0,11.3333,89,62.59,50.3,-37.4768,-37.4768,336.3,0
2018-10-16,0,9.33333,0.0,10.1667,89,58.06,41.13,-42.4266,-42.4266,322.4,0
2018-10-16,1,8.83333,0.0,9.16667,86,53.67,47.36,-39.5982,-39.5982,360.0,0
2018-10-16,2,8.33333,0.0,8.16667,87,56.86,47.87,-37.4768,-37.4768,398.618,0
2018-10-16,3,7.83333,0.0,7.33333,87,48.93,38.52,-43.1337,-43.1337,360.0,0
2018-10-16,4,7.33333,0.0,6.83333,80,48.92,39.96,-41.8227,-38.0343,400.68,0
2018-10-16,5,7.16667,0.0,6.5,88,46.81,38.87,-40.2948,-33.2592,448.0,0
2018-10-16,6,6.66667,0.0,6.0,100,65.84,42.75,-45.8381,-35.5553,420.0,0
2018-10-16,7,6.16667,0.0,5.83333,100,63.2,51.98,-34.4741,-29.1913,454.629,0
2018-10-16,8,5.66667,0.0,6.0,100,51.44,51.92,-34.1438,-22.3282,503.25,0
2018-10-16,9,5.5,0.0,6.5,81,66.44,45.64,-38.7632,-20.4148,480.0,0
2018-10-16,10,5.5,0.0,7.5,61,54.66,42.24,-37.3489,-10.5152,514.8,0
2018-10-16,11,5.66667,0.0,9.0,49,52.15,26.68,-37.2353,-2.56226,550.8,0
2018-10-16,12,6.0,0.0,11.0,43,48.98,22.19,-38.0456,5.77338,555.429,0
2018-10-16,13,6.33333,0.0,13.1667,40,46.69,20.95,-38.0456,11.1309,540.6,0
2018-10-16,14,6.83333,0.0,15.3333,41,41.58,17.72,-25.5023,13.427,520.0,0
2018-10-16,15,7.16667,0.0,17.1667,44,39.02,15.26,-16.9591,15.7231,505.44,0
2018-10-16,16,7.33333,0.0,18.3333,46,48.61,14.54,-4.33966,13.8097,440.64,0
2018-10-16,17,7.33333,0.0,18.8333,52,53.39,27.97,-6.18742,9.2175,420.0,0
2018-10-16,18,7.33333,0.0,18.5,64,74.6,33.11,-2.86864,0.0,460.8,0
2018-10-16,19,7.16667,0.0,17.5,70,87.25,70.83,-2.86864,-5.35752,460.8,0
2018-10-16,20,6.83333,0.0,16.0,81,89.54,77.32,-7.1113,-9.60018,420.0,0
2018-10-16,21,6.5,0.0,14.0,91,85.58,77.66,-4.8868,-16.5216,437.143,0
2018-10-16,22,6.33333,0.0,12.0,95,81.47,65.59,-16.1295,-20.7643,469.05,0
2018-10-16,23,6.16667,0.0,10.0,93,71.65,62.59,-28.3721,-25.0069,503.25,0
2018-10-17,0,6.0,0.0,8.5,92,64.47,58.06,-41.9154,-27.303,528.0,0
2018-10-17,1,6.0,0.0,7.33333,90,57.65,53.67,-46.1581,-31.5457,480.0,0
2018-10-17,2,6.0,0.0,6.5,88,54.75,56.86,-43.9336,-33.1096,498.343,0
2018-10-17,3,6.0,0.0,6.16667,83,53.68,48.93,-41.7091,-34.6735,517.029,0
2018-10-17,4,5.83333,0.0,6.0,80,53.02,48.92,-39.4846,-36.2374,520.0,0
2018-10-17,5,5.66667,0.0,6.0,89,51.75,46.81,-37.1553,-36.6141,540.6,0
2018-10-17,6,5.5,0.0,6.0,99,71.67,65.84,-34.826,-36.9908,561.6,0
2018-10-17,7,5.5,0.0,5.83333,100,75.36,63.2,-32.4968,-37.3676,583.0,0
2018-10-17,8,5.5,0.0,5.83333,100,67.4,51.44,-30.5502,-38.6682,583.0,0
2018-10-17,9,5.5,0.0,6.33333,88,81.0,66.44,-27.303,-41.9154,583.0,0
2018-10-17,11,6.33333,0.0,9.0,50,50.27,52.15,-28.0101,-42.6225,561.6,0
2018-10-17,12,7.0,0.0,11.0,40,44.23,48.98,-31.1585,-41.4413,520.0,0
2018-10-17,13,7.5,0.0,13.5,35,42.09,46.69,-33.3173,-36.0233,483.36,0
2018-10-17,14,8.0,0.0,15.8333,37,39.74,41.58,-37.8055,-30.2287,451.0,0
2018-10-17,15,8.5,0.0,17.8333,37,34.95,39.02,-41.8734,-31.0494,395.2,0
2018-10-17,16,8.66667,0.0,19.1667,41,38.23,48.61,-41.6986,-27.6274,393.6,0
2018-10-17,17,8.66667,0.0,19.5,47,56.77,53.39,-42.4057,-28.3345,386.4,0
2018-10-17,18,8.5,0.0,19.1667,55,70.2,74.6,-38.0761,-32.6641,395.2,0
2018-10-17,19,8.33333,0.0,18.1667,61,80.96,87.25,-32.8227,-36.6111,409.867,0
2018-10-17,20,8.0,0.0,16.8333,70,83.58,89.54,-35.8841,-44.0021,360.0,0
2018-10-17,21,7.66667,0.0,15.1667,78,75.9,85.58,-30.2479,-47.0251,388.267,0
2018-10-17,22,7.33333,0.0,13.5,86,74.42,81.47,-26.5627,-47.1283,417.6,0
2018-10-17,23,7.0,0.0,12.0,93,74.73,71.65,-22.4948,-46.3076,453.6,0
2018-10-18,0,6.66667,0.0,10.6667,99,75.6,64.47,-24.7909,-51.8509,420.0,0
2018-10-18,1,6.33333,0.0,9.66667,100,59.87,57.65,-19.134,-52.194,452.4,0
2018-10-18,2,6.16667,0.0,8.83333,99,75.16,54.75,-16.0726,-50.803,486.0,0
2018-10-18,3,6.0,0.0,8.16667,96,75.93,53.68,-10.715,-48.9552,520.8,0
2018-10-18,4,6.0,0.0,7.66667,95,68.32,53.02,-8.41896,-54.4985,480.0,0
2018-10-18,5,5.83333,0.0,7.33333,94,57.74,51.75,-3.06144,-52.6507,498.343,0
2018-10-18,6,5.66667,0.0,7.16667,90,62.85,71.67,1.53072,-50.803,536.057,0
2018-10-18,9,4.66667,0.0,7.33333,93,66.84,81.0,14.9429,-47.7711,582.4,0
2018-10-18,12,4.66667,0.0,11.1667,48,58.24,44.23,29.0895,-29.2481,600.0,0
2018-10-18,13,5.16667,0.0,13.1667,43,55.0,42.09,33.3321,-19.0055,600.0,0
2018-10-18,14,5.66667,0.0,15.1667,43,55.4,39.74,33.6897,-2.96914,649.0,0
2018-10-18,15,6.16667,0.0,16.8333,40,51.5,34.95,37.8608,5.2529,610.56,0
2018-10-18,16,6.33333,0.0,18.0,44,50.28,38.23,42.4146,12.5511,563.04,0
2018-10-18,18,6.5,0.0,18.0,59,81.89,70.2,45.5205,23.8257,504.9,0
2018-10-18,19,6.5,0.0,17.1667,70,100.78,80.96,47.825,22.295,480.0,0
2018-10-18,20,6.5,0.0,15.8333,85,104.67,83.58,46.67,16.846,496.8,0
2018-10-18,21,6.5,0.0,14.1667,89,93.68,75.9,49.4274,12.6034,490.629,0
2018-10-18,22,6.5,0.0,12.6667,87,84.77,74.42,51.4776,7.6536,490.629,0
2018-10-18,23,6.5,0.0,11.3333,86,77.65,74.73,50.5537,7.27092,509.143,0
2018-10-19,0,6.5,0.0,10.1667,89,76.93,75.6,49.6298,6.88824,517.0,0
2018-10-19,1,6.33333,0.0,9.16667,97,79.45,59.87,49.6298,6.88824,517.0,0
2018-10-19,2,6.33333,0.0,8.66667,89,74.85,75.16,49.1731,9.18432,517.0,0
2018-10-19,3,6.33333,0.0,8.5,85,65.68,75.93,48.1229,14.1341,509.143,0
2018-10-19,9,7.0,0.0,10.1667,76,71.96,66.84,48.2353,23.2933,438.6,0
2018-10-19,10,7.0,0.0,10.6667,67,70.35,58.4,49.6921,20.9973,437.143,0
2018-10-19,12,7.5,0.0,12.8333,49,68.21,58.24,48.1074,14.5418,470.25,0
2018-10-19,13,8.16667,0.0,14.1667,44,66.53,55.0,49.0313,14.9245,443.143,0
2018-10-19,14,9.0,0.0,15.6667,44,65.3,55.4,51.803,16.0726,377.4,0
2018-10-19,15,9.66667,0.0,17.0,42,66.19,51.5,50.4224,17.986,345.257,0
2018-10-19,16,10.1667,0.0,17.8333,44,66.13,50.28,53.585,22.1954,300.0,0
2018-10-19,18,10.5,0.0,17.0,61,72.96,81.89,50.5642,12.2458,321.48,0
2018-10-19,19,10.5,0.0,16.0,70,78.04,100.78,51.3254,8.41896,329.018,0
2018-10-19,20,10.3333,0.0,14.6667,77,75.7,104.67,51.1627,4.20948,341.127,0
2018-10-19,21,10.1667,0.0,13.3333,80,70.84,93.68,51.0,0.0,353.455,0
2018-10-19,22,9.83333,0.0,12.0,83,62.11,84.77,60.2388,3.8268,300.0,0
2018-10-19,23,9.66667,0.0,11.1667,83,64.19,77.65,57.5537,7.27092,312.12,0
2018-10-20,0,9.5,0.0,10.3333,85,55.52,76.93,55.8686,10.715,324.48,1
2018-10-20,1,9.33333,0.0,9.66667,88,53.27,79.45,54.1836,14.1592,337.08,1
2018-10-20,2,9.16667,0.0,9.16667,89,54.47,74.85,52.4985,17.6033,349.92,1
2018-10-20,3,9.0,0.0,8.66667,82,54.52,65.68,50.8134,21.0474,363.0,1
2018-10-20,8,8.16667,0.0,7.33333,100,62.19,69.35,54.5089,22.5781,360.0,1
2018-10-20,9,8.0,0.28,7.5,91,65.44,71.96,53.585,22.1954,374.0,1
2018-10-20,10,7.83333,0.28,7.83333,72,63.42,70.35,52.6612,21.8128,388.267,1
2018-10-20,11,7.83333,0.28,8.66667,62,62.41,71.38,50.8134,21.0474,405.45,1
2018-10-20,12,7.83333,0.28,9.66667,55,56.24,68.21,50.8134,21.0474,405.45,1
2018-10-20,13,7.83333,0.69,10.8333,51,53.68,66.53,50.8134,21.0474,405.45,1
2018-10-20,14,7.83333,1.1,12.0,52,50.3,65.3,50.8134,21.0474,405.45,1
2018-10-20,15,8.0,0.82,13.0,53,64.355,66.19,50.8134,21.0474,405.45,1
2018-10-20,16,8.5,0.82,13.5,58,55.31,66.13,52.4224,17.986,390.0,1
2018-10-20,17,9.0,1.23,13.5,69,65.93,68.92,48.5642,12.2458,401.85,1
2018-10-20,18,9.33333,1.64,13.3333,70,60.75,72.96,52.1731,9.18432,356.4,1
2018-10-20,19,9.5,1.23,12.8333,72,127.08,78.04,54.7821,6.12288,327.6,1
2018-10-20,21,9.33333,2.86,11.3333,71,42.97,70.84,57.0,0.0,325.867,1
2018-10-20,22,9.0,2.86,10.8333,70,38.77,62.11,56.0,0.0,349.92,1
2018-10-20,23,8.5,3.47,10.3333,69,39.18,64.19,54.0,0.0,385.527,1
2018-10-21,0,8.33333,3.06,9.83333,71,35.24,55.52,43.0,8.0,417.72,1
2018-10-21,1,8.5,3.06,9.33333,70,34.52,53.27,52.0,8.0,360.0,1
2018-10-21,2,9.0,2.04,9.0,73,35.11,54.47,42.2388,4.1732,401.85,1
2018-10-21,3,9.33333,1.02,8.66667,75,36.3,54.52,44.4015,-0.03628,356.4,1
2018-10-21,4,9.66667,1.02,8.33333,73,27.87,54.71,45.6403,-3.86308,327.6,1
2018-10-21,5,10.0,0.0,8.16667,72,22.88,56.37,46.8791,-7.68988,300.0,1
2018-10-21,6,10.3333,0.0,7.83333,72,25.33,57.84,47.1179,-19.5167,346.92,1
2018-10-21,7,10.5,0.0,7.66667,74,40.79,62.06,48.0418,-19.8994,341.127,1
2018-10-21,8,10.6667,0.0,7.5,74,43.55,62.19,48.0418,-19.8994,334.08,1
2018-10-21,9,11.1667,0.0,7.5,69,54.01,65.44,49.8895,-20.6647,309.12,1
2018-10-21,10,12.1667,0.0,7.66667,59,41.86,63.42,52.6612,-21.8128,273.48,1
2018-10-21,11,13.0,0.0,8.0,54,41.83,62.41,44.5734,-25.0902,270.327,1
2018-10-21,12,13.6667,0.0,8.66667,47,36.24,56.24,45.0174,-31.4874,235.2,1
2018-10-21,13,14.1667,0.0,9.5,42,33.67,53.68,44.5375,-37.5019,214.338,1
2018-10-21,14,14.3333,0.0,10.3333,42,28.96,50.3,42.4266,-42.4266,226.8,1
2018-10-21,15,14.1667,0.0,11.0,41,29.31,64.355,40.3053,-40.3053,245.92,1
2018-10-21,16,13.3333,0.0,11.3333,45,31.91,55.31,40.7852,-34.2908,273.28,1
2018-10-21,17,12.3333,0.0,11.1667,56,34.32,65.93,50.9479,-38.5003,240.0,1
2018-10-21,18,11.1667,0.0,10.6667,60,62.27,60.75,48.6561,-31.3377,287.571,1
2018-10-21,19,10.1667,0.0,9.83333,66,64.34,127.08,46.1476,-24.4996,343.385,1
2018-10-21,21,8.5,0.0,7.66667,76,92.65,42.97,51.7373,-21.4301,369.6,1
2018-10-21,22,7.83333,0.0,6.66667,79,95.05,38.77,47.1179,-19.5167,425.455,1
2018-10-21,23,7.5,0.0,5.83333,82,68.24,39.18,53.585,-22.1954,398.945,1
2018-10-22,0,7.16667,0.0,5.16667,86,51.59,35.24,49.8895,-20.6647,432.667,0
2018-10-22,1,6.83333,0.0,4.66667,87,48.0,34.52,47.1179,-19.5167,470.25,0
2018-10-22,2,6.33333,0.0,4.16667,88,46.91,35.11,52.6612,-21.8128,436.05,0
2018-10-22,3,5.83333,0.0,4.0,85,48.92,36.3,49.8895,-20.6647,486.0,0
2018-10-22,4,5.33333,0.0,3.83333,86,41.22,27.87,53.585,-22.1954,480.0,0
2018-10-22,5,4.66667,0.0,3.83333,87,47.89,22.88,50.194,-19.134,550.8,0
2018-10-22,6,4.16667,0.0,3.66667,88,46.41,25.33,53.194,-19.134,558.45,0
2018-10-22,7,3.5,0.0,3.5,99,45.07,40.79,48.5746,-14.9245,641.143,0
2018-10-22,8,3.0,0.0,3.5,99,60.16,43.55,49.9888,-13.5103,663.257,0
2018-10-22,9,2.83333,0.0,3.66667,87,51.74,54.01,51.403,-11.6625,681.943,0
2018-10-22,10,3.16667,0.0,4.0,93,43.68,41.86,43.7878,-6.21214,773.143,0
2018-10-22,11,3.83333,0.0,4.83333,73,40.91,41.83,35.0246,2.0099,796.8,0
2018-10-22,12,4.66667,0.0,6.0,62,39.6,36.24,25.8787,11.1558,781.0,0
2018-10-22,13,5.83333,0.0,7.33333,54,38.02,33.67,17.274,20.8429,731.4,0
2018-10-22,14,7.0,0.0,8.83333,51,37.78,28.96,3.66716,33.3673,683.7,0
2018-10-22,15,8.16667,0.0,10.0,47,35.49,29.31,-7.47248,43.213,571.2,0
2018-10-22,16,8.66667,0.0,10.8333,49,37.9,31.91,-16.0726,48.803,387.6,0
2018-10-22,17,8.83333,0.0,11.0,62,50.11,34.32,-12.6284,49.488,377.143,0
2018-10-22,18,8.83333,0.0,10.6667,74,67.17,62.27,-9.94968,51.0209,371.25,0
2018-10-22,19,8.66667,0.0,10.0,89,68.72,64.34,-6.88824,51.6298,380.8,0
2018-10-22,20,8.5,0.0,9.0,98,68.25,78.49,2.21276,50.706,395.2,0
2018-10-22,21,8.33333,0.0,8.0,91,73.5,92.65,11.3138,49.7821,417.72,0
2018-10-22,22,8.5,0.0,7.33333,81,56.18,95.05,17.6777,58.097,360.0,0
2018-10-22,23,9.0,0.61,6.83333,79,54.86,68.24,24.7488,48.3358,401.85,0
2018-10-23,0,9.5,1.22,6.83333,82,55.66,51.59,32.5271,50.4985,356.4,0
2018-10-23,1,10.1667,1.7,7.0,79,51.4,48.0,40.3053,52.6612,313.65,0
2018-10-23,2,10.8333,1.7,7.33333,93,42.3,46.91,37.4768,46.3644,313.6,0
2018-10-23,3,11.3333,1.7,7.5,94,30.54,48.92,39.5982,46.5348,285.12,0
2018-10-23,4,11.5,1.7,7.33333,99,23.16,41.22,41.0124,45.7813,271.745,0
2018-10-23,5,11.5,1.09,7.0,98,20.67,47.89,41.0124,43.3969,271.745,0
2018-10-23,6,11.8333,0.96,6.33333,96,22.86,46.41,41.0124,41.0124,280.8,0
2018-10-23,7,12.3333,0.48,5.66667,93,22.77,45.07,41.7195,44.5375,270.3,0
2018-10-23,8,13.1667,1.22,5.0,94,29.35,60.16,43.8408,49.9104,240.0,0
2018-10-23,9,14.3333,1.96,4.66667,88,28.3,51.74,39.5982,45.6677,228.0,0
2018-10-23,10,16.1667,1.96,4.66667,78,30.3,43.68,36.0626,39.3142,225.28,0
2018-10-23,11,18.1667,2.72,5.0,69,37.97,40.91,41.0124,41.0124,179.082,0
2018-10-23,12,20.1667,2.24,5.66667,67,33.22,39.6,45.255,45.255,149.368,0
2018-10-23,13,22.1667,2.24,6.16667,67,27.42,38.02,49.4977,54.917,130.473,0
2018-10-23,14,24.0,2.92,6.66667,70,29.09,37.78,36.7697,48.0418,168.192,0
2018-10-23,15,25.3333,3.6,7.0,74,26.87,35.49,19.092,52.9448,156.8,0
2018-10-23,16,26.1667,5.02,7.16667,79,27.79,37.9,0.0,55.0,159.557,0
2018-10-23,17,26.6667,5.66,7.16667,81,36.19,50.11,0.0,54.0,162.222,0
2018-10-23,18,27.3333,5.66,7.0,84,35.7,67.17,-9.94968,51.0209,167.733,0
2018-10-23,19,28.3333,6.68,7.0,87,32.73,68.72,-21.0474,50.8134,154.015,0
2018-10-23,20,29.6667,6.28,7.0,86,34.07,68.25,-23.7262,57.2806,127.531,0
2018-10-23,21,31.6667,5.88,7.16667,84,31.67,73.5,-38.0844,55.944,109.382,0
2018-10-23,22,34.1667,5.48,7.33333,87,27.82,56.18,-53.0332,53.0332,95.5667,0
2018-10-23,23,37.6667,4.08,7.5,85,18.81,54.86,-43.6498,66.3802,83.8769,0
2018-10-24,0,41.0,4.08,7.83333,81,8.44,55.66,-34.0585,82.2253,68.1429,0
2018-10-24,1,44.0,4.18,8.16667,79,2.87,51.4,-36.7373,88.6925,62.5021,0
2018-10-24,2,46.5,3.16,8.33333,83,4.19,42.3,-19.5167,47.1179,117.647,0
2018-10-24,3,48.3333,2.14,8.33333,80,4.78,30.54,-19.5167,47.1179,117.647,0
2018-10-24,4,49.0,2.24,8.16667,83,3.19,23.16,-38.6507,93.3119,60.0,0
2018-10-24,5,48.3333,2.24,8.0,83,3.2,20.67,-19.134,92.194,69.984,0
2018-10-24,6,47.3333,2.24,7.5,84,2.84,22.86,30.4057,85.7268,78.8087,0
2018-10-24,7,45.8333,1.73,7.0,85,6.36,22.77,60.8115,79.4537,79.5349,0
2018-10-24,8,44.1667,1.73,6.5,84,8.83,29.35,60.1043,78.5298,82.5488,0
2018-10-24,9,42.5,1.73,6.16667,81,21.28,28.3,58.6901,76.682,85.9714,0
2018-10-24,10,41.3333,0.61,6.0,70,17.79,30.3,57.2759,66.1635,89.561,0
2018-10-24,11,41.3333,0.61,5.83333,65,15.68,37.97,55.8617,55.8617,93.33,0
2018-10-24,12,41.6667,0.61,6.0,54,13.72,33.22,57.983,57.983,80.6769,0
2018-10-24,13,42.5,0.0,6.16667,44,15.16,27.42,62.2257,62.2257,73.6744,0
2018-10-24,14,44.3333,0.0,6.5,39,15.41,29.09,65.0541,65.0541,67.84,0
2018-10-24,15,45.6667,0.0,6.66667,38,23.17,26.87,36.7697,36.7697,115.385,0
2018-10-24,16,46.5,0.0,6.66667,42,14.16,27.79,70.711,70.711,64.8,0
2018-10-24,17,46.0,0.0,6.5,45,23.65,36.19,65.0541,65.0541,75.6,0
2018-10-24,18,44.1667,0.0,6.16667,53,43.93,35.7,59.3972,59.3972,88.3636,0
2018-10-24,19,41.1667,0.0,5.66667,53,29.13,32.73,52.3261,52.3261,110.88,0
2018-10-24,20,37.0,0.0,5.16667,51,20.13,34.07,44.5479,44.5479,137.824,0
2018-10-24,21,33.5,0.0,4.66667,52,17.61,31.67,39.5982,39.5982,157.076,0
2018-10-24,22,30.8333,0.0,4.33333,53,21.78,27.82,38.1839,38.1839,162.222,0
2018-10-24,23,28.6667,0.0,4.16667,54,13.08,18.81,38.891,38.891,156.8,0
2018-10-25,1,25.8333,0.0,4.0,59,10.35,2.87,36.0626,36.0626,179.022,0
2018-10-25,2,24.5,0.0,4.0,61,9.67,4.19,51.619,51.619,139.2,0
2018-10-25,3,23.1667,0.0,3.83333,66,10.44,4.78,45.9622,45.9622,168.15,0
2018-10-25,4,21.5,0.0,3.66667,65,9.23,3.19,42.4266,46.5452,189.382,0
2018-10-25,5,19.8333,0.0,3.5,70,8.75,3.2,39.5982,47.6186,202.926,0
2018-10-25,6,18.5,0.0,3.16667,71,10.7,2.84,38.1839,49.8895,217.579,0
2018-10-25,7,17.3333,0.0,2.83333,72,16.85,6.36,24.7488,48.3358,236.733,0
2018-10-25,8,16.5,0.0,2.66667,70,19.52,8.83,24.7488,63.3358,194.133,0
2018-10-25,9,15.8333,0.0,2.66667,73,27.86,21.28,12.0209,60.706,217.412,0
2018-10-25,10,16.3333,0.0,2.83333,77,30.03,17.79,-5.7402,58.8582,226.8,0
2018-10-25,11,17.5,0.0,3.0,80,19.75,15.68,-13.7765,62.2597,180.0,0
2018-10-25,12,19.1667,0.0,3.5,84,24.1,13.72,-22.9608,55.4328,154.0,0
2018-10-25,13,21.3333,1.09,4.33333,83,28.78,15.16,-27.1703,65.5955,120.0,0
2018-10-25,14,23.6667,1.09,5.33333,80,29.68,15.41,-9.94968,52.0209,159.508,0
2018-10-25,15,26.0,1.09,6.5,74,23.33,23.17,0.0,56.0,154.286,0
2018-10-25,16,27.3333,1.09,7.5,75,16.1,14.16,0.0,57.0,149.1,0
2018-10-25,17,28.0,1.09,8.33333,80,17.45,23.65,20.5062,55.7925,146.897,0
2018-10-25,18,28.0,1.09,9.0,78,22.59,43.93,40.3053,52.6612,151.945,0
2018-10-25,19,27.1667,0.48,9.33333,78,37.06,29.13,38.1839,49.8895,164.914,0
2018-10-25,20,26.1667,0.96,9.33333,77,30.1,20.13,54.4475,71.1388,124.586,0
2018-10-25,21,25.0,0.96,9.0,77,22.14,17.61,50.2048,65.5955,144.692,0
2018-10-25,22,23.6667,0.96,8.66667,77,23.62,21.78,47.3764,61.9,151.93,0
2018-10-25,23,22.5,0.96,8.5,74,17.68,13.08,45.9622,60.0522,158.564,0
