data,timeofday,windspeed6,opady6,temp6,rhumid,index_avg,prev_index_avg,wind_dir_ns,wind_dir_ew,dispel50,is_weekend
2017-11-01,1,9.83333,0.0,3.83333,86,33.42,16.96,-5.82352,54.1074,313.65,1
2017-11-01,3,9.83333,0.0,4.33333,81,24.02,19.26,-18.7513,55.2701,312.12,1
2017-11-01,4,9.66667,0.0,4.5,81,12.295,8.495,-22.5781,54.5089,312.12,1
2017-11-01,5,9.5,0.0,4.66667,81,21.675,10.39,-22.1954,53.585,324.48,1
2017-11-01,6,9.33333,0.48,4.66667,81,21.765,9.315,-21.8128,52.6612,337.08,1
2017-11-01,7,9.16667,0.48,4.66667,85,21.655,6.105,-24.3499,49.7864,349.92,1
2017-11-01,8,9.33333,1.04,4.5,82,26.57,33.61,-26.8871,46.9115,352.8,1
2017-11-01,9,9.16667,1.04,4.5,81,22.395,38.84,-30.5141,45.6677,349.92,1
2017-11-01,10,9.83333,1.04,4.66667,73,32.995,34.52,-33.0513,42.7929,352.8,1
2017-11-01,11,10.5,1.7,5.0,71,36.21,27.615,-38.7996,43.6704,300.0,1
2017-11-01,12,10.8333,1.22,5.5,73,31.25,12.025,-38.1839,38.1839,300.667,1
2017-11-01,13,11.1667,1.22,6.16667,73,24.735,13.425,-39.5982,39.5982,285.12,1
2017-11-01,14,11.0,0.66,6.66667,75,42.455,20.82,-40.3053,40.3053,263.467,1
2017-11-01,15,11.1667,1.29,7.0,77,31.115,16.765,-40.3053,40.3053,299.815,1
2017-11-01,16,11.3333,1.92,7.16667,82,29.8483,17.82,-38.1839,38.1839,332.215,1
2017-11-01,17,11.3333,1.26,7.0,83,24.225,22.24,-38.891,38.891,305.455,1
2017-11-01,18,11.5,1.26,6.83333,85,40.97,25.485,-40.3053,40.3053,282.764,1
2017-11-01,19,11.6667,1.69,6.5,91,30.855,36.725,-41.0124,41.0124,251.6,1
2017-11-01,21,12.3333,1.06,6.5,93,37.24,33.69,-43.8408,43.8408,258.514,1
2017-11-01,22,12.0,0.86,6.5,93,31.46,33.42,-42.4266,42.4266,269.077,1
2017-11-02,1,11.3333,0.43,7.0,96,31.46,33.42,-40.3053,40.3053,282.764,0
2017-11-02,3,11.1667,0.43,7.33333,93,27.43,24.02,-39.5982,39.5982,302.4,0
2017-11-02,4,10.8333,0.28,7.33333,93,29.59,12.295,-41.2755,35.3223,305.455,0
2017-11-02,5,10.6667,0.28,7.33333,93,24.26,21.675,-42.7361,31.3709,317.127,0
2017-11-02,6,10.8333,0.56,7.33333,93,21.375,21.765,-44.1967,27.4195,329.018,0
2017-11-02,7,11.1667,1.83,7.33333,93,28.835,21.655,-47.5051,24.2334,317.127,0
2017-11-02,8,11.3333,3.1,7.16667,93,20.395,26.57,-51.7373,21.4301,294.0,0
2017-11-02,9,11.8333,3.1,7.16667,93,24.8,22.395,-52.6612,21.8128,273.48,0
2017-11-02,10,13.3333,2.82,7.5,86,18.25,32.995,-47.1179,19.5167,286.7,0
2017-11-02,11,14.8333,2.82,8.0,86,17.225,36.21,-53.585,22.1954,223.385,0
2017-11-02,12,16.0,3.76,8.5,87,16.895,31.25,-48.0418,19.8994,212.571,0
2017-11-02,13,17.0,3.15,9.0,88,31.655,24.735,-52.6612,21.8128,195.789,0
2017-11-02,14,17.5,1.88,9.5,88,24.115,42.455,-52.6612,21.8128,195.789,0
2017-11-02,15,17.5,1.88,9.83333,87,23.955,31.115,-48.9656,20.282,225.095,0
2017-11-02,16,16.3333,1.88,9.83333,87,40.6017,29.8483,-61.9,25.6396,193.768,0
2017-11-02,17,14.6667,2.54,9.66667,86,48.255,24.225,-55.4328,22.9608,245.937,0
2017-11-02,18,13.0,1.32,9.5,86,54.8,40.97,-61.7968,29.3248,240.0,0
2017-11-02,19,11.0,0.66,9.33333,84,46.975,30.855,-50.6071,28.4179,295.68,0
2017-11-02,21,9.16667,1.58,8.66667,83,38.98,37.24,-39.4276,38.1448,342.514,0
2017-11-02,22,9.16667,1.58,8.5,84,28.915,31.46,-29.9374,41.1022,381.9,0
2017-11-03,1,11.1667,1.5,7.66667,84,28.915,31.46,-3.44412,53.3149,300.667,0
2017-11-03,3,11.6667,0.58,7.33333,84,34.52,27.43,16.9706,58.1731,260.0,0
2017-11-03,4,11.3333,0.58,7.16667,84,32.875,29.59,24.0417,55.4119,280.8,0
2017-11-03,5,11.0,1.16,7.0,85,32.625,24.26,31.1128,52.6507,302.4,0
2017-11-03,6,11.0,1.16,6.83333,84,31.16,21.375,31.1128,50.6507,332.215,0
2017-11-03,7,10.8333,1.49,6.83333,83,29.285,28.835,21.9204,50.6403,329.018,0
2017-11-03,8,11.0,1.49,6.83333,82,25.615,20.395,14.1422,52.4776,309.12,0
2017-11-03,9,11.1667,1.49,6.83333,78,12.34,24.8,7.0711,55.2388,285.12,0
2017-11-03,10,11.5,1.49,7.0,81,11.9467,18.25,7.77821,56.1627,273.48,0
2017-11-03,11,11.6667,0.91,7.16667,79,25.935,17.225,16.2635,57.2492,270.3,0
2017-11-03,12,11.1667,0.91,7.66667,77,17.215,16.895,24.0417,55.4119,280.8,0
2017-11-03,13,11.0,0.0,8.0,76,10.89,31.655,30.4057,51.7268,313.5,0
2017-11-03,15,10.5,0.0,8.66667,76,22.855,23.955,37.4768,48.9656,336.3,0
2017-11-03,16,9.83333,0.0,8.66667,81,18.116,40.6017,36.0626,47.1179,353.455,0
2017-11-03,17,8.83333,0.0,8.66667,81,18.105,48.255,41.7195,54.5089,323.345,0
2017-11-03,18,8.16667,0.0,8.33333,84,43.065,54.8,37.4768,48.9656,380.8,0
2017-11-03,19,7.33333,0.0,8.0,87,30.93,46.975,41.0124,53.585,374.0,0
2017-11-03,21,6.16667,0.0,7.16667,84,52.925,38.98,34.6484,57.2701,420.0,0
2017-11-03,22,6.0,0.0,6.83333,84,55.77,28.915,24.1914,53.5746,464.28,0
2017-11-04,1,6.5,0.0,5.66667,90,55.77,28.915,-5.61037,46.9682,497.25,1
2017-11-04,3,6.66667,0.0,4.66667,87,59.375,34.52,-5.33835,30.3384,496.8,1
2017-11-04,4,6.83333,0.0,4.16667,86,58.53,32.875,-11.8055,21.6596,477.0,1
2017-11-04,5,7.33333,0.0,3.83333,86,72.455,32.625,-19.1965,12.5981,454.629,1
2017-11-04,6,7.33333,0.0,3.33333,85,70.145,31.16,-24.8327,2.68687,420.0,1
2017-11-04,7,7.83333,0.0,2.83333,83,66.165,29.285,-20.59,-11.4553,460.8,1
2017-11-04,8,8.16667,0.0,2.66667,86,66.72,25.615,-20.4869,-20.4981,413.4,1
2017-11-04,9,8.83333,0.0,3.0,82,64.205,12.34,-32.8509,-26.8621,375.943,1
2017-11-04,10,9.33333,0.0,3.83333,79,61.635,11.9467,-41.1619,-31.9615,371.25,1
2017-11-04,11,10.3333,0.0,4.83333,73,48.72,25.935,-43.9336,-33.1096,339.2,1
2017-11-04,12,12.1667,0.0,6.33333,67,38.79,17.215,-44.5271,-30.4559,288.0,1
2017-11-04,13,13.8333,0.0,8.0,66,21.545,10.89,-48.4289,-24.6161,238.255,1
2017-11-04,15,16.1667,0.0,10.5,67,19.115,22.855,-16.1836,-14.1592,205.8,1
2017-11-04,16,17.0,0.0,10.8333,72,19.88,18.116,16.4463,-7.27092,225.095,1
2017-11-04,17,17.0,0.0,10.8333,74,21.575,18.105,32.4463,-7.27092,180.0,1
2017-11-04,18,16.6667,0.0,10.3333,75,27.395,43.065,65.0,0.0,201.4,1
2017-11-04,19,16.0,0.0,9.66667,74,32.69,30.93,63.0,0.0,202.725,1
2017-11-04,21,15.8333,0.0,8.33333,73,35.095,52.925,62.0,0.0,203.52,1
2017-11-04,22,16.0,0.0,7.83333,72,30.29,55.77,64.0,0.0,195.0,1
2017-11-05,1,15.5,0.0,6.83333,70,30.29,55.77,62.0,0.0,217.412,1
2017-11-05,3,14.5,0.0,6.33333,68,26.245,59.375,57.0,0.0,245.92,1
2017-11-05,4,14.1667,0.0,6.16667,68,21.17,58.53,55.0,0.0,251.631,1
2017-11-05,5,13.6667,0.0,6.0,67,31.225,72.455,57.0,0.0,245.92,1
2017-11-05,6,13.5,0.0,5.83333,67,25.565,70.145,54.0,0.0,267.429,1
2017-11-05,7,12.8333,0.0,5.66667,66,31.725,66.165,52.0,0.0,281.538,1
2017-11-05,8,12.3333,0.0,5.66667,68,27.115,66.72,63.0,0.0,240.0,1
2017-11-05,9,12.5,0.0,6.0,66,44.735,64.205,61.0,0.0,276.48,1
2017-11-05,10,12.8333,0.0,6.66667,71,42.465,61.635,60.0,0.0,260.0,1
2017-11-05,11,13.6667,0.0,7.66667,64,37.135,48.72,53.0,0.0,259.418,1
2017-11-05,12,14.3333,0.0,9.0,59,36.235,38.79,59.0,0.0,198.545,1
2017-11-05,13,15.1667,0.0,10.5,57,26.51,21.545,64.0,0.0,180.0,1
2017-11-05,14,16.0,0.0,11.6667,57,18.355,20.595,66.0,0.0,187.2,1
2017-11-05,15,16.5,0.0,12.3333,60,19.415,19.115,65.0,0.0,194.541,1
2017-11-05,16,16.1667,0.0,12.5,66,27.1133,19.88,65.0,0.0,187.425,1
2017-11-05,17,15.1667,0.0,12.3333,70,27.435,21.575,64.0,0.0,195.0,1
2017-11-05,18,14.0,0.0,11.6667,76,35.995,27.395,59.0,0.0,235.125,1
2017-11-05,19,12.6667,0.0,10.8333,77,32.9,32.69,52.0,0.0,302.824,1
2017-11-05,21,10.1667,0.0,9.33333,77,43.175,35.095,52.0,0.0,367.92,1
2017-11-05,22,9.16667,0.0,8.83333,79,42.165,30.29,43.6851,-3.44412,341.28,1
2017-11-06,1,8.83333,0.0,7.5,82,42.165,30.29,20.294,-6.50556,371.25,0
2017-11-06,3,8.33333,0.0,7.16667,85,32.875,26.245,4.903,-9.567,380.8,0
2017-11-06,4,8.0,0.0,7.0,85,42.275,21.17,10.903,-9.567,360.0,0
2017-11-06,5,7.5,0.0,7.0,87,43.125,31.225,26.2179,-6.12288,388.267,0
2017-11-06,6,7.66667,0.0,6.83333,92,43.065,25.565,24.2179,-6.12288,429.0,0
2017-11-06,7,7.16667,0.0,6.66667,92,48.38,31.725,23.2179,-6.12288,421.2,0
2017-11-06,8,6.83333,0.0,6.66667,91,50.195,27.115,35.609,-3.06144,470.25,0
2017-11-06,9,6.83333,0.0,6.83333,85,50.725,44.735,42.609,-3.06144,420.0,0
2017-11-06,10,6.83333,0.0,7.16667,75,51.3767,42.465,56.0,0.0,466.4,0
2017-11-06,11,6.66667,0.0,7.5,72,29.605,37.135,44.3212,6.46716,457.6,0
2017-11-06,12,6.5,0.0,8.16667,70,12.23,36.235,38.3212,12.4672,472.457,0
2017-11-06,13,7.16667,0.0,8.83333,69,15.62,26.51,36.9781,19.8582,454.629,0
2017-11-06,14,7.33333,0.0,9.5,69,19.6,18.355,36.3421,28.1731,450.667,0
2017-11-06,15,8.0,0.0,9.83333,73,26.825,19.415,27.999,35.5642,460.8,0
2017-11-06,16,8.33333,0.0,10.0,78,24.824,27.1133,28.0701,42.6353,395.2,0
2017-11-06,17,8.83333,0.0,10.1667,81,23.71,27.435,28.4341,48.9992,360.0,0
2017-11-06,18,8.66667,0.0,10.0,81,21.565,35.995,37.4768,42.8961,371.25,0
2017-11-06,19,8.33333,0.0,9.83333,80,39.925,32.9,36.7697,40.4548,395.2,0
2017-11-06,21,7.16667,0.0,9.0,82,45.875,43.175,42.4162,37.1147,390.0,0
2017-11-06,22,6.66667,0.0,8.5,81,42.015,42.165,41.3787,31.6371,458.28,0
2017-11-07,1,6.16667,0.0,7.16667,82,42.015,42.165,45.4973,25.4729,515.2,0
2017-11-07,3,6.33333,0.0,6.66667,79,31.185,32.875,52.1333,19.1089,480.0,0
2017-11-07,4,6.5,0.0,6.5,78,35.83,42.275,53.1836,14.1592,498.343,0
2017-11-07,5,6.5,0.0,6.33333,79,29.02,43.125,53.7164,11.4804,480.0,0
2017-11-07,6,6.5,0.0,6.16667,81,25.87,43.065,49.097,4.97484,517.0,0
2017-11-07,7,6.33333,0.0,6.0,83,23.08,48.38,50.0209,0.0,496.8,0
2017-11-07,8,6.5,0.0,5.83333,83,30.65,50.195,46.7737,-7.83936,509.143,0
2017-11-07,9,6.83333,0.0,6.0,78,28.26,50.725,45.2563,-15.4679,509.143,0
2017-11-07,10,7.16667,0.0,6.33333,79,42.53,51.3767,43.9132,-21.1248,477.0,0
2017-11-07,11,7.66667,0.0,6.83333,74,54.445,29.605,41.3573,-29.4397,420.0,0
2017-11-07,12,8.66667,0.0,7.5,72,45.655,12.23,31.8014,-37.7546,432.0,0
2017-11-07,13,9.83333,0.0,8.33333,70,55.595,15.62,28.9834,-41.9722,367.2,0
2017-11-07,14,10.8333,0.0,9.0,71,51.3,19.6,30.93,-40.6716,319.2,0
2017-11-07,15,11.6667,0.0,9.33333,73,56.365,26.825,30.2479,-47.0251,263.467,0
2017-11-07,16,12.1667,0.0,9.5,75,62.7367,24.824,28.3345,-42.4057,281.538,0
2017-11-07,17,12.8333,0.0,9.33333,74,57.915,23.71,23.7343,-44.2999,291.877,0
2017-11-07,18,12.5,0.0,8.66667,78,53.745,21.565,19.5167,-47.1179,291.877,0
2017-11-07,19,12.3333,0.0,7.83333,78,58.06,39.925,23.7262,-57.2806,249.508,0
2017-11-07,21,11.6667,0.0,6.16667,81,63.15,45.875,22.5781,-54.5089,270.3,0
2017-11-07,22,11.5,0.0,5.33333,85,59.225,42.015,17.986,-54.4224,289.385,0
2017-11-08,1,10.3333,0.0,3.66667,86,61.28,42.015,0.76536,-51.4776,329.018,0
2017-11-08,3,9.16667,0.0,2.66667,84,51.5,31.185,-3.44412,-58.3149,323.345,0
2017-11-08,4,8.5,0.0,2.16667,83,62.395,35.83,-3.44412,-54.3149,372.655,0
2017-11-08,5,8.33333,0.0,1.83333,82,53.205,29.02,-3.44412,-50.3149,409.867,0
2017-11-08,6,8.0,0.0,1.5,87,63.98,25.87,-3.44412,-58.3149,360.0,0
2017-11-08,7,8.0,0.0,1.33333,90,54.395,23.08,0.0,-59.0,385.745,0
2017-11-08,8,8.0,0.0,1.66667,80,64.41,30.65,0.0,-57.0,388.267,0
2017-11-08,9,8.16667,0.0,2.16667,82,51.81,28.26,0.0,-56.0,390.0,0
2017-11-08,10,8.33333,0.0,2.83333,89,47.93,42.53,0.0,-56.0,375.943,0
2017-11-08,11,8.33333,0.0,3.66667,83,51.425,54.445,-3.06144,-56.391,360.0,0
2017-11-08,12,8.33333,0.0,4.66667,77,54.3,45.655,-3.06144,-57.391,360.0,0
2017-11-08,13,8.5,0.0,5.66667,75,47.455,55.595,-3.06144,-58.391,360.0,0
2017-11-08,14,8.66667,0.0,6.33333,76,52.875,51.3,-3.06144,-50.391,401.85,0
2017-11-08,15,8.66667,0.0,7.0,77,61.435,56.365,-3.06144,-51.391,386.4,0
2017-11-08,16,8.33333,0.0,7.16667,60,60.2233,62.7367,-3.06144,-51.391,386.4,0
2017-11-08,17,8.0,0.0,7.16667,66,53.195,57.915,-3.06144,-57.391,360.0,0
2017-11-08,18,7.66667,0.0,6.83333,75,61.865,53.745,0.0,-56.0,390.0,0
2017-11-08,19,7.5,0.0,6.16667,83,60.7,58.06,0.0,-55.0,417.6,0
2017-11-08,21,7.0,0.0,4.83333,88,67.185,63.15,3.06144,-52.391,448.0,0
2017-11-08,22,7.0,0.0,4.5,88,69.84,59.225,3.06144,-58.391,420.0,0
2017-11-09,1,6.0,0.0,3.5,92,69.84,61.28,1.14804,-52.0104,477.0,0
2017-11-09,3,5.33333,0.0,3.33333,90,69.35,51.5,-2.67876,-55.2492,480.0,0
2017-11-09,4,5.33333,0.0,3.16667,90,68.76,62.395,-2.67876,-53.2492,547.2,0
2017-11-09,5,5.33333,0.0,3.5,90,72.32,53.205,-2.67876,-50.2492,588.0,0
2017-11-09,6,5.5,0.0,3.5,92,69.71,63.98,-2.67876,-56.2492,540.0,0
2017-11-09,7,5.66667,0.0,3.33333,92,66.715,54.395,-8.03628,-54.4015,540.0,0
2017-11-09,8,5.66667,0.0,3.33333,92,64.385,64.41,-13.5796,-50.6976,540.0,0
2017-11-09,9,5.83333,0.0,3.66667,87,66.47,51.81,-17.1151,-48.2331,561.0,0
2017-11-09,10,6.0,0.0,4.0,80,85.58,47.93,-21.3578,-46.4758,540.0,0
2017-11-09,11,6.0,0.0,4.33333,75,86.06,51.425,-10.531,-37.237,546.96,0
2017-11-09,12,6.0,0.0,5.16667,72,85.16,54.3,-14.1608,-34.9137,524.16,0
2017-11-09,13,6.0,0.0,6.0,71,79.26,47.455,-19.7041,-32.2097,520.0,0
2017-11-09,14,6.5,0.0,6.83333,73,77.55,52.875,-25.2474,-28.5058,520.0,0
2017-11-09,15,6.66667,0.0,7.33333,76,77.915,61.435,-17.2474,-22.5058,480.0,0
2017-11-09,16,6.5,0.0,7.66667,80,68.715,60.2233,-2.40805,-14.6664,505.44,0
2017-11-09,17,6.66667,0.0,7.83333,85,56.71,53.195,-4.41578,-8.83482,496.8,0
2017-11-09,18,7.0,0.0,7.5,87,71.175,61.865,-6.64028,-1.9134,490.629,0
2017-11-09,19,7.33333,0.0,7.16667,86,76.475,60.7,-19.2972,3.74348,457.6,0
2017-11-09,22,7.66667,0.0,6.16667,86,67.38,69.84,-26.9308,26.8953,460.8,0
2017-11-10,1,7.33333,0.0,5.83333,84,67.38,69.84,-37.4768,37.4768,437.25,0
2017-11-10,3,7.33333,0.0,5.5,89,64.845,69.35,-36.0626,36.0626,460.8,0
2017-11-10,4,7.5,0.0,5.33333,88,56.15,68.76,-38.5039,34.1743,453.6,0
2017-11-10,5,7.66667,0.0,5.16667,89,54.855,72.32,-41.1619,31.9615,437.25,0
2017-11-10,6,7.83333,0.0,5.0,89,48.46,69.71,-42.8961,29.3661,425.829,0
2017-11-10,7,8.0,0.0,5.0,91,43.945,66.715,-45.3373,27.4777,408.857,0
2017-11-10,8,8.33333,0.0,5.16667,90,42.875,64.385,-47.7786,25.5894,392.229,0
2017-11-10,9,8.83333,0.0,5.5,85,36.57,66.47,-51.1438,24.0838,360.0,0
2017-11-10,10,9.5,0.48,5.83333,81,51.11,85.58,-48.9656,20.282,380.8,0
2017-11-10,11,10.6667,0.48,6.33333,75,47.49,86.06,-49.8431,26.0303,313.65,0
2017-11-10,12,11.6667,0.48,7.0,70,43.225,85.16,-48.9193,25.6477,265.2,0
2017-11-10,13,12.8333,0.48,7.66667,66,28.445,79.26,-46.1476,24.4996,259.418,0
2017-11-10,14,13.6667,0.48,8.16667,65,33.065,77.55,-49.8431,26.0303,232.615,0
2017-11-10,15,14.1667,0.48,8.33333,67,24.54,77.915,-53.585,22.1954,237.12,0
2017-11-10,16,14.3333,0.0,8.33333,73,26.076,68.715,-52.6612,21.8128,239.4,0
2017-11-10,17,14.3333,0.74,8.33333,77,26.165,56.71,-52.6612,21.8128,245.92,0
2017-11-10,18,14.6667,0.74,8.0,77,32.73,71.175,-52.6612,21.8128,239.4,0
2017-11-10,19,15.0,0.74,7.66667,76,31.84,76.475,-54.5089,22.5781,221.571,0
2017-11-10,22,17.1667,1.6,6.83333,82,15.415,67.38,-48.0418,19.8994,224.824,0
2017-11-11,1,18.8333,2.48,6.16667,84,15.415,67.38,-53.585,22.1954,193.44,1
2017-11-11,3,18.5,1.62,6.0,86,6.74,64.845,-47.3451,26.2383,210.189,1
2017-11-11,4,17.8333,1.62,6.0,86,8.175,56.15,-41.8122,30.9882,229.14,1
2017-11-11,5,16.8333,0.76,5.83333,89,8.925,54.855,-53.126,42.302,186.66,1
2017-11-11,6,16.0,0.76,5.5,83,11.02,48.46,-39.6232,46.6588,210.6,1
2017-11-11,7,14.8333,0.56,5.0,87,8.575,43.945,-28.3095,49.3451,233.365,1
2017-11-11,8,14.1667,0.56,4.66667,83,17.7667,42.875,-16.2886,50.3242,261.0,1
2017-11-11,9,14.1667,0.56,4.5,73,12.195,36.57,-9.567,50.097,281.538,1
2017-11-11,10,14.6667,1.04,4.33333,66,12.56,51.11,-11.0977,53.7925,248.571,1
2017-11-11,11,16.1667,1.04,4.5,60,11.61,47.49,-11.0977,58.7925,196.8,1
2017-11-11,12,17.6667,1.52,4.83333,56,12.505,43.225,-14.9245,55.0313,179.082,1
2017-11-11,13,19.0,0.96,5.5,57,12.73,28.445,-17.2206,60.5746,149.368,1
2017-11-11,14,20.0,0.96,5.83333,60,14.845,33.065,-25.2569,60.9761,152.727,1
2017-11-11,15,20.1667,0.96,6.0,68,16.885,24.54,-23.7262,57.2806,181.409,1
2017-11-11,16,19.6667,0.48,6.0,72,21.885,26.076,-21.8128,52.6612,204.8,1
2017-11-11,17,18.3333,1.27,5.83333,74,22.945,26.165,-19.8994,48.0418,228.8,1
2017-11-11,18,17.0,0.79,5.5,76,19.135,32.73,-25.2569,60.9761,194.133,1
2017-11-11,19,15.6667,0.79,5.0,75,24.895,31.84,-28.9753,54.9529,216.333,1
2017-11-11,22,14.1667,2.67,4.16667,71,20.265,15.415,-44.7438,30.1314,264.0,1
2017-11-12,1,12.6667,1.88,4.0,86,20.265,15.415,-50.8134,21.0474,264.0,1
2017-11-12,3,11.5,0.79,4.0,89,8.065,6.74,-51.6341,25.1153,313.2,1
2017-11-12,4,10.6667,0.79,3.83333,88,9.02,8.175,-44.6302,26.7706,343.385,1
2017-11-12,5,10.3333,0.79,3.66667,88,18.62,8.925,-40.398,29.574,353.455,1
2017-11-12,6,9.83333,0.79,3.33333,92,9.145,11.02,-34.4448,35.5272,340.267,1
2017-11-12,7,9.66667,0.79,3.0,93,8.645,8.575,-34.4448,43.5272,300.0,1
2017-11-12,8,9.5,0.0,2.83333,93,8.94,17.7667,-20.473,47.4741,312.8,1
2017-11-12,9,9.0,0.0,2.83333,87,19.63,12.195,-8.45214,48.5012,347.564,1
2017-11-12,10,9.0,0.0,3.16667,81,19.195,12.56,-0.67393,48.723,385.527,1
2017-11-12,11,8.83333,0.0,3.5,71,12.905,11.61,7.10428,51.9448,385.527,1
2017-11-12,12,9.16667,0.0,4.16667,62,11.84,12.505,7.48696,51.0209,371.25,1
2017-11-12,13,9.66667,0.0,4.83333,58,21.07,12.73,0.41586,50.092,341.85,1
2017-11-12,14,9.83333,0.0,5.33333,60,11.905,14.845,-13.0192,50.4791,300.0,1
2017-11-12,15,10.1667,0.0,5.5,67,9.285,16.885,-25.0401,41.4521,353.455,1
2017-11-12,16,9.83333,0.0,5.5,63,16.788,21.885,-34.2789,45.2789,300.0,1
2017-11-12,17,9.83333,0.0,5.5,66,20.54,22.945,-42.5938,37.723,312.12,1
2017-11-12,18,9.66667,0.74,5.33333,65,30.945,19.135,-28.767,28.4842,312.12,1
2017-11-12,19,9.16667,0.74,5.16667,66,35.25,24.895,-30.0108,17.969,335.345,1
2017-11-12,22,9.83333,3.15,4.83333,83,36.04,20.265,-19.9403,-24.1345,339.2,1
2017-11-13,1,10.1667,5.66,4.83333,84,36.04,20.265,-23.7925,-45.4405,326.8,0
2017-11-13,3,9.5,5.66,4.66667,94,33.375,8.065,-20.3484,-54.1256,311.564,0
2017-11-13,4,8.83333,4.09,4.5,96,44.69,9.02,-13.0775,-51.354,357.5,0
2017-11-13,5,8.33333,1.68,4.33333,94,40.11,18.62,1.06472,-48.5255,389.88,0
2017-11-13,6,8.33333,1.68,4.16667,94,22.84,9.145,6.01449,-53.4753,360.0,0
2017-11-13,7,9.16667,0.84,3.83333,94,20.815,8.645,19.8413,-44.2365,360.0,0
2017-11-13,8,10.5,0.84,3.66667,92,22.0,8.94,36.6024,-20.6402,341.85,0
2017-11-13,9,11.6667,1.35,3.5,87,29.91,19.63,44.8547,6.06463,278.25,0
2017-11-13,10,13.1667,1.35,3.33333,83,33.245,19.195,44.8547,27.2779,231.0,0
2017-11-13,11,15.0,1.35,3.16667,76,40.35,12.905,50.5607,33.7835,196.114,0
2017-11-13,12,16.0,1.35,3.16667,70,37.6,11.84,50.3543,41.1539,180.0,0
2017-11-13,13,16.0,1.35,3.5,65,27.825,21.07,39.7477,30.5473,232.941,0
2017-11-13,14,15.3333,1.35,3.66667,67,31.2,11.905,49.6472,40.4468,194.541,0
2017-11-13,15,14.5,0.84,3.83333,70,28.465,9.285,42.4266,42.4266,239.733,0
2017-11-13,16,13.1667,0.0,4.0,79,16.4483,16.788,36.7697,36.7697,297.6,0
2017-11-13,17,11.8333,0.0,4.0,82,22.675,20.54,43.1337,43.1337,284.625,0
2017-11-13,18,10.8333,0.0,3.83333,82,22.285,30.945,38.891,38.891,328.714,0
2017-11-13,19,10.0,0.0,3.5,83,21.2,35.25,36.0626,36.0626,359.9,0
2017-11-13,22,9.5,0.0,3.0,87,22.02,36.04,39.5982,43.5,339.2,0
2017-11-14,1,9.5,0.0,3.0,89,22.02,36.04,39.5982,49.7864,339.2,0
2017-11-14,3,9.66667,0.0,2.66667,81,18.89,33.375,40.3053,52.6612,325.867,0
2017-11-14,4,9.5,0.0,2.5,81,26.03,44.69,41.0124,53.585,324.48,0
2017-11-14,5,9.5,0.0,2.33333,77,22.315,40.11,40.3053,52.6612,337.08,0
2017-11-14,6,9.33333,0.0,2.0,80,24.57,22.84,40.3053,52.6612,325.867,0
2017-11-14,7,9.0,0.0,1.83333,80,12.97,20.815,39.5982,51.7373,349.92,0
2017-11-14,8,9.0,0.0,1.83333,76,14.39,22.0,38.1839,48.1554,366.667,0
2017-11-14,9,9.0,0.0,1.83333,69,14.585,29.91,38.1839,46.2044,376.32,0
2017-11-14,10,9.33333,0.0,2.0,64,26.975,33.245,38.1839,44.0367,366.667,0
2017-11-14,11,9.5,0.0,2.16667,60,23.155,40.35,39.5982,43.5,349.92,0
2017-11-14,12,9.83333,0.0,2.66667,58,49.695,37.6,40.3053,44.4239,313.65,0
2017-11-14,13,10.1667,0.0,3.0,64,41.9567,27.825,36.0626,40.6148,340.267,0
2017-11-14,14,9.83333,0.0,3.33333,63,6.66,31.2,36.7697,43.4896,334.08,0
2017-11-14,15,9.16667,0.0,3.5,62,19.0767,28.465,41.7195,49.9567,312.12,0
2017-11-14,16,8.33333,0.0,3.5,68,16.195,16.4483,38.891,48.4289,372.655,0
2017-11-14,17,7.66667,0.0,3.33333,72,33.79,22.675,43.1337,53.9722,360.0,0
2017-11-14,18,7.33333,0.0,2.83333,75,53.885,22.285,35.3555,53.194,412.364,0
2017-11-14,19,7.0,0.0,2.33333,75,47.39,21.2,27.5773,51.0313,443.52,0
2017-11-14,22,6.66667,0.0,0.5,77,91.525,22.02,1.51159,46.1008,490.629,0
2017-11-15,1,6.5,0.0,-0.833333,76,91.525,22.02,-4.39066,31.2259,454.629,0
2017-11-15,3,7.0,0.0,-1.16667,85,88.59,18.89,-17.325,21.5834,486.0,0
2017-11-15,4,7.16667,0.0,-1.33333,86,89.555,26.03,-7.26354,14.1923,477.0,0
2017-11-15,5,7.33333,0.0,-1.16667,84,86.35,22.315,-9.48804,12.6284,440.64,0
2017-11-15,6,7.33333,0.0,-1.16667,84,62.77,24.57,-2.86864,10.715,460.8,0
2017-11-15,7,7.16667,0.0,-1.0,84,66.07,12.97,-3.79252,11.0977,453.6,0
2017-11-15,8,7.0,0.0,-0.833333,83,59.25,14.39,-9.3358,13.3938,420.0,0
2017-11-15,9,6.83333,0.0,-0.5,81,67.86,14.585,-11.3358,13.3938,437.143,0
2017-11-15,10,6.83333,0.0,0.333333,79,65.14,26.975,1.13136,10.715,454.629,0
2017-11-15,11,6.66667,0.0,1.16667,75,72.982,23.155,1.13136,10.715,454.629,0
2017-11-15,12,6.5,0.0,2.16667,72,73.85,49.695,-12.3358,13.3938,454.629,0
2017-11-15,13,6.66667,0.0,3.16667,73,64.845,41.9567,-12.3358,13.3938,469.05,0
2017-11-15,14,6.5,0.0,4.16667,77,67.41,6.66,-26.803,16.0726,486.0,0
2017-11-15,15,6.33333,0.0,5.0,82,67.415,19.0767,-24.0313,14.9245,517.0,0
2017-11-15,16,5.83333,0.0,5.33333,86,62.44,16.195,-28.6507,16.8379,480.0,0
2017-11-15,17,5.5,0.0,5.33333,91,63.085,33.79,-26.803,16.0726,520.0,0
2017-11-15,18,5.33333,0.0,5.0,93,61.005,53.885,-37.4224,17.986,540.6,0
2017-11-15,22,5.5,0.0,2.16667,91,96.215,91.525,-7.48804,12.6284,559.543,0
2017-11-16,1,5.33333,0.0,1.16667,91,96.215,91.525,6.82688,1.53072,586.56,0
2017-11-16,3,5.16667,0.0,1.0,97,106.02,88.59,15.5224,0.0,563.04,0
2017-11-16,4,5.0,0.0,1.0,96,109.935,89.555,15.5224,-3.8268,582.4,0
2017-11-16,5,5.0,0.0,1.0,93,105.69,86.35,5.82688,-5.35752,626.4,0
2017-11-16,6,5.0,0.0,0.833333,99,102.155,62.77,-4.79252,-7.27092,649.0,0
2017-11-16,7,5.33333,0.0,0.833333,98,98.72,66.07,-15.0352,-11.5136,635.04,0
2017-11-16,8,5.5,0.0,0.833333,97,97.91,59.25,-24.9849,-16.4634,586.56,0
2017-11-16,9,5.66667,0.0,1.0,88,104.437,67.86,-25.9088,-16.846,563.04,0
2017-11-16,10,6.16667,0.0,1.5,86,107.773,65.14,-26.8327,-17.2287,561.0,0
2017-11-16,11,6.16667,0.0,2.16667,79,112.882,72.982,-42.7825,-22.1785,570.24,0
2017-11-16,12,6.16667,0.0,3.16667,74,95.645,73.85,-41.6986,-27.6274,570.24,0
2017-11-16,13,6.0,0.0,4.16667,74,95.1067,64.845,-39.3753,-31.2573,530.4,0
2017-11-16,15,7.0,0.0,5.83333,84,83.015,67.415,-32.4746,-35.2274,528.0,0
2017-11-16,16,7.16667,0.0,6.0,88,65.595,62.44,-34.5959,-37.3487,457.6,0
2017-11-16,17,7.5,0.0,5.83333,96,64.73,63.085,-32.1141,-42.4437,420.0,0
2017-11-16,18,7.5,0.0,5.16667,99,66.3833,61.005,-31.5206,-45.0974,420.0,0
2017-11-16,22,6.33333,0.51,1.83333,97,98.08,96.215,-31.8701,-45.9413,436.05,0
2017-11-17,1,6.66667,0.51,1.33333,89,98.08,96.215,-24.1169,-45.2237,509.143,0
2017-11-17,3,6.66667,0.0,1.66667,78,96.67,106.02,-19.8994,-48.0418,496.8,0
2017-11-17,4,6.5,0.25,2.16667,79,94.725,109.935,-21.8459,-46.7411,496.8,0
2017-11-17,5,6.16667,0.25,2.5,80,86.53,105.69,-25.0931,-43.4939,496.8,0
2017-11-17,6,6.16667,0.5,2.66667,83,65.625,102.155,-27.4165,-39.8641,528.0,0
2017-11-17,7,6.16667,0.5,2.66667,84,53.215,98.72,-31.2049,-30.7181,528.0,0
2017-11-17,8,6.33333,0.5,2.66667,84,41.03,97.91,-33.4759,-19.3012,528.0,0
2017-11-17,9,6.66667,0.5,2.66667,82,52.495,104.437,-37.2643,-10.1553,528.0,0
2017-11-17,11,7.33333,0.48,3.0,75,45.635,112.882,-39.6805,11.9166,477.0,0
2017-11-17,12,7.66667,0.23,3.33333,71,44.78,95.645,-41.0947,21.8161,438.6,0
2017-11-17,13,8.0,0.23,3.83333,68,40.62,95.1067,-37.296,32.3896,425.829,0
2017-11-17,15,8.16667,0.23,4.66667,73,39.32,83.015,-32.3846,40.467,375.943,0
2017-11-17,16,8.5,0.23,4.66667,83,43.74,65.595,-28.9789,45.1793,374.85,0
2017-11-17,17,8.66667,0.41,4.66667,88,51.445,64.73,-21.5879,44.1179,401.85,0
2017-11-17,18,8.5,0.82,4.5,91,47.3,66.3833,-15.931,47.461,395.2,0
2017-11-17,22,8.83333,0.82,4.0,90,35.175,98.08,18.3849,50.0209,395.2,0
2017-11-18,1,8.83333,0.0,3.66667,95,35.175,98.08,37.4768,43.1129,371.25,1
2017-11-18,3,8.5,0.0,3.0,92,28.73,96.67,36.0626,38.0135,409.867,1
2017-11-18,4,8.0,0.0,2.66667,92,42.845,94.725,36.0626,36.0626,417.72,1
2017-11-18,5,7.66667,0.0,2.16667,92,51.105,86.53,41.0124,41.0124,386.88,1
2017-11-18,6,7.33333,0.0,1.83333,92,39.435,65.625,38.891,38.891,417.6,1
2017-11-18,7,7.0,0.0,1.33333,92,42.995,53.215,36.7697,36.7697,453.6,1
2017-11-18,8,6.83333,0.0,1.16667,86,44.635,41.03,41.0124,42.313,420.0,1
2017-11-18,9,6.33333,0.0,1.16667,77,51.1,52.495,35.3555,42.6561,452.4,1
2017-11-18,11,6.16667,0.0,1.5,66,42.865,45.635,22.0701,44.5166,498.667,1
2017-11-18,12,6.66667,0.0,1.83333,61,39.585,44.78,11.4634,42.3953,528.0,1
2017-11-18,13,7.5,0.0,2.5,59,20.495,40.62,3.06955,45.7604,490.629,1
2017-11-18,14,8.5,0.0,3.0,59,17.3,32.4,-13.9011,44.3462,451.0,1
2017-11-18,15,9.0,0.0,3.33333,63,17.935,39.32,-26.6291,41.2883,385.0,1
2017-11-18,16,9.5,0.0,3.5,72,19.885,43.74,-32.9931,41.6523,345.257,1
2017-11-18,17,9.83333,0.0,3.5,76,32.09,51.445,-33.1427,38.0135,340.267,1
2017-11-18,18,10.1667,0.0,3.5,75,29.41,47.3,-38.7996,43.6704,300.0,1
2017-11-18,22,10.8333,0.48,2.66667,81,27.485,35.175,-38.1839,38.1839,291.6,1
2017-11-19,1,12.8333,1.44,2.16667,76,27.485,35.175,-47.4123,34.9647,260.0,1
2017-11-19,3,13.3333,0.96,2.0,90,13.83,28.73,-32.8492,43.132,225.5,1
2017-11-19,4,13.0,0.96,1.83333,95,27.405,42.845,-26.3548,49.6264,239.4,1
2017-11-19,5,12.3333,1.44,1.66667,83,19.66,51.105,-19.8994,48.0418,302.824,1
2017-11-19,6,11.6667,0.96,1.5,86,21.6,39.435,-22.9608,55.4328,301.765,1
2017-11-19,7,10.5,0.48,1.33333,86,10.05,42.995,-20.282,48.9656,350.314,1
2017-11-19,8,10.1667,0.48,1.33333,83,20.2933,44.635,-27.3531,56.0367,310.371,1
2017-11-19,9,10.3333,0.48,1.33333,79,28.368,51.1,-26.5878,54.189,311.1,1
2017-11-19,10,11.0,0.96,1.66667,68,22.705,57.5,-27.7439,43.9799,305.25,1
2017-11-19,11,12.3333,0.48,2.16667,59,27.28,42.865,-29.6573,48.5993,262.08,1
2017-11-19,12,13.3333,0.96,2.83333,49,26.3,39.585,-30.0732,43.6032,255.2,1
2017-11-19,13,14.3333,1.95,3.66667,48,10.97,20.495,-36.7948,43.8304,223.385,1
2017-11-19,14,14.6667,1.95,4.16667,49,22.345,17.3,-38.9161,45.9517,196.8,1
2017-11-19,15,14.6667,1.95,4.5,55,12.975,17.935,-43.8408,43.8408,210.6,1
2017-11-19,16,14.6667,1.47,4.5,62,19.395,19.885,-37.5019,44.5375,235.125,1
2017-11-19,17,14.5,2.46,4.33333,77,13.925,32.09,-31.163,45.2342,261.0,1
2017-11-19,18,14.6667,1.98,4.0,77,19.33,29.41,-30.4559,44.5271,257.914,1
2017-11-19,22,16.8333,1.85,3.0,77,12.065,27.485,-37.4768,37.4768,221.0,1
2017-11-20,1,16.5,0.86,2.5,81,12.065,27.485,-45.9622,45.9622,201.4,0
2017-11-20,3,16.8333,1.22,2.16667,86,10.86,13.83,-24.7076,43.6496,229.125,0
2017-11-20,4,17.5,0.92,2.0,87,10.735,27.405,-13.3938,51.3358,209.012,0
2017-11-20,5,18.1667,1.35,1.83333,87,12.36,19.66,-6.88824,55.6298,191.133,0
2017-11-20,6,19.1667,1.35,1.66667,84,9.185,21.6,0.0,58.0,188.779,0
2017-11-20,7,19.6667,1.83,1.5,83,8.72,10.05,0.0,61.0,173.46,0
2017-11-20,8,20.0,1.37,1.33333,79,9.16,20.2933,0.0,61.0,168.505,0
2017-11-20,9,20.1667,0.91,1.16667,76,4.425,28.368,0.0,62.0,176.727,0
2017-11-20,10,19.8333,0.91,1.0,69,7.12333,22.705,14.1422,58.4776,180.0,0
2017-11-20,11,19.5,0.48,1.16667,62,5.93,27.28,26.8702,55.1074,193.44,0
2017-11-20,12,18.6667,0.96,1.5,61,6.97,26.3,38.891,50.8134,214.5,0
2017-11-20,13,17.6667,1.67,1.83333,62,8.16,10.97,36.7697,48.0418,228.8,0
2017-11-20,14,16.5,1.67,2.16667,65,8.405,22.345,46.6693,60.9761,194.133,0
2017-11-20,15,15.3333,1.67,2.5,73,11.83,12.975,33.9413,57.3462,225.318,0
2017-11-20,16,14.3333,1.67,2.66667,84,15.055,19.395,21.9204,54.6403,258.353,0
2017-11-20,17,14.1667,1.67,2.66667,84,27.1,13.925,9.89954,50.9343,286.971,0
2017-11-20,18,12.8333,1.19,2.5,85,35.1,19.33,0.0,54.0,261.415,0
2017-11-20,22,9.0,0.86,1.33333,91,66.205,12.065,-11.8631,56.6403,333.9,0
2017-11-21,1,7.33333,2.3,1.0,89,66.205,12.065,-22.8775,47.2315,448.0,0
2017-11-21,3,7.5,1.44,1.33333,94,49.43,10.86,-19.4334,47.9166,437.25,0
2017-11-21,4,7.5,1.44,1.66667,94,45.68,10.735,-18.668,46.0688,451.0,0
2017-11-21,5,7.33333,0.58,1.83333,95,31.615,12.36,-21.3217,45.4753,443.143,0
2017-11-21,6,7.16667,1.16,1.83333,94,29.01,9.185,-24.1862,41.3042,460.8,0
2017-11-21,7,7.16667,0.58,1.66667,95,34.54,8.72,-27.9746,37.5158,470.25,0
2017-11-21,8,7.16667,0.58,1.5,94,35.235,9.16,-14.3177,31.8589,470.25,0
2017-11-21,9,7.66667,0.58,1.5,90,26.265,4.425,-2.25629,24.4679,463.6,0
2017-11-21,10,8.33333,0.58,1.66667,81,25.14,7.12333,6.74371,15.4679,432.0,0
2017-11-21,11,9.5,0.58,1.83333,79,27.78,5.93,20.0398,9.92461,360.0,0
2017-11-21,12,10.1667,0.0,2.16667,78,20.15,6.97,18.5224,-2.29608,300.0,0
2017-11-21,13,10.8333,0.0,2.66667,79,15.64,8.16,27.9896,-4.97484,313.6,0
2017-11-21,14,11.3333,0.0,3.16667,81,10.845,8.405,7.903,-9.567,275.6,0
2017-11-21,15,11.6667,0.0,3.5,84,14.92,11.83,10.903,-9.567,260.945,0
2017-11-21,16,11.3333,0.0,3.66667,86,23.905,15.055,10.903,-9.567,279.138,0
2017-11-21,17,10.5,0.0,3.83333,87,23.885,27.1,31.9134,-4.59216,305.455,0
2017-11-21,18,9.66667,0.0,4.0,91,35.27,35.1,28.9134,-4.59216,348.0,0
2017-11-21,22,6.83333,0.0,4.5,87,44.405,66.205,42.4567,-2.29608,453.927,0
2017-11-22,1,6.5,0.0,5.0,93,44.405,66.205,42.4567,-2.29608,486.0,0
2017-11-22,3,6.16667,0.0,5.0,93,49.586,49.43,39.4567,-2.29608,528.0,0
2017-11-22,4,6.0,0.0,5.0,93,51.264,45.68,33.9134,-4.59216,480.0,0
2017-11-22,5,6.0,0.0,5.0,93,53.265,31.615,21.3702,-6.88824,480.0,0
2017-11-22,6,6.0,0.0,5.0,93,42.845,29.01,20.4463,-7.27092,480.0,0
2017-11-22,7,6.16667,0.0,5.0,93,41.21,34.54,7.903,-9.567,498.343,0
2017-11-22,8,6.5,0.0,5.0,93,37.79,35.235,-4.04677,-4.61723,498.343,0
2017-11-22,9,6.66667,0.0,5.16667,92,24.29,26.265,-4.04677,-4.61723,480.0,0
2017-11-22,10,7.0,0.0,5.33333,89,24.49,25.14,-9.04677,-4.61723,505.44,0
2017-11-22,11,7.33333,0.0,5.66667,81,38.67,27.78,-6.04677,-4.61723,457.6,0
2017-11-22,12,7.83333,0.0,6.0,85,33.74,20.15,14.0398,-0.0250701,460.8,0
2017-11-22,13,8.16667,0.0,6.5,84,42.46,15.64,29.507,2.65369,413.4,0
2017-11-22,14,8.83333,0.0,6.83333,84,35.86,10.845,26.7353,8.39389,375.943,0
2017-11-22,15,9.16667,0.0,7.0,85,29.32,14.92,14.5224,7.6536,361.029,0
2017-11-22,16,9.0,0.0,7.0,85,34.77,23.905,1.15841,14.0176,341.85,0
2017-11-22,17,8.5,0.0,6.83333,91,38.065,23.885,-11.7914,18.9674,366.667,0
2017-11-22,18,8.0,0.0,6.66667,92,48.81,35.27,-25.034,23.21,409.867,0
2017-11-22,22,8.33333,0.0,5.33333,96,52.625,44.405,-41.7659,36.3539,402.8,0
2017-11-23,1,8.83333,0.0,4.5,89,53.3575,44.405,-24.9011,11.1973,395.2,0
2017-11-23,3,9.16667,0.0,4.33333,94,47.7333,49.586,-31.5746,-9.567,363.0,0
2017-11-23,4,9.16667,0.0,4.5,94,51.0533,51.264,-31.5746,-17.2206,363.0,0
2017-11-23,5,9.66667,0.0,4.66667,96,54.3533,53.265,-48.6457,-24.2917,329.829,0
2017-11-23,6,10.1667,0.0,4.66667,99,59.1475,42.845,-44.9502,-22.761,346.92,0
2017-11-23,7,10.3333,0.0,4.83333,100,51.195,41.21,-44.9502,-22.761,353.455,0
2017-11-23,8,10.3333,0.0,5.0,99,43.4525,37.79,-23.7875,-18.5515,346.92,0
2017-11-23,9,10.6667,0.0,5.16667,93,32.255,24.29,-22.3269,-22.5029,334.08,0
2017-11-23,10,11.1667,0.0,5.66667,82,34.6033,24.49,-23.7411,-23.9171,309.12,0
2017-11-23,11,11.5,0.0,6.5,75,34.195,38.67,-1.50233,-20.0903,273.48,0
2017-11-23,12,11.8333,0.0,7.5,70,29.9,33.74,-3.35009,-20.8557,260.945,0
2017-11-23,13,12.0,0.0,8.66667,68,32.1725,42.46,-25.4366,-25.4478,250.364,0
2017-11-23,14,12.5,0.0,9.66667,67,32.9625,35.86,-5.65844,-17.6696,249.9,0
2017-11-23,15,13.0,0.0,10.3333,70,31.045,29.32,16.8269,-9.18432,240.0,0
2017-11-23,16,13.1667,0.0,11.0,60,33.18,34.77,29.9134,-4.59216,265.5,0
2017-11-23,17,13.3333,0.0,11.1667,82,36.225,38.065,55.0,0.0,245.1,0
2017-11-23,18,13.5,0.0,11.0,84,44.935,48.81,56.0,0.0,248.571,0
2017-11-23,22,13.5,0.0,8.33333,85,39.57,52.625,57.0,0.0,232.615,0
2017-11-24,0,12.6667,0.0,6.5,89,44.47,52.255,51.0,0.0,302.08,0
2017-11-24,1,12.1667,0.0,6.0,91,39.57,53.3575,61.0,0.0,276.48,0
2017-11-24,2,11.3333,0.0,5.5,87,36.66,63.44,58.0,0.0,297.6,0
2017-11-24,3,10.5,0.0,5.0,88,41.7,47.7333,54.0,0.0,317.127,0
2017-11-24,4,10.0,0.0,4.66667,90,38.33,51.0533,52.0,0.0,341.127,0
2017-11-24,5,9.33333,0.0,4.5,91,36.2433,54.3533,60.0,0.0,311.564,0
2017-11-24,6,9.16667,0.0,4.33333,93,43.8725,59.1475,56.0,0.0,349.92,0
2017-11-24,7,8.16667,0.0,4.16667,94,45.865,51.195,55.0,0.0,381.9,0
2017-11-24,8,8.0,0.0,4.16667,94,44.435,43.4525,61.0,0.0,372.3,0
2017-11-24,9,8.16667,0.0,4.5,89,37.2633,32.255,58.0,0.0,386.88,0
2017-11-24,10,9.0,0.0,5.0,81,40.5233,34.6033,58.0,0.0,374.0,0
2017-11-24,11,10.0,0.0,5.83333,74,37.06,34.195,54.0,0.0,345.257,0
2017-11-24,12,11.0,0.0,6.83333,70,37.2425,29.9,25.9896,-4.97484,319.0,0
2017-11-24,13,12.8333,0.0,8.0,69,39.8725,32.1725,-2.86864,-10.715,276.12,0
2017-11-24,14,14.0,0.0,9.0,69,38.0233,32.9625,4.13136,-10.715,223.385,0
2017-11-24,15,15.0,0.0,9.66667,73,37.595,31.045,-23.6507,-16.8379,196.8,0
2017-11-24,16,15.3333,0.0,10.1667,68,43.215,33.18,-26.4224,-17.986,187.68,0
2017-11-24,17,15.5,0.0,10.1667,86,47.845,36.225,-26.4224,-17.986,202.024,0
2017-11-24,18,15.3333,0.0,10.0,85,46.33,44.935,-29.4224,-17.986,218.625,0
2017-11-24,22,13.6667,0.0,8.33333,78,30.61,39.57,55.0,0.0,257.914,0
2017-11-25,0,13.1667,0.0,7.66667,82,19.885,44.47,54.0,0.0,267.429,1
2017-11-25,1,12.8333,0.0,7.16667,84,32.31,39.57,52.0,0.0,286.971,1
2017-11-25,2,12.3333,0.0,6.83333,92,26.615,36.66,63.0,0.0,249.171,1
2017-11-25,3,11.8333,0.0,6.33333,91,21.7825,41.7,60.0,0.0,269.077,1
2017-11-25,4,11.3333,0.0,6.0,91,30.565,38.33,58.0,0.0,289.385,1
2017-11-25,5,10.8333,0.0,5.66667,90,25.9775,36.2433,55.0,0.0,313.5,1
2017-11-25,6,10.1667,0.0,5.33333,90,28.2125,43.8725,53.0,0.0,329.018,1
2017-11-25,7,10.0,0.0,5.16667,92,28.26,45.865,61.0,0.0,300.0,1
2017-11-25,8,9.83333,0.0,5.0,92,30.5975,44.435,40.7612,-3.8268,311.564,1
2017-11-25,9,10.0,0.0,5.16667,89,34.2775,37.2633,39.7612,-3.8268,323.345,1
2017-11-25,10,11.1667,0.0,5.5,84,37.21,40.5233,40.7612,-3.8268,300.0,1
2017-11-25,11,12.0,0.0,6.0,79,37.755,37.06,37.7612,-3.8268,252.45,1
2017-11-25,12,13.0,0.0,6.66667,75,39.4225,37.2425,54.0,0.0,241.92,1
2017-11-25,13,13.6667,0.0,7.5,73,42.5625,39.8725,31.0657,-5.35752,216.0,1
2017-11-25,14,14.3333,0.0,8.33333,70,35.2225,38.0233,6.13136,-10.715,233.365,1
2017-11-25,15,14.5,0.0,9.0,71,43.035,37.595,3.13136,-10.715,245.92,1
2017-11-25,16,13.6667,0.0,9.5,76,40.105,43.215,1.13136,-10.715,257.914,1
2017-11-25,17,13.3333,0.0,9.83333,78,30.79,47.845,26.0657,-5.35752,277.114,1
2017-11-25,22,11.6667,2.24,8.66667,88,19.81,30.61,-3.81841,15.6648,249.508,1
2017-11-26,0,11.5,2.24,7.66667,79,11.275,19.885,-38.8547,35.0663,325.68,1
2017-11-26,1,11.6667,2.24,7.16667,75,8.66333,32.31,-24.9965,42.3261,332.215,1
2017-11-26,2,11.8333,1.12,6.5,86,5.295,26.615,-12.986,53.3512,240.0,1
2017-11-26,3,13.1667,0.0,5.83333,89,8.93333,21.7825,-4.97484,55.0104,242.031,1
2017-11-26,4,14.1667,0.0,5.16667,89,7.29667,30.565,0.0,58.0,223.385,1
2017-11-26,5,14.6667,0.0,4.5,91,6.23,25.9775,9.89954,57.9343,235.125,1
2017-11-26,6,15.0,0.0,4.0,91,9.67,28.2125,21.2133,56.7164,221.571,1
2017-11-26,7,14.6667,0.0,3.5,90,12.2125,28.26,31.82,56.5746,220.0,1
2017-11-26,8,14.3333,0.0,3.16667,90,13.1467,30.5975,41.7195,51.4741,221.571,1
2017-11-26,9,13.8333,0.0,3.0,87,15.6033,34.2775,40.3053,49.6264,252.225,1
2017-11-26,10,13.6667,0.0,3.0,78,15.3625,37.21,37.4768,45.9309,282.72,1
2017-11-26,11,12.8333,0.0,3.0,73,16.93,37.755,36.0626,41.2651,297.0,1
2017-11-26,12,12.1667,0.0,3.16667,67,17.4733,39.4225,43.8408,49.0433,258.514,1
2017-11-26,13,11.8333,0.0,3.33333,64,18.2875,42.5625,41.7195,49.3064,270.3,1
2017-11-26,14,11.8333,0.0,3.5,64,25.14,35.2225,41.7195,46.7052,270.3,1
2017-11-26,15,11.5,0.0,3.66667,64,21.265,43.035,41.7195,44.104,279.138,1
2017-11-26,16,10.3333,0.0,3.66667,72,20.47,40.105,39.5982,44.1503,294.0,1
2017-11-26,17,9.33333,0.0,3.5,75,33.18,30.79,36.0626,41.9154,353.455,1
2017-11-26,22,6.66667,0.0,0.833333,73,64.81,19.81,28.2844,56.354,420.0,1
2017-11-27,0,6.83333,0.0,-0.166667,71,60.705,11.275,10.4319,50.1731,496.8,0
2017-11-27,1,6.66667,0.0,-0.5,69,66.405,8.66333,3.51048,51.097,461.76,0
2017-11-27,2,6.5,0.0,-0.833333,80,56.24,5.295,-4.97484,51.4274,454.629,0
2017-11-27,3,6.5,0.0,-1.0,81,59.315,8.93333,-14.1673,49.2029,486.0,0
2017-11-27,4,6.66667,0.0,-1.0,80,58.645,7.29667,-19.117,46.1526,490.629,0
2017-11-27,5,6.66667,0.0,-0.666667,81,49.26,6.23,-24.0668,44.1024,490.629,0
2017-11-27,6,6.66667,0.0,-0.666667,79,47.1325,9.67,-29.6101,39.3985,496.8,0
2017-11-27,7,6.83333,0.0,-0.666667,80,48.1325,12.2125,-36.0772,36.0772,477.0,0
2017-11-27,8,7.0,0.0,-0.5,77,39.4425,13.1467,-39.438,36.1908,454.629,0
2017-11-27,9,7.16667,0.0,-0.333333,72,35.1725,15.6033,-29.7593,29.7237,454.629,0
2017-11-27,10,7.5,0.0,0.0,64,42.52,15.3625,-32.2006,27.8354,420.0,0
2017-11-27,11,8.16667,0.0,0.5,55,33.8833,16.93,-23.0081,27.6429,443.143,0
2017-11-27,12,8.66667,0.0,1.33333,48,35.3375,17.4733,-25.1295,29.7643,377.4,0
2017-11-27,13,9.0,0.0,2.16667,45,46.2233,18.2875,-20.1901,31.8605,386.4,0
2017-11-27,14,9.5,0.0,2.83333,50,42.89,25.14,-21.6043,33.2747,345.257,0
2017-11-27,15,9.5,0.0,3.16667,59,36.67,21.265,-37.8431,37.1015,313.65,0
2017-11-27,16,9.33333,0.0,3.0,73,50.525,20.47,-36.109,39.697,325.867,0
2017-11-27,17,9.16667,0.0,2.5,76,76.775,33.18,-41.7659,36.3539,349.92,0
2017-11-27,22,11.0,0.0,-0.833333,73,38.34,64.81,2.49381,20.5062,326.8,0
2017-11-28,0,13.0,0.0,-1.0,72,29.29,60.705,52.0,0.0,264.48,0
2017-11-28,1,14.0,0.0,-1.0,69,24.19,66.405,58.0,0.0,223.385,0
2017-11-28,2,15.1667,0.0,-0.833333,72,14.06,56.24,61.0,0.0,204.429,0
2017-11-28,3,15.6667,0.0,-0.666667,71,12.395,59.315,64.0,0.0,187.68,0
2017-11-28,4,16.0,0.0,-0.5,70,13.5525,58.645,65.0,0.0,187.425,0
2017-11-28,5,16.3333,0.0,-0.166667,69,13.3,49.26,65.0,0.0,187.425,0
2017-11-28,6,16.3333,0.0,0.166667,67,12.7467,47.1325,66.0,0.0,187.2,0
2017-11-28,7,16.5,0.0,0.5,65,15.18,48.1325,65.0,0.0,187.425,0
2017-11-28,8,16.5,0.0,0.666667,64,12.9367,39.4425,66.0,0.0,180.0,0
2017-11-28,9,16.6667,0.0,1.0,64,16.2733,35.1725,67.0,0.0,180.0,0
2017-11-28,10,17.0,0.0,1.5,61,22.175,42.52,51.0,0.0,232.941,0
2017-11-28,11,17.1667,0.0,2.0,58,16.2633,33.8833,17.3702,6.88824,224.824,0
2017-11-28,12,17.5,0.0,2.5,55,22.8067,35.3375,18.3702,6.88824,216.847,0
2017-11-28,13,17.6667,0.0,3.16667,54,26.5775,46.2233,19.3702,6.88824,213.333,0
2017-11-28,14,17.8333,0.0,4.0,54,25.14,42.89,54.0,0.0,213.333,0
2017-11-28,15,17.5,0.0,4.5,58,25.92,36.67,54.0,0.0,213.333,0
2017-11-28,16,16.5,0.0,4.66667,62,29.265,50.525,51.0,0.0,236.733,0
2017-11-28,17,15.3333,0.0,4.66667,66,25.915,76.775,63.0,0.0,216.333,0
2017-11-28,22,10.1667,0.0,2.66667,70,30.495,38.34,62.0,0.0,300.0,0
2017-11-29,0,10.0,0.0,2.16667,74,24.94,29.29,60.0,0.0,300.0,0
2017-11-29,1,9.66667,0.0,2.0,78,27.8525,24.19,60.0,0.0,300.0,0
2017-11-29,2,10.0,0.0,2.0,86,14.44,14.06,58.0,0.0,300.0,0
2017-11-29,3,10.3333,0.0,2.0,86,17.81,12.395,60.0,0.0,311.564,0
2017-11-29,4,10.8333,0.0,2.0,87,28.2225,13.5525,51.0,0.0,346.92,0
2017-11-29,5,11.1667,0.79,1.83333,87,33.02,13.3,55.0,0.0,297.0,0
2017-11-29,6,11.0,0.79,1.66667,87,10.68,12.7467,57.0,0.0,252.45,0
2017-11-29,7,11.1667,0.79,1.5,89,38.1867,15.18,58.0,0.0,262.08,0
2017-11-29,8,11.0,1.27,1.33333,91,41.6625,12.9367,39.6851,3.44412,299.815,0
2017-11-29,9,10.6667,1.27,1.16667,86,45.47,16.2733,18.3702,0.0,350.314,0
2017-11-29,10,10.5,1.75,1.0,77,53.595,22.175,8.20748,-4.20948,300.0,0
2017-11-29,11,10.3333,1.32,1.16667,73,48.3625,16.2633,-29.803,0.76536,340.267,0
2017-11-29,12,10.5,1.65,1.5,69,39.77,22.8067,-48.9656,-3.44412,313.6,0
2017-11-29,13,10.5,2.16,1.83333,68,47.97,26.5775,-30.6507,-6.88824,300.667,0
2017-11-29,14,10.6667,1.68,2.16667,70,41.3175,25.14,-13.3358,-3.44412,317.127,0
2017-11-29,15,10.5,1.68,2.5,73,39.77,25.92,6.82688,0.76536,343.385,0
2017-11-29,16,10.0,1.2,2.66667,77,47.97,29.265,16.8269,0.76536,300.0,0
2017-11-29,17,9.66667,0.84,2.5,88,38.355,25.915,38.8373,-4.20948,311.564,0
2017-11-29,22,6.83333,6.84,0.5,95,57.355,30.495,43.4567,-2.29608,429.0,0
2017-11-30,0,6.16667,8.57,0.333333,95,57.635,24.94,22.3702,-6.88824,464.28,0
2017-11-30,1,5.83333,8.57,0.333333,95,59.7775,27.8525,6.82688,-9.18432,515.2,0
2017-11-30,2,5.83333,8.57,0.5,92,77.93,14.44,3.29133,-12.7199,496.4,0
2017-11-30,3,5.83333,11.77,0.666667,93,57.635,17.81,-9.95133,-16.9625,517.029,0
2017-11-30,4,5.83333,10.09,0.833333,94,62.2,28.2225,-21.194,-21.2052,536.057,0
2017-11-30,5,6.0,7.85,1.0,96,74.92,33.02,-32.4366,-25.4478,540.6,0
2017-11-30,7,6.16667,7.85,1.0,95,81.485,38.1867,-40.1392,-33.6448,520.0,0
2017-11-30,16,9.33333,3.4,1.0,93,47.85,47.97,50.3358,-5.7402,371.25,0
2017-11-30,22,13.6667,0.0,1.0,93,38.1025,57.355,38.1839,41.4355,255.2,0
2018-10-01,2,8.0,0.0,5.5,64,43.89,86.49,39.6851,3.44412,388.267,0
2018-10-01,4,8.33333,0.0,4.83333,68,60.405,89.415,39.6851,-3.44412,374.85,0
2018-10-01,5,8.5,0.0,4.66667,73,74.85,90.87,23.3702,-6.88824,360.0,0
2018-10-01,6,8.66667,0.0,4.66667,81,42.83,84.705,-0.944759,-10.3324,401.85,0
2018-10-01,7,8.83333,0.0,4.83333,91,28.64,70.91,-17.2597,-13.7765,386.4,0
2018-10-01,8,9.0,0.0,5.33333,91,26.89,44.045,-33.5746,-17.2206,371.25,0
2018-10-01,9,9.33333,0.0,6.0,81,24.77,22.655,-49.8895,-20.6647,366.667,0
2018-10-01,10,10.1667,0.0,7.16667,70,25.205,10.94,-30.5746,-17.2206,339.2,0
2018-10-01,11,11.1667,0.0,8.5,58,20.74,8.555,-26.8791,-4.97484,326.8,0
2018-10-01,12,12.1667,0.0,10.1667,51,24.5,8.975,-32.4224,4.20948,251.6,0
2018-10-01,13,12.8333,0.0,11.8333,46,32.655,8.965,-29.6507,16.8379,238.255,0
2018-10-01,14,13.3333,0.0,13.5,45,46.82,8.52,-49.8431,26.0303,239.4,0
2018-10-01,15,13.3333,0.0,14.8333,44,46.775,11.125,-45.3941,29.1581,264.0,0
2018-10-01,16,12.8333,0.0,15.8333,43,35.695,13.745,-39.3142,31.1962,302.08,0
2018-10-01,17,12.0,0.0,16.3333,49,34.115,17.225,-43.5236,41.3588,267.12,0
2018-10-01,18,11.0,0.0,16.1667,53,25.055,20.51,-29.6654,45.6186,299.815,0
2018-10-01,20,9.83333,0.0,14.6667,63,16.615,18.76,-7.74503,53.056,300.0,0
2018-10-01,21,9.66667,0.0,13.3333,77,21.27,34.755,7.10428,50.9347,323.345,0
2018-10-01,23,10.0,0.0,11.3333,72,28.21,35.495,33.9413,50.2276,324.48,0
2018-10-02,1,11.1667,0.51,9.83333,77,24.49,30.55,38.1839,45.7709,300.667,0
2018-10-02,2,11.8333,0.51,9.5,74,9.37,43.89,41.0124,51.4173,262.08,0
2018-10-02,3,12.3333,0.51,9.33333,78,15.21,57.75,43.1337,56.3567,240.0,0
2018-10-02,4,12.6667,0.51,9.0,83,16.66,60.405,36.0626,47.1179,286.7,0
2018-10-02,5,12.8333,0.51,8.5,88,17.61,74.85,36.7697,48.0418,281.538,0
2018-10-02,6,13.1667,0.0,8.16667,91,19.02,42.83,36.7697,48.0418,281.538,0
2018-10-02,7,13.3333,0.0,7.83333,95,13.64,28.64,37.4768,48.9656,271.385,0
2018-10-02,8,13.6667,0.0,7.5,90,10.945,26.89,38.1839,49.8895,261.415,0
2018-10-02,9,14.1667,0.0,7.5,84,9.72,24.77,39.5982,51.7373,242.031,0
2018-10-02,10,14.1667,0.0,7.5,79,9.615,25.205,41.7195,54.5089,221.571,0
2018-10-02,11,14.3333,0.0,7.5,73,8.565,20.74,41.0124,53.585,230.4,0
2018-10-02,12,14.5,0.0,7.83333,64,9.025,24.5,41.0124,53.585,237.12,0
2018-10-02,13,14.8333,0.0,8.33333,54,12.5,32.655,41.0124,53.585,243.6,0
2018-10-02,14,15.0,0.0,8.83333,45,12.535,46.82,41.0124,53.585,223.385,0
2018-10-02,15,15.0,0.0,9.33333,40,14.92,46.775,31.82,57.5746,204.429,0
2018-10-02,16,15.5,0.0,9.83333,38,23.095,35.695,21.9204,60.6403,195.52,0
2018-10-02,17,15.8333,0.0,10.1667,45,27.85,34.115,11.3138,62.7821,195.0,0
2018-10-02,18,16.0,0.0,10.3333,44,18.2,25.055,-6.12288,62.7821,195.0,0
2018-10-02,20,15.3333,0.0,9.83333,48,11.11,16.615,-22.1453,55.4637,210.6,0
2018-10-02,21,14.8333,0.0,9.33333,47,12.225,21.27,-32.0448,49.3632,226.8,0
2018-10-02,23,14.1667,0.0,8.5,47,9.785,28.21,-38.891,38.891,257.914,0
2018-10-03,1,14.5,0.0,7.83333,56,4.525,24.49,-30.1897,45.8845,242.031,0
2018-10-03,2,15.1667,0.51,7.83333,62,5.72,9.37,-27.5028,52.398,212.914,0
2018-10-03,3,16.0,0.51,7.66667,62,4.41,15.21,-24.4915,59.1283,180.0,0
2018-10-03,4,16.6667,0.51,7.66667,65,11.925,16.66,-13.3938,50.3358,216.847,0
2018-10-03,5,17.5,0.51,7.66667,67,13.025,17.61,-13.7765,51.2597,213.333,0
2018-10-03,6,18.1667,0.51,7.83333,70,13.13,19.02,-6.88824,53.6298,205.8,0
2018-10-03,7,18.5,0.51,7.83333,73,13.505,13.64,-6.88824,54.6298,198.4,0
2018-10-03,8,18.8333,0.0,7.83333,74,12.835,10.945,0.0,57.0,195.789,0
2018-10-03,9,19.5,0.51,8.16667,74,22.475,9.72,0.0,58.0,188.779,0
2018-10-03,10,20.5,0.51,8.5,64,14.695,9.615,0.0,61.0,168.505,0
2018-10-03,11,22.0,2.14,9.0,59,15.005,8.565,16.9706,64.1731,142.56,0
2018-10-03,12,23.6667,2.14,9.5,67,14.15,9.025,36.7697,48.0418,165.6,0
2018-10-03,13,25.3333,2.14,10.3333,70,9.49,12.5,40.3053,52.6612,149.1,0
2018-10-03,14,26.8333,2.14,11.0,68,9.48,12.535,41.0124,53.585,146.897,0
2018-10-03,15,28.0,1.88,11.5,60,9.89,14.92,41.0124,53.585,146.897,0
2018-10-03,16,28.6667,1.88,11.6667,52,14.715,23.095,41.0124,53.585,146.897,0
2018-10-03,17,28.5,0.25,11.6667,50,16.405,27.85,40.3053,52.6612,151.945,0
2018-10-03,18,27.6667,0.25,11.5,50,10.87,18.2,38.891,50.8134,159.557,0
2018-10-03,19,25.8333,0.25,10.8333,52,10.54,20.4,36.0626,47.1179,179.022,0
2018-10-03,20,23.5,0.25,10.1667,54,10.14,11.11,48.7906,63.7477,159.822,0
2018-10-03,21,21.0,0.0,9.5,54,18.05,12.225,40.3053,52.6612,217.75,0
2018-10-03,23,16.1667,0.0,8.33333,56,18.94,9.785,42.4266,55.4328,239.733,0
2018-10-04,1,13.1667,0.0,7.5,59,11.885,4.525,36.7697,48.0418,286.971,0
2018-10-04,2,12.5,0.0,7.16667,61,10.17,5.72,45.255,59.1283,240.0,0
2018-10-04,3,12.0,0.0,6.83333,64,10.035,4.41,43.1337,56.3567,259.2,0
2018-10-04,4,11.6667,0.0,6.5,64,17.76,11.925,33.9413,55.3462,279.138,0
2018-10-04,5,11.3333,0.0,6.33333,64,23.9,13.025,24.7488,54.3358,291.5,0
2018-10-04,6,11.1667,0.0,6.16667,67,18.415,13.13,16.2635,54.2492,302.4,0
2018-10-04,7,11.0,0.0,5.83333,70,10.84,13.505,7.77821,54.1627,305.455,0
2018-10-04,9,11.1667,0.0,6.0,64,10.985,22.475,0.0,55.0,305.455,0
2018-10-04,10,11.6667,0.0,6.5,63,9.31,14.695,8.48532,55.0866,294.0,0
2018-10-04,11,12.5,0.0,7.16667,52,7.815,15.005,18.3849,57.0209,260.945,0
2018-10-04,12,13.5,0.0,8.0,47,8.245,14.15,29.6986,49.803,259.418,0
2018-10-04,13,14.3333,0.0,9.16667,45,13.18,9.49,41.7195,54.5089,206.7,0
2018-10-04,14,15.0,0.0,10.3333,46,14.015,9.48,44.5479,58.2044,187.971,0
2018-10-04,15,15.3333,0.0,11.3333,46,25.215,9.89,45.255,59.1283,195.0,0
2018-10-04,16,15.0,0.0,12.0,47,38.77,14.715,43.8408,57.2806,217.412,0
2018-10-04,17,14.1667,0.0,12.3333,51,48.84,16.405,40.3053,52.6612,252.225,0
2018-10-04,18,12.8333,0.0,12.3333,60,52.07,10.87,28.9915,48.8791,292.32,0
2018-10-04,19,11.3333,0.0,12.0,69,61.57,10.54,28.9915,57.8791,276.48,0
2018-10-04,20,9.83333,0.0,11.1667,81,60.175,10.14,13.4351,48.9706,350.314,0
2018-10-04,21,8.66667,0.0,10.1667,87,67.995,18.05,7.89181,51.2667,353.571,0
2018-10-05,1,6.83333,0.0,6.5,92,80.41,11.885,17.507,27.2458,420.0,0
2018-10-05,2,7.0,0.0,6.0,95,65.86,10.17,24.507,16.2458,450.667,0
2018-10-05,3,7.0,0.0,5.66667,93,80.03,10.035,31.507,7.24585,454.629,0
2018-10-05,4,7.0,0.0,5.33333,96,75.64,17.76,43.4567,2.29608,438.6,0
2018-10-05,5,7.0,0.0,5.16667,96,83.97,23.9,56.0,0.0,437.143,0
2018-10-05,6,7.0,0.0,5.0,99,58.98,18.415,56.0,0.0,437.143,0
2018-10-05,7,7.16667,0.0,5.0,100,38.61,10.84,42.5328,-2.67876,437.143,0
2018-10-05,9,8.0,0.0,6.0,80,24.32,10.985,23.1418,-5.7402,443.143,0
2018-10-05,10,8.66667,0.0,7.0,59,18.885,9.31,26.1418,-5.7402,392.229,0
2018-10-05,11,9.66667,0.0,8.33333,49,21.62,7.815,23.1418,-5.7402,377.143,0
2018-10-05,12,10.8333,0.0,10.0,44,16.745,8.245,35.609,-3.06144,333.45,0
2018-10-05,13,12.0,0.0,11.6667,43,17.05,13.18,57.0,0.0,263.467,0
2018-10-05,14,13.1667,0.0,13.3333,44,20.025,14.015,24.1418,5.7402,259.418,0
2018-10-05,15,14.1667,0.0,14.8333,43,23.2,25.215,-1.64028,11.8631,223.385,0
2018-10-05,16,14.8333,0.0,16.0,42,29.385,38.77,-29.4224,17.986,204.429,0
2018-10-05,17,15.0,0.0,16.5,46,39.08,48.84,-57.2806,23.7262,203.52,0
2018-10-05,18,14.6667,0.0,16.3333,50,32.955,52.07,-56.3567,23.3435,218.625,0
2018-10-05,19,13.8333,0.0,15.8333,55,35.82,61.57,-52.6612,21.8128,252.225,0
2018-10-05,20,12.6667,0.0,14.8333,63,25.71,60.175,-47.1179,19.5167,302.08,0
2018-10-05,21,11.5,0.0,13.5,65,28.41,67.995,-38.1179,19.5167,286.0,0
2018-10-06,1,9.66667,0.0,9.33333,63,49.455,80.41,38.7612,3.8268,324.48,1
2018-10-06,3,10.0,0.0,8.33333,60,56.07,80.03,39.7612,-3.8268,300.0,1
2018-10-06,4,10.0,0.0,7.83333,57,58.365,75.64,21.5224,-7.6536,300.0,1
2018-10-06,5,10.0,0.0,7.5,56,49.95,83.97,2.2836,-11.4804,300.0,1
2018-10-06,6,10.0,0.0,7.0,59,48.4,58.98,-16.9552,-15.3072,300.0,1
2018-10-06,7,10.0,0.0,6.66667,64,49.34,38.61,-36.194,-19.134,300.0,1
2018-10-06,8,10.1667,0.0,6.5,67,55.575,29.245,-55.4328,-22.9608,300.0,1
2018-10-06,9,10.6667,0.0,7.0,59,56.375,24.32,-47.1179,-19.5167,346.92,1
2018-10-06,10,12.1667,0.0,8.0,55,53.095,18.885,-24.8791,-15.6899,309.12,1
2018-10-06,11,14.3333,0.0,9.5,45,45.505,21.62,12.5985,-8.03628,253.08,1
2018-10-06,12,16.6667,0.0,11.6667,40,43.42,16.745,10.7508,8.80164,182.031,1
2018-10-06,13,19.1667,0.0,14.0,39,37.835,17.05,-24.4224,17.986,137.242,1
2018-10-06,14,21.3333,0.0,16.3333,40,37.415,20.025,-66.5194,27.553,125.061,1
2018-10-06,15,22.8333,0.0,18.3333,42,37.23,23.2,-67.4432,27.9356,124.95,1
2018-10-06,16,23.0,0.0,19.6667,43,44.94,29.385,-65.5955,27.1703,139.968,1
2018-10-06,17,22.1667,0.0,20.5,45,49.675,39.08,-60.9761,25.2569,162.4,1
2018-10-06,18,20.8333,0.0,20.8333,55,38.7,32.955,-55.4328,22.9608,189.382,1
2018-10-06,19,18.8333,0.0,20.5,61,45.14,35.82,-49.8895,20.6647,221.76,1
2018-10-06,20,16.6667,0.0,19.8333,66,38.46,25.71,-61.9,25.6396,200.34,1
2018-10-06,21,14.6667,0.0,18.8333,65,40.22,28.41,-53.585,22.1954,256.0,1
2018-10-06,23,11.6667,0.0,16.6667,62,51.73,33.155,-36.194,19.134,294.0,1
2018-10-07,1,10.0,0.0,15.0,63,55.565,49.455,10.5985,8.03628,353.455,1
2018-10-07,3,9.5,0.0,14.0,66,51.05,56.07,38.7612,3.8268,324.48,1
2018-10-07,4,9.33333,0.0,13.6667,67,61.64,58.365,57.0,0.0,337.08,1
2018-10-07,5,9.16667,0.51,13.5,68,61.07,49.95,56.0,0.0,349.92,1
2018-10-07,6,9.0,0.51,13.3333,70,59.99,48.4,55.0,0.0,363.0,1
2018-10-07,7,9.0,0.51,13.0,73,46.76,49.34,54.0,0.0,366.667,1
2018-10-07,8,9.0,0.51,12.8333,69,37.01,55.575,54.0,0.0,366.667,1
2018-10-07,9,9.33333,0.51,13.1667,65,33.365,56.375,54.0,0.0,366.667,1
2018-10-07,10,10.1667,0.51,13.8333,67,25.905,53.095,34.8373,4.20948,339.2,1
2018-10-07,11,11.1667,0.0,14.8333,57,20.415,45.505,3.903,9.567,326.8,1
2018-10-07,12,12.1667,0.0,16.0,51,20.045,43.42,-15.7036,20.1736,251.6,1
2018-10-07,13,12.8333,0.0,17.5,48,21.805,37.835,-44.3103,30.7803,238.255,1
2018-10-07,14,13.3333,0.0,18.8333,48,27.25,37.415,-43.34,35.7632,239.4,1
2018-10-07,15,13.3333,0.0,20.0,48,28.245,37.23,-34.9979,41.4923,264.0,1
2018-10-07,16,12.6667,0.0,20.6667,49,31.06,44.94,-28.6007,41.0483,302.08,1
2018-10-07,17,11.6667,0.0,20.8333,52,41.985,49.675,-28.6007,51.0483,276.48,1
2018-10-07,18,10.6667,0.0,20.5,57,20.65,38.7,-11.6301,48.7566,321.231,1
2018-10-07,19,10.1667,0.0,19.8333,61,10.05,45.14,3.92634,45.9282,359.9,1
2018-10-07,20,10.0,0.0,18.8333,67,10.97,38.46,13.1651,49.7549,311.1,1
2018-10-07,21,10.1667,0.0,17.5,66,11.465,40.22,27.92,42.8779,311.564,1
2018-10-07,23,11.3333,0.0,14.6667,64,8.93,51.73,48.8625,23.9673,288.0,1
2018-10-08,1,11.6667,0.0,12.1667,67,13.785,55.565,55.4328,22.9608,250.364,0
2018-10-08,3,10.8333,0.0,10.0,75,11.51,51.05,51.7373,21.4301,310.431,0
2018-10-08,4,10.1667,0.0,9.0,78,13.405,61.64,48.0418,19.8994,354.738,0
2018-10-08,5,9.33333,0.0,8.33333,80,11.555,61.07,56.3567,23.3435,321.6,0
2018-10-08,6,8.83333,0.0,7.66667,82,13.465,59.99,52.3462,18.3686,360.0,0
2018-10-08,7,8.33333,0.0,7.0,85,16.11,46.76,50.1836,14.1592,389.88,0
2018-10-08,8,8.0,0.0,6.83333,83,14.87,37.01,57.1836,14.1592,360.0,0
2018-10-08,9,7.66667,0.0,6.83333,75,26.145,33.365,54.4119,7.6536,388.267,0
2018-10-08,10,7.5,0.0,7.33333,61,20.32,25.905,52.5642,1.53072,417.6,0
2018-10-08,11,7.5,0.0,8.0,53,29.135,20.415,49.9061,-7.57028,432.667,0
2018-10-08,12,7.5,0.0,9.0,48,35.705,20.045,44.6526,-18.4054,437.25,0
2018-10-08,13,7.5,0.0,10.1667,45,36.865,21.805,39.7141,-25.7965,437.25,0
2018-10-08,14,7.33333,0.0,11.3333,43,38.29,27.25,34.3928,-32.2636,443.143,0
2018-10-08,15,7.16667,0.0,12.5,40,38.24,28.245,31.6355,-36.5063,460.8,0
2018-10-08,16,6.83333,0.0,13.3333,40,68.5,31.06,37.1788,-38.8024,420.0,0
2018-10-08,17,6.66667,0.0,13.5,51,65.665,41.985,36.7116,-36.1236,437.143,0
2018-10-08,18,6.5,0.0,13.5,55,58.705,20.65,37.2445,-33.4449,452.4,0
2018-10-08,19,6.5,0.0,13.1667,65,86.42,10.05,38.5876,-27.788,469.05,0
2018-10-08,20,6.5,0.0,12.5,77,63.7,10.97,41.9933,-23.0757,486.0,0
2018-10-08,21,6.5,0.0,11.3333,86,78.82,11.465,43.1745,-19.9273,509.143,0
2018-10-08,23,6.66667,0.0,9.16667,88,69.475,8.93,43.1745,-19.9273,496.8,0
2018-10-09,1,6.33333,0.0,7.5,89,78.03,13.785,29.3352,-30.1745,490.629,0
2018-10-09,3,6.33333,0.0,6.33333,92,79.475,11.51,6.84984,-38.6598,528.0,0
2018-10-09,4,6.16667,0.0,5.83333,98,80.98,13.405,2.60718,-42.9025,480.0,0
2018-10-09,5,6.0,0.0,5.5,98,81.97,11.555,-8.10264,-44.4664,480.0,0
2018-10-09,6,6.0,0.0,5.16667,100,81.905,13.465,-16.588,-44.4664,480.0,0
2018-10-09,7,6.0,0.0,5.16667,100,82.675,16.11,-26.3739,-42.5198,498.343,0
2018-10-09,8,6.0,0.0,5.16667,100,81.76,14.87,-34.5959,-38.3487,517.029,0
2018-10-09,9,6.0,0.0,5.83333,100,87.06,26.145,-40.1392,-33.6448,520.0,0
2018-10-09,10,6.16667,0.0,7.0,90,80.975,20.32,-43.3864,-30.3976,520.0,0
2018-10-09,11,6.33333,0.0,8.5,74,64.325,29.135,-32.1438,-26.155,499.8,0
2018-10-09,12,6.5,0.0,10.3333,62,55.48,35.705,-20.9011,-21.9123,480.0,0
2018-10-09,13,6.66667,0.0,12.3333,54,49.84,36.865,-5.41578,-13.427,517.0,0
2018-10-09,14,6.66667,0.0,14.5,51,49.695,38.29,5.82688,-9.18432,496.8,0
2018-10-09,15,6.66667,0.0,16.3333,49,53.915,38.24,17.3702,-6.88824,496.8,0
2018-10-09,16,6.33333,0.0,17.6667,49,62.48,68.5,28.9134,-4.59216,496.8,0
2018-10-09,17,6.0,0.0,18.1667,53,84.405,65.665,29.8373,-4.20948,517.0,0
2018-10-09,18,5.66667,0.0,18.0,63,68.975,58.705,26.3018,-7.74503,480.0,0
2018-10-09,19,5.5,0.0,17.3333,68,85.32,86.42,29.9317,-10.0683,517.029,0
2018-10-09,20,5.5,0.0,16.1667,76,71.31,63.7,20.6356,-15.6116,536.057,0
2018-10-09,21,5.5,0.0,14.6667,88,77.44,78.82,11.3395,-21.1549,555.429,0
2018-10-09,23,6.0,0.0,12.0,91,81.26,69.475,-7.25267,-32.2415,583.0,0
2018-10-10,1,6.16667,0.0,10.1667,91,83.425,78.03,-28.4451,-41.4339,546.96,0
2018-10-10,3,6.16667,0.0,9.33333,88,81.82,79.475,-28.7755,-44.4703,501.84,0
2018-10-10,4,6.16667,0.0,9.16667,88,81.135,80.98,-31.1047,-44.0935,499.8,0
2018-10-10,5,6.0,0.0,8.83333,92,81.425,81.97,-33.0513,-42.7929,499.8,0
2018-10-10,6,6.0,0.0,8.83333,95,80.985,81.905,-34.9979,-41.4923,499.8,0
2018-10-10,7,6.0,0.0,8.83333,100,79.375,82.675,-36.9445,-40.1917,499.8,0
2018-10-10,8,6.0,0.0,9.0,100,75.675,81.76,-38.891,-38.891,517.029,0
2018-10-10,9,6.16667,0.0,9.5,89,64.76,87.06,-38.1839,-38.1839,520.0,0
2018-10-10,10,6.33333,0.0,10.3333,76,52.265,80.975,-38.891,-38.891,499.8,0
2018-10-10,11,6.66667,0.0,11.6667,61,47.165,64.325,-39.5982,-39.5982,480.0,0
2018-10-10,12,7.16667,0.0,13.3333,50,33.74,55.48,-36.7697,-36.7697,496.8,0
2018-10-10,13,7.66667,0.0,15.3333,44,39.915,49.84,-38.891,-38.891,438.6,0
2018-10-10,14,8.16667,0.0,17.3333,42,50.46,49.695,-36.7697,-36.7697,432.0,0
2018-10-10,15,8.5,0.0,19.0,40,53.17,53.915,-38.891,-38.891,377.4,0
2018-10-10,16,8.66667,0.0,20.1667,41,73.015,62.48,-36.0626,-36.0626,393.6,0
2018-10-10,17,8.66667,0.0,20.8333,51,65.435,84.405,-34.1743,-38.5039,386.4,0
2018-10-10,18,8.5,0.0,20.8333,69,65.86,68.975,-31.5788,-40.238,395.2,0
2018-10-10,19,8.5,0.0,20.1667,75,74.07,85.32,-28.2763,-41.2651,409.867,0
2018-10-10,20,8.5,0.0,19.0,84,76.66,71.31,-25.3564,-43.216,409.867,0
2018-10-10,21,8.5,0.0,17.6667,86,74.865,77.44,-22.4366,-45.167,409.867,0
2018-10-10,23,8.83333,0.0,15.0,80,67.875,81.26,-19.8994,-48.0418,386.4,0
2018-10-11,0,9.0,0.0,13.6667,83,77.05,84.96,-20.282,-48.9656,371.25,0
2018-10-11,1,8.83333,0.0,12.6667,84,73.995,83.425,-20.6647,-49.8895,366.667,0
2018-10-11,3,8.16667,0.0,11.1667,88,73.92,81.82,-21.7877,-45.6005,409.867,0
2018-10-11,4,8.0,0.0,10.3333,96,69.875,81.135,-26.7375,-50.5503,374.0,0
2018-10-11,5,7.83333,0.0,10.0,95,75.925,81.425,-26.3548,-49.6264,388.267,0
2018-10-11,6,7.66667,0.0,9.83333,100,77.19,80.985,-25.9721,-48.7025,402.8,0
2018-10-11,7,7.66667,0.0,9.66667,100,81.735,79.375,-25.5894,-47.7786,417.6,0
2018-10-11,8,7.83333,0.0,9.66667,100,65.87,75.675,-27.8022,-45.1206,421.2,0
2018-10-11,9,8.0,0.0,10.1667,94,65.99,64.76,-30.3976,-43.3864,408.857,0
2018-10-11,10,8.16667,0.0,11.1667,74,37.33,52.265,-31.1047,-44.0935,392.229,0
2018-10-11,11,8.5,0.0,12.3333,60,31.855,47.165,-32.519,-45.5077,374.85,0
2018-10-11,12,8.83333,0.0,13.8333,51,27.445,33.74,-33.4672,-37.7968,401.85,0
2018-10-11,13,9.16667,0.0,15.6667,46,30.265,39.915,-37.4768,-37.4768,371.25,0
2018-10-11,14,9.5,0.0,17.6667,44,39.365,50.46,-41.0588,-35.6467,341.85,0
2018-10-11,15,9.83333,0.0,19.3333,41,44.695,53.17,-44.6407,-33.8167,313.65,0
2018-10-11,16,10.0,0.0,20.6667,42,58.315,73.015,-48.2226,-31.9866,300.0,0
2018-10-11,17,9.83333,0.0,21.3333,50,76.4,65.435,-48.9297,-32.6937,300.0,0
2018-10-11,18,9.66667,0.0,21.5,67,62.885,65.86,-48.2226,-31.9866,312.12,0
2018-10-11,19,9.5,0.0,21.0,73,75.52,74.07,-44.5956,-33.2304,324.48,0
2018-10-11,20,9.33333,0.0,20.0,82,66.55,76.66,-38.8009,-37.7185,337.08,0
2018-10-11,21,9.0,0.0,18.5,83,76.865,74.865,-33.0062,-42.2066,349.92,0
2018-10-11,23,8.16667,0.0,15.6667,81,78.46,67.875,-24.7076,-43.6496,409.867,0
2018-10-12,0,7.83333,0.0,14.1667,86,83.26,77.05,-31.1747,-46.3283,374.0,0
2018-10-12,1,7.5,0.0,13.0,88,80.405,73.995,-31.2779,-42.6431,402.8,0
2018-10-12,3,7.0,0.0,11.3333,90,75.505,73.92,-34.2892,-35.9128,463.6,0
2018-10-12,4,7.16667,0.0,10.6667,89,79.775,69.875,-39.239,-40.8626,420.0,0
2018-10-12,5,7.16667,0.0,10.3333,88,80.39,75.925,-43.1859,-35.6091,420.0,0
2018-10-12,6,7.16667,0.0,9.83333,93,69.7,77.19,-46.5916,-30.8968,420.0,0
2018-10-12,7,7.16667,0.0,9.5,94,58.225,81.735,-48.109,-28.6258,420.0,0
2018-10-12,8,7.16667,0.0,9.5,96,55.815,65.87,-48.109,-28.6258,420.0,0
2018-10-12,9,7.33333,0.0,10.0,83,59.08,65.99,-48.109,-28.6258,420.0,0
2018-10-12,10,7.66667,0.0,10.8333,68,55.17,37.33,-45.6005,-21.7877,460.8,0
2018-10-12,11,8.5,0.0,12.1667,53,52.17,31.855,-30.6507,-16.8379,421.2,0
2018-10-12,12,9.5,0.0,14.1667,45,51.06,27.445,-27.8791,-6.50556,393.6,0
2018-10-12,13,10.6667,0.0,16.1667,42,48.66,30.265,-33.4224,1.14804,300.0,0
2018-10-12,14,11.8333,0.0,18.1667,41,54.78,39.365,-33.4224,11.8631,252.45,0
2018-10-12,15,12.5,0.0,19.6667,40,60.7,44.695,-48.9656,20.282,265.5,0
2018-10-12,16,12.5,0.0,20.6667,40,70.335,58.315,-25.8791,15.6899,271.385,0
2018-10-12,17,11.8333,0.0,21.0,43,80.695,76.4,-15.8791,15.6899,240.0,0
2018-10-12,18,10.8333,0.0,20.5,55,72.75,62.885,4.13136,10.715,297.6,0
2018-10-12,19,9.5,0.0,19.6667,64,77.5,75.52,24.0657,5.35752,372.6,0
2018-10-12,21,7.16667,0.0,17.0,84,83.235,76.865,12.9791,9.94968,371.571,0
2018-10-12,23,6.16667,0.0,13.6667,90,85.12,78.46,14.8269,9.18432,433.5,0
2018-10-13,0,6.0,0.0,12.5,91,82.53,83.26,8.82688,9.18432,495.0,1
2018-10-13,1,6.0,0.0,11.5,91,87.145,80.405,4.82688,9.18432,538.65,1
2018-10-13,3,6.0,0.0,10.0,94,82.14,75.505,-2.7164,6.88824,517.029,1
2018-10-13,4,6.0,0.0,9.66667,93,83.615,79.775,-15.2597,4.59216,520.0,1
2018-10-13,5,6.0,0.0,9.5,93,84.01,80.39,-15.2597,0.0,520.0,1
2018-10-13,6,6.0,0.0,9.16667,99,87.74,69.7,-15.2597,-4.59216,520.0,1
2018-10-13,7,6.0,0.0,9.0,100,84.37,58.225,-15.2597,-9.18432,520.0,1
2018-10-13,8,6.0,0.0,9.16667,100,68.7,55.815,-15.2597,-13.7765,520.0,1
2018-10-13,9,6.16667,0.0,9.5,92,57.215,59.08,-26.803,-16.0726,520.0,1
2018-10-13,10,6.5,0.0,10.3333,72,45.525,55.17,-39.2701,-18.7513,499.8,1
2018-10-13,11,7.0,0.0,11.8333,57,35.18,52.17,-47.1179,-19.5167,517.0,1
2018-10-13,12,7.5,0.0,13.8333,46,29.325,51.06,-32.5746,-17.2206,457.6,1
2018-10-13,13,8.0,0.0,15.8333,40,33.455,48.66,-29.803,-16.0726,451.0,1
2018-10-13,14,8.5,0.0,17.8333,38,42.25,54.78,-32.5746,-17.2206,395.2,1
2018-10-13,15,8.66667,0.0,19.5,37,46.12,60.7,-29.803,-16.0726,393.6,1
2018-10-13,16,8.66667,0.0,20.6667,39,67.22,70.335,-30.7268,-16.4552,386.4,1
2018-10-13,17,8.33333,0.0,21.0,44,78.67,80.695,-30.7268,-16.4552,395.2,1
2018-10-13,18,8.16667,0.0,20.8333,62,62.89,72.75,-35.6766,-21.405,360.0,1
2018-10-13,19,7.83333,0.0,20.3333,68,83.22,77.5,-50.3335,-27.0619,374.0,1
2018-10-13,21,7.33333,0.0,17.6667,87,81.415,83.235,-39.0612,-33.108,432.667,1
2018-10-13,23,7.16667,0.0,14.6667,86,83.51,85.12,-33.2547,-36.5019,470.25,1
2018-10-14,1,7.0,0.0,12.0,91,88.7,87.145,-35.7632,-43.34,420.0,1
2018-10-14,3,7.0,0.0,10.3333,92,75.02,82.14,-38.0909,-38.0909,437.143,1
2018-10-14,4,7.0,0.0,9.83333,92,83.775,83.615,-41.8793,-34.3025,437.143,1
2018-10-14,5,7.0,0.0,9.16667,95,84.935,84.01,-45.6677,-30.5141,437.143,1
2018-10-14,6,7.0,0.0,8.66667,96,78.06,87.74,-47.1851,-28.2431,437.143,1
2018-10-14,7,7.0,0.0,8.5,100,65.825,84.37,-48.7025,-25.9721,437.143,1
2018-10-14,8,7.16667,0.0,8.66667,99,56.945,68.7,-48.7025,-25.9721,437.143,1
2018-10-14,9,7.5,0.0,9.16667,82,33.44,57.215,-49.4096,-26.6792,420.0,1
2018-10-14,10,8.0,0.0,10.0,61,25.84,45.525,-44.7902,-24.7658,443.143,1
2018-10-14,11,8.66667,0.0,11.8333,48,26.1,35.18,-47.5618,-25.9138,392.229,1
2018-10-14,12,9.5,0.0,13.8333,39,23.115,29.325,-44.7902,-24.7658,377.143,1
2018-10-14,13,10.5,0.0,15.8333,35,22.86,33.455,-49.4096,-26.6792,300.0,1
2018-10-14,14,11.5,0.0,18.0,35,26.53,42.25,-50.8134,-21.0474,288.0,1
2018-10-14,15,12.1667,0.0,19.6667,34,38.115,46.12,-28.4985,-17.6033,240.0,1
2018-10-14,16,12.3333,0.0,20.8333,36,66.485,67.22,3.903,-9.567,276.0,1
2018-10-14,17,12.1667,0.0,21.3333,42,57.055,78.67,25.9896,-4.97484,291.877,1
2018-10-14,18,11.6667,0.0,21.1667,60,27.6,62.89,35.9896,-4.97484,259.2,1
2018-10-14,19,10.8333,0.0,20.5,67,63.46,83.22,57.0,0.0,307.8,1
2018-10-14,20,9.66667,0.0,19.1667,75,48.77,73.75,51.0,0.0,366.277,1
2018-10-14,21,8.66667,0.0,17.6667,79,61.12,81.415,58.0,0.0,355.385,1
2018-10-14,23,7.5,0.0,14.5,69,49.725,83.51,59.0,0.0,385.745,1
2018-10-15,5,7.83333,0.0,9.0,72,63.81,84.935,-8.56416,-12.2458,425.829,0
2018-10-15,6,8.0,0.0,9.0,77,50.54,78.06,-22.9552,-15.3072,408.857,0
2018-10-15,7,8.0,0.0,9.16667,81,45.12,65.825,-37.3462,-18.3686,392.229,0
2018-10-15,8,8.16667,0.0,9.33333,78,43.62,56.945,-51.7373,-21.4301,390.0,0
2018-10-15,9,8.33333,0.0,9.83333,67,43.75,33.44,-52.6612,-21.8128,374.85,0
2018-10-15,10,9.33333,0.0,11.0,50,42.29,25.84,-53.585,-22.1954,360.0,0
2018-10-15,11,10.6667,0.0,12.5,40,41.995,26.1,-24.803,-16.0726,327.6,0
2018-10-15,12,12.0,0.0,14.0,33,39.44,23.115,5.97912,-9.94968,265.2,0
2018-10-15,13,13.3333,0.0,15.8333,30,38.33,22.86,37.6851,-3.44412,223.2,0
2018-10-15,14,14.3333,0.0,17.8333,30,50.49,26.53,62.0,0.0,196.114,0
2018-10-15,15,15.0,0.0,19.3333,30,61.795,38.115,63.0,0.0,202.725,0
2018-10-15,17,13.1667,0.0,20.3333,36,70.945,57.055,54.0,0.0,279.0,0
2018-10-15,18,11.8333,0.0,20.0,46,54.54,27.6,63.0,0.0,266.325,0
2018-10-15,19,10.3333,0.0,19.0,53,75.35,63.46,55.0,0.0,336.0,0
2018-10-15,20,9.0,0.0,17.5,64,55.21,48.77,62.0,0.0,330.72,0
2018-10-15,21,8.0,0.0,15.8333,72,66.84,61.12,54.0,0.0,403.015,0
2018-10-15,23,7.16667,0.0,12.8333,71,81.19,49.725,55.0,0.0,429.0,0
2018-10-16,5,7.0,0.0,8.16667,67,88.005,63.81,-24.803,-16.0726,437.143,0
2018-10-16,6,7.0,0.0,8.0,71,88.045,50.54,-38.2701,-18.7513,437.143,0
2018-10-16,7,7.0,0.0,7.83333,75,79.96,45.12,-51.7373,-21.4301,437.143,0
2018-10-16,8,7.0,0.0,8.0,74,77.635,43.62,-51.7373,-21.4301,437.143,0
2018-10-16,9,7.16667,0.0,8.5,62,49.885,43.75,-51.7373,-21.4301,437.143,0
2018-10-16,10,7.66667,0.0,9.66667,52,44.91,42.29,-52.6612,-21.8128,420.0,0
2018-10-16,11,8.5,0.0,11.1667,41,38.765,41.995,-48.9656,-20.282,425.829,0
2018-10-16,12,9.5,0.0,13.0,33,54.035,39.44,-24.0313,-14.9245,393.6,0
2018-10-16,13,10.8333,0.0,15.0,29,36.79,38.33,-4.56416,-12.2458,300.0,0
2018-10-16,14,12.3333,0.0,17.0,29,40.825,50.49,23.3702,-6.88824,240.0,0
2018-10-16,15,13.3333,0.0,18.6667,30,47.815,61.795,56.0,0.0,235.2,0
2018-10-16,17,13.3333,0.0,20.0,38,50.54,70.945,57.0,0.0,245.92,0
2018-10-16,18,12.6667,0.0,19.6667,43,50.53,54.54,52.0,0.0,297.6,0
2018-10-16,19,11.6667,0.0,19.0,47,73.27,75.35,61.0,0.0,284.625,0
2018-10-16,20,10.3333,0.0,17.8333,53,58.68,55.21,36.6851,3.44412,339.429,0
2018-10-16,21,9.16667,0.0,16.5,59,62.39,66.84,29.294,6.50556,320.914,0
2018-10-16,23,7.5,0.0,14.0,66,80.47,81.19,28.294,6.50556,372.3,0
2018-10-17,1,6.5,0.0,12.1667,71,78.19,85.38,6.75076,4.20948,479.467,0
2018-10-17,3,6.33333,0.0,11.1667,74,79.17,80.715,-11.4417,-4.98295,482.4,0
2018-10-17,4,6.5,0.0,10.8333,74,80.23,77.2,-8.07652,-13.3768,503.25,0
2018-10-17,5,6.66667,0.0,10.3333,81,85.8,88.005,-5.63525,-21.3881,509.143,0
2018-10-17,7,7.0,0.0,10.0,83,86.995,79.96,-28.5348,-31.2876,477.0,0
2018-10-17,8,7.0,0.0,10.0,79,82.865,77.635,-39.4846,-36.2374,457.6,0
2018-10-17,9,7.0,0.0,10.3333,71,66.155,49.885,-38.891,-38.891,438.6,0
2018-10-17,10,7.0,0.0,11.0,64,63.58,44.91,-41.1156,-37.3271,437.143,0
2018-10-17,11,7.16667,0.0,12.0,55,60.125,38.765,-42.6329,-35.0561,437.143,0
2018-10-17,12,7.33333,0.0,13.1667,48,63.275,54.035,-45.0742,-33.1678,420.0,0
2018-10-17,13,7.5,0.0,14.5,43,68.045,36.79,-42.5657,-26.3297,460.8,0
2018-10-17,14,7.66667,0.0,15.8333,41,72.8,40.825,-29.6159,-21.3799,443.143,0
2018-10-17,15,7.83333,0.0,17.0,41,76.69,47.815,-16.6662,-16.4302,425.829,0
2018-10-17,16,7.83333,0.0,17.8333,42,73.71,48.455,-3.7164,-11.4804,408.857,0
2018-10-17,17,7.33333,0.0,18.0,53,76.37,50.54,9.75076,-8.80164,408.857,0
2018-10-17,18,6.66667,0.0,17.8333,57,70.95,50.53,11.5985,-4.20948,453.6,0
2018-10-17,20,5.33333,0.0,16.6667,57,80.825,58.68,12.4656,3.21112,520.8,0
2018-10-17,21,5.0,0.0,15.8333,62,77.46,62.39,9.63716,6.03956,514.8,0
2018-10-17,23,5.83333,0.0,14.1667,71,82.2,80.47,1.7241,20.7347,550.8,0
2018-10-18,0,6.33333,0.0,13.5,65,47.47,69.33,-9.72002,29.0496,532.65,0
2018-10-18,1,6.66667,0.0,13.0,62,77.29,78.19,-22.6698,33.9994,536.057,0
2018-10-18,5,5.83333,0.0,11.8333,78,55.495,85.8,-3.94065,29.1411,496.8,0
2018-10-18,8,5.83333,0.0,11.0,88,41.135,82.865,21.3635,17.5073,530.0,0
2018-10-18,9,6.0,0.0,11.0,81,42.58,66.155,30.8076,9.19243,555.429,0
2018-10-18,10,6.33333,0.0,11.3333,78,40.875,63.58,41.7573,4.24266,561.6,0
2018-10-18,11,6.83333,0.0,12.0,71,40.02,60.125,54.0,0.0,501.84,0
2018-10-18,12,7.33333,0.0,13.0,67,45.43,63.275,53.0,0.0,477.0,0
2018-10-18,14,8.0,0.0,15.3333,63,46.59,72.8,36.609,3.06144,432.0,0
2018-10-18,15,8.16667,0.0,16.3333,63,52.455,76.69,23.2179,6.12288,395.2,0
2018-10-18,16,7.83333,0.0,17.0,63,74.8,73.71,10.7508,8.80164,377.4,0
2018-10-18,17,7.16667,0.0,17.3333,76,81.145,76.37,-0.792519,11.0977,405.45,0
2018-10-18,18,6.5,0.0,17.3333,81,68.86,70.95,-12.3281,14.6333,463.6,0
2018-10-18,20,5.5,0.0,16.3333,79,72.67,80.825,-16.7087,21.5467,515.2,0
2018-10-18,21,5.16667,0.0,15.6667,86,78.13,77.46,-12.0893,23.4601,496.4,0
2018-10-18,23,5.16667,0.0,13.6667,90,68.585,82.2,-4.45943,24.2254,607.05,0
2018-10-19,5,6.0,0.0,9.66667,100,80.33,55.495,41.9154,27.303,570.24,0
2018-10-19,6,6.0,0.0,9.16667,100,76.25,44.47,41.5387,29.6323,546.96,0
2018-10-19,8,6.0,0.0,8.16667,100,74.79,41.135,40.7852,34.2908,520.0,0
2018-10-19,9,6.16667,0.0,8.16667,100,69.835,42.58,39.4846,36.2374,520.0,0
2018-10-19,10,6.83333,0.0,8.33333,83,69.31,40.875,38.891,38.891,499.8,0
2018-10-19,11,7.5,0.0,9.0,71,70.94,40.02,37.4768,37.4768,477.0,0
2018-10-19,12,8.33333,0.23,10.0,63,74.59,45.43,36.0626,36.0626,451.0,0
2018-10-19,14,10.0,0.23,12.6667,51,79.245,46.59,43.66,31.7536,316.2,0
2018-10-19,15,10.8333,0.23,13.8333,48,78.605,52.455,44.6302,26.7706,321.48,0
2018-10-19,16,11.0,0.46,14.8333,50,78.785,74.8,48.6457,24.2917,297.0,0
2018-10-19,17,11.1667,0.46,14.8333,77,72.9,81.145,51.7373,21.4301,294.0,0
2018-10-19,18,10.8333,0.23,14.5,77,64.395,68.86,51.7373,21.4301,294.0,0
2018-10-19,19,10.3333,0.23,14.0,78,81.13,78.6,47.9386,23.5846,317.127,0
2018-10-19,20,9.66667,0.23,13.1667,84,69.74,72.67,43.4328,25.032,359.9,0
2018-10-19,21,8.83333,0.23,12.1667,88,75.42,78.13,48.3826,29.9818,345.6,0
2018-10-19,23,7.33333,0.0,10.8333,89,73.305,68.585,47.1955,35.2891,372.764,0
2018-10-20,4,5.83333,0.0,9.5,79,79.285,73.39,42.5657,26.3297,528.0,1
2018-10-20,5,5.83333,0.0,9.33333,78,78.24,80.33,46.1013,29.8653,498.343,1
2018-10-20,6,5.83333,0.0,9.5,77,78.27,76.25,45.3941,29.1581,517.029,1
2018-10-20,7,6.0,0.0,9.5,78,80.27,72.96,44.687,28.451,536.057,1
2018-10-20,8,6.16667,0.0,9.66667,79,80.73,74.79,44.687,28.451,520.0,1
2018-10-20,9,6.5,0.0,9.66667,80,58.145,69.835,44.0935,31.1047,499.8,1
2018-10-20,10,7.0,0.0,9.83333,89,34.52,69.31,38.6638,32.1694,517.0,1
2018-10-20,11,7.5,1.27,10.3333,85,28.1,70.94,38.7775,37.2644,477.0,1
2018-10-20,12,8.16667,1.27,10.6667,81,28.035,74.59,36.0626,39.7477,451.0,1
2018-10-20,13,8.83333,1.27,11.1667,79,30.405,75.34,38.891,44.7438,377.4,1
2018-10-20,14,9.5,1.52,11.3333,78,27.05,79.245,37.4768,43.3296,361.029,1
2018-10-20,15,10.0,1.77,11.5,75,27.045,78.605,40.3053,46.1581,313.65,1
2018-10-20,16,10.5,1.77,11.5,70,26.145,78.785,36.7697,40.8883,326.8,1
2018-10-20,17,10.6667,0.75,11.3333,63,27.825,72.9,38.1839,40.3516,309.12,1
2018-10-20,18,10.8333,0.75,11.0,61,25.245,64.395,38.1839,38.1839,317.127,1
2018-10-20,19,10.8333,0.75,10.5,61,25.02,81.13,38.1839,38.1839,317.127,1
2018-10-20,20,10.8333,0.5,10.0,62,28.86,69.74,38.1839,38.1839,317.127,1
2018-10-20,21,10.6667,0.25,9.5,60,31.76,75.42,38.1839,38.1839,317.127,1
2018-10-20,23,10.3333,0.0,8.16667,60,30.79,73.305,37.4768,37.4768,329.018,1
2018-10-21,0,10.1667,0.0,7.66667,61,19.51,72.32,36.0626,36.0626,353.455,1
2018-10-21,1,10.0,0.0,7.33333,62,40.3,75.03,43.1337,43.1337,300.0,1
2018-10-21,3,10.0,0.0,6.83333,71,28.925,78.55,44.8111,38.8579,300.0,1
2018-10-21,4,10.0,0.0,6.66667,76,31.19,79.285,46.9788,35.6136,300.0,1
2018-10-21,5,10.1667,0.0,6.33333,81,33.035,78.24,42.7825,26.0053,346.92,1
2018-10-21,6,10.0,0.0,6.0,86,30.875,78.27,44.9502,22.761,346.92,1
2018-10-21,7,9.83333,0.0,5.5,89,32.54,80.27,53.9502,22.761,300.0,1
2018-10-21,8,9.5,0.0,5.16667,89,35.675,80.73,55.194,19.134,323.345,1
2018-10-21,9,9.33333,0.0,5.16667,82,35.27,58.145,54.0313,14.9245,337.08,1
2018-10-21,10,9.16667,0.0,5.33333,78,33.725,34.52,53.1074,7.6536,349.92,1
2018-10-21,11,9.16667,0.0,5.83333,70,29.65,28.1,52.1836,0.38268,363.0,1
2018-10-21,12,9.5,0.0,6.5,64,25.465,28.035,52.1836,-7.27092,352.8,1
2018-10-21,13,9.83333,0.0,7.5,59,25.56,30.405,53.3462,-11.4804,325.867,1
2018-10-21,14,10.1667,0.0,8.5,55,36.46,27.05,55.194,-19.134,300.0,1
2018-10-21,15,10.3333,0.0,9.33333,51,41.785,27.045,48.0418,-19.8994,326.8,1
2018-10-21,16,10.3333,0.0,10.0,50,50.285,26.145,48.9656,-20.282,321.48,1
2018-10-21,17,9.83333,0.0,10.0,63,55.88,27.825,48.0418,-19.8994,341.127,1
2018-10-21,18,9.16667,0.0,9.83333,64,56.95,25.245,54.5089,-22.5781,323.345,1
2018-10-21,20,7.83333,0.0,8.66667,80,62.585,28.86,45.6005,-21.7877,425.455,1
2018-10-21,21,7.16667,0.0,7.66667,85,66.46,31.76,50.5503,-26.7375,398.945,1
2018-10-21,23,6.5,0.0,6.0,88,73.36,30.79,48.8729,-31.0133,434.52,1
2018-10-22,0,6.33333,0.0,5.33333,91,55.16,19.51,43.8768,-31.4292,482.4,0
2018-10-22,1,6.0,0.0,4.5,94,76.39,40.3,39.8045,-32.2277,509.143,0
2018-10-22,2,5.66667,0.0,4.0,96,62.895,25.92,43.34,-35.7632,480.0,0
2018-10-22,3,5.33333,0.0,3.66667,91,68.9,28.925,38.7863,-37.7039,517.029,0
2018-10-22,4,5.0,0.0,3.16667,91,55.6,31.19,33.8498,-38.7206,575.143,0
2018-10-22,5,4.5,0.0,2.83333,90,55.255,33.035,33.8498,-42.7206,559.543,0
2018-10-22,6,3.83333,0.0,2.5,90,68.905,30.875,27.752,-40.5425,641.143,0
2018-10-22,7,3.33333,0.0,2.16667,93,76.175,32.54,26.9867,-42.3903,663.257,0
2018-10-22,8,2.83333,0.0,2.0,98,70.49,35.675,25.5725,-43.8045,681.943,0
2018-10-22,10,2.66667,0.0,2.83333,82,59.46,33.725,16.9272,-38.8547,795.0,0
2018-10-22,11,3.16667,0.0,3.83333,70,55.3,29.65,9.14896,-31.0765,820.8,0
2018-10-22,12,4.0,0.0,5.16667,59,46.895,25.465,0.66364,-22.5912,820.8,0
2018-10-22,13,5.0,0.0,6.83333,52,41.265,25.56,-6.25778,-11.8814,795.0,0
2018-10-22,14,6.0,0.0,8.5,49,42.46,36.46,-13.5619,-0.24768,720.0,0
2018-10-22,15,7.0,0.0,10.0,48,50.9,41.785,-19.0108,15.9073,688.5,0
2018-10-22,16,7.5,0.0,11.0,48,78.85,50.285,-20.5415,31.6028,600.0,0
2018-10-22,17,7.83333,0.0,11.3333,50,56.455,55.88,-9.70929,45.7928,420.0,0
2018-10-22,18,7.83333,0.0,11.1667,48,32.69,56.95,1.3309,48.8829,413.4,0
2018-10-22,20,7.5,0.63,9.83333,55,10.53,62.585,18.1519,51.1074,421.2,0
2018-10-22,21,7.5,0.63,9.0,62,23.335,66.46,26.1631,50.1836,437.25,0
2018-10-22,23,8.33333,1.26,8.16667,82,22.745,73.36,38.891,48.6457,405.45,0
2018-10-23,0,9.16667,1.26,8.0,83,12.94,55.16,41.0124,49.0329,360.0,0
2018-10-23,1,10.0,1.11,7.66667,84,25.52,76.39,38.891,43.66,329.829,0
2018-10-23,2,10.8333,1.11,7.5,82,13.08,62.895,40.0781,35.3178,305.25,0
2018-10-23,3,11.3333,1.11,7.0,78,26.49,68.9,45.5077,32.519,273.48,0
2018-10-23,4,11.1667,0.48,6.16667,76,24.4,55.6,46.2149,33.2261,271.745,0
2018-10-23,5,10.8333,0.48,5.5,75,24.76,55.255,44.8006,31.8118,302.4,0
2018-10-23,6,10.5,0.96,4.66667,77,19.425,68.905,42.6793,31.6414,336.3,0
2018-10-23,7,10.6667,0.48,4.16667,79,17.45,76.175,31.5927,37.0493,359.9,0
2018-10-23,8,11.5,1.24,3.66667,77,20.255,70.49,20.5062,45.4571,341.127,0
2018-10-23,10,15.0,1.24,3.83333,81,21.94,59.46,25.456,56.2597,189.72,0
2018-10-23,11,17.8333,1.98,4.5,69,20.025,55.3,41.0124,53.585,179.082,0
2018-10-23,12,21.3333,2.24,5.33333,63,24.54,46.895,47.3764,61.9,131.368,0
2018-10-23,13,24.8333,2.24,6.33333,61,26.855,41.265,40.3053,52.6612,143.308,0
2018-10-23,14,28.0,2.88,7.33333,61,28.495,42.46,21.9204,62.6403,120.077,0
2018-10-23,15,31.3333,4.28,8.0,72,26.985,50.9,0.0,70.0,108.424,0
2018-10-23,16,34.0,5.68,8.33333,81,18.99,78.85,0.0,75.0,95.5667,0
2018-10-23,17,35.6667,6.34,8.16667,82,10.64,56.455,-14.5418,74.1074,97.2923,0
2018-10-23,18,36.5,5.6,8.16667,84,7.395,32.69,-28.3183,68.3671,105.095,0
2018-10-23,19,36.6667,5.6,8.0,87,10.14,26.52,-27.553,66.5194,106.667,0
2018-10-23,20,37.0,6.79,7.83333,86,6.245,10.53,-27.1703,65.5955,110.5,0
2018-10-23,21,36.6667,7.98,8.0,85,5.095,23.335,-27.9356,67.4432,99.9086,0
2018-10-23,23,36.8333,10.36,8.5,86,5.995,22.745,-27.9356,67.4432,105.859,0
2018-10-24,0,38.8333,10.36,8.66667,85,6.065,12.94,-28.701,69.291,95.5667,0
2018-10-24,1,42.0,11.68,8.83333,84,5.235,25.52,-14.9245,84.0313,65.6,0
2018-10-24,2,42.8333,10.41,9.0,81,5.705,13.08,0.0,54.0,111.111,0
2018-10-24,3,44.3333,9.14,9.0,81,4.77,26.49,0.0,97.0,77.2667,0
2018-10-24,4,46.6667,7.87,8.83333,80,7.925,24.4,32.5271,85.4985,70.8279,0
2018-10-24,5,48.6667,5.28,8.66667,79,8.83,24.76,67.8826,88.6925,60.0,0
2018-10-24,6,48.8333,5.28,8.33333,81,7.885,19.425,36.0626,36.0626,117.647,0
2018-10-24,7,47.6667,3.96,8.0,84,7.71,17.45,70.711,70.711,62.4,0
2018-10-24,9,47.0,1.32,7.0,74,11.25,24.905,64.347,64.347,75.7787,0
2018-10-24,10,45.1667,0.0,6.66667,63,7.955,21.94,60.1043,60.1043,85.2818,0
2018-10-24,11,43.6667,0.0,6.5,55,9.09,20.025,56.5688,56.5688,92.839,0
2018-10-24,12,42.6667,0.0,6.5,49,9.97,24.54,66.3802,43.6498,83.8769,0
2018-10-24,13,42.5,0.0,6.66667,43,11.09,26.855,78.5298,32.5278,79.8,0
2018-10-24,14,43.3333,0.0,7.0,41,12.7,28.495,72.2539,48.9823,70.8279,0
2018-10-24,15,45.0,0.0,7.5,40,19.35,26.985,67.1754,67.1754,62.5304,0
2018-10-24,16,46.1667,0.0,7.83333,43,17.935,18.99,36.0626,36.0626,117.647,0
2018-10-24,17,45.6667,0.0,7.83333,45,12.69,10.64,68.5897,68.5897,69.8824,0
2018-10-24,18,44.0,0.0,7.83333,49,13.435,7.395,60.1043,60.1043,90.7043,0
2018-10-24,19,40.8333,0.0,7.5,47,13.675,10.14,50.9119,50.9119,115.446,0
2018-10-24,21,29.6667,0.0,6.33333,47,15.17,5.095,55.1546,55.1546,142.0,0
2018-10-24,23,20.1667,0.0,5.0,57,19.19,5.995,52.3261,52.3261,197.867,0
2018-10-25,0,16.8333,0.0,4.33333,61,16.23,6.065,43.1337,43.1337,231.8,0
2018-10-25,1,14.5,0.0,3.66667,63,17.155,5.235,39.5982,39.5982,254.88,0
2018-10-25,2,13.5,0.0,3.16667,63,16.595,5.705,38.1839,41.0019,267.429,0
2018-10-25,3,12.8333,0.0,2.5,63,19.765,4.77,36.7697,42.189,286.971,0
2018-10-25,4,12.1667,1.12,2.16667,64,19.155,7.925,44.5479,52.3517,249.171,0
2018-10-25,5,11.5,1.12,2.16667,71,16.05,8.83,34.6484,52.4521,279.138,0
2018-10-25,6,11.0,2.24,2.16667,79,19.915,7.885,25.456,53.2597,310.431,0
2018-10-25,7,10.6667,3.38,2.5,88,23.0,7.71,12.4367,50.488,336.3,0
2018-10-25,9,10.8333,5.66,3.66667,96,6.685,11.25,-22.6916,41.6092,321.48,0
2018-10-25,10,11.8333,4.54,4.5,87,6.455,7.955,-31.1769,40.0945,297.0,0
2018-10-25,11,13.3333,4.54,5.5,83,7.875,9.09,-27.3501,36.8557,281.455,0
2018-10-25,12,15.3333,4.54,6.66667,79,9.725,9.97,-19.5719,48.0775,206.7,0
2018-10-25,13,17.5,4.52,7.83333,77,13.845,11.09,15.5564,55.3254,181.425,0
2018-10-25,14,19.6667,3.38,9.0,76,14.76,12.7,32.5271,61.4985,143.242,0
2018-10-25,15,21.6667,2.24,9.83333,73,14.14,19.35,50.2048,65.5955,125.182,0
2018-10-25,16,22.6667,2.24,10.5,73,9.63,17.935,51.619,67.4432,124.95,0
2018-10-25,17,23.0,3.36,10.6667,81,13.84,12.69,50.2048,65.5955,139.968,0
2018-10-25,18,22.6667,2.24,10.6667,84,11.875,13.435,47.3764,61.9,156.75,0
2018-10-25,19,21.8333,1.75,10.3333,85,12.26,13.675,44.5479,58.2044,170.564,0
2018-10-25,21,19.5,1.75,9.66667,85,12.23,15.17,40.3053,52.6612,200.34,0
2018-10-25,23,17.6667,0.63,8.83333,82,10.085,19.19,36.0626,47.1179,236.733,0
