data,timeofday,windspeed6,opady6,temp6,rhumid,index_avg,prev_index_avg,wind_dir_ns,wind_dir_ew,dispel50,is_weekend
2017-11-14,18,18.3333,1.22,5.33333,81,22.71,3.39,-54.5089,22.5781,191.314,0
2017-11-15,1,15.6667,0.0,6.33333,90,30.1,8.86,-23.3435,56.3567,218.625,0
2017-11-15,2,14.8333,0.0,6.5,92,22.625,8.865,-17.2206,55.5746,247.8,0
2017-11-15,3,14.3333,0.0,6.66667,89,17.975,9.46,-15.6899,51.8791,257.914,0
2017-11-15,4,13.6667,0.0,6.66667,89,24.52,8.77,-15.3072,50.9552,261.415,0
2017-11-15,5,13.1667,0.0,6.66667,90,33.24,13.435,-20.2319,48.8443,257.914,0
2017-11-15,6,13.3333,0.23,6.5,89,37.6,11.045,-24.4414,45.007,286.971,0
2017-11-15,7,13.3333,0.23,6.33333,91,38.435,12.42,-28.9834,41.9722,281.538,0
2017-11-15,8,13.3333,0.23,6.5,91,36.89,15.795,-29.3661,42.8961,277.114,0
2017-11-15,9,13.3333,0.23,6.66667,90,34.6,15.54,-24.8241,45.9309,259.418,0
2017-11-15,10,12.1667,0.23,6.66667,89,33.755,22.16,-25.5894,47.7786,257.914,0
2017-11-15,11,12.3333,0.71,6.83333,89,32.98,20.78,-30.5392,52.7284,258.514,0
2017-11-15,12,12.1667,0.48,7.16667,89,33.285,18.35,-29.125,51.3142,277.714,0
2017-11-15,13,11.8333,0.48,7.5,89,32.51,15.355,-32.9599,47.5723,287.571,0
2017-11-15,14,11.3333,0.48,7.66667,90,21.09,19.775,-36.0877,43.1233,299.815,0
2017-11-15,15,11.0,0.48,7.83333,91,19.03,27.275,-38.891,38.891,267.429,0
2017-11-15,16,11.1667,0.48,8.0,90,18.705,31.185,-41.7195,41.7195,270.3,0
2017-11-15,17,10.5,0.0,8.16667,90,23.295,35.33,-38.891,38.891,321.231,0
2017-11-15,18,9.16667,0.74,8.33333,91,30.16,22.71,-41.9525,46.2821,300.0,0
2017-11-16,1,7.66667,0.0,6.5,96,32.51,30.1,-23.049,32.1082,440.64,0
2017-11-16,2,7.16667,0.0,6.33333,94,37.0,22.625,-26.7925,33.1456,421.2,0
2017-11-16,3,6.5,0.0,6.33333,91,37.375,17.975,-36.6921,29.9973,463.6,0
2017-11-16,4,6.33333,0.0,6.33333,89,31.735,24.52,-38.1063,31.4115,498.667,0
2017-11-16,5,5.83333,0.0,6.33333,93,30.08,33.24,-45.4973,25.4729,477.0,0
2017-11-16,6,6.16667,0.0,6.33333,89,25.64,37.6,-45.4973,25.4729,515.2,0
2017-11-16,7,6.0,0.0,6.33333,88,25.39,38.435,-42.1322,26.9786,549.067,0
2017-11-16,8,6.33333,0.0,6.33333,83,35.3,36.89,-47.0819,31.9283,496.4,0
2017-11-16,9,7.83333,0.0,6.16667,81,33.97,34.6,-39.8045,32.2277,520.8,0
2017-11-16,10,7.5,0.0,6.16667,85,33.59,33.755,-44.3103,30.7803,438.6,0
2017-11-16,11,7.66667,0.0,6.33333,83,29.365,32.98,-44.1967,27.4195,437.25,0
2017-11-16,12,8.66667,0.0,6.66667,82,33.61,33.285,-41.7554,29.3078,432.0,0
2017-11-16,13,9.5,0.0,6.83333,86,34.57,32.51,-43.2728,27.0368,377.143,0
2017-11-16,15,10.6667,0.0,7.5,87,49.26,19.03,-45.6005,21.7877,319.0,0
2017-11-16,16,10.8333,0.0,7.66667,92,48.025,18.705,-22.1074,14.5418,291.877,0
2017-11-16,17,11.3333,0.0,7.83333,91,44.615,23.295,-15.1074,14.5418,289.385,0
2017-11-16,18,11.1667,0.0,7.83333,91,41.6,30.16,6.903,9.567,313.5,0
2017-11-17,1,15.8333,1.27,7.16667,90,50.11,32.51,-60.0522,24.8742,208.042,0
2017-11-17,2,15.5,1.27,7.16667,92,42.91,37.0,-55.4328,22.9608,220.0,0
2017-11-17,3,14.6667,1.52,7.33333,91,39.63,37.375,-54.5089,22.5781,241.553,0
2017-11-17,4,14.5,1.01,7.5,90,26.535,31.735,-48.7025,25.9721,248.571,0
2017-11-17,5,14.0,0.5,7.5,89,4.985,30.08,-45.6677,30.5141,248.571,0
2017-11-17,6,14.0,0.5,7.5,87,1.465,25.64,-42.6329,35.0561,248.571,0
2017-11-17,7,14.8333,0.25,7.33333,86,2.675,25.39,-29.6986,43.6986,248.571,0
2017-11-17,8,15.1667,0.25,7.0,86,5.32,35.3,-6.36399,51.3528,204.429,0
2017-11-17,9,15.0,0.0,6.66667,83,5.185,33.97,14.8493,56.2353,187.971,0
2017-11-17,10,14.6667,0.0,6.33333,79,4.59,33.59,24.7488,59.3358,196.114,0
2017-11-17,11,14.5,0.0,6.33333,72,4.085,29.365,33.2342,56.4224,245.937,0
2017-11-17,12,14.3333,0.0,6.33333,64,4.53,33.61,19.7991,51.8686,279.0,0
2017-11-17,13,13.1667,0.0,6.66667,65,3.41,34.57,8.48532,50.0866,291.877,0
2017-11-17,15,12.3333,0.0,7.33333,70,4.585,49.26,0.0,51.0,291.877,0
2017-11-17,16,12.1667,0.0,7.5,75,12.505,48.025,0.0,62.0,249.508,0
2017-11-17,17,11.8333,0.0,7.5,76,15.885,44.615,0.0,60.0,269.077,0
2017-11-17,18,11.5,0.0,7.33333,79,26.39,41.6,0.0,58.0,280.8,0
2017-11-18,1,14.5,0.0,4.0,75,6.76,50.11,-28.2099,53.1051,211.68,1
2017-11-18,2,15.1667,0.0,4.16667,74,6.565,42.91,-32.3693,49.1465,220.0,1
2017-11-18,3,15.3333,0.0,4.33333,75,6.5,39.63,-37.9428,46.602,211.68,1
2017-11-18,4,15.6667,0.0,4.5,75,5.925,26.535,-38.6499,47.3091,210.6,1
2017-11-18,5,16.1667,0.0,4.5,76,5.05,4.985,-44.5479,44.5479,187.971,1
2017-11-18,6,16.5,0.0,4.5,73,4.9,1.465,-36.0626,36.0626,229.125,1
2017-11-18,7,17.3333,0.0,4.5,73,7.555,2.675,-37.4768,37.4768,216.847,1
2017-11-18,8,18.3333,0.0,4.16667,79,10.34,5.32,-38.891,38.891,205.8,1
2017-11-18,9,19.5,0.0,4.0,76,10.645,5.185,-41.7195,41.7195,177.0,1
2017-11-18,10,20.3333,0.0,3.83333,75,11.525,4.59,-45.255,45.255,149.368,1
2017-11-18,11,21.3333,0.48,4.0,68,13.08,4.085,-47.3764,47.3764,147.0,1
2017-11-18,12,22.5,0.48,4.33333,62,15.39,4.53,-53.9931,41.0043,140.87,1
2017-11-18,13,23.5,0.48,4.66667,64,16.0,3.41,-55.4073,42.4185,125.182,1
2017-11-18,14,24.3333,0.48,5.16667,67,16.45,3.42,-57.5286,44.5398,120.0,1
2017-11-18,15,24.8333,1.52,5.5,71,16.34,4.585,-36.7697,36.7697,168.192,1
2017-11-18,16,25.1667,2.56,5.83333,81,11.715,12.505,-37.4768,37.4768,167.733,1
2017-11-18,17,24.3333,2.08,6.0,86,6.185,15.885,-54.4475,54.4475,120.0,1
2017-11-18,18,23.6667,2.08,5.83333,80,5.175,26.39,-48.7906,48.7906,155.215,1
2017-11-19,1,20.1667,1.48,3.83333,77,5.07,6.76,-30.9219,53.6523,170.564,1
2017-11-19,2,21.1667,1.48,3.83333,77,5.1,6.565,-30.9219,53.6523,160.74,1
2017-11-19,3,21.6667,0.74,4.16667,73,2.755,6.5,-39.5318,51.4382,147.714,1
2017-11-19,4,21.1667,1.22,4.33333,73,2.125,5.925,-33.1014,56.9142,147.0,1
2017-11-19,5,21.6667,1.22,4.5,77,2.13,5.05,-31.9534,54.1426,169.304,1
2017-11-19,6,21.8333,0.96,4.66667,71,2.01,4.9,-24.4915,59.1283,164.509,1
2017-11-19,7,22.8333,0.96,4.83333,72,2.565,7.555,-24.4915,59.1283,149.368,1
2017-11-19,8,22.6667,0.96,5.0,69,2.485,10.34,-27.9356,67.4432,120.0,1
2017-11-19,9,22.8333,2.23,5.0,71,1.805,10.645,-27.553,66.5194,120.0,1
2017-11-19,10,23.3333,3.27,5.16667,79,2.63,11.525,-27.9356,67.4432,143.786,1
2017-11-19,11,23.3333,3.52,5.33333,73,2.955,13.08,-32.777,57.131,147.0,1
2017-11-19,12,23.1667,3.04,5.5,72,1.87,15.39,-33.1597,58.0549,146.348,1
2017-11-19,13,22.1667,3.04,5.66667,76,1.315,16.0,-39.2074,51.655,152.727,1
2017-11-19,14,22.0,3.04,5.83333,71,0.855,16.45,-32.0699,56.4239,157.617,1
2017-11-19,15,22.6667,1.77,5.83333,77,0.795,16.34,-31.3046,54.5761,159.6,1
2017-11-19,16,24.0,0.25,5.5,78,1.12,11.715,-16.4552,66.7268,130.473,1
2017-11-19,17,24.5,0.0,5.16667,72,1.655,6.185,21.2133,54.7164,146.222,1
2017-11-19,18,26.5,0.76,4.83333,71,1.06,5.175,21.2133,53.7164,159.84,1
2017-11-20,1,37.5,0.91,4.33333,66,2.365,5.07,70.4061,48.2169,84.6522,0
2017-11-20,2,35.0,0.0,4.33333,71,1.32,5.1,69.291,28.701,110.107,0
2017-11-20,3,32.3333,0.0,4.33333,69,0.66,2.755,46.2612,27.8604,175.659,0
2017-11-20,4,29.8333,0.23,4.16667,66,0.735,2.125,59.6963,45.4142,165.176,0
2017-11-20,5,24.0,0.23,4.0,75,0.855,2.13,41.0124,49.0329,198.0,0
2017-11-20,6,18.8333,0.23,3.83333,75,1.755,2.01,41.0124,60.0329,193.143,0
2017-11-20,7,15.1667,0.23,3.33333,76,3.97,2.565,26.1631,55.1836,261.979,0
2017-11-20,8,13.6667,0.23,3.0,78,9.95,2.485,12.728,49.6298,317.133,0
2017-11-20,9,12.0,0.81,2.66667,82,8.915,1.805,8.13582,60.7164,282.333,0
2017-11-20,10,11.0,0.58,2.5,79,6.46,2.63,-8.03628,52.4015,317.127,0
2017-11-20,11,11.5,1.37,2.5,74,2.825,2.955,-12.6284,52.488,297.0,0
2017-11-20,12,12.3333,1.37,2.66667,72,2.935,1.87,-17.986,55.4224,270.3,0
2017-11-20,13,12.8333,1.95,3.33333,70,4.185,1.315,-23.7262,57.2806,240.0,0
2017-11-20,14,12.6667,1.95,3.83333,70,4.1,0.855,-15.6899,52.8791,235.2,0
2017-11-20,15,13.0,1.37,4.5,72,10.165,0.795,-15.3072,51.9552,257.914,0
2017-11-20,16,12.8333,1.37,4.66667,77,6.73,1.12,-14.1592,49.1836,292.32,0
2017-11-20,17,11.3333,1.16,4.66667,95,14.23,1.655,-18.3686,59.3462,257.92,0
2017-11-20,18,10.0,1.16,4.66667,88,14.34,1.06,-12.6284,50.488,357.12,0
2017-11-21,1,6.66667,0.0,3.16667,82,21.125,2.365,-25.922,41.5812,460.8,0
2017-11-21,2,6.66667,0.0,3.0,90,16.835,1.32,-28.7504,44.4096,454.629,0
2017-11-21,3,7.0,0.0,3.0,86,16.465,0.66,-36.1414,40.471,452.4,0
2017-11-21,4,7.0,0.0,3.0,86,16.775,0.735,-41.3949,36.5241,436.05,0
2017-11-21,5,6.83333,0.0,2.66667,98,20.69,0.855,-41.6986,27.6274,479.467,0
2017-11-21,6,6.66667,0.0,2.5,96,23.54,1.755,-46.318,29.5408,466.4,0
2017-11-21,7,6.83333,0.0,2.33333,92,30.59,3.97,-34.954,23.1768,496.8,0
2017-11-21,8,6.33333,0.0,2.33333,87,35.02,9.95,-25.7114,18.9342,517.0,0
2017-11-21,9,5.83333,0.0,2.33333,83,35.96,8.915,-20.7114,18.9342,480.0,0
2017-11-21,10,5.16667,0.0,2.5,85,33.625,6.46,-7.64028,11.8631,520.8,0
2017-11-21,11,5.16667,0.0,3.0,84,30.63,2.825,-2.64028,11.8631,497.25,0
2017-11-21,12,5.0,0.0,3.33333,88,29.53,2.935,9.75076,8.80164,564.667,0
2017-11-21,13,4.83333,0.0,3.66667,83,26.91,4.185,6.05524,10.3324,557.6,0
2017-11-21,14,4.83333,0.0,4.0,82,25.25,4.1,10.6746,8.41896,649.6,0
2017-11-21,15,5.33333,0.0,4.16667,86,26.665,10.165,6.05524,10.3324,618.8,0
2017-11-21,16,5.5,0.0,4.16667,86,29.165,6.73,10.6746,8.41896,586.56,0
2017-11-21,17,5.66667,0.0,4.16667,86,34.85,14.23,0.131361,10.715,563.04,0
2017-11-21,18,6.0,0.0,4.16667,87,37.92,14.34,-10.4119,13.0111,540.0,0
2017-11-22,1,9.5,0.0,4.0,90,40.575,21.125,-35.8502,-34.7678,385.0,0
2017-11-22,2,11.0,0.79,4.0,89,43.45,16.835,-42.0394,-37.7098,300.0,0
2017-11-22,3,12.5,0.79,4.0,90,47.71,16.465,-41.0124,-41.0124,251.6,0
2017-11-22,4,14.3333,1.58,4.16667,93,45.525,16.775,-43.9904,-34.79,225.5,0
2017-11-22,5,15.3333,2.37,4.33333,96,44.84,20.69,-45.4973,-25.4729,212.625,0
2017-11-22,6,16.1667,3.16,4.5,98,33.415,23.54,-48.0418,-19.8994,224.824,0
2017-11-22,7,17.3333,4.05,4.83333,95,23.38,30.59,-48.0418,-19.8994,236.64,0
2017-11-22,8,17.0,4.15,5.0,100,21.635,35.02,-47.1179,-19.5167,225.28,0
2017-11-22,9,16.8333,4.15,5.16667,100,25.075,35.96,-33.1179,-19.5167,180.0,0
2017-11-22,10,16.0,4.2,5.66667,91,25.175,33.625,-3.25968,-13.7765,187.2,0
2017-11-22,11,15.1667,4.25,6.0,97,18.32,30.63,1.83963,3.33573,215.368,0
2017-11-22,12,14.6667,4.3,6.5,95,13.11,29.53,29.3934,10.6066,257.914,0
2017-11-22,13,13.8333,3.41,7.0,93,22.755,26.91,29.3934,10.6066,269.925,0
2017-11-22,14,13.5,2.52,7.66667,90,25.555,25.25,0.45903,15.9642,282.72,0
2017-11-22,15,13.3333,2.52,8.33333,87,27.785,26.665,-10.6275,20.5563,240.0,0
2017-11-22,16,13.1667,1.68,8.5,88,28.49,29.165,-23.8791,15.6899,257.914,0
2017-11-22,17,13.6667,0.84,8.83333,85,27.59,34.85,-47.7786,25.5894,257.914,0
2017-11-22,18,13.5,0.0,9.0,83,25.95,37.92,-46.8547,25.2067,255.2,0
2017-11-23,1,16.6667,0.0,8.0,84,27.41,40.575,-14.4119,13.0111,229.125,0
2017-11-23,2,17.6667,0.0,7.66667,84,25.625,43.45,20.3702,6.88824,205.8,0
2017-11-23,3,18.8333,0.0,7.16667,85,26.13,47.71,58.0,0.0,179.082,0
2017-11-23,4,19.3333,0.0,7.0,81,26.175,45.525,62.0,0.0,167.04,0
2017-11-23,5,19.3333,0.0,6.33333,94,25.815,44.84,61.0,0.0,178.286,0
2017-11-23,6,19.1667,0.0,6.0,91,23.6,33.415,58.0,0.0,198.0,0
2017-11-23,7,18.5,0.0,5.66667,88,22.805,23.38,53.0,0.0,225.095,0
2017-11-23,8,17.8333,0.0,5.5,84,19.455,21.635,69.0,0.0,180.0,0
2017-11-23,9,17.0,0.0,5.66667,81,16.525,25.075,67.0,0.0,187.0,0
2017-11-23,10,16.5,0.0,5.66667,76,13.23,25.175,65.0,0.0,187.425,0
2017-11-23,11,16.8333,0.0,6.33333,73,11.89,18.32,65.0,0.0,187.425,0
2017-11-23,12,17.6667,0.0,7.0,69,11.22,13.11,52.0,0.0,220.8,0
2017-11-23,13,18.3333,0.0,7.83333,67,9.845,22.755,57.0,0.0,181.425,0
2017-11-23,14,18.8333,0.0,8.5,63,8.9,25.555,61.0,0.0,173.46,0
2017-11-23,15,19.5,0.0,9.16667,61,11.185,27.785,61.0,0.0,178.286,0
2017-11-23,16,20.3333,0.0,9.83333,59,11.615,28.49,60.0,0.0,180.0,0
2017-11-23,17,20.0,0.0,10.5,58,9.715,27.59,61.0,0.0,173.46,0
2017-11-23,18,19.3333,0.0,11.0,60,10.61,25.95,24.3702,6.88824,186.66,0
2017-11-24,2,12.3333,0.0,9.5,85,1.3,25.625,-60.0522,24.8742,265.0,0
2017-11-24,3,11.0,0.0,9.0,88,4.355,26.13,-51.7373,21.4301,318.171,0
2017-11-24,4,10.3333,0.0,8.66667,73,5.18,26.175,-45.8741,23.1437,367.92,0
2017-11-24,5,9.33333,0.0,8.33333,85,6.085,25.815,-45.8741,33.1437,330.72,0
2017-11-24,6,9.33333,0.0,7.5,100,11.245,23.6,-38.3798,33.7674,339.2,0
2017-11-24,7,9.33333,0.0,6.66667,96,7.18,22.805,-21.0649,30.3233,339.2,0
2017-11-24,8,9.83333,0.0,6.0,100,8.595,19.455,-21.0649,30.3233,339.2,0
2017-11-24,9,11.6667,0.0,5.66667,92,11.745,16.525,-23.8366,31.4714,312.12,0
2017-11-24,10,11.0,0.0,5.66667,91,25.64,13.23,-29.803,16.0726,270.667,0
2017-11-24,11,10.6667,0.3,5.83333,94,18.645,11.89,-23.803,16.0726,263.467,0
2017-11-24,12,10.0,0.3,6.5,92,16.18,11.22,-25.803,16.0726,288.0,0
2017-11-24,13,10.1667,0.3,7.33333,85,11.015,9.845,-12.488,12.6284,359.9,0
2017-11-24,14,9.66667,0.78,7.83333,90,16.29,8.9,-2.48804,12.6284,311.1,0
2017-11-24,15,8.33333,0.78,7.66667,100,11.46,11.185,14.9625,1.67229,424.8,0
2017-11-24,16,10.0,0.78,7.5,89,12.04,11.615,27.9625,1.67229,360.0,0
2017-11-24,17,11.0,0.48,7.16667,88,17.01,9.715,49.1461,-0.24111,274.56,0
2017-11-24,18,11.5,0.48,6.83333,89,24.94,10.61,43.3385,8.95132,270.667,0
2017-11-25,2,8.16667,0.0,4.0,91,25.55,1.3,-36.9443,34.7795,399.36,1
2017-11-25,3,7.83333,0.0,4.0,92,24.19,4.355,-40.5742,32.4562,379.44,1
2017-11-25,4,7.33333,0.0,4.0,92,24.8,5.18,-41.2813,33.1633,405.45,1
2017-11-25,5,7.16667,0.0,3.83333,92,22.825,6.085,-42.4625,30.0149,448.0,1
2017-11-25,6,6.16667,0.0,3.66667,93,17.47,11.245,-39.8045,32.2277,463.6,1
2017-11-25,7,5.5,0.0,3.5,93,19.28,7.18,-36.8045,32.2277,482.4,1
2017-11-25,8,6.0,0.74,3.33333,92,25.205,8.595,-40.5,33.7584,480.0,1
2017-11-25,9,6.83333,1.48,3.33333,89,36.935,11.745,-25.136,27.3944,480.0,1
2017-11-25,10,6.66667,2.22,3.33333,89,35.67,25.64,-0.381,17.969,477.0,1
2017-11-25,11,6.16667,2.96,3.5,86,34.24,18.645,3.24888,11.0535,496.8,1
2017-11-25,12,6.66667,3.7,3.66667,87,22.87,16.18,3.95599,3.27531,517.0,1
2017-11-25,13,7.0,3.7,4.0,84,8.84,11.015,14.1987,-0.96735,538.65,1
2017-11-25,14,7.33333,4.97,4.33333,84,5.11,16.29,20.1987,-0.96735,497.25,1
2017-11-25,15,9.16667,6.24,4.5,78,4.125,11.46,37.551,-8.15495,448.0,1
2017-11-25,16,11.8333,7.51,4.33333,86,4.02,12.04,39.551,-8.15495,300.0,1
2017-11-25,17,15.0,8.78,4.33333,80,8.44,17.01,54.0,0.0,180.327,1
2017-11-26,1,14.0,3.42,3.5,79,33.655,25.7,7.77821,51.1627,270.327,1
2017-11-26,2,13.5,2.28,3.5,86,33.455,25.55,-11.3138,52.3138,225.5,1
2017-11-26,3,13.6667,1.14,3.5,84,33.715,24.19,-11.3138,53.3138,230.4,1
2017-11-26,4,14.1667,1.14,3.16667,79,35.87,24.8,-15.9059,50.4003,254.88,1
2017-11-26,5,14.5,0.0,2.83333,80,37.19,22.825,-26.5126,46.007,261.0,1
2017-11-26,6,15.1667,0.0,2.5,84,33.22,17.47,-21.3217,49.4753,242.031,1
2017-11-26,7,15.3333,0.0,2.33333,84,31.445,19.28,-34.7568,49.9104,180.0,1
2017-11-26,8,16.0,0.0,2.0,83,29.52,25.205,-31.5788,40.238,220.8,1
2017-11-26,9,17.0,0.0,1.83333,86,27.27,36.935,-37.4768,37.4768,225.095,1
2017-11-26,10,17.3333,0.0,1.83333,83,22.455,35.67,-36.7697,36.7697,224.824,1
2017-11-26,11,17.6667,0.0,2.0,74,23.88,34.24,-31.2544,40.4548,224.824,1
2017-11-26,12,18.0,0.48,2.16667,68,25.85,22.87,-31.9615,41.1619,221.0,1
2017-11-26,13,20.1667,0.96,2.33333,68,28.545,8.84,-34.0828,43.2832,193.765,1
2017-11-26,14,22.0,0.96,2.83333,66,29.165,5.11,-36.0626,36.0626,164.0,1
2017-11-26,15,23.6667,0.96,3.16667,67,26.795,4.125,-41.0124,41.0124,149.76,1
2017-11-26,16,24.6667,0.96,3.33333,76,24.005,4.02,-39.5982,39.5982,154.286,1
2017-11-26,17,25.1667,0.96,3.33333,76,21.56,8.44,-36.0626,36.0626,181.5,1
2017-11-27,1,21.3333,0.0,4.0,76,9.705,33.655,-50.9119,50.9119,157.76,0
2017-11-27,2,20.8333,0.0,4.0,84,6.325,33.455,-41.0124,41.0124,219.692,0
2017-11-27,3,20.3333,0.0,4.0,79,5.42,33.715,-52.3261,52.3261,192.0,0
2017-11-27,4,18.5,0.0,4.0,77,4.91,35.87,-46.6693,46.6693,180.0,0
2017-11-27,5,17.1667,0.0,4.0,81,4.26,37.19,-37.4768,37.4768,212.625,0
2017-11-27,6,17.6667,0.0,3.83333,76,5.495,33.22,-38.891,38.891,205.8,0
2017-11-27,7,18.3333,0.0,3.83333,74,6.83,31.445,-39.5982,39.5982,202.926,0
2017-11-27,8,18.5,0.0,3.66667,84,8.41,29.52,-33.8167,44.6407,191.133,0
2017-11-27,9,18.6667,0.0,3.33333,85,11.88,27.27,-33.1096,43.9336,202.926,0
2017-11-27,10,18.0,0.0,3.16667,81,18.74,22.455,-26.9454,48.0522,207.36,0
2017-11-27,11,18.1667,0.0,3.16667,75,20.795,23.88,-29.8984,40.1812,232.941,0
2017-11-27,12,18.1667,0.0,3.33333,73,21.835,25.85,-31.3127,41.5955,225.095,0
2017-11-27,13,18.0,0.0,3.33333,70,16.85,28.545,-37.4768,37.4768,208.32,0
2017-11-27,14,18.6667,0.0,3.66667,68,13.725,29.165,-44.4239,34.1411,195.789,0
2017-11-27,15,19.5,0.0,4.16667,71,10.72,26.795,-45.8381,35.5553,181.895,0
2017-11-27,16,20.8333,1.12,4.33333,83,16.63,24.005,-54.5761,31.3046,149.368,0
2017-11-27,17,21.3333,1.12,4.33333,82,19.91,21.56,-58.2717,32.8353,136.286,0
2017-11-28,1,20.1667,1.91,4.66667,85,8.35,9.705,-16.1074,14.5418,195.789,0
2017-11-28,2,19.3333,1.91,4.83333,85,9.94,6.325,-51.7373,21.4301,202.926,0
2017-11-28,3,18.6667,2.65,5.16667,84,8.86,5.42,-15.1836,14.1592,202.926,0
2017-11-28,4,18.5,2.27,5.33333,84,9.425,4.91,-14.2597,13.7765,205.8,0
2017-11-28,5,18.1667,2.22,5.16667,98,9.05,4.26,-14.2597,13.7765,210.189,0
2017-11-28,6,18.0,2.22,5.0,94,4.95,5.495,-48.9656,20.282,221.0,0
2017-11-28,7,17.6667,2.22,5.0,90,1.28,6.83,-48.9656,20.282,221.0,0
2017-11-28,8,17.5,2.22,5.0,84,3.225,8.41,-47.1179,19.5167,232.941,0
2017-11-28,9,17.8333,1.48,4.83333,83,4.07,11.88,-48.0418,19.8994,228.8,0
2017-11-28,10,17.3333,0.74,4.66667,82,4.36,18.74,-49.8895,20.6647,204.6,0
2017-11-28,11,17.0,0.0,4.83333,82,5.36,20.795,-48.9656,20.282,221.0,0
2017-11-28,12,17.0,0.23,5.0,78,5.8,21.835,-62.8238,26.0222,180.0,0
2017-11-28,13,17.6667,0.23,5.16667,75,5.815,16.85,-62.8238,26.0222,193.44,0
2017-11-28,14,17.8333,0.23,5.33333,73,6.28,13.725,-48.9656,20.282,208.32,0
2017-11-28,15,17.3333,0.23,5.5,77,8.555,10.72,-16.1074,14.5418,191.133,0
2017-11-28,16,18.0,0.23,5.66667,80,6.03,16.63,-15.1836,14.1592,207.36,0
2017-11-28,17,17.8333,0.23,5.83333,77,7.105,19.91,-14.2597,13.7765,210.189,0
2017-11-29,1,15.3333,0.0,5.0,78,9.455,8.35,-55.4328,22.9608,220.0,0
2017-11-29,2,14.6667,0.0,4.66667,81,8.63,9.94,-54.5089,22.5781,228.48,0
2017-11-29,3,14.5,0.0,4.5,76,10.765,8.86,-53.585,22.1954,237.12,0
2017-11-29,4,14.1667,0.0,4.33333,71,14.1,9.425,-52.6612,21.8128,245.92,0
2017-11-29,5,13.6667,0.0,4.16667,77,16.0,9.05,-50.8134,21.0474,257.914,0
2017-11-29,6,13.1667,0.0,4.0,75,18.7,4.95,-48.9656,20.282,277.114,0
2017-11-29,7,12.8333,0.0,3.83333,76,20.015,1.28,-47.1179,19.5167,297.0,0
2017-11-29,8,12.3333,0.48,3.66667,75,21.93,3.225,-35.1179,19.5167,249.171,0
2017-11-29,9,12.0,0.48,3.5,80,23.915,4.07,-32.3462,18.3686,269.077,0
2017-11-29,10,11.8333,0.96,3.33333,83,22.655,4.36,-31.4224,17.986,270.3,0
2017-11-29,11,11.8333,0.96,3.33333,75,21.5,5.36,-31.4224,17.986,270.3,0
2017-11-29,12,11.8333,0.96,3.33333,73,20.905,5.8,-31.4224,17.986,270.3,0
2017-11-29,13,11.3333,0.96,3.5,74,21.065,5.815,-51.9077,26.4713,260.945,0
2017-11-29,14,11.5,0.96,3.83333,75,24.53,6.28,-50.0599,25.7059,291.5,0
2017-11-29,15,11.5,0.96,4.16667,70,25.83,8.555,-50.0599,25.7059,291.5,0
2017-11-29,16,11.0,0.48,4.33333,82,25.71,6.03,-47.4587,29.5991,291.5,0
2017-11-29,17,10.3333,0.48,4.33333,82,22.64,7.105,-42.7361,31.3709,324.8,0
2017-11-30,1,9.33333,0.0,3.0,81,30.09,9.455,-49.0792,23.6428,352.8,0
2017-11-30,2,9.5,0.0,2.83333,86,33.315,8.63,-50.0031,24.0255,339.2,0
2017-11-30,3,9.16667,0.0,2.66667,81,31.995,10.765,-50.927,24.4082,337.08,0
2017-11-30,4,8.66667,0.0,2.5,82,32.38,14.1,-49.0792,23.6428,372.655,0
2017-11-30,5,8.66667,0.0,2.16667,87,36.23,16.0,-46.3076,22.4948,386.4,0
2017-11-30,7,8.33333,0.0,1.83333,84,40.79,20.015,-47.1179,19.5167,417.72,0
2018-10-01,0,6.0,0.0,10.5,85,37.76,5.22,-34.2656,33.3124,497.455,0
2018-10-01,1,5.83333,0.0,9.5,88,27.1,3.58,-34.2656,39.3124,477.164,0
2018-10-01,2,6.33333,0.0,8.66667,79,17.7,3.5,-29.6462,37.399,542.88,0
2018-10-01,3,6.83333,0.0,7.83333,100,17.59,3.11,-28.9391,36.6919,528.0,0
2018-10-01,4,7.5,0.0,7.16667,94,7.84,3.19,-27.4334,40.057,477.0,0
2018-10-01,5,8.0,0.0,6.83333,93,6.84,3.12,-33.4522,37.9579,420.0,0
2018-10-01,6,8.5,0.0,6.66667,87,11.3,3.83,-34.273,37.0258,395.2,0
2018-10-01,7,8.83333,0.0,6.16667,100,22.75,5.08,-36.3943,33.1471,385.0,0
2018-10-01,8,9.16667,0.0,5.83333,100,18.82,8.74,-36.5079,36.5079,380.8,0
2018-10-01,9,9.16667,0.0,6.16667,100,19.53,10.09,-37.9221,37.9221,352.8,0
2018-10-01,10,9.5,0.0,7.0,69,15.46,8.48,-40.842,35.9712,352.8,0
2018-10-01,11,9.66667,0.0,8.0,69,15.54,7.48,-32.5271,43.5271,325.867,0
2018-10-01,12,10.0,1.17,9.16667,64,16.29,8.78,-33.2342,44.2342,312.8,0
2018-10-01,13,10.8333,2.24,10.5,68,6.5,9.58,-25.4228,42.376,341.127,0
2018-10-01,14,11.1667,2.24,11.6667,75,2.79,7.86,-17.6446,47.5978,300.667,0
2018-10-01,15,13.8333,2.24,12.5,72,4.38,6.03,-2.08815,53.2442,271.745,0
2018-10-01,16,13.5,2.24,12.6667,69,3.74,4.64,32.2894,34.5774,217.477,0
2018-10-01,17,13.6667,2.24,12.6667,68,3.31,4.37,38.6534,42.8924,205.477,0
2018-10-01,18,13.5,1.07,12.0,68,5.17,5.7,46.4316,40.055,223.385,0
2018-10-01,19,13.6667,0.0,11.6667,71,8.01,15.45,37.2392,38.0446,319.2,0
2018-10-01,20,13.6667,0.0,11.3333,76,13.53,35.28,31.8817,50.9789,284.928,0
2018-10-01,21,11.8333,0.61,10.8333,84,5.53,33.58,3.80984,53.4224,263.467,0
2018-10-01,22,13.0,0.61,10.1667,81,3.89,38.51,-20.2319,44.8443,276.12,0
2018-10-01,23,13.8333,0.61,9.5,80,2.09,32.75,-31.5457,46.1581,239.4,0
2018-10-02,0,14.8333,0.61,9.16667,84,1.94,37.76,-32.311,48.0058,214.338,0
2018-10-02,1,15.6667,0.61,8.66667,79,2.7,27.1,-33.4591,50.7775,196.114,0
2018-10-02,2,16.3333,0.61,8.0,83,1.91,17.7,-19.5167,47.1179,229.125,0
2018-10-02,3,16.8333,0.0,7.66667,81,1.52,17.59,-19.8994,48.0418,220.8,0
2018-10-02,4,17.3333,0.0,7.5,80,1.72,7.84,-25.7973,45.2805,225.095,0
2018-10-02,5,18.3333,0.51,7.33333,78,1.61,6.84,-25.7973,45.2805,216.847,0
2018-10-02,6,19.6667,0.51,7.16667,79,1.83,11.3,-27.7108,49.8999,179.082,0
2018-10-02,7,19.5,0.51,7.16667,87,2.24,22.75,-24.8742,60.0522,143.242,0
2018-10-02,8,20.0,0.51,7.33333,82,4.57,18.82,-24.4915,59.1283,164.509,0
2018-10-02,9,20.8333,0.51,7.66667,79,4.43,19.53,-23.7262,57.2806,186.0,0
2018-10-02,10,21.8333,0.51,8.0,71,3.32,15.46,-22.9608,55.4328,170.133,0
2018-10-02,11,22.5,0.76,8.33333,68,3.36,15.54,-25.6396,61.9,136.74,0
2018-10-02,12,23.1667,0.76,8.83333,67,3.46,16.29,-19.5167,47.1179,174.048,0
2018-10-02,13,24.0,1.6,9.16667,68,4.38,6.5,-29.7488,43.82,159.508,0
2018-10-02,14,25.3333,1.6,9.5,66,4.02,2.79,-36.0626,36.0626,181.5,0
2018-10-02,15,27.0,2.44,9.66667,67,5.16,4.38,-36.0626,36.0626,169.043,0
2018-10-02,16,28.0,3.28,9.83333,72,7.47,3.74,-42.4266,42.4266,134.057,0
2018-10-02,17,29.8333,2.52,10.0,76,13.87,3.31,-44.5479,44.5479,131.962,0
2018-10-02,18,31.8333,2.52,10.0,78,6.77,5.17,-48.0835,48.0835,107.303,0
2018-10-02,19,32.0,1.68,10.0,84,8.2,8.01,-54.4475,54.4475,91.4595,0
2018-10-02,20,31.6667,1.68,10.1667,81,11.44,13.53,-45.255,45.255,150.48,0
2018-10-02,21,31.6667,2.11,10.3333,82,7.62,5.53,-63.6399,63.6399,120.0,0
2018-10-02,22,31.3333,1.27,10.1667,87,4.04,3.89,-41.0124,41.0124,138.092,0
2018-10-02,23,30.1667,2.54,10.0,82,2.16,2.09,-33.7252,49.42,141.113,0
2018-10-03,0,28.3333,2.54,9.83333,77,2.04,1.94,-22.5781,54.5089,141.931,0
2018-10-03,1,29.6667,3.81,9.66667,72,2.35,2.7,-22.5781,54.5089,144.84,0
2018-10-03,2,31.6667,3.81,9.33333,73,2.2,1.91,-11.0977,58.7925,132.248,0
2018-10-03,3,33.6667,2.54,9.16667,66,1.77,1.52,0.0,70.0,102.3,0
2018-10-03,4,33.8333,2.54,9.16667,69,1.75,1.72,0.0,82.0,77.8105,0
2018-10-03,5,34.5,1.27,9.16667,64,1.83,1.61,-11.4804,71.7164,122.182,0
2018-10-03,6,35.6667,2.54,9.16667,65,1.3,1.83,-24.4915,59.1283,121.44,0
2018-10-03,7,34.3333,2.01,9.16667,80,1.53,2.24,-13.0111,67.4119,108.424,0
2018-10-03,8,32.3333,2.01,9.16667,74,2.27,4.57,0.0,60.0,157.067,0
2018-10-03,9,29.3333,2.75,9.16667,71,1.73,4.43,0.0,86.0,120.0,0
2018-10-03,10,30.8333,2.75,9.5,67,1.28,3.32,0.0,52.0,170.769,0
2018-10-03,11,29.8333,2.75,9.66667,66,1.14,3.36,27.5773,53.5773,104.169,0
2018-10-03,12,27.6667,1.48,10.0,63,1.17,3.46,47.3764,53.4459,135.138,0
2018-10-03,13,28.1667,0.74,10.5,52,0.91,4.38,36.0626,47.1179,181.5,0
2018-10-03,14,28.5,0.74,11.0,49,1.24,4.02,55.1546,72.0626,120.0,0
2018-10-03,15,28.6667,0.0,11.5,51,1.46,5.16,38.891,50.8134,156.8,0
2018-10-03,16,27.1667,0.0,11.8333,50,1.21,7.47,38.891,50.8134,159.557,0
2018-10-03,17,28.0,0.0,12.1667,56,0.7,13.87,40.3053,52.6612,146.222,0
2018-10-03,18,28.8333,0.0,12.3333,56,0.9,6.77,44.5479,51.051,125.96,0
2018-10-03,19,27.8333,0.0,12.3333,52,3.14,8.2,43.1337,49.2033,144.0,0
2018-10-03,20,25.8333,0.0,12.3333,56,4.03,11.44,57.983,68.6048,124.255,0
2018-10-03,21,23.3333,0.0,11.6667,60,3.26,7.62,45.9622,60.0522,186.3,0
2018-10-03,22,20.8333,0.0,11.0,67,2.14,4.04,41.37,71.1388,185.786,0
2018-10-03,23,18.5,0.0,10.5,69,1.56,2.16,15.8307,59.1283,228.0,0
2018-10-04,0,17.1667,0.0,10.0,64,1.43,2.04,0.9814,58.7268,210.6,0
2018-10-04,1,16.8333,0.0,9.5,69,1.36,2.35,-5.7402,52.8582,200.08,0
2018-10-04,2,17.0,0.0,9.0,71,2.38,2.2,-7.27092,56.5537,188.779,0
2018-10-04,3,17.6667,0.0,8.83333,72,1.16,1.77,-7.27092,54.5537,207.36,0
2018-10-04,4,17.5,0.0,8.66667,71,1.25,1.75,-7.27092,50.5537,232.737,0
2018-10-04,5,16.8333,0.0,8.5,73,1.31,1.83,-12.6284,63.488,200.842,0
2018-10-04,6,16.0,0.0,8.0,84,1.55,1.3,-11.0977,59.7925,217.412,0
2018-10-04,7,15.1667,0.0,7.66667,75,2.99,1.53,-16.8379,56.6507,226.8,0
2018-10-04,8,14.5,0.0,7.5,79,4.84,2.27,-22.1954,53.585,230.4,0
2018-10-04,9,14.0,0.0,7.66667,78,6.21,1.73,-21.8128,52.6612,245.92,0
2018-10-04,10,14.3333,0.0,8.16667,76,7.86,1.28,-21.0474,50.8134,264.0,0
2018-10-04,11,13.6667,0.0,8.66667,77,9.73,1.14,-21.4301,51.7373,248.571,0
2018-10-04,12,12.6667,0.0,9.66667,73,7.51,1.17,-20.282,48.9656,271.385,0
2018-10-04,13,12.1667,0.0,10.5,77,5.52,0.91,-23.7262,57.2806,249.508,0
2018-10-04,14,12.3333,0.0,11.3333,75,7.92,1.24,-26.5295,53.0483,269.077,0
2018-10-04,15,12.5,0.0,12.0,71,8.02,1.46,-31.4542,50.9374,284.625,0
2018-10-04,16,11.6667,0.0,12.3333,72,11.93,1.21,-30.6889,49.0897,260.945,0
2018-10-04,17,12.1667,0.0,12.8333,81,16.3,0.7,-36.6421,43.1365,240.0,0
2018-10-04,18,12.3333,0.0,13.1667,78,21.0,0.9,-35.3193,36.9429,277.114,0
2018-10-04,19,12.1667,0.0,13.5,75,24.27,3.14,-42.3904,44.014,249.171,0
2018-10-04,20,11.6667,0.0,13.5,77,23.42,4.03,-39.5619,41.1855,287.571,0
2018-10-04,21,11.3333,0.0,13.3333,79,19.61,3.26,-41.9826,36.0294,294.0,0
2018-10-04,22,11.8333,0.0,13.1667,78,20.81,2.14,-42.9065,36.4121,307.8,0
2018-10-04,23,12.0,0.0,12.8333,85,19.95,1.56,-45.9413,31.8701,273.48,0
2018-10-05,0,12.6667,0.0,12.5,82,24.15,1.43,-45.6573,23.4681,270.327,0
2018-10-05,1,13.3333,0.0,12.1667,77,25.14,1.36,-47.7786,25.5894,245.1,0
2018-10-05,2,13.8333,0.0,12.0,81,26.18,2.38,-46.5916,30.8968,239.4,0
2018-10-05,3,14.1667,0.0,12.0,81,26.57,1.16,-43.5568,35.4388,245.92,0
2018-10-05,4,14.1667,0.0,12.0,76,27.64,1.25,-42.6329,35.0561,248.571,0
2018-10-05,5,14.0,0.0,12.0,81,27.46,1.31,-42.6329,35.0561,248.571,0
2018-10-05,6,14.1667,0.0,12.0,86,25.34,1.55,-45.6677,30.5141,248.571,0
2018-10-05,7,14.5,0.0,12.0,83,22.74,2.99,-49.6264,26.3548,239.4,0
2018-10-05,8,15.0,0.0,12.0,81,20.44,4.84,-48.0058,32.311,221.571,0
2018-10-05,9,15.0,0.0,12.1667,80,19.81,6.21,-50.1271,34.4324,196.114,0
2018-10-05,10,15.5,0.0,12.5,80,19.87,7.86,-50.1271,34.4324,203.52,0
2018-10-05,11,15.0,0.0,13.0,75,20.44,9.73,-48.2898,40.713,195.0,0
2018-10-05,12,14.6667,0.0,13.6667,70,13.9,7.51,-47.1387,33.6087,241.553,0
2018-10-05,13,14.1667,0.0,14.5,64,9.02,5.52,-47.1283,26.5627,257.914,0
2018-10-05,14,14.0,0.0,15.5,61,5.66,7.92,-46.2044,26.18,284.612,0
2018-10-05,15,13.8333,0.0,16.6667,52,5.14,8.02,-48.9656,20.282,259.418,0
2018-10-05,16,13.6667,0.0,17.5,51,4.1,11.93,-50.8134,21.0474,251.631,0
2018-10-05,17,14.0,0.0,18.5,48,4.58,16.3,-53.585,22.1954,223.385,0
2018-10-05,18,13.8333,0.0,19.1667,51,7.17,21.0,-53.585,22.1954,243.6,0
2018-10-05,19,14.0,0.0,19.5,55,4.65,24.27,-49.8895,20.6647,261.415,0
2018-10-05,20,12.8333,0.0,19.3333,61,6.99,23.42,-50.8134,21.0474,269.925,0
2018-10-05,21,12.6667,0.0,18.5,67,8.33,19.61,-41.8134,21.0474,257.4,0
2018-10-05,22,12.3333,0.0,17.6667,69,10.05,20.81,-15.0313,14.9245,269.077,0
2018-10-05,23,12.5,0.0,16.5,69,13.62,19.95,10.9791,9.94968,249.9,0
2018-10-06,0,12.1667,0.0,15.3333,70,24.53,24.15,36.0657,5.35752,249.171,1
2018-10-06,1,11.5,0.0,14.1667,78,24.6,25.14,59.0,0.0,240.0,1
2018-10-06,2,12.1667,0.0,13.1667,82,20.7,26.18,60.0,0.0,260.0,1
2018-10-06,3,11.8333,0.0,12.5,82,17.49,26.57,61.0,0.0,268.029,1
2018-10-06,4,11.6667,0.0,12.0,81,17.1,27.64,57.0,0.0,307.8,1
2018-10-06,5,11.5,0.0,11.5,80,20.01,27.46,56.0,0.0,285.12,1
2018-10-06,6,12.0,0.0,10.8333,94,21.05,25.34,59.0,0.0,250.92,1
2018-10-06,7,13.0,0.0,10.5,86,22.37,22.74,62.0,0.0,249.508,1
2018-10-06,8,13.0,0.0,10.5,85,23.89,20.44,55.0,0.0,251.631,1
2018-10-06,9,13.8333,0.0,10.6667,79,23.42,19.81,55.0,0.0,251.631,1
2018-10-06,10,14.0,0.0,11.1667,73,23.62,19.87,57.0,0.0,232.615,1
2018-10-06,11,13.8333,0.0,11.6667,67,23.72,20.44,58.0,0.0,243.6,1
2018-10-06,12,13.6667,0.0,12.6667,66,23.0,13.9,30.9134,4.59216,261.415,1
2018-10-06,13,13.3333,0.0,13.6667,64,20.06,9.02,6.82688,9.18432,282.72,1
2018-10-06,14,13.5,0.0,14.6667,64,18.38,5.66,-21.1074,14.5418,286.971,1
2018-10-06,15,12.8333,0.0,16.0,55,16.46,5.14,-48.0418,19.8994,276.0,1
2018-10-06,16,12.1667,0.0,17.0,56,18.93,4.1,-47.1179,19.5167,286.7,1
2018-10-06,17,11.3333,0.0,18.0,58,25.17,4.58,-37.1179,19.5167,249.9,1
2018-10-06,18,10.5,0.0,18.5,64,28.62,7.17,-19.0313,14.9245,318.171,1
2018-10-06,19,9.16667,0.0,18.6667,74,35.6,4.65,-25.4985,17.6033,310.371,1
2018-10-06,20,7.5,0.0,18.5,77,32.87,6.99,-18.1074,14.5418,399.514,1
2018-10-06,21,6.83333,0.0,17.3333,89,38.8,8.33,-21.803,16.0726,419.571,1
2018-10-06,22,6.5,0.0,16.1667,92,50.46,10.05,-1.86864,10.715,482.727,1
2018-10-06,23,6.83333,0.0,14.8333,92,50.44,13.62,6.13136,10.715,433.964,1
2018-10-07,0,7.0,0.0,13.8333,94,33.42,24.53,7.97912,9.94968,449.28,1
2018-10-07,1,7.33333,0.0,13.0,92,35.02,24.6,-9.41192,13.0111,437.143,1
2018-10-07,2,8.0,0.0,12.3333,91,35.52,20.7,-23.803,16.0726,420.0,1
2018-10-07,3,8.16667,0.0,11.8333,100,38.66,17.49,-3.79252,11.0977,405.6,1
2018-10-07,4,8.33333,0.0,11.5,100,38.5,17.1,7.903,9.567,375.943,1
2018-10-07,5,8.83333,0.0,11.5,98,34.34,20.01,9.903,9.567,360.0,1
2018-10-07,6,9.83333,0.0,11.5,91,33.08,21.05,22.2179,6.12288,371.25,1
2018-10-07,7,11.5,0.0,11.5,85,39.09,22.37,24.0657,5.35752,333.45,1
2018-10-07,8,13.8333,0.0,11.5,78,23.62,23.89,-8.56416,12.2458,246.4,1
2018-10-07,9,16.3333,0.0,11.8333,71,0.87,23.42,-37.9831,32.5711,195.429,1
2018-10-07,10,19.1667,0.0,12.0,85,0.47,23.62,-33.8504,48.4628,150.333,1
2018-10-07,11,23.6667,0.25,12.0,77,0.19,23.72,6.80028,51.5243,125.182,1
2018-10-07,12,28.0,0.25,11.8333,76,0.59,23.0,60.0522,24.8742,104.169,1
2018-10-07,13,30.8333,0.25,11.6667,72,0.37,20.06,64.3157,43.2089,90.4615,1
2018-10-07,14,32.1667,0.25,11.5,70,0.24,18.38,53.0332,53.0332,107.25,1
2018-10-07,15,32.1667,0.25,11.3333,67,2.9,16.46,52.4652,36.2292,132.0,1
2018-10-07,16,31.3333,0.25,11.1667,65,2.04,18.93,48.9656,20.282,175.56,1
2018-10-07,17,28.5,0.0,11.0,63,0.55,25.17,68.3671,28.3183,147.84,1
2018-10-07,18,25.0,0.0,11.0,62,0.34,28.62,60.9761,25.2569,157.617,1
2018-10-07,19,22.1667,0.0,11.0,61,0.8,35.6,58.7268,16.4552,171.943,1
2018-10-07,20,19.5,0.0,11.0,69,7.09,32.87,57.3254,8.41896,195.873,1
2018-10-07,21,17.0,0.0,11.0,67,16.04,38.8,51.0,0.0,240.505,1
2018-10-07,22,14.8333,0.0,10.8333,70,7.37,50.46,58.391,-3.06144,253.895,1
2018-10-07,23,11.6667,0.0,10.6667,72,4.83,50.44,66.391,-3.06144,256.168,1
2018-10-08,0,9.5,0.0,10.0,86,2.31,33.42,49.5124,-0.94011,397.533,0
2018-10-08,1,8.0,0.0,9.33333,88,1.36,35.02,47.2163,4.60317,410.733,0
2018-10-08,2,8.0,0.0,8.66667,88,2.6,35.52,43.7722,12.9181,381.333,0
2018-10-08,3,8.0,0.0,8.0,82,5.28,38.66,20.4146,25.8524,383.314,0
2018-10-08,4,7.33333,0.0,7.33333,88,5.02,38.5,3.35321,33.2435,390.0,0
2018-10-08,5,8.0,0.0,6.33333,98,5.98,34.34,-6.86627,39.1333,453.6,0
2018-10-08,6,8.33333,0.0,6.0,91,19.0,33.08,-19.816,44.0831,416.0,0
2018-10-08,7,8.33333,0.0,5.83333,92,29.25,39.09,-27.5942,47.6186,360.0,0
2018-10-08,8,7.66667,0.0,5.33333,100,24.78,23.62,-33.6131,45.5195,360.0,0
2018-10-08,9,8.16667,0.0,5.16667,95,5.06,0.87,-39.4078,41.0314,407.314,0
2018-10-08,10,9.83333,0.0,5.83333,72,5.53,0.47,-44.2129,32.3065,374.85,0
2018-10-08,11,10.5,0.0,6.83333,71,5.11,0.19,-46.3076,22.4948,319.2,0
2018-10-08,12,11.0,0.0,7.83333,64,3.9,0.59,-50.8134,21.0474,288.0,0
2018-10-08,13,11.6667,0.0,8.83333,60,3.72,0.37,-31.4985,17.6033,273.48,0
2018-10-08,14,12.5,0.0,10.3333,57,3.81,0.24,-34.2701,18.7513,250.364,0
2018-10-08,15,12.5,0.0,11.5,53,4.14,2.9,-37.9656,20.282,240.0,0
2018-10-08,16,12.0,0.0,12.1667,51,1.73,2.04,-35.194,19.134,240.0,0
2018-10-08,17,11.8333,0.0,12.8333,51,2.94,0.55,-35.194,19.134,240.0,0
2018-10-08,18,11.5,0.0,13.1667,56,3.55,0.34,-55.4328,22.9608,269.077,0
2018-10-08,19,11.1667,0.0,13.3333,60,3.74,0.8,-51.7373,21.4301,325.68,0
2018-10-08,20,10.6667,0.0,13.1667,64,2.97,7.09,-26.8791,15.6899,341.127,0
2018-10-08,21,10.5,0.0,12.6667,74,4.41,16.04,-4.7164,11.4804,329.018,0
2018-10-08,22,10.6667,0.0,12.0,71,6.78,7.37,15.4463,7.27092,334.08,0
2018-10-08,23,10.6667,0.0,11.3333,75,6.86,4.83,36.6851,3.44412,300.667,0
2018-10-09,0,10.8333,0.0,10.8333,76,6.03,2.31,35.7612,3.8268,305.455,0
2018-10-09,1,10.6667,0.0,10.3333,77,7.81,1.36,34.7612,3.8268,324.8,0
2018-10-09,2,10.1667,0.0,9.83333,83,8.06,2.6,13.5224,7.6536,334.08,0
2018-10-09,3,10.5,0.0,9.66667,82,8.67,5.28,-4.79252,11.0977,359.9,0
2018-10-09,4,10.1667,0.0,9.16667,91,9.57,5.02,-4.79252,11.0977,346.92,0
2018-10-09,5,10.0,0.0,8.83333,88,11.33,5.98,-4.79252,11.0977,346.92,0
2018-10-09,6,9.83333,0.0,8.5,86,14.91,19.0,4.20748,11.0977,300.0,0
2018-10-09,7,9.66667,0.0,8.33333,81,18.5,29.25,-14.1074,14.5418,312.12,0
2018-10-09,8,9.5,0.0,8.0,98,20.84,24.78,-13.1836,14.1592,312.8,0
2018-10-09,9,9.0,0.0,8.0,91,21.16,5.06,3.13136,10.715,357.5,0
2018-10-09,10,9.33333,0.0,8.83333,73,22.55,5.53,0.131361,10.715,376.32,0
2018-10-09,11,9.83333,0.0,9.5,71,25.86,5.11,-1.7164,11.4804,339.2,0
2018-10-09,12,9.83333,0.0,10.3333,68,23.34,3.9,-21.803,16.0726,300.0,0
2018-10-09,13,10.1667,0.0,11.1667,63,23.74,3.72,-21.803,16.0726,300.0,0
2018-10-09,14,10.6667,0.0,12.5,60,24.07,3.81,-31.6507,16.8379,313.6,0
2018-10-09,15,11.0,0.0,13.6667,55,20.84,4.14,-50.8134,21.0474,313.5,0
2018-10-09,16,10.3333,0.0,14.5,54,14.17,1.73,-49.8895,20.6647,324.8,0
2018-10-09,17,10.1667,0.0,15.6667,49,11.36,2.94,-57.2806,23.7262,300.0,0
2018-10-09,18,10.5,0.0,16.3333,55,10.79,3.55,-48.0418,19.8994,341.127,0
2018-10-09,19,9.83333,0.0,16.6667,60,11.76,3.74,-26.8791,15.6899,341.127,0
2018-10-09,20,9.33333,0.0,16.6667,67,17.74,2.97,-33.3462,18.3686,323.345,0
2018-10-09,21,8.83333,0.0,16.0,80,20.32,4.41,-30.5746,17.2206,360.0,0
2018-10-09,22,8.83333,0.0,15.1667,81,19.2,6.78,-12.4119,13.0111,371.25,0
2018-10-09,23,8.33333,0.0,14.0,82,26.13,6.86,-12.4119,13.0111,398.618,0
2018-10-10,0,7.83333,0.0,13.1667,83,26.87,6.03,-19.803,16.0726,360.0,0
2018-10-10,1,8.0,0.0,12.3333,91,30.42,7.81,-1.64028,11.8631,398.945,0
2018-10-10,2,8.0,0.0,11.6667,90,33.14,8.06,-4.64028,11.8631,392.229,0
2018-10-10,3,7.83333,0.0,11.5,88,34.62,8.67,9.82688,9.18432,390.0,0
2018-10-10,4,8.16667,0.0,11.3333,87,35.6,9.57,24.2179,6.12288,405.45,0
2018-10-10,5,8.33333,0.0,11.1667,84,36.98,11.33,26.2179,6.12288,374.85,0
2018-10-10,6,8.5,0.0,11.0,81,38.79,14.91,42.609,3.06144,360.0,0
2018-10-10,7,8.66667,0.0,10.6667,97,40.5,18.5,51.0,0.0,401.85,0
2018-10-10,8,8.83333,0.0,10.6667,95,42.73,20.84,52.0,0.0,386.4,0
2018-10-10,9,9.0,0.0,10.8333,91,42.2,21.16,53.0,0.0,361.029,0
2018-10-10,10,8.5,0.0,11.3333,81,42.18,22.55,54.0,0.0,376.32,0
2018-10-10,11,8.5,0.0,11.8333,87,41.2,25.86,51.0,0.0,409.867,0
2018-10-10,12,8.66667,0.0,12.5,84,42.06,23.34,51.0,0.0,409.867,0
2018-10-10,13,8.33333,0.0,13.6667,78,45.45,23.74,52.0,0.0,395.2,0
2018-10-10,14,7.66667,0.0,15.0,64,53.34,24.07,59.0,0.0,360.0,0
2018-10-10,15,8.16667,0.0,16.3333,61,40.34,20.84,55.0,0.0,417.6,0
2018-10-10,16,8.83333,0.0,17.5,61,34.78,14.17,57.0,0.0,374.85,0
2018-10-10,17,9.0,0.0,18.8333,59,48.04,11.36,53.0,0.0,380.8,0
2018-10-10,18,10.0,0.0,19.8333,61,63.39,10.79,36.9289,-7.0711,376.32,0
2018-10-10,19,11.0,0.0,19.6667,90,55.57,11.76,19.9289,-23.0711,274.56,0
2018-10-10,20,11.1667,0.0,18.8333,95,50.61,17.74,14.9289,-36.0711,240.0,0
2018-10-10,21,10.5,0.0,17.6667,95,46.2,20.32,6.22498,-41.6144,294.0,0
2018-10-10,22,10.5,0.0,16.3333,97,42.39,19.2,-4.77502,-48.6144,334.08,0
2018-10-10,23,10.1667,0.0,14.6667,93,38.78,26.13,2.29608,-52.5433,363.825,0
2018-10-11,0,9.5,0.0,13.5,88,37.57,26.87,7.95296,-46.8864,350.625,0
2018-10-11,1,9.5,0.0,13.3333,84,37.74,30.42,-0.53236,-39.3717,367.015,0
2018-10-11,2,10.5,0.0,13.3333,85,39.16,33.14,-12.0209,-30.0209,326.4,0
2018-10-11,3,11.5,0.0,13.6667,82,39.39,34.62,-23.1074,-27.613,294.0,0
2018-10-11,4,12.1667,0.0,13.8333,82,37.73,35.6,-35.1179,-21.5879,240.0,0
2018-10-11,5,13.5,0.0,14.1667,82,38.78,36.98,-42.8961,-29.3661,271.385,0
2018-10-11,6,14.3333,0.0,14.1667,83,40.05,38.79,-45.0174,-31.4874,235.2,0
2018-10-11,7,14.6667,0.0,14.0,86,40.3,40.5,-45.9517,-38.9161,196.8,0
2018-10-11,8,15.0,0.0,14.0,82,40.07,42.73,-47.7995,-39.6815,195.52,0
2018-10-11,9,15.1667,0.0,14.0,79,38.83,42.2,-50.1271,-34.4324,210.6,0
2018-10-11,10,15.8333,0.0,14.3333,72,39.1,42.18,-48.7129,-33.0181,233.365,0
2018-10-11,11,15.5,0.0,14.8333,66,38.52,41.2,-50.1271,-34.4324,203.52,0
2018-10-11,12,15.1667,0.0,15.5,61,39.26,42.06,-46.1685,-38.5917,204.429,0
2018-10-11,13,15.8333,0.0,16.5,56,37.7,45.45,-47.0924,-38.9744,196.114,0
2018-10-11,14,16.6667,0.0,17.5,54,34.98,53.34,-54.7465,-36.3457,193.768,0
2018-10-11,15,17.8333,0.0,18.5,49,32.78,40.34,-48.9656,-20.282,208.32,0
2018-10-11,16,18.1667,0.0,19.3333,50,31.67,34.78,-54.5089,-22.5781,181.895,0
2018-10-11,17,18.8333,0.0,20.1667,48,31.08,48.04,-15.9552,-15.3072,168.505,0
2018-10-11,18,18.8333,0.0,20.6667,55,30.81,63.39,19.5985,-8.03628,184.743,0
2018-10-11,19,18.0,0.0,20.8333,59,32.42,55.57,25.1418,-5.7402,225.886,0
2018-10-11,20,17.1667,0.0,20.6667,59,34.63,50.61,12.2075,-11.0977,199.886,0
2018-10-11,21,16.0,0.0,20.0,71,34.99,46.2,5.20748,-11.0977,231.8,0
2018-10-11,22,14.5,0.0,19.1667,71,37.01,42.39,1.20748,-11.0977,245.92,0
2018-10-11,23,14.0,0.0,18.1667,67,37.96,38.78,27.0657,-5.35752,267.429,0
2018-10-12,0,14.3333,0.0,17.3333,71,35.94,37.57,26.1418,-5.7402,257.914,0
2018-10-12,1,14.6667,0.0,16.6667,71,35.89,37.74,-3.56416,-12.2458,230.4,0
2018-10-12,2,15.0,0.0,16.0,72,36.33,39.16,-32.3462,-18.3686,197.6,0
2018-10-12,3,15.3333,0.0,15.8333,70,36.41,39.39,-28.3462,-18.3686,187.68,0
2018-10-12,4,15.6667,0.0,15.6667,71,38.82,37.73,-29.2701,-18.7513,194.541,0
2018-10-12,5,15.5,0.0,15.3333,76,37.25,38.78,-26.4985,-17.6033,210.6,0
2018-10-12,6,15.5,0.0,15.0,77,37.52,40.05,2.2836,-11.4804,226.8,0
2018-10-12,7,15.5,0.0,14.6667,78,38.41,40.3,-29.4224,-17.986,218.625,0
2018-10-12,8,15.0,0.0,14.5,75,37.94,40.07,1.35972,-11.8631,204.429,0
2018-10-12,9,14.3333,0.0,14.0,86,37.33,38.83,27.294,-6.50556,212.914,0
2018-10-12,10,14.6667,0.0,14.1667,71,38.59,39.1,25.294,-6.50556,249.882,0
2018-10-12,11,15.1667,0.0,14.6667,69,34.55,38.52,26.2179,-6.12288,252.225,0
2018-10-12,12,14.8333,0.0,15.3333,65,33.98,39.26,27.2179,-6.12288,223.385,0
2018-10-12,13,14.1667,0.0,16.3333,58,30.95,37.7,29.2179,-6.12288,197.6,0
2018-10-12,14,13.8333,0.0,17.3333,57,31.91,34.98,29.2179,-6.12288,226.8,0
2018-10-12,15,13.6667,0.0,18.8333,53,31.52,32.78,55.0,0.0,275.718,0
2018-10-12,16,12.6667,0.0,19.6667,55,31.54,31.67,44.8373,4.20948,248.4,0
2018-10-12,17,11.6667,0.0,20.1667,56,31.85,31.08,37.8373,4.20948,295.68,0
2018-10-12,18,10.6667,0.0,20.8333,51,33.66,30.81,33.8373,4.20948,313.5,0
2018-10-12,19,10.3333,0.0,21.0,58,35.66,32.42,30.8373,4.20948,341.127,0
2018-10-12,20,9.66667,0.0,20.6667,69,40.15,34.63,29.8373,4.20948,353.455,0
2018-10-12,21,9.16667,0.0,19.5,82,43.1,34.99,36.8373,4.20948,335.345,0
2018-10-12,22,9.0,0.0,18.3333,82,40.39,37.01,55.0,0.0,363.0,0
2018-10-12,23,9.16667,0.0,17.3333,84,43.28,37.96,54.0,0.0,385.527,0
2018-10-13,0,9.5,0.0,16.0,83,45.73,35.94,55.0,0.0,352.8,1
2018-10-13,1,9.66667,0.0,14.8333,82,44.81,35.89,57.0,0.0,337.08,1
2018-10-13,2,10.3333,0.0,14.1667,81,42.59,36.33,51.0,0.0,333.45,1
2018-10-13,3,10.8333,0.0,14.1667,77,42.38,36.41,54.0,0.0,300.667,1
2018-10-13,4,11.1667,0.0,14.0,85,42.88,38.82,56.0,0.0,302.4,1
2018-10-13,5,11.0,0.0,13.8333,84,43.82,37.25,55.0,0.0,305.455,1
2018-10-13,6,11.5,0.0,13.8333,83,45.43,37.52,55.0,0.0,305.455,1
2018-10-13,7,12.0,0.0,13.5,92,49.38,38.41,58.0,0.0,271.745,1
2018-10-13,8,12.3333,0.0,13.3333,89,50.14,37.94,61.0,0.0,240.0,1
2018-10-13,9,12.6667,0.0,13.1667,83,51.22,37.33,52.0,0.0,270.327,1
2018-10-13,10,13.0,0.0,13.6667,70,51.11,38.59,54.0,0.0,267.429,1
2018-10-13,11,13.6667,0.0,14.3333,67,50.64,34.55,27.9896,-4.97484,277.114,1
2018-10-13,12,14.1667,0.0,15.0,63,50.58,33.98,28.9896,-4.97484,261.415,1
2018-10-13,13,14.3333,0.0,16.1667,60,50.18,30.95,32.9896,-4.97484,223.385,1
2018-10-13,14,14.5,0.0,17.3333,58,42.38,31.91,34.9896,-4.97484,205.477,1
2018-10-13,15,14.6667,0.0,18.5,56,39.54,31.52,61.0,0.0,211.68,1
2018-10-13,16,14.3333,0.0,19.3333,55,37.4,31.54,60.0,0.0,233.365,1
2018-10-13,17,13.6667,0.0,20.5,55,35.98,31.85,54.0,0.0,273.28,1
2018-10-13,18,13.0,0.0,21.1667,57,34.7,33.66,43.8373,-4.20948,240.0,1
2018-10-13,19,12.8333,0.0,21.3333,56,35.99,35.66,41.8373,-4.20948,249.171,1
2018-10-13,20,12.6667,0.0,21.1667,62,36.66,40.15,14.903,-9.567,249.171,1
2018-10-13,21,12.5,0.0,20.5,73,38.32,43.1,2.903,-9.567,281.455,1
2018-10-13,22,12.6667,0.0,19.6667,72,39.5,40.39,26.0657,-5.35752,271.385,1
2018-10-13,23,12.8333,0.0,18.3333,70,40.15,43.28,1.97912,-9.94968,286.971,1
2018-10-14,0,13.1667,0.0,17.1667,72,39.3,45.73,13.9791,-9.94968,240.0,1
2018-10-14,1,13.5,0.0,16.3333,73,40.07,44.81,28.9134,-4.59216,281.538,1
2018-10-14,2,13.6667,0.0,15.6667,74,38.32,42.59,31.9134,-4.59216,245.1,1
2018-10-14,3,14.1667,0.0,15.1667,80,38.86,42.38,57.0,0.0,225.5,1
2018-10-14,4,14.5,0.0,14.6667,80,39.14,42.88,61.0,0.0,211.68,1
2018-10-14,5,15.0,0.0,14.1667,80,40.16,43.82,60.0,0.0,226.8,1
2018-10-14,6,15.1667,0.0,13.8333,80,40.8,45.43,59.0,0.0,221.571,1
2018-10-14,7,15.0,0.0,13.5,80,40.59,49.38,61.0,0.0,218.625,1
2018-10-14,8,15.5,0.0,13.3333,74,40.47,50.14,60.0,0.0,212.914,1
2018-10-14,9,15.8333,0.0,13.1667,78,39.54,51.22,30.294,-6.50556,195.52,1
2018-10-14,10,17.0,0.0,13.5,65,39.86,51.11,33.294,-6.50556,180.0,1
2018-10-14,11,17.5,0.0,14.0,61,39.56,50.64,-17.1074,-14.5418,193.765,1
2018-10-14,12,18.0,0.0,14.6667,56,38.19,50.58,16.5985,-8.03628,191.133,1
2018-10-14,13,19.1667,0.0,15.5,52,35.12,50.18,-18.9552,-15.3072,198.0,1
2018-10-14,14,19.5,0.0,16.3333,50,31.51,42.38,-19.8791,-15.6899,177.0,1
2018-10-14,15,20.0,0.0,17.6667,43,29.23,39.54,-55.4328,-22.9608,175.137,1
2018-10-14,16,19.6667,0.0,18.6667,43,26.81,37.4,-57.2806,-23.7262,176.727,1
2018-10-14,17,19.1667,0.0,19.8333,44,24.78,35.98,-54.5089,-22.5781,181.895,1
2018-10-14,18,18.0,0.0,20.5,46,25.64,34.7,-21.9552,-15.3072,218.743,1
2018-10-14,19,16.6667,0.0,20.8333,48,28.01,35.99,-9.9552,-15.3072,206.743,1
2018-10-14,20,15.8333,0.0,20.8333,53,29.16,36.66,23.4463,-7.27092,245.937,1
2018-10-14,21,14.5,0.0,20.1667,61,29.99,38.32,55.0,0.0,264.0,1
2018-10-14,22,13.8333,0.0,19.3333,61,31.17,39.5,53.0,0.0,265.5,1
2018-10-14,23,14.1667,0.0,18.1667,61,32.82,40.15,56.0,0.0,248.571,1
2018-10-15,0,14.3333,0.0,17.1667,62,31.66,39.3,26.294,-6.50556,221.571,0
2018-10-15,1,14.0,0.0,16.3333,64,29.7,40.07,25.294,-6.50556,223.385,0
2018-10-15,2,13.6667,0.0,15.5,67,31.06,38.32,24.294,-6.50556,245.92,0
2018-10-15,3,13.5,0.0,15.0,66,30.26,38.86,21.294,-6.50556,284.612,0
2018-10-15,4,12.5,0.0,14.5,66,28.91,39.14,33.294,-6.50556,248.4,0
2018-10-15,5,11.6667,0.0,14.0,63,28.31,40.16,58.0,0.0,289.385,0
2018-10-15,6,12.0,0.0,13.6667,60,28.46,40.8,57.0,0.0,291.5,0
2018-10-15,7,12.0,0.0,13.5,60,28.04,40.59,60.0,0.0,260.0,0
2018-10-15,8,12.5,0.0,13.3333,58,26.99,40.47,60.0,0.0,260.0,0
2018-10-15,9,13.1667,0.0,13.3333,58,26.94,39.54,54.0,0.0,255.2,0
2018-10-15,10,14.5,0.0,13.6667,51,26.34,39.86,58.0,0.0,237.12,0
2018-10-15,11,15.1667,0.0,14.1667,53,24.65,39.56,60.0,0.0,197.6,0
2018-10-15,12,15.5,0.0,14.8333,48,24.14,38.19,64.0,0.0,187.68,0
2018-10-15,13,16.6667,0.0,15.5,44,25.58,35.12,66.0,0.0,180.0,0
2018-10-15,14,16.8333,0.0,16.6667,41,27.94,31.51,52.0,0.0,220.8,0
2018-10-15,15,16.1667,0.0,17.8333,41,31.05,29.23,52.0,0.0,224.824,0
2018-10-15,16,15.5,0.0,18.6667,43,27.61,26.81,64.0,0.0,202.024,0
2018-10-15,17,15.3333,0.0,19.6667,41,27.36,24.78,60.0,0.0,245.937,0
2018-10-15,18,14.8333,0.0,20.1667,42,27.82,25.64,56.0,0.0,261.0,0
2018-10-15,19,13.6667,0.0,20.3333,46,31.35,28.01,54.0,0.0,255.2,0
2018-10-15,20,12.6667,0.0,19.8333,50,34.84,29.16,54.0,0.0,261.415,0
2018-10-15,21,12.5,0.0,18.6667,65,37.14,29.99,51.0,0.0,302.08,0
2018-10-15,22,12.1667,0.0,17.6667,65,35.66,31.17,62.0,0.0,267.12,0
2018-10-15,23,11.1667,0.0,16.0,70,38.36,32.82,58.0,0.0,297.6,0
2018-10-16,0,10.1667,0.0,14.6667,74,38.71,31.66,53.0,0.0,336.3,0
2018-10-16,1,9.83333,0.0,13.5,73,38.28,29.7,61.0,0.0,311.1,0
2018-10-16,2,9.5,0.0,12.6667,73,37.79,31.06,59.0,0.0,312.12,0
2018-10-16,3,9.5,0.0,12.0,84,39.55,30.26,57.0,0.0,347.564,0
2018-10-16,4,9.5,0.0,11.3333,82,35.5,28.91,57.0,0.0,347.564,0
2018-10-16,5,9.33333,0.0,11.1667,79,36.47,28.31,57.0,0.0,325.867,0
2018-10-16,6,9.83333,0.0,11.0,78,37.23,28.46,56.0,0.0,327.6,0
2018-10-16,7,10.0,0.0,11.0,73,37.63,28.04,37.8373,4.20948,312.12,0
2018-10-16,8,10.0,0.0,10.6667,88,36.83,26.99,30.8373,4.20948,341.127,0
2018-10-16,9,10.0,0.0,10.8333,83,37.62,26.94,38.8373,4.20948,311.564,0
2018-10-16,10,9.66667,0.0,11.5,67,37.07,26.34,38.8373,4.20948,311.564,0
2018-10-16,11,10.5,0.0,12.0,67,35.46,24.65,36.8373,4.20948,300.0,0
2018-10-16,12,9.83333,0.0,12.6667,63,33.32,24.14,52.0,0.0,341.127,0
2018-10-16,13,9.16667,0.0,13.5,56,32.06,25.58,45.5328,2.67876,323.345,0
2018-10-16,14,9.0,0.0,14.6667,56,32.11,27.94,28.0657,5.35752,341.85,0
2018-10-16,15,7.83333,0.0,16.0,50,32.02,31.05,27.0657,5.35752,385.527,0
2018-10-16,16,7.0,0.0,16.8333,54,34.89,27.61,30.7612,3.8268,398.945,0
2018-10-16,17,5.66667,0.0,17.8333,53,38.8,27.36,22.5896,0.99836,479.467,0
2018-10-16,18,5.83333,0.0,18.3333,59,39.54,27.82,17.9702,-0.91504,466.4,0
2018-10-16,19,5.5,0.0,18.3333,69,43.93,31.35,16.9702,-0.91504,530.031,0
2018-10-16,20,5.16667,0.0,18.0,78,46.4,34.84,12.3508,-2.82844,523.477,0
2018-10-16,21,4.83333,0.0,16.8333,86,54.48,37.14,-2.56256,-7.44784,575.143,0
2018-10-16,22,4.5,0.0,15.5,94,79.22,35.66,-3.32792,-9.2956,599.657,0
2018-10-16,23,4.5,0.0,14.1667,85,68.45,38.36,-4.74214,-10.7098,620.743,0
2018-10-17,0,4.5,0.0,13.0,92,65.5,38.71,-2.89438,-11.4752,663.257,0
2018-10-17,1,4.83333,0.0,12.0,89,66.83,38.28,11.5728,-14.1539,641.829,0
2018-10-17,2,4.66667,0.0,11.3333,84,55.71,37.79,-5.5899,-9.94446,620.1,0
2018-10-17,3,5.5,0.0,10.6667,100,50.48,39.55,-4.41834,-7.11602,635.04,0
2018-10-17,4,6.16667,0.0,10.3333,100,49.23,35.5,7.20106,-5.20262,635.25,0
2018-10-17,5,6.83333,0.0,9.83333,95,48.57,36.47,5.20106,-5.20262,635.04,0
2018-10-17,6,6.66667,0.0,9.66667,92,49.77,37.23,1.50554,0.1549,540.0,0
2018-10-17,7,6.83333,0.0,9.5,90,55.35,37.63,12.5985,8.03628,461.76,0
2018-10-17,8,6.83333,0.0,9.16667,95,61.42,36.83,25.2179,6.12288,452.4,0
2018-10-17,9,6.33333,0.0,9.5,96,57.69,37.62,13.5224,7.6536,509.143,0
2018-10-17,10,6.5,0.0,10.3333,76,53.31,37.07,10.694,10.482,498.343,0
2018-10-17,11,6.16667,0.0,11.0,83,51.7,35.46,20.1611,7.80328,509.143,0
2018-10-17,12,6.16667,0.0,11.6667,76,48.78,33.32,20.1611,7.80328,496.8,0
2018-10-17,13,6.0,0.0,12.8333,63,41.24,32.06,21.1611,7.80328,515.2,0
2018-10-17,14,6.0,0.0,14.1667,60,38.97,32.11,36.476,4.35916,528.0,0
2018-10-17,15,6.33333,0.0,15.5,61,39.96,32.02,32.7805,2.82844,517.029,0
2018-10-17,16,5.5,0.0,16.1667,58,40.04,34.89,28.0766,-2.71484,550.8,0
2018-10-17,17,4.66667,0.0,17.1667,66,48.62,38.8,28.0766,-4.71484,577.2,0
2018-10-17,18,4.33333,0.0,17.8333,70,58.11,39.54,30.0766,-4.71484,600.0,0
2018-10-17,19,4.66667,0.0,17.5,85,60.08,43.93,25.7721,-11.2456,620.1,0
2018-10-17,20,5.0,0.0,17.0,92,65.8,46.4,28.6006,-23.074,559.543,0
2018-10-17,21,4.83333,0.0,16.0,100,69.57,54.48,27.6006,-23.074,579.429,0
2018-10-17,22,4.83333,0.0,15.0,89,64.34,79.22,20.6006,-28.074,620.229,0
2018-10-17,23,5.5,0.0,13.6667,94,62.8,68.45,21.3659,-29.9218,641.829,0
2018-10-18,0,5.5,0.0,12.5,89,66.91,65.5,19.9092,-27.6257,663.257,0
2018-10-18,1,5.33333,0.0,11.6667,88,68.98,66.83,17.9092,-27.6257,655.2,0
2018-10-18,2,5.5,0.0,11.1667,85,67.69,55.71,29.6047,-26.095,600.0,0
2018-10-18,3,5.83333,0.0,11.1667,84,64.59,50.48,18.8415,-15.8729,524.16,0
2018-10-18,4,6.5,0.0,10.5,100,61.82,49.23,12.3743,-8.19416,547.2,0
2018-10-18,5,6.66667,0.0,10.1667,100,59.94,48.57,6.83104,3.10192,561.6,0
2018-10-18,6,6.83333,0.0,9.83333,100,61.22,49.77,-4.11873,8.05169,524.16,0
2018-10-18,9,7.16667,0.0,9.16667,95,59.34,57.69,-18.4378,17.5782,436.05,0
2018-10-18,10,7.5,0.0,9.83333,79,57.91,53.31,-33.8288,20.6397,420.0,0
2018-10-18,12,8.33333,0.0,11.3333,81,45.19,48.78,-18.0093,23.8212,408.857,0
2018-10-18,13,9.0,0.0,12.1667,81,47.96,41.24,-21.3744,22.3156,360.0,0
2018-10-18,14,10.0,0.0,13.1667,83,45.19,38.97,-15.6387,29.2119,345.257,0
2018-10-18,15,11.3333,0.0,14.0,84,40.74,39.96,7.4119,32.6641,319.2,0
2018-10-18,16,13.5,0.0,14.1667,93,35.47,40.04,24.852,27.9519,270.667,0
2018-10-18,18,19.0,0.0,14.8333,86,7.46,58.11,53.6523,30.9219,139.125,0
2018-10-18,19,20.6667,0.0,14.8333,79,2.72,60.08,47.1179,19.5167,176.538,0
2018-10-18,20,22.5,0.0,14.5,78,1.45,65.8,68.3671,28.3183,129.6,0
2018-10-18,21,24.3333,0.0,14.1667,78,1.61,69.57,66.5194,27.553,134.832,0
2018-10-18,22,24.8333,0.0,14.0,77,1.5,64.34,47.1179,19.5167,171.55,0
2018-10-18,23,24.3333,0.0,13.5,76,1.12,62.8,47.1179,19.5167,179.022,0
2018-10-19,0,24.0,0.0,12.6667,81,0.79,66.91,68.3671,28.3183,134.267,0
2018-10-19,1,23.6667,0.0,12.0,76,0.94,68.98,64.6716,26.7876,140.4,0
2018-10-19,2,23.1667,0.0,11.6667,76,1.04,67.69,61.9,25.6396,151.93,0
2018-10-19,3,22.3333,0.0,11.1667,80,0.99,64.59,60.0522,24.8742,163.409,0
2018-10-19,9,11.6667,0.0,9.66667,89,9.18,59.34,46.4212,34.373,329.4,0
2018-10-19,10,10.0,0.0,9.83333,74,3.94,57.91,46.4212,43.373,317.673,0
2018-10-19,12,9.0,0.0,10.6667,71,3.3,45.19,26.1631,45.6314,380.8,0
2018-10-19,13,10.3333,0.0,11.1667,65,1.48,47.96,26.8702,48.5062,345.257,0
2018-10-19,14,11.5,0.0,11.6667,68,1.2,45.19,32.5271,45.6457,288.0,0
2018-10-19,15,12.6667,0.0,12.5,66,3.06,40.74,42.4266,46.5452,260.0,0
2018-10-19,16,13.6667,0.0,12.6667,62,1.41,35.47,42.3594,35.8679,231.0,0
2018-10-19,18,15.6667,0.0,12.5,76,15.61,7.46,47.1179,19.5167,229.125,0
2018-10-19,19,15.0,0.0,12.1667,73,30.52,2.72,60.0522,24.8742,187.425,0
2018-10-19,20,14.1667,0.0,11.8333,73,25.72,1.45,56.2701,18.7513,239.733,0
2018-10-19,21,12.1667,0.0,11.0,83,25.96,1.61,48.6403,11.8631,312.141,0
2018-10-19,22,10.5,0.0,10.3333,78,19.96,1.5,51.4687,15.5586,350.118,0
2018-10-19,23,9.16667,0.0,9.5,79,40.48,1.12,51.4687,23.5586,339.247,0
2018-10-20,0,8.5,0.0,8.66667,81,36.51,0.79,42.1268,25.368,399.514,1
2018-10-20,1,8.5,0.0,8.0,77,22.84,0.94,29.1924,30.0104,425.455,1
2018-10-20,2,9.0,0.0,7.33333,77,12.89,1.04,13.983,40.1731,409.867,1
2018-10-20,3,10.0,0.0,7.33333,76,6.17,0.99,0.39079,51.2597,300.0,1
2018-10-20,8,11.5,0.25,7.83333,68,6.73,12.82,-17.2206,51.5746,297.0,1
2018-10-20,9,11.8333,0.25,8.0,62,5.89,9.18,-22.5781,54.5089,240.0,1
2018-10-20,10,13.0,0.0,8.16667,61,4.78,3.94,-19.8994,48.0418,276.0,1
2018-10-20,11,13.3333,0.51,8.66667,61,4.56,2.44,-15.3072,52.9552,248.571,1
2018-10-20,12,13.0,0.51,9.0,56,4.34,3.3,-9.94968,52.0209,267.429,1
2018-10-20,13,13.0,0.51,9.66667,49,3.45,1.48,-13.7765,61.2597,240.0,1
2018-10-20,14,13.0,0.51,10.3333,53,6.58,1.2,-3.8268,51.2388,297.6,1
2018-10-20,15,12.8333,0.51,10.8333,60,6.27,3.06,-3.8268,65.2388,240.0,1
2018-10-20,16,12.5,0.51,11.3333,62,10.54,1.41,-3.8268,60.2388,249.9,1
2018-10-20,17,12.8333,0.0,11.3333,74,9.71,3.58,-5.35752,51.9343,277.114,1
2018-10-20,18,13.3333,0.0,11.3333,73,10.89,15.61,-10.715,50.8686,277.114,1
2018-10-20,19,12.5,0.23,11.0,71,12.59,30.52,-15.6899,48.8791,270.327,1
2018-10-20,20,11.6667,0.23,10.6667,71,15.04,25.72,-19.134,57.194,240.0,1
2018-10-20,21,11.3333,0.23,10.3333,75,17.1,25.96,-22.5781,54.5089,287.571,1
2018-10-20,22,10.5,0.23,9.83333,81,21.4,19.96,-20.6647,49.8895,339.429,1
2018-10-20,23,10.1667,0.23,9.5,80,25.94,40.48,-24.1088,58.2044,310.371,1
2018-10-21,0,9.5,0.23,9.16667,81,32.93,36.51,-23.3435,56.3567,321.6,1
2018-10-21,1,9.83333,0.0,8.83333,80,27.89,22.84,-18.3686,53.3462,325.867,1
2018-10-21,2,10.1667,0.0,8.5,77,21.12,12.89,-14.9245,56.0313,300.0,1
2018-10-21,3,10.0,0.0,8.33333,80,18.46,6.17,-8.03628,50.4015,326.8,1
2018-10-21,4,10.0,0.0,8.33333,76,14.22,5.45,-4.59216,50.0866,359.9,1
2018-10-21,5,9.66667,0.0,8.33333,77,10.72,4.5,-4.59216,59.0866,322.4,1
2018-10-21,6,9.66667,0.23,8.16667,92,15.8,5.76,0.0,58.0,312.8,1
2018-10-21,7,9.66667,0.23,8.0,80,19.83,7.46,0.0,58.0,335.345,1
2018-10-21,8,8.66667,0.23,7.83333,79,18.68,6.73,0.0,58.0,335.345,1
2018-10-21,9,8.16667,0.23,7.16667,98,21.66,5.89,-3.53555,50.5355,386.4,1
2018-10-21,10,8.33333,0.23,7.16667,85,24.35,4.78,1.46445,50.5355,374.85,1
2018-10-21,11,8.0,0.23,7.33333,91,21.8,4.56,-2.36235,51.7743,360.0,1
2018-10-21,12,8.33333,0.0,7.83333,83,21.43,4.34,-9.75339,45.8358,386.88,1
2018-10-21,13,8.0,0.0,8.5,73,22.44,3.45,-17.5316,43.614,360.0,1
2018-10-21,14,8.66667,0.0,9.33333,64,19.08,6.58,-25.8465,38.0581,385.745,1
2018-10-21,15,9.33333,0.0,10.5,63,14.38,6.27,-30.6259,26.9667,356.16,1
2018-10-21,16,9.66667,0.0,11.1667,61,8.28,10.54,-43.9408,30.4108,349.92,1
2018-10-21,17,9.83333,0.0,12.0,69,8.99,9.71,-51.2006,25.7642,300.0,1
2018-10-21,18,9.66667,0.0,12.5,70,13.21,10.89,-52.1245,26.1469,323.345,1
2018-10-21,19,9.5,0.0,12.6667,67,10.46,12.59,-51.4173,25.4397,312.8,1
2018-10-21,20,9.66667,0.0,12.3333,81,8.1,15.04,-48.7593,27.6525,325.867,1
2018-10-21,21,10.0,0.0,12.0,81,8.71,17.1,-30.4444,24.2084,312.8,1
2018-10-21,22,10.3333,0.0,11.6667,73,7.98,21.4,-32.2921,24.9737,322.4,1
2018-10-21,23,11.1667,0.0,11.1667,73,8.27,25.94,-25.825,22.295,321.48,1
2018-10-22,0,11.8333,0.0,10.6667,75,9.54,32.93,-31.6882,20.5814,252.45,0
2018-10-22,1,12.8333,0.0,10.3333,80,8.47,27.89,-48.9656,20.282,259.418,0
2018-10-22,2,13.1667,0.0,10.3333,75,7.72,21.12,-51.7373,21.4301,248.571,0
2018-10-22,3,13.1667,0.0,10.5,74,8.54,18.46,-49.8895,20.6647,267.429,0
2018-10-22,4,12.6667,0.0,10.0,90,12.66,14.22,-47.1179,19.5167,297.0,0
2018-10-22,5,12.3333,0.0,9.66667,88,20.16,10.72,-57.2806,23.7262,258.514,0
2018-10-22,6,12.3333,0.0,9.5,86,22.42,15.8,-52.8316,26.854,277.714,0
2018-10-22,7,12.6667,0.0,9.5,83,22.9,19.83,-49.7968,31.396,260.0,0
2018-10-22,8,13.0,1.02,9.66667,81,28.22,18.68,-43.3296,28.7172,259.418,0
2018-10-22,9,14.0,1.02,9.66667,78,34.37,21.66,-43.0665,34.4073,235.2,0
2018-10-22,10,15.3333,1.88,10.1667,77,24.75,24.35,-50.2871,32.4275,204.429,0
2018-10-22,11,15.6667,1.88,10.6667,84,3.38,21.8,-26.9525,40.0817,180.0,0
2018-10-22,12,16.1667,1.88,11.1667,77,2.55,21.43,-17.5279,46.8931,180.0,0
2018-10-22,13,19.5,1.88,11.5,68,2.77,22.44,4.39248,52.6996,180.0,0
2018-10-22,14,22.1667,0.86,11.6667,63,1.77,19.08,37.4768,41.1619,140.047,0
2018-10-22,15,24.0,0.86,11.8333,62,1.88,14.38,46.6693,46.6693,130.667,0
2018-10-22,16,26.0,0.99,11.8333,58,2.14,8.28,41.0124,41.0124,149.76,0
2018-10-22,17,28.3333,0.99,11.6667,62,2.4,8.99,41.7195,41.7195,138.986,0
2018-10-22,18,28.8333,1.98,11.3333,59,2.96,13.21,41.7195,41.7195,147.716,0
2018-10-22,19,26.0,1.98,11.0,56,3.67,10.46,55.8617,55.8617,128.826,0
2018-10-22,20,23.8333,1.98,10.6667,56,4.46,8.1,47.3764,51.495,175.157,0
2018-10-22,21,21.1667,1.98,10.1667,60,5.11,8.71,39.5982,47.4019,207.36,0
2018-10-22,22,18.3333,0.99,9.66667,65,4.81,7.98,39.5982,59.4019,193.44,0
2018-10-22,23,16.3333,0.99,9.0,70,4.12,8.27,20.0984,58.194,230.4,0
2018-10-23,0,15.5,0.0,8.5,77,3.43,9.54,0.54047,55.4224,241.553,0
2018-10-23,1,15.5,0.0,8.0,72,3.05,8.47,-17.2206,53.5746,225.5,0
2018-10-23,2,16.0,0.0,7.5,71,2.31,7.72,-24.4915,59.1283,180.0,0
2018-10-23,3,18.0,0.0,7.33333,68,1.98,8.54,-20.6647,49.8895,200.08,0
2018-10-23,4,19.3333,0.0,7.33333,62,2.14,12.66,-24.1088,58.2044,155.621,0
2018-10-23,5,21.0,1.12,7.5,66,1.8,20.16,-32.3943,56.2071,142.56,0
2018-10-23,6,22.1667,2.24,7.5,84,1.87,22.42,-43.1256,56.1144,130.0,0
2018-10-23,7,22.5,2.24,7.5,79,2.8,22.9,-49.4977,49.4977,130.473,0
2018-10-23,8,23.1667,4.12,7.83333,71,3.82,28.22,-48.7906,48.7906,155.215,0
2018-10-23,9,23.8333,6.0,7.66667,89,5.65,34.37,-47.3764,47.3764,147.0,0
2018-10-23,10,25.3333,6.0,8.0,77,7.25,24.75,-36.7697,36.7697,165.6,0
2018-10-23,11,26.3333,6.61,8.33333,85,8.01,3.38,-41.7195,41.7195,138.986,0
2018-10-23,12,27.8333,5.49,9.0,78,4.3,2.55,-44.5479,44.5479,128.981,0
2018-10-23,13,29.5,6.61,9.66667,76,1.29,2.77,-34.4906,51.2678,131.962,0
2018-10-23,14,30.6667,4.73,10.1667,80,2.07,1.77,-23.7262,57.2806,133.548,0
2018-10-23,15,33.5,3.97,11.0,73,2.04,1.88,-23.7262,57.2806,133.548,0
2018-10-23,16,37.6667,3.97,11.3333,73,0.94,2.14,-11.8631,73.6403,76.6452,0
2018-10-23,17,39.6667,2.24,11.5,80,1.39,2.4,0.0,56.0,107.143,0
2018-10-23,18,40.1667,2.24,11.5,74,0.99,2.96,0.0,100.0,74.4,0
2018-10-23,19,40.5,1.12,11.5,68,1.66,3.67,24.0417,75.4119,108.0,0
2018-10-23,20,40.8333,1.12,11.3333,65,1.82,4.46,47.3764,61.9,120.6,0
2018-10-23,21,39.0,0.81,11.1667,69,2.23,5.11,46.6693,60.9761,121.818,0
2018-10-23,22,34.3333,0.81,10.8333,65,2.77,4.81,47.3764,61.9,117.6,0
2018-10-23,23,33.5,1.62,10.6667,66,3.66,4.12,43.8408,57.2806,142.306,0
2018-10-24,0,35.5,1.62,10.5,71,3.55,3.43,47.3764,61.9,101.957,0
2018-10-24,1,38.0,1.62,10.1667,67,1.66,3.05,60.1043,78.5298,71.4462,0
2018-10-24,2,40.6667,2.13,9.83333,60,1.22,2.31,66.4683,86.8447,65.113,0
2018-10-24,3,41.6667,1.32,9.5,61,1.07,1.98,68.5897,89.6164,62.475,0
2018-10-24,4,47.0,1.83,9.16667,64,0.45,2.14,62.9328,73.5545,86.6939,0
2018-10-24,5,51.5,1.02,8.83333,62,0.31,1.8,55.4328,22.9608,100.0,0
2018-10-24,6,53.6667,1.02,8.66667,60,0.24,1.87,60.9761,25.2569,90.9091,0
2018-10-24,7,54.1667,1.02,8.5,64,0.08,2.8,41.7195,41.7195,101.695,0
2018-10-24,8,53.5,0.51,8.5,59,0.39,3.82,47.1179,19.5167,117.647,0
2018-10-24,9,54.5,0.51,8.5,59,0.57,5.65,88.6925,36.7373,72.4706,0
2018-10-24,10,51.0,0.0,8.66667,54,0.78,7.25,74.1017,49.7477,70.56,0
2018-10-24,11,43.6667,0.0,9.0,51,1.46,8.01,68.5584,47.4516,90.7043,0
2018-10-24,12,42.0,0.0,9.0,50,0.57,4.3,51.5877,35.2499,160.8,0
2018-10-24,13,39.1667,0.0,9.33333,52,0.58,1.29,64.5564,20.3254,63.9818,0
2018-10-24,14,41.1667,0.0,9.5,48,0.4,2.07,73.0417,24.0417,105.061,0
2018-10-24,15,42.8333,0.0,9.83333,45,0.49,2.04,52.6612,21.8128,105.263,0
2018-10-24,16,43.6667,0.0,10.0,52,2.34,0.94,51.7373,21.4301,107.143,0
2018-10-24,17,46.1667,0.0,9.83333,62,1.38,1.39,82.8501,52.5429,74.4,0
2018-10-24,18,42.6667,0.0,9.83333,61,1.09,0.99,57.2759,57.2759,97.9364,0
2018-10-24,19,40.1667,0.0,9.66667,59,1.84,1.66,45.9622,45.9622,137.773,0
2018-10-24,20,33.3333,0.0,9.5,62,2.42,1.82,59.3972,59.3972,132.357,0
2018-10-24,21,25.8333,0.0,9.0,68,2.82,2.23,44.5479,48.0163,197.786,0
2018-10-24,22,20.6667,0.74,8.66667,67,3.78,2.77,44.5479,59.0163,203.657,0
2018-10-24,23,16.8333,1.48,8.5,68,4.52,3.66,24.7488,52.2172,253.895,0
2018-10-25,1,13.8333,1.48,8.0,76,3.83,1.66,-4.97484,50.0104,281.455,0
2018-10-25,2,13.8333,2.6,7.83333,79,4.44,1.22,-16.2886,50.3242,242.031,0
2018-10-25,3,15.3333,3.72,8.0,81,4.86,1.07,-27.6024,48.638,221.571,0
2018-10-25,4,18.0,2.98,8.33333,86,2.6,0.45,-30.2811,41.1051,220.8,0
2018-10-25,5,20.6667,2.24,8.83333,83,1.45,0.31,-30.0651,56.5839,126.225,0
2018-10-25,6,22.1667,2.24,9.33333,82,0.61,0.24,-22.5781,54.5089,141.931,0
2018-10-25,7,23.1667,2.72,10.0,82,1.34,0.08,-19.8994,48.0418,180.96,0
2018-10-25,8,24.6667,1.6,10.5,77,1.74,0.39,-19.8994,70.0418,147.84,0
2018-10-25,9,25.3333,0.48,10.8333,79,1.02,0.57,-8.41896,67.3254,135.873,0
2018-10-25,10,26.0,0.48,11.0,71,0.35,0.78,0.0,71.0,125.182,0
2018-10-25,11,25.1667,0.48,11.1667,73,3.4,1.46,23.3346,54.488,137.35,0
2018-10-25,12,26.5,0.48,11.3333,66,2.26,0.57,23.3346,55.488,158.182,0
2018-10-25,13,28.0,0.23,11.5,60,2.07,0.58,21.2133,52.7164,151.2,0
2018-10-25,14,29.0,0.23,11.6667,58,1.27,0.4,43.1337,56.3567,135.24,0
2018-10-25,15,30.5,0.23,11.8333,57,1.62,0.49,43.8408,57.2806,133.548,0
2018-10-25,16,30.3333,0.23,11.8333,58,1.63,2.34,45.255,59.1283,124.49,0
2018-10-25,17,30.8333,0.23,11.6667,58,1.43,1.38,45.9622,60.0522,126.109,0
2018-10-25,18,29.8333,0.23,11.5,63,2.07,1.09,42.4266,55.4328,145.8,0
2018-10-25,19,28.1667,0.0,11.3333,61,1.76,1.84,36.7697,48.0418,175.886,0
2018-10-25,20,26.0,0.0,11.1667,65,1.5,2.42,51.619,67.4432,143.786,0
2018-10-25,21,24.1667,0.0,10.8333,62,1.47,2.82,44.5479,58.2044,179.95,0
2018-10-25,22,22.5,0.97,10.6667,66,1.15,3.78,27.5773,58.0313,178.286,0
2018-10-25,23,21.1667,0.97,10.5,67,1.1,4.52,28.2844,58.9552,156.8,0
