data,timeofday,windspeed6,opady6,temp6,rhumid,index_avg,prev_index_avg,wind_dir_ns,wind_dir_ew,dispel50,is_weekend
2017-11-01,1,11.3333,0.89,7.66667,75,21.6214,15.14,-21.0474,50.8134,297.0,1
2017-11-01,4,11.8333,0.86,8.0,79,28.7267,15.7333,-27.5028,52.398,240.0,1
2017-11-01,5,12.1667,0.86,8.0,80,37.1,15.39,-31.4542,50.9374,240.0,1
2017-11-01,6,12.5,0.86,8.0,82,38.15,19.895,-35.7301,49.2601,249.508,1
2017-11-01,7,12.6667,1.57,8.0,83,32.68,20.2714,-39.9477,46.4421,240.0,1
2017-11-01,8,12.8333,1.57,8.16667,86,28.9967,23.5167,-45.255,45.255,240.0,1
2017-11-01,9,12.6667,1.57,8.16667,92,24.8667,25.98,-36.7697,36.7697,276.0,1
2017-11-01,10,12.8333,1.14,8.33333,90,22.6733,32.655,-33.2592,40.2948,271.385,1
2017-11-01,11,13.0,1.14,8.66667,90,21.8333,29.675,-32.5521,39.5877,286.971,1
2017-11-01,12,13.1667,1.14,9.0,88,17.8467,21.855,-31.845,38.8806,291.877,1
2017-11-01,13,13.6667,0.0,9.5,87,15.91,14.5967,-32.5521,39.5877,281.538,1
2017-11-01,14,13.6667,0.0,10.0,85,16.0067,13.3967,-39.5982,39.5982,235.2,1
2017-11-01,15,13.6667,0.48,10.6667,83,16.09,14.0433,-36.0877,43.1233,232.615,1
2017-11-01,16,14.0,0.48,11.0,89,16.97,14.9967,-31.8701,45.9413,239.4,1
2017-11-01,17,14.1667,0.48,11.1667,89,14.3267,16.76,-27.3281,48.9761,258.353,1
2017-11-01,18,14.3333,0.48,11.3333,88,16.5467,24.2533,-20.6647,49.8895,261.415,1
2017-11-01,19,14.0,0.48,11.3333,88,26.38,27.188,-21.4301,51.7373,242.031,1
2017-11-01,20,14.3333,0.48,11.1667,88,22.7933,17.13,-22.1954,53.585,230.4,1
2017-11-01,21,14.6667,0.0,11.0,88,21.15,17.13,-22.5781,54.5089,221.571,1
2017-11-01,22,15.0,0.71,11.1667,83,31.9867,22.2433,-22.9608,55.4328,220.0,1
2017-11-02,1,15.5,2.13,11.3333,83,31.9867,21.6214,-23.7262,57.2806,203.52,0
2017-11-02,4,17.1667,6.61,10.8333,87,24.3267,28.7267,-21.0474,50.8134,196.725,0
2017-11-02,5,17.1667,7.63,10.5,88,17.3186,37.1,-21.4301,51.7373,193.765,0
2017-11-02,6,17.8333,6.92,10.3333,88,14.6943,38.15,-21.0474,50.8134,222.927,0
2017-11-02,7,17.6667,6.92,10.1667,88,13.2167,32.68,-19.8994,48.0418,224.824,0
2017-11-02,8,17.5,5.19,9.83333,89,11.4633,28.9967,-30.506,58.6484,180.0,0
2017-11-02,9,16.6667,4.02,9.83333,86,14.18,24.8667,-30.1233,57.7245,180.0,0
2017-11-02,10,16.0,2.29,9.83333,76,11.29,22.6733,-36.0213,54.9633,193.768,0
2017-11-02,11,15.6667,1.12,9.83333,74,15.6267,21.8333,-33.7252,49.42,211.68,0
2017-11-02,12,14.8333,1.12,9.83333,74,19.17,17.8467,-28.4761,51.7477,226.8,0
2017-11-02,13,14.6667,1.6,10.0,74,24.9767,15.91,-27.7108,49.8999,249.882,0
2017-11-02,14,14.1667,1.6,10.3333,73,26.0086,16.0067,-21.0474,50.8134,251.631,0
2017-11-02,15,14.0,1.52,10.5,74,26.2867,16.09,-21.0474,50.8134,257.914,0
2017-11-02,16,13.8333,1.52,10.6667,75,30.7967,16.97,-21.8128,52.6612,239.4,0
2017-11-02,17,13.3333,0.96,10.8333,82,29.04,14.3267,-21.0474,50.8134,257.914,0
2017-11-02,18,12.6667,0.96,10.8333,83,32.045,16.5467,-19.8994,48.0418,281.538,0
2017-11-02,19,12.0,0.48,10.6667,83,23.4767,26.38,-19.8994,58.0418,249.508,0
2017-11-02,20,11.3333,0.48,10.5,80,22.6267,22.7933,-14.9245,56.0313,303.525,0
2017-11-02,21,10.5,0.0,10.3333,77,16.9767,21.15,-8.80164,50.2492,348.0,0
2017-11-02,22,10.5,0.0,10.1667,75,11.44,31.9867,-4.20948,50.1627,353.455,0
2017-11-03,1,11.3333,0.0,9.5,78,11.44,31.9867,9.89954,55.9343,263.467,0
2017-11-03,4,10.6667,0.0,8.83333,76,11.0667,24.3267,9.89954,52.9343,339.429,0
2017-11-03,5,9.83333,0.0,8.66667,77,10.9533,17.3186,9.89954,62.9343,300.0,0
2017-11-03,6,9.83333,0.0,8.5,79,10.0467,14.6943,0.0,59.0,323.345,0
2017-11-03,7,9.5,0.0,8.33333,82,12.4714,13.2167,0.0,59.0,323.345,0
2017-11-03,8,9.5,0.0,8.33333,84,12.25,11.4633,0.0,57.0,325.867,0
2017-11-03,9,9.66667,0.0,8.33333,84,13.6067,14.18,0.0,57.0,325.867,0
2017-11-03,10,9.5,0.0,8.66667,82,18.0433,11.29,0.0,58.0,324.48,0
2017-11-03,11,10.0,0.0,9.0,77,17.73,15.6267,0.0,57.0,325.867,0
2017-11-03,12,10.0,0.0,9.5,72,17.1567,19.17,0.0,60.0,311.564,0
2017-11-03,13,10.1667,0.0,10.0,69,13.7457,24.9767,-4.20948,50.1627,340.267,0
2017-11-03,14,10.0,0.0,10.3333,69,12.34,26.0086,-4.20948,51.1627,334.08,0
2017-11-03,15,9.66667,0.0,10.5,71,12.4133,26.2867,-4.20948,59.1627,300.0,0
2017-11-03,16,9.5,0.0,10.3333,70,14.31,30.7967,-7.27092,56.5537,312.8,0
2017-11-03,17,8.66667,0.0,10.1667,72,18.135,29.04,-10.3324,54.9448,357.5,0
2017-11-03,18,8.0,0.0,9.83333,74,18.59,32.045,-13.0111,49.4119,411.927,0
2017-11-03,19,7.33333,0.0,9.5,76,30.09,23.4767,-15.6899,55.8791,385.745,0
2017-11-03,20,7.0,0.0,9.16667,79,23.8167,22.6267,-15.7231,49.9591,443.52,0
2017-11-03,21,7.0,0.0,9.0,80,22.3467,16.9767,-21.2663,52.2551,420.0,0
2017-11-03,22,6.83333,0.0,9.0,82,25.595,11.44,-28.6574,45.3166,420.0,0
2017-11-04,1,7.5,0.0,8.16667,90,27.5467,11.44,0.4655,22.5345,420.0,1
2017-11-04,4,7.83333,0.0,7.16667,84,25.7533,11.0667,38.609,3.06144,421.2,1
2017-11-04,5,7.83333,0.0,7.0,83,28.77,10.9533,54.0,0.0,408.857,1
2017-11-04,6,7.83333,0.0,6.83333,83,33.05,10.0467,55.0,0.0,405.45,1
2017-11-04,7,7.83333,0.0,6.66667,83,30.59,12.4714,55.0,0.0,405.45,1
2017-11-04,8,8.16667,0.0,6.66667,76,30.6667,12.25,55.0,0.0,405.45,1
2017-11-04,9,8.33333,0.0,6.66667,76,26.305,13.6067,56.0,0.0,375.943,1
2017-11-04,10,8.66667,0.0,6.83333,75,37.4733,18.0433,58.0,0.0,360.0,1
2017-11-04,11,9.16667,0.0,7.16667,71,39.9425,17.73,52.0,0.0,386.4,1
2017-11-04,12,9.83333,0.0,7.83333,67,39.9833,17.1567,55.0,0.0,341.85,1
2017-11-04,13,10.6667,0.0,8.5,65,38.9267,13.7457,51.0,0.0,340.267,1
2017-11-04,14,11.1667,0.0,9.16667,65,36.99,12.34,55.0,0.0,288.0,1
2017-11-04,15,11.5,0.0,9.66667,70,15.81,12.4133,58.0,0.0,262.08,1
2017-11-04,16,12.1667,0.0,10.0,76,35.92,14.31,59.0,0.0,260.945,1
2017-11-04,17,12.1667,0.0,10.0,86,34.5844,18.135,35.0657,-5.35752,240.0,1
2017-11-04,18,12.0,0.0,9.83333,85,36.04,18.59,12.903,-9.567,259.2,1
2017-11-04,19,11.8333,0.0,9.66667,84,38.1267,30.09,-10.2597,-13.7765,270.3,1
2017-11-04,20,12.1667,0.0,9.33333,84,34.6867,23.8167,-33.3462,-18.3686,260.945,1
2017-11-04,22,12.5,0.0,8.66667,84,39.91,25.595,-47.1179,-19.5167,281.455,1
2017-11-05,1,13.0,0.0,8.0,87,40.29,27.5467,-22.1074,-14.5418,297.0,1
2017-11-05,2,12.6667,0.0,7.83333,87,17.03,24.01,-9.10744,-14.5418,240.0,1
2017-11-05,4,12.0,0.0,7.83333,90,38.98,25.7533,39.8373,-4.20948,259.2,1
2017-11-05,5,11.5,0.0,7.83333,91,39.7711,28.77,37.8373,-4.20948,260.945,1
2017-11-05,6,11.3333,0.0,8.0,93,36.0733,33.05,58.0,0.0,289.385,1
2017-11-05,7,11.1667,0.0,8.0,93,38.1267,30.59,55.0,0.0,313.5,1
2017-11-05,8,10.8333,0.0,8.0,93,40.6056,30.6667,55.0,0.0,313.5,1
2017-11-05,10,10.1667,0.0,8.66667,81,40.41,37.4733,51.0,0.0,346.92,1
2017-11-05,11,10.3333,0.0,9.33333,75,37.8433,39.9425,51.0,0.0,346.92,1
2017-11-05,13,10.6667,0.0,11.0,70,36.1467,38.9267,30.8373,-4.20948,334.08,1
2017-11-05,14,10.8333,0.0,11.8333,70,39.5833,36.99,32.8373,-4.20948,300.667,1
2017-11-05,15,11.1667,1.12,12.5,73,37.1,15.81,13.6746,-8.41896,285.12,1
2017-11-05,16,10.5,2.24,12.6667,79,35.4667,35.92,-6.48804,-12.6284,282.764,1
2017-11-05,18,8.16667,2.24,12.3333,90,48.8533,36.04,2.13136,-10.715,369.6,1
2017-11-05,19,7.0,2.24,12.0,91,45.3467,38.1267,7.13136,-10.715,372.3,1
2017-11-05,20,6.33333,3.36,11.5,93,47.32,34.6867,-9.48804,-8.80164,464.0,1
2017-11-05,22,7.83333,1.12,10.3333,94,10.5933,39.91,-18.6596,6.31081,433.964,1
2017-11-06,1,10.6667,2.24,9.16667,89,10.5933,40.29,30.4057,44.8574,240.0,0
2017-11-06,4,9.16667,2.24,8.66667,91,14.5811,38.98,43.8408,50.9942,330.72,0
2017-11-06,5,8.0,1.12,8.5,91,12.73,39.7711,38.891,47.7786,399.514,0
2017-11-06,6,7.66667,2.24,8.33333,91,12.9933,36.0733,43.8408,54.2458,383.314,0
2017-11-06,7,7.83333,2.24,8.16667,91,12.2,38.1267,33.9413,52.3462,414.72,0
2017-11-06,10,9.0,1.12,7.83333,75,8.59333,40.41,31.1128,48.6507,386.4,0
2017-11-06,11,9.5,1.12,8.0,67,14.246,37.8433,32.5271,48.3308,345.257,0
2017-11-06,13,9.83333,0.0,8.66667,63,18.19,36.1467,41.0124,51.4173,300.0,0
2017-11-06,14,9.5,0.0,9.16667,63,15.7933,39.5833,41.7195,52.3412,312.12,0
2017-11-06,15,8.66667,0.0,9.33333,67,17.4067,37.1,34.6484,51.1024,347.564,0
2017-11-06,16,8.0,0.0,9.33333,73,16.2167,35.4667,26.8702,46.9397,403.68,0
2017-11-06,18,7.0,0.0,8.33333,81,21.3967,48.8533,28.2844,50.9552,443.52,0
2017-11-06,19,6.33333,0.0,7.66667,83,43.818,45.3467,26.1631,48.1836,479.467,0
2017-11-06,20,5.66667,0.0,6.83333,85,49.02,47.32,29.6986,52.803,466.4,0
2017-11-06,21,5.33333,0.0,6.0,88,42.2133,38.51,26.1631,48.1836,549.067,0
2017-11-06,22,5.16667,0.0,5.16667,94,45.7833,10.5933,26.1631,52.1836,547.2,0
2017-11-07,1,4.5,0.0,3.33333,94,45.7833,10.5933,12.4367,48.643,604.2,0
2017-11-07,4,4.33333,0.0,2.0,100,31.91,14.5811,5.13263,48.4907,667.8,0
2017-11-07,5,4.16667,0.0,1.5,100,36.4933,12.73,0.88997,46.9475,729.6,0
2017-11-07,6,4.16667,0.0,1.16667,100,36.9067,12.9933,0.88997,50.9475,704.229,0
2017-11-07,7,4.66667,0.0,1.33333,100,33.47,12.2,-8.6792,42.5669,711.36,0
2017-11-07,10,5.5,0.0,3.0,87,40.0867,8.59333,-3.12979,18.6326,674.16,0
2017-11-07,11,5.83333,0.0,4.16667,82,32.7167,14.246,1.46237,7.54603,624.24,0
2017-11-07,12,6.16667,0.0,5.33333,70,29.3167,18.97,0.98536,-1.98112,620.1,0
2017-11-07,13,6.5,0.0,6.33333,62,30.9333,18.19,2.51608,-12.6766,540.0,0
2017-11-07,14,7.16667,0.0,7.33333,62,31.73,15.7933,-0.92804,-32.9916,505.44,0
2017-11-07,15,7.83333,0.0,7.83333,68,26.7967,17.4067,3.69136,-40.0782,454.629,0
2017-11-07,16,8.0,0.0,8.0,73,24.0533,16.2167,2.13548,-41.3931,419.76,0
2017-11-07,18,8.16667,0.0,8.0,72,26.0933,21.3967,0.19692,-48.7841,377.4,0
2017-11-07,19,8.0,0.0,7.66667,79,30.2567,43.818,5.7402,-53.488,375.943,0
2017-11-07,20,7.83333,0.0,7.33333,77,29.9767,49.02,5.7402,-54.488,388.267,0
2017-11-07,21,7.5,0.0,7.16667,76,29.2833,42.2133,9.18432,-54.1731,402.8,0
2017-11-07,22,7.33333,0.0,7.16667,76,31.9233,45.7833,9.18432,-52.1731,432.667,0
2017-11-08,1,8.33333,0.0,6.16667,94,30.7033,45.7833,0.0,-57.0,360.0,0
2017-11-08,4,7.83333,0.0,5.66667,91,46.03,31.91,0.0,-55.0,392.229,0
2017-11-08,5,7.66667,0.0,5.5,91,46.0267,36.4933,0.0,-54.0,408.857,0
2017-11-08,6,7.33333,0.0,5.66667,79,46.4633,36.9067,0.0,-55.0,417.6,0
2017-11-08,7,7.5,0.0,5.83333,82,46.3622,33.47,0.0,-55.0,439.855,0
2017-11-08,8,7.83333,0.0,5.83333,82,35.62,33.2067,0.0,-53.0,437.25,0
2017-11-08,10,9.0,0.0,6.0,79,48.82,40.0867,-6.88824,-54.6298,360.0,0
2017-11-08,11,9.16667,0.0,6.5,72,33.13,32.7167,-10.715,-51.8686,356.4,0
2017-11-08,12,9.16667,0.0,6.83333,68,46.7167,29.3167,-14.1592,-52.1836,352.8,0
2017-11-08,14,9.16667,0.0,7.83333,69,44.45,31.73,-14.1592,-53.1836,339.2,0
2017-11-08,15,8.83333,0.0,8.16667,71,48.39,26.7967,-10.715,-52.8686,352.8,0
2017-11-08,16,8.33333,0.0,8.16667,79,45.8343,24.0533,-7.27092,-51.5537,389.88,0
2017-11-08,18,7.5,0.0,7.33333,86,40.1433,26.0933,-3.44412,-55.3149,402.8,0
2017-11-08,19,7.0,0.0,6.66667,88,43.2667,30.2567,0.0,-54.0,432.667,0
2017-11-08,21,6.83333,0.0,5.16667,89,47.8767,29.2833,0.0,-58.0,449.28,0
2017-11-08,22,6.66667,0.0,4.66667,93,51.3767,31.9233,0.0,-56.0,452.4,0
2017-11-09,1,6.16667,0.0,4.0,89,51.3767,30.7033,-1.9134,-50.6194,517.0,0
2017-11-09,4,5.16667,0.0,4.33333,86,54.1167,46.03,-7.6536,-51.4776,555.429,0
2017-11-09,5,4.66667,0.0,4.33333,86,49.3967,46.0267,-9.567,-49.097,583.0,0
2017-11-09,6,4.5,0.0,4.33333,87,54.7033,46.4633,-11.6883,-51.2183,582.4,0
2017-11-09,7,4.0,0.0,4.33333,87,57.21,46.3622,-15.3839,-46.7491,655.2,0
2017-11-09,8,4.16667,0.0,4.33333,86,57.5933,35.62,-18.1555,-47.8971,659.85,0
2017-11-09,9,4.66667,0.0,4.33333,83,58.9,49.4744,-13.1555,-39.8971,691.2,0
2017-11-09,10,5.0,0.0,4.66667,81,61.65,48.82,-5.15549,-33.8971,644.8,0
2017-11-09,11,6.0,0.0,5.0,80,62.04,33.13,-11.6227,-25.2183,600.0,0
2017-11-09,12,7.0,0.0,5.5,80,64.3933,46.7167,-15.7281,-11.6115,566.1,0
2017-11-09,14,8.66667,0.0,6.33333,80,61.4267,44.45,-22.1074,12.2458,416.0,0
2017-11-09,15,8.83333,0.0,6.66667,80,57.8567,48.39,-32.6507,16.8379,386.4,0
2017-11-09,16,9.16667,0.0,6.83333,85,56.92,45.8343,-48.9656,20.282,361.029,0
2017-11-09,17,9.33333,0.0,7.0,86,60.6,43.915,-48.8625,23.9673,352.8,0
2017-11-09,18,9.33333,0.0,7.0,87,60.99,40.1433,-47.6186,27.5942,349.92,0
2017-11-09,19,9.66667,0.58,7.0,83,56.54,43.2667,-45.451,30.8386,339.2,0
2017-11-09,21,10.5,0.58,7.5,74,62.3333,47.8767,-36.0626,36.0626,340.267,0
2017-11-10,4,12.3333,1.49,6.33333,86,50.4067,54.1167,-46.4421,39.9477,240.0,0
2017-11-10,5,12.1667,1.49,6.16667,87,36.9889,49.3967,-43.8408,43.8408,240.0,0
2017-11-10,6,11.6667,1.82,6.0,87,31.6233,54.7033,-43.1337,43.1337,259.2,0
2017-11-10,7,11.6667,1.82,6.16667,87,28.8633,57.21,-40.3053,40.3053,299.815,0
2017-11-10,8,11.5,0.91,6.33333,87,28.16,57.5933,-40.3053,40.3053,291.5,0
2017-11-10,9,11.6667,1.39,6.5,87,28.4267,58.9,-40.3053,40.3053,291.5,0
2017-11-10,10,12.0,1.87,6.83333,85,22.09,61.65,-41.0124,41.0124,271.745,0
2017-11-10,11,13.0,1.87,7.16667,83,22.0133,62.04,-36.7697,36.7697,281.538,0
2017-11-10,12,14.1667,0.96,7.5,81,28.4267,64.3933,-39.5982,39.5982,235.2,0
2017-11-10,14,16.1667,0.96,8.0,79,35.1767,61.4267,-45.255,45.255,180.0,0
2017-11-10,15,17.3333,2.18,8.16667,80,27.8,57.8567,-37.4768,37.4768,212.625,0
2017-11-10,16,18.0,3.4,8.0,83,25.5033,56.92,-40.3053,40.3053,186.353,0
2017-11-10,17,18.1667,3.4,7.83333,87,23.2233,60.6,-44.9142,35.1726,193.44,0
2017-11-10,18,19.0,3.4,7.66667,84,19.1,60.99,-47.4019,27.9187,207.36,0
2017-11-10,19,19.1667,3.88,7.33333,79,17.6033,56.54,-52.6612,21.8128,191.133,0
2017-11-11,4,23.5,1.94,4.5,76,15.32,50.4067,-27.553,66.5194,120.0,1
2017-11-11,5,24.0,1.94,4.16667,76,10.91,36.9889,-20.282,48.9656,165.092,1
2017-11-11,6,23.6667,0.97,3.83333,77,8.99125,31.6233,-29.0837,70.2149,120.0,1
2017-11-11,7,24.6667,0.0,3.5,78,8.41333,28.8633,-26.7876,64.6716,154.533,1
2017-11-11,8,24.1667,0.0,3.33333,76,12.0667,28.16,-16.4552,67.7268,130.226,1
2017-11-11,9,22.5,0.0,3.33333,72,12.6667,28.4267,-15.6899,65.8791,125.46,1
2017-11-11,11,21.1667,0.48,4.0,63,15.6467,22.0133,-22.1954,53.585,198.0,1
2017-11-11,12,21.1667,0.96,4.5,60,18.3233,28.4267,-22.1954,53.585,174.0,1
2017-11-11,14,18.6667,1.44,5.66667,61,16.0289,35.1767,-22.9608,55.4328,184.743,1
2017-11-11,15,18.1667,1.44,6.0,64,17.0863,27.8,-20.6647,49.8895,221.76,1
2017-11-11,16,16.6667,1.44,6.0,74,14.93,25.5033,-25.6396,61.9,200.34,1
2017-11-11,17,15.6667,1.44,6.0,70,14.74,23.2233,-22.5781,54.5089,253.895,1
2017-11-11,20,12.5,0.96,5.0,77,16.73,16.5767,-19.5167,47.1179,286.7,1
2017-11-11,22,12.0,0.96,4.33333,80,14.0267,10.7667,-23.7262,57.2806,267.12,1
2017-11-12,1,11.1667,0.0,3.33333,82,14.0267,10.7667,-21.4301,51.7373,294.0,1
2017-11-12,4,11.8333,0.0,2.5,85,18.41,15.32,-22.5781,54.5089,270.3,1
2017-11-12,5,12.3333,0.0,2.33333,86,13.5533,10.91,-22.5781,54.5089,260.945,1
2017-11-12,6,12.8333,0.0,2.16667,86,12.1433,8.99125,-19.8994,48.0418,281.538,1
2017-11-12,7,13.0,0.0,1.83333,87,12.8233,8.41333,-24.8241,45.9309,265.5,1
2017-11-12,8,13.0,0.0,1.83333,87,14.6933,12.0667,-24.8241,45.9309,265.5,1
2017-11-12,9,13.0,0.0,2.0,83,13.5,12.6667,-29.4243,44.0367,273.28,1
2017-11-12,11,13.3333,0.0,2.83333,76,15.52,15.6467,-32.8766,39.371,276.0,1
2017-11-12,12,13.3333,0.0,3.5,72,18.2267,18.3233,-38.1839,38.1839,261.415,1
2017-11-12,13,13.3333,0.0,4.5,70,14.7967,17.1567,-38.891,38.891,245.1,1
2017-11-12,14,13.0,0.0,5.16667,72,16.72,16.0289,-38.891,38.891,264.0,1
2017-11-12,15,12.5,0.0,5.66667,76,16.5433,17.0863,-36.0626,36.0626,297.0,1
2017-11-12,16,11.6667,0.0,5.83333,85,21.15,14.93,-42.4266,42.4266,277.714,1
2017-11-12,17,10.5,0.0,5.66667,89,24.0133,14.74,-39.5982,39.5982,318.171,1
2017-11-12,20,7.5,0.48,4.16667,95,29.2967,16.73,-46.6588,39.6232,360.0,1
2017-11-12,22,6.33333,0.48,3.16667,96,39.1567,14.0267,-48.3362,35.3474,420.0,1
2017-11-13,1,5.83333,0.0,2.33333,91,39.1567,14.0267,-38.2805,25.7973,480.0,0
2017-11-13,4,5.5,0.0,2.33333,93,23.6756,18.41,-31.1063,22.4115,561.6,0
2017-11-13,5,5.33333,0.0,2.5,93,22.3156,13.5533,-27.4764,24.7348,583.0,0
2017-11-13,6,5.5,0.0,2.66667,93,18.0233,12.1433,-24.2292,27.982,570.24,0
2017-11-13,10,7.83333,0.0,4.0,79,22.8767,12.8733,-7.03792,47.4081,496.8,0
2017-11-13,11,9.0,0.0,4.66667,71,24.55,15.52,10.903,43.8393,419.76,0
2017-11-13,12,9.83333,0.0,5.33333,64,19.2056,18.2267,24.3049,45.6871,332.8,0
2017-11-13,13,10.6667,0.0,6.16667,62,17.1863,14.7967,19.3551,44.2199,326.8,0
2017-11-13,14,11.0,0.0,6.66667,61,14.9133,16.72,27.8404,46.3065,278.25,0
2017-11-13,15,11.3333,0.0,7.0,65,13.9433,16.5433,35.6186,48.4692,271.745,0
2017-11-13,18,10.1667,0.0,6.0,83,21.1589,24.7633,35.3555,53.5089,300.0,0
2017-11-13,19,9.66667,0.0,5.33333,85,21.7933,29.0467,43.1337,50.2871,311.1,0
2017-11-13,20,9.33333,0.0,4.66667,86,15.4827,29.2967,41.0124,45.5645,335.345,0
2017-11-13,22,9.0,0.0,3.5,87,12.94,39.1567,38.891,38.891,352.8,0
2017-11-14,1,7.66667,0.0,2.0,87,15.0867,39.1567,41.7195,44.5375,385.745,0
2017-11-14,3,7.0,0.0,1.0,91,15.6233,18.0233,27.5773,44.3953,448.0,0
2017-11-14,4,6.66667,0.0,0.666667,93,17.875,23.6756,18.5345,44.4985,479.467,0
2017-11-14,5,6.5,0.0,0.333333,93,16.6533,22.3156,16.2385,50.0417,450.667,0
2017-11-14,6,6.5,0.0,0.333333,95,19.0767,18.0233,5.63181,47.9204,486.0,0
2017-11-14,10,8.0,0.0,1.33333,82,21.8425,22.8767,-32.0661,36.9369,460.8,0
2017-11-14,11,9.16667,0.0,2.0,77,23.7158,24.55,-36.4585,37.5409,395.2,0
2017-11-14,12,10.1667,0.0,2.66667,77,23.1033,19.2056,-39.1122,36.9474,316.2,0
2017-11-14,13,11.3333,0.0,3.33333,76,20.8523,17.1863,-43.66,31.7536,297.0,0
2017-11-14,14,12.0,0.0,4.0,72,24.0883,14.9133,-48.5993,29.6573,262.08,0
2017-11-14,15,12.8333,0.0,4.5,73,28.2264,13.9433,-42.189,28.659,281.538,0
2017-11-14,18,15.3333,0.0,5.0,77,33.1008,21.1589,-43.8408,43.8408,196.114,0
2017-11-14,19,15.3333,0.23,5.0,79,28.8583,21.7933,-49.6472,40.4468,180.0,0
2017-11-14,22,14.3333,0.23,5.16667,82,27.23,12.94,-48.9193,25.6477,266.965,0
2017-11-15,1,12.8333,0.0,5.66667,87,29.5433,15.0867,-29.3078,41.7554,281.538,0
2017-11-15,2,12.0,0.0,5.83333,90,32.555,14.1517,-24.7076,43.6496,307.125,0
2017-11-15,3,11.3333,0.0,6.0,91,31.7717,15.6233,-27.769,51.0406,303.525,0
2017-11-15,4,10.0,0.0,6.0,93,28.9129,17.875,-19.8994,48.0418,341.127,0
2017-11-15,5,9.83333,0.0,6.0,93,27.8185,16.6533,-22.9608,55.4328,311.564,0
2017-11-15,6,9.16667,0.23,6.0,93,29.31,19.0767,-22.5781,54.5089,333.9,0
2017-11-15,7,9.16667,0.23,6.0,93,27.9613,17.1483,-21.0474,50.8134,381.9,0
2017-11-15,8,9.16667,0.23,6.0,93,28.21,19.2033,-21.0474,50.8134,341.85,0
2017-11-15,9,9.33333,0.23,6.0,91,28.9217,18.9975,-21.0474,50.8134,352.8,0
2017-11-15,10,9.16667,0.71,6.16667,90,27.9475,21.8425,-21.4301,51.7373,327.6,0
2017-11-15,11,9.33333,0.71,6.33333,89,29.9757,23.7158,-21.0474,50.8134,363.0,0
2017-11-15,12,9.83333,0.48,6.66667,88,31.1517,23.1033,-24.9988,49.3528,327.6,0
2017-11-15,13,9.66667,0.48,7.0,89,27.4625,20.8523,-29.7156,49.74,333.9,0
2017-11-15,14,10.0,0.48,7.33333,89,26.4211,24.0883,-32.9016,46.4316,300.0,0
2017-11-15,15,9.66667,0.48,7.66667,93,29.738,28.2264,-36.9113,46.1117,300.0,0
2017-11-15,16,9.66667,0.48,7.83333,92,31.845,32.9315,-36.0626,36.0626,353.455,0
2017-11-15,17,9.0,0.48,8.0,94,34.8625,38.915,-41.0124,41.0124,335.345,0
2017-11-15,18,8.5,0.48,8.0,95,40.3642,33.1008,-38.1839,38.1839,385.527,0
2017-11-15,22,6.33333,0.0,7.66667,100,28.23,27.23,-34.79,43.9904,464.28,0
2017-11-16,1,5.83333,0.0,6.66667,98,41.14,29.5433,-35.3835,41.3367,498.343,0
2017-11-16,2,5.5,0.0,6.33333,94,48.2967,32.555,-35.977,38.683,517.029,0
2017-11-16,3,5.5,0.0,6.16667,92,43.365,31.7717,-35.6466,35.6466,569.25,0
2017-11-16,4,5.5,0.0,6.0,90,27.7883,28.9129,-37.56,31.0272,540.0,0
2017-11-16,5,5.83333,0.0,6.0,89,30.8325,27.8185,-29.9897,14.7509,595.2,0
2017-11-16,6,5.83333,0.0,6.0,87,34.608,29.31,-33.7781,5.60501,570.24,0
2017-11-16,7,5.83333,0.0,5.83333,87,31.9892,27.9613,-37.408,3.28169,561.6,0
2017-11-16,8,6.0,0.0,5.83333,85,33.5689,28.21,-27.1653,-0.96097,546.96,0
2017-11-16,9,6.33333,0.0,5.83333,83,34.0509,28.9217,-29.1731,-2.20044,540.6,0
2017-11-16,10,6.5,0.0,6.0,87,32.4883,27.9475,-30.097,-1.81776,520.0,0
2017-11-16,11,6.83333,0.0,6.33333,84,35.9836,29.9757,-31.0208,-1.43508,480.0,0
2017-11-16,12,7.16667,0.0,6.66667,81,45.51,31.1517,-30.852,7.63491,457.6,0
2017-11-16,13,7.83333,0.0,7.33333,80,49.7,27.4625,-38.2431,16.6964,437.143,0
2017-11-16,14,8.5,0.0,7.83333,80,19.115,26.4211,-35.4714,20.9058,413.4,0
2017-11-16,15,8.83333,0.0,8.33333,84,40.0908,29.738,-45.167,22.4366,393.6,0
2017-11-16,16,9.0,0.0,8.5,92,34.6767,31.845,-29.6998,19.7578,361.029,0
2017-11-16,17,9.0,0.0,8.5,91,37.4811,34.8625,-15.2326,17.079,366.667,0
2017-11-16,18,9.5,0.0,8.33333,91,39.5627,40.3642,0.131361,10.715,356.4,0
2017-11-16,22,10.6667,0.0,7.16667,91,31.0133,28.23,58.0,0.0,300.0,0
2017-11-17,1,12.0,0.25,6.66667,92,37.1017,41.14,11.903,9.567,240.0,0
2017-11-17,2,11.8333,0.25,6.66667,95,35.4133,48.2967,-20.1836,14.1592,297.0,0
2017-11-17,3,11.8333,0.5,6.66667,95,39.0217,43.365,-28.4985,17.6033,277.714,0
2017-11-17,4,11.0,0.5,6.66667,94,34.0833,27.7883,-52.6612,21.8128,282.764,0
2017-11-17,5,10.6667,0.5,6.66667,93,29.34,30.8325,-48.8625,23.9673,328.714,0
2017-11-17,6,9.83333,0.5,6.66667,92,28.225,34.608,-55.2265,30.3313,300.0,0
2017-11-17,7,9.66667,0.25,6.66667,90,24.1917,31.9892,-48.6561,31.3377,333.9,0
2017-11-17,8,10.1667,0.25,6.5,85,20.9357,33.5689,-29.7914,34.5238,312.8,0
2017-11-17,9,9.83333,0.0,6.16667,87,17.4425,34.0509,-21.4764,43.0797,300.0,0
2017-11-17,10,10.1667,0.0,6.0,71,14.2608,32.4883,-4.94977,47.1851,300.0,0
2017-11-17,11,10.6667,0.0,6.0,65,12.27,35.9836,15.5564,42.2353,326.8,0
2017-11-17,12,11.1667,0.0,6.16667,61,13.2217,45.51,30.4057,46.9579,305.455,0
2017-11-17,13,11.5,0.0,6.66667,68,13.5933,49.7,31.1128,50.2663,302.4,0
2017-11-17,14,11.0,0.0,7.0,70,12.4325,19.115,31.1128,51.2663,263.467,0
2017-11-17,15,11.0,0.0,7.33333,76,18.2083,40.0908,31.1128,51.2663,282.764,0
2017-11-17,16,10.5,0.0,7.33333,82,23.05,34.6767,23.3346,52.488,313.5,0
2017-11-17,17,9.83333,0.0,7.0,85,27.27,37.4811,14.8493,49.4015,359.9,0
2017-11-17,18,9.5,0.0,6.66667,87,30.2709,39.5627,14.8493,57.4015,333.9,0
2017-11-17,22,8.33333,0.0,4.33333,77,19.9067,31.0133,-14.3752,53.7048,360.0,0
2017-11-18,1,10.1667,0.0,4.0,74,14.8283,37.1017,-35.5885,39.9181,356.4,1
2017-11-18,2,10.3333,0.0,3.83333,76,8.945,35.4133,-36.7697,36.7697,311.143,1
2017-11-18,3,11.3333,0.0,3.66667,75,14.3708,39.0217,-38.891,38.891,278.25,1
2017-11-18,4,11.6667,0.0,3.5,75,12.37,34.0833,-42.4266,42.4266,250.364,1
2017-11-18,5,11.6667,0.0,3.33333,76,14.3,29.34,-41.7195,41.7195,260.945,1
2017-11-18,6,11.8333,0.0,3.0,78,17.5778,28.225,-41.7195,41.7195,295.68,1
2017-11-18,7,12.3333,0.0,2.66667,80,17.12,24.1917,-39.5982,39.5982,285.12,1
2017-11-18,8,13.5,0.0,2.5,78,18.5407,20.9357,-36.0626,36.0626,276.12,1
2017-11-18,9,15.0,0.0,2.5,74,17.8742,17.4425,-41.0124,41.0124,208.145,1
2017-11-18,10,16.5,0.0,2.66667,65,16.895,14.2608,-40.3053,40.3053,191.133,1
2017-11-18,11,18.0,0.48,2.83333,60,16.7892,12.27,-41.0124,41.0124,179.082,1
2017-11-18,12,20.0,0.48,3.33333,56,12.93,13.2217,-43.1337,43.1337,183.0,1
2017-11-18,13,21.1667,1.67,4.0,59,18.5617,13.5933,-44.5479,44.5479,155.621,1
2017-11-18,14,22.8333,1.67,4.66667,59,18.0375,12.4325,-48.7906,48.7906,125.46,1
2017-11-18,15,23.0,2.86,5.0,69,19.025,18.2083,-36.7697,36.7697,168.192,1
2017-11-18,16,24.1667,2.86,5.16667,76,20.3842,23.05,-53.0332,53.0332,120.0,1
2017-11-18,17,23.8333,2.38,5.33333,85,20.1567,27.27,-53.7404,53.7404,124.667,1
2017-11-18,18,22.8333,2.38,5.33333,82,15.1756,30.2709,-47.3764,47.3764,151.93,1
2017-11-19,1,16.3333,0.96,3.16667,80,8.11444,14.8283,-24.1088,58.2044,187.971,1
2017-11-19,2,17.1667,0.96,3.0,76,5.08833,8.945,-19.5167,47.1179,229.125,1
2017-11-19,3,18.5,0.96,3.0,75,10.6114,14.3708,-27.536,46.478,192.0,1
2017-11-19,4,18.3333,1.44,3.16667,74,2.83,12.37,-30.2148,52.9452,167.04,1
2017-11-19,5,18.5,0.96,3.33333,73,3.275,14.3,-29.0667,50.1735,186.66,1
2017-11-19,6,18.8333,0.96,3.5,69,6.01083,17.5778,-21.4301,51.7373,216.0,1
2017-11-19,7,19.5,0.96,3.83333,68,5.6425,17.12,-19.5167,47.1179,232.941,1
2017-11-19,8,19.3333,0.96,4.0,67,8.48833,18.5407,-22.1954,53.585,179.082,1
2017-11-19,9,19.6667,0.96,4.0,65,8.81083,17.8742,-22.9608,55.4328,164.965,1
2017-11-19,10,20.3333,0.48,4.16667,76,9.57333,16.895,-25.6396,61.9,156.75,1
2017-11-19,11,21.0,0.48,4.5,72,3.35,16.7892,-24.4915,59.1283,149.368,1
2017-11-19,12,21.6667,0.0,4.83333,69,10.3142,12.93,-25.2569,60.9761,162.4,1
2017-11-19,13,21.1667,1.27,5.16667,73,11.3692,18.5617,-24.1088,58.2044,165.714,1
2017-11-19,14,20.8333,1.27,5.5,72,7.73556,18.0375,-24.1088,58.2044,165.714,1
2017-11-19,15,20.3333,1.27,5.66667,73,10.3808,19.025,-22.5781,54.5089,191.314,1
2017-11-19,16,19.5,1.27,5.5,67,9.45167,20.3842,-22.5781,54.5089,191.314,1
2017-11-19,17,18.6667,1.27,5.16667,70,8.18667,20.1567,-14.5418,51.1074,209.012,1
2017-11-19,18,18.3333,2.54,4.66667,73,3.675,15.1756,-8.03628,51.4015,233.143,1
2017-11-20,0,23.0,0.74,3.16667,70,9.25,20.7,32.5271,67.4985,139.968,0
2017-11-20,1,22.6667,0.74,3.16667,71,5.82467,8.11444,51.619,67.4432,124.95,0
2017-11-20,2,22.0,0.74,3.16667,77,0.71,5.08833,47.3764,57.9981,147.0,0
2017-11-20,3,20.0,0.74,3.0,80,6.46667,10.6114,43.1337,48.9865,205.333,0
2017-11-20,4,17.8333,0.48,2.83333,84,1.26833,2.83,52.3261,58.1789,197.867,0
2017-11-20,5,16.3333,0.48,2.5,87,4.60625,3.275,41.0124,43.3969,256.0,0
2017-11-20,6,13.1667,0.48,1.83333,81,7.56667,6.01083,37.4768,42.6793,288.225,0
2017-11-20,7,12.0,0.48,1.33333,83,9.3425,5.6425,43.1337,50.0704,284.625,0
2017-11-20,8,10.8333,0.48,0.833333,88,10.3156,8.48833,31.82,49.7566,310.431,0
2017-11-20,9,10.3333,1.39,0.666667,81,12.3625,8.81083,19.1834,48.8791,341.127,0
2017-11-20,10,10.6667,0.91,0.666667,71,16.5425,9.57333,7.57839,47.9552,366.277,0
2017-11-20,11,11.1667,0.91,1.0,66,9.54,3.35,-1.61404,48.9448,333.45,0
2017-11-20,12,12.0,1.65,1.66667,62,13.4525,10.3142,-7.27092,57.5537,260.945,0
2017-11-20,13,12.8333,1.65,2.5,59,7.035,11.3692,-8.80164,50.2492,264.48,0
2017-11-20,14,14.0,2.13,3.5,58,11.4692,7.73556,-4.97484,57.0104,223.385,0
2017-11-20,15,13.6667,1.22,4.16667,62,12.5067,10.3808,-4.97484,60.0104,218.625,0
2017-11-20,16,12.6667,1.22,4.5,74,14.575,9.45167,-4.97484,52.0104,271.385,0
2017-11-20,17,11.0,1.7,4.66667,82,20.8258,8.18667,-4.97484,59.0104,269.077,0
2017-11-20,18,10.0,0.96,4.5,84,28.3033,3.675,0.0,53.0,363.825,0
2017-11-20,22,6.33333,0.48,2.83333,86,29.1033,9.28,-10.3324,61.9448,444.6,0
2017-11-21,1,6.0,0.0,2.16667,88,36.2475,5.82467,-22.9467,47.3119,498.343,0
2017-11-21,2,5.83333,0.0,2.16667,92,38.04,0.71,-28.49,42.608,499.8,0
2017-11-21,3,5.66667,0.0,2.33333,92,27.6342,6.46667,-34.0333,38.9041,517.029,0
2017-11-21,4,5.66667,0.0,2.5,92,25.8471,1.26833,-25.3545,32.4369,520.0,0
2017-11-21,5,5.83333,0.0,2.66667,92,28.7925,4.60625,-18.0585,26.8937,555.429,0
2017-11-21,6,5.83333,0.0,2.83333,92,34.0192,7.56667,-9.3797,20.4265,575.143,0
2017-11-21,7,6.0,0.0,3.0,92,38.7117,9.3425,-12.2442,11.6633,570.24,0
2017-11-21,8,5.83333,0.0,3.0,92,36.3978,10.3156,-13.6584,3.17794,524.16,0
2017-11-21,9,6.0,0.0,3.0,89,32.3333,12.3625,-14.7423,-2.27101,540.6,0
2017-11-21,10,6.16667,0.0,3.0,88,30.7593,16.5425,-15.6662,-7.24585,520.0,0
2017-11-21,11,6.33333,0.0,3.16667,85,29.7692,9.54,-15.6662,-11.838,520.0,0
2017-11-21,12,6.5,0.0,3.33333,81,36.4267,13.4525,-16.59,-16.8128,499.8,0
2017-11-21,13,6.33333,0.0,3.66667,78,38.1167,7.035,-34.0572,-19.4916,517.0,0
2017-11-21,14,6.83333,0.0,4.0,77,35.415,11.4692,-45.6005,-21.7877,517.0,0
2017-11-21,15,7.0,0.0,4.33333,80,32.891,12.5067,-47.4482,-22.553,490.629,0
2017-11-21,16,6.83333,0.0,4.5,88,33.943,14.575,-49.8895,-20.6647,440.64,0
2017-11-21,17,6.5,0.0,4.5,92,39.6825,20.8258,-49.8895,-20.6647,472.457,0
2017-11-21,18,6.33333,0.0,4.5,95,45.44,28.3033,-48.0418,-19.8994,496.8,0
2017-11-22,1,7.16667,0.0,3.0,95,45.365,36.2475,-35.8516,-34.228,505.44,0
2017-11-22,2,7.66667,0.0,3.16667,96,43.06,38.04,-34.2937,-39.7057,457.6,0
2017-11-22,3,8.5,0.0,3.33333,97,44.565,27.6342,-28.659,-42.189,432.0,0
2017-11-22,4,9.66667,1.12,3.5,98,40.535,25.8471,-27.9519,-41.4819,385.0,0
2017-11-22,5,10.6667,2.24,3.83333,100,36.25,28.7925,-32.9016,-46.4316,300.0,0
2017-11-22,6,11.1667,2.24,4.16667,100,31.825,34.0192,-33.3757,-42.5761,278.25,0
2017-11-22,7,12.6667,2.24,4.66667,100,29.682,38.7117,-38.7996,-43.6704,240.0,0
2017-11-22,8,13.3333,2.24,5.16667,99,32.305,36.3978,-43.2832,-34.0828,242.031,0
2017-11-22,9,13.5,2.24,5.66667,96,34.119,32.3333,-46.1013,-29.8653,248.571,0
2017-11-22,10,13.6667,2.09,6.33333,92,29.519,30.7593,-24.2017,-19.9657,255.2,0
2017-11-22,11,13.8333,0.97,7.0,87,23.0967,29.7692,-1.7164,-11.4804,266.965,0
2017-11-22,12,14.0,2.09,7.66667,86,21.78,36.4267,0.131361,0.76536,261.415,0
2017-11-22,13,13.1667,2.09,8.16667,86,22.4608,38.1167,25.1418,5.7402,255.2,0
2017-11-22,14,12.8333,2.09,8.5,84,24.3942,35.415,25.1418,5.7402,267.429,0
2017-11-22,15,12.5,2.09,9.0,82,25.7825,32.891,0.97912,9.94968,302.08,0
2017-11-22,16,12.0,1.12,9.16667,86,28.5507,33.943,-8.25968,13.7765,276.48,0
2017-11-22,17,11.6667,1.12,9.16667,83,31.4107,39.6825,-4.56416,12.2458,299.815,0
2017-11-22,18,11.6667,0.0,9.16667,82,30.41,45.44,-26.7566,21.4382,291.5,0
2017-11-22,21,13.3333,0.0,8.66667,85,25.2833,41.48,-43.3296,28.7172,271.385,0
2017-11-23,0,15.3333,0.0,7.5,89,27.09,48.04,-57.2806,23.7262,188.308,0
2017-11-23,1,15.8333,0.0,7.0,89,31.5167,45.365,-60.0522,24.8742,187.425,0
2017-11-23,2,17.1667,0.0,6.66667,85,30.2245,43.06,-28.2701,18.7513,180.0,0
2017-11-23,3,19.1667,0.0,6.33333,85,31.01,44.565,23.2179,6.12288,204.6,0
2017-11-23,4,21.3333,0.0,6.16667,84,28.6542,40.535,66.0,0.0,126.0,0
2017-11-23,5,22.5,0.0,5.83333,83,28.1436,36.25,57.0,0.0,149.1,0
2017-11-23,6,23.3333,0.0,5.66667,83,31.13,31.825,53.0,0.0,172.966,0
2017-11-23,7,23.5,0.0,5.66667,81,30.8036,29.682,74.0,0.0,143.379,0
2017-11-23,8,22.1667,0.0,5.66667,83,29.97,32.305,63.0,0.0,179.95,0
2017-11-23,9,20.1667,0.0,5.66667,79,31.0454,34.119,52.0,0.0,240.514,0
2017-11-23,10,18.0,0.0,5.83333,72,27.6262,29.519,68.0,0.0,199.886,0
2017-11-23,11,17.1667,0.0,6.5,66,24.41,23.0967,63.0,0.0,216.333,0
2017-11-23,12,17.0,0.0,7.33333,61,18.821,21.78,51.0,0.0,229.125,0
2017-11-23,13,17.3333,0.0,8.16667,59,18.7982,22.4608,55.0,0.0,196.725,0
2017-11-23,14,18.1667,0.0,9.16667,55,19.1421,24.3942,59.0,0.0,181.895,0
2017-11-23,15,18.1667,0.0,10.1667,54,18.136,25.7825,58.0,0.0,193.44,0
2017-11-23,16,17.8333,0.0,11.1667,52,20.6509,28.5507,54.0,0.0,221.76,0
2017-11-23,17,17.6667,0.0,11.6667,55,25.2836,31.4107,68.0,0.0,193.44,0
2017-11-23,18,16.8333,0.0,11.8333,60,25.41,30.41,66.0,0.0,194.133,0
2017-11-24,0,13.1667,0.0,10.5,78,20.23,27.09,-47.1179,19.5167,317.133,0
2017-11-24,1,11.8333,0.0,10.1667,81,17.0282,31.5167,-55.4328,22.9608,309.333,0
2017-11-24,2,10.6667,0.0,9.83333,85,15.9422,30.2245,-48.9656,20.282,336.3,0
2017-11-24,3,9.83333,0.0,9.33333,88,16.0192,31.01,-48.0418,19.8994,341.127,0
2017-11-24,4,9.33333,0.0,9.0,91,15.2833,28.6542,-54.5089,22.5781,323.345,0
2017-11-24,5,8.83333,0.0,8.66667,92,15.2817,28.1436,-51.7373,21.4301,349.92,0
2017-11-24,6,8.5,0.0,8.33333,93,14.5175,31.13,-47.4482,22.553,380.8,0
2017-11-24,7,8.5,0.0,8.16667,94,26.4487,30.8036,-44.0831,24.0587,425.455,0
2017-11-24,8,8.5,0.0,7.83333,96,32.5877,29.97,-22.9204,19.8492,425.455,0
2017-11-24,9,9.83333,0.0,7.83333,91,37.3593,31.0454,-1.75774,15.6397,393.6,0
2017-11-24,10,11.1667,0.0,8.0,81,35.0809,27.6262,27.1005,9.89954,326.4,0
2017-11-24,11,13.1667,0.48,8.33333,75,33.25,24.41,53.0,0.0,259.418,0
2017-11-24,12,15.5,0.48,8.83333,69,33.6329,18.821,61.0,0.0,180.0,0
2017-11-24,13,17.5,1.24,9.5,66,27.9869,18.7982,15.5985,-8.03628,189.0,0
2017-11-24,14,19.0,1.24,10.3333,69,24.41,19.1421,-21.6507,-16.8379,155.621,0
2017-11-24,15,18.8333,1.24,10.8333,75,26.599,18.136,-59.1283,-24.4915,159.6,0
2017-11-24,16,17.0,1.24,10.8333,75,28.22,20.6509,-26.7925,-21.8128,213.496,0
2017-11-24,17,14.6667,1.52,10.3333,78,20.6827,25.2836,-23.257,-17.1934,254.609,0
2017-11-24,18,12.1667,1.52,9.5,80,21.066,25.41,-19.7214,-13.6578,286.33,0
2017-11-24,22,6.0,0.76,5.16667,87,17.2667,19.32,6.62727,17.473,431.46,0
2017-11-25,0,6.0,0.0,4.33333,87,6.7,20.23,16.6195,33.612,522.429,1
2017-11-25,1,6.33333,0.0,4.0,89,26.501,17.0282,0.14968,42.505,546.96,1
2017-11-25,2,6.0,0.0,3.66667,92,22.3173,15.9422,-8.33564,42.8354,501.84,1
2017-11-25,3,5.66667,0.0,3.5,92,21.7723,16.0192,-15.4067,42.8354,520.0,1
2017-11-25,4,5.33333,0.0,3.33333,92,28.0009,15.2833,-24.2688,40.5061,524.16,1
2017-11-25,5,5.33333,0.0,3.16667,92,24.5485,15.2817,-31.4999,37.4175,575.143,1
2017-11-25,6,5.5,0.23,3.0,96,25.394,14.5175,-37.0431,32.7136,595.2,1
2017-11-25,7,5.5,0.23,3.0,98,28.1557,26.4487,-42.5864,35.0096,540.0,1
2017-11-25,8,5.5,0.23,3.0,96,31.8208,32.5877,-35.665,17.2998,583.0,1
2017-11-25,9,5.66667,1.02,3.0,94,34.7877,37.3593,-39.2006,13.7643,540.0,1
2017-11-25,10,6.16667,1.76,3.16667,85,38.6564,35.0809,-35.665,1.74339,595.2,1
2017-11-25,11,6.16667,2.5,3.5,84,35.6775,33.25,-28.0365,-9.67354,570.24,1
2017-11-25,12,6.16667,2.27,3.83333,83,25.2982,33.6329,-24.5009,-19.2091,546.96,1
2017-11-25,13,6.16667,2.27,4.16667,85,25.1622,27.9869,-17.5854,-26.6658,504.9,1
2017-11-25,14,6.66667,4.53,4.33333,86,20.7783,24.41,-11.2112,-34.6637,480.0,1
2017-11-25,15,7.5,6.0,4.5,88,17.0382,26.599,5.53227,-44.9127,509.143,1
2017-11-25,16,9.0,7.5,4.33333,81,18.9,28.22,19.2305,-38.5866,451.0,1
2017-11-25,17,10.0,9.0,4.0,82,21.1729,20.6827,36.7944,-27.8768,332.8,1
2017-11-25,22,11.0,8.96,3.16667,84,13.75,17.2667,50.2663,20.4067,302.4,1
2017-11-26,0,10.3333,6.72,3.33333,85,23.1567,6.7,41.5387,33.7509,348.0,1
2017-11-26,1,10.3333,5.04,3.33333,83,23.8918,26.501,41.5387,43.7509,300.0,1
2017-11-26,2,10.3333,3.36,3.16667,89,26.2664,22.3173,21.2133,47.3319,341.127,1
2017-11-26,3,10.3333,1.68,3.0,90,28.8164,21.7723,9.60829,48.7925,346.92,1
2017-11-26,4,10.3333,0.0,2.66667,92,30.1857,28.0009,-1.67229,49.7164,326.8,1
2017-11-26,5,10.3333,0.0,2.33333,92,30.83,24.5485,-11.8631,50.6403,321.48,1
2017-11-26,6,10.8333,0.0,2.0,86,30.5923,25.394,-18.2271,47.0043,348.0,1
2017-11-26,7,10.5,0.0,1.66667,88,27.5843,28.1557,-27.4195,44.1967,321.48,1
2017-11-26,8,10.8333,0.0,1.33333,91,26.1845,31.8208,-30.6638,42.029,329.018,1
2017-11-26,9,11.3333,0.0,1.16667,84,28.0192,34.7877,-37.5409,36.4585,309.12,1
2017-11-26,10,12.3333,0.0,1.16667,73,24.12,38.6564,-46.6484,32.5772,251.6,1
2017-11-26,11,13.8333,0.0,1.33333,69,25.9615,35.6775,-42.4057,28.3345,264.48,1
2017-11-26,12,14.5,0.0,1.66667,66,27.6929,25.2982,-48.0626,33.9914,197.6,1
2017-11-26,13,16.0,0.0,2.0,65,23.9109,25.1622,-36.0626,36.0626,229.125,1
2017-11-26,14,17.0,0.0,2.66667,65,24.2544,20.7783,-38.1839,38.1839,213.333,1
2017-11-26,15,18.0,0.0,3.16667,66,22.61,17.0382,-38.1839,38.1839,209.012,1
2017-11-26,16,17.6667,0.0,3.33333,73,31.3113,18.9,-44.6407,33.8167,195.789,1
2017-11-26,17,16.8333,0.0,3.33333,73,21.45,21.1729,-41.1051,30.2811,228.8,1
2017-11-26,21,15.1667,0.0,3.0,72,19.6633,35.93,-56.3567,23.3435,196.8,1
2017-11-27,0,15.5,0.0,3.5,69,21.2267,23.1567,-57.7245,30.1233,180.0,0
2017-11-27,1,15.3333,0.0,3.5,70,16.4564,23.8918,-52.1349,33.1929,202.725,0
2017-11-27,2,14.6667,0.0,3.5,77,15.4236,26.2664,-46.5452,36.2624,245.937,0
2017-11-27,3,14.1667,0.0,3.66667,77,13.2643,28.8164,-37.4768,37.4768,282.72,0
2017-11-27,4,13.1667,0.0,3.5,75,12.2164,30.1857,-36.0626,36.0626,291.877,0
2017-11-27,5,12.8333,0.0,3.33333,75,11.1,30.83,-36.0626,36.0626,291.877,0
2017-11-27,6,12.6667,0.0,3.16667,76,10.6542,30.5923,-36.0626,36.0626,286.7,0
2017-11-27,7,13.3333,0.0,3.16667,76,15.1936,27.5843,-36.0626,36.0626,291.877,0
2017-11-27,8,13.6667,0.0,3.0,73,22.6292,26.1845,-38.891,38.891,251.631,0
2017-11-27,9,13.8333,0.0,2.83333,72,21.1669,28.0192,-39.5982,39.5982,242.031,0
2017-11-27,10,14.3333,0.0,2.83333,75,20.4291,24.12,-40.3053,40.3053,225.5,0
2017-11-27,11,14.8333,0.0,3.0,71,20.83,25.9615,-43.1337,43.1337,225.318,0
2017-11-27,12,15.6667,0.0,3.16667,65,19.437,27.6929,-42.4266,42.4266,212.914,0
2017-11-27,13,15.6667,0.0,3.5,61,22.6736,23.9109,-44.5479,44.5479,187.971,0
2017-11-27,14,16.8333,0.0,4.0,59,22.9707,24.2544,-46.6693,46.6693,180.0,0
2017-11-27,15,18.0,1.12,4.33333,64,27.79,22.61,-38.891,38.891,201.318,0
2017-11-27,16,18.5,1.12,4.33333,72,26.53,31.3113,-46.2717,34.9065,171.953,0
2017-11-27,17,18.8333,2.24,4.16667,78,23.0557,21.45,-51.8045,30.1565,178.286,0
2017-11-28,1,22.5,3.12,4.16667,81,13.9586,16.4564,24.294,6.50556,204.8,0
2017-11-28,2,21.1667,2.08,4.5,82,11.1609,15.4236,-20.7268,16.4552,162.0,0
2017-11-28,3,21.0,1.04,5.0,81,10.5771,13.2643,-58.2044,24.1088,144.847,0
2017-11-28,4,20.3333,1.78,5.33333,80,10.7714,12.2164,-19.4985,17.6033,155.215,0
2017-11-28,5,19.6667,1.48,5.5,79,9.51929,11.1,21.5224,7.6536,180.0,0
2017-11-28,6,19.6667,2.22,5.66667,79,9.26,10.6542,55.0,0.0,227.061,0
2017-11-28,7,17.5,2.22,5.83333,79,9.91429,15.1936,39.294,6.50556,186.261,0
2017-11-28,8,16.6667,2.7,6.0,77,13.8757,22.6292,7.10161,15.698,217.412,0
2017-11-28,9,15.3333,2.7,6.0,77,17.5743,21.1669,-23.7566,21.4382,220.0,0
2017-11-28,10,15.0,1.96,6.0,74,20.6023,20.4291,-52.6148,27.1784,233.365,0
2017-11-28,11,14.8333,1.22,6.16667,74,25.9829,20.83,-47.5155,31.2795,223.385,0
2017-11-28,12,14.5,0.96,6.33333,69,17.835,19.437,-51.2574,27.4446,228.48,0
2017-11-28,13,15.0,0.96,6.5,68,16.4079,22.6736,-51.2574,27.4446,228.48,0
2017-11-28,14,15.0,0.48,6.66667,69,16.81,22.9707,-52.1812,27.8272,220.0,0
2017-11-28,15,15.3333,0.48,6.66667,72,17.0164,27.79,-55.4328,22.9608,212.914,0
2017-11-28,16,14.6667,0.48,6.5,75,22.9218,26.53,-58.2044,24.1088,195.52,0
2017-11-28,17,14.1667,0.48,6.16667,78,16.9557,23.0557,-54.5089,22.5781,235.125,0
2017-11-28,22,12.6667,0.0,4.83333,78,13.17,11.57,-48.9656,20.282,265.5,0
2017-11-29,1,11.8333,0.0,4.0,84,11.455,13.9586,-57.2806,23.7262,283.412,0
2017-11-29,2,10.6667,0.0,3.66667,81,10.2725,11.1609,-49.8895,20.6647,324.8,0
2017-11-29,3,10.3333,0.0,3.33333,81,12.49,10.5771,-48.0418,19.8994,348.0,0
2017-11-29,4,9.83333,0.0,3.16667,77,15.0671,10.7714,-57.2806,23.7262,300.0,0
2017-11-29,5,9.66667,0.0,2.83333,79,17.9991,9.51929,-54.5089,22.5781,300.0,0
2017-11-29,6,9.0,0.0,2.66667,81,18.0613,9.26,-53.585,22.1954,345.6,0
2017-11-29,7,9.0,0.0,2.33333,83,24.16,9.91429,-49.8895,20.6647,366.667,0
2017-11-29,8,8.83333,0.0,2.16667,82,30.5277,13.8757,-49.8895,20.6647,376.32,0
2017-11-29,9,8.66667,0.0,1.83333,82,30.9273,17.5743,-31.6507,16.8379,389.88,0
2017-11-29,10,8.66667,0.0,1.66667,76,33.6282,20.6023,-13.4119,13.0111,395.2,0
2017-11-29,11,8.83333,0.0,1.83333,70,33.5785,25.9829,-13.4119,13.0111,386.4,0
2017-11-29,12,9.33333,0.0,2.16667,65,33.4388,17.835,-14.3358,13.3938,371.25,0
2017-11-29,13,9.66667,0.0,2.83333,62,25.5664,16.4079,-17.1074,14.5418,339.2,0
2017-11-29,14,9.5,0.0,3.33333,62,34.43,16.81,-18.9552,15.3072,312.8,0
2017-11-29,15,9.33333,0.0,3.83333,66,41.3125,17.0164,-35.3462,18.3686,325.867,0
2017-11-29,16,8.83333,0.0,4.0,76,37.7964,22.9218,-51.7373,21.4301,339.2,0
2017-11-29,17,8.33333,0.0,4.0,83,45.977,16.9557,-48.9656,20.282,380.8,0
2017-11-29,22,6.16667,0.0,2.16667,91,48.62,13.17,-44.5734,25.0902,520.8,0
2017-11-30,1,6.66667,0.0,1.16667,89,53.4046,11.455,-9.79136,18.9674,480.0,0
2017-11-30,2,6.66667,0.0,0.833333,97,52.935,10.2725,1.75192,16.6713,480.0,0
2017-11-30,3,6.66667,0.0,0.5,96,52.1237,12.49,17.5301,8.89307,461.76,0
2017-11-30,4,6.5,0.0,0.333333,95,44.9875,15.0671,27.0657,5.35752,486.0,0
2017-11-30,5,6.5,0.0,0.166667,93,47.9836,17.9991,40.4567,2.29608,496.8,0
2017-11-30,7,6.83333,0.0,-0.166667,93,56.546,24.16,52.0,0.0,509.143,0
2017-11-30,16,4.5,0.0,2.66667,77,72.57,37.7964,4.97912,-9.94968,561.0,0
2017-11-30,17,4.66667,0.0,2.5,85,37.62,45.977,-6.56416,-7.6536,596.25,0
2017-11-30,22,5.5,0.0,1.0,84,48.3992,48.62,9.2272,18.3976,600.0,0
2018-10-01,0,5.66667,0.0,9.0,85,34.4,13.9014,-30.8717,39.5309,506.3,0
2018-10-01,1,5.16667,0.0,7.83333,87,30.342,13.76,-32.7851,44.1503,504.0,0
2018-10-01,2,4.83333,0.0,6.83333,88,34.075,12.8986,-35.6136,46.9788,509.6,0
2018-10-01,3,4.66667,0.0,6.16667,88,29.452,14.24,-29.9567,41.3219,612.48,0
2018-10-01,4,4.66667,0.0,5.5,86,27.2571,14.3186,-31.8701,45.9413,591.48,0
2018-10-01,5,4.66667,0.0,5.16667,91,28.1486,15.4086,-24.799,43.8702,641.143,0
2018-10-01,6,4.66667,0.0,5.0,99,29.9914,16.0329,-24.799,48.8702,600.0,0
2018-10-01,7,5.0,0.0,5.0,100,26.03,15.3814,-19.8492,48.9204,622.2,0
2018-10-01,8,5.33333,0.0,5.33333,100,25.9414,15.836,-15.6066,50.6778,622.2,0
2018-10-01,9,5.66667,0.0,6.0,90,25.7057,14.7586,-9.06782,50.6778,600.0,0
2018-10-01,10,6.0,0.0,7.0,63,23.3143,12.6671,-0.29125,47.9061,610.56,0
2018-10-01,11,6.5,0.23,8.33333,53,21.0071,11.7886,6.57192,49.7539,540.0,0
2018-10-01,12,7.16667,0.23,10.0,51,20.07,12.1014,17.8857,51.488,501.84,0
2018-10-01,13,8.0,0.23,11.5,49,14.9471,10.1014,26.1631,50.1836,461.76,0
2018-10-01,14,9.0,0.84,12.8333,51,13.6486,8.79429,33.9413,50.3462,395.2,0
2018-10-01,15,9.83333,0.84,13.5,57,15.9671,9.99857,38.1839,49.8895,345.257,0
2018-10-01,16,10.8333,0.84,13.8333,63,13.55,12.7757,36.7697,48.0418,319.2,0
2018-10-01,17,11.5,0.61,13.6667,66,15.4114,20.9014,40.3053,49.8431,263.467,0
2018-10-01,18,11.8333,0.61,13.0,68,11.5514,13.392,42.4266,50.0135,250.364,0
2018-10-01,19,11.5,0.61,12.1667,70,13.7033,25.815,42.4266,47.6291,260.0,0
2018-10-01,20,10.6667,0.0,11.1667,72,17.5286,27.84,40.3053,44.8574,291.5,0
2018-10-01,21,10.0,0.0,10.5,75,15.3457,35.76,31.82,40.7709,354.738,0
2018-10-01,22,9.33333,0.0,9.83333,79,12.175,33.31,31.82,48.7709,332.677,0
2018-10-01,23,8.83333,0.0,9.16667,81,7.68333,31.5529,22.6275,48.5784,369.6,0
2018-10-02,0,8.66667,1.12,8.5,82,6.642,34.4,14.1422,49.0931,398.618,0
2018-10-02,1,9.0,1.12,8.0,84,5.61167,30.342,6.36399,51.3149,395.2,0
2018-10-02,2,9.83333,1.12,7.5,85,3.83,34.075,0.0,54.0,345.257,0
2018-10-02,3,10.6667,1.12,7.0,84,4.995,29.452,0.0,51.0,340.267,0
2018-10-02,4,11.3333,1.12,6.66667,85,5.77571,27.2571,0.0,55.0,288.0,0
2018-10-02,5,12.1667,1.12,6.16667,87,5.05,28.1486,0.0,59.0,250.92,0
2018-10-02,6,12.8333,0.0,6.0,90,2.8225,29.9914,0.0,52.0,276.0,0
2018-10-02,7,13.1667,0.0,5.83333,93,9.78286,26.03,0.0,54.0,261.415,0
2018-10-02,8,13.3333,0.0,5.83333,92,9.75714,25.9414,0.0,54.0,261.415,0
2018-10-02,9,13.6667,0.0,6.16667,83,10.5143,25.7057,0.0,54.0,267.429,0
2018-10-02,10,14.1667,0.0,6.5,72,18.5543,23.3143,0.0,55.0,257.914,0
2018-10-02,11,14.8333,0.0,7.33333,66,13.8929,21.0071,-6.12288,55.7821,232.615,0
2018-10-02,12,16.0,0.0,8.16667,63,9.23857,20.07,-13.0111,59.4119,188.308,0
2018-10-02,13,17.6667,0.0,9.0,59,7.81571,14.9471,-27.8604,46.2612,196.725,0
2018-10-02,14,19.6667,1.02,9.83333,58,8.9,13.6486,-38.0011,47.7427,156.8,0
2018-10-02,15,21.5,2.04,10.1667,63,7.72429,15.9671,-48.7906,48.7906,130.743,0
2018-10-02,16,23.3333,3.06,10.3333,72,7.26714,13.55,-36.0626,36.0626,174.048,0
2018-10-02,17,24.6667,3.06,10.1667,75,11.4429,15.4114,-37.4768,37.4768,165.092,0
2018-10-02,18,25.3333,3.06,9.83333,76,17.716,11.5514,-37.4768,37.4768,167.733,0
2018-10-02,19,25.1667,3.57,9.66667,78,10.8867,13.7033,-36.0626,36.0626,176.538,0
2018-10-02,20,24.6667,2.55,9.5,79,12.456,17.5286,-44.4816,56.388,134.538,0
2018-10-02,21,23.8333,1.53,9.66667,76,11.6514,15.3457,-26.0967,60.0031,150.528,0
2018-10-02,22,22.8333,0.51,10.0,78,9.445,12.175,-8.41896,63.3254,158.564,0
2018-10-02,23,22.1667,0.51,10.1667,79,8.70143,7.68333,0.0,64.0,164.509,0
2018-10-03,0,21.8333,1.02,10.3333,80,6.24833,6.642,0.0,64.0,159.6,0
2018-10-03,1,22.1667,1.02,10.3333,77,4.726,5.61167,0.0,66.0,147.714,0
2018-10-03,2,22.5,1.02,10.1667,74,5.61333,3.83,0.0,69.0,135.873,0
2018-10-03,3,23.3333,1.02,9.83333,70,4.56,4.995,0.0,71.0,130.226,0
2018-10-03,4,24.1667,1.02,9.5,67,7.43571,5.77571,0.0,74.0,120.0,0
2018-10-03,5,25.0,1.53,9.16667,64,5.97286,5.05,0.0,52.0,170.769,0
2018-10-03,6,25.5,1.02,9.0,64,6.75571,2.8225,0.0,53.0,165.092,0
2018-10-03,7,25.6667,0.51,8.83333,64,2.945,9.78286,0.0,53.0,167.733,0
2018-10-03,8,25.6667,0.51,8.83333,65,4.44714,9.75714,0.0,51.0,176.538,0
2018-10-03,9,25.1667,0.51,9.0,65,5.10571,10.5143,0.0,75.0,124.754,0
2018-10-03,10,25.0,0.99,9.33333,66,5.76429,18.5543,16.2635,70.2492,134.832,0
2018-10-03,11,25.0,0.48,9.83333,62,5.07,13.8929,33.9413,68.3462,130.0,0
2018-10-03,12,25.3333,0.48,10.3333,56,5.61,9.23857,36.7697,48.0418,168.192,0
2018-10-03,13,25.8333,0.48,11.0,48,4.13429,7.81571,38.891,44.7438,156.8,0
2018-10-03,14,26.3333,0.48,11.6667,42,3.30429,8.9,39.5982,39.5982,154.286,0
2018-10-03,15,26.8333,0.48,12.1667,39,4.68286,7.72429,38.891,38.891,159.557,0
2018-10-03,16,26.8333,0.0,12.5,39,7.98714,7.26714,37.4768,37.4768,167.733,0
2018-10-03,17,26.1667,0.0,12.6667,40,8.13429,11.4429,36.0626,36.0626,176.538,0
2018-10-03,18,24.8333,0.0,12.6667,49,6.62,17.716,52.3261,52.3261,129.6,0
2018-10-03,19,22.6667,0.0,12.3333,54,8.60667,10.8867,48.0835,52.4189,155.952,0
2018-10-03,20,20.1667,0.0,11.8333,58,7.77333,12.456,41.0124,48.5993,206.87,0
2018-10-03,21,17.8333,0.0,11.3333,58,6.48571,11.6514,49.4977,59.6859,199.096,0
2018-10-03,22,15.8333,0.48,10.6667,56,3.715,9.445,41.7195,54.5089,259.86,0
2018-10-03,23,14.3333,0.48,10.1667,56,6.41857,8.70143,36.7697,48.0418,292.32,0
2018-10-04,0,13.1667,0.48,9.66667,59,5.12167,6.24833,26.1631,48.1836,286.7,0
2018-10-04,1,12.8333,0.48,9.16667,63,4.73,4.726,17.6777,50.097,276.0,0
2018-10-04,2,13.0,0.48,8.83333,67,4.30667,5.61333,9.19243,52.0104,271.385,0
2018-10-04,3,13.0,0.48,8.5,69,2.748,4.56,0.0,53.0,277.114,0
2018-10-04,4,12.6667,0.0,8.16667,71,7.93857,7.43571,0.0,51.0,291.877,0
2018-10-04,5,12.1667,0.0,7.83333,72,8.28429,5.97286,0.0,62.0,249.508,0
2018-10-04,6,11.6667,0.48,7.5,74,3.0125,6.75571,0.0,60.0,269.077,0
2018-10-04,7,11.0,0.48,7.16667,72,9.19857,2.945,0.0,57.0,299.815,0
2018-10-04,8,10.3333,0.48,7.0,73,7.5125,4.44714,0.0,53.0,336.3,0
2018-10-04,9,9.83333,0.48,7.0,72,11.92,5.10571,-3.44412,61.3149,300.0,0
2018-10-04,10,9.83333,0.48,7.5,77,9.35143,5.76429,-6.88824,57.6298,323.345,0
2018-10-04,11,9.83333,0.48,8.33333,71,7.894,5.07,-6.88824,57.6298,323.345,0
2018-10-04,12,10.1667,0.0,9.33333,67,8.57,5.61,-6.88824,57.6298,312.12,0
2018-10-04,13,10.8333,0.0,10.6667,68,9.56571,4.13429,-11.4804,49.7164,326.8,0
2018-10-04,14,11.5,0.0,11.8333,69,12.2786,3.30429,-13.0111,53.4119,275.6,0
2018-10-04,15,12.1667,0.0,12.6667,71,15.1129,4.68286,-14.5418,57.1074,250.364,0
2018-10-04,16,12.5,0.0,13.1667,73,15.11,7.98714,-19.5167,47.1179,286.7,0
2018-10-04,17,12.6667,0.0,13.5,67,18.69,8.13429,-19.8994,48.0418,281.538,0
2018-10-04,18,12.5,0.0,13.5,69,18.3533,6.62,-19.5167,47.1179,291.877,0
2018-10-04,19,11.8333,0.0,13.3333,69,21.218,8.60667,-23.7262,57.2806,249.508,0
2018-10-04,20,11.1667,0.0,13.0,74,24.2243,7.77333,-22.1954,53.585,289.385,0
2018-10-04,21,10.5,0.0,12.8333,77,23.55,6.48571,-20.6647,49.8895,332.215,0
2018-10-04,22,9.83333,0.0,12.5,79,22.3875,3.715,-27.0287,56.2535,300.0,0
2018-10-04,23,9.5,0.0,12.0,83,21.2417,6.41857,-28.4179,50.6071,333.9,0
2018-10-05,0,9.33333,0.0,11.5,86,20.1243,5.12167,-30.8968,46.5916,347.564,0
2018-10-05,1,9.66667,0.0,11.0,86,22.5217,4.73,-33.7584,43.5,339.2,0
2018-10-05,2,10.0,0.0,10.6667,86,19.652,4.30667,-38.0925,42.9633,312.8,0
2018-10-05,3,10.3333,0.0,10.3333,85,21.555,2.748,-36.0626,36.0626,340.267,0
2018-10-05,4,10.5,0.0,10.3333,82,23.0829,7.93857,-37.4768,37.4768,321.48,0
2018-10-05,5,10.5,0.0,10.3333,81,24.8271,8.28429,-37.4768,37.4768,321.48,0
2018-10-05,6,10.5,0.0,10.5,82,22.7171,3.0125,-37.4768,37.4768,329.018,0
2018-10-05,7,10.3333,0.0,10.5,83,19.6843,9.19857,-36.7697,36.7697,341.127,0
2018-10-05,8,10.3333,0.0,10.6667,80,19.795,7.5125,-36.0626,36.0626,353.455,0
2018-10-05,9,10.3333,0.0,11.0,75,16.8443,11.92,-36.0626,36.0626,346.92,0
2018-10-05,10,10.6667,0.0,11.5,76,13.774,9.35143,-36.7697,36.7697,334.08,0
2018-10-05,11,11.1667,0.0,12.3333,67,11.41,7.894,-38.1839,38.1839,309.12,0
2018-10-05,12,11.8333,0.0,13.3333,59,11.1171,8.57,-40.3053,40.3053,273.48,0
2018-10-05,13,12.5,0.0,14.6667,53,8.78143,9.56571,-43.1337,43.1337,240.0,0
2018-10-05,14,13.0,0.0,16.0,50,8.80571,12.2786,-40.5116,32.9348,265.5,0
2018-10-05,15,13.5,0.0,17.3333,47,10.2157,15.1129,-44.9606,29.807,251.631,0
2018-10-05,16,13.6667,0.0,18.1667,47,15.2971,15.11,-48.7025,25.9721,248.571,0
2018-10-05,17,13.6667,0.0,18.5,50,18.0343,18.69,-50.8134,21.0474,257.914,0
2018-10-05,18,13.3333,0.0,18.5,56,13.206,18.3533,-24.8791,15.6899,267.429,0
2018-10-05,19,12.6667,0.0,18.0,64,23.4333,21.218,0.0552405,10.3324,286.971,0
2018-10-05,20,11.8333,0.0,17.1667,69,26.298,24.2243,10.0552,10.3324,258.514,0
2018-10-05,21,11.1667,0.0,16.0,71,24.1386,23.55,31.9896,4.97484,299.815,0
2018-10-05,22,10.6667,0.0,14.8333,71,26.6625,22.3875,54.0,0.0,332.215,0
2018-10-05,23,10.1667,0.0,13.8333,72,25.18,21.2417,51.0,0.0,359.9,0
2018-10-06,0,9.83333,0.0,12.8333,74,25.5267,20.1243,61.0,0.0,311.1,1
2018-10-06,1,9.83333,0.0,12.1667,77,22.6971,22.5217,59.0,0.0,312.12,1
2018-10-06,2,10.0,0.0,11.5,80,26.515,19.652,59.0,0.0,300.0,1
2018-10-06,3,10.0,0.0,11.0,81,21.094,21.555,60.0,0.0,300.0,1
2018-10-06,4,10.0,0.0,10.6667,84,23.6029,23.0829,60.0,0.0,300.0,1
2018-10-06,5,10.0,0.0,10.1667,86,25.2886,24.8271,60.0,0.0,300.0,1
2018-10-06,6,10.0,0.0,9.83333,90,27.6657,22.7171,60.0,0.0,300.0,1
2018-10-06,7,10.0,0.0,9.5,95,28.5243,19.6843,60.0,0.0,300.0,1
2018-10-06,8,10.1667,0.0,9.5,95,28.7829,19.795,60.0,0.0,300.0,1
2018-10-06,9,10.3333,0.0,9.83333,86,26.5414,16.8443,51.0,0.0,346.92,1
2018-10-06,10,10.5,0.0,10.5,74,29.66,13.774,52.0,0.0,334.08,1
2018-10-06,11,11.0,0.0,11.6667,64,25.6214,11.41,53.0,0.0,321.48,1
2018-10-06,12,11.6667,0.0,13.0,57,23.9,11.1171,30.9896,4.97484,285.12,1
2018-10-06,13,12.3333,0.0,14.6667,54,23.3071,8.78143,8.05524,10.3324,250.364,1
2018-10-06,14,12.8333,0.0,16.3333,53,23.7014,8.80571,-26.8791,15.6899,270.327,1
2018-10-06,15,13.1667,0.0,17.8333,52,26.2271,10.2157,-50.8134,21.0474,251.631,1
2018-10-06,16,13.3333,0.0,19.0,53,27.5417,15.2971,-50.8134,21.0474,257.914,1
2018-10-06,17,13.0,0.0,19.6667,55,32.9271,18.0343,-46.3644,24.1752,277.114,1
2018-10-06,18,12.1667,0.0,19.8333,64,23.4125,13.206,-54.1426,31.9534,240.0,1
2018-10-06,19,11.0,0.0,19.5,75,33.0667,23.4333,-47.5723,32.9599,287.571,1
2018-10-06,20,9.66667,0.0,18.6667,86,34.552,26.298,-39.5877,32.5521,354.738,1
2018-10-06,21,8.5,0.0,17.5,91,41.8657,24.1386,-45.131,34.8482,355.385,1
2018-10-06,22,7.5,0.0,16.3333,90,47.0025,26.6625,-38.6638,32.1694,433.1,1
2018-10-06,23,6.66667,0.0,15.1667,88,49.5583,25.18,-32.6638,32.1694,423.5,1
2018-10-07,0,6.16667,0.0,14.3333,88,43.978,25.5267,-18.1785,23.6841,497.455,1
2018-10-07,1,6.16667,0.0,13.5,88,45.39,22.6971,-12.1785,23.6841,477.164,1
2018-10-07,2,6.33333,0.0,13.0,89,42.3933,26.515,2.59968,15.9059,515.2,1
2018-10-07,3,6.5,0.0,12.8333,85,40.422,21.094,2.49651,12.2207,528.0,1
2018-10-07,4,6.66667,0.0,12.6667,85,39.4929,23.6029,0.97912,9.94968,517.0,1
2018-10-07,5,6.83333,0.0,12.6667,88,37.5343,25.2886,0.0552405,10.3324,496.8,1
2018-10-07,6,7.0,0.0,12.6667,89,30.2957,27.6657,0.64875,12.986,477.0,1
2018-10-07,7,7.16667,0.0,12.6667,94,24.0514,28.5243,-10.301,17.9358,457.6,1
2018-10-07,8,7.5,0.0,12.6667,86,24.3414,28.7829,-19.3625,25.3269,420.0,1
2018-10-07,9,8.16667,0.0,12.6667,80,16.5971,26.5414,-32.3625,34.3269,443.143,1
2018-10-07,10,9.33333,0.0,12.6667,81,4.44571,29.66,-18.1171,41.8108,375.943,1
2018-10-07,11,10.8333,0.25,12.6667,77,2.93714,25.6214,4.71677,46.3528,314.743,1
2018-10-07,12,12.6667,0.25,12.5,72,3.45286,23.9,25.9301,47.767,240.0,1
2018-10-07,13,14.3333,0.25,12.5,66,4.04571,23.3071,45.6213,38.2642,198.545,1
2018-10-07,14,15.6667,0.25,12.5,62,5.07571,23.7014,44.5734,25.0902,220.8,1
2018-10-07,15,16.6667,0.25,12.3333,61,4.75714,26.2271,48.9656,20.282,221.0,1
2018-10-07,16,17.0,0.25,12.0,62,4.49,27.5417,48.0418,19.8994,228.8,1
2018-10-07,17,16.6667,0.0,11.6667,65,8.22857,32.9271,64.0418,19.8994,180.0,1
2018-10-07,18,15.6667,0.0,11.3333,67,8.014,23.4125,61.4119,13.0111,202.024,1
2018-10-07,19,14.1667,0.0,11.0,69,11.8967,33.0667,57.706,6.50556,241.553,1
2018-10-07,20,12.5,0.0,10.5,71,14.418,34.552,51.0,0.0,307.125,1
2018-10-07,21,10.6667,0.0,10.0,74,18.3843,41.8657,58.0,0.0,313.2,1
2018-10-07,22,8.66667,0.0,9.5,79,18.5025,47.0025,64.0,0.0,319.8,1
2018-10-07,23,7.0,0.0,8.83333,83,13.9243,49.5583,51.6955,1.53072,435.771,1
2018-10-08,0,5.66667,0.0,8.33333,86,10.515,43.978,54.524,4.35916,457.371,0
2018-10-08,1,4.83333,0.0,7.66667,88,15.3686,45.39,57.3524,8.05468,472.114,0
2018-10-08,2,4.33333,0.0,7.0,89,14.0717,42.3933,57.3524,12.0547,480.0,0
2018-10-08,3,4.0,0.0,6.33333,92,7.82,40.422,41.8217,15.7502,603.2,0
2018-10-08,4,4.16667,0.0,5.83333,88,15.6486,39.4929,40.291,19.4457,604.8,0
2018-10-08,5,4.33333,0.0,5.5,86,19.63,37.5343,26.3776,24.0651,688.267,0
2018-10-08,6,4.5,0.0,5.0,86,26.2171,30.2957,24.4642,28.6845,657.2,0
2018-10-08,7,4.66667,0.0,4.66667,89,32.7843,24.0514,13.5508,33.3039,707.143,0
2018-10-08,8,5.0,0.0,4.66667,93,29.1229,24.3414,10.0152,36.8395,660.0,0
2018-10-08,9,5.33333,0.0,5.0,86,26.0157,16.5971,-2.52807,39.1355,660.0,0
2018-10-08,10,5.83333,0.0,5.66667,75,19.1014,4.44571,-17.7669,39.9009,655.2,0
2018-10-08,11,6.66667,0.0,6.66667,64,16.57,2.93714,-15.4237,33.3769,592.8,0
2018-10-08,12,7.66667,0.0,8.0,56,14.34,3.45286,-3.89303,25.6814,480.0,0
2018-10-08,13,8.66667,0.0,9.5,52,9.33429,4.04571,12.4645,12.7471,440.64,0
2018-10-08,14,9.5,0.0,11.0,51,9.80429,5.07571,7.75076,8.80164,367.2,0
2018-10-08,15,10.3333,0.0,12.3333,49,10.0843,4.75714,8.67464,8.41896,333.45,0
2018-10-08,16,10.6667,0.0,13.1667,48,13.1729,4.49,-9.48804,12.6284,309.12,0
2018-10-08,17,10.5,0.0,13.6667,51,21.5071,8.22857,-28.7268,16.4552,317.127,0
2018-10-08,18,10.0,0.0,13.8333,56,15.258,8.014,-48.0418,19.8994,341.127,0
2018-10-08,19,9.33333,0.0,13.5,64,36.4067,11.8967,-40.0418,19.8994,311.564,0
2018-10-08,20,8.5,0.0,12.8333,70,34.336,14.418,-22.8791,15.6899,360.0,0
2018-10-08,21,7.66667,0.0,11.8333,73,32.6357,18.3843,-6.7164,11.4804,425.455,0
2018-10-08,22,7.0,0.0,10.8333,74,36.4125,18.5025,-0.716399,11.4804,412.364,0
2018-10-08,23,6.5,0.0,9.83333,75,34.5533,13.9243,15.4463,7.27092,473.28,0
2018-10-09,0,6.16667,0.0,8.83333,77,30.5083,10.515,21.4463,7.27092,449.28,0
2018-10-09,1,6.0,0.0,8.16667,78,28.8071,15.3686,36.6851,3.44412,498.667,0
2018-10-09,2,6.0,0.0,7.66667,79,30.1883,14.0717,51.0,0.0,538.65,0
2018-10-09,3,6.0,0.0,7.33333,79,30.92,7.82,57.0,0.0,497.25,0
2018-10-09,4,6.0,0.0,7.16667,80,31.3243,15.6486,55.0,0.0,517.029,0
2018-10-09,5,6.0,0.0,6.83333,81,33.35,19.63,42.4567,2.29608,520.0,0
2018-10-09,6,6.0,0.0,6.66667,85,39.3771,26.2171,30.9134,4.59216,520.0,0
2018-10-09,7,6.0,0.0,6.66667,91,39.0957,32.7843,19.3702,6.88824,520.0,0
2018-10-09,8,6.0,0.0,6.83333,93,42.6829,29.1229,7.82688,9.18432,520.0,0
2018-10-09,9,6.16667,0.0,7.16667,86,40.6129,26.0157,-3.7164,11.4804,520.0,0
2018-10-09,10,6.5,0.0,7.83333,75,35.5414,19.1014,-16.1836,14.1592,499.8,0
2018-10-09,11,7.0,0.0,9.0,66,33.4243,16.57,-35.5746,17.2206,517.0,0
2018-10-09,12,7.83333,0.0,10.5,60,28.6414,14.34,-49.8895,20.6647,457.6,0
2018-10-09,13,8.66667,0.0,12.0,57,24.6871,9.33429,-46.5812,23.8508,413.4,0
2018-10-09,14,9.5,0.0,13.6667,55,18.385,9.80429,-43.2728,27.0368,367.2,0
2018-10-09,15,10.0,0.0,15.1667,53,25.0986,10.0843,-45.5077,32.519,300.0,0
2018-10-09,16,10.1667,0.0,16.5,55,28.8014,13.1729,-38.7206,33.8498,326.8,0
2018-10-09,17,10.0,0.0,17.3333,55,32.7171,21.5071,-36.7697,36.7697,341.127,0
2018-10-09,18,9.33333,0.0,17.5,64,35.908,15.258,-42.4266,42.4266,311.564,0
2018-10-09,19,8.66667,0.0,17.1667,77,38.8617,36.4067,-41.1156,37.3271,360.0,0
2018-10-09,20,7.83333,0.0,16.3333,86,38.722,34.336,-39.8045,32.2277,411.927,0
2018-10-09,21,7.16667,0.0,15.5,89,46.4043,32.6357,-45.3478,34.5238,398.945,0
2018-10-09,22,6.66667,0.0,14.3333,88,44.45,36.4125,-43.1129,29.0416,458.28,0
2018-10-09,23,6.33333,0.0,13.3333,86,47.0417,34.5533,-48.6561,31.3377,434.52,0
2018-10-10,0,6.16667,0.0,12.5,86,42.274,30.5083,-35.585,24.2666,482.4,0
2018-10-10,1,6.0,0.0,12.0,87,45.4417,28.8071,-23.221,17.9026,520.8,0
2018-10-10,2,6.0,0.0,11.6667,88,41.738,30.1883,-17.221,17.9026,480.0,0
2018-10-10,3,6.0,0.0,11.1667,89,46.9067,30.92,-5.56416,12.2458,498.343,0
2018-10-10,4,6.0,0.0,10.8333,88,46.8714,31.3243,6.903,9.567,517.029,0
2018-10-10,5,6.0,0.0,10.3333,87,47.3271,33.35,19.3702,6.88824,520.0,0
2018-10-10,6,6.0,0.0,9.83333,89,49.4457,39.3771,30.9134,4.59216,520.0,0
2018-10-10,7,6.0,0.0,9.5,96,50.7057,39.0957,30.9134,0.0,520.0,0
2018-10-10,8,6.0,0.0,9.33333,100,53.4117,42.6829,30.9134,-4.59216,520.0,0
2018-10-10,9,6.0,0.0,9.66667,97,55.5057,40.6129,19.3702,-6.88824,520.0,0
2018-10-10,10,6.0,0.0,10.3333,86,53.5043,35.5414,9.1275,-11.1309,520.0,0
2018-10-10,11,6.16667,0.0,11.5,76,44.7371,33.4243,-2.41578,-13.427,520.0,0
2018-10-10,12,6.5,0.0,13.1667,67,39.6514,28.6414,-13.3655,-18.3767,499.8,0
2018-10-10,13,7.0,0.0,15.0,59,38.9,24.6871,-31.0224,-24.0336,517.0,0
2018-10-10,14,7.66667,0.0,16.8333,56,39.0386,18.385,-43.3864,-30.3976,457.6,0
2018-10-10,15,8.33333,0.0,18.5,55,34.52,25.0986,-39.371,-32.8766,432.0,0
2018-10-10,16,8.83333,0.0,19.6667,56,34.64,28.8014,-40.8988,-37.6516,360.0,0
2018-10-10,17,9.16667,0.0,20.6667,60,36.08,32.7171,-34.557,-39.4278,361.029,0
2018-10-10,18,9.33333,0.0,21.0,68,36.23,35.908,-33.0513,-42.7929,341.85,0
2018-10-10,19,9.33333,0.0,20.6667,78,45.4583,38.8617,-30.8386,-45.451,339.2,0
2018-10-10,20,9.16667,0.0,19.8333,88,39.15,38.722,-27.9187,-47.4019,349.92,0
2018-10-10,21,9.0,0.0,18.6667,89,45.4386,46.4043,-24.2917,-48.6457,363.0,0
2018-10-10,22,9.16667,0.0,17.6667,88,40.7,44.45,-20.6647,-49.8895,366.667,0
2018-10-10,23,9.33333,0.0,16.3333,86,48.8683,47.0417,-21.0474,-50.8134,352.8,0
2018-10-11,0,9.66667,0.0,15.3333,88,42.162,42.274,-21.4301,-51.7373,339.2,0
2018-10-11,1,10.1667,0.0,14.6667,89,46.6229,45.4417,-22.1954,-53.585,312.8,0
2018-10-11,2,10.6667,0.0,14.1667,89,46.1217,41.738,-19.8994,-48.0418,326.8,0
2018-10-11,3,11.1667,0.0,13.8333,88,43.186,46.9067,-21.0474,-50.8134,297.0,0
2018-10-11,4,11.5,0.0,13.5,89,47.98,46.8714,-21.8128,-52.6612,273.48,0
2018-10-11,5,11.8333,0.0,13.3333,89,48.15,47.3271,-22.5781,-54.5089,260.945,0
2018-10-11,6,12.0,0.0,13.0,91,49.8133,49.4457,-22.9608,-55.4328,260.0,0
2018-10-11,7,12.1667,0.0,12.6667,93,52.0114,50.7057,-22.9608,-55.4328,260.0,0
2018-10-11,8,12.5,0.0,12.6667,93,50.2933,53.4117,-23.3435,-56.3567,249.9,0
2018-10-11,9,13.0,0.0,12.8333,87,47.01,55.5057,-19.5167,-47.1179,286.7,0
2018-10-11,10,13.6667,0.0,13.3333,71,45.34,53.5043,-25.5312,-46.638,255.2,0
2018-10-11,11,14.6667,0.0,14.1667,60,42.9517,44.7371,-32.2528,-46.8652,223.385,0
2018-10-11,12,15.8333,0.0,15.5,52,40.9467,39.6514,-40.0059,-47.5827,187.971,0
2018-10-11,13,17.0,0.0,17.0,47,40.0557,38.9,-37.4768,-37.4768,212.625,0
2018-10-11,14,18.1667,0.0,18.5,45,35.32,39.0386,-40.3053,-40.3053,191.133,0
2018-10-11,15,19.0,0.0,20.0,45,37.3071,34.52,-42.4266,-42.4266,175.137,0
2018-10-11,16,19.3333,0.0,21.0,46,37.8017,34.64,-43.1337,-43.1337,173.46,0
2018-10-11,17,19.1667,0.0,21.8333,47,38.3586,36.08,-41.7195,-41.7195,191.314,0
2018-10-11,18,18.8333,0.0,22.1667,58,35.618,36.23,-38.891,-38.891,214.5,0
2018-10-11,19,18.3333,0.0,22.0,64,40.8067,45.4583,-36.7697,-36.7697,228.8,0
2018-10-11,20,17.5,0.0,21.5,66,38.218,39.15,-36.0626,-36.0626,232.941,0
2018-10-11,21,16.8333,0.0,20.6667,67,41.9557,45.4386,-47.3764,-47.3764,180.0,0
2018-10-11,22,16.3333,0.0,19.8333,67,38.3925,40.7,-46.6693,-46.6693,187.2,0
2018-10-11,23,15.8333,0.0,18.6667,67,41.21,48.8683,-45.255,-45.255,202.024,0
2018-10-12,0,15.3333,0.0,17.6667,69,38.048,42.162,-43.1337,-43.1337,218.625,0
2018-10-12,1,14.6667,0.0,16.8333,71,40.6629,46.6229,-41.7195,-41.7195,235.125,0
2018-10-12,2,14.0,0.0,16.0,73,40.545,46.1217,-39.5982,-39.5982,254.88,0
2018-10-12,3,13.1667,0.0,15.3333,73,36.928,43.186,-37.4768,-37.4768,277.114,0
2018-10-12,4,12.5,0.0,14.8333,76,40.5371,47.98,-45.255,-45.255,240.0,0
2018-10-12,5,12.0,0.0,14.3333,78,41.4829,48.15,-45.5182,-39.565,268.029,0
2018-10-12,6,11.3333,0.0,13.8333,82,44.3829,49.8133,-45.7813,-33.8749,289.385,0
2018-10-12,7,11.0,0.0,13.3333,84,42.96,52.0114,-45.8277,-28.5093,313.5,0
2018-10-12,8,10.8333,0.0,13.1667,86,42.6743,50.2933,-47.5051,-24.2334,317.127,0
2018-10-12,9,10.8333,0.0,13.1667,81,41.6857,47.01,-49.8895,-20.6647,317.127,0
2018-10-12,10,11.1667,0.0,13.6667,71,40.3814,45.34,-49.8895,-20.6647,317.127,0
2018-10-12,11,11.8333,0.0,14.5,62,36.5186,42.9517,-51.7373,-21.4301,285.12,0
2018-10-12,12,12.6667,0.0,15.6667,56,35.4886,40.9467,-27.4985,-17.6033,240.0,0
2018-10-12,13,13.3333,0.0,17.1667,52,35.2057,40.0557,7.82688,-9.18432,248.727,0
2018-10-12,14,13.8333,0.0,18.6667,51,35.7114,35.32,32.9896,-4.97484,223.385,0
2018-10-12,15,14.0,0.0,20.1667,50,36.45,37.3071,59.0,0.0,228.48,0
2018-10-12,16,13.6667,0.0,21.0,51,41.3057,37.8017,56.0,0.0,254.88,0
2018-10-12,17,12.8333,0.0,21.5,52,41.89,38.3586,52.0,0.0,292.32,0
2018-10-12,18,11.8333,0.0,21.5,60,43.59,35.618,62.0,0.0,267.12,0
2018-10-12,19,10.6667,0.0,21.0,70,46.6929,40.8067,38.6851,-3.44412,318.171,0
2018-10-12,20,9.5,0.0,20.1667,78,41.105,38.218,31.294,-6.50556,300.0,0
2018-10-12,21,8.66667,0.0,19.0,81,49.1171,41.9557,10.8269,-9.18432,357.5,0
2018-10-12,22,8.0,0.0,17.8333,79,45.415,38.3925,-7.64028,-11.8631,411.927,0
2018-10-12,23,7.5,0.0,16.6667,77,52.6817,41.21,-14.1074,-14.5418,385.745,0
2018-10-13,0,7.16667,0.0,15.6667,78,45.828,38.048,-31.5746,-17.2206,429.0,1
2018-10-13,1,7.0,0.0,15.0,79,51.7567,40.6629,-48.0418,-19.8994,463.6,1
2018-10-13,2,7.0,0.0,14.3333,80,45.562,40.545,-54.5089,-22.5781,420.0,1
2018-10-13,3,7.0,0.0,13.8333,81,51.99,36.928,-52.6612,-21.8128,436.05,1
2018-10-13,4,7.0,0.0,13.5,82,49.4643,40.5371,-51.7373,-21.4301,437.143,1
2018-10-13,5,7.0,0.0,13.1667,84,50.9657,41.4829,-51.7373,-21.4301,437.143,1
2018-10-13,6,7.0,0.0,12.8333,88,52.4217,44.3829,-51.7373,-21.4301,437.143,1
2018-10-13,7,7.0,0.0,12.3333,90,52.3843,42.96,-51.7373,-21.4301,437.143,1
2018-10-13,8,7.16667,0.0,12.1667,92,53.6683,42.6743,-51.7373,-21.4301,437.143,1
2018-10-13,9,7.5,0.0,12.3333,85,52.51,41.6857,-52.6612,-21.8128,420.0,1
2018-10-13,10,7.83333,0.0,12.8333,71,50.6167,40.3814,-48.0418,-19.8994,443.143,1
2018-10-13,11,8.5,0.0,14.0,61,42.0286,36.5186,-49.8895,-20.6647,408.857,1
2018-10-13,12,9.33333,0.0,15.3333,53,40.4971,35.4886,-47.1179,-19.5167,393.6,1
2018-10-13,13,10.3333,0.0,17.1667,48,41.3757,35.2057,-51.7373,-21.4301,314.743,1
2018-10-13,14,11.3333,0.0,19.0,47,39.8571,35.7114,-49.8895,-20.6647,300.667,1
2018-10-13,15,12.0,0.0,20.6667,47,38.1943,36.45,-54.5089,-22.5781,240.0,1
2018-10-13,16,12.5,0.0,21.8333,49,39.6167,41.3057,-48.0418,-19.8994,276.0,1
2018-10-13,17,12.5,0.0,22.5,51,41.9033,41.89,-48.0418,-19.8994,281.538,1
2018-10-13,18,12.1667,0.0,22.6667,67,38.74,43.59,-55.82,-27.6776,240.0,1
2018-10-13,19,11.5,0.0,22.1667,71,47.285,46.6929,-50.8806,-29.7738,277.714,1
2018-10-13,20,10.6667,0.0,21.1667,77,45.74,41.105,-44.3103,-30.7803,321.231,1
2018-10-13,21,10.0,0.0,19.8333,78,45.73,49.1171,-38.6638,-32.1694,359.9,1
2018-10-13,22,9.66667,0.0,18.5,79,42.4325,45.415,-45.0278,-38.5334,322.4,1
2018-10-13,23,9.5,0.0,17.0,77,43.54,52.6817,-41.0124,-41.0124,335.345,1
2018-10-14,0,9.5,0.0,15.8333,78,43.95,45.828,-40.3053,-40.3053,337.08,1
2018-10-14,1,9.66667,0.0,14.8333,80,42.8457,51.7567,-40.3053,-40.3053,325.867,1
2018-10-14,2,9.83333,0.0,14.1667,81,43.4371,45.562,-41.0124,-41.0124,312.8,1
2018-10-14,3,10.0,0.0,13.6667,79,38.53,51.99,-41.7195,-41.7195,300.0,1
2018-10-14,4,10.0,0.0,13.3333,81,43.86,49.4643,-42.4266,-42.4266,300.0,1
2018-10-14,5,10.1667,0.0,13.0,83,44.1629,50.9657,-42.4266,-42.4266,300.0,1
2018-10-14,6,10.3333,0.0,12.6667,84,44.9783,52.4217,-36.0626,-36.0626,346.92,1
2018-10-14,7,10.6667,0.0,12.3333,83,43.4586,52.3843,-36.7697,-36.7697,334.08,1
2018-10-14,8,11.1667,0.0,12.1667,83,42.9043,53.6683,-38.1839,-38.1839,309.12,1
2018-10-14,9,12.0,0.0,12.3333,76,41.3917,52.51,-40.3053,-40.3053,273.48,1
2018-10-14,10,13.1667,0.0,12.8333,63,39.7957,50.6167,-39.3142,-31.1962,281.455,1
2018-10-14,11,14.5,0.0,13.8333,52,37.4529,42.0286,-47.2419,-29.9235,225.5,1
2018-10-14,12,16.1667,0.0,15.1667,45,33.27,40.4971,-47.1179,-19.5167,225.28,1
2018-10-14,13,17.8333,0.0,16.8333,41,32.0686,41.3757,-52.6612,-21.8128,186.353,1
2018-10-14,14,19.3333,0.0,18.5,39,32.2514,39.8571,-57.2806,-23.7262,162.0,1
2018-10-14,15,20.1667,0.0,20.0,39,29.5571,38.1943,-60.0522,-24.8742,153.6,1
2018-10-14,16,20.1667,0.0,21.1667,39,29.6357,39.6167,-59.1283,-24.4915,164.509,1
2018-10-14,17,19.6667,0.0,21.8333,41,31.9357,41.9033,-54.5089,-22.5781,195.873,1
2018-10-14,18,18.6667,0.0,21.8333,46,29.868,38.74,-48.9656,-20.282,229.14,1
2018-10-14,19,17.1667,0.0,21.5,49,36.575,47.285,-62.8238,-26.0222,193.44,1
2018-10-14,20,15.5,0.0,20.8333,52,37.23,45.74,-56.3567,-23.3435,225.318,1
2018-10-14,21,14.1667,0.0,20.0,53,34.76,45.73,-51.7373,-21.4301,261.0,1
2018-10-14,22,13.1667,0.0,19.0,55,33.2275,42.4325,-48.0418,-19.8994,292.32,1
2018-10-14,23,12.3333,0.0,18.0,57,29.7729,43.54,-58.2044,-24.1088,257.92,1
2018-10-15,0,11.6667,0.0,17.1667,59,28.5475,43.95,-54.5089,-22.5781,279.138,0
2018-10-15,1,11.3333,0.0,16.5,60,28.57,42.8457,-52.6612,-21.8128,291.5,0
2018-10-15,2,11.1667,0.0,15.8333,61,28.24,43.4371,-51.7373,-21.4301,302.4,0
2018-10-15,3,11.0,0.0,15.1667,57,28.23,38.53,-50.8134,-21.0474,305.455,0
2018-10-15,4,10.8333,0.0,14.6667,56,27.2925,43.86,-50.8134,-21.0474,305.455,0
2018-10-15,5,10.6667,0.0,14.1667,55,32.5614,44.1629,-49.8895,-20.6647,317.127,0
2018-10-15,6,10.3333,0.0,13.6667,55,33.09,44.9783,-48.9656,-20.282,329.018,0
2018-10-15,7,10.0,0.0,13.1667,55,33.9071,43.4586,-47.1179,-19.5167,353.455,0
2018-10-15,8,9.83333,0.0,12.8333,54,33.4233,42.9043,-53.4819,-25.8807,311.564,0
2018-10-15,9,9.83333,0.0,12.6667,51,33.9033,41.3917,-50.3903,-28.7423,323.345,0
2018-10-15,10,10.5,0.0,12.8333,46,33.4683,39.7957,-50.3903,-28.7423,312.12,0
2018-10-15,11,11.5,0.0,13.5,41,30.3133,37.4529,-44.847,-26.4462,313.6,0
2018-10-15,12,12.8333,0.0,14.6667,37,30.49,33.27,-14.1681,-16.6381,276.12,0
2018-10-15,13,14.3333,0.0,16.0,35,32.83,32.0686,9.903,-9.567,208.145,0
2018-10-15,14,15.5,0.0,17.5,35,34.0083,32.2514,16.3702,-6.88824,229.125,0
2018-10-15,15,16.3333,0.0,19.0,35,34.7217,29.5571,-15.3358,-13.3938,224.824,0
2018-10-15,16,16.1667,0.0,20.1667,35,29.0425,29.6357,-47.1179,-19.5167,236.733,0
2018-10-15,17,15.5,0.0,20.8333,36,40.05,31.9357,-59.1283,-24.4915,208.8,0
2018-10-15,18,14.3333,0.0,20.8333,44,33.8825,29.868,-53.585,-22.1954,249.882,0
2018-10-15,19,12.6667,0.0,20.3333,52,48.3617,36.575,-47.1179,-19.5167,307.125,0
2018-10-15,20,11.0,0.0,19.5,59,54.9375,37.23,-54.5089,-22.5781,303.525,0
2018-10-15,21,9.5,0.0,18.3333,61,54.4214,34.76,-47.5089,-22.5781,300.0,0
2018-10-15,22,8.5,0.0,17.0,62,47.575,33.2275,-39.194,-19.134,367.015,0
2018-10-15,23,7.66667,0.0,15.6667,61,44.0667,29.7729,-33.6507,-16.8379,433.1,0
2018-10-16,0,7.16667,0.0,14.6667,62,45.27,28.5475,-40.1179,-19.5167,410.4,0
2018-10-16,1,7.0,0.0,13.8333,63,44.7357,28.57,-35.4985,-17.6033,458.28,0
2018-10-16,2,7.0,0.0,13.1667,65,43.79,28.24,-41.9656,-20.282,420.0,0
2018-10-16,3,7.0,0.0,12.6667,66,40.984,28.23,-39.194,-19.134,436.05,0
2018-10-16,4,7.0,0.0,12.1667,69,42.5886,27.2925,-38.2701,-18.7513,437.143,0
2018-10-16,5,6.83333,0.0,11.8333,72,45.7314,32.5614,-51.7373,-21.4301,437.143,0
2018-10-16,6,6.66667,0.0,11.3333,77,45.845,33.09,-50.8134,-21.0474,454.629,0
2018-10-16,7,6.5,0.0,10.8333,80,44.52,33.9071,-49.8895,-20.6647,472.457,0
2018-10-16,8,6.33333,0.0,10.5,83,48.4717,33.4233,-48.9656,-20.282,490.629,0
2018-10-16,9,6.33333,0.0,10.5,78,47.9267,33.9033,-48.0418,-19.8994,509.143,0
2018-10-16,10,6.5,0.0,11.0,67,44.2167,33.4683,-48.0418,-19.8994,509.143,0
2018-10-16,11,7.0,0.0,11.8333,57,39.0283,30.3133,-33.5746,-17.2206,490.629,0
2018-10-16,12,7.5,0.0,13.1667,49,36.8383,30.49,-18.1074,-14.5418,454.629,0
2018-10-16,13,8.16667,0.0,15.0,44,36.552,32.83,2.903,-9.567,451.0,0
2018-10-16,14,8.83333,0.0,16.8333,44,37.7883,34.0083,18.4463,-7.27092,377.4,0
2018-10-16,15,9.16667,0.0,18.3333,47,40.885,34.7217,39.5328,-2.67876,361.029,0
2018-10-16,16,9.16667,0.0,19.5,51,42.3683,29.0425,55.0,0.0,341.85,0
2018-10-16,17,8.83333,0.0,20.0,58,47.5433,40.05,39.609,-3.06144,352.8,0
2018-10-16,18,8.33333,0.0,20.0,66,35.42,33.8825,24.1418,-5.7402,380.8,0
2018-10-16,19,7.66667,0.0,19.3333,74,49.8133,48.3617,18.5985,-8.03628,360.0,0
2018-10-16,20,7.0,0.0,18.1667,80,47.514,54.9375,4.05524,-10.3324,414.72,0
2018-10-16,21,6.5,0.0,16.8333,83,52.9017,54.4214,-11.488,-12.6284,473.28,0
2018-10-16,22,6.16667,0.0,15.3333,84,53.6325,47.575,-17.0313,-14.9245,449.28,0
2018-10-16,23,6.0,0.0,14.0,84,56.2557,44.0667,-32.5746,-17.2206,498.667,0
2018-10-17,0,6.0,0.0,12.8333,85,50.4625,45.27,-47.1179,-19.5167,538.65,0
2018-10-17,1,5.83333,0.0,11.8333,81,50.0767,44.7357,-52.6612,-21.8128,497.25,0
2018-10-17,2,5.66667,0.0,11.1667,84,52.56,43.79,-49.8895,-20.6647,536.057,0
2018-10-17,3,5.5,0.0,10.6667,85,43.38,40.984,-48.0418,-19.8994,561.6,0
2018-10-17,4,5.33333,0.0,10.1667,86,51.0867,42.5886,-47.1179,-19.5167,583.0,0
2018-10-17,5,5.16667,0.0,9.83333,87,54.225,45.7314,-51.7373,-21.4301,540.0,0
2018-10-17,6,5.0,0.0,9.5,88,50.585,45.845,-50.8134,-21.0474,561.0,0
2018-10-17,7,5.16667,0.0,9.16667,90,58.4583,44.52,-49.8895,-20.6647,582.4,0
2018-10-17,8,5.33333,0.0,9.0,96,61.7167,48.4717,-48.5889,-22.6113,582.4,0
2018-10-17,9,5.5,0.0,9.16667,92,62.3133,47.9267,-47.2883,-24.5579,582.4,0
2018-10-17,10,5.66667,0.0,9.83333,77,64.1625,44.2167,-45.9877,-26.5045,582.4,0
2018-10-17,11,6.0,0.0,11.0,63,58.035,39.0283,-45.9877,-26.5045,563.04,0
2018-10-17,12,6.33333,0.0,12.5,51,53.38,36.8383,-43.216,-25.3564,570.24,0
2018-10-17,13,6.66667,0.0,14.5,44,49.3667,36.552,-45.0638,-26.1218,524.16,0
2018-10-17,14,7.0,0.0,16.5,43,49.7283,37.7883,-43.216,-25.3564,505.44,0
2018-10-17,15,7.16667,0.0,18.1667,44,51.1317,40.885,-45.9877,-26.5045,457.6,0
2018-10-17,16,7.33333,0.0,19.3333,48,51.16,42.3683,-48.2122,-24.9406,438.6,0
2018-10-17,17,7.33333,0.0,19.8333,54,53.7917,47.5433,-50.4367,-23.3767,420.0,0
2018-10-17,18,7.16667,0.0,19.5,66,55.95,35.42,-47.1179,-19.5167,460.8,0
2018-10-17,19,6.83333,0.0,18.6667,74,58.8717,49.8133,-52.6612,-21.8128,420.0,0
2018-10-17,20,6.5,0.0,17.3333,82,66.6317,47.514,-51.7373,-21.4301,437.143,0
2018-10-17,21,6.33333,0.0,15.8333,86,71.3967,52.9017,-49.5128,-22.994,469.05,0
2018-10-17,22,6.16667,0.0,14.5,87,67.275,53.6325,-46.3644,-24.1752,503.25,0
2018-10-17,23,6.0,0.0,13.1667,86,67.3483,56.2557,-43.216,-25.3564,528.0,0
2018-10-18,0,5.83333,0.0,12.3333,88,68.645,50.4625,-48.7593,-27.6525,480.0,0
2018-10-18,1,5.66667,0.0,11.5,89,69.32,50.0767,-46.9115,-26.8871,517.029,0
2018-10-18,2,5.5,0.0,11.0,89,63.765,52.56,-45.0638,-26.1218,555.429,0
2018-10-18,3,5.16667,0.0,10.6667,88,61.17,43.38,-43.216,-25.3564,583.0,0
2018-10-18,4,4.83333,0.0,10.3333,89,58.65,51.0867,-39.216,-25.3564,561.0,0
2018-10-18,5,4.33333,0.0,10.0,87,63.7617,54.225,-37.3683,-21.5296,604.2,0
2018-10-18,6,4.0,0.0,9.66667,87,64.8117,50.585,-39.4896,-19.4083,600.0,0
2018-10-18,8,3.83333,0.0,9.16667,89,79.265,61.7167,-30.8517,-6.09791,715.0,0
2018-10-18,9,4.0,0.0,9.16667,86,72.8567,62.3133,-30.8517,-1.09791,660.0,0
2018-10-18,10,4.33333,0.0,9.5,69,72.1033,64.1625,-26.609,8.14475,683.4,0
2018-10-18,11,4.83333,0.0,10.5,62,56.2133,58.035,-18.1237,17.9307,683.4,0
2018-10-18,12,5.5,0.0,11.6667,56,54.9671,53.38,-8.33777,25.7701,660.0,0
2018-10-18,13,6.16667,0.0,13.1667,53,47.1622,49.3667,5.8508,36.064,674.16,0
2018-10-18,14,6.83333,0.0,14.8333,54,48.9967,49.7283,12.1271,43.6343,620.1,0
2018-10-18,15,7.83333,0.0,16.3333,60,47.8486,51.1317,24.3079,46.3462,480.0,0
2018-10-18,16,8.83333,0.0,17.3333,66,46.6914,51.16,35.6186,38.7841,419.76,0
2018-10-18,17,10.0,0.0,17.3333,72,39.45,53.7917,42.4625,32.833,349.8,0
2018-10-18,18,11.0,0.0,17.1667,94,39.17,55.95,45.2805,25.7973,305.25,0
2018-10-18,19,11.5,0.0,16.6667,91,29.2683,58.8717,51.6341,25.1153,251.6,0
2018-10-18,20,11.8333,0.0,16.0,87,21.746,66.6317,55.4328,22.9608,250.364,0
2018-10-18,21,11.8333,0.0,15.0,83,11.7129,71.3967,55.4328,22.9608,260.0,0
2018-10-18,22,11.6667,0.0,14.0,80,6.675,67.275,54.5089,22.5781,279.138,0
2018-10-18,23,11.1667,0.0,13.5,78,7.035,67.3483,52.6612,21.8128,299.815,0
2018-10-19,0,10.6667,0.0,12.8333,80,4.6325,68.645,49.8895,20.6647,317.127,0
2018-10-19,1,10.3333,0.0,12.0,83,6.9125,69.32,48.9656,20.282,329.018,0
2018-10-19,2,10.0,0.0,11.3333,85,2.83,63.765,47.1179,19.5167,353.455,0
2018-10-19,3,9.5,0.0,10.6667,90,2.785,61.17,55.4328,22.9608,311.564,0
2018-10-19,4,9.0,0.0,10.0,93,11.48,58.65,52.6612,21.8128,347.564,0
2018-10-19,5,8.5,0.0,9.33333,95,12.1067,63.7617,49.8895,20.6647,376.32,0
2018-10-19,6,8.0,0.0,8.66667,98,15.5367,64.8117,45.6005,21.7877,417.72,0
2018-10-19,8,7.33333,0.0,7.33333,96,15.32,79.265,46.2612,27.8604,417.6,0
2018-10-19,9,7.16667,0.0,7.16667,92,20.4871,72.8567,42.8961,29.3661,448.0,0
2018-10-19,10,7.33333,0.0,7.5,78,22.9014,72.1033,39.5309,30.8717,470.25,0
2018-10-19,11,7.66667,0.0,8.16667,72,23.4186,56.2133,38.5039,34.1743,453.6,0
2018-10-19,12,8.0,0.0,9.16667,64,25.1983,54.9671,37.4768,37.4768,425.829,0
2018-10-19,13,8.33333,0.0,10.5,59,28.0029,47.1622,38.891,38.891,392.229,0
2018-10-19,14,8.66667,0.0,12.0,57,28.09,48.9967,42.2562,37.3854,360.0,0
2018-10-19,15,9.0,0.0,13.1667,53,25.6914,47.8486,40.6716,30.93,377.143,0
2018-10-19,16,9.0,0.0,13.8333,52,17.98,46.6914,44.0367,29.4243,366.667,0
2018-10-19,17,8.83333,0.0,14.0,58,16.89,39.45,45.9877,26.5045,366.667,0
2018-10-19,18,8.5,0.0,13.6667,69,17.496,39.17,47.0147,23.2019,380.8,0
2018-10-19,19,8.16667,0.0,13.0,81,36.08,29.2683,47.1179,19.5167,409.867,0
2018-10-19,20,7.66667,0.0,12.0,90,27.508,21.746,53.585,22.1954,374.0,0
2018-10-19,21,7.33333,0.0,10.8333,92,32.6771,11.7129,50.8134,21.0474,417.6,0
2018-10-19,22,6.83333,0.0,9.66667,91,25.58,6.675,48.9656,20.282,448.0,0
2018-10-19,23,6.5,0.0,8.5,90,32.17,7.035,54.5089,22.5781,420.0,0
2018-10-20,0,6.33333,0.0,7.66667,89,27.07,4.6325,50.4367,23.3767,466.4,1
2018-10-20,1,6.33333,0.0,6.83333,89,23.85,6.9125,46.3644,24.1752,503.25,1
2018-10-20,2,6.5,0.0,6.16667,86,20.78,2.83,43.9231,26.0635,509.143,1
2018-10-20,3,6.33333,0.0,5.66667,80,15.8933,2.785,42.4057,29.8519,509.143,1
2018-10-20,4,6.33333,0.0,5.33333,76,16.8186,11.48,40.1812,32.7164,517.0,1
2018-10-20,5,6.33333,0.0,5.16667,75,17.7071,12.1067,38.8806,35.9636,528.0,1
2018-10-20,6,6.33333,0.0,5.16667,78,17.4086,15.5367,43.1233,41.5069,480.0,1
2018-10-20,7,6.33333,0.0,5.33333,80,16.5057,19.3267,36.6561,44.8282,480.0,1
2018-10-20,8,6.33333,0.0,5.66667,80,17.2186,15.32,31.82,44.7566,517.0,1
2018-10-20,9,6.83333,0.0,6.16667,71,16.57,20.4871,32.5271,46.9811,509.143,1
2018-10-20,10,7.33333,0.0,6.66667,65,12.3114,22.9014,33.9413,50.3462,472.457,1
2018-10-20,11,8.0,0.0,7.33333,59,9.45714,23.4186,28.9915,52.8791,420.0,1
2018-10-20,12,8.83333,0.0,8.0,53,8.36714,25.1983,20.5062,51.7925,395.2,1
2018-10-20,13,9.66667,0.0,8.83333,48,9.62,28.0029,24.0417,50.4119,361.029,1
2018-10-20,14,10.5,0.0,9.66667,45,9.54571,28.09,22.6275,48.5642,340.267,1
2018-10-20,15,11.0,0.0,10.5,44,11.3157,25.6914,24.7488,51.3358,300.667,1
2018-10-20,16,11.5,0.0,11.1667,49,15.0143,17.98,33.2342,53.4224,273.48,1
2018-10-20,17,11.6667,0.0,11.5,57,19.6129,16.89,41.7195,54.5089,260.945,1
2018-10-20,18,11.5,0.0,11.5,65,15.72,17.496,41.7195,54.5089,270.3,1
2018-10-20,19,10.6667,0.0,11.3333,68,20.8267,36.08,33.2342,53.4224,291.5,1
2018-10-20,20,9.83333,0.23,10.8333,72,21.0883,27.508,24.7488,49.3358,348.0,1
2018-10-20,21,8.83333,0.23,10.1667,76,26.84,32.6771,24.7488,56.3358,333.9,1
2018-10-20,22,7.83333,0.23,9.5,80,31.3225,25.58,16.2635,51.2492,407.1,1
2018-10-20,23,7.0,0.23,9.0,83,29.41,32.17,16.2635,57.2492,397.5,1
2018-10-21,0,6.33333,0.23,8.5,85,26.99,27.07,12.0209,51.706,468.218,1
2018-10-21,1,6.16667,0.23,8.0,86,27.82,23.85,16.2635,57.2492,448.145,1
2018-10-21,2,6.0,0.23,7.66667,85,25.192,20.78,12.728,52.6298,510.72,1
2018-10-21,3,6.0,0.23,7.33333,86,26.4917,15.8933,16.9706,58.1731,480.0,1
2018-10-21,4,6.0,0.23,7.0,87,24.9214,16.8186,21.2133,53.7164,498.343,1
2018-10-21,5,6.0,0.23,6.66667,87,26.24,17.7071,25.456,52.2597,517.029,1
2018-10-21,6,6.0,0.23,6.5,89,30.63,17.4086,29.6986,50.803,520.0,1
2018-10-21,7,6.0,0.23,6.16667,91,32.7243,16.5057,33.9413,50.3462,520.0,1
2018-10-21,8,5.83333,0.0,5.83333,91,28.3457,17.2186,38.1839,49.8895,520.0,1
2018-10-21,9,5.66667,0.0,5.66667,84,28.72,16.57,37.4768,48.9656,540.6,1
2018-10-21,10,5.66667,0.0,6.16667,90,29.29,12.3114,33.2342,48.4224,561.6,1
2018-10-21,11,5.83333,0.0,7.0,82,30.1443,9.45714,26.6954,48.4224,561.6,1
2018-10-21,12,6.16667,0.0,8.0,70,22.9514,8.36714,19.774,49.3462,540.6,1
2018-10-21,13,6.66667,0.0,9.33333,60,17.1143,9.62,9.87447,49.4598,499.8,1
2018-10-21,14,7.33333,0.0,10.8333,53,10.3571,9.54571,-4.97484,44.7373,496.8,1
2018-10-21,15,8.0,0.0,12.1667,51,10.1986,11.3157,-15.5815,45.558,438.6,1
2018-10-21,16,8.33333,0.0,13.0,52,15.47,15.0143,-29.7237,41.7593,399.36,1
2018-10-21,17,8.5,0.0,13.5,58,21.4971,19.6129,-35.3806,42.4162,360.0,1
2018-10-21,18,8.33333,0.0,13.5,69,27.7083,15.72,-36.0626,36.0626,401.85,1
2018-10-21,19,8.0,0.0,13.0,79,37.0333,20.8267,-41.0124,41.0124,360.0,1
2018-10-21,20,7.66667,0.0,12.3333,85,27.0083,21.0883,-40.3053,40.3053,388.267,1
2018-10-21,21,7.33333,0.0,11.5,87,25.5729,26.84,-38.891,38.891,417.6,1
2018-10-21,22,7.33333,0.0,10.5,85,31.98,31.3225,-38.9942,35.2058,448.0,1
2018-10-21,23,7.33333,0.0,9.5,83,25.56,29.41,-40.0213,31.9033,453.6,1
2018-10-22,0,7.5,0.0,8.83333,83,19.5717,26.99,-41.7554,29.3078,453.6,0
2018-10-22,1,7.66667,0.0,8.33333,84,18.755,27.82,-43.4896,26.7124,443.143,0
2018-10-22,2,8.0,0.0,7.83333,84,16.95,25.192,-44.1967,27.4195,425.829,0
2018-10-22,3,8.33333,0.0,7.5,83,16.3617,26.4917,-45.6109,28.8337,392.229,0
2018-10-22,4,8.5,0.0,7.5,82,18.52,24.9214,-47.0251,30.2479,360.0,0
2018-10-22,5,8.66667,0.0,7.5,83,21.3829,26.24,-39.5309,30.8717,401.85,0
2018-10-22,6,9.0,0.0,7.5,81,25.3343,30.63,-38.5039,34.1743,386.4,0
2018-10-22,7,9.33333,0.0,7.83333,79,27.0614,32.7243,-38.1839,38.1839,356.4,0
2018-10-22,8,9.66667,1.42,8.16667,79,27.5957,28.3457,-39.5982,39.5982,339.2,0
2018-10-22,9,10.0,1.42,8.66667,82,25.62,28.72,-41.0124,41.0124,312.8,0
2018-10-22,10,10.3333,1.42,8.83333,78,26.03,29.29,-32.4939,38.4471,340.267,0
2018-10-22,11,10.6667,1.42,9.16667,81,24.6357,30.1443,-30.3394,42.2458,321.48,0
2018-10-22,12,11.1667,1.42,9.66667,82,19.4757,22.9514,-23.2683,46.1747,309.12,0
2018-10-22,13,12.1667,1.42,10.1667,80,11.9671,17.1143,-7.00474,51.114,282.764,0
2018-10-22,14,13.3333,0.0,10.8333,79,9.37857,10.3571,19.765,39.296,281.455,0
2018-10-22,15,14.1667,0.0,11.1667,73,10.0657,10.1986,40.6044,36.0216,208.145,0
2018-10-22,16,14.5,0.99,11.5,66,12.3729,15.47,55.3864,31.1444,180.0,0
2018-10-22,17,14.5,0.99,11.5,59,13.4843,21.4971,58.2044,24.1088,202.725,0
2018-10-22,18,14.0,1.98,11.1667,60,11.9,27.7083,51.2006,25.7642,256.0,0
2018-10-22,19,12.8333,1.98,10.5,65,17.8917,37.0333,58.2717,32.8353,240.0,0
2018-10-22,20,11.1667,1.98,9.5,69,22.654,27.0083,48.0058,32.311,303.525,0
2018-10-22,21,9.83333,1.98,8.66667,69,15.7686,25.5729,38.8806,33.5792,366.277,0
2018-10-22,22,9.16667,0.99,7.83333,70,14.6875,31.98,38.8806,41.5792,343.938,0
2018-10-22,23,8.83333,0.99,7.16667,70,14.0833,25.56,26.8702,45.6043,372.655,0
2018-10-23,0,8.83333,0.0,6.66667,72,14.132,19.5717,19.092,46.8261,389.88,0
2018-10-23,1,9.16667,0.0,6.33333,73,7.85333,18.755,12.0209,49.755,380.8,0
2018-10-23,2,9.83333,0.0,6.0,73,6.25,16.95,5.65688,54.391,341.85,0
2018-10-23,3,10.8333,0.0,5.83333,67,5.18667,16.3617,-4.59216,50.0866,340.267,0
2018-10-23,4,11.8333,0.0,5.83333,62,6.49571,18.52,-9.94968,54.0209,275.6,0
2018-10-23,5,13.1667,0.84,6.0,60,6.49,21.3829,-15.6899,48.8791,270.327,0
2018-10-23,6,14.1667,1.68,6.0,72,7.27857,25.3343,-22.1954,53.585,216.0,0
2018-10-23,7,15.0,2.65,6.16667,74,7.21,27.0614,-23.7262,57.2806,196.114,0
2018-10-23,8,16.0,3.62,6.5,78,7.94143,27.5957,-24.4915,59.1283,187.68,0
2018-10-23,9,17.5,3.62,6.66667,78,15.2643,25.62,-25.6396,61.9,180.0,0
2018-10-23,10,19.0,4.97,7.0,77,10.1614,26.03,-21.8128,52.6612,181.425,0
2018-10-23,11,20.8333,5.48,7.33333,76,9.55714,24.6357,-24.8742,60.0522,137.8,0
2018-10-23,12,23.3333,4.64,8.0,75,12.2343,19.4757,-19.8994,48.0418,165.6,0
2018-10-23,13,26.3333,4.79,8.5,74,9.14,11.9671,-22.5781,54.5089,138.986,0
2018-10-23,14,30.3333,3.82,9.16667,74,6.35286,9.37857,-24.8742,60.0522,120.077,0
2018-10-23,15,35.0,4.94,10.0,72,5.95429,10.0657,-29.0837,70.2149,85.9765,0
2018-10-23,16,40.1667,3.59,10.6667,71,5.44143,12.3729,-19.5167,47.1179,117.647,0
2018-10-23,17,44.8333,2.24,11.0,79,4.95,13.4843,-21.0474,50.8134,109.091,0
2018-10-23,18,48.0,2.24,11.1667,78,5.55667,11.9,-21.4301,51.7373,107.143,0
2018-10-23,19,49.6667,1.68,11.3333,73,6.105,17.8917,-21.4301,101.737,60.0,0
2018-10-23,20,50.0,1.68,11.3333,68,8.92429,22.654,0.0,94.0,75.264,0
2018-10-23,21,47.8333,0.56,11.0,65,7.81286,15.7686,31.1128,84.6507,76.3636,0
2018-10-23,22,44.0,0.56,10.6667,64,2.1725,14.6875,57.983,75.7582,94.6909,0
2018-10-23,23,40.0,0.56,10.3333,62,6.32286,14.0833,49.4977,64.6716,120.253,0
2018-10-24,0,37.5,1.12,10.0,61,6.52571,14.132,45.255,52.1917,127.5,0
2018-10-24,1,36.0,1.12,9.66667,61,5.65286,7.85333,47.3764,47.3764,114.562,0
2018-10-24,2,37.6667,1.12,9.16667,61,4.27143,6.25,49.4977,49.4977,111.429,0
2018-10-24,3,38.6667,1.12,8.83333,59,3.75429,5.18667,38.1839,38.1839,111.111,0
2018-10-24,4,41.1667,1.12,8.5,60,3.74714,6.49571,69.2968,69.2968,74.6667,0
2018-10-24,5,43.0,1.12,8.16667,62,3.46714,6.49,74.5352,49.0988,67.9364,0
2018-10-24,6,44.1667,1.12,7.83333,63,3.23857,7.27857,83.1492,34.4412,78.5872,0
2018-10-24,7,45.1667,0.56,7.33333,63,3.99714,7.21,78.5298,32.5278,82.5488,0
2018-10-24,8,42.6667,0.56,7.0,62,2.355,7.94143,76.682,31.7624,85.9714,0
2018-10-24,9,41.6667,0.56,6.83333,59,4.73143,15.2643,65.4564,43.2672,92.839,0
2018-10-24,10,40.0,0.56,6.83333,61,5.64286,10.1614,54.4475,54.4475,97.2923,0
2018-10-24,11,39.3333,0.56,7.16667,56,5.81714,9.55714,53.0332,53.0332,101.463,0
2018-10-24,12,39.8333,0.0,7.5,48,6.35714,12.2343,53.7404,53.7404,94.9622,0
2018-10-24,13,41.5,0.0,8.16667,41,6.69714,9.14,59.3972,59.3972,74.4615,0
2018-10-24,14,43.8333,0.0,9.0,38,5.76286,6.35286,36.0626,36.0626,117.647,0
2018-10-24,15,45.5,0.0,9.5,38,6.45,5.95429,37.4768,37.4768,113.208,0
2018-10-24,16,46.3333,0.0,9.83333,41,9.32714,5.44143,71.4181,71.4181,64.7547,0
2018-10-24,17,45.8333,0.0,9.83333,48,13.1929,4.95,63.6399,63.6399,81.2,0
2018-10-24,18,43.5,0.0,9.66667,55,12.4529,5.55667,55.1546,55.1546,102.4,0
2018-10-24,19,39.1667,0.0,9.16667,59,17.7129,6.105,47.3764,47.3764,126.5,0
2018-10-24,20,32.8333,0.0,8.5,63,23.105,8.92429,39.5982,45.0174,162.581,0
2018-10-24,21,26.5,0.0,7.83333,68,17.5371,7.81286,50.2048,58.8756,167.226,0
2018-10-24,22,21.1667,0.0,7.16667,72,13.49,2.1725,57.2759,68.1144,180.0,0
2018-10-24,23,16.6667,0.0,6.5,74,13.4314,6.32286,35.3555,56.194,280.8,0
2018-10-25,0,13.0,0.0,6.16667,74,13.5467,6.52571,35.3555,65.194,284.928,0
2018-10-25,1,10.5,1.12,6.16667,73,7.10714,5.65286,14.2336,50.4119,357.12,0
2018-10-25,2,9.83333,1.12,6.16667,75,5.88857,4.27143,10.4068,59.6507,320.32,0
2018-10-25,3,10.5,1.12,6.66667,77,4.88714,3.75429,-4.4093,55.9552,312.12,0
2018-10-25,4,11.8333,1.12,7.16667,83,4.61429,3.74714,-11.4804,50.7164,313.6,0
2018-10-25,5,13.8333,2.24,8.0,90,4.92571,3.46714,-8.03628,51.4015,253.08,0
2018-10-25,6,16.0,2.24,8.66667,88,4.12167,3.23857,14.8493,51.4015,203.914,0
2018-10-25,7,18.0,1.91,9.16667,82,4.34167,3.99714,14.8493,59.4015,163.4,0
2018-10-25,8,19.8333,1.91,9.66667,78,4.63,2.355,14.8493,63.4015,153.6,0
2018-10-25,9,21.1667,1.91,9.83333,78,6.32571,4.73143,0.0,66.0,152.727,0
2018-10-25,10,21.8333,1.91,10.1667,75,7.17,5.64286,0.0,66.0,152.727,0
2018-10-25,11,22.0,0.79,10.5,73,6.20714,5.81714,0.0,66.0,152.727,0
2018-10-25,12,22.0,0.79,10.8333,70,7.00714,6.35714,0.0,66.0,152.727,0
2018-10-25,13,22.0,0.48,11.1667,64,7.76571,6.69714,15.5564,64.3254,152.727,0
2018-10-25,14,21.8333,0.48,11.5,59,7.26143,5.76286,31.1128,62.6507,152.727,0
2018-10-25,15,21.6667,0.48,11.6667,56,6.39143,6.45,45.9622,60.0522,158.564,0
2018-10-25,16,21.3333,0.48,11.6667,55,7.49,9.32714,45.255,59.1283,164.509,0
2018-10-25,17,20.8333,0.96,11.5,54,7.85857,13.1929,43.8408,57.2806,171.943,0
2018-10-25,18,20.1667,0.96,11.1667,54,8.35,12.4529,42.4266,55.4328,184.743,0
2018-10-25,19,19.3333,1.37,10.8333,55,8.11571,17.7129,40.3053,52.6612,200.34,0
2018-10-25,20,18.5,1.37,10.5,58,7.02286,23.105,38.1839,49.8895,217.579,0
2018-10-25,21,17.5,1.37,10.3333,58,6.86143,17.5371,36.0626,47.1179,236.733,0
2018-10-25,22,16.6667,2.26,10.0,59,4.29,13.49,46.6693,60.9761,194.133,0
2018-10-25,23,16.0,1.78,9.66667,63,4.34857,13.4314,44.5479,58.2044,209.647,0
