data,timeofday,windspeed6,opady6,temp6,rhumid,index_avg,prev_index_avg,wind_dir_ns,wind_dir_ew,dispel50,is_weekend
2017-11-01,1,6.66667,0.0,2.0,83,48.2981,38.3509,14.8493,53.4015,450.3,1
2017-11-01,2,6.66667,0.0,2.16667,84,42.4264,38.055,14.8493,59.4015,433.5,1
2017-11-01,3,7.0,0.0,2.5,79,32.6221,36.3652,6.36399,57.3149,435.2,1
2017-11-01,4,7.83333,0.0,3.0,78,25.6095,34.817,0.0,59.0,420.0,1
2017-11-01,5,8.33333,0.0,3.66667,83,21.2163,30.9876,-3.8268,51.2388,419.76,1
2017-11-01,6,8.66667,0.0,4.16667,81,20.8981,29.3816,-7.27092,54.5537,360.0,1
2017-11-01,7,9.0,0.76,4.5,81,21.2204,28.5906,-7.27092,50.5537,367.2,1
2017-11-01,8,9.16667,0.76,4.83333,82,20.6957,28.3752,-7.27092,52.5537,366.667,1
2017-11-01,9,10.0,0.76,5.16667,81,20.1197,24.3186,-11.0977,52.7925,363.0,1
2017-11-01,10,10.1667,0.76,5.5,75,22.4797,19.7288,-11.0977,57.7925,300.0,1
2017-11-01,11,10.5,0.76,6.0,67,22.5889,13.9306,-8.03628,50.4015,319.2,1
2017-11-01,12,11.0,0.76,6.66667,60,22.0487,9.39021,-12.2458,52.5642,278.25,1
2017-11-01,13,11.8333,0.0,7.5,57,22.2269,9.05542,-16.4552,54.7268,262.08,1
2017-11-01,14,12.3333,0.0,8.16667,56,23.8458,10.1292,-17.6033,57.4985,276.48,1
2017-11-01,15,11.0,0.48,8.5,60,26.8278,14.2427,-22.5781,54.5089,260.945,1
2017-11-01,16,10.3333,0.48,8.66667,71,33.2498,25.034,-21.0474,50.8134,305.455,1
2017-11-01,17,9.83333,0.48,8.5,75,36.3372,37.2715,-19.5167,47.1179,353.455,1
2017-11-01,18,9.0,0.48,8.16667,75,38.1869,48.3417,-22.5781,54.5089,323.345,1
2017-11-01,19,8.5,0.48,7.66667,72,39.9095,54.5261,-22.6113,48.5889,403.015,1
2017-11-01,20,7.83333,0.48,7.5,69,39.0442,59.56,-24.7076,43.6496,440.677,1
2017-11-01,21,8.16667,0.0,7.33333,67,37.0623,63.8146,-31.0716,50.0135,396.277,1
2017-11-01,22,8.5,0.43,7.16667,71,14.35,63.0488,-32.4607,44.3671,375.943,1
2017-11-02,0,9.0,0.86,7.16667,75,3.0,18.34,-38.7206,33.8498,367.2,0
2017-11-02,1,9.0,0.86,7.33333,76,15.5586,48.2981,-41.869,32.6686,376.32,0
2017-11-02,2,8.66667,0.86,7.33333,75,12.6568,42.4264,-41.869,32.6686,366.667,0
2017-11-02,3,8.33333,0.86,7.5,76,10.954,32.6221,-40.4548,31.2544,395.2,0
2017-11-02,4,8.33333,0.73,7.66667,78,10.9605,25.6095,-43.1336,37.7216,360.0,0
2017-11-02,5,7.83333,0.3,7.83333,76,13.1593,21.2163,-43.1336,37.7216,360.0,0
2017-11-02,6,7.33333,0.6,8.0,83,18.138,20.8981,-39.0657,36.9009,402.8,0
2017-11-02,7,6.16667,0.6,7.83333,89,20.7023,21.2204,-32.6641,38.0761,453.6,0
2017-11-02,8,5.66667,0.6,7.83333,84,24.525,20.6957,-33.8122,40.8478,469.05,0
2017-11-02,9,6.16667,0.6,8.0,77,24.0102,20.1197,-27.9519,41.4819,559.32,0
2017-11-02,10,6.5,0.58,8.33333,73,26.4438,22.4797,-30.1196,38.2376,528.0,0
2017-11-02,11,7.66667,0.58,8.83333,68,29.1109,22.5889,-14.1698,33.2878,454.629,0
2017-11-02,12,9.5,0.56,9.66667,64,27.9407,22.0487,7.87296,20.4566,432.0,0
2017-11-02,13,11.8333,1.5,10.6667,68,26.6374,22.2269,29.2305,7.52232,240.0,0
2017-11-02,14,13.0,2.44,11.6667,64,30.4759,23.8458,57.0,0.0,217.964,0
2017-11-02,15,12.6667,2.44,12.3333,66,34.7959,26.8278,57.0,0.0,232.615,0
2017-11-02,16,11.6667,2.87,12.6667,71,42.2198,33.2498,52.0,0.0,297.6,0
2017-11-02,17,10.8333,2.87,12.6667,86,51.594,36.3372,57.0,0.0,323.025,0
2017-11-02,18,9.33333,2.59,12.1667,86,61.28,38.1869,65.0,0.0,309.825,0
2017-11-02,19,8.0,2.44,11.6667,83,55.4023,39.9095,56.0,0.0,413.365,0
2017-11-02,20,7.33333,1.5,11.0,83,52.1907,39.0442,65.0,0.0,381.741,0
2017-11-02,21,7.83333,1.5,10.5,81,50.9887,37.0623,55.0,0.0,439.855,0
2017-11-02,22,8.83333,0.79,10.1667,74,53.44,14.35,54.1627,4.20948,405.45,0
2017-11-03,0,9.0,1.58,9.66667,80,26.35,3.0,45.1835,19.9154,393.6,0
2017-11-03,1,8.83333,1.65,9.5,77,51.7367,15.5586,38.1835,29.9154,366.667,0
2017-11-03,2,9.16667,1.65,9.16667,76,51.5267,12.6568,29.1835,37.9154,361.029,0
2017-11-03,3,9.16667,1.65,8.83333,80,49.5039,10.954,22.1835,46.9154,372.655,0
2017-11-03,4,9.33333,2.51,8.5,78,47.9073,10.9605,12.0209,53.706,372.655,0
2017-11-03,5,9.83333,1.72,8.33333,74,46.6607,13.1593,4.24266,55.5433,300.0,0
2017-11-03,6,10.0,1.72,8.0,82,48.0156,18.138,6.36399,58.3149,312.12,0
2017-11-03,7,10.5,0.86,7.83333,84,50.9664,20.7023,14.1422,50.4776,326.8,0
2017-11-03,8,10.5,0.86,7.83333,81,49.4496,24.525,14.1422,52.4776,317.127,0
2017-11-03,9,10.3333,1.6,7.83333,84,48.0265,24.0102,14.1422,50.4776,348.0,0
2017-11-03,10,10.1667,0.74,8.0,88,44.7227,26.4438,14.1422,60.4776,300.0,0
2017-11-03,11,10.0,0.74,8.16667,84,37.3463,29.1109,15.5564,50.3254,341.127,0
2017-11-03,12,9.5,0.74,8.66667,83,28.3436,27.9407,15.5564,58.3254,311.564,0
2017-11-03,13,9.5,0.74,9.0,80,25.6573,26.6374,13.4351,53.8196,347.564,0
2017-11-03,14,9.83333,1.22,9.33333,81,24.1241,30.4759,21.2133,50.5978,325.867,0
2017-11-03,15,9.83333,0.48,9.5,84,31.5283,34.7959,28.9915,49.376,312.12,0
2017-11-03,16,9.5,0.48,9.5,84,47.0476,42.2198,36.0626,46.4471,323.345,0
2017-11-03,17,9.16667,0.48,9.5,84,54.7005,51.594,34.6484,42.6484,313.65,0
2017-11-03,18,8.5,0.48,9.16667,84,53.4862,61.28,40.1917,36.9445,341.85,0
2017-11-03,19,7.33333,0.48,8.83333,85,56.258,55.4023,37.3632,34.116,425.455,0
2017-11-03,20,6.5,0.0,8.5,87,60.0066,52.1907,37.3632,38.116,439.855,0
2017-11-03,21,5.83333,0.48,8.16667,91,62.7667,50.9887,41.6059,42.3587,420.0,0
2017-11-03,22,5.33333,0.48,7.83333,89,67.33,53.44,33.8277,40.5805,492.0,0
2017-11-04,0,5.33333,0.48,7.16667,91,45.25,26.35,26.0495,43.8023,544.32,1
2017-11-04,1,5.0,0.48,6.83333,89,57.6584,51.7367,18.9784,41.7312,618.667,1
2017-11-04,2,4.5,0.48,6.5,90,55.6218,51.5267,18.9784,43.7312,649.6,1
2017-11-04,3,4.0,0.0,6.16667,88,53.2972,49.5039,18.9784,46.7312,657.2,1
2017-11-04,4,3.5,0.0,5.83333,91,51.8071,47.9073,17.8303,49.5028,660.0,1
2017-11-04,5,3.16667,0.48,5.5,88,51.8387,46.6607,8.6947,44.2869,731.4,1
2017-11-04,6,3.33333,0.48,5.16667,82,50.6198,48.0156,5.92306,43.1388,720.0,1
2017-11-04,7,3.5,0.48,5.0,89,51.8756,50.9664,-4.74474,32.471,717.6,1
2017-11-04,8,3.33333,0.48,4.5,100,45.9918,49.4496,-5.89278,25.6994,781.0,1
2017-11-04,9,4.0,0.48,4.66667,100,35.42,48.0265,-7.307,24.2852,795.0,1
2017-11-04,10,4.33333,0.48,5.16667,87,29.3984,44.7227,-4.54966,20.0425,769.6,1
2017-11-04,11,4.83333,0.0,6.16667,70,24.5967,37.3463,-6.46306,9.4231,795.0,1
2017-11-04,12,4.83333,0.0,7.5,60,22.0402,28.3436,-0.46306,3.4231,773.76,1
2017-11-04,13,5.33333,0.0,9.0,58,22.3191,25.6573,5.53694,-1.5769,746.64,1
2017-11-04,14,6.5,0.0,10.8333,54,24.4425,24.1241,-0.00633973,-6.28082,660.0,1
2017-11-04,15,6.83333,0.0,11.8333,61,33.4024,31.5283,-2.45065,-6.83651,540.0,1
2017-11-04,16,7.5,0.0,12.3333,68,48.2962,47.0476,-5.69785,-3.58931,480.0,1
2017-11-04,17,7.83333,0.0,12.0,77,56.8031,54.7005,-11.4505,-2.84757,420.0,1
2017-11-04,18,7.83333,0.0,11.1667,81,51.9381,53.4862,-23.9282,-1.28961,413.4,1
2017-11-04,19,8.16667,0.0,10.0,81,47.0513,56.258,-35.4714,-3.58569,413.4,1
2017-11-04,20,8.5,0.0,9.0,70,44.7907,60.0066,-47.1283,-9.24257,377.4,1
2017-11-04,21,8.5,0.0,8.16667,74,39.9972,62.7667,-24.221,-17.9026,409.867,1
2017-11-04,22,8.33333,0.0,7.5,74,17.96,67.33,-6.90612,-14.4585,409.867,1
2017-11-05,0,8.5,0.0,7.0,73,6.51,45.25,17.4088,-11.0144,360.0,1
2017-11-05,1,8.33333,0.0,6.83333,75,23.6402,57.6584,37.3431,-5.65688,401.85,1
2017-11-05,2,7.83333,0.0,6.5,71,22.3009,55.6218,44.3431,-5.65688,360.0,1
2017-11-05,3,7.66667,0.0,6.33333,75,17.8725,53.2972,58.0,0.0,398.945,1
2017-11-05,4,7.66667,0.0,6.16667,82,17.9435,51.8071,55.0,0.0,417.6,1
2017-11-05,5,7.66667,0.0,6.33333,83,20.8068,51.8387,54.0,0.0,421.2,1
2017-11-05,6,7.83333,0.0,6.16667,83,25.6653,50.6198,54.0,0.0,421.2,1
2017-11-05,7,8.0,0.0,6.16667,87,28.5104,51.8756,54.0,0.0,408.857,1
2017-11-05,8,8.5,0.0,6.5,78,28.5294,45.9918,55.0,0.0,392.229,1
2017-11-05,9,9.0,0.0,7.0,69,25.4215,35.42,51.0,0.0,401.85,1
2017-11-05,10,9.83333,0.0,7.83333,59,24.2683,29.3984,32.8373,-4.20948,356.4,1
2017-11-05,11,10.6667,0.0,8.5,60,25.8683,24.5967,4.82688,-9.18432,333.45,1
2017-11-05,12,11.6667,0.0,9.5,54,29.8304,22.0402,9.82688,-9.18432,265.2,1
2017-11-05,13,12.6667,0.0,10.6667,54,31.68,22.3191,-22.1074,-14.5418,281.455,1
2017-11-05,14,13.1667,0.0,11.5,56,34.3681,24.4425,2.05524,-10.3324,261.415,1
2017-11-05,15,13.6667,0.0,12.0,61,37.3994,33.4024,1.13136,-10.715,251.631,1
2017-11-05,16,13.6667,0.0,12.0,57,41.5064,48.2962,-24.803,-16.0726,248.571,1
2017-11-05,17,13.0,0.0,11.8333,64,43.5311,56.8031,-23.8791,-15.6899,257.914,1
2017-11-05,18,12.3333,0.0,11.3333,66,43.5953,51.9381,-32.194,-19.134,240.0,1
2017-11-05,19,12.6667,0.0,10.6667,66,41.6828,47.0513,-53.2651,-26.2051,277.714,1
2017-11-05,20,12.3333,0.0,10.0,68,40.1918,44.7907,-24.3308,-20.8476,258.514,1
2017-11-05,21,11.6667,0.0,9.33333,71,38.3163,39.9972,-22.483,-20.0822,269.077,1
2017-11-05,22,11.5,0.0,9.0,66,30.77,17.96,-0.472579,-15.1074,263.467,1
2017-11-06,0,11.3333,0.0,8.66667,67,15.66,6.51,38.9134,-4.59216,275.4,0
2017-11-06,1,10.1667,0.0,8.5,69,34.5425,23.6402,17.3702,-6.88824,348.0,0
2017-11-06,2,9.33333,0.0,8.33333,71,34.4072,22.3009,26.3702,-6.88824,311.1,0
2017-11-06,3,8.5,0.0,8.16667,73,34.8311,17.8725,44.4567,-2.29608,349.92,0
2017-11-06,4,7.0,0.0,7.83333,76,35.3671,17.9435,39.4567,-2.29608,433.1,0
2017-11-06,5,6.33333,0.0,7.5,79,36.8674,20.8068,36.6851,-3.44412,464.0,0
2017-11-06,6,6.16667,0.0,7.0,80,38.8528,25.6653,44.6851,-3.44412,420.0,0
2017-11-06,7,5.5,0.0,6.66667,82,41.0888,28.5104,37.6851,-3.44412,518.7,0
2017-11-06,8,5.16667,0.0,6.5,78,43.7263,28.5294,33.0657,-5.35752,509.6,0
2017-11-06,9,4.66667,0.0,6.66667,70,40.0537,25.4215,17.5301,-8.89307,540.6,0
2017-11-06,10,4.16667,0.0,7.16667,66,36.3333,24.2683,16.1159,-10.3073,561.0,0
2017-11-06,11,3.66667,0.0,8.33333,55,36.5706,25.8683,16.1159,-10.3073,622.2,0
2017-11-06,12,4.33333,0.0,9.66667,54,36.1094,29.8304,26.6592,-8.01121,696.667,0
2017-11-06,13,4.83333,0.0,11.0,56,36.5242,31.68,9.34427,-4.56709,663.257,0
2017-11-06,14,5.16667,0.0,12.0,61,42.4835,34.3681,-5.04677,-1.50565,600.0,0
2017-11-06,15,5.5,0.0,12.6667,69,54.2682,37.3994,-0.275129,-0.35761,615.6,0
2017-11-06,16,6.66667,0.0,12.6667,81,70.138,41.5064,3.42039,-1.88833,600.0,0
2017-11-06,17,7.0,0.0,12.0,96,84.8734,43.5311,-3.11245,-4.56709,610.56,0
2017-11-06,18,6.66667,0.0,10.8333,98,94.9021,43.5953,6.45672,-7.60346,563.04,0
2017-11-06,19,5.5,0.0,9.5,87,97.6841,41.6828,16.3563,-7.60346,440.64,0
2017-11-06,20,4.66667,0.0,8.16667,100,99.9363,40.1918,17.2801,-7.98614,480.0,0
2017-11-06,21,4.83333,0.0,7.0,92,102.057,38.3163,14.1279,-8.7515,600.4,0
2017-11-06,22,4.0,0.0,6.0,92,86.48,30.77,17.6635,-5.21595,575.467,0
2017-11-07,0,2.66667,0.0,4.66667,95,48.67,15.66,29.5139,-5.12452,701.25,0
2017-11-07,1,3.0,0.0,4.33333,94,77.6998,34.5425,31.6353,-3.00319,702.0,0
2017-11-07,2,3.0,0.0,4.5,98,72.1248,34.4072,41.7979,-4.91659,796.8,0
2017-11-07,3,2.5,0.0,4.66667,89,69.5273,34.8311,43.7979,-4.91659,814.629,0
2017-11-07,4,2.66667,0.0,5.0,86,68.8826,35.3671,45.7979,-4.91659,829.029,0
2017-11-07,5,2.5,0.0,5.33333,84,71.9898,36.8674,41.7979,-4.91659,874.5,0
2017-11-07,6,2.33333,0.0,5.66667,75,76.8882,38.8528,43.7979,-4.91659,872.1,0
2017-11-07,7,2.33333,0.0,6.0,83,79.4484,41.0888,41.9502,-4.15123,998.4,0
2017-11-07,8,3.0,0.0,6.16667,80,80.3337,43.7263,44.7218,-5.29927,981.257,0
2017-11-07,9,3.66667,0.0,6.33333,79,74.6206,40.0537,42.4973,-6.86317,1009.03,0
2017-11-07,10,4.83333,0.0,6.5,78,63.4643,36.3333,37.5475,-7.9134,1037.14,0
2017-11-07,11,5.83333,0.0,6.83333,72,55.3214,36.5706,29.8261,-11.8156,864.96,0
2017-11-07,12,6.66667,0.0,7.16667,67,54.1478,36.1094,24.8764,-24.7654,720.0,0
2017-11-07,13,7.83333,0.0,7.5,67,56.7041,36.5242,17.8621,-37.1561,642.6,0
2017-11-07,14,8.83333,0.0,7.66667,69,60.6165,42.4835,12.6889,-46.3949,420.0,0
2017-11-07,15,9.66667,0.0,7.83333,78,65.1332,54.2682,3.8268,-52.2388,349.8,0
2017-11-07,16,9.5,0.0,7.66667,81,67.499,70.138,11.605,-54.017,324.48,0
2017-11-07,17,9.5,0.0,7.33333,87,69.0021,84.8734,15.0491,-52.3319,313.65,0
2017-11-07,18,9.5,0.0,7.0,91,71.1671,94.9021,15.0491,-52.3319,300.0,0
2017-11-07,19,9.16667,0.0,6.5,94,73.3453,97.6841,17.7279,-51.7991,337.08,0
2017-11-07,20,8.5,0.0,6.0,97,72.9913,99.9363,16.9625,-49.9513,381.9,0
2017-11-07,21,7.5,0.0,5.16667,99,69.67,102.057,20.024,-45.3424,425.455,0
2017-11-07,22,6.83333,0.0,4.83333,90,64.9295,86.48,20.024,-50.3424,426.0,0
2017-11-08,0,7.0,0.0,4.16667,87,16.93,48.67,12.2458,-55.5642,435.2,0
2017-11-08,1,7.0,0.0,4.0,84,47.2042,77.6998,8.80164,-55.2492,436.05,0
2017-11-08,2,7.0,0.0,3.66667,87,46.1573,72.1248,8.80164,-55.2492,420.0,0
2017-11-08,3,7.33333,0.0,3.66667,91,43.2644,69.5273,9.18432,-56.1731,420.0,0
2017-11-08,4,7.5,0.0,3.5,84,39.4684,68.8826,6.12288,-55.7821,436.05,0
2017-11-08,5,7.33333,0.0,3.33333,81,38.6906,71.9898,0.76536,-53.9343,420.0,0
2017-11-08,6,7.66667,0.0,3.33333,84,39.1063,76.8882,0.76536,-50.9343,453.6,0
2017-11-08,7,8.0,0.0,3.33333,85,39.9364,79.4484,0.76536,-52.9343,421.2,0
2017-11-08,8,8.33333,0.0,3.5,89,39.7696,80.3337,-3.06144,-54.1731,390.0,0
2017-11-08,9,8.83333,0.0,4.16667,78,39.2791,74.6206,-10.1325,-53.2442,360.0,0
2017-11-08,10,10.1667,0.0,5.0,73,39.2983,63.4643,-17.0208,-48.092,349.8,0
2017-11-08,11,11.3333,0.0,5.83333,67,40.0878,55.3214,-14.7247,-49.5487,309.12,0
2017-11-08,12,11.8333,0.0,6.66667,67,40.8743,54.1478,-14.7247,-53.5487,262.08,0
2017-11-08,13,12.1667,0.0,7.66667,65,41.333,56.7041,-8.80164,-49.2492,276.12,0
2017-11-08,14,12.5,0.0,8.5,65,43.04,60.6165,-4.97484,-52.0104,277.114,0
2017-11-08,15,12.8333,0.0,8.33333,86,45.9673,65.1332,-4.97484,-50.0104,297.0,0
2017-11-08,16,12.3333,0.0,8.0,83,53.0989,67.499,-4.97484,-62.0104,249.171,0
2017-11-08,17,11.1667,0.0,7.66667,94,58.0634,69.0021,-4.97484,-59.0104,269.077,0
2017-11-08,18,10.0,0.0,7.0,93,68.1388,71.1671,0.0,-54.0,324.8,0
2017-11-08,19,9.0,0.0,6.16667,86,77.7349,73.3453,0.0,-60.0,322.4,0
2017-11-08,20,7.66667,0.0,5.33333,90,83.019,72.9913,-4.24266,-52.2427,394.4,0
2017-11-08,21,6.33333,0.0,4.83333,98,83.5467,69.67,-4.24266,-56.2427,410.4,0
2017-11-08,22,5.16667,0.0,4.16667,94,88.01,64.9295,-1.41422,-59.0711,420.0,0
2017-11-09,0,3.66667,0.0,2.83333,95,46.44,16.93,0.88186,-52.6144,571.2,0
2017-11-09,1,3.33333,0.0,2.16667,91,81.8848,47.2042,1.64722,-54.4621,604.8,0
2017-11-09,2,2.83333,0.0,1.66667,97,76.3971,46.1573,3.17794,-58.1577,600.0,0
2017-11-09,3,2.33333,0.0,1.5,97,72.4545,43.2644,3.56062,-47.0815,785.455,0
2017-11-09,4,2.5,0.0,1.5,93,70.7921,39.4684,3.56062,-48.0815,836.727,0
2017-11-09,5,2.5,0.0,1.5,92,71.3303,38.6906,5.47402,-52.7009,801.164,0
2017-11-09,6,2.5,0.0,1.83333,89,71.6424,39.1063,6.23938,-54.5487,822.545,0
2017-11-09,7,2.33333,0.0,2.16667,92,75.4455,39.9364,8.08714,-55.3141,840.0,0
2017-11-09,8,2.5,0.0,2.5,90,75.0482,39.7696,10.2085,-41.5424,944.229,0
2017-11-09,9,2.5,0.0,3.0,83,72.8187,39.2791,9.44311,-39.6947,953.829,0
2017-11-09,10,2.16667,0.0,3.66667,81,74.52,39.2983,9.06043,-38.7708,987.943,0
2017-11-09,11,2.83333,0.0,4.5,77,75.0462,40.0878,9.06043,-28.7708,1080.0,0
2017-11-09,12,3.5,0.0,5.33333,74,75.0664,40.8743,9.06043,-16.7708,1080.0,0
2017-11-09,13,4.0,0.0,6.16667,75,76.8154,41.333,17.5457,-8.28546,1029.6,0
2017-11-09,14,4.5,0.0,7.16667,74,77.6717,43.04,17.5457,1.71454,960.0,0
2017-11-09,15,5.0,0.0,7.66667,79,83.0384,45.9673,13.1866,13.2385,948.6,0
2017-11-09,16,5.16667,0.0,7.83333,81,89.2795,53.0989,14.4843,19.7625,938.1,0
2017-11-09,17,4.83333,0.0,7.66667,88,97.7175,58.0634,16.6491,24.9887,840.0,0
2017-11-09,18,4.16667,0.0,7.33333,93,102.838,68.1388,19.0949,29.741,836.16,0
2017-11-09,19,3.66667,0.0,7.0,88,105.585,77.7349,20.5091,31.1552,840.0,0
2017-11-09,20,3.5,0.0,6.66667,86,104.958,83.019,19.9517,39.7437,826.2,0
2017-11-09,21,3.5,0.0,6.5,84,101.848,83.5467,20.9323,44.2046,780.0,0
2017-11-09,22,3.5,0.0,6.5,91,76.67,88.01,19.959,42.6613,728.0,0
2017-11-10,0,4.16667,0.0,6.5,91,54.12,46.44,16.8976,47.0524,720.0,0
2017-11-10,1,4.16667,0.0,6.33333,92,78.407,81.8848,11.3543,43.3484,720.0,0
2017-11-10,2,4.5,0.0,6.16667,94,75.1338,76.3971,4.34003,40.2538,795.0,0
2017-11-10,3,4.33333,0.0,5.83333,94,68.8815,72.4545,-1.20325,36.5499,773.76,0
2017-11-10,4,4.5,0.0,5.66667,87,62.2009,70.7921,-3.97489,32.6979,810.9,0
2017-11-10,5,4.66667,0.0,5.66667,87,62.2056,71.3303,-8.71673,34.4889,780.0,0
2017-11-10,6,4.66667,0.0,5.66667,78,64.7322,71.6424,-12.4122,37.9582,749.7,0
2017-11-10,7,5.0,0.48,5.83333,83,65.4741,75.4455,-16.6549,39.7155,660.0,0
2017-11-10,8,4.66667,0.48,5.83333,85,66.3213,75.0482,-23.5181,38.5181,683.7,0
2017-11-10,9,5.0,0.48,6.16667,81,62.2715,72.8187,-25.0488,38.2136,683.7,0
2017-11-10,10,5.66667,0.96,6.5,76,50.3049,74.52,-25.4315,39.1375,655.2,0
2017-11-10,11,6.5,0.96,7.0,67,38.2458,75.0462,-26.6724,36.59,603.2,0
2017-11-10,12,7.0,0.96,7.66667,61,37.1087,75.0664,-25.4286,40.217,510.0,0
2017-11-10,13,8.16667,0.48,8.33333,57,35.7896,76.8154,-29.0585,37.8937,461.76,0
2017-11-10,14,8.5,0.96,9.0,64,39.0913,77.6717,-37.5438,35.379,379.44,0
2017-11-10,15,8.66667,0.96,9.33333,63,41.792,83.0384,-38.3423,31.3067,375.84,0
2017-11-10,16,7.66667,0.96,9.33333,66,42.9866,89.2795,-36.4289,32.6873,395.2,0
2017-11-10,17,7.16667,0.96,9.16667,74,43.4793,97.7175,-37.577,35.459,417.6,0
2017-11-10,18,7.16667,0.96,8.66667,69,47.3805,102.838,-34.2118,36.9646,458.28,0
2017-11-10,19,6.66667,0.96,8.33333,58,50.4961,105.585,-35.4556,33.3376,463.6,0
2017-11-10,20,7.33333,0.96,7.83333,65,49.7947,104.958,-35.4556,33.3376,492.0,0
2017-11-10,21,8.0,0.96,7.33333,68,15.15,101.848,-44.6944,37.1644,420.0,0
2017-11-10,22,9.16667,0.48,7.0,70,28.56,76.67,-41.2052,28.2633,395.2,0
2017-11-11,0,9.33333,0.96,6.83333,66,11.22,54.12,-52.6612,21.8128,325.867,1
2017-11-11,1,9.33333,0.96,6.66667,69,24.6239,78.407,-51.7373,21.4301,339.2,1
2017-11-11,2,9.5,1.5,6.66667,67,18.8823,75.1338,-51.7373,21.4301,349.92,1
2017-11-11,3,9.5,2.52,6.83333,73,11.5134,68.8815,-52.6612,21.8128,337.08,1
2017-11-11,4,10.1667,2.52,6.83333,75,7.79386,62.2009,-52.6612,21.8128,337.08,1
2017-11-11,5,10.5,2.52,6.83333,74,8.11911,62.2056,-40.465,27.4762,319.2,1
2017-11-11,6,10.6667,2.04,6.83333,77,6.94591,64.7322,-37.2834,34.5774,288.0,1
2017-11-11,7,10.8333,2.98,6.66667,82,7.67778,65.4741,-32.4126,39.4482,305.455,1
2017-11-11,8,11.1667,1.96,6.5,81,13.5318,66.3213,-22.2499,45.2387,309.12,1
2017-11-11,9,12.3333,0.94,6.33333,79,12.9353,62.2715,-17.986,53.4224,307.8,1
2017-11-11,10,12.0,0.94,6.5,74,8.45467,50.3049,-19.134,56.194,250.364,1
2017-11-11,11,12.6667,1.47,6.5,66,10.2156,38.2458,-16.0726,48.803,264.48,1
2017-11-11,12,13.6667,1.47,6.66667,55,9.86978,37.1087,-16.0726,53.803,232.615,1
2017-11-11,13,14.3333,0.53,6.83333,60,12.6156,35.7896,-11.0977,56.7925,241.553,1
2017-11-11,14,14.8333,0.53,7.0,57,16.3527,39.0913,-4.59216,55.0866,235.2,1
2017-11-11,15,14.0,0.53,7.0,54,19.6349,41.792,0.0,60.0,220.0,1
2017-11-11,16,12.8333,1.01,6.66667,74,30.914,42.9866,0.0,57.0,245.92,1
2017-11-11,17,11.6667,0.48,6.66667,59,39.6314,43.4793,-1.9134,61.6194,267.12,1
2017-11-11,18,11.3333,0.96,6.16667,67,37.4702,47.3805,-4.97484,54.0104,328.714,1
2017-11-11,19,10.3333,0.96,5.66667,73,32.18,50.4961,-9.94968,52.0209,353.4,1
2017-11-11,20,9.0,0.96,5.16667,71,29.5309,49.7947,-1.94968,52.0209,340.2,1
2017-11-11,21,8.83333,0.96,4.83333,66,10.58,15.15,-9.34072,39.0823,394.4,1
2017-11-11,22,9.16667,0.96,4.66667,64,19.62,28.56,-17.1189,34.8605,336.96,1
2017-11-12,0,7.83333,0.96,3.5,64,7.4,11.22,-11.0939,27.7999,415.385,1
2017-11-12,1,7.33333,0.96,3.33333,64,17.3309,24.6239,-4.09386,27.7999,396.277,1
2017-11-12,2,7.5,3.25,3.0,89,11.5198,18.8823,5.88098,15.7894,453.6,1
2017-11-12,3,7.33333,5.54,3.0,83,11.9605,11.5134,6.88098,15.7894,437.25,1
2017-11-12,4,8.16667,5.06,3.0,83,13.9713,7.79386,24.272,12.728,439.855,1
2017-11-12,5,8.66667,5.06,3.16667,80,12.3052,8.11911,23.5649,13.4351,375.943,1
2017-11-12,6,8.5,4.58,3.33333,81,10.9477,6.94591,14.1998,11.9294,377.143,1
2017-11-12,7,8.66667,4.58,3.5,89,16.7684,7.67778,2.9571,16.1721,375.84,1
2017-11-12,8,8.66667,2.29,3.83333,83,22.9739,13.5318,-2.0429,22.1721,395.2,1
2017-11-12,9,8.33333,0.48,4.0,78,21.9987,12.9353,-11.0429,31.1721,403.68,1
2017-11-12,10,8.16667,0.48,4.16667,76,23.4332,8.45467,-5.38602,38.5631,360.0,1
2017-11-12,11,8.16667,0.96,4.5,69,23.1235,10.2156,-7.60781,46.3414,372.3,1
2017-11-12,12,8.5,0.96,4.83333,65,22.1104,9.86978,0.87751,46.856,374.0,1
2017-11-12,13,8.83333,0.96,5.16667,66,18.6943,12.6156,13.4351,47.1693,385.0,1
2017-11-12,14,8.16667,0.96,5.33333,69,19.7191,16.3527,13.4351,49.1693,380.8,1
2017-11-12,15,8.33333,0.48,5.33333,70,34.6991,19.6349,9.89954,52.7048,374.0,1
2017-11-12,16,7.33333,0.96,5.16667,73,50.9084,30.914,6.45542,52.0197,360.0,1
2017-11-12,17,7.0,0.48,5.0,77,51.8753,39.6314,0.79854,49.6287,439.855,1
2017-11-12,18,7.66667,0.96,4.83333,68,45.0581,37.4702,-13.4468,39.1717,479.467,1
2017-11-12,19,9.16667,0.96,4.66667,67,36.8742,32.18,-18.039,19.0851,421.2,1
2017-11-12,20,10.6667,0.96,4.66667,72,27.7104,29.5309,-18.039,-13.9149,300.0,1
2017-11-12,21,10.5,1.7,4.83333,79,25.6304,10.58,-11.0593,-39.7653,240.0,1
2017-11-12,22,11.5,1.22,5.16667,82,19.68,19.62,-10.249,-47.7434,286.7,1
2017-11-13,0,11.5,1.7,5.66667,89,16.51,7.4,-20.029,-51.029,292.518,0
2017-11-13,1,10.1667,1.7,5.83333,89,20.5498,17.3309,-23.0905,-41.4201,361.371,0
2017-11-13,2,9.33333,1.7,6.0,89,20.6936,11.5198,-29.4545,-47.7841,331.629,0
2017-11-13,3,9.33333,1.32,6.0,87,22.0854,11.9605,-32.8986,-42.099,327.6,0
2017-11-13,4,8.83333,1.68,6.16667,86,26.4273,13.9713,-27.2417,-44.4421,360.0,0
2017-11-13,5,8.0,1.56,6.33333,85,29.3681,12.3052,-22.7359,-45.8895,398.618,0
2017-11-13,6,7.83333,1.44,6.33333,87,32.8923,10.9477,-22.7359,-51.8895,385.745,0
2017-11-13,7,8.0,1.44,6.33333,88,32.2776,16.7684,-15.8477,-48.194,405.45,0
2017-11-13,8,7.16667,1.44,6.5,86,32.9838,22.9739,-5.71513,-31.5641,388.267,0
2017-11-13,9,6.66667,1.08,6.66667,81,41.4047,21.9987,-0.88186,-28.8957,463.6,0
2017-11-13,10,6.66667,2.73,6.66667,85,48.6698,23.4332,-2.79526,-33.5151,450.667,0
2017-11-13,11,7.83333,6.41,6.5,91,42.394,23.1235,0.64886,-17.2002,452.4,0
2017-11-13,12,9.0,6.05,6.5,86,27.5361,22.1104,6.30574,9.45672,413.4,0
2017-11-13,13,9.5,6.05,6.33333,82,24.9959,18.6943,13.5265,34.8582,376.32,0
2017-11-13,14,11.3333,6.05,5.83333,81,28.982,19.7191,17.1786,41.3254,274.56,0
2017-11-13,15,13.0,6.05,5.33333,76,35.9104,34.6991,29.6986,51.803,251.631,0
2017-11-13,16,13.8333,4.55,4.66667,81,47.2011,50.9084,40.3053,52.6612,239.4,0
2017-11-13,17,13.1667,0.51,4.16667,81,53.8984,51.8753,39.5982,51.7373,242.031,0
2017-11-13,18,12.3333,0.51,3.66667,79,55.8933,45.0581,36.7697,48.0418,292.32,0
2017-11-13,19,11.8333,1.53,3.33333,80,56.4797,36.8742,43.1337,54.4058,276.48,0
2017-11-13,20,10.8333,2.55,3.16667,85,62.0207,27.7104,39.5982,47.6186,325.68,0
2017-11-13,21,9.83333,2.55,3.0,83,65.8227,25.6304,45.9622,55.9336,300.0,0
2017-11-13,22,8.66667,2.04,2.83333,84,60.21,19.68,41.7195,50.3903,343.938,0
2017-11-14,0,7.66667,3.06,2.5,88,28.62,16.51,32.5271,50.3798,374.0,0
2017-11-14,1,7.16667,2.04,2.33333,86,60.1619,20.5498,30.4057,47.6082,417.6,0
2017-11-14,2,6.83333,1.02,2.33333,90,54.9198,20.6936,28.9915,47.7114,458.28,0
2017-11-14,3,6.5,1.02,2.33333,82,49.9859,22.0854,33.9413,54.1785,420.0,0
2017-11-14,4,6.66667,1.02,2.5,80,47.394,26.4273,26.8702,54.1074,450.667,0
2017-11-14,5,7.16667,1.02,2.66667,82,46.1362,29.3681,25.456,52.2597,482.4,0
2017-11-14,6,7.16667,0.0,2.83333,77,46.7962,32.8923,25.456,50.3088,438.6,0
2017-11-14,7,7.0,0.0,2.83333,79,48.4622,32.2776,29.6986,49.852,438.6,0
2017-11-14,8,7.0,0.0,2.83333,79,48.3798,32.9838,33.9413,49.3953,438.6,0
2017-11-14,9,7.33333,0.0,2.83333,76,42.1256,41.4047,34.6484,48.8018,437.143,0
2017-11-14,10,7.83333,0.0,3.0,74,32.7308,48.6698,31.1128,44.1824,460.8,0
2017-11-14,11,8.0,0.0,3.16667,70,22.5466,42.394,38.1839,44.2535,408.857,0
2017-11-14,12,8.5,0.0,3.5,62,18.8608,27.5361,40.3053,47.0251,388.267,0
2017-11-14,13,8.83333,0.0,4.0,61,21.6118,24.9959,36.0626,41.4819,385.0,0
2017-11-14,14,9.33333,0.0,4.33333,58,26.2149,28.982,37.4768,41.5955,361.029,0
2017-11-14,15,8.83333,0.0,4.66667,61,36.0706,35.9104,41.7659,40.4725,339.2,0
2017-11-14,16,7.83333,0.0,4.66667,61,50.3266,47.2011,40.9451,34.4536,389.88,0
2017-11-14,17,6.83333,0.0,4.66667,64,66.8276,53.8984,44.6407,35.9844,400.68,0
2017-11-14,18,5.66667,0.0,4.33333,65,76.2023,55.8933,41.5696,28.9133,488.52,0
2017-11-14,19,4.83333,0.0,3.83333,65,84.4077,56.4797,43.5696,28.9133,526.68,0
2017-11-14,21,3.66667,0.0,2.0,95,56.28,65.8227,50.0367,31.592,540.0,0
2017-11-14,22,3.66667,0.0,1.16667,90,69.57,60.21,46.5012,26.9726,612.0,0
2017-11-15,0,3.66667,0.0,-0.333333,99,32.93,28.62,37.4584,27.0758,701.25,0
2017-11-15,1,3.66667,0.0,-0.833333,93,77.7115,60.1619,36.3104,29.8474,702.0,0
2017-11-15,2,3.66667,0.0,-1.0,96,74.5617,54.9198,29.5055,26.9622,842.52,0
2017-11-15,3,3.5,0.0,-1.0,94,72.012,49.9859,26.677,29.7906,825.0,0
2017-11-15,4,3.5,0.0,-1.16667,89,69.5879,47.394,23.8486,32.6191,801.72,0
2017-11-15,5,3.66667,0.0,-1.33333,93,68.364,46.1362,11.7814,31.6207,858.6,0
2017-11-15,6,3.83333,0.0,-1.83333,100,70.3337,46.7962,3.40963,32.1531,874.5,0
2017-11-15,7,3.83333,0.0,-2.0,90,73.4455,48.4622,-3.98141,32.1531,874.5,0
2017-11-15,8,3.66667,0.0,-2.0,87,74.2162,48.3798,-6.75305,33.3011,840.0,0
2017-11-15,9,3.66667,0.0,-1.66667,80,67.0835,42.1256,-15.5247,34.4492,852.8,0
2017-11-15,10,3.5,0.0,-1.0,77,55.34,32.7308,-21.1248,36.1296,842.4,0
2017-11-15,11,3.5,0.0,0.166667,71,46.5441,22.5466,-25.9683,37.3705,894.24,0
2017-11-15,12,3.83333,0.0,1.83333,60,41.0404,18.8608,-25.9683,41.3705,840.0,0
2017-11-15,13,4.83333,0.0,3.33333,62,38.0398,21.6118,-33.5164,35.3516,816.0,0
2017-11-15,14,5.33333,0.0,4.5,68,36.535,26.2149,-30.0723,36.0367,717.6,0
2017-11-15,15,5.33333,0.0,5.16667,74,38.2823,36.0706,-32.7872,35.5044,660.0,0
2017-11-15,16,5.16667,0.0,5.5,87,62.4972,50.3266,-29.9587,36.6759,660.0,0
2017-11-15,17,5.0,0.0,5.33333,82,77.6773,66.8276,-25.7161,35.6952,717.6,0
2017-11-15,18,4.83333,0.0,4.83333,92,89.5022,76.2023,-20.7663,34.9881,747.3,0
2017-11-15,22,3.5,0.0,2.16667,95,112.27,69.57,7.30095,28.3329,660.0,0
2017-11-16,0,2.83333,0.0,1.33333,97,59.76,32.93,9.53139,28.1744,720.0,0
2017-11-16,1,2.16667,0.0,1.16667,90,90.2628,77.7115,8.76603,26.0221,820.8,0
2017-11-16,2,2.5,0.0,1.0,100,85.6319,74.5617,8.76603,28.0221,832.0,0
2017-11-16,3,2.5,0.0,0.833333,95,85.1156,72.012,18.9287,27.6395,918.4,0
2017-11-16,4,2.5,0.0,0.166667,100,84.8153,69.5879,20.7765,28.4048,936.0,0
2017-11-16,5,3.0,0.0,-0.333333,96,80.9667,68.364,22.1907,29.819,949.867,0
2017-11-16,6,3.16667,0.0,-0.666667,100,78.5037,70.3337,26.8101,18.9056,985.8,0
2017-11-16,7,3.33333,0.0,-0.833333,92,76.9963,73.4455,29.5817,17.7576,960.0,0
2017-11-16,8,3.0,0.0,-0.5,93,77.1497,74.2162,37.2463,13.3402,994.5,0
2017-11-16,9,3.33333,0.0,0.0,92,69.3153,67.0835,38.3944,6.56854,960.0,0
2017-11-16,10,3.5,0.0,1.0,86,62.367,55.34,33.3281,-1.09607,1023.84,0
2017-11-16,11,3.83333,0.0,2.16667,78,52.485,46.5441,31.2068,-3.2174,991.44,0
2017-11-16,12,4.33333,0.0,3.66667,63,41.5563,41.0404,32.6739,-5.89616,960.0,0
2017-11-16,13,5.0,0.0,5.0,58,35.9404,38.0398,21.6739,-11.8962,887.4,0
2017-11-16,14,6.16667,0.0,5.83333,64,38.455,36.535,16.4071,-21.3068,720.0,0
2017-11-16,15,7.16667,0.0,6.16667,71,47.0245,38.2823,4.69895,-36.6386,635.04,0
2017-11-16,16,8.0,0.0,6.16667,82,66.9776,62.4972,-9.76319,-40.6483,480.0,0
2017-11-16,17,8.0,0.0,5.66667,100,83.1182,77.6773,-18.8929,-35.1212,416.0,0
2017-11-16,18,7.66667,0.0,4.66667,92,98.7004,89.5022,-23.2387,-35.6786,392.229,0
2017-11-16,22,5.16667,0.33,0.666667,93,89.53,112.27,-25.5215,-40.2889,510.72,0
2017-11-17,0,4.16667,0.33,-0.5,98,74.38,59.76,-24.5231,-38.8785,595.08,0
2017-11-17,1,4.16667,0.0,-0.833333,93,93.132,90.2628,-25.2302,-39.5857,645.12,0
2017-11-17,2,4.0,0.0,-0.666667,90,93.0109,85.6319,-28.0586,-42.4141,636.48,0
2017-11-17,3,3.16667,0.0,-0.5,88,91.4564,85.1156,-20.9875,-39.343,722.4,0
2017-11-17,4,3.0,0.0,-0.166667,91,89.4514,84.8153,-20.9875,-40.343,767.25,0
2017-11-17,5,3.16667,0.36,0.166667,92,87.9,80.9667,-19.4568,-44.0385,742.05,0
2017-11-17,6,3.5,0.72,0.666667,93,86.6582,78.5037,-8.53024,-36.3577,790.457,0
2017-11-17,7,3.33333,0.72,1.0,94,85.8702,76.9963,-6.40891,-34.2363,780.0,0
2017-11-17,8,3.5,1.08,1.16667,88,85.6829,77.1497,2.17958,-28.7859,810.9,0
2017-11-17,9,3.66667,1.08,1.5,84,84.926,69.3153,5.71513,-21.2504,780.0,0
2017-11-17,10,3.16667,2.17,2.0,83,84.552,62.367,5.59863,-16.1406,864.96,0
2017-11-17,11,2.66667,2.44,2.66667,80,81.5245,52.485,4.89152,-15.4335,898.56,0
2017-11-17,12,2.66667,2.71,3.5,76,76.3782,41.5563,3.4773,-14.0193,900.0,0
2017-11-17,13,2.66667,3.37,4.33333,75,73.3866,35.9404,2.32926,-6.24768,985.8,0
2017-11-17,14,2.83333,3.67,5.0,82,74.2182,38.455,2.32926,-3.24768,960.0,0
2017-11-17,15,3.33333,3.67,5.33333,83,75.9698,47.0245,8.868,12.8389,1001.7,0
2017-11-17,16,4.0,2.58,5.33333,91,78.3775,66.9776,10.4901,20.9938,938.1,0
2017-11-17,17,4.5,2.48,5.16667,96,79.9388,83.1182,11.4052,28.4417,904.8,0
2017-11-17,18,5.0,2.38,4.83333,99,80.0389,98.7004,11.4052,38.4417,842.4,0
2017-11-17,21,5.5,1.59,3.66667,100,64.89,93.18,6.33892,50.1681,720.0,0
2017-11-17,22,5.5,1.59,3.5,100,77.76,89.53,2.09626,49.5112,600.0,0
2017-11-18,0,5.5,1.06,3.16667,94,56.94,74.38,2.74512,51.9448,582.4,1
2017-11-18,1,5.5,0.53,3.0,93,74.3362,93.132,-1.49754,52.4015,563.04,1
2017-11-18,2,5.33333,1.29,3.0,97,69.9374,93.0109,4.65852,52.0247,540.0,1
2017-11-18,3,5.33333,1.29,3.16667,93,63.3695,91.4564,10.1075,50.9409,540.0,1
2017-11-18,4,5.33333,2.05,3.33333,94,58.7995,89.4514,13.643,49.4764,561.0,1
2017-11-18,5,5.5,2.05,3.5,96,54.6256,87.9,12.9359,47.4687,582.4,1
2017-11-18,6,5.5,1.52,3.5,98,49.4145,86.6582,17.1786,45.7114,582.4,1
2017-11-18,7,5.5,1.52,3.5,99,39.2889,85.8702,21.4212,43.954,563.04,1
2017-11-18,8,6.16667,0.76,3.66667,99,38.8416,85.6829,26.9645,41.2501,540.0,1
2017-11-18,9,6.33333,0.76,3.66667,97,42.9143,84.926,37.1928,35.0748,520.0,1
2017-11-18,10,6.66667,0.0,3.66667,94,42.8869,84.552,41.4355,33.3175,520.0,1
2017-11-18,11,7.0,0.0,3.83333,89,36.7368,81.5245,43.66,31.7536,480.0,1
2017-11-18,12,7.33333,0.48,4.16667,86,34.0823,76.3782,43.9799,27.7439,461.76,1
2017-11-18,13,7.66667,0.48,4.5,79,31.6507,73.3866,47.8354,27.2698,420.0,1
2017-11-18,14,7.16667,0.48,4.66667,76,34.068,74.2182,46.7411,21.8459,432.0,1
2017-11-18,15,7.0,0.48,4.66667,74,46.2902,75.9698,46.7411,21.8459,463.6,1
2017-11-18,16,6.33333,0.48,4.5,75,61.4261,78.3775,50.2767,26.4653,450.667,1
2017-11-18,17,5.33333,0.48,4.0,81,65.578,79.9388,44.0831,25.7929,517.0,1
2017-11-18,18,4.5,0.0,3.5,79,63.8916,80.0389,45.4973,27.6406,540.6,1
2017-11-18,21,5.5,0.0,2.0,81,33.89,64.89,29.5178,37.4294,588.0,1
2017-11-18,22,5.83333,0.0,1.66667,80,35.32,77.76,16.4699,40.0248,588.0,1
2017-11-19,0,7.16667,0.0,1.66667,82,23.66,56.94,8.0,38.2029,570.24,1
2017-11-19,1,7.33333,0.0,1.66667,79,46.1204,74.3362,9.46445,33.5835,540.8,1
2017-11-19,2,7.83333,0.0,1.83333,67,43.2102,69.9374,-3.58347,29.2539,460.8,1
2017-11-19,3,8.83333,0.0,2.0,70,38.4145,63.3695,-12.7759,31.4463,400.68,1
2017-11-19,4,10.1667,0.48,2.33333,73,35.5533,58.7995,-17.0186,25.689,336.96,1
2017-11-19,5,11.1667,0.48,2.5,74,35.5451,54.6256,-26.4578,34.1638,274.56,1
2017-11-19,6,11.6667,0.48,2.5,67,36.65,49.4145,-24.0668,45.1024,261.415,1
2017-11-19,7,12.5,0.96,2.5,76,36.4392,39.2889,-24.0668,53.1024,249.508,1
2017-11-19,8,12.1667,0.96,2.5,73,36.9585,38.8416,-19.8492,55.9204,258.514,1
2017-11-19,9,11.6667,1.44,2.66667,64,31.0231,42.9143,-9.94968,57.0209,279.138,1
2017-11-19,10,11.6667,0.96,3.0,55,23.4266,42.8869,-9.18432,55.1731,307.8,1
2017-11-19,11,11.0,0.96,3.5,64,20.2157,36.7368,-14.1592,53.1836,265.2,1
2017-11-19,12,11.6667,0.96,4.16667,54,19.9128,34.0823,-14.1592,55.1836,289.385,1
2017-11-19,13,11.3333,0.96,5.0,43,22.575,31.6507,-13.7765,54.2597,282.764,1
2017-11-19,14,11.0,0.96,5.5,55,31.9478,34.068,-13.7765,54.2597,282.764,1
2017-11-19,15,10.3333,0.48,5.66667,61,41.3348,46.2902,-9.567,53.097,321.231,1
2017-11-19,16,9.0,0.48,5.33333,81,55.9893,61.4261,-9.567,60.097,310.708,1
2017-11-19,17,8.5,0.48,4.5,85,66.5609,65.578,-8.12771,51.6221,376.32,1
2017-11-19,18,7.5,0.96,3.66667,78,68.2371,63.8916,-13.0775,46.5719,433.1,1
2017-11-19,21,7.5,0.71,1.0,75,15.28,33.89,-26.9165,37.5046,479.467,1
2017-11-19,22,8.33333,0.71,0.666667,72,14.27,35.32,-16.9165,28.5045,443.143,1
2017-11-20,0,10.0,0.23,0.833333,64,3.82,23.66,-26.9088,20.6728,349.8,0
2017-11-20,1,10.5,0.23,1.16667,64,17.1662,46.1204,-22.6912,23.4908,321.48,0
2017-11-20,2,10.5,0.99,1.5,70,7.85689,43.2102,-20.5235,26.7351,321.48,0
2017-11-20,3,10.5,1.12,1.66667,73,5.16897,38.4145,-37.5946,33.8062,321.48,0
2017-11-20,4,11.3333,1.12,1.83333,76,5.49787,35.5533,-37.5946,33.8062,321.48,0
2017-11-20,5,11.6667,1.12,2.0,81,9.35917,35.5451,-28.3558,44.9794,289.385,0
2017-11-20,6,12.3333,1.12,2.0,75,14.2594,36.65,-31.8663,41.4543,273.48,0
2017-11-20,7,13.8333,1.6,2.0,76,16.4979,36.4392,-24.2297,43.0181,241.92,0
2017-11-20,8,15.0,0.84,2.0,82,20.5432,36.9585,-22.2618,56.745,195.52,0
2017-11-20,9,16.6667,0.48,2.0,77,23.6706,31.0231,-20.282,48.9656,216.847,0
2017-11-20,10,17.3333,1.06,2.0,82,26.3976,23.4266,-21.4301,51.7373,202.926,0
2017-11-20,11,19.6667,1.39,2.16667,74,27.284,20.2157,-21.4301,51.7373,193.765,0
2017-11-20,12,20.1667,1.72,2.33333,64,24.6098,19.9128,-14.9245,62.0313,148.5,0
2017-11-20,13,18.6667,1.24,2.5,58,24.525,22.575,-7.27092,63.5537,143.242,0
2017-11-20,14,17.1667,1.24,2.66667,56,26.961,31.9478,0.0,56.0,232.615,0
2017-11-20,15,15.5,1.24,2.66667,53,36.1111,41.3348,5.65688,63.391,257.538,0
2017-11-20,16,13.8333,0.66,2.66667,59,50.1054,55.9893,12.728,72.6298,254.4,0
2017-11-20,17,10.6667,0.81,2.5,69,46.8141,66.5609,19.092,54.9448,351.54,0
2017-11-20,18,8.33333,0.48,2.33333,82,45.5815,68.2371,24.0417,61.4119,356.16,0
2017-11-20,21,9.33333,0.48,2.0,76,28.27,15.28,18.3849,50.0209,403.68,0
2017-11-20,22,10.0,0.48,2.0,67,50.0,14.27,11.3138,54.7821,339.2,0
2017-11-21,0,10.6667,0.13,1.83333,74,31.44,3.82,0.0,57.0,282.764,0
2017-11-21,1,10.0,0.13,1.66667,74,45.2906,17.1662,0.0,53.0,313.6,0
2017-11-21,2,9.16667,0.13,1.5,81,43.6878,7.85689,0.0,51.0,372.6,0
2017-11-21,3,8.16667,0.13,1.33333,84,43.6067,5.16897,0.0,55.0,399.514,0
2017-11-21,4,7.0,0.13,1.16667,81,42.9883,5.49787,5.65688,62.391,371.571,0
2017-11-21,5,6.16667,0.13,0.833333,82,42.3707,9.35917,5.65688,54.391,460.431,0
2017-11-21,6,5.66667,0.0,0.833333,74,42.1798,14.2594,9.19243,59.0104,459.877,0
2017-11-21,7,5.33333,0.0,0.833333,79,43.7752,16.4979,9.19243,50.0104,559.32,0
2017-11-21,8,5.0,0.0,0.833333,79,46.711,20.5432,12.728,53.546,544.32,0
2017-11-21,9,4.0,0.0,1.0,72,46.8207,23.6706,14.1422,54.9602,574.08,0
2017-11-21,10,3.16667,0.0,1.33333,73,45.7719,26.3976,15.5564,56.3744,600.0,0
2017-11-21,11,3.16667,0.0,2.0,71,49.1515,27.284,16.5564,46.3744,729.6,0
2017-11-21,12,3.5,0.0,2.66667,61,49.04,24.6098,11.937,48.2878,681.943,0
2017-11-21,13,3.66667,0.0,3.33333,64,48.1869,24.525,7.69436,45.5305,704.229,0
2017-11-21,14,4.5,0.0,4.0,68,50.6853,26.961,3.4517,42.7731,660.0,0
2017-11-21,15,5.16667,0.0,4.33333,70,56.0148,36.1111,-3.01546,41.4519,680.85,0
2017-11-21,16,5.83333,0.0,4.33333,86,60.8785,50.1054,-14.2156,31.7648,683.4,0
2017-11-21,17,5.83333,0.0,4.16667,81,61.7654,46.8141,-17.7512,22.2292,685.44,0
2017-11-21,18,5.83333,0.0,3.83333,86,58.9974,45.5815,-24.8223,14.0743,660.0,0
2017-11-21,21,6.0,0.0,2.83333,86,16.84,28.27,-27.4062,-6.04246,499.8,0
2017-11-21,22,6.5,0.0,2.83333,86,32.59,50.0,-17.1636,-10.2851,499.8,0
2017-11-22,0,6.16667,0.0,2.66667,91,16.91,31.44,-2.14926,-18.7373,520.0,0
2017-11-22,1,6.5,0.0,2.66667,90,38.8209,45.2906,8.39402,-16.4412,524.16,0
2017-11-22,2,6.0,0.0,2.83333,93,37.3613,43.6878,23.4651,-9.37008,517.0,0
2017-11-22,3,5.16667,0.0,2.83333,94,34.5343,43.6067,18.8457,-7.45668,480.0,0
2017-11-22,4,4.5,0.0,2.83333,94,31.7753,42.9883,20.2179,-1.53072,583.0,0
2017-11-22,5,4.0,0.48,3.0,95,28.1726,42.3707,24.2179,-1.53072,561.0,0
2017-11-22,6,4.0,0.48,3.0,96,28.1951,42.1798,25.2179,-1.53072,600.0,0
2017-11-22,7,3.66667,0.48,3.0,96,31.7314,43.7752,28.8478,-3.85404,659.85,0
2017-11-22,8,3.83333,0.48,3.0,97,36.206,46.711,26.8478,-3.85404,667.8,0
2017-11-22,9,5.0,0.48,3.16667,95,40.7636,46.8207,20.8478,-9.85404,701.25,0
2017-11-22,10,5.66667,0.48,3.33333,99,41.3954,45.7719,12.8478,-17.854,627.3,0
2017-11-22,11,6.5,0.0,3.5,99,42.6448,49.1515,5.88644,-21.9802,655.2,0
2017-11-22,12,6.66667,0.0,3.83333,98,43.1624,49.04,3.59036,-27.5235,600.0,0
2017-11-22,13,6.66667,0.0,4.16667,98,45.6659,48.1869,-4.0329,-33.6795,540.0,0
2017-11-22,14,6.66667,0.0,4.66667,97,47.7231,50.6853,-12.3517,-38.3049,505.44,0
2017-11-22,15,6.16667,0.0,4.83333,92,51.8279,56.0148,-12.7344,-39.2288,496.8,0
2017-11-22,16,5.66667,0.25,5.0,94,53.8585,60.8785,-23.3538,-41.1422,517.0,0
2017-11-22,17,6.0,0.25,5.16667,99,56.5498,61.7654,-18.3538,-41.1422,480.0,0
2017-11-22,18,6.0,0.25,5.16667,98,57.7452,58.9974,-10.3538,-35.1422,480.0,0
2017-11-22,22,6.33333,0.0,6.0,82,56.69,32.59,5.67918,-7.48986,499.8,0
2017-11-23,0,5.83333,0.0,6.0,94,18.17,16.91,23.2179,2.29608,501.84,0
2017-11-23,1,5.5,0.0,5.66667,91,47.7174,38.8209,32.8373,4.20948,501.84,0
2017-11-23,2,5.5,0.0,5.16667,95,39.6443,37.3613,33.8373,4.20948,532.65,0
2017-11-23,3,5.83333,0.0,4.5,96,34.8837,34.5343,23.1586,-2.25768,520.0,0
2017-11-23,4,6.5,0.0,4.0,88,31.4122,31.7753,12.9159,-6.50034,550.8,0
2017-11-23,5,6.33333,0.0,3.5,92,31.0483,28.1726,13.9159,-6.50034,517.029,0
2017-11-23,6,6.33333,0.0,3.33333,93,29.0768,28.1951,16.8475,-12.7147,504.9,0
2017-11-23,7,6.33333,0.0,3.16667,89,31.2002,31.7314,15.9236,-16.1588,501.84,0
2017-11-23,8,6.66667,0.0,3.16667,92,31.0337,36.206,10.9236,-22.1588,499.8,0
2017-11-23,9,6.83333,0.0,3.16667,100,26.2463,40.7636,-3.52049,-30.4737,477.0,0
2017-11-23,10,6.33333,0.0,3.5,90,22.4531,41.3954,-12.1992,-36.9408,472.457,0
2017-11-23,11,7.16667,0.0,4.33333,78,19.8967,42.6448,-15.0638,-32.7698,477.0,0
2017-11-23,12,7.83333,0.0,5.33333,72,18.8277,43.1624,-0.82111,-28.5271,450.667,0
2017-11-23,13,8.83333,0.0,6.5,67,18.4185,45.6659,2.71444,-24.9916,419.76,0
2017-11-23,14,8.83333,0.0,7.5,72,19.9206,47.7231,19.3338,-17.0782,380.8,0
2017-11-23,15,9.5,0.0,8.33333,80,28.6257,51.8279,14.463,-12.2074,361.029,0
2017-11-23,16,9.83333,0.0,8.83333,75,38.7655,53.8585,33.6851,-3.44412,346.92,0
2017-11-23,17,9.83333,0.0,8.66667,80,45.6035,56.5498,41.6851,-3.44412,312.12,0
2017-11-23,18,9.5,0.0,8.16667,81,47.7857,57.7452,41.6851,-3.44412,300.0,0
2017-11-23,22,9.66667,0.0,5.0,87,25.99,56.69,56.0,0.0,327.6,0
2017-11-24,0,8.83333,0.0,3.83333,91,12.62,18.17,54.0,0.0,345.257,0
2017-11-24,1,8.0,0.0,3.5,89,31.4652,47.7174,53.0,0.0,398.618,0
2017-11-24,2,7.0,0.0,3.33333,87,33.2657,39.6443,59.0,0.0,385.745,0
2017-11-24,3,6.33333,0.0,3.0,90,33.235,34.8837,44.3045,1.53072,473.28,0
2017-11-24,4,6.16667,0.0,2.66667,93,31.468,31.4122,50.3045,1.53072,449.28,0
2017-11-24,5,6.0,0.0,2.5,91,33.9122,31.0483,31.9896,4.97484,464.28,0
2017-11-24,6,5.66667,0.0,2.16667,93,38.1324,29.0768,17.3702,6.88824,542.88,0
2017-11-24,7,5.0,0.0,2.0,82,42.2927,31.2002,21.3702,6.88824,544.32,0
2017-11-24,8,5.0,0.0,1.66667,94,43.0851,31.0337,23.3702,6.88824,574.08,0
2017-11-24,9,4.33333,0.0,1.83333,82,38.5531,26.2463,10.5417,4.0598,626.4,0
2017-11-24,10,3.66667,0.0,2.5,64,32.3694,22.4531,9.1275,2.64558,644.8,0
2017-11-24,11,3.83333,0.0,3.66667,55,27.3196,19.8967,8.1275,2.64558,667.8,0
2017-11-24,12,4.66667,0.0,5.16667,51,26.7246,18.8277,8.1275,2.64558,667.8,0
2017-11-24,13,5.83333,0.0,6.66667,49,26.5241,18.4185,-2.4919,4.55898,626.4,0
2017-11-24,14,6.66667,0.0,8.66667,48,31.6988,19.9206,0.508101,4.55898,612.0,0
2017-11-24,15,7.83333,0.0,10.0,62,37.9017,28.6257,17.823,1.11486,540.0,0
2017-11-24,16,8.5,0.0,10.5,83,46.7913,38.7655,25.4424,-0.79854,443.7,0
2017-11-24,17,9.0,0.0,10.1667,95,52.3124,45.6035,16.3702,0.0,385.0,0
2017-11-24,18,9.0,0.0,9.5,86,52.7796,47.7857,19.3702,0.0,366.667,0
2017-11-24,21,8.83333,0.0,6.5,91,20.12,10.12,19.3702,-6.88824,366.667,0
2017-11-24,22,8.66667,0.0,6.0,86,22.39,25.99,18.3702,-6.88824,380.8,0
2017-11-25,0,8.83333,0.0,5.83333,83,15.52,12.62,33.6851,-3.44412,409.867,1
2017-11-25,1,9.16667,0.0,5.83333,84,29.4276,31.4652,35.6851,-3.44412,380.8,1
2017-11-25,2,9.5,0.0,6.0,79,28.7986,33.2657,55.0,0.0,352.8,1
2017-11-25,3,10.0,0.0,6.16667,83,28.9316,33.235,57.0,0.0,313.65,1
2017-11-25,4,10.1667,0.0,6.16667,84,28.722,31.468,52.0,0.0,319.2,1
2017-11-25,5,10.3333,0.0,6.33333,84,28.798,33.9122,53.0,0.0,329.018,1
2017-11-25,6,10.1667,0.0,6.33333,83,30.0255,38.1324,51.0,0.0,353.455,1
2017-11-25,7,10.1667,0.0,6.5,76,31.0718,42.2927,61.0,0.0,300.0,1
2017-11-25,8,10.3333,0.0,6.5,80,32.0698,43.0851,39.8373,-4.20948,300.0,1
2017-11-25,9,11.3333,0.0,6.66667,74,30.2493,38.5531,29.8373,-4.20948,340.267,1
2017-11-25,10,12.3333,0.0,7.33333,58,28.5316,32.3694,37.8373,-4.20948,240.0,1
2017-11-25,11,14.0,0.0,8.0,54,29.3942,27.3196,33.8373,-4.20948,238.255,1
2017-11-25,12,15.6667,0.0,8.83333,52,33.417,26.7246,51.0,0.0,232.941,1
2017-11-25,13,17.0,0.0,9.66667,51,38.497,26.5241,54.0,0.0,200.08,1
2017-11-25,14,17.1667,0.0,10.3333,59,44.295,31.6988,21.4463,-7.27092,188.779,1
2017-11-25,15,18.0,0.0,10.8333,64,51.1117,37.9017,-6.74615,-16.4634,236.64,1
2017-11-25,16,19.0,0.0,10.6667,71,53.117,46.7913,-4.74615,-16.4634,217.579,1
2017-11-25,17,19.3333,0.0,10.1667,92,53.2838,52.3124,-6.59391,-17.2287,173.631,1
2017-11-25,18,19.0,0.0,9.66667,91,53.99,52.7796,23.5985,-8.03628,164.509,1
2017-11-25,21,16.1667,0.0,8.16667,82,15.71,20.12,28.3702,-6.88824,235.314,1
2017-11-25,22,14.5,0.0,8.0,82,35.8,22.39,20.3702,-6.88824,281.4,1
2017-11-26,0,11.6667,2.24,7.66667,82,16.43,15.52,59.0,0.0,287.571,1
2017-11-26,1,10.6667,2.24,7.5,86,42.4347,29.4276,56.0,0.0,285.12,1
2017-11-26,2,9.83333,2.24,7.33333,92,43.008,28.7986,38.609,3.06144,332.215,1
2017-11-26,3,8.5,3.38,7.0,87,41.4683,28.9316,36.6956,7.68084,343.938,1
2017-11-26,4,7.66667,3.38,6.66667,86,42.1091,28.722,23.6956,12.6808,425.455,1
2017-11-26,5,7.16667,3.4,6.33333,86,40.1091,28.798,23.6956,18.6808,412.364,1
2017-11-26,6,7.16667,2.28,6.0,86,25.0609,30.0255,18.3524,26.0719,453.927,1
2017-11-26,7,7.66667,4.52,5.66667,89,15.8743,31.0718,15.1306,36.2346,453.927,1
2017-11-26,8,9.5,4.52,5.16667,83,18.8839,32.0698,11.9089,46.3972,421.2,1
2017-11-26,9,10.5,3.38,4.83333,90,26.3921,30.2493,35.9954,39.8393,302.4,1
2017-11-26,10,11.0,4.93,4.5,80,32.9391,28.5316,46.1581,38.0488,252.45,1
2017-11-26,11,10.8333,3.79,4.33333,73,36.8664,29.3942,46.8652,37.0217,271.745,1
2017-11-26,12,10.3333,3.79,4.33333,66,41.287,33.417,44.0367,33.3262,317.127,1
2017-11-26,13,10.5,1.55,4.33333,64,42.874,38.497,41.9154,30.5546,385.125,1
2017-11-26,14,9.83333,1.55,4.33333,70,45.8023,44.295,50.4007,41.6411,329.925,1
2017-11-26,15,9.83333,1.55,4.33333,71,46.9402,51.1117,35.6186,47.5182,323.345,1
2017-11-26,16,9.83333,0.0,4.16667,76,51.1058,53.117,25.456,54.3088,300.0,1
2017-11-26,17,10.5,0.0,4.0,75,56.8868,53.2838,20.5062,49.7925,319.2,1
2017-11-26,21,8.33333,0.0,2.83333,73,35.2,15.71,7.53927,50.5432,372.655,1
2017-11-26,22,8.5,0.0,2.66667,73,58.61,35.8,13.0826,52.8393,360.0,1
2017-11-27,0,7.83333,0.0,2.16667,79,35.44,16.43,20.1537,51.0781,372.764,0
2017-11-27,1,7.33333,0.0,1.83333,74,60.6464,42.4347,26.6208,42.7569,402.8,0
2017-11-27,2,7.33333,0.0,1.33333,82,62.8015,43.008,35.0147,39.3917,443.52,0
2017-11-27,3,7.66667,0.0,1.0,83,64.9986,41.4683,38.5503,42.9273,434.52,0
2017-11-27,4,7.0,0.0,0.666667,77,70.0949,42.1091,39.5877,36.6708,432.0,0
2017-11-27,5,6.33333,0.0,0.333333,86,74.3745,40.1091,38.2871,39.918,473.28,0
2017-11-27,6,6.16667,0.0,0.166667,86,76.354,25.0609,41.8227,43.4535,464.28,0
2017-11-27,7,5.83333,0.0,0.0,83,76.9329,15.8743,38.9942,39.758,515.2,0
2017-11-27,8,5.5,0.0,0.0,82,75.4547,18.8839,38.9942,44.758,496.4,0
2017-11-27,9,5.0,0.0,0.166667,76,68.7957,26.3921,34.7516,39.2147,575.143,0
2017-11-27,10,5.33333,0.0,0.5,72,59.6821,32.9391,38.2871,43.8341,540.0,0
2017-11-27,11,5.83333,0.0,1.0,66,55.0402,36.8664,26.8702,44.2056,570.24,0
2017-11-27,12,6.5,0.0,1.66667,62,49.8715,41.287,28.9915,46.3269,550.8,0
2017-11-27,13,6.66667,0.0,2.33333,65,48.2633,42.874,30.4057,49.9088,480.0,0
2017-11-27,14,7.0,0.0,3.0,63,47.0202,45.8023,26.8702,46.3733,517.0,0
2017-11-27,15,7.33333,0.0,3.33333,67,50.7429,46.9402,30.4057,49.9088,480.0,0
2017-11-27,16,7.0,0.0,3.5,77,65.021,51.1058,31.1128,45.8327,448.8,0
2017-11-27,17,6.66667,0.0,3.33333,86,72.2446,56.8868,33.2342,48.6044,420.0,0
2017-11-27,22,3.5,0.0,-0.333333,86,79.06,58.61,28.2844,46.5707,682.08,0
2017-11-28,0,3.5,0.0,-1.83333,91,22.04,35.44,16.7959,33.91,715.0,0
2017-11-28,1,3.83333,0.0,-2.33333,85,68.1417,60.6464,15.2652,30.2145,683.4,0
2017-11-28,2,4.16667,0.0,-2.83333,100,60.4728,62.8015,9.49179,20.9757,711.36,0
2017-11-28,3,4.66667,0.0,-3.16667,99,57.1011,64.9986,3.1278,14.6117,773.143,0
2017-11-28,4,5.33333,0.0,-3.5,93,54.4396,70.0949,-8.28913,5.46575,756.0,0
2017-11-28,5,5.33333,0.0,-3.5,82,50.673,74.3745,-18.9989,-2.75629,731.4,0
2017-11-28,6,5.66667,0.0,-3.33333,89,48.0826,76.354,-17.2416,-6.99895,688.5,0
2017-11-28,7,5.83333,0.0,-3.16667,87,51.6598,76.9329,-11.2416,-14.999,620.1,0
2017-11-28,8,6.5,0.0,-2.83333,100,50.6678,75.4547,-11.2416,-23.9989,571.2,0
2017-11-28,9,6.33333,0.0,-2.33333,87,44.7553,68.7957,-12.4811,-26.2339,556.5,0
2017-11-28,10,6.16667,0.0,-1.5,69,40.531,59.6821,-16.4936,-24.8344,504.9,0
2017-11-28,11,6.16667,0.0,-0.666667,68,38.6292,55.0402,-17.6778,-20.6066,528.0,0
2017-11-28,12,6.16667,0.0,0.5,57,35.657,49.8715,-19.9738,-26.1498,480.0,0
2017-11-28,13,6.5,0.0,1.83333,60,31.441,48.2633,-17.7493,-27.7137,498.343,0
2017-11-28,14,6.16667,0.0,3.16667,64,33.8718,47.0202,-16.2319,-29.9847,480.0,0
2017-11-28,15,6.16667,0.0,4.0,68,41.6218,50.7429,-27.7752,-32.2808,480.0,0
2017-11-28,16,6.66667,0.0,4.16667,76,49.8908,65.021,-27.7752,-27.2808,538.65,0
2017-11-28,17,6.5,0.0,3.83333,80,54.114,72.2446,-30.4333,-25.0681,496.8,0
2017-11-28,18,6.5,0.0,3.33333,69,58.4325,83.2822,-28.4255,-26.3075,517.0,0
2017-11-28,22,7.0,0.0,0.833333,73,36.84,79.06,6.06297,-11.5718,438.6,0
2017-11-29,1,6.83333,0.1,0.0,70,48.2536,68.1417,24.3018,-7.74503,440.64,0
2017-11-29,2,6.16667,0.1,0.0,75,48.8368,60.4728,34.8373,-4.20948,420.0,0
2017-11-29,3,6.16667,0.1,-0.166667,76,48.7491,57.1011,45.3806,-1.9134,482.4,0
2017-11-29,4,6.16667,0.1,0.0,71,48.8713,54.4396,31.7612,-3.8268,549.067,0
2017-11-29,5,5.66667,0.1,0.333333,73,49.2043,50.673,39.7612,-3.8268,480.0,0
2017-11-29,6,5.66667,0.2,0.5,75,51.3737,48.0826,32.7612,-3.8268,546.96,0
2017-11-29,7,5.83333,0.1,0.5,78,52.3367,51.6598,21.294,-6.50556,550.8,0
2017-11-29,8,6.0,0.1,0.5,79,54.73,50.6678,21.294,-6.50556,501.84,0
2017-11-29,9,6.83333,0.84,1.0,67,56.1387,44.7553,20.3702,-6.88824,517.029,0
2017-11-29,10,6.83333,0.84,1.16667,72,54.184,40.531,16.3702,-6.88824,505.44,0
2017-11-29,11,7.66667,1.17,1.5,64,48.7744,38.6292,3.97912,-9.94968,440.64,0
2017-11-29,12,7.83333,1.22,2.0,60,41.6589,35.657,3.64875,-12.986,452.4,0
2017-11-29,13,7.66667,1.22,2.66667,61,37.3571,31.441,-13.7423,-16.0475,408.857,0
2017-11-29,14,8.0,1.47,3.33333,56,40.551,33.8718,-13.7423,-16.0475,421.2,0
2017-11-29,15,8.16667,0.73,3.33333,57,45.5939,41.6218,-13.7423,-16.0475,395.2,0
2017-11-29,16,8.16667,0.73,3.33333,70,49.6518,49.8908,-18.3617,-9.54193,373.32,0
2017-11-29,17,8.16667,0.4,3.0,75,52.1235,54.114,-20.3617,-9.54193,374.85,0
2017-11-29,20,9.16667,4.48,1.0,84,27.14,26.23,34.8373,4.20948,327.6,0
2017-11-29,21,8.33333,4.48,0.5,88,22.89,24.39,33.8373,4.20948,372.655,0
2017-11-29,22,8.0,4.48,0.0,91,45.07,36.84,39.8373,4.20948,360.0,0
2017-11-30,1,6.83333,3.41,0.166667,77,48.7506,48.2536,48.0,-6.0,453.927,0
2017-11-30,2,7.16667,1.17,0.333333,77,44.5413,48.8368,28.6851,-9.44412,482.727,0
2017-11-30,3,8.33333,5.67,0.5,82,42.8636,48.7491,22.3211,-15.8081,420.0,0
2017-11-30,4,9.0,7.32,0.833333,86,46.7648,48.8713,-4.87134,-25.0005,360.0,0
2017-11-30,5,9.33333,7.32,1.0,87,45.863,49.2043,-20.6981,-34.2393,345.257,0
2017-11-30,7,9.5,7.39,1.0,80,44.6357,52.3367,-36.092,-41.504,325.867,0
2017-11-30,10,6.83333,3.85,1.5,80,56.256,54.184,-28.3928,-48.5464,421.385,0
2017-11-30,11,6.83333,3.85,1.66667,81,69.34,48.7744,-19.2004,-45.354,488.52,0
2017-11-30,13,8.83333,5.05,2.0,90,63.756,37.3571,-11.9294,-49.8002,408.857,0
2017-11-30,15,10.5,4.88,2.0,88,60.5867,45.5939,0.0,-54.0,270.4,0
2017-11-30,16,10.5,3.51,2.0,90,43.485,49.6518,0.0,-57.0,263.467,0
2017-11-30,17,10.3333,3.51,2.0,88,60.395,52.1235,-2.29608,-53.5433,332.215,0
2017-11-30,20,8.16667,0.0,1.5,84,70.11,27.14,-11.0977,-61.7925,371.28,0
2017-11-30,21,8.66667,0.0,1.33333,83,65.5116,22.89,-15.3072,-36.6298,372.764,0
2017-11-30,22,9.66667,0.0,1.16667,82,57.6853,45.07,-19.8994,-5.54328,367.2,0
2018-10-01,0,6.0,0.0,8.5,79,21.0111,60.5965,-27.7588,-20.8734,536.057,0
2018-10-01,1,6.0,0.0,7.66667,78,20.495,55.0653,-13.2916,-18.1946,517.029,0
2018-10-01,2,6.16667,0.0,7.0,88,21.9988,56.8324,1.70623,-19.2114,538.65,0
2018-10-01,3,6.33333,0.0,6.5,89,25.3522,54.6688,8.70623,-19.2114,480.0,0
2018-10-01,4,6.16667,0.0,6.16667,92,28.1039,54.1329,22.0973,-16.1499,498.343,0
2018-10-01,5,5.5,0.0,5.5,95,31.1353,50.5771,18.7928,-17.6806,540.6,0
2018-10-01,6,4.5,0.0,4.83333,96,34.7,47.7647,19.4999,-18.3878,582.4,0
2018-10-01,7,4.33333,0.0,4.5,96,38.58,48.34,20.2653,-20.2355,600.0,0
2018-10-01,8,3.66667,0.0,4.16667,100,41.384,42.7156,32.0969,-11.1567,635.04,0
2018-10-01,9,3.33333,0.0,4.33333,100,40.1053,36.86,35.0969,-11.1567,624.24,0
2018-10-01,10,3.83333,0.0,5.5,74,34.2876,25.5229,35.804,-4.7927,648.96,0
2018-10-01,11,4.5,0.0,7.33333,61,32.995,13.2776,46.3396,-1.25715,659.85,0
2018-10-01,12,5.33333,0.0,9.5,51,33.6844,9.81444,34.804,-4.7927,707.143,0
2018-10-01,13,5.33333,0.0,11.6667,42,31.2229,8.14706,34.804,-4.7927,707.143,0
2018-10-01,14,5.5,0.0,14.1667,40,28.07,7.335,33.804,-4.7927,715.0,0
2018-10-01,15,5.66667,0.0,16.5,42,25.7694,6.56706,37.804,-4.7927,683.4,0
2018-10-01,16,5.5,0.0,17.6667,46,28.4613,6.29882,28.2684,-8.32825,660.0,0
2018-10-01,17,5.33333,0.0,18.0,55,35.5682,10.1863,23.1005,1.75734,604.2,0
2018-10-01,18,5.16667,0.0,17.8333,60,46.9544,15.1261,19.9289,4.58578,603.2,0
2018-10-01,19,5.33333,0.0,17.1667,69,55.6012,25.0683,22.9289,4.58578,540.0,0
2018-10-01,20,5.66667,0.51,16.1667,71,55.7953,27.115,32.2245,4.4361,540.0,0
2018-10-01,21,5.33333,0.51,14.8333,72,55.47,27.7918,23.2168,5.67557,595.2,0
2018-10-01,22,5.33333,0.51,13.6667,73,57.8594,26.5831,20.4451,4.52753,599.657,0
2018-10-01,23,5.33333,0.51,13.0,73,56.6012,20.4917,7.90185,2.23145,604.2,0
2018-10-02,0,5.16667,0.51,12.3333,75,54.8541,21.0111,-1.79367,0.70073,620.1,0
2018-10-02,1,5.33333,0.51,11.5,83,53.2259,20.495,-0.79367,0.70073,610.56,0
2018-10-02,2,6.16667,0.0,11.0,71,53.3244,21.9988,8.39876,11.6273,561.0,0
2018-10-02,3,6.83333,0.0,10.6667,71,52.6106,25.3522,5.57032,13.7989,480.0,0
2018-10-02,4,6.83333,0.0,10.1667,70,47.76,28.1039,-0.42968,20.7989,480.0,0
2018-10-02,5,7.33333,0.0,9.5,69,39.2313,31.1353,-6.89684,24.1201,480.0,0
2018-10-02,6,8.0,0.0,9.0,72,35.635,34.7,1.41808,34.5642,457.6,0
2018-10-02,7,8.16667,0.0,9.0,67,39.8765,38.58,10.6569,47.391,399.36,0
2018-10-02,8,8.33333,0.0,8.83333,65,43.4512,41.384,5.65688,56.391,374.85,0
2018-10-02,9,9.5,0.0,8.66667,67,44.3294,40.1053,0.0,61.0,360.0,0
2018-10-02,10,10.6667,0.0,8.83333,68,44.4518,34.2876,0.0,51.0,326.4,0
2018-10-02,11,11.8333,0.25,9.33333,65,38.4429,32.995,9.19243,56.0104,263.467,0
2018-10-02,12,12.8333,0.25,9.83333,65,33.3722,33.6844,19.092,50.9448,265.5,0
2018-10-02,13,12.6667,0.25,10.1667,77,29.3612,31.2229,29.6986,52.803,248.571,0
2018-10-02,14,12.3333,0.25,10.5,74,25.0235,28.07,29.6986,60.803,240.0,0
2018-10-02,15,11.8333,0.25,10.8333,69,27.1912,25.7694,29.6986,56.803,269.077,0
2018-10-02,16,10.8333,0.25,10.8333,74,30.0965,28.4613,20.5062,55.7925,297.6,0
2018-10-02,17,10.0,0.0,10.6667,73,37.7494,35.5682,10.6066,49.8582,378.88,0
2018-10-02,18,9.16667,0.0,10.5,70,41.5294,46.9544,10.6066,58.8582,352.0,0
2018-10-02,19,9.5,0.0,10.0,78,48.9506,55.6012,0.0,55.0,341.85,0
2018-10-02,20,9.66667,0.0,9.33333,73,47.4028,55.7953,7.0711,56.2388,337.08,0
2018-10-02,21,9.83333,0.0,8.66667,72,44.8171,55.47,14.8493,56.4015,335.345,0
2018-10-02,22,10.1667,0.0,8.16667,78,35.0535,57.8594,14.8493,50.4015,326.8,0
2018-10-02,23,10.1667,0.0,7.5,72,25.8294,56.6012,11.4052,49.7164,334.08,0
2018-10-03,0,10.0,0.0,6.83333,62,19.3433,54.8541,5.0412,46.0804,346.92,0
2018-10-03,1,9.66667,0.0,6.66667,61,15.5965,53.2259,-3.27372,49.5245,300.0,0
2018-10-03,2,9.5,0.0,6.66667,56,11.6735,53.3244,-2.34482,40.2857,335.345,0
2018-10-03,3,9.83333,0.0,6.66667,56,8.71778,52.6106,-19.3618,33.9498,357.5,0
2018-10-03,4,11.3333,0.0,6.66667,58,7.29118,47.76,-32.2962,27.3074,300.0,0
2018-10-03,5,13.3333,0.0,7.0,61,7.74556,39.2313,-39.1179,19.5167,240.0,0
2018-10-03,6,15.5,0.51,7.33333,63,7.73588,35.635,-44.4135,27.0951,203.914,0
2018-10-03,7,17.6667,0.51,7.5,65,7.26389,39.8765,-39.8981,42.0629,163.4,0
2018-10-03,8,19.6667,0.51,7.83333,65,7.43778,43.4512,-31.3046,54.5761,159.6,0
2018-10-03,9,19.6667,0.51,8.33333,69,8.534,44.3294,-16.4552,61.7268,158.564,0
2018-10-03,10,20.6667,0.51,8.83333,71,12.0072,44.4518,-17.9358,51.301,204.8,0
2018-10-03,11,20.0,0.51,9.5,67,9.86235,38.4429,-9.89954,55.8995,189.382,0
2018-10-03,12,19.3333,0.0,10.1667,61,10.4224,33.3722,-16.4051,49.6055,187.114,0
2018-10-03,13,19.6667,0.0,10.8333,56,8.74111,29.3612,-6.50556,57.706,204.75,0
2018-10-03,14,20.1667,1.09,11.5,48,6.36647,25.0235,9.75797,49.9695,179.082,0
2018-10-03,15,20.6667,1.09,12.1667,52,5.76529,27.1912,33.9413,51.9413,131.733,0
2018-10-03,16,19.8333,1.09,12.5,58,6.95833,30.0965,45.9622,49.6472,163.409,0
2018-10-03,17,19.8333,1.09,12.3333,55,10.1494,37.7494,43.1337,50.9374,196.608,0
2018-10-03,18,19.6667,1.09,12.0,57,12.8394,41.5294,25.456,50.2597,216.847,0
2018-10-03,19,18.1667,1.09,11.6667,58,14.9406,48.9506,25.456,50.2597,225.095,0
2018-10-03,20,16.0,0.0,11.1667,56,19.6594,47.4028,35.3555,63.194,193.768,0
2018-10-03,21,14.8333,0.0,10.3333,56,21.6806,44.8171,30.4057,56.7268,233.365,0
2018-10-03,22,13.3333,0.0,9.66667,60,23.6459,35.0535,37.4768,48.9656,293.647,0
2018-10-03,23,12.3333,0.0,9.16667,65,22.3372,25.8294,44.5479,56.0367,274.447,0
2018-10-04,0,11.3333,0.0,8.66667,67,18.4961,19.3433,40.3053,50.4935,307.8,0
2018-10-04,1,11.5,0.0,8.33333,62,19.8629,15.5965,38.1839,47.7218,324.8,0
2018-10-04,2,11.5,0.0,7.83333,61,19.4582,11.6735,40.3053,50.4935,273.48,0
2018-10-04,3,11.6667,0.0,7.5,63,18.4233,8.71778,41.7195,52.3412,250.92,0
2018-10-04,4,11.6667,0.0,7.16667,62,17.2194,7.29118,42.4266,55.4328,250.364,0
2018-10-04,5,11.6667,0.0,6.83333,59,15.1024,7.74556,41.7195,54.5089,260.945,0
2018-10-04,6,11.6667,0.0,6.66667,68,15.1628,7.73588,33.9413,55.3462,295.68,0
2018-10-04,7,11.1667,0.0,6.33333,78,17.5876,7.26389,19.1251,51.6507,313.5,0
2018-10-04,8,10.8333,0.0,6.5,70,20.7371,7.43778,10.6398,52.5642,305.455,0
2018-10-04,9,11.1667,0.0,6.66667,61,23.2261,8.534,9.93272,51.6403,309.12,0
2018-10-04,10,12.6667,0.0,7.16667,68,21.1241,12.0072,12.054,54.4119,282.764,0
2018-10-04,11,13.5,0.0,8.0,59,15.1859,9.86235,29.6986,50.803,255.2,0
2018-10-04,12,13.8333,0.0,9.0,53,20.3865,10.4224,29.6986,54.803,199.68,0
2018-10-04,13,14.1667,0.0,10.0,49,11.2306,8.74111,31.82,57.5746,196.8,0
2018-10-04,14,14.1667,0.0,10.8333,51,9.38118,6.36647,32.5271,58.4985,230.4,0
2018-10-04,15,13.5,0.0,11.6667,45,10.7624,5.76529,26.1631,50.1836,288.225,0
2018-10-04,16,12.3333,0.0,12.3333,44,15.1394,6.95833,32.5271,58.4985,275.4,0
2018-10-04,17,11.5,0.0,12.3333,52,16.4982,10.1494,41.0124,53.585,289.385,0
2018-10-04,18,10.5,0.0,12.0,55,27.4383,12.8394,39.5982,49.3528,318.171,0
2018-10-04,19,8.83333,0.0,11.5,64,44.2339,14.9406,44.5479,54.3026,310.371,0
2018-10-04,20,7.33333,0.0,10.6667,67,55.4811,19.6594,37.4768,45.0638,389.88,0
2018-10-04,21,6.0,0.0,9.33333,84,60.9006,21.6806,38.1839,45.9877,443.52,0
2018-10-04,22,4.5,0.0,8.0,86,57.5147,23.6459,38.891,46.9115,495.0,0
2018-10-04,23,3.33333,0.0,6.66667,93,55.1606,22.3372,41.0124,49.6832,511.68,0
2018-10-05,0,2.83333,0.0,5.5,94,53.4761,18.4961,32.4106,44.1399,600.4,0
2018-10-05,1,2.83333,0.0,4.5,94,55.52,19.8629,29.5821,46.9683,593.6,0
2018-10-05,2,3.66667,0.0,3.66667,93,53.8131,19.4582,19.5226,40.1841,725.9,0
2018-10-05,3,3.83333,0.0,3.5,82,50.6706,18.4233,25.5226,40.1841,687.5,0
2018-10-05,4,3.66667,0.0,3.33333,83,48.0962,17.2194,27.5226,40.1841,715.5,0
2018-10-05,5,3.5,0.0,3.16667,92,43.5812,15.1024,28.9368,42.0319,739.5,0
2018-10-05,6,3.33333,0.0,3.0,100,38.6578,15.1628,23.4515,30.9453,907.527,0
2018-10-05,7,3.0,0.0,2.5,100,39.7188,17.5876,26.4515,30.9453,910.255,0
2018-10-05,8,2.66667,0.0,2.5,100,40.4567,20.7371,28.4515,30.9453,930.764,0
2018-10-05,9,3.33333,0.0,2.83333,89,32.32,23.2261,32.4515,30.9453,900.0,0
2018-10-05,10,4.16667,0.0,4.0,65,23.2217,21.1241,30.2166,25.4632,926.743,0
2018-10-05,11,5.16667,0.0,5.83333,52,19.9331,15.1859,28.7313,15.894,780.0,0
2018-10-05,12,6.0,0.0,8.0,45,16.0729,20.3865,19.1186,5.05888,717.6,0
2018-10-05,13,6.5,0.0,10.6667,43,13.8765,11.2306,33.6426,0.69972,691.2,0
2018-10-05,14,7.16667,0.0,13.0,44,10.92,9.38118,24.107,4.23527,642.6,0
2018-10-05,15,7.0,0.0,15.0,47,9.96941,10.7624,25.6928,2.38751,510.0,0
2018-10-05,16,6.66667,0.0,16.0,49,11.1059,15.1394,25.6928,2.38751,468.0,0
2018-10-05,17,6.5,0.0,16.5,57,15.7821,16.4982,18.1573,5.92306,477.0,0
2018-10-05,18,6.33333,0.0,16.3333,59,25.0116,27.4383,5.22294,0.56554,454.629,0
2018-10-05,19,6.66667,0.0,15.6667,69,32.5994,44.2339,-8.24422,-2.11322,482.4,0
2018-10-05,20,6.33333,0.0,14.5,74,31.6628,55.4811,7.0707,1.3309,503.25,0
2018-10-05,21,6.83333,0.0,13.1667,69,32.7471,60.9006,-5.17196,-2.91176,505.44,0
2018-10-05,22,7.33333,0.0,12.0,69,31.744,57.5147,-9.02745,-9.50875,486.0,0
2018-10-05,23,6.83333,0.0,10.8333,72,25.5394,55.1606,-24.4185,-12.5702,440.64,0
2018-10-06,0,7.0,0.0,9.83333,76,22.6376,53.4761,-32.954,-16.1057,440.64,1
2018-10-06,1,6.5,0.0,9.0,78,22.2506,55.52,-21.4185,-19.6413,436.05,1
2018-10-06,2,6.5,0.0,8.66667,73,21.3106,53.8131,-10.0274,-16.5798,490.629,1
2018-10-06,3,6.0,0.0,8.16667,75,21.2825,50.6706,2.43971,-13.9011,509.143,1
2018-10-06,4,5.5,0.0,7.66667,76,21.2344,48.0962,7.43971,-13.9011,480.0,1
2018-10-06,5,5.83333,0.0,7.33333,69,22.2306,43.5812,5.43971,-13.9011,499.8,1
2018-10-06,6,5.66667,0.0,7.16667,80,22.805,38.6578,16.6824,-9.65843,514.8,1
2018-10-06,7,5.83333,0.0,7.0,91,23.6619,39.7188,31.0734,-6.59699,532.65,1
2018-10-06,8,5.66667,0.0,7.0,81,23.6431,40.4567,43.4645,-3.53555,546.96,1
2018-10-06,9,5.83333,0.0,7.66667,73,24.5194,32.32,43.4645,-3.53555,588.0,1
2018-10-06,10,6.83333,0.0,8.66667,61,27.2469,23.2217,39.2218,-7.77821,540.0,1
2018-10-06,11,8.16667,0.0,10.3333,43,25.5737,19.9331,32.2218,-7.77821,505.44,1
2018-10-06,12,9.0,0.0,12.3333,41,25.0356,16.0729,37.2218,-7.77821,375.943,1
2018-10-06,13,10.5,0.0,14.8333,38,22.5931,13.8765,35.2218,-7.77821,318.24,1
2018-10-06,14,11.5,0.0,17.1667,39,21.8838,10.92,52.0,0.0,270.327,1
2018-10-06,15,12.8333,0.0,19.1667,37,23.1165,9.96941,30.8373,-4.20948,292.32,1
2018-10-06,16,13.1667,0.0,20.6667,39,22.5475,11.1059,29.8373,-4.20948,286.7,1
2018-10-06,17,13.3333,0.0,21.3333,47,25.6359,15.7821,30.8373,-4.20948,286.971,1
2018-10-06,18,13.5,0.0,21.3333,60,29.5571,25.0116,32.8373,-4.20948,248.727,1
2018-10-06,19,12.8333,0.0,20.6667,60,34.3441,32.5994,56.0,0.0,248.571,1
2018-10-06,20,12.5,0.0,19.6667,59,37.7629,31.6628,32.7612,-3.8268,281.538,1
2018-10-06,21,11.6667,0.0,18.3333,60,33.1669,32.7471,24.4463,-7.27092,259.2,1
2018-10-06,22,10.3333,0.0,17.0,59,34.6819,31.744,8.00216,-15.5858,323.025,1
2018-10-06,23,10.0,0.0,15.8333,57,34.0582,25.5394,4.46661,-19.1214,340.2,1
2018-10-07,0,9.66667,0.0,15.0,59,33.7759,22.6376,2.46661,-19.1214,332.677,1
2018-10-07,1,8.83333,0.0,14.3333,64,32.3187,22.2506,0.46661,-19.1214,324.48,1
2018-10-07,2,8.16667,0.0,13.8333,64,32.8824,21.3106,7.79201,-19.914,380.8,1
2018-10-07,3,7.5,0.0,13.3333,67,35.18,21.2825,12.792,-19.914,374.0,1
2018-10-07,4,7.5,0.0,13.0,63,34.9675,21.2344,17.5714,-20.0054,432.667,1
2018-10-07,5,5.66667,0.0,12.6667,66,36.1512,22.2306,14.0358,-23.541,420.0,1
2018-10-07,6,5.0,0.51,12.3333,75,38.0875,22.805,15.3586,-17.3474,461.76,1
2018-10-07,7,5.33333,0.51,12.3333,73,40.165,23.6619,12.427,-16.4906,541.114,1
2018-10-07,8,6.0,0.51,12.5,73,42.7444,23.6431,5.95985,-19.1693,508.114,1
2018-10-07,9,6.83333,0.51,12.8333,71,44.37,24.5194,-16.3551,-22.6135,541.964,1
2018-10-07,10,7.83333,0.51,13.5,67,46.0469,27.2469,-34.6805,-21.8209,505.44,1
2018-10-07,11,8.5,0.51,14.6667,52,47.155,25.5737,-25.1449,-18.2853,419.76,1
2018-10-07,12,9.0,0.48,16.0,50,48.335,25.0356,-25.9552,-15.3072,393.6,1
2018-10-07,13,9.5,0.48,17.5,44,48.4075,22.5931,-9.48804,-12.6284,345.257,1
2018-10-07,14,9.5,0.48,19.0,45,47.0794,21.8838,6.97912,-9.94968,325.867,1
2018-10-07,15,8.83333,0.48,20.6667,43,46.7056,23.1165,24.294,-6.50556,337.08,1
2018-10-07,16,8.66667,0.48,21.8333,52,46.8363,22.5475,29.2902,1.5639,398.618,1
2018-10-07,17,8.83333,0.48,22.3333,58,48.3329,25.6359,14.4634,10.8027,377.143,1
2018-10-07,18,8.5,0.0,22.5,75,48.6941,29.5571,15.2737,19.1383,389.88,1
2018-10-07,19,7.66667,0.0,22.0,80,52.2671,34.3441,10.9305,26.5294,417.72,1
2018-10-07,20,6.5,0.0,21.0,77,52.2529,37.7629,14.4661,31.1488,414.72,1
2018-10-07,21,6.0,0.0,19.5,84,53.8906,33.1669,15.8803,32.9965,449.28,1
2018-10-07,22,4.83333,0.0,18.1667,86,52.1063,34.6819,8.00164,35.7682,549.067,1
2018-10-07,23,4.16667,0.0,16.6667,89,50.1562,34.0582,10.123,38.5398,564.667,1
2018-10-08,0,4.0,0.0,15.3333,85,38.9576,33.7759,10.123,42.5398,557.6,0
2018-10-08,1,4.33333,0.0,14.3333,81,24.5312,32.3187,6.07274,47.4896,540.0,0
2018-10-08,2,5.33333,0.0,13.5,82,13.2729,32.8824,15.2652,48.1967,591.48,0
2018-10-08,3,6.16667,0.0,12.8333,82,8.36,35.18,26.483,42.0193,596.25,0
2018-10-08,4,7.0,0.0,12.1667,82,7.32812,34.9675,39.5309,39.4239,596.25,0
2018-10-08,5,7.66667,0.0,11.6667,83,7.66937,36.1512,41.2651,35.0943,540.0,0
2018-10-08,6,7.33333,0.0,11.0,86,10.0731,38.0875,41.585,28.9169,420.0,0
2018-10-08,7,7.66667,0.0,10.3333,88,14.1053,40.165,44.0831,24.0587,460.8,0
2018-10-08,8,7.33333,0.0,9.83333,88,17.1194,42.7444,48.1333,19.1089,425.829,0
2018-10-08,9,7.0,0.0,9.66667,82,15.9044,44.37,49.1836,14.1592,453.6,0
2018-10-08,10,6.83333,0.0,9.83333,72,17.7288,46.0469,55.1836,14.1592,420.0,0
2018-10-08,11,6.83333,0.0,10.1667,68,19.1767,47.155,52.7423,6.14795,436.05,0
2018-10-08,12,6.83333,0.0,10.8333,62,21.2318,48.335,51.0081,-2.57037,436.05,0
2018-10-08,13,6.16667,0.0,11.8333,58,25.2219,48.4075,45.5305,-10.2512,486.0,0
2018-10-08,14,6.0,0.0,12.8333,55,28.4306,47.0794,36.2261,-17.932,505.44,0
2018-10-08,15,5.5,0.0,13.6667,55,33.0469,46.7056,26.9872,-21.7589,549.067,0
2018-10-08,16,5.33333,0.0,14.3333,55,36.8262,46.8363,24.8659,-23.8802,564.667,0
2018-10-08,17,5.0,0.0,15.0,57,39.4853,48.3329,13.5698,-29.4235,583.0,0
2018-10-08,18,5.16667,0.0,14.8333,72,44.5029,48.6941,11.8125,-33.6661,583.0,0
2018-10-08,19,5.33333,0.0,14.3333,76,53.6124,52.2671,8.10858,-39.2094,595.2,0
2018-10-08,20,5.5,0.0,13.6667,81,51.7406,52.2529,10.4047,-44.7527,540.0,0
2018-10-08,21,5.83333,0.0,12.8333,86,50.67,53.8906,7.75097,-45.3462,577.2,0
2018-10-08,22,5.66667,0.0,11.6667,91,49.7753,52.1063,2.09409,-44.6893,586.56,0
2018-10-08,23,5.5,0.0,10.5,95,51.4712,50.1562,-1.73271,-44.6893,586.56,0
2018-10-09,0,5.33333,0.0,10.0,90,47.5482,38.9576,-1.73271,-44.6893,586.56,0
2018-10-09,1,5.0,0.0,9.5,90,44.8819,24.5312,2.88669,-47.7759,540.0,0
2018-10-09,2,4.66667,0.0,9.16667,89,41.0269,13.2729,3.4773,-49.3501,582.4,0
2018-10-09,3,4.5,0.0,8.83333,88,42.9507,8.36,4.24266,-47.5023,626.4,0
2018-10-09,4,4.33333,0.0,8.66667,87,42.3894,7.32812,2.71194,-51.1979,600.0,0
2018-10-09,5,4.33333,0.0,8.5,86,42.5769,7.66937,-4.35916,-49.7836,644.8,0
2018-10-09,6,4.16667,0.0,8.33333,80,42.5906,10.0731,-10.1908,-47.7759,667.8,0
2018-10-09,7,4.16667,0.0,8.33333,79,43.0894,14.1053,-15.3153,-45.0611,715.0,0
2018-10-09,8,4.16667,0.0,8.33333,92,45.1956,17.1194,-19.0108,-46.5918,683.4,0
2018-10-09,9,4.33333,0.0,8.83333,83,44.7687,15.9044,-21.3069,-45.0485,711.36,0
2018-10-09,10,4.5,0.0,9.5,83,44.7556,17.7288,-23.2203,-44.6679,711.36,0
2018-10-09,11,3.83333,0.0,10.6667,70,43.945,19.1767,-21.3069,-45.0485,711.36,0
2018-10-09,12,3.83333,0.0,12.0,65,42.5241,21.2318,-21.3069,-46.0485,746.64,0
2018-10-09,13,3.83333,0.0,13.3333,60,41.936,25.2219,-22.222,-44.2575,773.76,0
2018-10-09,14,4.0,0.0,14.8333,58,41.6406,28.4306,-23.7527,-35.562,780.0,0
2018-10-09,15,4.0,0.0,16.1667,54,40.3581,33.0469,-25.7575,-28.331,749.7,0
2018-10-09,16,4.16667,0.0,17.1667,56,39.6544,36.8262,-24.2268,-29.6354,720.0,0
2018-10-09,17,4.83333,0.0,17.5,53,45.59,39.4853,-13.8676,-23.1115,737.76,0
2018-10-09,18,5.0,0.0,17.3333,61,49.5069,44.5029,-10.3321,-14.5759,717.6,0
2018-10-09,19,5.16667,0.0,16.6667,71,62.3394,53.6124,-3.96808,-8.21194,688.5,0
2018-10-09,20,4.66667,0.0,15.6667,81,67.6777,51.7406,4.34684,-4.76782,660.0,0
2018-10-09,21,4.66667,0.0,14.1667,92,69.5581,50.67,6.1946,-0.00246006,737.76,0
2018-10-09,22,4.0,0.0,12.6667,87,67.8538,49.7753,12.7274,2.70354,737.76,0
2018-10-09,23,3.5,0.0,11.1667,95,64.4378,51.4712,14.5752,1.93818,746.64,0
2018-10-10,0,3.0,0.0,10.0,94,64.7,47.5482,15.9894,5.52396,720.0,0
2018-10-10,1,2.5,0.0,9.16667,88,65.1894,44.8819,16.7547,4.6762,780.0,0
2018-10-10,2,2.83333,0.0,8.16667,100,62.0,41.0269,15.9894,2.82844,780.0,0
2018-10-10,3,2.33333,0.0,7.5,96,60.5806,42.9507,17.2871,1.96136,780.0,0
2018-10-10,4,2.16667,0.0,6.83333,98,60.3481,42.3894,18.0525,-3.58192,864.96,0
2018-10-10,5,2.16667,0.0,6.33333,96,58.8235,42.5769,17.6698,-4.5058,898.56,0
2018-10-10,6,2.33333,0.0,6.0,93,58.4719,42.5906,16.9044,-6.35356,900.0,0
2018-10-10,7,2.33333,0.0,5.16667,100,57.6773,43.0894,19.2919,-12.6607,960.96,0
2018-10-10,8,2.16667,0.0,5.0,100,56.0981,45.1956,18.5266,-14.5085,960.0,0
2018-10-10,9,2.66667,0.0,5.33333,100,52.0262,44.7687,18.5266,-12.5085,1049.4,0
2018-10-10,10,3.66667,0.0,6.83333,78,50.6487,44.7556,12.5266,-17.5085,1055.76,0
2018-10-10,11,3.83333,0.0,8.66667,59,42.7969,43.945,12.5266,-29.5085,991.44,0
2018-10-10,12,4.33333,0.0,10.6667,54,35.4731,42.5241,8.99102,-36.0441,1055.76,0
2018-10-10,13,5.0,0.0,13.5,47,27.2844,41.936,8.52386,-38.7228,1023.84,0
2018-10-10,14,6.0,0.0,16.1667,48,27.1119,41.6406,-0.3382,-41.0521,900.0,0
2018-10-10,15,6.16667,0.0,18.3333,44,24.6431,40.3581,-7.0443,-43.4919,749.7,0
2018-10-10,16,6.0,0.0,19.3333,44,28.9841,39.6544,-8.6082,-41.2674,600.0,0
2018-10-10,17,6.83333,0.0,19.8333,58,36.8435,45.59,-8.22552,-40.3435,540.8,0
2018-10-10,18,7.16667,0.0,19.3333,86,47.3376,49.5069,-8.22552,-40.3435,528.0,0
2018-10-10,19,7.5,0.0,18.3333,93,59.5565,62.3394,-5.16408,-40.7346,448.8,0
2018-10-10,20,7.33333,0.0,17.0,88,62.6324,67.6777,-8.10264,-45.1256,451.0,0
2018-10-10,21,7.5,0.0,15.5,89,65.52,69.5581,-0.79854,-48.274,448.0,0
2018-10-10,22,7.5,0.0,14.0,89,63.01,67.8538,5.32434,-46.4262,451.0,0
2018-10-10,23,6.83333,0.0,12.5,87,63.7812,64.4378,9.567,-48.1836,451.0,0
2018-10-11,0,6.16667,0.0,11.5,86,64.3067,64.7,6.73856,-51.012,438.6,0
2018-10-11,1,5.16667,0.0,10.5,100,64.81,65.1894,9.03464,-49.4687,503.25,0
2018-10-11,2,4.5,0.0,9.5,100,64.4644,62.0,8.26928,-51.3165,532.65,0
2018-10-11,3,4.16667,0.0,8.66667,100,65.6514,60.5806,9.8,-47.012,607.05,0
2018-10-11,4,4.0,0.0,7.83333,100,62.7059,60.3481,11.7134,-51.6314,577.2,0
2018-10-11,5,4.16667,0.0,7.16667,100,61.4719,58.8235,8.65196,-49.2404,635.25,0
2018-10-11,6,4.33333,0.0,6.66667,100,59.1106,58.4719,8.65196,-54.2404,600.0,0
2018-10-11,7,4.66667,0.0,6.16667,96,56.7718,57.6773,5.59052,-51.8493,659.85,0
2018-10-11,8,5.0,0.0,6.16667,99,59.0013,56.0981,-0.29936,-47.2867,729.6,0
2018-10-11,9,4.5,0.0,6.66667,99,53.3106,52.0262,-2.59544,-52.83,660.0,0
2018-10-11,10,4.83333,0.0,7.83333,83,53.3444,50.6487,-6.03956,-48.2106,756.0,0
2018-10-11,11,5.5,0.0,9.33333,64,48.5331,42.7969,-8.71832,-48.6778,688.5,0
2018-10-11,12,5.83333,0.0,11.3333,59,44.5513,35.4731,-5.12452,-49.0016,592.8,0
2018-10-11,13,6.83333,0.0,13.8333,52,41.6779,27.2844,-6.65524,-52.306,540.0,0
2018-10-11,14,7.16667,0.0,16.3333,49,39.1067,27.1119,-8.56864,-52.6866,480.0,0
2018-10-11,15,8.5,0.0,18.5,42,36.7343,24.6431,-14.2255,-48.3435,443.7,0
2018-10-11,16,8.83333,0.0,20.0,44,37.2764,28.9841,-4.50884,-47.3628,393.6,0
2018-10-11,17,8.83333,0.0,21.0,64,42.3193,36.8435,-5.2742,-49.2106,380.8,0
2018-10-11,18,9.5,0.0,21.0,92,48.198,47.3376,-5.2742,-49.2106,361.029,0
2018-10-11,19,9.5,0.0,20.1667,86,52.8806,59.5565,-1.06472,-52.3733,337.08,0
2018-10-11,20,9.33333,0.0,18.8333,80,53.8406,62.6324,-1.06472,-52.3733,313.65,0
2018-10-11,21,9.33333,0.0,17.1667,92,54.1875,65.52,4.59216,-53.7164,349.92,0
2018-10-11,22,8.83333,0.0,15.5,90,54.6219,63.01,0.76536,-54.4776,339.2,0
2018-10-11,23,8.33333,0.0,14.0,77,53.8329,63.7812,4.20948,-52.1627,380.8,0
2018-10-12,0,7.5,0.0,13.0,81,52.7324,64.3067,1.9134,-57.706,360.0,0
2018-10-12,1,6.5,0.0,12.3333,82,54.4738,64.81,1.9134,-54.706,426.0,0
2018-10-12,2,6.33333,0.0,11.6667,83,52.9124,64.4644,0.38268,-58.4015,433.964,0
2018-10-12,3,5.33333,0.0,11.0,85,52.8469,65.6514,-3.8268,-54.2388,495.0,0
2018-10-12,4,4.66667,0.0,10.5,87,52.5369,62.7059,-3.8268,-58.2388,495.72,0
2018-10-12,5,4.0,0.0,9.83333,88,51.12,61.4719,-3.8268,-50.2388,595.2,0
2018-10-12,6,3.33333,0.0,9.0,100,50.1256,59.1106,-4.59216,-52.0866,620.229,0
2018-10-12,7,3.0,0.0,8.33333,96,52.2744,56.7718,-5.35752,-53.9343,641.829,0
2018-10-12,8,3.0,0.0,7.83333,100,48.7312,59.0013,-6.77174,-55.3485,660.0,0
2018-10-12,9,3.0,0.0,8.16667,88,44.4356,53.3106,-6.77174,-54.3485,738.72,0
2018-10-12,10,3.83333,0.0,9.33333,67,39.8635,53.3444,-8.30246,-58.0441,720.0,0
2018-10-12,11,4.16667,0.0,11.1667,50,34.27,48.5331,-14.7696,-44.7228,781.0,0
2018-10-12,12,4.5,0.0,13.1667,50,32.0537,44.5513,-18.4651,-46.2535,744.6,0
2018-10-12,13,5.33333,0.0,15.5,43,28.5,41.6779,-19.8646,-42.241,795.0,0
2018-10-12,14,5.5,0.0,18.1667,37,25.0806,39.1067,-14.9148,-29.7738,720.0,0
2018-10-12,15,6.33333,0.0,20.3333,34,23.5953,36.7343,-6.91693,-17.3995,747.3,0
2018-10-12,16,6.16667,0.0,21.5,36,27.9265,37.2764,2.84843,-9.55178,540.0,0
2018-10-12,17,7.0,0.0,22.0,44,31.2359,42.3193,11.028,-6.2898,520.0,0
2018-10-12,18,7.16667,0.0,22.1667,49,39.0235,48.198,21.5587,3.40572,490.629,0
2018-10-12,19,7.33333,0.0,21.5,59,53.2988,52.8806,24.4903,2.54893,492.9,0
2018-10-12,20,6.83333,0.0,20.0,72,64.6044,53.8406,28.8199,-1.78067,460.8,0
2018-10-12,21,6.16667,0.0,18.0,74,62.0013,54.1875,28.8199,-5.78067,454.629,0
2018-10-12,22,5.83333,0.0,15.8333,89,54.9169,54.6219,27.4057,-7.62843,490.629,0
2018-10-12,23,5.5,0.0,14.0,79,55.5435,53.8329,27.4057,-11.6284,480.0,0
2018-10-13,0,4.83333,0.0,12.3333,82,56.7376,52.7324,20.9386,-21.3072,513.067,1
2018-10-13,1,3.66667,0.0,10.8333,93,54.6869,54.4738,20.5559,-22.2311,557.6,1
2018-10-13,2,3.66667,0.0,9.83333,88,52.7759,52.9124,20.1732,-23.1549,600.0,1
2018-10-13,3,2.83333,0.0,9.0,94,50.9744,52.8469,15.1732,-23.1549,644.8,1
2018-10-13,4,2.66667,0.0,8.33333,99,51.7313,52.5369,15.1732,-23.1549,707.2,1
2018-10-13,5,2.16667,0.0,7.5,97,52.3075,51.12,11.2945,-25.2763,827.467,1
2018-10-13,6,2.16667,0.0,6.83333,89,55.3669,50.1256,15.2945,-25.2763,806.4,1
2018-10-13,7,2.5,0.0,6.5,100,53.9075,52.2744,16.2945,-25.2763,848.0,1
2018-10-13,8,2.0,0.0,6.5,100,52.385,48.7312,19.0662,-26.4243,840.0,1
2018-10-13,9,2.16667,0.0,6.33333,100,50.5262,44.4356,10.9901,-26.807,959.04,1
2018-10-13,10,2.33333,0.0,7.66667,70,47.5863,39.8635,11.6972,-27.5141,992.16,1
2018-10-13,11,2.16667,0.0,9.16667,66,42.3031,34.27,15.2327,-27.9786,1085.85,1
2018-10-13,12,3.0,0.0,11.0,56,37.2969,32.0537,15.2327,-30.9786,1069.2,1
2018-10-13,13,3.66667,0.0,13.6667,43,35.6006,28.5,24.2941,-23.5875,1029.6,1
2018-10-13,14,4.5,0.0,16.1667,43,30.1362,25.0806,31.2941,-19.5875,960.0,1
2018-10-13,15,5.33333,0.0,19.1667,39,29.6244,23.5953,27.7586,-26.2069,1037.14,1
2018-10-13,16,5.66667,0.0,20.5,38,38.2418,27.9265,25.4625,-13.6636,900.0,1
2018-10-13,17,6.16667,0.0,21.6667,53,49.98,31.2359,19.9318,-17.3592,790.4,1
2018-10-13,18,6.66667,0.0,22.1667,71,57.5088,39.0235,22.0531,-19.4805,720.0,1
2018-10-13,19,6.83333,0.0,21.5,83,69.3635,53.2988,19.0145,-23.6066,504.9,1
2018-10-13,20,7.16667,0.0,20.1667,81,71.6041,64.6044,19.0145,-24.6066,457.6,1
2018-10-13,21,7.83333,0.0,18.3333,85,70.7694,62.0013,16.0759,-31.9977,437.143,1
2018-10-13,22,7.83333,0.0,16.5,96,70.76,54.9169,9.07593,-35.9977,413.4,1
2018-10-13,23,7.83333,0.0,14.8333,82,69.7156,55.5435,9.07593,-47.0842,413.4,1
2018-10-14,0,6.83333,0.0,13.3333,83,66.9188,56.7376,9.07593,-47.0842,413.4,1
2018-10-14,1,6.16667,0.0,12.0,88,66.3859,54.6869,9.07593,-50.0842,420.0,1
2018-10-14,2,5.5,0.0,11.1667,83,67.2394,52.7759,3.30255,-49.5371,498.667,1
2018-10-14,3,4.66667,0.0,10.5,86,67.8713,50.9744,3.30255,-53.5371,496.4,1
2018-10-14,4,4.5,0.0,9.83333,94,62.5294,51.7313,-3.06144,-52.1731,550.8,1
2018-10-14,5,4.16667,0.0,9.0,89,61.8347,52.3075,1.55796,-46.0865,607.05,1
2018-10-14,6,4.33333,0.0,8.33333,90,58.7565,55.3669,1.55796,-50.0865,596.25,1
2018-10-14,7,4.33333,0.0,7.66667,100,56.2718,53.9075,-1.50348,-46.6955,700.92,1
2018-10-14,8,4.0,0.0,7.5,95,61.1447,52.385,-3.0342,-50.391,693.0,1
2018-10-14,9,4.16667,0.0,7.16667,100,51.1265,50.5262,-3.79956,-52.2388,718.68,1
2018-10-14,10,4.83333,0.0,8.66667,60,41.9244,47.5863,-3.79956,-48.2388,731.4,1
2018-10-14,11,5.0,0.0,10.6667,50,34.1594,42.3031,-9.8184,-46.1396,660.0,1
2018-10-14,12,5.83333,0.0,13.1667,39,31.2425,37.2969,-12.1417,-39.5097,655.2,1
2018-10-14,13,7.66667,0.0,16.0,35,28.4906,35.6006,-1.611,-31.8142,586.56,1
2018-10-14,14,9.5,0.0,18.5,38,25.1729,30.1362,8.7696,-20.9008,420.0,1
2018-10-14,15,10.8333,0.0,21.1667,34,22.1987,29.6244,-0.944759,-10.3324,340.267,1
2018-10-14,16,11.3333,0.0,22.1667,39,21.2125,38.2418,25.9896,-4.97484,270.667,1
2018-10-14,17,12.3333,0.0,22.1667,41,23.2753,49.98,5.903,-9.567,273.28,1
2018-10-14,18,12.5,0.0,21.6667,38,30.15,57.5088,-4.25968,-13.7765,240.0,1
2018-10-14,19,11.3333,0.0,20.6667,44,36.6894,69.3635,-28.4985,-17.6033,269.077,1
2018-10-14,20,10.5,0.0,19.0,49,38.2371,71.6041,-22.1449,-18.2853,328.714,1
2018-10-14,21,9.5,0.0,17.3333,52,38.5281,70.7694,-27.8018,-23.9422,310.371,1
2018-10-14,22,8.83333,0.0,15.8333,52,38.7188,70.76,-47.4587,-29.5991,357.5,1
2018-10-14,23,8.33333,0.0,14.8333,54,36.9419,69.7156,-43.7632,-28.0684,398.618,1
2018-10-15,0,8.0,0.0,13.6667,52,34.5813,66.9188,-51.1542,-31.1298,360.0,0
2018-10-15,1,7.5,0.0,12.6667,55,32.2653,66.3859,-32.9915,-26.9203,386.88,0
2018-10-15,2,7.5,0.0,12.1667,51,32.4527,67.2394,-28.3721,-25.0069,437.25,0
2018-10-15,3,7.5,0.0,11.6667,52,32.61,67.8713,-30.1063,-22.4115,437.25,0
2018-10-15,4,7.0,0.0,11.0,57,32.5238,62.5294,-31.8404,-19.816,437.25,0
2018-10-15,5,6.16667,0.0,10.0,62,31.1562,61.8347,-36.4598,-17.9026,420.0,0
2018-10-15,6,5.83333,0.0,9.16667,67,31.9006,58.7565,-33.5746,-11.0977,503.25,0
2018-10-15,7,6.0,0.0,8.5,79,33.426,56.2718,-20.1836,-8.03628,538.65,0
2018-10-15,8,5.66667,0.0,8.16667,74,34.5582,61.1447,-14.6403,-10.3324,497.25,0
2018-10-15,9,5.66667,0.0,7.66667,87,32.7569,51.1265,-1.70596,-9.567,532.65,0
2018-10-15,10,6.5,0.0,8.66667,52,24.9912,41.9244,-2.31492,-12.6284,480.0,0
2018-10-15,11,7.33333,0.0,10.6667,37,17.6582,34.1594,0.45672,-11.4804,520.8,0
2018-10-15,12,8.16667,0.0,13.0,32,15.2644,31.2425,4.78632,-15.81,483.36,0
2018-10-15,13,9.5,0.0,15.5,27,16.7656,28.4906,4.39915,-26.6497,377.4,0
2018-10-15,14,10.3333,0.0,18.1667,25,16.51,25.1729,1.31259,-22.0575,333.45,0
2018-10-15,15,10.8333,0.0,20.8333,28,15.9887,22.1987,-13.8567,-26.7743,309.12,0
2018-10-15,16,11.1667,0.0,21.8333,30,17.5994,21.2125,-14.7805,-27.1569,278.25,0
2018-10-15,17,11.6667,0.0,21.8333,33,20.9918,23.2753,-22.8057,-24.3581,260.945,0
2018-10-15,18,11.1667,0.0,21.3333,37,36.86,30.15,-25.1901,-20.7893,287.571,0
2018-10-15,19,10.1667,0.0,20.3333,46,42.2412,36.6894,-31.1901,-20.7893,329.018,0
2018-10-15,20,9.16667,0.0,18.3333,51,37.2094,38.2371,-23.1901,-20.7893,300.0,0
2018-10-15,21,8.66667,0.0,16.5,52,36.8056,38.5281,-15.4119,-18.0111,372.655,0
2018-10-15,22,8.0,0.0,15.0,52,34.1206,38.7188,-8.31068,-21.1927,420.0,0
2018-10-15,23,7.5,0.0,13.8333,46,31.6844,36.9419,-8.31068,-29.1927,384.8,0
2018-10-16,0,7.5,0.0,12.6667,51,30.3429,34.5813,-2.881,-30.2574,426.0,0
2018-10-16,1,7.33333,0.0,11.3333,62,30.33,32.2653,1.6248,-31.7048,437.25,0
2018-10-16,2,7.0,0.0,10.5,61,29.6359,32.4527,-11.325,-36.6546,453.6,0
2018-10-16,3,6.33333,0.0,9.66667,66,29.2194,32.61,-10.1769,-39.4262,469.05,0
2018-10-16,4,5.66667,0.0,8.83333,67,30.3407,32.5238,-21.0054,-42.2547,505.44,0
2018-10-16,5,5.0,0.0,7.83333,69,33.1612,31.1562,-23.8338,-45.0831,480.0,0
2018-10-16,6,4.0,0.0,7.0,71,35.6694,31.9006,-25.3645,-43.7786,550.8,0
2018-10-16,7,3.66667,0.0,6.66667,84,38.7494,33.426,-26.1299,-45.6264,577.2,0
2018-10-16,8,3.5,0.0,6.66667,82,38.5888,34.5582,-18.449,-36.3219,635.25,0
2018-10-16,9,3.66667,0.0,7.33333,67,38.335,32.7569,-16.449,-36.3219,659.85,0
2018-10-16,10,4.0,0.0,8.5,59,32.1,24.9912,-12.9135,-31.8575,722.4,0
2018-10-16,11,4.16667,0.0,10.1667,45,29.13,17.6582,-18.4568,-29.5614,660.0,0
2018-10-16,12,5.16667,0.0,12.3333,36,26.5025,15.2644,-17.4193,-21.9911,723.45,0
2018-10-16,13,5.33333,0.0,14.8333,34,26.7428,16.7656,-19.1535,-13.2728,704.229,0
2018-10-16,14,5.5,0.0,17.3333,31,27.8028,16.51,-20.895,-7.84747,683.7,0
2018-10-16,15,5.83333,0.0,19.3333,32,25.26,15.9887,-17.895,-7.84747,660.0,0
2018-10-16,16,6.16667,0.0,20.5,39,29.0244,17.5994,-17.1879,-7.14036,627.3,0
2018-10-16,17,6.5,0.0,21.0,40,39.1388,20.9918,-22.2829,-4.65852,540.0,0
2018-10-16,18,6.5,0.0,20.5,49,51.2561,36.86,-31.581,-13.0391,480.0,0
2018-10-16,19,6.83333,0.0,19.3333,56,55.8868,42.2412,-32.6347,-19.1906,483.36,0
2018-10-16,20,7.0,0.0,17.5,60,53.76,37.2094,-28.0153,-29.104,469.05,0
2018-10-16,21,6.83333,0.0,15.5,62,51.1982,36.8056,-22.155,-35.861,517.0,0
2018-10-16,22,6.16667,0.0,13.6667,64,49.86,34.1206,-20.8544,-37.8076,478.4,0
2018-10-16,23,5.83333,0.0,12.0,66,48.8542,31.6844,-25.3851,-41.5031,509.143,0
2018-10-17,0,5.16667,0.0,10.6667,70,49.8412,30.3429,-25.3851,-46.5031,480.0,0
2018-10-17,1,4.5,0.0,9.66667,73,48.5,30.33,-20.4353,-45.5533,550.8,0
2018-10-17,2,4.5,0.0,8.83333,75,46.5306,29.6359,-20.4353,-49.5533,540.0,0
2018-10-17,3,3.66667,0.0,8.33333,71,46.6478,29.2194,-13.0443,-50.4919,599.657,0
2018-10-17,4,3.33333,0.0,8.0,71,47.8582,30.3407,-13.0443,-51.4919,641.829,0
2018-10-17,5,2.83333,0.0,7.83333,72,46.9794,33.1612,-13.0443,-53.4919,660.0,0
2018-10-17,6,3.0,0.0,7.66667,70,48.3882,35.6694,-11.1309,-48.8725,789.6,0
2018-10-17,7,2.66667,0.0,7.33333,86,49.4975,38.7494,-9.2175,-53.4919,742.05,0
2018-10-17,8,2.33333,0.0,7.5,87,50.8088,38.5888,-5.3907,-47.9486,880.65,0
2018-10-17,9,2.5,0.0,8.0,72,49.0489,38.335,-5.3907,-49.9486,899.25,0
2018-10-17,10,3.16667,0.0,9.0,57,44.2256,32.1,-6.15606,-51.7964,914.25,0
2018-10-17,11,3.16667,0.0,10.5,46,42.8882,29.13,-11.6993,-46.0925,872.1,0
2018-10-17,12,3.16667,0.0,12.6667,37,36.9224,26.5025,-12.0164,-43.1623,979.0,0
2018-10-17,13,3.83333,0.0,15.1667,35,34.2584,26.7428,-7.01638,-43.1623,900.0,0
2018-10-17,14,4.5,0.0,17.5,35,34.6611,27.8028,-5.48566,-39.4668,928.56,0
2018-10-17,15,5.0,0.0,19.5,38,34.2265,25.26,-9.72832,-38.7094,872.1,0
2018-10-17,16,4.83333,0.0,20.8333,40,42.2911,29.0244,-14.3477,-32.796,840.0,0
2018-10-17,17,5.33333,0.0,21.5,43,51.5812,39.1388,-17.8833,-28.3316,780.0,0
2018-10-17,18,5.33333,0.0,21.3333,48,58.9653,51.2561,-21.7373,-21.5704,764.64,0
2018-10-17,19,5.16667,0.0,20.5,58,71.1067,55.8868,-23.6507,-21.951,703.8,0
2018-10-17,20,5.0,0.0,19.1667,60,74.5356,53.76,-20.8805,-21.6388,600.0,0
2018-10-17,21,5.0,0.0,17.3333,67,78.0571,51.1982,-16.5796,-23.3266,622.2,0
2018-10-17,22,4.83333,0.0,15.6667,67,77.1359,49.86,-11.102,-24.8846,610.56,0
2018-10-17,23,4.16667,0.0,14.0,67,75.9559,48.8542,-12.102,-24.8846,649.0,0
2018-10-18,0,3.5,0.0,12.5,73,74.8428,49.8412,-13.0258,-25.2673,691.2,0
2018-10-18,1,3.33333,0.0,11.5,71,74.7065,48.5,-13.9497,-25.6499,731.4,0
2018-10-18,2,2.5,0.0,10.5,80,71.5347,46.5306,-13.4026,-19.8765,781.0,0
2018-10-18,3,2.16667,0.0,9.83333,80,72.3706,46.6478,-13.4026,-19.8765,847.0,0
2018-10-18,4,1.66667,0.0,9.16667,83,72.2541,47.8582,-10.6309,-18.7285,832.0,0
2018-10-18,5,1.66667,0.0,8.66667,82,70.6324,46.9794,-9.92384,-18.0214,867.0,0
2018-10-18,6,1.66667,0.0,8.33333,81,71.4329,48.3882,-9.21673,-17.3143,900.0,0
2018-10-18,7,1.33333,0.0,7.66667,100,83.65,49.4975,-4.26696,-12.3645,1023.84,0
2018-10-18,8,1.83333,0.0,7.5,100,83.69,50.8088,-2.85274,-10.5168,1023.36,0
2018-10-18,9,2.0,0.0,7.66667,92,70.1624,49.0489,1.76666,-9.43016,1088.64,0
2018-10-18,10,2.83333,0.0,8.66667,73,73.2882,44.2256,1.76666,-5.43016,1020.0,0
2018-10-18,11,3.33333,0.0,9.83333,59,74.728,42.8882,9.92161,2.19199,1088.64,0
2018-10-18,12,4.16667,0.0,11.3333,53,75.4823,36.9224,12.75,5.88751,1020.0,0
2018-10-18,13,4.83333,0.0,13.3333,48,72.8355,34.2584,13.4572,18.6657,1088.64,0
2018-10-18,14,5.16667,0.0,15.3333,47,66.8372,34.6611,15.4649,24.4974,1055.76,0
2018-10-18,15,5.66667,0.0,17.1667,45,65.3923,34.2265,17.3783,34.1167,1029.6,0
2018-10-18,16,5.16667,0.0,18.0,48,66.5653,42.2911,21.6932,37.5609,872.1,0
2018-10-18,17,5.0,0.0,18.5,60,92.63,51.5812,28.1604,37.1782,816.0,0
2018-10-18,18,4.66667,0.0,18.3333,68,77.81,58.9653,26.8029,37.4444,720.0,0
2018-10-18,19,4.5,0.0,17.6667,76,84.9669,71.1067,26.8029,37.0108,665.6,0
2018-10-18,20,4.5,0.0,16.6667,83,89.974,74.5356,30.3385,38.6302,627.3,0
2018-10-18,21,4.0,0.0,15.1667,84,93.0233,78.0571,34.9579,32.7168,644.8,0
2018-10-18,22,3.66667,0.0,13.8333,89,87.2969,77.1359,38.9579,26.7168,655.2,0
2018-10-18,23,3.33333,0.0,12.5,88,85.8687,75.9559,39.9579,26.7168,688.5,0
2018-10-19,0,3.0,0.0,11.6667,85,83.548,74.8428,40.8818,27.0995,720.0,0
2018-10-19,1,3.0,0.0,11.1667,87,82.2973,74.7065,39.9011,24.1693,820.8,0
2018-10-19,2,2.66667,0.0,10.6667,88,80.9656,71.5347,40.2778,21.8401,847.0,0
2018-10-19,3,2.5,0.0,10.5,85,80.8487,72.3706,42.3992,23.9614,832.0,0
2018-10-19,4,2.83333,0.0,10.0,100,80.915,72.2541,38.9772,23.7867,894.24,0
2018-10-19,5,3.16667,0.0,9.83333,100,83.155,70.6324,41.0985,25.908,869.04,0
2018-10-19,6,3.33333,0.0,9.66667,95,81.615,71.4329,43.2199,23.6796,971.143,0
2018-10-19,7,3.0,0.0,9.66667,97,80.4,83.65,43.2199,26.6796,953.829,0
2018-10-19,8,3.5,0.0,9.83333,95,80.5318,83.69,36.7527,27.0009,977.6,0
2018-10-19,9,3.5,0.0,10.1667,89,81.3718,70.1624,36.1024,27.9742,938.1,0
2018-10-19,10,4.66667,0.0,11.0,72,81.9694,73.2882,38.2237,30.0955,900.0,0
2018-10-19,11,5.5,0.0,11.8333,73,82.3153,74.728,31.8597,32.6477,840.0,0
2018-10-19,12,6.33333,0.0,12.8333,64,82.0747,75.4823,21.3165,42.1784,660.0,0
2018-10-19,13,7.0,0.0,13.8333,57,81.59,72.8355,20.5062,45.1565,600.0,0
2018-10-19,14,7.66667,0.0,15.0,54,84.27,66.8372,19.092,45.2597,540.8,0
2018-10-19,15,8.66667,0.0,16.0,52,83.3844,65.3923,24.0417,45.7268,432.0,0
2018-10-19,16,8.16667,0.0,16.8333,52,86.1206,66.5653,24.0417,45.7268,403.68,0
2018-10-19,17,7.83333,0.0,17.1667,71,85.5356,92.63,28.9915,50.6766,373.32,0
2018-10-19,18,7.66667,0.0,17.0,72,86.4194,77.81,33.2342,46.2199,405.45,0
2018-10-19,19,7.33333,0.0,16.5,75,90.914,84.9669,38.1839,44.687,421.2,0
2018-10-19,20,6.33333,0.0,15.6667,80,90.4793,89.974,32.5271,44.0302,460.8,0
2018-10-19,21,5.5,0.0,14.6667,83,86.5267,93.0233,32.5271,48.0302,454.629,0
2018-10-19,22,5.5,0.0,13.5,85,81.478,87.2969,27.5773,45.563,542.88,0
2018-10-19,23,5.66667,0.0,12.5,86,77.7475,85.8687,32.5271,52.0302,495.72,0
2018-10-20,0,5.83333,0.0,11.6667,88,74.2344,83.548,30.4057,47.7411,530.0,1
2018-10-20,1,6.33333,0.0,10.8333,87,71.6157,82.2973,29.6986,47.034,517.029,1
2018-10-20,2,6.83333,0.0,10.0,87,67.7487,80.9656,32.1399,45.1457,480.0,1
2018-10-20,3,6.83333,0.0,9.66667,81,67.1269,80.8487,34.3644,42.2812,480.0,1
2018-10-20,4,6.33333,0.0,9.33333,92,65.8075,80.915,33.4146,35.814,501.84,1
2018-10-20,5,6.0,0.0,9.16667,89,66.4919,83.155,31.8839,34.5095,504.9,1
2018-10-20,6,5.5,0.0,9.0,92,66.2962,81.615,29.9705,35.1289,480.0,1
2018-10-20,7,5.0,0.0,9.0,99,65.4456,80.4,33.5061,35.7483,517.029,1
2018-10-20,8,4.33333,0.0,9.33333,89,67.0312,80.5318,32.0918,32.8167,555.429,1
2018-10-20,9,4.5,0.0,9.5,85,66.6338,81.3718,34.2132,34.938,559.543,1
2018-10-20,10,5.0,0.23,9.83333,73,66.8556,81.9694,32.7989,34.6077,615.6,1
2018-10-20,11,5.0,0.23,10.3333,72,66.0094,82.3153,32.0918,35.418,635.25,1
2018-10-20,12,5.0,0.74,11.0,66,65.6787,82.0747,32.0918,40.418,600.0,1
2018-10-20,13,5.0,0.74,11.8333,58,66.9082,81.59,22.7874,41.9759,641.829,1
2018-10-20,14,5.33333,1.37,12.5,59,67.4247,84.27,11.7008,41.2106,627.3,1
2018-10-20,15,5.83333,1.37,13.1667,57,66.5406,83.3844,12.3202,43.124,600.0,1
2018-10-20,16,5.66667,1.77,13.6667,57,66.6465,86.1206,21.4212,40.4659,586.56,1
2018-10-20,17,5.66667,2.4,14.0,69,66.0535,85.5356,22.1283,41.3898,563.04,1
2018-10-20,18,5.83333,2.52,13.8333,76,75.4613,86.4194,16.4715,40.7329,570.24,1
2018-10-20,19,6.33333,2.52,13.5,77,71.3188,90.914,17.1786,41.6568,575.143,1
2018-10-20,20,6.33333,2.88,13.0,83,54.5394,90.4793,12.2288,43.1896,524.16,1
2018-10-20,21,5.83333,3.87,12.1667,75,46.6306,86.5267,12.2288,43.1896,524.16,1
2018-10-20,22,7.0,3.24,11.3333,77,45.0662,81.478,17.6777,43.1896,524.16,1
2018-10-20,23,7.83333,3.6,10.3333,72,44.4071,77.7475,29.6882,44.3377,452.4,1
2018-10-21,0,8.5,3.96,9.66667,68,44.9656,74.2344,29.0274,36.9643,419.76,1
2018-10-21,1,8.5,3.96,9.0,75,42.4522,71.6157,34.0236,30.2478,401.85,1
2018-10-21,2,9.33333,2.97,8.5,68,41.4518,67.7487,39.6805,27.9047,375.84,1
2018-10-21,3,10.0,1.98,8.0,64,41.1741,67.1269,43.216,25.3564,366.277,1
2018-10-21,4,8.66667,1.98,7.66667,72,40.3529,65.8075,49.58,33.6713,332.677,1
2018-10-21,5,8.0,0.99,7.5,79,41.4453,66.4919,41.1051,32.232,403.68,1
2018-10-21,6,8.0,0.0,7.33333,78,42.5062,66.2962,45.3478,37.7753,386.88,1
2018-10-21,7,8.16667,0.0,7.16667,79,41.3635,65.4456,43.1801,43.1873,386.88,1
2018-10-21,8,8.33333,0.0,7.16667,73,39.0718,67.0312,42.2562,42.8046,374.85,1
2018-10-21,9,8.66667,0.0,7.33333,76,38.5176,66.6338,46.762,41.3573,360.0,1
2018-10-21,10,10.0,0.0,7.5,86,43.2029,66.8556,44.3269,25.9712,356.16,1
2018-10-21,11,10.5,0.0,7.66667,80,45.5747,66.0094,45.7411,7.69997,309.12,1
2018-10-21,12,9.83333,0.0,8.0,73,45.4788,65.6787,46.985,-4.98295,313.6,1
2018-10-21,13,9.83333,0.0,8.5,66,41.7282,66.9082,52.5282,-7.27903,300.0,1
2018-10-21,14,9.5,0.0,9.0,60,39.43,67.4247,52.5282,-14.1673,323.345,1
2018-10-21,15,8.66667,0.0,9.5,59,39.9953,66.5406,50.6805,-21.8209,347.564,1
2018-10-21,16,8.0,0.0,10.0,58,45.1806,66.6465,43.9231,-26.0635,427.938,1
2018-10-21,17,7.83333,0.0,10.1667,71,49.5971,66.0535,50.2871,-32.4275,384.0,1
2018-10-21,18,7.5,0.0,10.1667,75,55.8193,75.4613,48.4857,-26.2965,402.8,1
2018-10-21,19,6.66667,0.0,9.83333,81,59.0906,71.3188,43.8663,-24.3831,451.0,1
2018-10-21,20,5.5,0.0,9.33333,82,61.7435,54.5394,47.5618,-22.8524,438.6,1
2018-10-21,21,5.33333,0.0,8.66667,82,63.9444,46.6306,43.8663,-19.791,549.067,1
2018-10-21,22,4.16667,0.0,7.83333,84,65.8294,45.0662,47.4019,-15.1716,530.0,1
2018-10-21,23,3.0,0.0,7.33333,79,71.0312,44.4071,48.8161,-13.3238,557.6,1
2018-10-22,0,3.0,0.0,6.5,88,71.5987,44.9656,49.5232,-12.6167,600.0,0
2018-10-22,1,2.5,0.0,5.83333,94,65.7477,42.4522,44.9038,-10.7033,696.667,0
2018-10-22,2,2.66667,0.0,5.0,90,67.7363,41.4518,45.8277,-11.086,741.6,0
2018-10-22,3,2.0,0.0,4.33333,96,63.9453,41.1741,48.8277,-11.086,741.2,0
2018-10-22,4,1.66667,0.0,3.83333,93,58.8565,40.3529,49.8277,-11.086,780.0,0
2018-10-22,5,1.83333,0.0,3.33333,90,55.5365,41.4453,49.8277,-11.086,840.0,0
2018-10-22,6,1.5,0.0,3.0,89,58.2583,42.5062,43.5128,-7.64186,950.4,0
2018-10-22,7,1.5,0.0,2.83333,100,61.0647,41.3635,45.5128,-7.64186,956.8,0
2018-10-22,8,1.83333,0.0,2.83333,100,58.6225,39.0718,46.2199,-6.93475,989.4,0
2018-10-22,9,1.66667,0.0,3.16667,91,56.8138,38.5176,46.5966,-4.60549,1092.67,0
2018-10-22,10,2.0,0.0,3.66667,82,55.7218,43.2029,46.5966,-4.60549,1158.67,0
2018-10-22,11,2.16667,0.0,4.5,69,58.2663,45.5747,48.0108,-3.19127,1166.0,0
2018-10-22,12,2.5,0.0,5.66667,64,57.7194,45.4788,45.2392,-4.33931,1140.0,0
2018-10-22,13,2.83333,0.0,6.66667,64,58.795,41.7282,37.3445,5.7202,1263.6,0
2018-10-22,14,2.5,0.0,7.83333,61,60.2959,39.43,35.2232,7.84153,1231.65,0
2018-10-22,15,3.33333,0.0,9.0,54,58.3667,39.9953,26.6841,13.6746,1279.2,0
2018-10-22,16,3.83333,0.0,9.83333,56,60.0716,45.1806,26.5241,11.6698,1239.3,0
2018-10-22,17,4.33333,0.0,9.83333,90,66.6853,49.5971,24.5164,13.9931,1246.56,0
2018-10-22,18,4.66667,0.0,9.66667,100,75.5588,55.8193,17.2705,1.98266,1080.0,0
2018-10-22,19,5.5,0.0,9.5,95,80.94,59.0906,17.944,3.18895,1040.0,0
2018-10-22,20,5.33333,0.0,8.83333,91,81.5088,61.7435,17.3351,6.25039,720.0,0
2018-10-22,21,5.5,0.0,8.0,90,78.535,63.9444,18.4757,6.30864,801.36,0
2018-10-22,22,5.83333,0.71,7.33333,89,73.515,65.8294,12.4421,12.8078,665.6,0
2018-10-22,23,5.66667,0.71,7.16667,83,69.5612,71.0312,14.0657,16.7275,603.2,0
2018-10-23,0,5.66667,1.42,7.0,81,59.2141,71.5987,14.2736,19.2256,540.0,0
2018-10-23,1,6.0,1.42,7.0,86,60.55,65.7477,9.59003,25.5328,570.24,0
2018-10-23,2,7.16667,1.9,7.16667,85,57.6035,67.7363,6.05448,30.9134,480.0,0
2018-10-23,3,7.5,1.9,7.16667,95,43.8676,63.9453,2.35056,45.4566,503.25,0
2018-10-23,4,8.16667,1.19,7.16667,93,28.3582,58.8565,-1.23136,49.0209,451.0,0
2018-10-23,5,9.0,1.19,7.0,88,24.6518,55.5365,6.54685,53.1836,375.943,0
2018-10-23,6,9.66667,0.48,7.0,86,25.8418,58.2583,18.2101,49.1681,332.8,0
2018-10-23,7,10.3333,0.48,6.66667,79,25.4624,61.0647,27.5773,52.8636,324.48,0
2018-10-23,8,11.1667,0.0,6.5,73,28.0959,58.6225,37.4768,43.7632,305.25,0
2018-10-23,9,12.1667,1.52,6.16667,80,27.3783,56.8138,41.7195,49.3064,260.945,0
2018-10-23,10,13.1667,2.51,6.16667,69,20.5044,55.7218,36.7697,45.007,264.48,0
2018-10-23,11,14.3333,3.5,6.5,69,15.5888,58.2663,41.7195,51.4741,221.571,0
2018-10-23,12,16.0,4.49,6.83333,66,13.8972,57.7194,31.82,58.5746,196.114,0
2018-10-23,13,17.0,5.3,7.33333,59,16.3483,58.795,12.0209,52.706,209.012,0
2018-10-23,14,18.3333,5.3,7.83333,59,19.3047,60.2959,0.0,57.0,186.353,0
2018-10-23,15,19.1667,4.59,8.5,60,24.2889,58.3667,0.0,62.0,167.04,0
2018-10-23,16,19.5,4.41,8.83333,63,27.8511,60.0716,0.0,61.0,173.46,0
2018-10-23,17,18.8333,4.23,8.83333,81,26.375,66.6853,-17.5537,48.2709,189.382,0
2018-10-23,18,18.6667,3.24,8.66667,85,26.0218,75.5588,-22.5286,38.2814,240.505,0
2018-10-23,19,18.6667,2.43,8.5,86,28.4778,80.94,-29.7995,36.8351,240.505,0
2018-10-23,20,19.1667,4.97,8.33333,80,24.93,81.5088,-19.8994,48.0418,208.338,0
2018-10-23,21,19.6667,6.7,8.33333,81,22.3441,78.535,-14.9245,61.0313,149.368,0
2018-10-23,22,20.0,8.43,8.0,94,17.6347,73.515,-16.0726,63.803,136.74,0
2018-10-23,23,23.0,10.16,7.66667,93,12.1844,69.5612,-8.41896,66.3254,155.952,0
2018-10-24,0,26.3333,10.16,7.33333,92,8.32667,59.2141,0.0,52.0,157.714,0
2018-10-24,1,29.5,11.28,7.16667,78,7.44056,60.55,-14.9245,67.0313,99.1742,0
2018-10-24,2,30.1667,8.74,7.0,84,5.32944,57.6035,-14.9245,75.0313,93.8462,0
2018-10-24,3,31.3333,7.32,6.83333,83,4.71444,43.8676,0.0,68.0,131.077,0
2018-10-24,4,33.1667,4.78,6.83333,77,6.70278,28.3582,0.0,58.0,146.897,0
2018-10-24,5,33.3333,2.24,7.0,77,5.36444,24.6518,-12.2458,58.5642,132.248,0
2018-10-24,6,31.3333,2.24,7.16667,82,4.685,25.8418,10.3818,59.1283,127.5,0
2018-10-24,7,28.5,1.12,7.0,76,6.46647,25.4624,41.7195,54.5089,150.562,0
2018-10-24,8,27.5,1.12,7.0,72,5.97937,28.0959,41.7195,76.5089,124.312,0
2018-10-24,9,26.1667,0.0,6.83333,67,6.28529,27.3783,35.3555,68.194,144.222,0
2018-10-24,10,24.6667,0.0,6.83333,66,4.00278,20.5044,31.1128,62.6507,152.727,0
2018-10-24,11,24.5,0.0,6.83333,58,5.02833,15.5888,47.3764,56.9142,151.93,0
2018-10-24,12,26.0,0.0,7.0,45,7.00222,13.8972,38.1839,38.1839,151.2,0
2018-10-24,13,27.6667,0.0,7.33333,45,7.44556,16.3483,55.1801,35.6969,111.484,0
2018-10-24,14,30.8333,0.0,7.5,43,7.97778,19.3047,62.8238,26.0222,122.4,0
2018-10-24,15,33.0,0.0,7.5,43,7.43368,24.2889,68.3671,28.3183,87.0,0
2018-10-24,16,33.8333,0.0,7.5,41,7.2,27.8511,70.2149,29.0837,109.371,0
2018-10-24,17,32.0,0.0,7.33333,49,9.2675,26.375,57.2806,23.7262,142.306,0
2018-10-24,18,29.5,0.0,7.33333,47,14.1047,26.0218,75.7582,31.3798,128.471,0
2018-10-24,19,26.8333,0.0,7.16667,46,16.9894,28.4778,63.7477,26.4049,164.357,0
2018-10-24,20,21.3333,0.0,6.83333,49,18.1794,24.93,52.6612,21.8128,200.34,0
2018-10-24,21,16.8333,0.0,6.5,55,14.2905,22.3441,59.0252,28.1768,207.36,0
2018-10-24,22,14.0,0.0,6.0,55,10.0159,17.6347,45.4973,25.4729,314.743,0
2018-10-24,23,13.1667,0.0,5.66667,54,13.7135,12.1844,53.2755,35.6356,296.4,0
2018-10-25,0,12.6667,0.0,5.0,55,17.961,8.32667,44.4807,38.206,313.2,0
2018-10-25,1,12.8333,0.0,4.5,51,16.1089,7.44056,39.9645,32.6073,259.2,0
2018-10-25,2,13.3333,0.0,4.16667,51,14.185,5.32944,47.0356,43.3635,180.0,0
2018-10-25,3,14.0,0.0,3.83333,55,18.1111,4.71444,39.2574,45.2008,203.52,0
2018-10-25,4,13.8333,0.0,3.66667,59,20.4717,6.70278,28.6507,45.5942,256.0,0
2018-10-25,5,13.1667,0.0,3.5,61,20.2779,5.36444,35.7218,54.833,240.0,0
2018-10-25,6,12.0,0.0,3.33333,66,20.5968,4.685,26.8702,58.1074,292.518,0
2018-10-25,7,11.5,0.0,3.16667,65,18.6563,6.46647,14.8493,53.4015,313.5,0
2018-10-25,8,11.3333,0.0,3.16667,67,16.9058,5.97937,14.8493,55.4015,282.764,0
2018-10-25,9,11.1667,0.84,3.33333,71,14.9737,6.28529,14.8493,55.4015,273.48,0
2018-10-25,10,13.0,1.96,3.66667,78,14.4137,4.00278,7.77821,56.1627,282.764,0
2018-10-25,11,13.8333,1.96,4.5,73,17.5189,5.02833,-8.03628,54.4015,248.571,0
2018-10-25,12,15.1667,1.96,5.33333,77,19.8426,7.00222,-8.03628,56.4015,208.145,0
2018-10-25,13,15.6667,3.08,6.33333,83,19.5063,7.44556,-8.03628,54.4015,211.714,0
2018-10-25,14,17.0,4.2,7.16667,84,13.3968,7.97778,-12.0209,47.0209,220.8,0
2018-10-25,15,18.3333,3.36,8.16667,81,13.44,7.43368,-19.2918,48.5746,210.189,0
2018-10-25,16,18.3333,2.24,9.33333,75,19.1695,7.2,-19.2918,47.5746,209.012,0
2018-10-25,17,19.0,2.24,9.83333,85,22.935,9.2675,-7.27092,56.5537,188.779,0
2018-10-25,18,19.5,2.98,10.3333,83,26.5826,14.1047,14.1422,57.4776,177.0,0
2018-10-25,19,19.5,2.37,10.5,83,29.2715,16.9894,29.6986,59.803,165.714,0
2018-10-25,20,19.0,1.25,10.6667,79,24.205,18.1794,41.7195,54.5089,186.66,0
2018-10-25,21,18.3333,1.25,10.5,75,20.819,14.2905,38.891,50.8134,222.927,0
2018-10-25,22,17.0,1.25,10.0,71,19.445,10.0159,38.891,64.8134,199.473,0
2018-10-25,23,15.8333,1.76,9.5,66,18.837,13.7135,32.5271,56.4985,233.365,0
