data,timeofday,windspeed6,opady6,temp6,rhumid,index_avg,prev_index_avg,wind_dir_ns,wind_dir_ew,dispel50,is_weekend
2017-11-01,1,12.3333,0.0,3.0,92,51.453,25.8826,-8.03628,60.4015,267.12,1
2017-11-01,2,12.0,0.0,3.16667,93,50.7265,24.3787,-12.6284,56.488,287.571,1
2017-11-01,3,12.1667,0.0,3.5,93,46.2128,20.5043,-17.6033,54.4985,280.8,1
2017-11-01,4,12.6667,0.0,4.0,93,37.1332,19.6717,-23.3435,56.3567,240.0,1
2017-11-01,5,13.3333,0.0,4.33333,93,36.6322,19.2767,-21.0474,50.8134,245.1,1
2017-11-01,6,14.5,0.25,4.83333,93,45.3604,25.4287,-22.1954,53.585,223.385,1
2017-11-01,7,15.3333,0.25,5.16667,93,47.6376,32.0374,-23.7262,57.2806,203.52,1
2017-11-01,8,16.0,0.25,5.5,92,50.4492,32.8981,-17.986,60.4224,187.68,1
2017-11-01,9,16.5,0.25,5.66667,90,51.5006,30.0778,-13.0111,48.4119,232.941,1
2017-11-01,10,17.6667,0.25,5.83333,87,46.9653,24.0596,-13.3938,49.3358,224.824,1
2017-11-01,11,18.8333,0.25,6.16667,85,44.7053,21.1096,-21.8128,52.6612,186.353,1
2017-11-01,12,19.3333,0.48,6.33333,83,48.4306,19.7038,-23.7262,57.2806,156.8,1
2017-11-01,13,19.6667,0.48,6.5,83,50.8856,21.2136,-24.4915,59.1283,164.509,1
2017-11-01,14,20.1667,0.48,6.66667,83,53.6222,20.0461,-23.3435,56.3567,183.0,1
2017-11-01,15,20.3333,0.96,6.83333,84,58.6316,29.5302,-22.5781,54.5089,186.66,1
2017-11-01,16,20.6667,0.96,7.0,86,59.1425,48.289,-22.1954,53.585,188.779,1
2017-11-01,17,20.3333,1.44,7.0,87,55.9769,63.0656,-31.8952,53.002,160.74,1
2017-11-01,18,20.1667,0.96,7.0,88,54.4298,71.6574,-31.8952,53.002,155.621,1
2017-11-01,19,20.1667,0.96,7.0,90,52.6916,73.6178,-38.0593,48.8833,179.95,1
2017-11-01,20,20.3333,0.96,7.16667,91,50.6536,73.3932,-34.5238,45.3478,193.44,1
2017-11-01,21,20.6667,0.48,7.33333,94,47.374,68.0163,-34.9065,46.2717,181.895,1
2017-11-02,1,21.6667,0.25,8.5,98,37.6896,51.453,-25.2569,60.9761,162.4,0
2017-11-02,2,22.1667,0.25,8.66667,95,38.455,50.7265,-24.4915,59.1283,164.509,0
2017-11-02,3,22.8333,0.25,8.83333,95,40.2244,46.2128,-25.2569,60.9761,142.56,0
2017-11-02,4,23.0,1.14,9.0,96,42.6978,37.1332,-27.1703,65.5955,125.182,0
2017-11-02,5,23.3333,2.28,9.0,96,41.5472,36.6322,-28.3183,68.3671,120.0,0
2017-11-02,6,23.8333,2.28,9.0,96,43.5228,45.3604,-28.3183,68.3671,124.848,0
2017-11-02,7,23.3333,2.28,9.0,96,45.2509,47.6376,-27.553,66.5194,134.832,0
2017-11-02,8,22.6667,3.47,9.0,95,46.1746,50.4492,-25.2569,60.9761,162.4,0
2017-11-02,9,22.1667,3.47,9.0,94,47.2252,51.5006,-30.2148,52.9452,181.409,0
2017-11-02,10,22.0,4.01,9.0,91,46.072,46.9653,-36.9695,47.2523,168.505,0
2017-11-02,11,22.0,4.55,9.16667,90,41.2278,44.7053,-46.6693,46.6693,142.56,0
2017-11-02,12,22.0,6.23,9.33333,89,43.4102,48.4306,-49.4977,49.4977,130.473,0
2017-11-02,13,22.3333,7.55,9.5,89,42.9259,50.8856,-42.7429,55.1905,135.15,0
2017-11-02,14,22.3333,7.68,9.5,90,40.8585,53.6222,-33.8086,57.6214,151.2,0
2017-11-02,15,21.8333,7.68,9.5,92,41.3404,58.6316,-24.4915,59.1283,169.304,0
2017-11-02,16,20.8333,6.0,9.5,91,45.6525,59.1425,-29.125,51.3142,184.743,0
2017-11-02,17,20.0,5.64,9.33333,90,48.7817,55.9769,-27.9769,48.5425,200.34,0
2017-11-02,18,19.0,5.28,9.16667,88,52.1882,54.4298,-27.5942,47.6186,202.926,0
2017-11-02,19,18.6667,5.48,9.0,88,53.1338,52.6916,-26.18,46.2044,213.333,0
2017-11-02,20,18.0,4.16,9.0,87,57.363,50.6536,-26.5627,47.1283,210.189,0
2017-11-02,21,17.6667,4.16,8.83333,86,57.7583,47.374,-25.4147,44.3567,224.824,0
2017-11-03,1,16.6667,0.0,8.16667,86,44.4352,37.6896,0.0,52.0,224.824,0
2017-11-03,2,16.8333,0.0,7.83333,88,43.2667,38.455,0.0,67.0,180.0,0
2017-11-03,3,16.8333,0.0,7.66667,88,42.7302,40.2244,0.0,67.0,180.0,0
2017-11-03,4,16.8333,0.51,7.5,88,40.208,42.6978,0.0,67.0,187.0,0
2017-11-03,5,16.8333,0.51,7.33333,87,37.493,41.5472,0.0,51.0,232.941,0
2017-11-03,6,16.3333,1.02,7.16667,87,40.1422,43.5228,0.0,51.0,232.941,0
2017-11-03,7,16.1667,1.02,7.0,86,39.1793,45.2509,0.0,66.0,187.2,0
2017-11-03,8,15.6667,1.02,7.16667,85,39.269,46.1746,0.0,63.0,209.647,0
2017-11-03,9,15.1667,1.02,7.33333,83,40.3533,47.2252,0.0,60.0,233.365,0
2017-11-03,10,14.6667,1.48,7.66667,79,42.4178,46.072,0.0,57.0,245.92,0
2017-11-03,11,14.5,1.48,8.0,75,42.48,41.2278,9.89954,54.9343,248.571,0
2017-11-03,12,14.6667,0.97,8.5,72,41.8424,43.4102,21.2133,55.7164,230.4,0
2017-11-03,13,14.8333,0.97,9.0,71,47.7746,42.9259,21.2133,57.7164,212.914,0
2017-11-03,14,14.6667,0.97,9.33333,72,45.5415,40.8585,21.2133,58.7164,204.429,0
2017-11-03,15,14.5,0.97,9.5,75,50.4667,41.3404,11.3138,58.7821,226.8,0
2017-11-03,16,14.5,0.0,9.5,83,53.098,45.6525,0.0,57.0,252.225,0
2017-11-03,17,13.6667,0.0,9.5,85,61.1031,48.7817,-12.9343,46.3575,264.0,0
2017-11-03,18,12.8333,0.0,9.16667,86,67.758,52.1882,-17.1438,41.5202,291.877,0
2017-11-03,19,11.8333,0.0,8.83333,86,65.3263,53.1338,-17.1438,52.5202,249.508,0
2017-11-03,20,10.6667,0.0,8.5,86,64.4038,57.363,-17.1438,48.5202,289.385,0
2017-11-03,21,9.83333,0.0,8.16667,86,58.4613,57.7583,-17.1438,41.5202,372.6,0
2017-11-04,1,8.0,0.0,6.83333,85,44.7698,44.4352,-13.3938,58.3358,360.0,1
2017-11-04,2,8.0,0.0,6.5,85,43.0768,43.2667,-18.3436,52.2856,388.267,1
2017-11-04,3,8.0,0.0,6.33333,86,42.3011,42.7302,-22.5862,47.5282,395.2,1
2017-11-04,4,7.83333,0.0,6.0,87,44.2248,40.208,-28.2431,47.1851,390.0,1
2017-11-04,5,7.5,0.0,5.66667,88,45.1716,37.493,-32.5727,42.8555,402.8,1
2017-11-04,6,7.33333,0.0,5.5,88,47.9602,40.1422,-32.19,41.9316,429.0,1
2017-11-04,7,7.5,0.0,5.16667,90,48.8425,39.1793,-33.313,37.6426,453.6,1
2017-11-04,8,7.83333,0.0,5.0,84,47.422,39.269,-30.2516,38.2516,443.143,1
2017-11-04,9,8.0,0.0,5.0,75,37.9814,40.3533,-30.9587,38.9587,413.4,1
2017-11-04,10,8.33333,0.0,5.66667,71,38.4817,42.4178,-33.08,41.08,390.0,1
2017-11-04,11,9.0,0.0,6.5,68,40.2117,42.48,-34.4942,28.352,360.0,1
2017-11-04,12,10.1667,0.0,7.33333,67,36.598,41.8424,-35.1283,13.3074,345.257,1
2017-11-04,13,11.3333,0.0,8.5,68,35.9967,47.7746,-43.1129,-4.99991,305.25,1
2017-11-04,14,12.1667,0.0,9.5,70,35.8278,45.5415,-44.9502,-22.761,276.12,1
2017-11-04,15,12.3333,0.0,10.1667,75,46.6346,50.4667,-49.8895,-20.6647,255.2,1
2017-11-04,16,12.3333,0.0,10.1667,76,67.9324,53.098,-28.803,-16.0726,286.971,1
2017-11-04,17,11.8333,0.0,10.0,95,82.1715,61.1031,-18.803,-16.0726,258.514,1
2017-11-04,18,11.1667,0.0,9.66667,92,69.817,67.758,3.13136,-10.715,315.52,1
2017-11-04,19,10.5,0.0,9.16667,88,68.1132,65.3263,26.9896,-4.97484,354.738,1
2017-11-04,20,10.3333,0.0,8.5,84,74.9437,64.4038,16.8269,-9.18432,300.0,1
2017-11-04,21,10.5,0.0,8.0,80,72.3015,58.4613,7.75076,-8.80164,334.08,1
2017-11-05,1,11.5,0.0,6.33333,71,58.0659,44.7698,-51.7373,-21.4301,302.4,1
2017-11-05,2,11.3333,0.0,6.16667,71,57.3434,43.0768,-52.6612,-21.8128,282.764,1
2017-11-05,3,11.5,0.0,6.0,71,58.6791,42.3011,-31.4985,-17.6033,282.764,1
2017-11-05,4,11.6667,0.0,6.0,72,57.838,44.2248,-29.8211,-21.8791,280.8,1
2017-11-05,5,11.5,0.0,5.83333,74,54.6793,45.1716,-29.8211,-21.8791,262.08,1
2017-11-05,6,11.3333,0.0,5.66667,74,52.4621,47.9602,-9.58232,-18.0523,279.138,1
2017-11-05,7,10.6667,0.0,5.5,73,48.1107,48.8425,11.4281,-13.0775,305.455,1
2017-11-05,8,10.6667,0.0,5.5,72,44.2186,47.422,9.42812,-13.0775,336.3,1
2017-11-05,9,11.0,0.0,5.83333,70,42.8018,37.9814,28.9134,-4.59216,348.0,1
2017-11-05,10,11.5,0.0,6.33333,72,39.396,38.4817,54.0,0.0,317.127,1
2017-11-05,11,12.1667,0.0,7.16667,66,32.2567,40.2117,29.1418,5.7402,251.6,1
2017-11-05,12,13.0,0.0,8.16667,63,30.6813,36.598,26.1418,5.7402,238.255,1
2017-11-05,13,13.6667,0.0,9.33333,63,28.6857,35.9967,2.20748,0.38268,230.4,1
2017-11-05,14,13.6667,0.0,10.3333,65,35.102,35.8278,1.20748,0.38268,245.92,1
2017-11-05,15,13.0,0.0,10.8333,70,42.3148,46.6346,26.0657,-5.35752,282.72,1
2017-11-05,16,12.1667,0.0,11.0,70,50.4298,67.9324,16.8269,-9.18432,257.92,1
2017-11-05,17,11.5,0.0,11.0,84,63.8017,82.1715,-7.41192,-13.0111,297.6,1
2017-11-05,18,10.6667,0.0,10.6667,83,68.5048,69.817,-4.64028,-11.8631,321.231,1
2017-11-05,19,10.1667,0.0,10.1667,82,70.153,68.1132,-25.9552,-15.3072,353.455,1
2017-11-05,20,10.0,0.0,9.5,81,66.9151,74.9437,-33.0263,-22.3783,300.0,1
2017-11-05,21,9.83333,0.0,9.0,80,63.0785,72.3015,-51.0974,-29.4494,300.0,1
2017-11-06,1,8.66667,0.0,7.33333,78,51.6357,58.0659,-38.1839,-38.1839,376.32,0
2017-11-06,2,8.5,0.0,7.16667,83,50.8695,57.3434,-34.1743,-38.5039,403.68,0
2017-11-06,3,8.16667,0.0,7.0,81,49.4927,58.6791,-30.5473,-39.7477,409.867,0
2017-11-06,4,8.0,0.0,6.83333,84,51.1422,57.838,-35.4971,-44.6975,374.0,0
2017-11-06,5,8.16667,0.0,6.83333,81,52.1525,54.6793,-20.1331,-38.3335,386.88,0
2017-11-06,6,8.16667,0.0,6.83333,80,54.1351,52.4621,-20.453,-28.2009,375.943,0
2017-11-06,7,8.0,0.0,6.83333,84,57.0914,48.1107,-22.8943,-26.3126,374.85,0
2017-11-06,8,7.83333,0.0,7.0,84,62.4791,44.2186,-23.7046,-17.977,390.0,0
2017-11-06,9,7.83333,0.0,7.33333,81,63.3047,42.8018,-23.7046,-3.19489,402.8,0
2017-11-06,10,7.83333,0.0,7.83333,67,61.6538,39.396,-22.9392,11.5872,408.857,0
2017-11-06,11,7.66667,0.0,8.33333,64,61.5958,32.2567,-21.4336,24.8519,402.8,0
2017-11-06,12,7.66667,0.0,9.0,64,59.2231,30.6813,-36.9007,27.5306,421.2,0
2017-11-06,13,8.5,0.0,9.83333,67,58.07,28.6857,-36.9007,27.5306,421.2,0
2017-11-06,14,8.66667,0.0,10.3333,69,58.4452,35.102,-31.5278,36.3986,401.85,0
2017-11-06,15,9.16667,0.0,10.5,73,62.5372,42.3148,-31.9105,37.3225,377.143,0
2017-11-06,16,9.16667,0.0,10.5,73,66.0367,50.4298,-33.0586,40.0942,352.8,0
2017-11-06,17,9.66667,0.0,10.3333,84,70.7704,63.8017,-29.6144,40.7792,329.829,0
2017-11-06,18,10.0,0.0,10.0,84,75.1274,68.5048,-16.0762,47.3393,300.0,0
2017-11-06,19,9.16667,0.0,9.5,84,80.5342,70.153,-1.61404,53.5166,322.4,0
2017-11-06,20,8.66667,0.0,9.16667,84,72.4011,66.9151,11.821,51.4985,352.8,0
2017-11-06,21,8.33333,0.0,8.83333,84,54.265,63.0785,19.5078,47.4262,403.68,0
2017-11-07,1,7.33333,0.0,8.16667,82,55.454,51.6357,42.4637,27.9016,473.28,0
2017-11-07,2,7.5,0.0,7.83333,84,52.3298,50.8695,44.3926,18.6628,460.8,0
2017-11-07,3,7.66667,0.0,7.66667,84,48.9783,49.4927,46.4428,12.1956,451.0,0
2017-11-07,4,8.0,0.0,7.5,84,50.2545,51.1422,50.5151,4.50884,421.2,0
2017-11-07,5,8.16667,0.0,7.33333,84,50.701,52.1525,52.2492,-4.20948,395.2,0
2017-11-07,6,8.0,0.0,7.0,83,51.069,54.1351,53.1731,-9.18432,377.4,0
2017-11-07,7,8.0,0.0,6.83333,83,52.0083,57.0914,54.5642,-12.2458,388.267,0
2017-11-07,8,8.33333,0.0,6.83333,83,53.9423,62.4791,51.9282,-18.6098,388.267,0
2017-11-07,9,8.66667,0.0,6.83333,82,52.3286,63.3047,49.2921,-24.9737,360.0,0
2017-11-07,10,9.0,0.0,7.0,73,51.0078,61.6538,41.7554,-29.3078,386.4,0
2017-11-07,11,10.0,0.0,7.16667,73,51.5706,61.5958,41.4355,-33.3175,345.257,0
2017-11-07,12,11.0,0.23,7.66667,73,53.808,59.2231,36.7697,-36.7697,326.8,0
2017-11-07,13,11.8333,0.23,8.0,74,57.711,58.07,40.3053,-40.3053,263.467,0
2017-11-07,14,12.3333,0.23,8.33333,79,62.6758,58.4452,36.0626,-36.0626,276.12,0
2017-11-07,15,12.5,0.23,8.66667,79,69.8419,62.5372,33.5837,-40.0781,271.385,0
2017-11-07,16,12.6667,0.23,8.66667,81,75.2029,66.0367,28.9834,-41.9722,286.971,0
2017-11-07,17,13.0,0.23,8.66667,78,76.4479,70.7704,33.1929,-52.1349,249.171,0
2017-11-07,18,13.3333,0.23,8.33333,74,70.9722,75.1274,29.0335,-56.0935,240.0,0
2017-11-07,19,13.3333,0.23,8.0,70,65.4175,80.5342,20.6647,-49.8895,255.2,0
2017-11-07,20,13.6667,0.23,7.5,68,59.9398,72.4011,21.4301,-51.7373,228.0,0
2017-11-07,21,13.5,0.23,7.0,67,54.9882,54.265,17.2206,-55.5746,228.48,0
2017-11-08,1,11.6667,0.0,5.16667,68,36.4965,55.454,0.0,-59.0,287.571,0
2017-11-08,2,11.0,0.0,4.66667,65,34.6004,52.3298,-4.20948,-55.1627,294.0,0
2017-11-08,3,11.3333,0.0,4.16667,63,34.4472,48.9783,-8.03628,-53.4015,305.455,0
2017-11-08,4,11.6667,0.0,3.5,63,35.0971,50.2545,-13.0111,-54.4119,291.5,0
2017-11-08,5,11.6667,0.0,3.0,65,38.8717,50.701,-13.0111,-55.4119,271.745,0
2017-11-08,6,11.8333,0.0,2.66667,62,44.8476,51.069,-17.6033,-55.4985,260.945,0
2017-11-08,7,12.1667,0.0,2.5,55,49.6056,52.0083,-13.3938,-57.3358,240.0,0
2017-11-08,8,12.5,0.0,2.5,58,52.5538,53.9423,-9.567,-61.097,240.0,0
2017-11-08,9,12.3333,0.0,2.66667,54,53.9507,52.3286,-9.18432,-60.1731,249.508,0
2017-11-08,10,12.6667,0.0,3.16667,69,54.5488,51.0078,-13.7765,-58.2597,249.9,0
2017-11-08,11,13.6667,0.0,3.83333,65,53.8688,51.5706,-14.9245,-49.0313,281.538,0
2017-11-08,12,14.6667,0.0,4.66667,62,53.6312,53.808,-21.8128,-52.6612,225.5,0
2017-11-08,13,15.5,0.0,5.33333,61,54.4679,57.711,-12.6284,-48.488,225.28,0
2017-11-08,14,16.0,0.0,6.16667,62,58.3381,62.6758,-6.88824,-52.6298,213.333,0
2017-11-08,15,16.3333,0.0,6.66667,66,58.0721,69.8419,-5.7402,-49.8582,236.733,0
2017-11-08,16,15.3333,0.0,6.83333,75,63.2187,75.2029,-11.0977,-62.7925,201.4,0
2017-11-08,17,14.0,0.0,6.66667,83,68.2408,76.4479,-14.5418,-53.1074,272.8,0
2017-11-08,18,13.0,0.0,6.33333,84,72.209,70.9722,-18.3686,-62.3462,256.533,0
2017-11-08,19,12.0,0.0,6.0,84,70.0339,65.4175,-22.9608,-55.4328,286.0,0
2017-11-08,20,11.5,0.0,5.33333,85,67.79,59.9398,-17.2206,-53.5746,307.8,0
2017-11-08,21,10.5,0.0,4.83333,87,69.4537,54.9882,-16.4552,-51.7268,288.0,0
2017-11-09,1,8.83333,0.0,3.16667,91,59.0141,36.4965,-7.6536,-55.4776,357.5,0
2017-11-09,2,7.83333,0.0,3.0,86,57.328,34.6004,-7.6536,-51.4776,407.1,0
2017-11-09,3,7.66667,0.0,2.5,89,56.1987,34.4472,-7.6536,-57.4776,397.5,0
2017-11-09,4,7.5,0.0,2.33333,84,54.9991,35.0971,-3.06144,-53.391,421.2,0
2017-11-09,5,7.0,0.0,2.0,84,55.6054,38.8717,-2.29608,-51.5433,443.143,0
2017-11-09,6,6.5,0.0,1.83333,74,58.097,44.8476,-4.59216,-50.0866,479.467,0
2017-11-09,7,6.0,0.0,1.83333,79,63.6729,49.6056,-6.88824,-55.6298,450.667,0
2017-11-09,8,5.66667,0.0,1.83333,79,66.041,52.5538,-10.4238,-50.1654,515.2,0
2017-11-09,9,5.33333,0.0,2.33333,75,65.0247,53.9507,-11.9545,-53.8609,513.067,0
2017-11-09,10,5.66667,0.0,2.83333,79,59.5463,54.5488,-16.5739,-46.7743,569.25,0
2017-11-09,11,5.66667,0.0,3.66667,74,54.8755,53.8688,-22.2308,-33.1174,540.6,0
2017-11-09,12,5.83333,0.0,4.5,70,54.134,53.6312,-26.4734,-31.3601,555.429,0
2017-11-09,13,6.33333,0.0,5.33333,68,55.0055,54.4679,-31.4232,-19.4103,540.6,0
2017-11-09,14,7.16667,0.0,6.16667,70,60.4643,58.3381,-32.1886,-6.476,499.8,0
2017-11-09,15,7.66667,0.0,6.66667,74,70.1549,58.0721,-31.0405,12.9255,483.36,0
2017-11-09,16,7.5,0.0,6.83333,76,81.2972,63.2187,-31.6311,25.8134,440.64,0
2017-11-09,17,7.66667,0.0,6.83333,78,97.3563,68.2408,-31.9615,32.6766,437.25,0
2017-11-09,18,7.83333,0.0,6.5,80,97.3172,72.209,-31.2544,31.9695,432.0,0
2017-11-09,19,7.66667,0.0,6.16667,81,92.1429,70.0339,-32.6686,41.869,408.857,0
2017-11-09,20,7.66667,0.0,5.66667,81,91.9839,67.79,-27.7189,43.9193,421.2,0
2017-11-10,1,10.1667,0.0,4.33333,87,71.2579,59.0141,-11.4804,52.7164,329.829,0
2017-11-10,2,10.3333,0.0,4.16667,85,67.9558,57.328,-13.0111,49.4119,319.2,0
2017-11-10,3,11.0,0.0,4.16667,86,68.7324,56.1987,-16.8379,50.6507,309.12,0
2017-11-10,4,11.3333,0.0,4.16667,88,70.7519,54.9991,-21.4301,51.7373,285.12,0
2017-11-10,5,11.5,0.0,4.33333,89,66.5058,55.6054,-22.1954,53.585,271.745,0
2017-11-10,6,11.3333,0.0,4.5,89,63.8668,58.097,-22.1954,53.585,289.385,0
2017-11-10,7,11.0,0.0,4.83333,88,67.72,63.6729,-17.2206,51.5746,297.0,0
2017-11-10,8,11.6667,0.0,5.16667,85,67.2834,66.041,-17.6033,52.4985,302.4,0
2017-11-10,9,12.5,0.0,5.33333,80,65.48,65.0247,-13.0111,55.4119,280.8,0
2017-11-10,10,13.5,0.0,5.83333,80,62.6966,59.5463,-10.715,49.8686,264.48,0
2017-11-10,11,15.0,0.0,6.33333,77,57.9842,54.8755,-17.6033,56.4985,189.164,0
2017-11-10,12,16.6667,0.48,6.83333,76,52.8997,54.134,-27.536,46.478,201.318,0
2017-11-10,13,17.6667,0.48,7.33333,77,52.3436,55.0055,-35.1726,44.9142,184.0,0
2017-11-10,14,18.0,0.48,7.5,78,57.5577,60.4643,-40.3053,40.3053,200.34,0
2017-11-10,15,17.8333,0.48,7.66667,79,60.8893,70.1549,-37.4768,37.4768,229.14,0
2017-11-10,16,17.5,0.48,7.5,77,65.9765,81.2972,-48.7906,48.7906,186.66,0
2017-11-10,17,17.1667,1.8,7.33333,81,70.95,97.3563,-45.9622,45.9622,194.541,0
2017-11-10,18,16.8333,1.32,7.16667,80,67.236,97.3172,-46.6693,46.6693,180.0,0
2017-11-10,19,16.8333,1.32,7.0,80,63.1122,92.1429,-36.7697,36.7697,220.8,0
2017-11-10,20,16.8333,1.32,7.0,81,61.4535,91.9839,-37.4768,37.4768,221.0,0
2017-11-11,1,22.1667,2.8,6.16667,87,30.0338,71.2579,-47.1179,19.5167,171.55,1
2017-11-11,2,24.0,2.8,6.0,89,23.7756,67.9558,-44.7438,30.1314,156.8,1
2017-11-11,3,24.8333,2.8,5.83333,90,14.7018,68.7324,-38.891,38.891,159.557,1
2017-11-11,4,25.6667,1.78,5.66667,90,11.9889,70.7519,-36.0626,36.0626,179.022,1
2017-11-11,5,25.6667,0.76,5.5,90,10.2845,66.5058,-45.2469,58.2357,129.422,1
2017-11-11,6,25.5,0.76,5.33333,90,11.2364,63.8668,-35.3393,61.3169,130.0,1
2017-11-11,7,24.5,0.0,5.16667,90,16.1917,67.72,-28.3183,68.3671,120.0,1
2017-11-11,8,24.0,0.0,4.83333,87,20.2237,67.2834,-19.134,68.194,130.0,1
2017-11-11,9,23.6667,0.0,4.66667,85,26.1582,65.48,-19.134,68.194,139.569,1
2017-11-11,10,23.3333,0.0,4.5,82,23.6104,62.6966,-17.6033,64.4985,141.382,1
2017-11-11,11,23.8333,0.0,4.5,77,25.6572,57.9842,-17.6033,64.4985,151.2,1
2017-11-11,12,23.5,0.79,4.5,78,26.9,52.8997,-18.7513,67.2701,125.182,1
2017-11-11,13,24.1667,0.79,4.66667,74,32.13,52.3436,-19.5167,47.1179,179.022,1
2017-11-11,14,24.1667,1.76,4.83333,74,36.8616,57.5577,-29.4664,71.1388,120.0,1
2017-11-11,15,23.3333,1.76,5.0,76,42.7009,60.8893,-28.3183,68.3671,120.0,1
2017-11-11,16,22.0,1.76,5.16667,77,50.0018,65.9765,-25.6396,61.9,166.108,1
2017-11-11,17,20.8333,1.76,5.0,79,49.1084,70.95,-21.0474,50.8134,231.15,1
2017-11-11,18,20.0,1.94,4.83333,80,52.3693,67.236,-26.0053,42.7825,232.941,1
2017-11-11,19,19.1667,3.44,4.5,80,55.7545,63.1122,-32.9348,40.5116,203.914,1
2017-11-11,20,18.3333,3.97,4.33333,81,55.0778,61.4535,-42.4266,42.4266,180.0,1
2017-11-12,1,16.6667,1.5,4.0,84,33.907,30.0338,-36.0626,36.0626,229.125,1
2017-11-12,2,16.0,0.0,3.83333,86,33.9985,23.7756,-45.9622,45.9622,187.425,1
2017-11-12,3,15.1667,0.0,3.66667,88,25.5618,14.7018,-45.255,45.255,195.0,1
2017-11-12,4,14.3333,0.0,3.33333,91,19.4886,11.9889,-41.7195,41.7195,253.895,1
2017-11-12,5,14.0,0.0,3.16667,88,19.8848,10.2845,-36.0626,36.0626,297.0,1
2017-11-12,6,13.3333,0.0,3.0,87,30.9144,11.2364,-31.5206,39.0974,302.08,1
2017-11-12,7,13.1667,0.48,2.83333,88,40.6114,16.1917,-26.6541,42.3489,281.455,1
2017-11-12,8,13.0,0.48,2.83333,88,44.8039,20.2237,-18.8759,47.5707,259.418,1
2017-11-12,9,13.3333,0.48,2.83333,86,45.1776,26.1582,-16.4552,52.7268,248.571,1
2017-11-12,10,14.3333,0.48,3.16667,78,43.8922,23.6104,-16.0726,51.803,264.0,1
2017-11-12,11,14.8333,0.48,3.5,69,39.8454,25.6572,-10.3324,54.9448,232.615,1
2017-11-12,12,15.0,0.48,3.83333,61,33.8137,26.9,-16.8379,57.6507,204.429,1
2017-11-12,13,15.6667,0.0,4.33333,55,34.4847,32.13,-17.6033,59.4985,180.0,1
2017-11-12,14,15.6667,0.0,4.66667,55,38.8512,36.8616,-19.134,63.194,180.0,1
2017-11-12,15,15.3333,0.0,5.0,58,52.0882,42.7009,-24.4915,59.1283,202.024,1
2017-11-12,16,14.0,0.0,5.0,72,86.1257,50.0018,-25.7642,51.2006,243.6,1
2017-11-12,17,12.8333,0.0,4.83333,80,104.184,49.1084,-26.0053,42.7825,312.141,1
2017-11-12,18,11.1667,0.0,4.66667,81,88.8675,52.3693,-33.0764,49.8536,292.518,1
2017-11-12,19,9.33333,0.0,4.33333,81,79.9328,55.7545,-38.6197,52.1497,300.0,1
2017-11-12,20,8.33333,0.0,4.0,80,84.2019,55.0778,-37.6574,34.1476,387.771,1
2017-11-13,1,10.5,1.12,2.83333,90,52.1651,33.907,-17.1373,-46.3733,333.45,0
2017-11-13,2,11.0,2.03,2.83333,93,47.5685,33.9985,-11.4804,-52.7164,297.0,0
2017-11-13,3,11.0,2.03,2.83333,93,43.3609,25.5618,-7.6536,-54.4776,285.12,0
2017-11-13,4,11.3333,2.03,2.83333,94,37.0973,19.4886,0.0,-54.4776,285.12,0
2017-11-13,5,11.5,2.38,2.83333,94,36.8585,19.8848,8.41896,-56.3254,289.385,0
2017-11-13,6,11.5,1.82,2.83333,95,43.1236,30.9144,16.1972,-51.1036,302.4,0
2017-11-13,7,11.0,1.82,3.0,93,48.5594,40.6114,25.3896,-48.296,282.764,0
2017-11-13,8,10.6667,0.91,3.0,94,53.8611,44.8039,34.3896,-37.296,297.0,0
2017-11-13,9,11.0,1.42,2.83333,97,56.2606,45.1776,38.8777,-31.5013,324.8,0
2017-11-13,10,11.6667,1.42,2.66667,88,57.9403,43.8922,45.3721,-15.8226,317.127,0
2017-11-13,11,12.8333,1.6,2.66667,86,60.5473,39.8454,52.376,-1.92151,279.138,0
2017-11-13,12,13.8333,1.6,2.66667,86,62.8347,33.8137,50.8134,14.1592,223.2,0
2017-11-13,13,15.3333,1.6,2.66667,83,62.2979,34.4847,48.9656,20.282,212.625,0
2017-11-13,14,16.1667,1.6,2.66667,83,63.809,38.8512,46.9115,26.8871,205.8,0
2017-11-13,15,16.0,1.09,2.83333,85,66.6719,52.0882,40.1812,29.8984,240.505,0
2017-11-13,16,15.0,1.09,3.0,87,77.5189,86.1257,47.9594,37.6767,230.4,0
2017-11-13,17,13.8333,0.0,2.83333,89,81.8234,104.184,37.4768,37.4768,299.0,0
2017-11-13,18,12.3333,0.0,2.66667,90,92.3784,88.8675,45.255,47.6395,273.6,0
2017-11-13,19,11.1667,0.0,2.5,90,91.855,79.9328,39.5982,44.1503,318.171,0
2017-11-13,20,10.5,0.0,2.33333,90,76.8326,84.2019,37.4768,44.4135,329.018,0
2017-11-13,21,10.5,0.0,2.16667,89,67.9045,78.57,36.7697,45.8741,334.08,0
2017-11-14,1,11.8333,0.0,2.16667,95,50.0036,52.1651,28.2844,47.9552,281.455,0
2017-11-14,2,11.8333,0.0,2.0,91,46.3573,47.5685,35.3555,57.194,240.0,0
2017-11-14,3,11.6667,0.0,1.83333,92,35.0882,43.3609,42.4266,55.4328,277.714,0
2017-11-14,4,11.1667,0.0,1.5,93,39.9923,37.0973,39.5982,51.7373,310.431,0
2017-11-14,5,11.0,0.0,1.33333,81,43.245,36.8585,38.1839,49.8895,332.215,0
2017-11-14,6,10.6667,0.0,1.0,81,45.5493,43.1236,37.4768,48.9656,321.48,0
2017-11-14,7,10.8333,0.0,0.666667,81,52.2059,48.5594,38.1839,49.8895,309.12,0
2017-11-14,8,10.8333,0.0,0.666667,78,53.4028,53.8611,38.891,50.8134,297.0,0
2017-11-14,9,11.0,0.0,0.666667,76,46.1282,56.2606,31.82,51.5746,305.455,0
2017-11-14,10,11.0,0.0,1.0,69,44.8567,57.9403,24.0417,52.4119,313.5,0
2017-11-14,11,11.0,0.0,1.33333,61,38.5187,60.5473,23.3346,51.488,317.127,0
2017-11-14,12,11.6667,0.0,2.0,54,33.2117,62.8347,15.5564,53.3254,305.455,0
2017-11-14,13,12.5,0.0,2.83333,56,45.2193,62.2979,7.77821,58.1627,250.92,0
2017-11-14,14,13.5,0.0,3.33333,57,51.2196,63.809,7.77821,53.1627,248.727,0
2017-11-14,15,13.8333,0.0,3.66667,62,60.209,66.6719,0.0,59.0,206.7,0
2017-11-14,16,13.5,0.0,3.66667,66,76.0799,77.5189,0.0,60.0,220.0,0
2017-11-14,17,13.1667,0.0,3.5,70,98.2352,81.8234,0.0,54.0,279.0,0
2017-11-14,18,12.5,0.0,3.16667,73,93.6111,92.3784,-3.8268,63.2388,257.4,0
2017-11-14,19,11.1667,0.0,2.66667,74,80.3434,91.855,-8.03628,57.4015,303.525,0
2017-11-15,1,12.1667,0.0,1.66667,73,59.2136,50.0036,-40.752,40.2108,250.92,0
2017-11-15,2,13.3333,0.0,1.66667,72,57.4945,46.3573,-29.4714,36.977,276.0,0
2017-11-15,3,14.0,0.0,1.66667,74,56.3959,35.0882,-27.4917,44.1977,225.5,0
2017-11-15,4,14.3333,0.0,2.0,76,55.3511,39.9923,-16.4051,54.6055,212.914,0
2017-11-15,5,14.5,0.0,2.0,77,54.6831,43.245,-11.8631,57.6403,212.914,0
2017-11-15,6,14.3333,0.0,2.0,78,56.551,45.5493,-16.8379,55.6507,241.553,0
2017-11-15,7,13.3333,0.0,2.0,79,59.5956,52.2059,-10.3324,52.9448,264.0,0
2017-11-15,8,12.1667,0.0,2.16667,79,66.6513,53.4028,-13.3938,60.3358,257.92,0
2017-11-15,9,11.6667,0.0,2.33333,76,68.1341,46.1282,-17.2206,54.5746,297.6,0
2017-11-15,10,11.5,0.0,2.66667,76,66.0046,44.8567,-16.4552,52.7268,310.431,0
2017-11-15,11,11.6667,0.0,3.16667,74,67.3708,38.5187,-16.4552,52.7268,310.431,0
2017-11-15,12,11.6667,0.0,3.83333,74,65.9712,33.2117,-16.4552,53.7268,252.45,0
2017-11-15,13,12.6667,0.0,4.5,75,64.4997,45.2193,-0.37457,49.1074,276.0,0
2017-11-15,14,13.3333,0.0,5.0,76,65.8715,51.2196,14.1171,50.9552,261.415,0
2017-11-15,15,13.1667,0.0,5.33333,77,69.9341,60.209,13.7344,51.8791,257.914,0
2017-11-15,16,12.3333,0.0,5.5,79,75.4431,76.0799,9.52497,48.0418,281.538,0
2017-11-15,17,11.5,0.0,5.5,85,83.6853,98.2352,6.46353,55.4328,269.077,0
2017-11-15,18,10.3333,0.0,5.33333,88,88.7563,93.6111,-6.17302,51.7373,318.171,0
2017-11-16,1,9.33333,0.0,4.0,83,83.8688,59.2136,-6.27256,45.6082,349.8,0
2017-11-16,2,9.0,0.0,3.83333,83,82.7288,57.4945,-10.5152,49.0649,339.2,0
2017-11-16,3,8.66667,0.0,3.66667,80,80.351,56.3959,-16.8792,47.75,366.667,0
2017-11-16,4,8.16667,0.0,3.5,78,79.2459,55.3511,-13.4351,46.4351,403.68,0
2017-11-16,5,7.5,0.0,3.33333,77,80.1804,54.6831,-13.4351,53.4351,373.32,0
2017-11-16,6,7.0,0.0,3.0,80,80.8621,56.551,-6.36399,52.364,429.0,0
2017-11-16,7,6.66667,0.0,2.83333,79,87.7281,59.5956,-6.36399,48.364,479.467,0
2017-11-16,8,6.83333,0.0,3.0,82,94.6576,66.6513,-11.3138,53.3138,435.2,0
2017-11-16,9,6.83333,0.0,3.16667,82,97.8339,68.1341,-10.6066,52.6067,450.667,0
2017-11-16,10,7.33333,0.0,3.5,87,95.5577,66.0046,-5.65688,50.0738,454.629,0
2017-11-16,11,7.66667,0.0,4.0,82,90.9418,67.3708,-14.8957,39.9006,460.8,0
2017-11-16,12,7.83333,0.0,4.83333,78,84.9955,65.9712,-14.8957,40.9006,432.0,0
2017-11-16,13,7.83333,0.0,5.5,77,84.0982,64.4997,-9.94591,41.3678,413.4,0
2017-11-16,14,7.83333,0.0,6.0,78,104.99,65.8715,-14.8957,40.3175,408.857,0
2017-11-16,15,7.66667,0.0,6.33333,83,87.2908,69.9341,-17.337,38.4292,405.45,0
2017-11-16,16,7.16667,0.0,6.33333,87,101.913,75.4431,-5.68007,32.7723,425.829,0
2017-11-16,17,6.83333,0.0,6.16667,99,127.623,83.6853,-15.5796,31.2549,458.28,0
2017-11-16,18,6.66667,0.0,5.66667,99,130.017,88.7563,-21.1229,33.551,434.52,0
2017-11-17,1,7.5,0.0,2.66667,99,88.1594,83.8688,-45.2342,-26.5708,420.0,0
2017-11-17,2,7.83333,0.0,2.33333,96,85.9536,82.7288,-40.6148,-29.2496,451.0,0
2017-11-17,3,7.66667,0.0,2.16667,94,81.8816,80.351,-42.029,-30.6638,413.4,0
2017-11-17,4,7.66667,0.0,2.0,93,70.2224,79.2459,-29.4857,-28.3677,421.2,0
2017-11-17,5,7.33333,0.0,1.83333,98,62.2351,80.1804,-30.4096,-28.7504,417.6,0
2017-11-17,6,7.33333,0.0,1.83333,94,62.908,80.8621,-29.5889,-20.0903,453.6,0
2017-11-17,7,7.5,0.0,1.83333,92,68.8586,87.7281,-16.932,-14.4334,460.8,0
2017-11-17,8,7.5,0.0,1.83333,90,74.81,94.6576,-17.6391,-3.8268,443.143,0
2017-11-17,9,7.83333,0.51,2.0,81,75.8403,97.8339,-18.563,-4.20948,437.25,0
2017-11-17,10,8.16667,0.74,2.33333,67,75.1676,95.5577,-19.2701,7.81139,408.857,0
2017-11-17,11,8.66667,0.74,3.0,62,76.6826,90.9418,-30.4796,17.9741,374.0,0
2017-11-17,12,9.16667,0.74,3.66667,61,77.845,84.9955,-24.9363,22.5662,377.143,0
2017-11-17,13,9.66667,1.12,4.33333,63,79.3285,84.0982,-35.7631,31.805,341.85,0
2017-11-17,14,10.3333,1.12,5.0,67,84.2862,104.99,-34.3157,36.3108,300.0,0
2017-11-17,15,11.0,0.61,5.33333,73,86.0178,87.2908,-25.1528,44.0948,329.018,0
2017-11-17,16,11.0,0.38,5.33333,78,84.3695,101.913,-25.9182,45.9426,288.0,0
2017-11-17,17,11.3333,0.76,5.16667,88,84.2882,127.623,-21.8128,52.6612,273.48,0
2017-11-17,18,11.3333,0.76,4.83333,86,82.3138,130.017,-17.986,54.4224,271.745,0
2017-11-17,20,10.8333,0.38,4.16667,82,64.46,96.4322,-9.18432,54.1731,310.431,0
2017-11-18,1,8.5,0.0,3.16667,78,57.974,88.1594,29.6986,47.852,398.618,1
2017-11-18,2,8.5,0.0,2.66667,82,55.9846,85.9536,36.0626,45.167,409.867,1
2017-11-18,3,8.5,0.0,2.33333,86,55.4461,81.8816,29.6986,45.852,401.85,1
2017-11-18,4,8.33333,0.0,2.0,84,55.3273,70.2224,29.6986,45.852,409.867,1
2017-11-18,5,8.16667,0.0,1.66667,85,55.9444,62.2351,29.6986,53.852,360.0,1
2017-11-18,6,7.66667,0.0,1.33333,86,56.2805,62.908,20.6559,53.9552,374.85,1
2017-11-18,7,7.66667,0.0,1.0,88,60.4033,68.8586,14.999,51.5642,421.2,1
2017-11-18,8,7.5,0.0,1.0,87,64.908,74.81,9.34211,53.1731,417.6,1
2017-11-18,9,8.0,0.0,1.0,83,63.8733,75.8403,-0.0833201,52.2492,432.667,1
2017-11-18,10,8.66667,0.0,1.33333,80,59.4732,75.1676,10.9167,43.2492,390.0,1
2017-11-18,11,9.5,0.0,1.83333,73,53.1028,76.6826,0.66764,38.9448,377.143,1
2017-11-18,12,11.0,0.0,2.5,68,34.2503,77.845,11.8317,38.5642,326.8,1
2017-11-18,13,12.0,0.0,3.33333,66,37.5254,79.3285,21.7313,42.4985,252.45,1
2017-11-18,14,13.0,0.0,3.83333,67,47.4048,84.2862,24.3993,48.9656,265.5,1
2017-11-18,15,13.6667,0.0,4.0,71,58.2515,86.0178,23.634,50.8134,245.1,1
2017-11-18,16,13.6667,0.0,3.83333,74,79.5461,84.3695,4.54202,50.3335,230.4,1
2017-11-18,17,13.6667,0.48,3.5,74,77.8159,84.2882,-13.8428,45.8845,254.88,1
2017-11-18,18,13.6667,0.96,3.0,72,67.6886,82.3138,-29.0416,43.1129,277.114,1
2017-11-18,20,13.6667,0.96,2.16667,74,57.57,64.46,-32.8766,39.371,276.0,1
2017-11-19,1,17.6667,1.02,2.5,93,51.9596,57.974,-45.5541,27.1533,209.012,1
2017-11-19,2,18.8333,1.5,2.5,92,48.1959,55.9846,-45.4046,36.2042,171.953,1
2017-11-19,3,20.0,1.5,2.5,91,42.3269,55.4461,-45.255,45.255,154.56,1
2017-11-19,4,20.5,1.5,2.33333,90,38.5928,55.3273,-39.5318,51.4382,152.727,1
2017-11-19,5,20.6667,0.99,2.16667,89,36.5128,55.9444,-31.629,54.3594,164.509,1
2017-11-19,6,20.5,0.96,2.0,88,34.9925,56.2805,-22.9608,55.4328,189.382,1
2017-11-19,7,20.0,0.96,2.0,87,32.3303,60.4033,-21.8128,52.6612,200.34,1
2017-11-19,8,20.1667,0.48,2.0,85,37.2435,64.908,-21.4301,51.7373,198.4,1
2017-11-19,9,20.0,0.48,2.16667,81,40.6421,63.8733,-23.3435,56.3567,168.505,1
2017-11-19,10,20.0,0.48,2.33333,78,37.8217,59.4732,-30.9219,53.6523,155.621,1
2017-11-19,11,20.6667,0.48,2.66667,74,35.8783,53.1028,-31.3046,54.5761,169.304,1
2017-11-19,12,21.3333,0.0,3.0,71,37.3636,34.2503,-30.9219,53.6523,165.714,1
2017-11-19,13,22.1667,0.97,3.5,71,32.8065,37.5254,-32.3361,55.0665,148.5,1
2017-11-19,14,22.0,0.97,3.83333,69,29.2987,47.4048,-41.6531,53.5595,135.873,1
2017-11-19,15,21.3333,0.97,4.0,70,39.221,58.2515,-48.7906,48.7906,140.87,1
2017-11-19,16,21.1667,0.97,4.16667,63,44.795,79.5461,-44.5479,44.5479,179.95,1
2017-11-19,17,21.1667,0.97,4.16667,69,42.9751,77.8159,-41.0124,41.0124,202.473,1
2017-11-19,18,21.3333,0.97,4.16667,72,42.7986,67.6886,-41.0124,41.0124,179.082,1
2017-11-20,1,20.8333,0.0,2.33333,83,20.7977,51.9596,-30.2148,52.9452,167.04,0
2017-11-20,2,20.1667,0.36,2.16667,89,17.0764,48.1959,-23.7262,57.2806,167.04,0
2017-11-20,3,19.8333,0.36,2.0,87,15.3023,42.3269,-22.9608,55.4328,189.382,0
2017-11-20,4,20.3333,0.89,1.83333,88,16.7394,38.5928,-21.8128,52.6612,200.34,0
2017-11-20,5,21.0,1.42,1.83333,87,17.9266,36.5128,-22.9608,55.4328,170.133,0
2017-11-20,6,21.0,2.39,1.83333,86,25.55,34.9925,-25.2569,60.9761,137.242,0
2017-11-20,7,22.1667,2.87,2.0,85,26.5206,32.3303,-26.4049,63.7477,140.87,0
2017-11-20,8,23.5,2.51,2.0,85,28.8713,37.2435,-17.6033,69.4985,124.95,0
2017-11-20,9,24.5,2.51,2.0,83,33.6987,40.6421,0.0,53.0,167.733,0
2017-11-20,10,24.5,1.98,2.0,74,34.7918,37.8217,0.0,51.0,176.538,0
2017-11-20,11,24.5,1.6,2.0,70,36.7659,35.8783,16.2635,72.2492,129.6,0
2017-11-20,12,24.8333,0.66,2.16667,65,43.5549,37.3636,33.2342,68.4224,134.832,0
2017-11-20,13,24.5,0.66,2.33333,65,46.4566,32.8065,50.2048,65.5955,130.226,0
2017-11-20,14,23.3333,1.14,2.5,66,43.6711,29.2987,33.9413,69.3462,124.95,0
2017-11-20,15,21.6667,1.14,2.5,69,47.3271,39.221,16.9706,66.1731,151.2,0
2017-11-20,16,20.5,1.14,2.5,67,60.3973,44.795,0.0,59.0,209.088,0
2017-11-20,17,19.3333,0.99,2.5,69,71.337,42.9751,0.0,75.0,180.0,0
2017-11-20,18,17.3333,0.96,2.16667,71,71.7204,42.7986,0.0,67.0,193.768,0
2017-11-21,1,11.3333,0.0,0.166667,83,60.7374,20.7977,-4.20948,55.1627,275.6,0
2017-11-21,2,11.3333,0.0,-0.166667,85,59.2406,17.0764,-4.20948,58.1627,260.945,0
2017-11-21,3,10.6667,0.0,-0.333333,90,57.4269,15.3023,0.0,57.0,291.5,0
2017-11-21,4,9.5,0.0,-0.5,92,54.8374,16.7394,4.94977,51.4672,354.738,0
2017-11-21,5,8.66667,0.0,-0.666667,92,56.9212,17.9266,8.48532,56.0866,367.015,0
2017-11-21,6,8.0,0.0,-0.666667,89,59.9865,25.55,14.1422,50.4776,411.927,0
2017-11-21,7,7.0,0.0,-0.666667,87,65.9508,26.5206,14.1422,57.4776,385.745,0
2017-11-21,8,6.83333,0.0,-0.5,84,70.3337,28.8713,9.89954,50.7203,464.0,0
2017-11-21,9,7.16667,0.0,-0.166667,77,66.5943,33.6987,6.8381,58.1113,420.0,0
2017-11-21,10,7.66667,0.0,0.333333,79,59.2435,34.7918,13.2021,54.4262,420.0,0
2017-11-21,11,7.66667,0.0,1.0,72,55.2028,36.7659,0.86128,42.0205,440.64,0
2017-11-21,12,8.16667,0.0,1.5,67,56.1607,43.5549,2.98261,44.7921,421.2,0
2017-11-21,13,9.0,0.0,2.16667,65,61.9729,46.4566,4.39683,44.4722,375.943,0
2017-11-21,14,9.0,0.0,2.83333,66,64.7497,43.6711,0.86128,41.0077,356.4,0
2017-11-21,15,8.66667,0.0,3.33333,72,70.2325,47.3271,-3.46832,36.6782,366.667,0
2017-11-21,16,8.16667,0.0,3.33333,79,80.9692,60.3973,-2.83231,28.3632,386.4,0
2017-11-21,17,7.66667,0.0,3.16667,83,93.8164,71.337,2.16769,28.3632,374.85,0
2017-11-21,18,7.0,0.0,3.0,84,105.671,71.7204,9.55873,20.3018,421.2,0
2017-11-22,1,7.0,0.0,1.83333,86,80.6814,60.7374,-9.51686,-46.8443,461.76,0
2017-11-22,2,6.83333,0.0,1.66667,96,77.7733,59.2406,-12.5783,-49.2353,420.0,0
2017-11-22,3,7.0,0.0,1.5,96,75.9819,57.4269,-8.33564,-50.9927,452.4,0
2017-11-22,4,7.0,0.0,1.5,95,74.1013,54.8374,-2.67876,-52.3358,454.629,0
2017-11-22,5,7.16667,0.51,1.33333,99,70.211,56.9212,-5.35752,-51.803,438.6,0
2017-11-22,6,7.16667,0.51,1.16667,97,65.2791,59.9865,-3.06144,-53.2597,437.143,0
2017-11-22,7,7.33333,0.51,1.16667,97,66.5869,65.9508,-5.7402,-48.6403,470.25,0
2017-11-22,8,8.0,0.51,1.33333,97,66.2892,70.3337,-15.1656,-47.6132,453.6,0
2017-11-22,9,8.66667,0.51,1.5,95,64.5947,66.5943,-15.931,-49.461,395.2,0
2017-11-22,10,9.66667,1.63,1.83333,93,67.1888,59.2435,-20.1405,-46.6237,377.143,0
2017-11-22,11,10.8333,1.12,2.16667,91,64.5552,55.2028,-22.4366,-45.167,333.45,0
2017-11-22,12,11.6667,2.06,2.5,92,66.7246,56.1607,-29.2747,-47.6754,263.467,0
2017-11-22,13,12.1667,2.06,2.66667,93,67.601,61.9729,-28.2763,-41.2651,281.455,0
2017-11-22,14,12.1667,2.06,3.0,92,70.1414,64.7497,-32.5521,-39.5877,281.538,0
2017-11-22,15,11.6667,2.06,3.33333,92,77.1996,70.2325,-39.6232,-46.6588,249.508,0
2017-11-22,16,10.8333,0.94,3.5,97,90.6304,80.9692,-40.3053,-40.3053,307.8,0
2017-11-22,17,9.66667,0.94,3.66667,96,93.167,93.8164,-37.7968,-33.4672,366.277,0
2017-11-22,18,8.83333,0.0,4.0,95,87.2134,105.671,-44.2639,-36.1459,355.385,0
2017-11-23,1,8.5,0.0,5.0,100,63.8122,80.6814,-47.5213,-3.09824,360.0,0
2017-11-23,2,8.5,0.0,5.0,92,62.445,77.7733,-43.4328,0.99025,401.85,0
2017-11-23,3,8.83333,0.0,4.83333,92,65.18,75.9819,-45.167,3.58569,401.85,0
2017-11-23,4,9.0,0.0,4.66667,91,66.9255,74.1013,-47.0147,4.35105,380.8,0
2017-11-23,5,9.16667,0.0,4.5,93,68.4488,70.211,-28.6998,0.90693,366.667,0
2017-11-23,6,9.83333,0.0,4.33333,95,70.6147,65.2791,-29.6237,-6.36399,341.85,0
2017-11-23,7,10.1667,0.0,4.33333,94,72.1725,66.5869,-33.3192,-14.0176,300.0,0
2017-11-23,8,10.8333,0.0,4.33333,93,72.6542,66.2892,-8.56416,-4.59216,321.48,0
2017-11-23,9,11.3333,0.0,4.66667,87,66.1582,64.5947,-10.4119,-13.0111,297.0,0
2017-11-23,10,12.1667,0.0,5.16667,76,59.7993,67.1888,-32.4224,-17.986,262.08,0
2017-11-23,11,12.8333,0.0,5.83333,69,54.2817,64.5552,2.903,-9.567,281.455,0
2017-11-23,12,13.3333,0.0,6.66667,62,49.8269,66.7246,-21.0313,-14.9245,255.2,0
2017-11-23,13,14.0,0.0,7.5,59,49.9306,67.601,-23.803,-16.0726,232.615,0
2017-11-23,14,14.1667,0.0,8.5,59,55.1615,70.1414,-25.6507,-16.8379,228.48,0
2017-11-23,15,14.0,0.0,9.16667,68,63.7426,77.1996,-27.6507,-16.8379,239.4,0
2017-11-23,16,13.1667,0.0,9.66667,75,78.5379,90.6304,-25.803,-16.0726,264.0,0
2017-11-23,17,12.5,0.0,9.83333,92,72.8486,93.167,-35.0418,-19.8994,240.0,0
2017-11-23,18,11.8333,0.0,9.83333,90,71.9843,87.2134,-30.4224,-17.986,286.0,0
2017-11-24,1,10.3333,0.0,6.16667,82,66.5132,63.8122,-29.2662,-20.4067,329.018,0
2017-11-24,2,10.0,0.0,5.83333,85,65.3181,62.445,-25.4676,-9.83318,359.9,0
2017-11-24,3,9.33333,0.0,5.33333,81,63.2342,65.18,-28.9117,-1.51826,322.4,0
2017-11-24,4,9.0,0.0,5.0,87,63.7267,66.9255,-25.2162,6.13534,360.0,0
2017-11-24,5,8.83333,0.0,4.66667,87,62.8957,68.4488,-23.8019,7.54956,376.32,0
2017-11-24,6,8.83333,0.0,4.33333,90,69.0132,70.6147,-18.0073,19.6913,380.8,0
2017-11-24,7,8.66667,0.0,4.33333,92,75.0251,72.1725,-20.6433,28.0062,380.8,0
2017-11-24,8,8.5,0.0,4.33333,91,73.2174,72.6542,-19.9362,27.2991,395.2,0
2017-11-24,9,8.66667,0.0,4.66667,83,66.0878,66.1582,-8.49204,18.9842,401.85,0
2017-11-24,10,9.33333,0.0,5.16667,71,60.7715,59.7993,-7.46499,9.55874,395.2,0
2017-11-24,11,9.83333,0.0,5.83333,65,58.8056,54.2817,-13.1114,20.8976,339.2,0
2017-11-24,12,10.6667,0.0,6.66667,60,55.7968,49.8269,-20.7539,7.99049,300.0,0
2017-11-24,13,11.3333,0.0,7.5,58,55.3597,49.9306,-34.3953,-11.3388,265.2,0
2017-11-24,14,12.5,0.0,8.5,60,62.0822,55.1615,-44.5166,-13.4602,291.877,0
2017-11-24,15,13.5,0.0,9.16667,69,70.7811,63.7426,-46.3644,-24.1752,265.5,0
2017-11-24,16,13.6667,0.0,9.66667,74,80.1792,78.5379,-20.2778,-19.583,248.571,0
2017-11-24,17,13.8333,0.0,10.0,87,79.2356,72.8486,6.65648,-14.2255,235.2,0
2017-11-24,18,13.5,0.0,10.0,86,72.4478,71.9843,28.1418,-5.7402,245.92,0
2017-11-25,1,10.8333,0.0,8.0,78,66.6893,66.5132,20.3702,6.88824,313.5,1
2017-11-25,2,10.3333,0.0,7.5,86,65.7794,65.3181,-0.868639,10.715,343.385,1
2017-11-25,3,9.66667,0.0,7.16667,85,62.0821,63.2342,-9.18356,14.1592,310.708,1
2017-11-25,4,9.16667,0.0,6.83333,84,57.9613,63.7267,-30.4985,17.6033,345.6,1
2017-11-25,5,9.0,0.0,6.5,86,58.742,62.8957,-45.9426,25.9182,352.8,1
2017-11-25,6,9.16667,0.0,6.0,89,66.9086,69.0132,-45.0187,25.5355,366.667,1
2017-11-25,7,9.33333,0.0,5.66667,91,72.1113,75.0251,-29.6327,31.3302,363.0,1
2017-11-25,8,9.5,0.0,5.66667,91,76.9589,73.2174,-9.3939,27.5034,339.2,1
2017-11-25,9,9.83333,0.0,5.83333,86,75.6382,66.0878,8.92102,24.0593,325.867,1
2017-11-25,10,11.1667,0.0,6.16667,81,68.7289,60.7715,7.07326,16.4057,300.0,1
2017-11-25,11,11.8333,0.0,6.66667,76,59.142,58.8056,2.20246,11.5349,250.92,1
2017-11-25,12,12.1667,0.0,7.33333,72,49.6929,55.7968,-13.354,-6.18924,240.0,1
2017-11-25,13,12.3333,0.0,8.16667,71,48.3283,55.3597,-42.8393,-14.6746,270.327,1
2017-11-25,14,12.6667,0.0,8.66667,75,63.157,62.0822,-43.7632,-15.0572,293.647,1
2017-11-25,15,12.8333,0.0,9.0,82,73.4263,70.7811,-54.8497,-19.6494,256.941,1
2017-11-25,16,11.6667,0.0,9.0,81,82.0234,80.1792,-50.2303,-30.7471,260.0,1
2017-11-25,17,11.1667,0.0,8.83333,84,73.1433,79.2356,-50.9838,-26.0886,280.8,1
2017-11-25,18,10.8333,0.0,8.66667,88,66.01,72.4478,-50.8134,-21.0474,313.5,1
2017-11-25,19,10.6667,1.12,8.33333,85,54.28,76.56,-48.9656,-20.282,336.3,1
2017-11-26,1,16.1667,1.12,7.5,90,47.8421,66.6893,-36.0626,36.0626,229.125,1
2017-11-26,2,17.0,1.12,7.0,88,30.6201,65.7794,-36.7697,36.7697,228.8,1
2017-11-26,3,18.3333,1.12,6.33333,88,23.0551,62.0821,-31.3127,41.5955,216.847,1
2017-11-26,4,19.3333,2.24,5.66667,87,24.0653,57.9613,-28.0934,50.8238,171.953,1
2017-11-26,5,20.0,2.24,5.16667,87,22.4483,58.742,-16.0726,60.803,149.368,1
2017-11-26,6,20.1667,2.24,4.5,90,30.9584,66.9086,-8.80164,65.2492,151.93,1
2017-11-26,7,19.8333,2.24,4.5,68,39.944,72.1113,12.728,60.6298,176.727,1
2017-11-26,8,19.1667,2.24,4.33333,87,45.3781,76.9589,23.3346,49.2365,222.927,1
2017-11-26,9,17.5,2.72,4.16667,88,48.8762,75.6382,33.9413,63.0947,192.873,1
2017-11-26,10,16.0,1.6,4.0,77,51.3037,68.7289,43.1337,53.1051,231.8,1
2017-11-26,11,14.6667,1.6,4.0,73,55.5306,59.142,39.5982,48.4857,254.88,1
2017-11-26,12,14.0,0.48,4.16667,69,60.0171,49.6929,38.891,50.8134,264.0,1
2017-11-26,13,14.0,0.48,3.66667,69,59.7891,48.3283,28.2844,50.9552,261.415,1
2017-11-26,14,13.8333,0.48,3.66667,67,59.7943,63.157,19.092,53.9448,242.031,1
2017-11-26,15,13.5,0.0,3.83333,67,62.699,73.4263,9.89954,55.9343,239.4,1
2017-11-26,16,13.1667,0.0,3.83333,70,75.1463,82.0234,0.0,54.0,267.429,1
2017-11-26,17,12.5,0.0,3.5,71,89.1123,73.1433,0.0,51.0,302.08,1
2017-11-26,18,11.6667,0.0,3.16667,72,76.82,66.01,0.0,61.0,276.48,1
2017-11-27,1,8.16667,0.0,0.5,67,84.3535,47.8421,4.10109,55.5642,374.0,0
2017-11-27,2,7.83333,0.0,0.0,83,77.8221,30.6201,4.10109,55.5642,374.0,0
2017-11-27,3,7.83333,0.0,-0.333333,81,72.6151,23.0551,4.10109,53.5642,402.8,0
2017-11-27,4,8.16667,0.0,-0.666667,79,65.1746,24.0653,7.54521,53.2492,405.45,0
2017-11-27,5,8.16667,0.0,-0.833333,78,66.101,22.4483,10.6066,53.8582,377.4,0
2017-11-27,6,8.5,0.0,-0.833333,78,69.5557,30.9584,6.36399,57.3149,374.0,0
2017-11-27,7,8.5,0.0,-0.833333,79,75.5072,39.944,7.0711,50.2388,409.867,0
2017-11-27,8,9.0,0.0,-0.5,82,76.3789,45.3781,3.62698,49.5537,393.6,0
2017-11-27,9,9.5,0.0,-0.166667,81,69.1699,48.8762,3.62698,52.5537,356.4,0
2017-11-27,10,10.3333,0.0,0.333333,78,65.3072,51.3037,-4.15123,52.3319,313.65,0
2017-11-27,11,10.6667,0.0,1.0,72,60.8775,55.5306,-4.15123,48.3319,321.48,0
2017-11-27,12,11.1667,0.0,1.66667,66,60.0944,60.0171,-11.2223,50.0931,300.667,0
2017-11-27,13,11.8333,0.0,2.33333,64,63.0981,59.7891,1.41422,53.7887,262.08,0
2017-11-27,14,12.3333,0.0,2.83333,66,64.7564,59.7943,-3.56062,55.7991,240.0,0
2017-11-27,15,12.3333,0.0,3.16667,72,70.9561,62.699,-0.75725,60.0313,240.0,0
2017-11-27,16,12.0,0.0,3.33333,71,90.9776,75.1463,-8.53546,54.8095,240.0,0
2017-11-27,17,11.6667,0.0,3.16667,76,92.9351,89.1123,-16.3137,51.5877,259.2,0
2017-11-27,18,10.8333,0.0,2.66667,79,83.5808,76.82,-31.8701,45.9413,299.815,0
2017-11-28,1,12.8333,0.0,-0.833333,75,64.742,84.3535,53.0,0.0,265.5,0
2017-11-28,2,13.5,0.0,-1.0,74,60.093,77.8221,55.0,0.0,257.914,0
2017-11-28,3,14.0,0.0,-1.16667,71,57.8612,72.6151,55.0,0.0,251.631,0
2017-11-28,4,14.3333,0.0,-1.16667,70,56.1974,65.1746,57.0,0.0,239.4,0
2017-11-28,5,15.0,0.0,-1.16667,69,57.0631,66.101,59.0,0.0,221.571,0
2017-11-28,6,15.1667,0.0,-1.16667,69,57.8196,69.5557,62.0,0.0,196.114,0
2017-11-28,7,15.6667,0.0,-0.833333,69,55.633,75.5072,63.0,0.0,195.52,0
2017-11-28,8,16.3333,0.0,-0.666667,69,56.52,76.3789,65.0,0.0,187.425,0
2017-11-28,9,16.8333,0.0,-0.333333,66,59.0207,69.1699,67.0,0.0,180.0,0
2017-11-28,10,17.1667,0.0,0.166667,65,56.1747,65.3072,53.0,0.0,216.847,0
2017-11-28,11,17.0,0.0,0.833333,61,56.0465,60.8775,19.3702,6.88824,213.333,0
2017-11-28,12,16.8333,0.0,1.5,56,59.3,60.0944,17.3702,6.88824,228.8,0
2017-11-28,13,16.5,0.0,2.16667,54,58.6857,63.0981,31.3702,6.88824,194.133,0
2017-11-28,14,15.8333,0.0,3.0,52,57.9954,64.7564,28.3702,6.88824,216.333,0
2017-11-28,15,14.8333,0.0,3.5,55,59.6816,70.9561,59.0,0.0,235.125,0
2017-11-28,16,13.6667,0.0,3.66667,61,61.362,90.9776,31.9134,-4.59216,257.914,0
2017-11-28,17,13.0,0.0,3.66667,63,65.4255,92.9351,7.75076,-8.80164,292.32,0
2017-11-28,18,13.0,0.0,3.66667,64,73.365,83.5808,-3.3358,-13.3938,248.88,0
2017-11-29,1,9.33333,0.56,1.5,76,61.5615,64.742,32.7353,8.39389,320.914,0
2017-11-29,2,8.5,0.56,1.5,81,60.0315,60.093,13.0784,14.0508,378.831,0
2017-11-29,3,8.33333,0.56,1.5,84,59.3732,57.8612,-7.31261,17.1122,417.72,0
2017-11-29,4,8.16667,0.56,1.5,87,58.594,56.1974,-13.6766,10.7482,360.0,0
2017-11-29,5,8.5,0.56,1.66667,91,57.8561,57.0631,-29.3335,5.09134,374.0,0
2017-11-29,6,8.66667,1.12,1.66667,93,59.7859,57.8196,-41.6986,-3.30255,409.867,0
2017-11-29,7,8.66667,0.56,1.83333,94,62.4574,55.633,-42.6225,-10.5735,386.4,0
2017-11-29,8,8.66667,0.56,1.83333,96,67.8213,56.52,-44.3567,-13.1689,386.4,0
2017-11-29,9,8.5,0.56,1.83333,96,72.4446,59.0207,-28.9656,-16.2304,395.2,0
2017-11-29,10,8.83333,0.56,1.83333,92,74.4675,56.1747,-29.9927,-12.9278,401.85,0
2017-11-29,11,8.83333,1.14,1.83333,89,70.9307,56.0465,-33.5746,-3.44412,380.8,0
2017-11-29,12,8.66667,0.58,2.16667,87,64.1422,59.3,-33.5746,-3.44412,389.88,0
2017-11-29,13,8.66667,0.58,2.33333,85,69.5276,58.6857,-32.6507,-3.06144,386.4,0
2017-11-29,14,8.66667,0.58,2.5,86,74.536,57.9954,-17.2597,-6.12288,386.4,0
2017-11-29,15,8.5,1.06,2.5,87,79.5377,59.6816,-32.6507,-9.18432,386.4,0
2017-11-29,16,8.16667,1.06,2.5,89,83.6219,61.362,-31.7268,-8.80164,417.72,0
2017-11-29,17,8.0,0.48,2.33333,94,85.6856,65.4255,-23.7268,-8.80164,373.32,0
2017-11-30,1,6.66667,0.0,-0.166667,99,79.9426,61.5615,-30.6224,24.6692,436.05,0
2017-11-30,2,6.33333,0.84,-0.166667,95,79.2916,60.0315,-42.9632,22.7808,452.4,0
2017-11-30,3,6.33333,0.84,-0.166667,94,78.7993,59.3732,-40.1347,14.2955,520.8,0
2017-11-30,4,6.33333,1.78,-0.166667,94,79.5059,58.594,-39.4276,3.68886,517.0,0
2017-11-30,5,6.5,2.72,0.0,94,80.9133,57.8561,-36.5631,-5.07438,509.143,0
2017-11-30,6,6.83333,3.63,0.0,95,65.07,59.7859,-33.8843,-19.5415,490.629,0
2017-11-30,7,7.16667,3.63,0.0,95,79.1762,62.4574,-27.4172,-30.2203,472.457,0
2017-11-30,10,8.66667,5.26,0.166667,86,68.4422,74.4675,-7.62853,-52.4169,392.229,0
2017-11-30,11,9.16667,6.07,0.333333,85,49.83,70.9307,-4.20948,-51.1627,386.4,0
2017-11-30,13,11.1667,5.16,0.666667,85,58.5378,69.5276,1.14804,-50.097,319.2,0
2017-11-30,15,12.0,7.11,0.833333,87,72.2156,79.5377,15.6899,-48.8791,270.327,0
2017-11-30,21,9.16667,3.99,0.0,89,71.9916,79.1,34.4492,-33.908,409.867,0
2018-10-01,0,9.5,0.0,7.0,79,74.8312,93.6228,-36.2701,-18.7513,324.48,0
2018-10-01,1,9.33333,0.0,6.0,82,69.2596,84.9764,-18.0313,-14.9245,337.08,0
2018-10-01,2,9.16667,0.0,5.33333,82,63.1556,79.56,0.207481,-11.0977,349.92,0
2018-10-01,3,9.0,0.0,4.83333,82,52.2492,70.8396,1.13136,-3.8268,363.0,0
2018-10-01,4,9.0,0.0,4.5,83,48.5288,63.2536,2.05524,3.44412,366.667,0
2018-10-01,5,9.0,0.0,4.16667,85,48.0076,58.1392,2.05524,10.3324,366.667,0
2018-10-01,6,9.0,0.0,4.16667,89,53.7488,56.96,-15.2597,13.7765,366.667,0
2018-10-01,7,9.0,0.0,4.33333,93,53.8036,57.1236,-32.5746,17.2206,366.667,0
2018-10-01,8,9.0,0.0,4.66667,91,47.3052,57.6748,-32.5746,17.2206,366.667,0
2018-10-01,9,9.16667,0.0,5.5,81,36.7404,51.3576,-15.2597,13.7765,366.667,0
2018-10-01,10,10.0,0.0,6.66667,68,28.5908,23.8496,-16.1836,14.1592,352.8,0
2018-10-01,11,11.1667,0.0,8.16667,59,20.0976,12.9752,-12.488,12.6284,340.267,0
2018-10-01,12,12.3333,0.0,9.66667,52,21.158,8.3664,-18.9552,15.3072,251.6,0
2018-10-01,13,13.3333,0.0,11.3333,47,23.396,8.3888,-48.269,26.621,220.32,0
2018-10-01,14,14.1667,0.0,13.0,46,26.8864,9.062,-49.6368,33.4008,204.429,0
2018-10-01,15,14.5,0.0,14.1667,46,28.46,11.7876,-46.602,37.9428,218.625,0
2018-10-01,16,14.0,0.0,15.0,48,30.3108,9.6908,-40.3053,40.3053,252.225,0
2018-10-01,17,12.8333,0.0,15.3333,54,34.6752,12.31,-33.201,39.1542,292.32,0
2018-10-01,18,11.5,0.0,15.1667,65,56.456,26.9488,-36.6451,47.4691,276.48,0
2018-10-01,19,10.1667,0.0,14.6667,74,73.4556,56.3748,-29.0999,44.2535,339.429,0
2018-10-01,20,9.0,0.0,13.6667,88,88.3348,71.1264,-29.0999,51.2535,331.629,0
2018-10-01,21,8.33333,0.0,12.3333,97,98.5136,81.4476,-19.2004,48.354,394.4,0
2018-10-01,22,8.0,0.0,11.0,88,87.1256,81.4328,-19.2004,56.354,360.0,0
2018-10-01,23,8.16667,0.0,10.0,75,69.9932,75.2668,-10.715,56.8686,385.745,0
2018-10-02,0,8.5,0.0,9.16667,75,54.2208,74.8312,-6.50556,56.706,374.0,0
2018-10-02,1,9.16667,0.0,8.33333,72,43.4988,69.2596,0.0,51.0,393.6,0
2018-10-02,2,9.83333,0.0,8.0,68,43.1576,63.1556,0.0,55.0,329.829,0
2018-10-02,3,10.5,0.0,8.0,68,47.0364,52.2492,0.0,51.0,340.267,0
2018-10-02,4,11.0,0.0,7.83333,82,45.6424,48.5288,0.0,54.0,309.12,0
2018-10-02,5,11.5,0.0,7.5,88,46.1308,48.0076,0.0,56.0,285.12,0
2018-10-02,6,12.1667,0.0,7.5,94,47.5338,53.7488,9.19243,58.0104,260.945,0
2018-10-02,7,13.0,0.0,7.66667,96,44.2028,53.8036,19.092,48.9448,286.7,0
2018-10-02,8,14.0,0.0,7.66667,94,29.7024,47.3052,30.4057,51.7268,245.1,0
2018-10-02,9,15.1667,0.0,7.83333,86,25.7584,36.7404,42.4266,55.4328,205.477,0
2018-10-02,10,15.8333,0.0,8.16667,72,36.3342,28.5908,36.7697,48.0418,220.8,0
2018-10-02,11,16.5,0.0,8.66667,66,36.7336,20.0976,36.7697,48.0418,224.824,0
2018-10-02,12,17.3333,0.0,9.16667,61,35.6184,21.158,24.7488,49.3358,232.737,0
2018-10-02,13,17.8333,0.0,9.66667,57,28.1844,23.396,11.3138,50.7821,220.8,0
2018-10-02,14,18.1667,0.0,10.3333,55,26.0788,26.8864,0.0,55.0,201.318,0
2018-10-02,15,18.1667,0.0,10.6667,52,20.7188,28.46,0.0,57.0,195.789,0
2018-10-02,16,18.6667,0.0,11.0,51,21.6596,30.3108,0.0,57.0,195.789,0
2018-10-02,17,19.0,0.0,11.0,54,27.3516,34.6752,-7.27092,55.5537,195.789,0
2018-10-02,18,18.8333,0.0,10.6667,54,36.0092,56.456,-14.5418,54.1074,195.789,0
2018-10-02,19,18.5,0.0,10.3333,52,44.9558,73.4556,-21.4301,51.7373,202.926,0
2018-10-02,20,18.1667,0.0,9.66667,51,43.7715,88.3348,-26.18,46.2044,217.579,0
2018-10-02,21,18.0,0.0,9.16667,50,38.8212,98.5136,-30.93,40.6716,228.8,0
2018-10-02,22,18.5,0.0,8.66667,47,31.5658,87.1256,-36.7697,36.7697,224.824,0
2018-10-02,23,19.3333,0.0,8.33333,48,21.7577,69.9932,-40.3053,40.3053,186.353,0
2018-10-03,0,20.5,0.0,8.16667,53,15.3692,54.2208,-37.4687,50.4575,144.0,0
2018-10-03,1,21.8333,1.19,8.0,58,13.1854,43.4988,-34.3077,60.8265,125.182,0
2018-10-03,2,23.0,1.19,8.0,70,13.19,43.1576,-28.3183,68.3671,120.0,0
2018-10-03,3,23.8333,1.19,8.0,71,14.4208,47.0364,-28.3183,68.3671,124.848,0
2018-10-03,4,23.8333,1.19,8.0,74,15.5085,45.6424,-27.553,66.5194,134.832,0
2018-10-03,5,23.3333,1.19,8.0,74,14.1612,46.1308,-17.986,65.4224,145.75,0
2018-10-03,6,23.0,1.19,8.0,72,15.0688,47.5338,-8.80164,64.2492,157.617,0
2018-10-03,7,23.1667,2.46,7.83333,77,16.1773,44.2028,0.0,66.0,152.727,0
2018-10-03,8,23.6667,4.92,7.83333,74,15.9008,29.7024,0.0,70.0,125.314,0
2018-10-03,9,24.6667,4.92,7.83333,74,11.035,25.7584,0.0,53.0,165.092,0
2018-10-03,10,25.8333,7.0,8.0,78,13.3558,36.3342,0.0,56.0,151.467,0
2018-10-03,11,27.5,7.0,8.16667,80,13.8288,36.7336,0.0,58.0,146.897,0
2018-10-03,12,29.1667,7.0,8.5,78,13.0854,35.6184,0.0,60.0,137.048,0
2018-10-03,13,30.5,4.54,9.16667,76,17.0562,28.1844,0.0,64.0,124.49,0
2018-10-03,14,31.8333,2.08,9.66667,76,14.5159,26.0788,0.0,67.0,117.6,0
2018-10-03,15,32.5,2.46,10.1667,73,12.0438,20.7188,0.0,69.0,112.412,0
2018-10-03,16,32.5,0.76,10.3333,72,15.5131,21.6596,23.3346,65.488,119.451,0
2018-10-03,17,31.6667,0.76,10.5,58,20.7365,27.3516,43.8408,57.2806,139.418,0
2018-10-03,18,30.0,0.76,10.5,63,31.786,36.0092,38.891,50.8134,162.29,0
2018-10-03,19,27.6667,0.76,10.1667,66,39.2708,44.9558,55.1546,72.0626,124.51,0
2018-10-03,20,25.0,0.76,9.66667,69,44.0677,43.7715,48.7906,63.7477,155.215,0
2018-10-03,21,22.5,0.38,9.16667,68,25.6423,38.8212,43.8408,57.2806,181.409,0
2018-10-03,22,20.6667,0.0,8.83333,67,21.99,31.5658,40.3053,52.6612,200.34,0
2018-10-03,23,19.3333,0.0,8.33333,65,16.7085,21.7577,38.891,50.8134,210.189,0
2018-10-04,0,18.3333,0.0,7.83333,64,14.8862,15.3692,38.1839,49.8895,213.333,0
2018-10-04,1,17.8333,0.0,7.5,63,22.005,13.1854,37.4768,48.9656,221.0,0
2018-10-04,2,17.5,0.0,7.16667,62,21.1462,13.19,36.7697,48.0418,228.8,0
2018-10-04,3,17.3333,0.0,6.83333,61,19.3362,14.4208,36.0626,47.1179,232.941,0
2018-10-04,4,17.1667,0.0,6.5,61,13.5196,15.5085,24.0417,48.4119,232.941,0
2018-10-04,5,16.8333,0.0,6.16667,63,12.8146,14.1612,12.0209,49.706,232.941,0
2018-10-04,6,16.8333,0.0,6.0,67,16.5796,15.0688,12.0209,65.706,180.0,0
2018-10-04,7,16.8333,0.0,5.83333,73,19.9515,16.1773,0.0,67.0,180.0,0
2018-10-04,8,17.0,0.0,6.0,74,23.1808,15.9008,0.0,67.0,180.0,0
2018-10-04,9,17.3333,0.0,6.33333,70,27.7319,11.035,12.728,50.6298,224.824,0
2018-10-04,10,17.6667,0.0,6.83333,71,33.6433,13.3558,26.1631,51.1836,209.012,0
2018-10-04,11,18.3333,0.0,7.66667,63,32.9567,13.8288,39.5982,51.7373,198.4,0
2018-10-04,12,19.0,0.0,8.5,56,29.5515,13.0854,41.0124,53.585,188.779,0
2018-10-04,13,19.6667,0.0,9.5,51,25.7611,17.0562,42.4266,55.4328,175.137,0
2018-10-04,14,20.0,0.0,10.3333,48,15.5433,14.5159,43.8408,57.2806,167.04,0
2018-10-04,15,20.0,0.0,11.1667,45,14.2519,12.0438,43.8408,57.2806,171.943,0
2018-10-04,16,19.6667,0.0,11.6667,45,14.087,15.5131,42.4266,55.4328,184.743,0
2018-10-04,17,19.0,0.0,11.8333,46,19.5844,20.7365,39.5982,51.7373,207.36,0
2018-10-04,18,17.6667,0.0,11.6667,51,45.0174,31.786,36.7697,48.0418,232.737,0
2018-10-04,19,15.8333,0.0,11.1667,55,70.2741,39.2708,45.9622,60.0522,208.042,0
2018-10-04,20,14.0,0.0,10.3333,65,78.2193,44.0677,32.5271,52.4985,266.965,0
2018-10-04,21,12.1667,0.0,9.16667,72,80.1237,25.6423,32.5271,61.4985,256.941,0
2018-10-04,22,10.8333,0.0,8.33333,76,76.6567,21.99,17.4447,53.1836,333.0,0
2018-10-04,23,9.66667,0.0,7.5,77,72.6563,16.7085,14.0006,61.4985,309.825,0
2018-10-05,0,9.16667,0.0,6.66667,87,63.5933,14.8862,-3.67712,53.0804,355.385,0
2018-10-05,1,9.16667,0.0,6.33333,80,51.823,22.005,-19.9406,48.141,363.0,0
2018-10-05,2,9.33333,0.0,6.5,80,45.9996,21.1462,-27.0117,45.2122,352.8,0
2018-10-05,3,9.66667,0.0,6.66667,86,42.1726,19.3362,-34.0828,43.2832,327.6,0
2018-10-05,4,9.66667,0.0,6.66667,88,41.7181,13.5196,-38.0925,42.9633,312.8,0
2018-10-05,5,9.66667,0.0,6.83333,92,45.0067,12.8146,-41.0124,41.0124,312.8,0
2018-10-05,6,9.66667,0.0,7.16667,97,51.2489,16.5796,-41.0124,41.0124,324.48,0
2018-10-05,7,9.66667,0.0,7.16667,100,56.2037,19.9515,-41.0124,41.0124,324.48,0
2018-10-05,8,9.66667,0.0,7.16667,97,56.6893,23.1808,-41.0124,41.0124,324.48,0
2018-10-05,9,9.83333,0.0,7.66667,83,53.9326,27.7319,-43.1801,37.7681,324.48,0
2018-10-05,10,10.3333,0.0,8.33333,65,48.1948,33.6433,-46.2717,34.9065,300.0,0
2018-10-05,11,11.0,0.0,9.5,55,36.1067,32.9567,-42.029,30.6638,321.48,0
2018-10-05,12,11.6667,0.0,10.8333,49,24.0567,29.5515,-46.9683,28.5675,285.12,0
2018-10-05,13,12.3333,0.0,12.3333,45,15.3533,25.7611,-52.8316,26.854,240.0,0
2018-10-05,14,12.8333,0.0,13.8333,45,14.1496,15.5433,-46.3644,24.1752,265.5,0
2018-10-05,15,13.0,0.0,15.0,45,13.2122,14.2519,-49.8895,20.6647,261.415,0
2018-10-05,16,12.8333,0.0,15.8333,47,17.5518,14.087,-48.9656,20.282,277.114,0
2018-10-05,17,12.3333,0.0,16.0,54,15.893,19.5844,-59.1283,24.4915,240.0,0
2018-10-05,18,11.5,0.0,15.6667,61,37.5459,45.0174,-55.4328,22.9608,277.714,0
2018-10-05,19,10.6667,0.0,15.0,65,57.9052,70.2741,-33.4985,17.6033,321.231,0
2018-10-05,20,10.0,0.0,13.8333,73,64.1311,78.2193,-12.488,12.6284,359.9,0
2018-10-05,21,9.66667,0.0,12.5,79,72.4854,80.1237,-3.48804,12.6284,322.4,0
2018-10-05,22,9.5,0.0,11.3333,77,69.7531,76.6567,17.5985,8.03628,335.345,0
2018-10-05,23,9.5,0.0,10.3333,78,62.9188,72.6563,37.7612,3.8268,337.08,0
2018-10-06,0,9.66667,0.0,9.5,82,62.1365,63.5933,57.0,0.0,325.867,1
2018-10-06,1,9.83333,0.0,8.83333,82,57.3512,51.823,58.0,0.0,312.8,1
2018-10-06,2,10.0,0.0,8.33333,81,56.7288,45.9996,59.0,0.0,300.0,1
2018-10-06,3,10.0,0.0,8.0,80,57.1715,42.1726,60.0,0.0,300.0,1
2018-10-06,4,10.0,0.0,7.5,82,54.7377,41.7181,60.0,0.0,300.0,1
2018-10-06,5,10.0,0.0,7.16667,81,55.3677,45.0067,60.0,0.0,300.0,1
2018-10-06,6,10.0,0.0,7.0,86,55.7288,51.2489,60.0,0.0,300.0,1
2018-10-06,7,10.0,0.0,6.83333,91,57.1323,56.2037,60.0,0.0,300.0,1
2018-10-06,8,10.1667,0.0,7.0,88,58.0231,56.6893,60.0,0.0,300.0,1
2018-10-06,9,10.5,0.0,7.5,75,50.2269,53.9326,51.0,0.0,346.92,1
2018-10-06,10,11.1667,0.0,8.5,63,35.9973,48.1948,53.0,0.0,321.48,1
2018-10-06,11,12.1667,0.0,9.83333,51,27.9677,36.1067,30.0657,5.35752,273.48,1
2018-10-06,12,13.5,0.0,11.5,45,28.1492,24.0567,-4.7164,11.4804,259.418,1
2018-10-06,13,15.3333,0.0,13.3333,42,33.6577,15.3533,-32.3462,18.3686,197.6,1
2018-10-06,14,17.1667,0.0,15.1667,42,39.9737,14.1496,-50.8134,21.0474,196.725,1
2018-10-06,15,18.5,0.0,16.8333,43,45.8727,13.2122,-56.3567,23.3435,163.4,1
2018-10-06,16,19.0,0.0,18.1667,45,51.43,17.5518,-58.2044,24.1088,165.714,1
2018-10-06,17,18.8333,0.0,18.8333,51,50.6973,15.893,-54.5089,22.5781,195.873,1
2018-10-06,18,18.1667,0.0,18.8333,59,59.35,37.5459,-48.0418,19.8994,236.64,1
2018-10-06,19,16.8333,0.0,18.5,64,76.1324,57.9052,-60.9761,25.2569,207.36,1
2018-10-06,20,15.1667,0.0,17.8333,70,83.465,64.1311,-54.5089,22.5781,241.553,1
2018-10-06,21,13.8333,0.0,16.8333,71,78.4773,72.4854,-49.8895,20.6647,273.28,1
2018-10-06,22,12.8333,0.0,15.6667,72,78.4108,69.7531,-44.5166,23.4098,297.0,1
2018-10-06,23,12.1667,0.0,14.6667,73,71.6812,62.9188,-52.2948,31.188,258.514,1
2018-10-07,0,11.6667,0.0,14.0,73,65.0765,62.1365,-47.1387,33.6087,279.138,1
2018-10-07,1,11.3333,0.0,13.3333,73,61.3065,57.3512,-42.9065,36.4121,291.5,1
2018-10-07,2,11.1667,0.0,12.8333,74,51.6008,56.7288,-41.9826,36.0294,302.4,1
2018-10-07,3,11.0,0.0,12.5,73,46.8881,57.1715,-43.66,31.7536,305.455,1
2018-10-07,4,11.0,0.0,12.3333,74,45.5212,54.7377,-46.0445,28.1849,305.455,1
2018-10-07,5,11.0,0.0,12.1667,75,45.6812,55.3677,-48.4289,24.6161,305.455,1
2018-10-07,6,11.0,0.51,11.8333,77,47.6227,55.7288,-50.8134,21.0474,305.455,1
2018-10-07,7,11.1667,1.02,11.8333,80,51.4865,57.1323,-50.8134,21.0474,305.455,1
2018-10-07,8,11.3333,1.02,12.0,80,48.015,58.0231,-51.7373,21.4301,294.0,1
2018-10-07,9,11.6667,1.02,12.3333,75,42.3938,50.2269,-52.6612,21.8128,282.764,1
2018-10-07,10,12.1667,1.02,12.8333,68,43.9565,35.9973,-54.5089,22.5781,260.945,1
2018-10-07,11,13.0,1.02,13.6667,61,46.2638,27.9677,-44.0831,24.0587,286.7,1
2018-10-07,12,13.8333,0.51,15.0,55,48.9658,28.1492,-44.3103,30.7803,245.1,1
2018-10-07,13,14.5,0.0,16.3333,50,48.5969,33.6577,-44.5375,37.5019,214.338,1
2018-10-07,14,15.1667,0.0,17.6667,49,42.9723,39.9737,-38.6499,47.3091,196.114,1
2018-10-07,15,15.5,0.0,18.8333,48,42.6842,45.8727,-34.8733,52.1917,195.0,1
2018-10-07,16,15.3333,0.0,19.6667,49,39.0069,51.43,-29.2997,54.7361,202.725,1
2018-10-07,17,14.6667,0.0,19.8333,51,42.5588,50.6973,-17.986,56.4224,226.8,1
2018-10-07,18,14.0,0.0,19.5,56,52.75,59.35,-3.37776,52.7268,261.0,1
2018-10-07,19,13.5,0.0,18.8333,57,42.3038,76.1324,11.2304,49.0313,292.32,1
2018-10-07,20,13.1667,0.0,17.6667,60,19.1346,83.465,20.4229,58.2237,240.0,1
2018-10-07,21,13.0,0.0,16.1667,63,12.4908,78.4773,36.0626,41.2651,286.7,1
2018-10-07,22,13.1667,0.0,14.6667,65,14.6527,78.4108,40.5116,35.536,265.5,1
2018-10-07,23,13.5,0.0,13.3333,68,16.0969,71.6812,44.9606,29.807,251.631,1
2018-10-08,0,13.6667,0.0,12.0,72,15.6638,65.0765,49.7682,20.6146,248.571,0
2018-10-08,1,13.5,0.0,10.6667,74,15.1515,61.3065,52.8686,10.715,257.914,0
2018-10-08,2,13.0,0.0,9.66667,74,18.7138,51.6008,51.9343,5.35752,277.114,0
2018-10-08,3,12.3333,0.0,8.83333,82,19.5973,46.8881,62.9343,5.35752,240.0,0
2018-10-08,4,11.6667,0.0,8.16667,83,19.0838,45.5212,59.2388,3.8268,277.714,0
2018-10-08,5,10.8333,0.0,7.5,84,19.9558,45.6812,54.4776,7.6536,310.431,0
2018-10-08,6,10.1667,0.0,7.0,88,26.0154,47.6227,49.7925,11.0977,348.0,0
2018-10-08,7,9.66667,0.0,6.5,99,35.235,51.4865,58.1074,14.5418,311.1,0
2018-10-08,8,9.16667,0.0,6.33333,89,36.0292,48.015,55.1074,14.5418,335.345,0
2018-10-08,9,9.0,0.0,6.5,80,26.5119,42.3938,52.1074,14.5418,363.0,0
2018-10-08,10,8.5,0.0,6.83333,70,22.9177,43.9565,51.8686,10.715,376.32,0
2018-10-08,11,8.16667,0.0,7.5,63,25.2258,46.2638,49.097,4.20948,409.867,0
2018-10-08,12,8.0,0.0,8.33333,57,15.3469,48.9658,54.0468,-0.74029,374.0,0
2018-10-08,13,7.83333,0.0,9.5,52,8.27808,48.5969,51.3887,-9.84129,388.267,0
2018-10-08,14,7.83333,0.0,10.3333,48,13.705,42.9723,48.7307,-18.9423,402.8,0
2018-10-08,15,7.66667,0.0,11.1667,45,18.0881,42.6842,42.7921,-26.3333,405.45,0
2018-10-08,16,7.83333,0.0,11.6667,44,21.1131,39.0069,37.8536,-33.7244,417.6,0
2018-10-08,17,8.0,0.0,11.6667,55,27.5646,42.5588,31.915,-41.1154,408.857,0
2018-10-08,18,7.83333,0.0,11.5,58,45.6608,52.75,25.4478,-46.4366,392.229,0
2018-10-08,19,7.66667,0.0,11.0,63,79.245,42.3038,20.4981,-48.4869,405.45,0
2018-10-08,20,7.5,0.0,10.3333,71,101.734,19.1346,14.8412,-49.83,421.2,0
2018-10-08,21,7.33333,0.0,9.33333,79,116.817,12.4908,9.18432,-51.1731,437.25,0
2018-10-08,22,7.33333,0.0,8.33333,82,110.971,14.6527,3.44412,-50.2492,453.6,0
2018-10-08,23,7.33333,0.0,7.66667,82,96.0638,16.0969,-2.67876,-50.2492,453.6,0
2018-10-09,0,7.33333,0.0,7.0,84,88.7104,15.6638,-11.3971,-48.5151,453.6,0
2018-10-09,1,7.16667,0.0,6.33333,88,74.8146,15.1515,-16.3468,-45.4649,460.8,0
2018-10-09,2,7.0,0.0,5.83333,90,71.1681,18.7138,-20.5895,-49.7075,420.0,0
2018-10-09,3,6.83333,0.0,5.5,90,65.7458,19.5973,-26.1328,-45.0036,437.143,0
2018-10-09,4,6.5,0.0,5.16667,89,64.3296,19.0838,-31.6761,-40.2997,454.629,0
2018-10-09,5,6.33333,0.0,4.66667,100,68.1527,19.9558,-37.2193,-35.5957,472.457,0
2018-10-09,6,6.33333,0.0,4.33333,100,70.2223,26.0154,-41.0077,-31.8074,486.0,0
2018-10-09,7,6.5,0.0,4.33333,100,73.6054,35.235,-44.4135,-27.0951,503.25,0
2018-10-09,8,6.66667,0.0,4.5,100,75.9444,36.0292,-45.2237,-24.1169,509.143,0
2018-10-09,9,6.83333,0.0,5.0,93,74.0692,26.5119,-46.7411,-21.8459,496.8,0
2018-10-09,10,7.16667,0.0,6.0,86,63.8362,22.9177,-35.4985,-17.6033,477.0,0
2018-10-09,11,7.5,0.0,7.5,71,52.7044,25.2258,-21.9552,-15.3072,438.6,0
2018-10-09,12,7.83333,0.0,9.16667,59,47.6323,15.3469,-1.86864,-10.715,443.143,0
2018-10-09,13,8.16667,0.0,10.8333,52,44.1152,8.27808,-3.7164,-4.59216,408.857,0
2018-10-09,14,8.5,0.0,12.5,49,40.1412,13.705,-5.56416,1.53072,375.943,0
2018-10-09,15,8.66667,0.0,13.8333,51,37.6038,18.0881,-0.944759,10.3324,393.6,0
2018-10-09,16,8.5,0.0,14.8333,56,34.5568,21.1131,-13.6016,15.9892,386.4,0
2018-10-09,17,8.0,0.0,15.3333,65,38.708,27.5646,-26.5514,20.939,409.867,0
2018-10-09,18,7.5,0.0,15.1667,75,62.262,45.6608,-30.7941,25.1817,388.267,0
2018-10-09,19,7.0,0.0,14.6667,80,87.8892,79.245,-45.3373,27.4777,432.667,0
2018-10-09,20,6.5,0.0,13.8333,86,112.612,101.734,-42.5657,21.7375,479.467,0
2018-10-09,21,6.33333,0.0,12.6667,93,113.609,116.817,-48.109,19.4415,450.667,0
2018-10-09,22,6.33333,0.0,11.3333,95,103.968,110.971,-46.2612,13.3186,482.4,0
2018-10-09,23,6.5,0.0,10.1667,90,104.134,96.0638,-44.4135,7.19571,503.25,0
2018-10-10,0,6.5,0.0,9.33333,87,103.559,88.7104,-31.7566,1.53883,509.143,0
2018-10-10,1,6.5,0.0,8.66667,88,101.01,74.8146,-20.8068,-3.41094,517.0,0
2018-10-10,2,6.5,0.0,8.16667,90,94.9244,71.1681,-10.5642,-7.6536,517.0,0
2018-10-10,3,6.33333,0.0,8.0,86,90.7812,65.7458,-10.5642,-7.6536,517.0,0
2018-10-10,4,6.16667,0.0,7.83333,88,85.5732,64.3296,-10.5642,-3.06144,517.0,0
2018-10-10,5,6.0,0.0,7.66667,90,83.2916,68.1527,0.97912,-0.76536,528.0,0
2018-10-10,6,6.0,0.0,7.33333,92,83.3768,70.2223,6.97912,-0.76536,480.0,0
2018-10-10,7,6.0,0.0,7.16667,97,82.9744,73.6054,19.4463,1.9134,498.343,0
2018-10-10,8,6.0,0.0,7.16667,100,84.8988,75.9444,20.3702,2.29608,517.029,0
2018-10-10,9,6.0,0.0,7.5,92,83.3508,74.0692,7.82688,0.0,520.0,0
2018-10-10,10,6.16667,0.0,8.33333,82,72.6731,63.8362,-3.7164,-2.29608,520.0,0
2018-10-10,11,6.5,0.0,9.66667,69,62.9888,52.7044,-16.1836,-4.97484,499.8,0
2018-10-10,12,6.83333,0.0,11.5,59,53.1404,47.6323,-12.488,-12.6284,517.0,0
2018-10-10,13,7.33333,0.0,13.3333,54,41.1181,44.1152,-24.1449,-18.2853,477.0,0
2018-10-10,14,7.83333,0.0,15.1667,53,35.1496,40.1412,-36.5089,-24.6493,420.0,0
2018-10-10,15,8.33333,0.0,16.6667,53,30.4977,37.6038,-43.3296,-28.7172,413.4,0
2018-10-10,16,8.5,0.0,17.8333,57,29.5,34.5568,-41.2305,-34.7361,360.0,0
2018-10-10,17,8.5,0.0,18.3333,65,39.9659,38.708,-32.2815,-37.1523,401.85,0
2018-10-10,18,8.66667,0.0,18.1667,86,59.5838,62.262,-27.9519,-41.4819,401.85,0
2018-10-10,19,8.66667,0.0,17.6667,91,75.5854,87.8892,-25.7391,-44.1399,395.2,0
2018-10-10,20,8.83333,0.0,16.5,100,81.0146,112.612,-22.8192,-46.0908,395.2,0
2018-10-10,21,9.0,0.0,15.1667,100,76.7923,113.609,-20.282,-48.9656,380.8,0
2018-10-10,22,9.16667,0.0,13.6667,95,73.6544,103.968,-20.6647,-49.8895,356.4,0
2018-10-10,23,9.33333,0.0,12.1667,94,72.2464,104.134,-21.0474,-50.8134,341.85,0
2018-10-11,0,9.16667,0.0,10.8333,98,74.0092,103.559,-21.4301,-51.7373,339.2,0
2018-10-11,1,9.0,0.0,9.66667,99,70.3904,101.01,-21.0474,-50.8134,352.8,0
2018-10-11,2,8.5,0.0,8.83333,100,70.7448,94.9244,-20.6647,-49.8895,376.32,0
2018-10-11,3,8.16667,0.0,8.33333,96,63.846,90.7812,-19.5167,-47.1179,417.72,0
2018-10-11,4,8.16667,0.0,7.83333,100,63.1992,85.5732,-22.5781,-54.5089,373.32,0
2018-10-11,5,8.16667,0.0,7.66667,95,67.1728,83.2916,-22.1954,-53.585,374.0,0
2018-10-11,6,8.33333,0.0,7.66667,100,67.57,83.3768,-22.1954,-53.585,374.0,0
2018-10-11,7,8.5,0.0,7.66667,100,68.8176,82.9744,-22.1954,-53.585,360.0,0
2018-10-11,8,8.83333,0.0,8.0,100,72.3632,84.8988,-19.5167,-47.1179,393.6,0
2018-10-11,9,9.16667,0.0,8.5,99,70.4658,83.3508,-20.282,-48.9656,371.25,0
2018-10-11,10,9.66667,0.0,9.5,84,69.26,72.6731,-21.0474,-50.8134,352.8,0
2018-10-11,11,10.3333,0.0,10.6667,68,61.5585,62.9888,-22.1954,-53.585,312.8,0
2018-10-11,12,11.1667,0.0,12.1667,59,53.5838,53.1404,-20.282,-48.9656,313.6,0
2018-10-11,13,12.1667,0.0,13.8333,53,51.5858,41.1181,-22.1954,-53.585,251.6,0
2018-10-11,14,13.1667,0.0,15.6667,52,51.1377,35.1496,-20.6647,-49.8895,255.2,0
2018-10-11,15,14.0,0.0,17.1667,50,46.8492,30.4977,-21.8128,-52.6612,232.615,0
2018-10-11,16,14.3333,0.0,18.1667,53,43.0069,29.5,-22.5781,-54.5089,221.571,0
2018-10-11,17,14.3333,0.0,18.8333,58,47.1169,39.9659,-22.5781,-54.5089,228.48,0
2018-10-11,18,14.0,0.0,19.0,76,58.0835,59.5838,-21.8128,-52.6612,245.92,0
2018-10-11,19,13.3333,0.0,18.6667,82,68.6731,75.5854,-20.6647,-49.8895,273.28,0
2018-10-11,20,12.6667,0.0,17.6667,87,74.3138,81.0146,-28.4429,-57.6677,240.0,0
2018-10-11,21,12.0,0.0,16.5,86,80.3981,76.7923,-30.4809,-51.5877,268.029,0
2018-10-11,22,11.5,0.0,15.3333,85,76.2662,73.6544,-32.9016,-46.4316,289.385,0
2018-10-11,23,11.1667,0.0,14.0,86,62.5331,72.2464,-35.705,-42.1994,302.4,0
2018-10-12,0,10.8333,0.0,12.8333,88,64.4946,74.0092,-38.891,-38.891,305.455,0
2018-10-12,1,10.6667,0.0,12.0,90,64.8996,70.3904,-38.1839,-38.1839,317.127,0
2018-10-12,2,10.3333,0.0,11.3333,94,65.935,70.7448,-37.4768,-37.4768,329.018,0
2018-10-12,3,10.0,0.0,10.8333,94,65.8808,63.846,-36.0626,-36.0626,353.455,0
2018-10-12,4,9.66667,0.0,10.3333,94,62.0004,63.1992,-42.4266,-42.4266,311.564,0
2018-10-12,5,9.33333,0.0,10.0,95,60.8942,67.1728,-41.0124,-41.0124,335.345,0
2018-10-12,6,9.0,0.0,9.5,96,64.1027,67.57,-41.5491,-36.6783,349.92,0
2018-10-12,7,8.66667,0.0,8.83333,100,66.3688,68.8176,-41.869,-32.6686,376.32,0
2018-10-12,8,8.33333,0.0,8.66667,100,71.9665,72.3632,-42.189,-28.659,395.2,0
2018-10-12,9,8.16667,0.0,8.83333,97,63.8915,70.4658,-48.6561,-31.3377,360.0,0
2018-10-12,10,8.0,0.0,9.66667,76,61.6662,69.26,-49.6832,-28.0352,374.0,0
2018-10-12,11,8.0,0.0,10.8333,62,57.1946,61.5585,-50.7102,-24.7326,388.267,0
2018-10-12,12,8.16667,0.0,12.5,52,52.9904,53.5838,-35.3462,-18.3686,388.267,0
2018-10-12,13,8.33333,0.0,14.6667,48,48.2638,51.5858,-18.0313,-14.9245,374.85,0
2018-10-12,14,8.5,0.0,16.6667,49,43.8269,51.1377,-1.64028,-11.8631,360.0,0
2018-10-12,15,8.5,0.0,18.3333,50,45.225,46.8492,4.82688,-9.18432,401.85,0
2018-10-12,16,8.5,0.0,19.3333,54,43.2623,43.0069,4.82688,-9.18432,401.85,0
2018-10-12,17,8.16667,0.0,20.0,61,48.3254,47.1169,6.56104,-11.7798,409.867,0
2018-10-12,18,7.83333,0.0,20.0,81,63.94,58.0835,1.61127,-16.7295,374.0,0
2018-10-12,19,7.5,0.0,19.5,87,81.0842,68.6731,-12.3385,-21.6793,402.8,0
2018-10-12,20,7.33333,0.0,18.3333,95,96.9004,74.3138,-26.2883,-26.6291,432.667,0
2018-10-12,21,7.16667,0.0,16.8333,100,109.262,80.3981,-40.238,-31.5788,453.6,0
2018-10-12,22,7.0,0.0,15.3333,98,99.2331,76.2662,-39.3142,-31.1962,470.25,0
2018-10-12,23,7.0,0.0,13.8333,92,98.6515,62.5331,-45.7813,-33.8749,420.0,0
2018-10-13,0,7.0,0.0,12.5,92,102.29,64.4946,-44.8574,-33.4922,436.05,1
2018-10-13,1,6.83333,0.0,11.3333,94,94.3985,64.8996,-32.2006,-27.8354,437.143,1
2018-10-13,2,6.66667,0.0,10.5,95,89.1285,65.935,-21.2508,-22.8856,454.629,1
2018-10-13,3,6.5,0.0,10.0,93,85.9546,65.8808,-10.301,-17.9358,472.457,1
2018-10-13,4,6.33333,0.0,9.66667,94,83.4662,62.0004,0.64875,-12.986,490.629,1
2018-10-13,5,6.16667,0.0,9.0,100,80.735,60.8942,0.0552405,-10.3324,509.143,1
2018-10-13,6,6.0,0.0,8.66667,100,75.4969,64.1027,0.97912,-9.94968,528.0,1
2018-10-13,7,6.0,0.0,8.5,100,71.9031,66.3688,-4.56416,-12.2458,480.0,1
2018-10-13,8,6.0,0.0,8.66667,100,73.2862,71.9665,-3.64028,-11.8631,498.343,1
2018-10-13,9,6.16667,0.0,9.16667,98,73.6208,63.8915,-2.7164,-11.4804,517.029,1
2018-10-13,10,6.5,0.0,10.0,79,68.1896,61.6662,-16.1836,-14.1592,499.8,1
2018-10-13,11,7.0,0.0,11.6667,64,59.96,57.1946,-35.5746,-17.2206,517.0,1
2018-10-13,12,7.5,0.0,13.5,53,54.7058,52.9904,-49.8895,-20.6647,457.6,1
2018-10-13,13,8.0,0.0,15.3333,48,50.3531,48.2638,-47.1179,-19.5167,451.0,1
2018-10-13,14,8.5,0.0,17.1667,48,40.8735,43.8269,-47.9386,-23.5846,395.2,1
2018-10-13,15,8.83333,0.0,18.6667,49,32.9435,45.225,-43.216,-25.3564,393.6,1
2018-10-13,16,9.16667,0.0,19.6667,54,34.6673,43.2623,-43.1129,-29.0416,371.25,1
2018-10-13,17,9.33333,0.0,20.0,61,47.06,48.3254,-39.5486,-35.219,352.8,1
2018-10-13,18,9.5,0.0,19.8333,81,67.4092,63.94,-35.0605,-41.0137,339.2,1
2018-10-13,19,9.66667,0.0,19.1667,84,78.8304,81.0842,-30.5724,-46.8084,325.867,1
2018-10-13,20,9.83333,0.0,18.0,90,83.2885,96.9004,-28.0352,-49.6832,312.8,1
2018-10-13,21,9.83333,0.0,16.6667,90,76.5112,109.262,-25.498,-52.558,300.0,1
2018-10-13,22,9.66667,0.0,15.3333,88,82.1827,99.2331,-25.498,-52.558,312.12,1
2018-10-13,23,9.5,0.0,14.0,90,91.1677,98.6515,-28.0352,-49.6832,324.48,1
2018-10-14,0,9.16667,0.0,12.6667,93,95.0338,102.29,-30.5724,-46.8084,337.08,1
2018-10-14,1,8.83333,0.0,11.6667,93,87.2062,94.3985,-32.4025,-43.2264,363.0,1
2018-10-14,2,8.33333,0.0,10.8333,92,72.7877,89.1285,-34.2325,-39.6445,389.88,1
2018-10-14,3,8.0,0.0,10.1667,93,71.3046,85.9546,-39.1823,-44.5943,360.0,1
2018-10-14,4,7.83333,0.0,9.33333,98,72.7692,83.4662,-40.3053,-40.3053,388.267,1
2018-10-14,5,7.66667,0.0,8.83333,100,72.0896,80.735,-39.5982,-39.5982,402.8,1
2018-10-14,6,7.5,0.0,8.5,100,69.0719,75.4969,-38.891,-38.891,417.6,1
2018-10-14,7,7.33333,0.0,8.33333,100,71.5731,71.9031,-37.4768,-37.4768,437.25,1
2018-10-14,8,7.33333,0.0,8.33333,100,74.7319,73.2862,-36.7697,-36.7697,453.6,1
2018-10-14,9,7.5,0.0,8.66667,100,70.1569,73.6208,-36.0626,-36.0626,460.8,1
2018-10-14,10,7.66667,0.0,9.66667,83,68.2233,68.1896,-36.7697,-36.7697,443.143,1
2018-10-14,11,8.16667,0.0,11.0,67,65.5819,59.96,-38.1839,-38.1839,421.2,1
2018-10-14,12,8.83333,0.0,12.6667,56,59.6085,54.7058,-40.3053,-40.3053,374.85,1
2018-10-14,13,9.66667,0.0,14.5,49,52.8485,50.3531,-37.4768,-37.4768,361.029,1
2018-10-14,14,10.5,0.0,16.5,47,49.5944,40.8735,-36.0626,-36.0626,333.45,1
2018-10-14,15,11.1667,0.0,18.1667,46,49.3738,32.9435,-38.891,-38.891,288.0,1
2018-10-14,16,11.5,0.0,19.3333,47,50.2512,34.6673,-41.0124,-41.0124,271.745,1
2018-10-14,17,11.3333,0.0,20.0,52,51.1665,47.06,-41.0124,-41.0124,271.745,1
2018-10-14,18,11.1667,0.0,20.0,72,60.2792,67.4092,-40.3053,-40.3053,291.5,1
2018-10-14,19,10.8333,0.0,19.3333,81,81.1069,78.8304,-38.891,-38.891,313.5,1
2018-10-14,20,10.5,0.0,18.1667,89,87.7908,83.2885,-37.4768,-37.4768,336.3,1
2018-10-14,21,10.1667,0.0,16.8333,87,81.9573,76.5112,-36.0626,-36.0626,353.455,1
2018-10-14,22,9.83333,0.0,15.5,83,79.1377,82.1827,-43.1337,-43.1337,300.0,1
2018-10-14,23,9.66667,0.0,14.0,80,74.8919,91.1677,-41.7195,-41.7195,312.12,1
2018-10-15,0,9.5,0.0,12.6667,80,73.1335,95.0338,-41.0124,-41.0124,324.48,0
2018-10-15,1,9.16667,0.0,11.6667,80,70.665,87.2062,-42.2562,-37.3854,337.08,0
2018-10-15,2,8.66667,0.0,10.8333,81,69.4665,72.7877,-42.5761,-33.3757,363.0,0
2018-10-15,3,8.16667,0.0,10.0,82,66.4088,71.3046,-41.9722,-28.9834,403.68,0
2018-10-15,4,7.83333,0.0,9.33333,83,63.3035,72.7692,-48.4394,-31.6622,373.32,0
2018-10-15,5,7.5,0.0,8.66667,84,63.4181,72.0896,-47.8354,-27.2698,402.8,0
2018-10-15,6,7.16667,0.0,8.0,87,65.9912,69.0719,-47.9386,-23.5846,432.667,0
2018-10-15,7,7.0,0.0,7.5,90,67.6662,71.5731,-48.0418,-19.8994,463.6,0
2018-10-15,8,7.0,0.0,7.33333,92,68.8781,74.7319,-54.5089,-22.5781,420.0,0
2018-10-15,9,7.0,0.0,7.66667,81,64.175,70.1569,-52.6612,-21.8128,436.05,0
2018-10-15,10,7.0,0.0,8.5,70,56.4008,68.2233,-51.7373,-21.4301,437.143,0
2018-10-15,11,7.16667,0.0,10.0,57,50.3988,65.5819,-51.7373,-21.4301,437.143,0
2018-10-15,12,7.5,0.0,12.0,47,38.2862,59.6085,-52.6612,-21.8128,420.0,0
2018-10-15,13,7.83333,0.0,14.1667,43,33.4527,52.8485,-48.0418,-19.8994,443.143,0
2018-10-15,14,8.16667,0.0,16.3333,43,31.3188,49.5944,-49.8895,-20.6647,408.857,0
2018-10-15,15,8.5,0.0,18.0,43,30.5562,49.3738,-49.7864,-24.3499,375.943,0
2018-10-15,16,8.83333,0.0,19.0,47,35.025,50.2512,-43.216,-25.3564,393.6,0
2018-10-15,17,9.0,0.0,19.3333,59,39.7323,51.1665,-43.1129,-29.0416,371.25,0
2018-10-15,18,9.0,0.0,19.0,68,54.5369,60.2792,-42.0858,-32.3442,366.667,0
2018-10-15,19,9.0,0.0,18.0,73,81.5312,81.1069,-40.1349,-35.2641,366.667,0
2018-10-15,20,9.0,0.0,16.5,78,84.7815,87.7908,-38.1839,-38.1839,366.667,0
2018-10-15,21,9.16667,0.0,15.1667,73,88.6304,81.9573,-38.1839,-38.1839,366.667,0
2018-10-15,22,9.16667,0.0,13.8333,68,85.6081,79.1377,-38.891,-38.891,352.8,0
2018-10-15,23,9.16667,0.0,12.5,66,77.5277,74.8919,-40.842,-35.9712,352.8,0
2018-10-16,0,9.0,0.0,11.3333,67,74.6785,73.1335,-42.7929,-33.0513,352.8,0
2018-10-16,1,8.66667,0.0,10.3333,69,77.4138,70.665,-43.82,-29.7488,366.667,0
2018-10-16,2,8.16667,0.0,9.66667,71,78.2796,69.4665,-43.9231,-26.0635,395.2,0
2018-10-16,3,7.5,0.0,9.0,73,79.3642,66.4088,-37.9231,-26.0635,374.0,0
2018-10-16,4,7.0,0.0,8.33333,78,74.7592,63.3035,-25.5591,-19.6995,429.0,0
2018-10-16,5,6.5,0.0,7.66667,81,65.5731,63.4181,-12.488,-12.6284,479.467,0
2018-10-16,6,6.16667,0.0,7.0,85,65.8254,65.9912,-6.48804,-12.6284,450.667,0
2018-10-16,7,6.0,0.0,6.66667,90,67.6923,67.6662,7.82688,-9.18432,498.667,0
2018-10-16,8,6.0,0.0,6.5,91,69.5158,68.8781,22.1418,-5.7402,538.65,0
2018-10-16,9,6.0,0.0,6.83333,79,63.8408,64.175,16.5985,-8.03628,497.25,0
2018-10-16,10,6.16667,0.0,7.83333,70,59.7169,56.4008,18.4463,-7.27092,517.029,0
2018-10-16,11,6.33333,0.0,9.33333,57,52.8627,50.3988,19.9637,-9.54193,499.8,0
2018-10-16,12,6.5,0.0,11.5,46,47.7235,38.2862,11.2849,-16.0091,480.0,0
2018-10-16,13,6.66667,0.0,13.6667,39,43.5962,33.4527,-3.39385,-22.4762,517.0,0
2018-10-16,14,6.66667,0.0,15.8333,38,39.7469,31.3188,-9.39385,-29.4762,496.8,0
2018-10-16,15,6.83333,0.0,17.5,39,38.1554,30.5562,-15.3938,-35.4762,496.8,0
2018-10-16,16,7.0,0.0,18.5,45,38.8031,35.025,-24.0726,-41.9434,477.0,0
2018-10-16,17,7.16667,0.0,19.0,55,50.1627,39.7323,-21.5908,-47.0384,438.6,0
2018-10-16,18,7.33333,0.0,18.6667,61,70.7423,54.5369,-19.1089,-52.1333,420.0,0
2018-10-16,19,7.5,0.0,17.8333,63,91.6854,81.5312,-17.1373,-46.3733,460.8,0
2018-10-16,20,7.83333,0.0,16.5,68,99.0777,84.7815,-20.1154,-45.563,443.143,0
2018-10-16,21,7.83333,0.0,15.0,71,97.8946,88.6304,-25.7723,-44.2199,413.4,0
2018-10-16,22,7.66667,0.0,13.5,71,90.4731,85.6081,-32.2394,-40.8986,408.857,0
2018-10-16,23,7.33333,0.0,12.1667,71,88.2138,77.5277,-36.0278,-37.1102,421.2,0
2018-10-17,0,7.0,0.0,11.1667,74,93.5127,74.6785,-38.5097,-32.0153,453.6,0
2018-10-17,1,6.66667,0.0,10.3333,77,95.0623,77.4138,-32.5097,-32.0153,420.0,0
2018-10-17,2,6.33333,0.0,9.83333,80,96.4954,78.2796,-23.4482,-24.6242,452.4,0
2018-10-17,3,6.16667,0.0,9.5,79,96.0462,79.3642,-23.3346,-16.6713,486.0,0
2018-10-17,4,6.0,0.0,9.16667,83,93.6292,74.7592,-11.6778,-11.0144,520.8,0
2018-10-17,5,6.0,0.0,8.83333,85,86.565,65.5731,-17.221,-13.3105,480.0,0
2018-10-17,6,6.0,0.0,8.33333,88,74.5773,65.8254,-15.8068,-11.8963,498.343,0
2018-10-17,7,6.0,0.0,8.33333,93,75.3754,67.6923,-13.5823,-13.4602,517.029,0
2018-10-17,8,6.0,0.0,8.33333,96,84.1612,69.5158,-11.3578,-15.0241,520.0,0
2018-10-17,9,6.0,0.0,8.66667,87,86.9235,63.8408,-10.0572,-16.9706,520.0,0
2018-10-17,10,6.16667,0.0,9.5,74,76.1748,59.7169,-20.2999,-21.2133,520.0,0
2018-10-17,11,6.33333,0.0,10.8333,59,63.4886,52.8627,-31.2496,-26.1631,499.8,0
2018-10-17,12,6.66667,0.0,12.6667,47,53.1511,47.7235,-30.6561,-33.4089,480.0,0
2018-10-17,13,7.0,0.0,14.3333,41,47.4081,43.5962,-34.1743,-38.5039,496.8,0
2018-10-17,14,7.33333,0.0,16.1667,40,43.3133,39.7469,-32.9931,-41.6523,457.6,0
2018-10-17,15,7.66667,0.0,17.6667,44,43.1148,38.1554,-31.8118,-44.8006,420.0,0
2018-10-17,16,7.83333,0.0,18.6667,51,47.1912,38.8031,-23.3265,-44.3153,432.0,0
2018-10-17,17,8.0,0.0,18.8333,55,63.0408,50.1627,-19.0839,-48.0727,408.857,0
2018-10-17,18,7.83333,0.0,18.5,63,82.1496,70.7423,-14.1341,-51.1229,392.229,0
2018-10-17,19,7.66667,0.0,17.6667,70,96.3096,91.6854,-9.18432,-53.1731,405.45,0
2018-10-17,20,7.5,0.0,16.3333,80,99.5708,99.0777,-8.80164,-52.2492,421.2,0
2018-10-17,21,7.33333,0.0,14.6667,87,103.898,97.8946,-8.41896,-51.3254,437.25,0
2018-10-17,22,7.0,0.0,13.1667,87,99.9454,90.4731,-8.03628,-50.4015,453.6,0
2018-10-17,23,6.66667,0.0,11.8333,90,93.1046,88.2138,-12.2789,-54.6441,420.0,0
2018-10-18,0,6.66667,0.0,10.8333,82,92.5012,93.5127,-16.5216,-50.8868,452.4,0
2018-10-18,1,6.5,0.0,10.1667,80,96.1162,95.0623,-22.9888,-45.5656,469.05,0
2018-10-18,2,6.33333,0.0,10.0,84,90.9635,96.4954,-16.9888,-37.5656,490.629,0
2018-10-18,3,6.16667,0.0,10.3333,77,80.6046,96.0462,-10.9888,-30.5656,509.143,0
2018-10-18,4,6.16667,0.0,10.6667,76,78.5504,93.6292,-12.5527,-19.8557,528.0,0
2018-10-18,5,6.16667,0.0,11.0,78,81.1277,86.565,-12.5527,-13.8557,480.0,0
2018-10-18,6,6.0,0.0,11.0,81,82.6362,74.5773,-5.63124,-1.8453,498.343,0
2018-10-18,9,6.0,0.0,11.1667,80,89.4204,86.9235,18.2608,28.4364,517.029,0
2018-10-18,10,6.0,0.0,11.5,75,83.8496,76.1748,28.9706,36.6584,520.0,0
2018-10-18,11,6.16667,0.0,12.3333,60,80.22,63.4886,22.9706,42.6584,520.0,0
2018-10-18,12,6.33333,0.0,13.6667,50,64.0076,53.1511,16.9706,49.6584,499.8,0
2018-10-18,13,6.5,0.0,15.1667,44,59.8714,47.4081,26.1631,51.8829,480.0,0
2018-10-18,14,6.66667,0.0,16.5,44,53.4392,43.3133,21.9204,47.3397,517.0,0
2018-10-18,15,6.66667,0.0,17.5,47,51.1277,43.1148,17.6777,48.7964,496.8,0
2018-10-18,16,6.66667,0.0,18.1667,53,52.5008,47.1912,13.4351,49.2531,496.8,0
2018-10-18,18,6.0,0.0,18.0,71,80.7454,82.1496,12.728,49.6298,517.0,0
2018-10-18,19,5.66667,0.0,17.3333,78,96.3273,96.3096,16.2635,53.1654,480.0,0
2018-10-18,20,5.33333,0.0,16.3333,86,105.038,99.5708,20.8829,49.0788,517.029,0
2018-10-18,21,5.16667,0.0,15.1667,91,109.026,103.898,25.5023,43.9922,555.429,0
2018-10-18,22,5.0,0.0,14.0,93,110.865,99.9454,25.172,39.4384,595.2,0
2018-10-18,23,5.16667,0.0,12.8333,91,106.689,93.1046,28.7075,42.974,559.543,0
2018-10-19,0,5.33333,0.0,12.0,85,100.363,92.5012,32.9502,41.5173,579.429,0
2018-10-19,1,5.66667,0.0,11.3333,86,93.9746,96.1162,37.1928,38.7599,582.4,0
2018-10-19,2,6.0,0.0,10.8333,92,89.5992,90.9635,42.1426,37.7097,561.0,0
2018-10-19,3,6.33333,0.0,10.5,91,87.1912,80.6046,39.3142,32.4968,570.24,0
2018-10-19,4,6.66667,0.0,10.3333,92,85.31,78.5504,40.7284,33.911,524.16,0
2018-10-19,9,7.5,0.0,9.33333,93,90.7962,89.4204,43.5568,35.4388,420.0,0
2018-10-19,10,8.0,0.0,9.5,83,84.2758,83.8496,41.9722,28.9834,443.143,0
2018-10-19,11,8.66667,0.0,10.0,74,79.4648,80.22,47.0224,24.0336,392.229,0
2018-10-19,12,9.5,0.0,10.8333,67,80.2731,64.0076,48.1229,14.1341,377.143,0
2018-10-19,13,10.3333,0.0,11.8333,64,79.7404,59.8714,55.1731,9.18432,300.0,0
2018-10-19,14,11.0,0.0,13.1667,63,70.4196,53.4392,53.3149,3.44412,300.667,0
2018-10-19,15,11.5,0.0,14.1667,63,67.2333,51.1277,56.0866,4.59216,273.48,0
2018-10-19,16,11.6667,0.0,14.8333,65,71.2385,52.5008,57.1731,9.18432,260.945,0
2018-10-19,18,11.0,0.0,14.8333,79,83.3504,80.7454,53.5746,17.2206,291.5,0
2018-10-19,19,10.5,0.0,14.3333,84,95.3435,96.3273,49.8895,20.6647,324.8,0
2018-10-19,20,9.83333,0.0,13.5,88,89.9681,105.038,47.1179,19.5167,359.9,0
2018-10-19,21,9.16667,0.0,12.6667,90,86.8762,109.026,54.5089,22.5781,333.9,0
2018-10-19,22,8.66667,0.0,11.8333,92,87.4708,110.865,50.8134,21.0474,372.655,0
2018-10-19,23,8.33333,0.0,11.1667,92,83.8423,106.689,48.0418,19.8994,403.68,0
2018-10-20,0,8.16667,0.0,10.5,92,79.2335,100.363,56.0418,19.8994,360.0,1
2018-10-20,1,7.83333,0.0,10.0,92,64.6338,93.9746,54.803,16.0726,374.0,1
2018-10-20,2,7.66667,0.0,9.5,93,56.4792,89.5992,52.9552,15.3072,402.8,1
2018-10-20,3,7.5,0.0,8.83333,94,58.9462,87.1912,51.1074,14.5418,421.2,1
2018-10-20,4,7.33333,0.0,8.33333,95,57.6915,85.31,50.1836,14.1592,437.25,1
2018-10-20,8,6.66667,0.0,7.0,87,71.8715,90.39,51.4224,17.986,469.05,1
2018-10-20,9,6.66667,0.0,7.33333,81,74.1138,90.7962,49.8895,20.6647,472.457,1
2018-10-20,10,6.33333,0.0,7.66667,86,73.7396,84.2758,49.8895,20.6647,472.457,1
2018-10-20,11,6.0,0.0,8.33333,82,76.8688,79.4648,41.509,22.6054,509.143,1
2018-10-20,12,6.0,0.0,9.0,81,76.8346,80.2731,37.9734,26.1409,480.0,1
2018-10-20,13,6.0,0.0,9.66667,83,64.8985,79.7404,27.2636,27.7048,498.343,1
2018-10-20,14,6.0,0.0,10.1667,81,53.6304,70.4196,16.5538,29.2687,517.029,1
2018-10-20,15,5.83333,0.46,10.5,78,51.3223,67.2333,5.13684,31.5397,499.8,1
2018-10-20,16,6.0,0.46,10.6667,74,56.2138,71.2385,-4.6491,33.4863,499.8,1
2018-10-20,17,6.16667,0.46,10.6667,75,59.91,73.3442,-12.4885,36.7335,517.029,1
2018-10-20,18,6.5,0.89,10.3333,74,55.2131,83.3504,-18.9556,40.0547,536.057,1
2018-10-20,19,7.16667,1.86,9.83333,76,57.9646,95.3435,-19.7659,43.0329,480.0,1
2018-10-20,20,7.66667,1.86,9.33333,78,56.5492,89.9681,-7.24585,41.949,438.6,1
2018-10-20,21,8.33333,1.4,8.83333,83,57.5112,86.8762,10.4783,37.2905,425.829,1
2018-10-20,22,8.83333,1.4,8.33333,88,55.6123,87.4708,24.6668,36.1675,360.0,1
2018-10-20,23,9.33333,1.4,7.66667,92,55.8923,83.8423,39.5205,29.8257,349.8,1
2018-10-21,0,9.5,0.97,7.16667,93,53.7708,79.2335,48.5205,23.8257,327.6,1
2018-10-21,1,9.33333,0.0,6.83333,95,51.0565,64.6338,51.8636,18.1688,337.08,1
2018-10-21,2,9.16667,0.0,6.33333,96,40.3469,56.4792,53.7925,11.0977,349.92,1
2018-10-21,3,9.0,0.0,5.83333,91,35.465,58.9462,50.9177,13.6349,363.0,1
2018-10-21,4,9.0,0.0,5.5,91,34.6954,57.6915,50.6789,9.80811,366.667,1
2018-10-21,5,9.0,0.0,5.33333,91,31.6623,56.3015,51.364,6.36399,366.667,1
2018-10-21,6,9.0,0.0,5.16667,93,32.4342,58.3081,51.364,6.36399,366.667,1
2018-10-21,7,8.66667,0.0,4.83333,96,36.2108,63.0092,51.364,6.36399,366.667,1
2018-10-21,8,8.33333,0.0,4.66667,97,44.8988,71.8715,49.364,6.36399,395.2,1
2018-10-21,9,8.0,0.0,4.83333,92,49.5119,74.1138,56.364,6.36399,360.0,1
2018-10-21,10,7.83333,0.0,5.16667,76,35.6196,73.7396,56.4672,-2.67876,388.267,1
2018-10-21,11,7.83333,0.0,5.66667,69,27.7562,76.8688,54.8582,-5.7402,402.8,1
2018-10-21,12,7.83333,0.0,6.33333,63,20.9912,76.8346,52.2222,-12.1042,402.8,1
2018-10-21,13,8.16667,0.0,7.33333,57,15.0488,64.8985,51.5371,-15.5483,402.8,1
2018-10-21,14,8.5,0.0,8.5,54,15.4831,53.6304,50.852,-18.9924,375.943,1
2018-10-21,15,8.66667,0.0,9.33333,54,13.3904,51.3223,45.852,-18.9924,393.6,1
2018-10-21,16,8.66667,0.0,10.0,56,16.2092,56.2138,47.3849,-16.3137,386.4,1
2018-10-21,17,8.5,0.0,10.3333,60,25.2908,59.91,47.9938,-13.2522,395.2,1
2018-10-21,18,8.16667,0.0,10.3333,75,58.0946,55.2131,49.6298,-6.88824,409.867,1
2018-10-21,19,7.66667,0.0,10.0,84,79.7038,57.9646,56.6298,-6.88824,374.0,1
2018-10-21,20,7.0,0.0,9.16667,93,100.469,56.5492,54.3149,-3.44412,417.6,1
2018-10-21,21,6.5,0.0,8.16667,98,101.593,57.5112,50.6194,-1.9134,479.467,1
2018-10-21,22,5.83333,0.0,7.0,98,100.934,55.6123,55.2388,-3.8268,466.4,1
2018-10-21,23,5.16667,0.0,5.83333,94,102.561,55.8923,42.5433,-5.35752,538.65,1
2018-10-22,0,4.83333,0.0,4.83333,96,99.5508,53.7708,46.5433,-5.35752,532.65,0
2018-10-22,1,4.83333,0.0,4.0,100,91.9658,51.0565,33.9239,-3.44412,588.0,0
2018-10-22,2,5.16667,0.0,3.33333,100,86.6988,40.3469,29.6812,0.79854,540.0,0
2018-10-22,3,5.5,0.0,3.0,100,74.0077,35.465,16.7315,5.74831,558.45,0
2018-10-22,4,6.0,0.0,2.83333,96,62.91,34.6954,3.78168,10.6981,559.543,0
2018-10-22,5,6.5,0.0,2.83333,94,56.8038,31.6623,-8.16809,15.6479,540.0,0
2018-10-22,6,6.83333,0.0,2.83333,97,55.2446,32.4342,-23.7373,22.511,546.96,0
2018-10-22,7,7.0,0.0,2.66667,100,54.05,36.2108,-33.3064,29.3742,480.0,0
2018-10-22,8,7.0,0.0,2.83333,100,54.4748,44.8988,-38.5607,35.8547,461.76,0
2018-10-22,9,7.16667,0.0,3.16667,100,53.79,49.5119,-36.62,40.4084,438.6,0
2018-10-22,10,7.66667,0.0,3.66667,71,53.55,35.6196,-35.4388,43.5568,420.0,0
2018-10-22,11,8.33333,0.0,4.5,54,52.0726,27.7562,-29.3661,42.8961,425.829,0
2018-10-22,12,9.16667,0.0,5.66667,45,54.4356,20.9912,-28.6258,48.109,360.0,0
2018-10-22,13,10.1667,0.0,7.16667,42,50.8407,15.0488,-23.3184,49.296,329.829,0
2018-10-22,14,11.3333,0.0,8.66667,43,49.4404,15.4831,-20.6647,49.8895,291.6,0
2018-10-22,15,12.3333,0.0,9.83333,43,40.4,13.3904,-17.6033,56.4985,240.0,0
2018-10-22,16,12.6667,0.0,10.6667,45,43.36,16.2092,-9.567,51.097,265.5,0
2018-10-22,17,12.6667,0.0,11.0,57,56.7774,25.2908,-4.97484,52.0104,271.385,0
2018-10-22,18,12.6667,0.51,11.0,66,70.8274,58.0946,0.0,51.0,297.0,0
2018-10-22,19,12.5,0.51,10.6667,67,67.2926,79.7038,0.0,63.0,249.171,0
2018-10-22,20,12.3333,1.3,10.1667,67,63.6067,100.469,8.48532,60.0866,268.029,0
2018-10-22,21,12.3333,1.3,9.66667,72,66.2337,101.593,17.6777,58.097,260.0,0
2018-10-22,22,12.6667,1.3,9.16667,77,55.973,100.934,27.5773,44.9965,286.7,0
2018-10-22,23,13.1667,1.3,8.83333,80,38.5344,102.561,40.5116,38.3541,265.5,0
2018-10-23,0,13.5,0.79,8.33333,82,37.27,99.5508,44.9606,32.625,251.631,0
2018-10-23,1,13.3333,0.79,7.66667,81,33.0241,91.9658,48.7025,25.9721,248.571,0
2018-10-23,2,13.0,0.0,6.83333,79,34.1215,86.6988,46.5812,23.8508,277.114,0
2018-10-23,3,12.5,0.0,6.0,80,34.6337,74.0077,54.3594,34.0135,240.0,0
2018-10-23,4,12.0,0.0,5.33333,78,26.2115,62.91,49.2033,38.8186,268.029,0
2018-10-23,5,11.6667,0.0,4.5,82,33.0289,56.8038,44.0472,43.6238,297.6,0
2018-10-23,6,11.3333,0.0,4.0,79,44.7733,55.2446,31.1128,50.2663,294.0,0
2018-10-23,7,11.8333,0.0,3.83333,76,39.6252,54.05,23.3346,54.488,282.764,0
2018-10-23,8,12.6667,0.0,3.83333,73,41.9526,54.4748,15.5564,58.3254,250.364,0
2018-10-23,9,13.8333,0.0,4.0,71,39.2741,53.79,11.3138,52.7821,255.2,0
2018-10-23,10,15.1667,0.0,4.16667,83,35.9552,53.55,24.0417,57.4119,197.6,0
2018-10-23,11,16.8333,0.0,4.66667,82,26.6252,52.0726,24.0417,50.4119,212.625,0
2018-10-23,12,18.6667,1.04,5.0,82,20.2611,54.4356,12.728,57.6298,177.0,0
2018-10-23,13,21.1667,2.01,5.33333,84,20.4914,50.8407,0.0,64.0,149.368,0
2018-10-23,14,25.0,2.98,5.66667,81,31.2361,49.4404,0.0,52.0,162.991,0
2018-10-23,15,30.0,2.98,5.83333,81,39.9979,40.4,-14.9245,65.0313,100.966,0
2018-10-23,16,35.8333,2.98,6.16667,81,41.6054,43.36,-33.2932,80.3776,65.6,0
2018-10-23,17,41.3333,3.95,6.33333,83,43.875,56.7774,-20.6647,49.8895,111.111,0
2018-10-23,18,46.0,3.88,6.5,83,40.6,70.8274,-21.0474,50.8134,109.091,0
2018-10-23,19,49.0,3.42,6.66667,84,39.0425,67.2926,-19.5167,47.1179,117.647,0
2018-10-23,20,50.8333,2.45,6.83333,86,41.4386,63.6067,-37.5026,90.5402,67.3412,0
2018-10-23,21,50.5,2.45,7.0,87,33.8936,66.2337,-37.12,89.6164,60.0,0
2018-10-23,22,48.5,2.45,7.0,86,24.2982,55.973,-36.7373,88.6925,69.984,0
2018-10-23,23,46.3333,1.48,7.33333,76,20.5011,38.5344,-33.6758,81.3014,81.7043,0
2018-10-24,0,45.6667,1.02,7.5,81,18.2204,37.27,-32.1451,77.6059,82.8571,0
2018-10-24,1,45.8333,0.51,7.5,84,6.13821,33.0241,-34.0585,82.2253,68.1429,0
2018-10-24,2,46.3333,0.51,7.5,88,4.63429,34.1215,-17.986,91.4224,65.0553,0
2018-10-24,3,47.8333,1.88,7.5,88,2.35036,34.6337,0.0,53.0,113.208,0
2018-10-24,4,49.8333,3.25,7.5,87,3.14464,26.2115,38.891,50.8134,109.091,0
2018-10-24,5,51.5,3.25,7.0,87,4.28172,33.0289,38.1839,49.8895,111.111,0
2018-10-24,6,52.1667,2.74,6.66667,86,5.41893,44.7733,36.7697,48.0418,115.385,0
2018-10-24,7,52.5,2.74,6.33333,86,6.58393,39.6252,36.0626,36.0626,117.647,0
2018-10-24,8,51.5,2.74,6.0,84,8.33679,41.9526,71.4181,71.4181,60.0,0
2018-10-24,9,50.0,1.88,5.66667,76,11.0952,39.2741,68.5897,68.5897,67.416,0
2018-10-24,10,48.5,0.51,5.5,68,12.1446,35.9552,65.7612,65.7612,70.3149,0
2018-10-24,11,47.6667,0.51,5.5,60,10.5507,26.6252,64.347,64.347,73.1739,0
2018-10-24,12,47.1667,0.51,5.66667,52,10.5434,20.2611,65.0541,65.0541,67.84,0
2018-10-24,13,47.1667,0.51,6.0,47,10.1521,20.4914,67.1754,67.1754,65.0553,0
2018-10-24,14,48.0,0.51,6.5,45,10.6339,31.2361,69.2968,69.2968,60.0,0
2018-10-24,15,48.5,0.0,6.83333,43,9.04214,39.9979,36.7697,36.7697,115.385,0
2018-10-24,16,48.3333,0.0,7.0,44,11.9282,41.6054,71.4181,71.4181,62.3769,0
2018-10-24,17,47.0,0.0,7.16667,44,16.2059,43.875,65.7612,65.7612,75.4286,0
2018-10-24,18,44.6667,0.0,7.0,52,25.5536,40.6,58.6901,58.6901,91.5,0
2018-10-24,19,41.0,0.0,6.66667,54,28.1636,39.0425,51.619,51.619,111.692,0
2018-10-24,20,36.6667,0.0,6.16667,56,26.2689,41.4386,43.8408,43.8408,142.306,0
2018-10-24,21,32.3333,0.0,5.66667,61,23.8114,33.8936,38.1839,38.1839,164.914,0
2018-10-24,22,28.6667,0.0,5.16667,65,19.85,24.2982,54.4475,54.4475,124.586,0
2018-10-24,23,25.6667,0.0,4.66667,68,16.6214,20.5011,50.2048,50.2048,144.692,0
2018-10-25,0,23.3333,0.0,4.16667,70,16.7089,18.2204,46.6693,46.6693,157.617,0
2018-10-25,1,21.8333,0.0,3.83333,70,18.8525,6.13821,44.5479,44.5479,170.564,0
2018-10-25,2,20.5,0.0,3.5,70,16.0957,4.63429,42.4266,46.5452,184.743,0
2018-10-25,3,19.5,0.0,3.16667,69,17.765,2.35036,40.3053,48.3258,200.34,0
2018-10-25,4,18.6667,0.0,2.83333,72,18.4604,3.14464,38.1839,49.8895,217.579,0
2018-10-25,5,17.8333,0.25,2.5,75,23.3371,4.28172,36.7697,48.0418,228.8,0
2018-10-25,6,17.0,0.25,2.33333,79,23.0129,5.41893,36.7697,64.0418,180.0,0
2018-10-25,7,16.3333,0.25,2.33333,82,22.9839,6.58393,24.0417,62.4119,194.541,0
2018-10-25,8,16.0,1.37,2.5,86,27.2146,8.33679,12.0209,61.706,209.647,0
2018-10-25,9,16.1667,2.49,3.0,90,32.0979,11.0952,-6.12288,60.7821,210.6,0
2018-10-25,10,16.8333,2.49,3.5,85,37.1846,12.1446,-13.0111,61.4119,187.68,0
2018-10-25,11,18.1667,2.24,4.33333,85,35.9179,10.5507,-13.0111,52.4119,196.725,0
2018-10-25,12,20.1667,2.24,5.33333,82,36.7279,10.5434,-6.88824,61.6298,150.333,0
2018-10-25,13,22.5,2.24,6.33333,78,28.3064,10.1521,0.0,51.0,171.55,0
2018-10-25,14,25.0,1.12,7.33333,74,23.9279,10.6339,0.0,56.0,151.467,0
2018-10-25,15,27.3333,0.48,8.33333,72,21.7389,9.04214,21.9204,57.6403,137.048,0
2018-10-25,16,29.1667,0.48,9.33333,71,26.7343,11.9282,44.5479,58.2044,128.981,0
2018-10-25,17,30.1667,0.48,9.83333,77,26.0929,16.2059,45.255,59.1283,127.5,0
2018-10-25,18,30.3333,0.48,10.1667,80,29.3825,25.5536,43.8408,57.2806,136.5,0
2018-10-25,19,30.0,0.48,10.1667,80,31.7704,28.1636,41.0124,53.585,149.76,0
2018-10-25,20,29.0,0.48,10.0,77,27.8846,26.2689,38.891,50.8134,159.557,0
2018-10-25,21,27.6667,0.0,9.66667,74,27.5171,23.8114,36.7697,48.0418,173.333,0
2018-10-25,22,26.0,0.99,9.16667,72,24.9414,19.85,53.7404,70.2149,124.667,0
2018-10-25,23,24.5,0.99,8.83333,73,21.2325,16.6214,50.2048,65.5955,139.968,0
