data,timeofday,windspeed6,opady6,temp6,rhumid,index_avg,prev_index_avg,wind_dir_ns,wind_dir_ew,dispel50,is_weekend
2017-11-01,3,10.1667,0.0,2.83333,94,7.89,6.02,6.36399,50.3149,340.267,1
2017-11-01,5,10.3333,0.0,2.5,92,13.44,10.25,0.0,51.0,340.267,1
2017-11-01,7,10.6667,0.71,2.16667,94,16.9,8.51,0.0,52.0,334.08,1
2017-11-01,9,11.8333,0.71,2.33333,89,7.6,6.44,-4.59216,57.0866,262.08,1
2017-11-01,17,14.6667,1.32,6.16667,91,5.2,6.73,-5.35752,55.9343,252.225,1
2017-11-02,2,12.3333,0.0,6.66667,98,15.03,5.59,-9.567,59.097,249.9,0
2017-11-02,3,12.3333,0.0,6.5,98,11.37,7.89,-14.1673,57.2029,249.508,0
2017-11-02,4,12.0,0.0,6.33333,97,16.16,8.51,-13.7846,56.279,268.029,0
2017-11-02,5,11.5,0.0,6.33333,96,17.08,13.44,-21.5628,50.0572,262.08,0
2017-11-02,6,12.0,0.0,6.16667,96,17.29,12.58,-29.341,47.8354,270.3,0
2017-11-02,7,12.1667,0.0,6.0,97,20.26,16.9,-38.5334,45.0278,269.077,0
2017-11-02,8,12.3333,0.0,6.0,98,15.74,12.58,-38.5334,45.0278,260.0,0
2017-11-02,9,12.5,0.71,6.0,98,23.54,7.6,-39.0974,31.5206,281.455,0
2017-11-02,10,13.6667,0.71,6.0,89,18.89,6.57,-43.3296,28.7172,271.385,0
2017-11-02,11,15.0,0.71,6.16667,87,22.54,5.31,-46.8652,32.2528,223.385,0
2017-11-02,13,16.8333,0.71,7.0,77,22.93,5.58,-39.5982,39.5982,198.4,0
2017-11-02,14,17.1667,0.71,7.66667,75,24.01,2.68,-39.5982,39.5982,202.926,0
2017-11-02,15,16.8333,0.25,8.33333,75,8.56,3.59,-32.2859,40.9451,225.095,0
2017-11-02,21,11.3333,0.0,8.0,93,11.2,4.87,0.0,57.0,282.764,0
2017-11-03,1,10.3333,0.51,6.16667,95,9.29,11.85,21.9204,50.6403,329.018,0
2017-11-03,3,10.3333,1.53,5.5,95,11.44,11.37,35.3555,57.194,300.0,0
2017-11-03,4,10.3333,1.53,5.33333,95,9.65,16.16,36.0626,47.1179,346.92,0
2017-11-03,5,10.1667,1.02,5.16667,95,6.41,17.08,36.7697,48.0418,334.08,0
2017-11-03,7,10.1667,2.04,4.83333,91,10.21,20.26,36.7697,48.0418,334.08,0
2017-11-03,9,10.3333,1.53,5.0,85,10.11,23.54,43.1337,56.3567,311.1,0
2017-11-03,10,10.8333,1.53,5.33333,81,11.3,18.89,36.0626,47.1179,340.267,0
2017-11-03,11,11.5,1.53,5.83333,74,8.27,22.54,39.5982,51.7373,285.12,0
2017-11-03,12,12.0,0.51,6.33333,69,6.69,21.91,41.7195,54.5089,240.0,0
2017-11-03,13,12.3333,0.51,7.16667,74,8.97,22.93,37.4768,46.1476,271.385,0
2017-11-03,14,11.6667,0.0,7.66667,74,7.27,24.01,36.0626,41.9154,297.0,0
2017-11-03,15,10.5,0.0,7.83333,76,29.81,8.56,40.3053,47.4587,307.8,0
2017-11-04,0,6.33333,0.0,3.66667,98,10.96,13.13,7.7911,36.217,520.0,1
2017-11-04,1,6.83333,0.0,3.16667,96,14.81,9.29,7.72,29.1459,517.0,1
2017-11-04,3,7.83333,0.0,2.83333,91,11.35,11.44,4.16242,13.1585,420.0,1
2017-11-04,4,8.33333,0.0,2.66667,92,9.7,9.65,12.5985,1.14804,413.4,1
2017-11-04,5,8.83333,0.0,2.5,94,14.71,6.41,27.1418,-1.14804,360.0,1
2017-11-04,7,9.83333,0.0,2.66667,100,17.96,10.21,38.6851,-3.44412,339.2,1
2017-11-04,9,11.1667,0.0,3.33333,87,10.29,10.11,51.0,0.0,340.267,1
2017-11-04,10,12.8333,0.0,4.16667,83,19.01,11.3,58.0,0.0,251.6,1
2017-11-04,11,15.1667,0.0,5.16667,77,19.8,8.27,58.0,0.0,216.0,1
2017-11-04,13,18.6667,0.0,7.16667,76,26.16,8.97,61.0,0.0,168.505,1
2017-11-04,14,20.1667,0.0,8.0,77,26.42,7.27,66.0,0.0,157.617,1
2017-11-04,15,20.8333,0.0,8.5,80,24.39,29.81,63.0,0.0,155.621,1
2017-11-04,16,21.5,0.0,9.16667,70,21.58,43.67,64.0,0.0,174.0,1
2017-11-05,0,20.6667,0.0,7.66667,88,20.12,10.96,19.7508,8.80164,159.6,1
2017-11-05,1,20.1667,0.0,7.16667,88,12.26,14.81,15.7508,8.80164,193.93,1
2017-11-05,2,19.8333,0.0,6.83333,85,20.14,15.9,19.4463,7.27092,207.36,1
2017-11-05,3,19.1667,0.0,6.83333,86,15.94,11.35,-18.1074,14.5418,201.318,1
2017-11-05,4,18.1667,0.0,6.66667,88,22.51,9.7,-18.1074,14.5418,210.189,1
2017-11-05,5,17.5,0.0,6.5,90,18.33,14.71,16.4463,7.27092,225.095,1
2017-11-05,6,16.6667,0.0,6.33333,91,23.22,8.75,32.4463,7.27092,180.0,1
2017-11-05,7,15.3333,0.0,6.16667,91,19.77,17.96,62.0,0.0,217.412,1
2017-11-05,8,14.5,0.0,6.0,87,20.79,17.24,56.0,0.0,266.965,1
2017-11-05,9,13.6667,0.0,6.0,79,20.61,10.29,53.0,0.0,288.225,1
2017-11-05,10,13.3333,0.0,6.33333,71,21.46,19.01,65.0,0.0,248.625,1
2017-11-05,11,14.0,0.0,6.83333,65,29.25,19.8,23.1418,5.7402,270.327,1
2017-11-05,13,17.1667,0.0,8.5,58,19.87,26.16,27.1418,5.7402,184.08,1
2017-11-05,14,17.8333,0.0,9.33333,63,25.96,26.42,62.0,0.0,167.04,1
2017-11-05,15,18.8333,0.0,9.83333,71,23.79,24.39,60.0,0.0,184.743,1
2017-11-05,16,19.3333,0.0,10.0,81,26.78,21.58,57.0,0.0,204.8,1
2017-11-06,0,10.8333,0.0,7.66667,91,8.12,20.12,-9.41192,2.29608,318.171,0
2017-11-06,1,9.83333,0.0,7.5,92,3.49,12.26,12.5224,7.6536,353.455,0
2017-11-06,4,6.66667,0.0,6.66667,100,1.66,22.51,-12.3358,13.3938,439.855,0
2017-11-06,5,6.33333,0.0,6.5,100,0.69,18.33,-15.8713,16.9293,433.964,0
2017-11-06,6,6.66667,0.0,6.33333,98,3.61,23.22,-26.8713,25.9293,435.2,0
2017-11-06,7,7.0,0.71,6.16667,95,11.43,19.77,-10.7782,32.6479,433.964,0
2017-11-06,8,7.83333,0.71,5.83333,98,12.24,20.79,6.45556,35.5095,420.0,0
2017-11-06,9,8.66667,1.42,5.83333,96,6.04,20.61,11.9177,41.6869,419.76,0
2017-11-06,10,9.0,1.88,5.83333,88,12.21,21.46,23.3346,45.4753,356.16,0
2017-11-06,11,9.16667,1.88,5.83333,87,9.8,29.25,33.3373,44.6185,366.667,0
2017-11-06,12,9.0,2.34,5.83333,87,15.7,20.93,40.4084,42.6896,372.655,0
2017-11-06,13,9.16667,1.63,5.83333,87,12.77,19.87,39.7013,39.598,376.32,0
2017-11-06,14,9.16667,1.63,6.0,87,12.16,25.96,40.4084,40.3051,363.0,0
2017-11-06,15,9.5,1.25,6.0,88,16.49,23.79,40.4084,38.1374,329.829,0
2017-11-06,16,9.83333,1.12,6.0,90,12.52,26.78,41.8227,38.0343,300.0,0
2017-11-06,21,8.66667,0.66,6.0,90,8.66,22.92,42.189,28.659,395.2,0
2017-11-07,0,9.0,0.0,5.5,90,8.08,8.12,49.6507,16.8379,371.25,0
2017-11-07,1,9.0,0.0,5.33333,90,8.78,3.49,51.2597,13.7765,356.4,0
2017-11-07,4,8.83333,0.0,5.0,89,13.08,1.66,51.2597,-6.12288,376.32,0
2017-11-07,5,8.5,0.0,5.0,90,13.83,0.69,50.3358,-13.3938,380.8,0
2017-11-07,6,8.33333,0.0,5.0,89,16.65,3.61,46.2856,-18.3436,409.867,0
2017-11-07,7,8.33333,0.0,5.0,91,12.83,11.43,51.9424,-24.0005,360.0,0
2017-11-07,8,8.33333,0.0,5.0,93,21.47,12.24,46.0039,-31.3915,360.0,0
2017-11-07,9,8.5,0.0,5.16667,94,20.98,6.04,44.9768,-34.694,360.0,0
2017-11-07,10,8.5,0.0,5.5,95,27.27,12.21,35.4181,-34.8769,409.867,0
2017-11-07,11,9.16667,0.0,5.83333,91,33.47,9.8,30.5473,-39.7477,393.6,0
2017-11-07,12,9.83333,0.0,6.33333,87,35.05,15.7,29.807,-44.9606,341.85,0
2017-11-07,13,10.3333,1.09,6.83333,86,26.46,12.77,25.6808,-42.9992,340.267,0
2017-11-07,14,10.5,1.09,7.33333,88,42.43,12.16,23.5263,-46.7979,321.48,0
2017-11-07,15,10.5,1.09,7.5,92,46.17,16.49,16.4552,-49.7268,313.6,0
2017-11-07,16,10.6667,1.09,7.5,92,51.79,12.52,13.0111,-51.4119,317.127,0
2017-11-07,17,10.8333,1.09,7.5,100,51.01,11.02,8.80164,-51.2492,336.3,0
2017-11-07,21,10.3333,0.0,5.66667,100,48.62,8.66,0.0,-53.0,321.48,0
2017-11-08,1,8.66667,0.0,3.16667,100,55.53,8.78,-3.44412,-54.3149,372.655,0
2017-11-08,2,8.5,0.0,2.83333,100,40.84,4.82,-6.50556,-50.706,395.2,0
2017-11-08,3,8.33333,0.0,2.66667,100,52.78,10.22,-9.567,-49.097,409.867,0
2017-11-08,4,8.5,0.0,2.66667,100,49.21,13.08,-12.6284,-56.488,360.0,0
2017-11-08,5,8.33333,0.0,2.5,100,56.12,13.83,-18.2853,-46.1449,417.72,0
2017-11-08,6,8.16667,0.0,2.5,100,90.15,16.65,-21.7294,-54.4598,360.0,0
2017-11-08,7,8.0,0.0,2.5,100,56.89,12.83,-24.7909,-51.8509,374.0,0
2017-11-08,8,7.66667,0.0,2.5,100,59.35,21.47,-24.0255,-50.0031,390.0,0
2017-11-08,9,7.66667,0.0,2.66667,90,51.63,20.98,-25.2067,-46.8547,421.2,0
2017-11-08,10,7.0,0.48,3.0,79,49.73,27.27,-29.5363,-42.5251,421.2,0
2017-11-08,11,6.66667,0.48,3.83333,70,50.08,33.47,-32.3648,-45.3536,420.0,0
2017-11-08,12,6.66667,0.48,4.83333,63,47.32,35.05,-34.2531,-42.9123,436.05,0
2017-11-08,13,6.83333,0.48,5.83333,60,52.54,26.46,-34.2531,-42.9123,450.667,0
2017-11-08,14,7.16667,0.48,6.66667,65,59.51,42.43,-33.8704,-41.9884,452.4,0
2017-11-08,15,7.0,0.48,7.16667,74,59.36,46.17,-36.4659,-40.2543,437.143,0
2017-11-08,16,7.5,0.0,7.16667,87,52.52,51.79,-38.7369,-38.7369,420.0,0
2017-11-08,21,6.5,2.72,4.66667,99,39.51,48.62,-27.8022,-45.1206,486.0,0
2017-11-08,23,6.5,2.24,3.83333,92,37.37,58.9,-27.4195,-44.1967,490.629,0
2017-11-09,1,5.83333,2.47,3.66667,86,48.78,55.53,-29.5408,-46.318,498.343,0
2017-11-09,2,5.33333,1.35,3.66667,92,41.29,40.84,-27.3627,-42.5163,561.6,0
2017-11-09,3,4.83333,0.23,3.66667,92,54.84,52.78,-31.0582,-44.047,540.0,0
2017-11-09,4,4.66667,0.46,4.0,91,54.45,49.21,-32.2977,-42.0393,540.0,0
2017-11-09,5,4.66667,0.46,4.33333,91,46.6,56.12,-35.9276,-39.716,540.0,0
2017-11-09,6,4.83333,0.69,4.33333,93,32.2,90.15,-37.8741,-38.4153,559.543,0
2017-11-09,7,5.33333,0.46,4.5,93,30.15,56.89,-39.8148,-33.8616,615.6,0
2017-11-09,8,5.5,0.46,4.66667,93,23.17,59.35,-39.7012,-25.9086,641.143,0
2017-11-09,9,5.5,0.46,5.0,90,21.16,51.63,-44.3206,-27.822,600.0,0
2017-11-09,10,5.66667,0.23,5.16667,87,26.0,49.73,-46.2612,-23.2683,622.2,0
2017-11-09,11,5.66667,0.23,5.5,83,40.79,50.08,-44.1399,-11.2474,571.2,0
2017-11-09,12,5.66667,0.0,6.16667,79,30.17,47.32,-31.6727,-8.56864,570.24,0
2017-11-09,13,5.83333,0.0,6.66667,80,18.3,52.54,-23.1372,-5.03309,583.0,0
2017-11-09,14,6.0,0.0,7.16667,81,17.43,59.51,-10.5939,-2.73701,561.6,0
2017-11-09,15,6.5,0.0,7.33333,86,25.68,59.36,-0.35125,1.50565,546.96,0
2017-11-09,16,6.33333,0.0,7.5,90,22.59,52.52,12.2682,3.41905,499.8,0
2017-11-10,1,6.66667,0.0,4.66667,100,19.57,48.78,-18.7845,46.3501,528.0,0
2017-11-10,2,6.66667,0.0,4.5,93,16.93,41.29,-18.7845,46.3501,517.0,0
2017-11-10,3,6.83333,0.0,4.33333,92,13.56,54.84,-19.1672,47.274,483.36,0
2017-11-10,4,7.0,0.0,4.16667,90,10.36,54.45,-19.9325,49.1217,472.457,0
2017-11-10,5,7.66667,0.0,4.0,90,19.72,46.6,-22.994,49.5128,438.6,0
2017-11-10,6,8.33333,0.0,3.83333,90,28.66,32.2,-25.0902,44.5734,432.0,0
2017-11-10,7,9.66667,0.0,3.66667,88,22.18,30.15,-28.6258,48.109,360.0,0
2017-11-10,8,11.3333,0.0,3.66667,85,16.68,23.17,-31.1962,39.3142,326.4,0
2017-11-10,9,13.5,0.0,3.66667,80,16.33,21.16,-31.9615,41.1619,253.08,0
2017-11-10,10,14.8333,0.48,4.0,80,19.5,26.0,-24.7658,44.7902,216.72,0
2017-11-10,11,16.3333,0.48,4.33333,77,13.4,40.79,-25.4729,45.4973,216.847,0
2017-11-10,12,17.6667,0.96,4.83333,80,23.84,30.17,-32.4025,43.2264,214.5,0
2017-11-10,13,18.5,1.47,5.33333,82,17.97,18.3,-38.1839,38.1839,204.6,0
2017-11-10,14,19.0,1.47,5.66667,84,7.89,17.43,-41.0124,41.0124,188.779,0
2017-11-10,16,20.5,0.99,5.5,82,5.7,22.59,-43.1337,43.1337,173.46,0
2017-11-11,1,16.8333,1.88,3.83333,84,2.75,19.57,-33.1929,52.1349,187.971,1
2017-11-11,2,17.0,1.88,3.66667,86,3.58,16.93,-20.6647,49.8895,204.6,1
2017-11-11,3,18.1667,0.94,3.33333,88,2.81,13.56,-22.1954,53.585,188.779,1
2017-11-11,5,19.0,0.97,2.66667,90,7.03,19.72,-7.6536,57.4776,186.66,1
2017-11-11,6,18.6667,0.97,2.16667,89,4.67,28.66,0.0,56.0,211.714,1
2017-11-11,8,18.1667,1.48,1.66667,82,7.81,16.68,0.0,52.0,224.824,1
2017-11-11,9,18.0,1.48,1.66667,75,17.4,16.33,0.0,53.0,216.847,1
2017-11-11,10,18.1667,1.48,1.83333,71,21.68,19.5,0.0,56.0,198.4,1
2017-11-11,11,19.1667,0.99,2.16667,65,10.29,13.4,-7.27092,55.5537,191.133,1
2017-11-11,12,20.1667,0.99,2.83333,62,20.3,23.84,-16.0726,58.803,167.04,1
2017-11-11,13,21.1667,1.27,3.5,63,21.96,17.97,-24.8742,60.0522,143.242,1
2017-11-11,14,22.0,1.27,4.0,68,20.65,7.89,-17.6033,66.4985,135.496,1
2017-11-12,2,10.0,1.09,2.16667,93,0.51,3.58,-34.6484,45.6484,322.4,1
2017-11-12,3,10.3333,0.0,1.83333,93,1.16,2.81,-24.3912,41.8856,326.4,1
2017-11-12,6,11.1667,0.0,1.16667,92,7.4,4.67,-4.59216,55.0866,294.0,1
2017-11-12,8,9.83333,0.0,0.5,90,6.7,7.81,-6.88824,60.6298,300.0,1
2017-11-12,9,9.66667,0.48,0.666667,80,4.14,17.4,-2.29608,58.5433,323.345,1
2017-11-12,10,9.33333,1.01,1.0,71,2.36,21.68,-2.29608,57.5433,335.345,1
2017-11-12,12,9.83333,1.01,2.33333,63,7.48,20.3,-13.2522,52.9938,347.564,1
2017-11-12,13,11.1667,1.01,3.0,65,11.46,21.96,-15.931,48.461,313.6,1
2017-11-12,15,11.1667,1.5,4.0,70,11.65,20.24,-25.498,52.558,240.0,1
2017-11-13,2,10.1667,0.91,1.83333,92,4.77,0.51,-22.977,-42.4714,319.0,0
2017-11-13,3,11.0,0.91,1.66667,92,4.07,1.16,-18.7344,-48.2288,278.25,0
2017-11-13,4,11.8333,1.14,1.5,92,0.61,1.24,-13.0775,-53.5719,280.8,0
2017-11-13,6,12.5,0.46,1.16667,92,8.69,7.4,26.0104,-38.9748,259.2,0
2017-11-13,7,12.3333,0.46,1.0,92,10.52,11.14,38.9448,-10.6173,270.327,0
2017-11-13,8,13.0,0.46,1.0,92,5.53,6.7,50.0313,4.97484,271.385,0
2017-11-13,9,13.3333,0.46,1.0,92,4.75,4.14,50.9552,15.3072,267.429,0
2017-11-13,10,13.0,0.61,1.0,91,9.33,2.36,48.9656,20.282,277.114,0
2017-11-13,12,13.0,1.22,1.33333,87,9.95,7.48,45.6573,23.4681,286.971,0
2017-11-13,13,13.5,1.22,1.66667,85,10.86,11.46,42.6225,28.0101,281.538,0
2017-11-13,15,13.1667,1.22,2.16667,88,8.64,11.65,42.6329,35.0561,248.571,0
2017-11-13,21,11.8333,0.0,1.83333,100,7.45,18.02,43.1337,43.1337,240.0,0
2017-11-14,0,10.8333,0.08,1.16667,96,10.65,7.91,38.1839,38.1839,324.8,0
2017-11-14,1,10.6667,0.08,1.0,94,15.7833,5.52,37.4768,37.4768,343.385,0
2017-11-14,2,10.3333,0.08,1.0,91,22.45,4.77,36.0626,36.0626,346.92,0
2017-11-14,3,10.5,0.13,1.0,91,14.9667,4.07,36.7697,36.7697,326.8,0
2017-11-14,4,10.5,0.16,0.833333,91,23.4067,0.61,38.1839,38.1839,309.12,0
2017-11-14,6,10.3333,0.08,0.333333,88,58.68,8.69,37.4768,37.4768,329.018,0
2017-11-14,7,9.66667,0.08,-0.166667,93,48.0333,10.52,36.0626,38.0135,353.455,0
2017-11-14,8,9.0,0.08,-0.5,92,38.8667,5.53,41.0124,42.9633,335.345,0
2017-11-14,9,8.16667,0.03,-0.666667,84,26.8067,4.75,38.1839,40.1349,385.527,0
2017-11-14,10,7.83333,0.0,-0.5,76,23.4367,9.33,42.4266,44.3775,372.764,0
2017-11-14,11,7.33333,0.0,0.0,66,36.17,12.08,34.6484,43.5993,402.8,0
2017-11-14,12,7.5,0.0,0.833333,60,21.815,9.95,25.223,44.6264,439.855,0
2017-11-14,13,8.16667,0.0,1.83333,57,42.2333,10.86,17.4447,46.8482,432.667,0
2017-11-14,14,8.83333,0.0,2.66667,63,52.24,6.97,11.0808,49.5332,375.943,0
2017-11-14,15,9.66667,0.0,3.16667,71,48.7067,8.64,1.18122,50.6337,349.8,0
2017-11-14,16,10.0,0.0,3.33333,83,76.8067,12.35,4.71677,49.5537,333.45,0
2017-11-14,18,10.0,0.0,2.83333,99,99.79,42.94,14.1422,49.4776,353.455,0
2017-11-14,19,9.5,0.0,2.33333,99,105.65,53.15,14.1422,58.4776,311.564,0
2017-11-14,21,8.66667,0.0,1.5,93,12.99,7.45,8.01932,51.2597,385.527,0
2017-11-15,0,8.5,0.0,0.333333,94,6.54,10.65,-10.8779,33.2075,409.867,0
2017-11-15,1,8.83333,0.0,0.166667,92,28.5233,15.7833,-1.87791,24.2075,401.85,0
2017-11-15,2,9.16667,0.0,0.166667,95,30.92,22.45,-8.05527,20.6433,371.25,0
2017-11-15,3,9.33333,0.0,0.166667,96,34.9,14.9667,-12.0649,20.3233,352.8,0
2017-11-15,4,9.5,0.0,0.333333,98,34.81,23.4067,-9.52774,23.1981,327.6,0
2017-11-15,5,9.33333,0.0,0.5,99,44.95,50.7767,-2.1367,29.1367,325.867,0
2017-11-15,6,9.33333,0.0,0.833333,99,44.96,58.68,-14.1981,36.5277,339.2,0
2017-11-15,7,8.83333,0.0,1.0,100,42.8667,48.0333,-26.6423,44.8427,349.92,0
2017-11-15,8,8.33333,0.0,1.16667,100,44.0633,38.8667,-22.3532,45.9656,389.88,0
2017-11-15,9,7.83333,0.0,1.5,96,44.11,26.8067,-22.3532,52.9656,360.0,0
2017-11-15,10,7.66667,0.0,2.0,95,42.92,23.4367,-20.2319,50.8443,400.68,0
2017-11-15,11,7.83333,0.0,2.66667,90,45.44,36.17,-23.7961,44.6669,417.6,0
2017-11-15,12,7.66667,0.0,3.33333,84,56.925,21.815,-27.2403,43.9819,405.45,0
2017-11-15,13,7.83333,0.0,4.16667,81,47.2567,42.2333,-29.8357,42.2477,417.6,0
2017-11-15,14,8.0,0.0,4.83333,83,50.9067,52.24,-20.7347,41.3238,408.857,0
2017-11-15,15,8.0,0.0,5.16667,87,88.64,48.7067,-8.39389,39.4355,392.229,0
2017-11-15,16,7.66667,0.0,5.16667,88,91.735,76.8067,-3.44412,38.9026,392.229,0
2017-11-15,17,7.33333,0.0,4.83333,94,90.31,111.195,5.74831,39.4962,421.2,0
2017-11-15,18,7.0,0.0,4.5,94,94.595,99.79,18.0891,42.9019,448.0,0
2017-11-15,21,6.66667,0.0,3.0,95,14.9,12.99,24.5114,48.3972,452.4,0
2017-11-16,0,6.66667,0.0,2.83333,92,13.25,6.54,8.07757,50.488,477.0,0
2017-11-16,1,6.33333,0.0,2.83333,92,38.27,28.5233,8.07757,49.1874,490.629,0
2017-11-16,2,5.83333,0.0,2.5,92,35.64,30.92,8.1278,42.7203,517.0,0
2017-11-16,3,5.33333,0.0,2.16667,92,36.56,34.9,12.1278,42.7203,499.8,0
2017-11-16,4,4.83333,0.0,2.0,92,39.7267,34.81,15.8233,38.251,555.429,0
2017-11-16,5,4.83333,0.0,1.83333,92,77.09,44.95,19.5188,39.7817,540.0,0
2017-11-16,6,4.66667,0.0,1.66667,92,70.335,44.96,28.1976,33.3145,559.543,0
2017-11-16,7,4.5,0.0,1.83333,92,57.97,42.8667,31.7332,22.779,599.657,0
2017-11-16,8,4.66667,0.0,2.16667,92,36.43,44.0633,28.0376,17.3097,662.4,0
2017-11-16,9,4.83333,0.0,2.66667,92,50.38,44.11,23.4182,15.3963,620.743,0
2017-11-16,10,5.16667,0.0,3.16667,89,30.3033,42.92,22.5614,5.3936,644.8,0
2017-11-16,11,5.0,0.0,4.0,82,37.58,45.44,12.7755,-2.44576,644.8,0
2017-11-16,12,5.33333,0.0,4.83333,78,27.0567,56.925,3.91344,-8.60182,648.96,0
2017-11-16,13,6.0,0.0,5.66667,78,23.82,47.2567,-10.0363,-13.5516,620.1,0
2017-11-16,15,6.83333,0.0,6.66667,79,91.045,88.64,-34.034,-27.2197,546.96,0
2017-11-16,16,7.0,0.0,6.5,82,105.76,91.735,-39.5309,-30.8717,505.44,0
2017-11-16,17,7.33333,0.0,6.0,86,85.625,90.31,-39.8613,-33.9081,461.76,0
2017-11-16,18,7.5,0.0,5.5,90,96.47,94.595,-42.7929,-33.0513,438.6,0
2017-11-16,21,7.0,0.25,4.0,89,12.36,14.9,-42.3489,-26.6541,460.8,0
2017-11-17,0,7.33333,0.5,4.0,81,13.54,13.25,-49.8431,-26.0303,420.0,0
2017-11-17,1,7.5,0.5,3.83333,80,32.01,38.27,-46.7411,-21.8459,453.6,0
2017-11-17,2,7.5,0.98,3.5,89,30.48,35.64,-46.7411,-21.8459,443.143,0
2017-11-17,3,7.66667,0.73,3.16667,92,25.5967,36.56,-33.274,-19.1672,443.143,0
2017-11-17,4,7.66667,0.73,2.83333,95,26.0033,39.7267,-33.274,-13.8097,432.0,0
2017-11-17,5,7.16667,0.73,2.5,98,35.9833,77.09,-21.7307,-11.5136,432.0,0
2017-11-17,6,6.66667,0.48,2.0,100,43.27,70.335,-19.7841,-12.8142,463.6,0
2017-11-17,7,6.66667,0.48,1.66667,100,38.41,57.97,-17.488,-18.3575,435.2,0
2017-11-17,8,6.33333,0.0,1.66667,100,41.08,36.43,-14.83,-9.25648,450.667,0
2017-11-17,9,6.33333,0.0,1.83333,91,41.7533,50.38,-6.51508,-0.81236,503.25,0
2017-11-17,10,6.5,0.0,2.16667,91,41.3967,30.3033,5.82573,8.71624,509.143,0
2017-11-17,11,6.83333,0.36,2.5,88,44.3133,37.58,-3.85303,15.1834,509.143,0
2017-11-17,12,7.5,0.36,3.16667,91,45.8567,27.0567,8.27101,19.8957,477.0,0
2017-11-17,13,8.0,0.36,3.83333,90,43.66,23.82,11.6382,34.6778,451.0,0
2017-11-17,15,9.0,1.07,4.5,94,38.665,91.045,29.1412,45.6573,377.143,0
2017-11-17,16,9.16667,1.78,4.5,93,22.875,105.76,30.5554,45.5541,345.257,0
2017-11-17,17,9.33333,1.42,4.5,100,31.16,85.625,38.891,44.7438,341.85,0
2017-11-17,18,9.33333,1.42,4.33333,100,57.62,96.47,39.5982,43.7168,349.92,0
2017-11-17,21,8.5,0.71,3.33333,100,61.02,12.36,40.1349,35.2641,366.667,0
2017-11-18,1,6.33333,0.0,1.0,100,39.4,32.01,40.6148,29.2496,488.52,1
2017-11-18,2,5.5,0.0,0.333333,96,31.44,30.48,46.1581,31.5457,464.28,1
2017-11-18,3,5.5,0.0,-0.166667,97,28.51,25.5967,41.9154,27.303,549.067,1
2017-11-18,4,5.33333,0.0,-0.666667,98,31.52,26.0033,36.3721,29.5991,513.067,1
2017-11-18,5,5.66667,0.0,-1.0,97,46.29,35.9833,30.0081,28.2351,582.4,1
2017-11-18,6,6.0,0.0,-1.33333,94,57.68,43.27,15.226,22.1122,583.0,1
2017-11-18,7,6.83333,0.0,-1.83333,93,37.32,38.41,15.3397,14.1593,540.6,1
2017-11-18,8,8.0,0.0,-2.0,92,51.7933,41.08,-1.51739,16.1058,477.0,1
2017-11-18,9,9.16667,0.0,-1.83333,87,45.0067,41.7533,-11.3033,20.5671,405.6,1
2017-11-18,10,10.0,0.0,-1.33333,85,31.4,41.3967,-13.5633,27.453,300.0,1
2017-11-18,11,10.8333,0.0,-0.666667,80,24.2767,44.3133,-14.1673,32.2029,305.25,1
2017-11-18,12,11.8333,0.0,0.166667,79,35.09,45.8567,-28.3095,46.3451,282.764,1
2017-11-18,13,12.1667,0.0,1.16667,80,34.1267,43.66,-30.4308,48.4664,250.364,1
2017-11-18,14,12.6667,0.0,2.0,81,50.68,41.8,-39.6232,46.6588,249.508,1
2017-11-18,15,13.1667,0.0,2.5,83,62.34,38.665,-37.4768,37.4768,265.5,1
2017-11-18,16,14.3333,0.0,2.83333,82,77.67,22.875,-35.1144,43.7736,239.4,1
2017-11-18,17,14.8333,0.0,2.83333,89,80.43,31.16,-25.2148,50.8741,205.477,1
2017-11-18,18,15.1667,0.0,2.66667,87,86.17,57.62,-16.0224,56.6816,196.114,1
2017-11-18,21,17.0,0.48,1.83333,81,8.16,61.02,0.0,51.0,229.125,1
2017-11-19,1,16.8333,1.44,1.0,88,20.26,39.4,-7.27092,67.5537,180.0,1
2017-11-19,2,16.6667,1.44,1.0,87,15.7267,31.44,0.0,65.0,208.042,1
2017-11-19,3,16.1667,0.96,1.0,89,14.4233,28.51,0.0,62.0,217.412,1
2017-11-19,4,15.8333,0.96,0.833333,90,14.0933,31.52,0.0,61.0,204.429,1
2017-11-19,5,15.8333,0.96,0.666667,84,18.3767,46.29,-6.50556,62.706,187.68,1
2017-11-19,6,16.0,0.48,0.333333,86,23.56,57.68,-6.50556,64.706,180.0,1
2017-11-19,7,16.0,0.0,0.0,85,24.6067,37.32,-6.50556,63.706,187.425,1
2017-11-19,8,16.0,0.0,-0.333333,83,25.82,51.7933,-12.2458,61.5642,202.024,1
2017-11-19,9,16.0,0.0,-0.5,76,26.3633,45.0067,-11.8631,60.6403,209.647,1
2017-11-19,10,15.6667,0.0,-0.333333,69,26.8833,31.4,-17.986,58.4224,203.52,1
2017-11-19,11,16.3333,0.48,0.0,64,33.02,24.2767,-23.7262,57.2806,203.52,1
2017-11-19,12,16.8333,0.48,0.666667,60,44.2233,35.09,-19.8994,48.0418,220.8,1
2017-11-19,13,17.5,0.48,1.33333,58,45.2533,34.1267,-20.6647,49.8895,200.08,1
2017-11-19,14,18.3333,0.96,2.16667,60,58.81,50.68,-22.1954,53.585,198.0,1
2017-11-19,15,18.3333,0.96,2.66667,66,44.815,62.34,-14.1592,55.1836,184.0,1
2017-11-19,16,18.8333,0.96,2.83333,75,45.31,77.67,-7.27092,54.5537,202.926,1
2017-11-19,17,18.1667,0.96,3.0,84,63.515,80.43,0.0,55.0,218.743,1
2017-11-19,18,18.1667,0.96,3.0,83,52.57,86.17,0.0,51.0,229.125,1
2017-11-19,21,18.1667,0.71,2.5,82,0.05,8.16,-6.50556,51.706,221.0,1
2017-11-20,1,20.1667,0.81,1.33333,82,5.69667,20.26,0.0,61.0,173.46,0
2017-11-20,2,20.1667,0.58,1.0,91,5.84667,15.7267,0.0,62.0,167.04,0
2017-11-20,3,20.0,0.58,0.666667,89,4.6,14.4233,12.728,58.6298,184.743,0
2017-11-20,4,20.5,0.58,0.166667,87,6.38,14.0933,26.8702,56.1074,191.314,0
2017-11-20,5,20.8333,0.58,-0.166667,86,9.95,18.3767,43.1337,56.3567,163.4,0
2017-11-20,6,21.3333,0.58,-0.5,85,11.25,23.56,45.9622,60.0522,148.5,0
2017-11-20,7,20.3333,0.0,-0.833333,86,25.39,24.6067,48.7906,63.7477,140.87,0
2017-11-20,8,20.1667,0.0,-1.0,86,15.61,25.82,43.1337,56.3567,183.0,0
2017-11-20,9,19.5,0.0,-1.0,84,34.2467,26.3633,39.5982,51.7373,224.4,0
2017-11-20,10,18.1667,0.48,-0.666667,80,27.02,26.8833,50.9119,66.5194,192.4,0
2017-11-20,11,17.3333,0.48,-0.166667,75,25.1167,33.02,44.5479,58.2044,195.52,0
2017-11-20,12,17.0,0.48,0.5,70,28.13,44.2233,45.9622,60.0522,194.541,0
2017-11-20,13,18.1667,0.48,1.33333,67,48.72,45.2533,38.1839,49.8895,200.08,0
2017-11-20,14,18.8333,0.48,2.0,71,55.815,58.81,43.1337,56.3567,158.118,0
2017-11-20,15,18.6667,0.48,2.33333,77,44.16,44.815,45.9622,60.0522,158.564,0
2017-11-20,16,18.0,0.48,2.5,90,77.22,45.31,41.0124,53.585,202.473,0
2017-11-20,17,16.3333,0.48,2.5,92,87.235,63.515,48.7906,63.7477,199.473,0
2017-11-20,18,14.6667,0.48,2.33333,92,87.44,52.57,33.2342,50.4224,306.286,0
2017-11-20,21,10.8333,2.52,1.83333,94,15.88,0.05,31.82,48.5746,341.127,0
2017-11-21,1,11.1667,3.06,0.833333,96,26.615,5.69667,16.9706,56.1731,271.745,0
2017-11-21,2,10.8333,4.08,0.5,98,15.4467,5.84667,9.19243,55.0104,310.431,0
2017-11-21,3,9.83333,3.06,0.333333,98,11.5233,4.6,0.0,52.0,348.0,0
2017-11-21,4,9.0,3.06,0.166667,97,10.71,6.38,-2.67876,58.4672,333.9,0
2017-11-21,5,8.33333,4.08,0.0,98,46.3,9.95,-5.35752,52.9343,394.4,0
2017-11-21,6,8.0,3.06,0.0,97,27.435,11.25,-11.0144,58.5912,360.0,0
2017-11-21,7,8.0,2.04,0.0,97,22.03,25.39,-3.0144,46.5912,386.88,0
2017-11-21,8,8.0,1.35,0.166667,98,30.975,15.61,-11.3293,40.0353,388.267,0
2017-11-21,9,8.5,1.35,0.333333,97,21.23,34.2467,-17.6933,37.3993,388.267,0
2017-11-21,10,9.0,1.35,0.666667,94,23.35,27.02,-24.2533,25.7589,393.6,0
2017-11-21,11,9.5,0.89,1.0,93,38.61,25.1167,-30.8134,23.1186,356.4,0
2017-11-21,12,10.0,1.45,1.33333,92,42.93,28.13,-32.9347,25.2399,313.65,0
2017-11-21,13,10.3333,1.45,1.83333,92,39.1633,48.72,-40.398,29.574,340.267,0
2017-11-21,14,10.8333,1.53,2.16667,92,37.24,55.815,-41.8122,30.9882,321.48,0
2017-11-21,15,11.0,1.94,2.5,93,53.41,44.16,-41.0588,35.6467,297.0,0
2017-11-21,16,11.1667,2.35,2.83333,87,57.89,77.22,-39.5982,39.5982,294.0,0
2017-11-21,17,10.8333,1.79,3.16667,89,73.38,87.235,-36.0294,41.9826,294.0,0
2017-11-21,18,10.3333,1.64,3.5,91,76.77,87.44,-28.2512,43.2044,317.127,0
2017-11-21,21,9.83333,1.94,4.5,98,7.59,15.88,-11.9877,55.9409,311.564,0
2017-11-22,1,9.16667,2.24,4.83333,100,12.0267,26.615,-9.18432,53.1731,363.0,0
2017-11-22,2,9.0,2.24,4.83333,93,7.93667,15.4467,-13.0111,52.4119,372.655,0
2017-11-22,3,9.0,1.12,4.83333,93,5.97667,11.5233,-16.8379,50.6507,376.32,0
2017-11-22,4,9.16667,2.24,4.83333,93,7.38333,10.71,-16.8379,50.6507,366.667,0
2017-11-22,5,9.5,2.24,4.83333,93,16.965,46.3,-6.3227,51.5746,341.85,0
2017-11-22,6,10.0,2.24,5.0,93,31.315,27.435,-7.08806,53.4224,300.0,0
2017-11-22,7,9.83333,2.24,5.0,93,17.89,22.03,-8.2361,56.194,300.0,0
2017-11-22,8,10.0,2.24,5.0,93,18.9,30.975,-10.7733,53.3192,312.12,0
2017-11-22,9,10.6667,2.24,5.0,93,18.43,21.23,-14.7247,51.8586,300.0,0
2017-11-22,10,11.5,1.12,5.0,92,30.09,23.35,-31.6953,42.5193,309.12,0
2017-11-22,11,12.1667,0.0,5.33333,83,23.9933,38.61,-33.6087,47.1387,250.92,0
2017-11-22,12,12.8333,0.0,5.66667,79,40.985,42.93,-33.3175,41.4355,248.727,0
2017-11-22,13,14.0,0.0,6.16667,76,38.19,39.1633,-35.4388,43.5568,239.4,0
2017-11-22,14,14.5,0.0,6.66667,79,27.3933,37.24,-31.6622,48.4394,228.48,0
2017-11-22,15,14.1667,0.0,7.0,83,44.2,53.41,-31.2795,47.5155,230.4,0
2017-11-22,16,13.5,0.0,7.16667,90,63.92,57.89,-25.9721,48.7025,248.571,0
2017-11-22,17,13.1667,0.0,7.0,96,62.905,73.38,-20.282,48.9656,288.225,0
2017-11-22,18,12.8333,0.0,6.83333,94,75.18,76.77,-24.8742,60.0522,248.625,0
2017-11-22,21,11.1667,0.0,5.5,89,14.52,7.59,-16.8379,52.6507,294.0,0
2017-11-23,1,11.0,0.0,4.5,88,27.1067,12.0267,-37.7068,37.7068,305.455,0
2017-11-23,2,11.0,0.0,4.33333,92,24.4633,7.93667,-43.66,31.7536,305.455,0
2017-11-23,3,11.1667,0.0,4.0,90,30.03,5.97667,-46.0445,28.1849,305.455,0
2017-11-23,4,11.0,0.0,3.66667,87,24.79,7.38333,-49.3528,24.9988,294.0,0
2017-11-23,5,11.1667,0.0,3.5,84,31.9333,16.965,-50.8134,21.0474,305.455,0
2017-11-23,6,11.1667,0.0,3.33333,82,37.37,31.315,-28.6507,16.8379,294.0,0
2017-11-23,7,11.6667,0.0,3.33333,81,21.5833,17.89,-7.48804,12.6284,294.0,0
2017-11-23,8,12.1667,0.0,3.33333,83,18.705,18.9,-10.2597,13.7765,270.3,0
2017-11-23,9,12.5,0.0,3.83333,79,25.86,18.43,24.0657,5.35752,286.7,0
2017-11-23,10,13.5,0.0,4.5,73,19.1233,30.09,26.0657,5.35752,259.418,0
2017-11-23,11,13.8333,0.0,5.5,69,15.6,23.9933,0.283601,11.4804,230.4,0
2017-11-23,12,14.3333,0.0,6.66667,66,20.2667,40.985,0.283601,11.4804,230.4,0
2017-11-23,13,14.6667,0.0,7.66667,64,25.855,38.19,0.283601,11.4804,230.4,0
2017-11-23,14,15.0,0.0,8.66667,61,34.235,27.3933,-28.4985,17.6033,226.8,0
2017-11-23,15,15.6667,0.0,9.16667,61,40.445,44.2,-28.4985,17.6033,212.914,0
2017-11-23,16,16.1667,0.0,9.5,57,41.14,63.92,-32.194,19.134,180.0,0
2017-11-23,17,16.8333,0.0,9.5,66,48.78,62.905,-48.9656,20.282,212.625,0
2017-11-23,18,17.3333,0.0,9.33333,68,51.01,75.18,-50.8134,21.0474,205.8,0
2017-11-23,21,17.0,0.0,8.0,73,12.49,14.52,-47.1179,19.5167,232.941,0
2017-11-24,1,15.1667,0.0,5.33333,79,25.61,27.1067,-26.6507,16.8379,230.4,0
2017-11-24,2,14.6667,0.0,5.0,81,31.06,24.4633,-51.9645,28.1517,212.914,0
2017-11-24,3,14.3333,0.0,4.83333,82,24.4833,30.03,-44.3877,35.7285,212.914,0
2017-11-24,4,13.8333,0.0,4.83333,81,20.675,24.79,-39.9387,38.8563,243.6,0
2017-11-24,5,13.3333,0.0,4.66667,81,38.5567,31.9333,-35.3193,36.9429,288.225,0
2017-11-24,6,12.5,0.0,4.5,83,26.5833,37.37,-43.0975,44.7211,257.4,0
2017-11-24,7,12.1667,0.0,4.66667,83,23.33,21.5833,-39.5619,41.1855,287.571,0
2017-11-24,8,12.0,0.0,4.66667,83,28.28,18.705,-47.1387,33.6087,270.3,0
2017-11-24,9,11.8333,0.0,4.83333,79,37.1,25.86,-25.6534,25.1234,250.364,0
2017-11-24,10,12.6667,0.0,5.16667,79,38.33,19.1233,-4.49074,20.9139,250.364,0
2017-11-24,11,13.5,0.0,5.83333,74,32.1733,15.6,-3.7164,11.4804,267.429,0
2017-11-24,12,14.6667,0.0,6.66667,70,44.95,20.2667,-5.56416,12.2458,242.031,0
2017-11-24,13,15.6667,0.0,7.5,69,28.2767,25.855,-0.564159,12.2458,180.0,0
2017-11-24,14,16.8333,0.0,8.33333,66,35.55,34.235,-15.2597,13.7765,204.6,0
2017-11-24,15,18.0,0.0,9.0,68,34.59,40.445,-18.9552,15.3072,184.0,0
2017-11-24,16,18.3333,0.0,9.5,62,49.185,41.14,-53.585,22.1954,193.44,0
2017-11-24,17,18.6667,0.0,9.66667,69,43.46,48.78,-51.7373,21.4301,207.36,0
2017-11-24,18,18.6667,0.0,9.66667,69,46.55,51.01,-49.8895,20.6647,213.333,0
2017-11-24,20,17.5,0.0,9.0,74,19.16,9.82,-49.8895,20.6647,213.333,0
2017-11-24,21,17.0,0.0,8.5,74,9.49,12.49,-47.1179,19.5167,236.733,0
2017-11-25,1,13.3333,0.0,6.66667,82,31.405,25.61,-45.2237,24.1169,292.32,1
2017-11-25,2,13.0,0.0,6.16667,84,26.45,31.06,-54.4162,33.3094,240.0,1
2017-11-25,3,13.0,0.0,5.83333,86,25.7933,24.4833,-52.5684,32.544,240.0,1
2017-11-25,4,13.1667,0.0,5.5,87,26.9533,20.675,-41.0019,33.9664,261.415,1
2017-11-25,5,13.8333,0.0,5.16667,89,32.115,38.5567,-44.7438,30.1314,251.631,1
2017-11-25,6,14.0,0.0,4.83333,88,36.02,26.5833,-46.1581,10.3324,232.615,1
2017-11-25,7,14.5,0.0,4.66667,88,23.9067,23.33,-20.1476,5.35752,237.12,1
2017-11-25,8,14.8333,0.0,4.66667,89,30.495,28.28,-24.323,0.87375,221.571,1
2017-11-25,9,15.6667,0.0,4.66667,88,25.7867,37.1,3.61127,-4.48377,220.0,1
2017-11-25,10,16.0,0.0,4.83333,87,29.6467,38.33,20.2179,6.12288,229.125,1
2017-11-25,11,17.1667,0.0,5.16667,85,33.7533,32.1733,20.2179,6.12288,225.28,1
2017-11-25,12,19.3333,0.0,5.66667,83,46.505,44.95,-15.1074,14.5418,193.44,1
2017-11-25,13,21.3333,0.0,6.0,83,60.15,28.2767,-8.10744,14.5418,126.225,1
2017-11-25,14,23.0,0.0,6.33333,81,54.13,35.55,55.0,0.0,156.8,1
2017-11-25,15,23.5,0.0,6.66667,84,55.365,34.59,53.0,0.0,170.357,1
2017-11-25,16,23.5,0.0,6.83333,79,52.4,49.185,76.0,0.0,129.257,1
2017-11-25,17,21.6667,0.0,7.16667,81,45.34,43.46,64.0,0.0,178.608,1
2017-11-25,20,13.5,1.12,6.83333,91,4.71,19.16,16.1093,16.9375,278.348,1
2017-11-26,0,15.3333,2.24,4.66667,86,4.86,16.39,-6.50556,51.706,212.625,1
2017-11-26,1,16.6667,1.12,3.83333,89,26.28,31.405,5.51531,51.4119,209.012,1
2017-11-26,2,17.0,1.12,3.33333,96,21.7567,26.45,24.0417,51.4119,221.76,1
2017-11-26,3,16.6667,1.12,2.66667,96,14.3533,25.7933,34.6484,65.2701,186.66,1
2017-11-26,4,15.8333,1.12,2.16667,97,18.9967,26.9533,44.5479,58.2044,209.647,1
2017-11-26,5,14.3333,1.12,1.66667,98,17.985,32.115,41.0124,53.585,249.882,1
2017-11-26,6,13.3333,0.0,1.16667,86,23.085,36.02,36.7697,48.0418,292.32,1
2017-11-26,7,11.8333,0.0,0.833333,87,20.8267,23.9067,44.5479,58.2044,257.92,1
2017-11-26,8,10.8333,0.0,0.333333,89,30.8533,30.495,33.9413,52.3462,318.171,1
2017-11-26,9,10.3333,0.0,0.166667,84,45.85,25.7867,30.4057,47.7268,359.9,1
2017-11-26,10,10.0,0.0,0.0,69,43.3667,29.6467,38.1839,57.8895,300.0,1
2017-11-26,11,10.1667,0.0,0.0,59,42.4433,33.7533,29.6986,56.803,311.564,1
2017-11-26,12,10.3333,0.0,0.333333,52,66.395,46.505,30.4057,57.7268,300.0,1
2017-11-26,13,11.3333,0.0,0.833333,49,51.8933,60.15,22.6275,51.5642,300.667,1
2017-11-26,14,12.1667,0.0,1.33333,53,46.955,54.13,10.906,56.1836,260.945,1
2017-11-26,15,12.6667,0.0,1.5,62,54.5,55.365,3.1278,50.0209,276.0,1
2017-11-26,16,13.6667,0.0,1.66667,73,64.4,52.4,-5.35752,52.9343,255.2,1
2017-11-26,17,13.5,0.0,1.5,77,80.24,45.34,-11.4804,55.7164,230.4,1
2017-11-27,1,10.6667,0.0,-1.83333,82,25.85,26.28,-27.303,41.9154,333.45,0
2017-11-27,2,11.0,0.0,-2.0,82,22.6033,21.7567,-29.2164,46.5348,265.2,0
2017-11-27,3,11.5,0.0,-2.0,84,17.55,14.3533,-26.155,49.1438,280.8,0
2017-11-27,4,11.1667,0.0,-2.0,82,19.59,18.9967,-17.6696,51.6584,291.5,0
2017-11-27,5,10.8333,0.0,-2.0,85,44.6033,17.985,-9.18432,53.1731,305.455,0
2017-11-27,6,10.6667,0.0,-2.0,86,46.945,23.085,-4.97484,53.0104,332.215,0
2017-11-27,7,10.3333,0.0,-1.83333,86,29.6767,20.8267,0.0,51.0,346.92,0
2017-11-27,8,10.6667,0.0,-1.5,78,32.5833,30.8533,-7.77821,48.7782,341.127,0
2017-11-27,9,11.0,0.0,-1.16667,76,31.67,45.85,-7.77821,49.7782,321.48,0
2017-11-27,10,11.3333,0.0,-0.666667,79,26.54,43.3667,-7.77821,52.7782,285.12,0
2017-11-27,11,12.1667,0.0,0.0,71,20.0833,42.4433,-12.3704,53.8648,262.08,0
2017-11-27,12,13.0,0.0,0.666667,65,17.3733,66.395,-10.3324,49.9448,276.0,0
2017-11-27,13,13.6667,0.0,1.33333,61,22.26,51.8933,-10.3324,52.9448,251.631,0
2017-11-27,14,14.0,0.0,1.66667,63,30.9267,46.955,-16.0726,53.803,225.5,0
2017-11-27,15,14.5,0.0,2.0,66,26.53,54.5,-16.8379,55.6507,228.48,0
2017-11-27,16,15.0,0.0,2.0,73,30.37,64.4,-17.2206,56.5746,220.0,0
2017-11-27,17,15.5,0.0,1.83333,78,37.67,80.24,-22.9608,55.4328,220.0,0
2017-11-28,1,22.5,0.0,1.0,79,14.9267,25.85,-58.0549,33.1597,141.382,0
2017-11-28,2,23.0,0.0,1.0,83,10.62,22.6033,-65.5955,27.1703,130.226,0
2017-11-28,3,23.5,0.0,1.0,84,5.28,17.55,-66.5194,27.553,125.061,0
2017-11-28,4,24.0,0.0,1.0,84,5.68667,19.59,-67.4432,27.9356,129.792,0
2017-11-28,5,24.0,0.0,1.0,85,14.8067,44.6033,-67.4432,27.9356,124.95,0
2017-11-28,6,23.8333,0.0,1.0,86,11.2667,46.945,-66.5194,27.553,130.0,0
2017-11-28,7,23.3333,0.41,1.0,86,14.095,29.6767,-64.6716,26.7876,145.2,0
2017-11-28,8,22.8333,0.41,1.0,87,15.6833,32.5833,-61.9,25.6396,151.93,0
2017-11-28,9,22.3333,0.84,1.16667,86,20.2667,31.67,-60.0522,24.8742,158.564,0
2017-11-28,10,21.6667,0.84,1.33333,84,18.7167,26.54,-59.1283,24.4915,164.509,0
2017-11-28,11,20.6667,0.84,1.66667,82,26.6933,20.0833,-58.2044,24.1088,165.714,0
2017-11-28,12,20.1667,0.84,2.0,80,26.4233,17.3733,-21.803,16.0726,191.314,0
2017-11-28,13,19.6667,0.43,2.33333,78,28.4967,22.26,-19.9552,0.76536,204.8,0
2017-11-28,14,18.5,0.43,2.83333,77,45.88,30.9267,18.4463,-7.27092,201.318,0
2017-11-28,15,17.6667,0.3,3.16667,78,50.33,26.53,-11.488,-1.9134,232.737,0
2017-11-28,16,16.6667,0.3,3.33333,89,48.835,30.37,-26.2701,4.20948,186.821,0
2017-11-28,17,16.5,0.3,3.33333,90,64.165,37.67,-22.5746,17.2206,215.368,0
2017-11-29,0,11.0,0.0,1.66667,91,9.98,4.17,12.6746,8.41896,313.5,0
2017-11-29,1,10.6667,0.0,1.5,91,24.7133,14.9267,34.7612,3.8268,317.127,0
2017-11-29,2,10.5,0.51,1.33333,95,35.375,10.62,33.7612,3.8268,321.48,0
2017-11-29,3,10.6667,0.51,1.16667,95,26.1167,5.28,53.0,0.0,329.018,0
2017-11-29,4,10.5,0.51,1.0,94,27.455,5.68667,53.0,0.0,329.018,0
2017-11-29,5,10.3333,0.51,1.0,94,19.985,14.8067,52.0,0.0,341.127,0
2017-11-29,6,10.0,0.51,0.833333,95,27.095,11.2667,51.0,0.0,346.92,0
2017-11-29,7,9.83333,0.51,0.666667,95,31.03,14.095,60.0,0.0,300.0,0
2017-11-29,8,9.83333,0.0,0.5,95,39.985,15.6833,43.636,6.36399,312.12,0
2017-11-29,9,9.83333,0.48,0.333333,93,52.61,20.2667,43.636,6.36399,323.345,0
2017-11-29,10,9.66667,0.48,0.166667,87,52.85,18.7167,43.636,6.36399,312.12,0
2017-11-29,11,9.5,0.96,0.166667,81,46.7667,26.6933,27.272,12.728,324.48,0
2017-11-29,12,9.16667,0.96,0.5,75,49.1567,26.4233,26.272,12.728,325.867,0
2017-11-29,13,8.83333,0.96,0.833333,71,45.6267,28.4967,24.272,12.728,352.8,0
2017-11-29,14,8.33333,0.96,1.16667,75,58.57,45.88,37.636,6.36399,389.88,0
2017-11-29,15,7.66667,0.96,1.33333,81,76.625,50.33,44.636,6.36399,360.0,0
2017-11-29,16,7.16667,0.96,1.5,96,76.265,48.835,41.636,6.36399,412.364,0
2017-11-29,17,6.83333,0.48,1.5,100,78.36,64.165,25.0927,4.06791,463.6,0
2017-11-29,21,7.16667,1.68,0.166667,100,25.9,13.29,17.5224,-7.6536,437.143,0
2017-11-30,1,6.83333,2.19,-0.833333,98,30.5667,24.7133,29.0657,-5.35752,437.143,0
2017-11-30,2,6.33333,1.4,-1.0,100,37.92,35.375,41.5328,-2.67876,454.629,0
2017-11-30,3,5.66667,2.11,-1.0,100,30.4633,26.1167,43.3806,-1.9134,490.629,0
2017-11-30,4,5.16667,2.8,-1.0,99,40.12,27.455,41.8499,-5.60892,480.0,0
2017-11-30,5,5.16667,2.8,-1.16667,98,42.935,19.985,33.3192,-9.30444,550.8,0
2017-11-30,7,5.5,2.16,-1.16667,93,59.465,31.03,24.0185,-15.8432,540.0,0
2017-11-30,15,11.8333,1.86,0.5,85,13.23,76.625,55.0104,4.97484,275.6,0
2017-11-30,16,12.6667,1.86,0.5,91,8.76,76.265,48.8686,10.715,281.455,0
2017-11-30,17,13.0,1.12,0.5,92,13.53,78.36,47.7682,20.6146,255.2,0
2017-11-30,21,12.0,0.0,0.0,93,33.9067,25.9,43.1337,43.1337,268.029,0
2017-11-30,23,10.8333,0.0,-0.166667,95,42.91,23.07,39.5982,39.5982,294.0,0
2018-10-01,0,12.1667,0.0,8.66667,68,10.555,63.1425,-56.3567,23.3435,259.2,0
2018-10-01,1,12.0,0.0,7.83333,71,10.7175,53.4275,-55.4328,22.9608,260.0,0
2018-10-01,2,11.8333,0.0,7.33333,73,10.785,39.42,-55.4328,22.9608,260.0,0
2018-10-01,3,11.5,0.0,6.83333,74,11.198,39.7525,-54.5089,22.5781,270.3,0
2018-10-01,4,11.0,0.0,6.33333,76,12.31,28.4275,-52.6612,21.8128,291.5,0
2018-10-01,5,10.5,0.0,5.83333,77,11.95,18.0575,-49.8895,20.6647,324.8,0
2018-10-01,6,10.0,0.0,5.33333,82,14.106,10.7625,-45.167,22.4366,359.9,0
2018-10-01,7,9.33333,0.0,5.16667,86,20.184,9.08,-51.5309,28.8005,322.4,0
2018-10-01,8,8.83333,0.0,5.0,87,19.882,9.0625,-46.1013,29.8653,360.0,0
2018-10-01,9,8.33333,0.0,5.16667,79,17.154,10.015,-41.5955,31.3127,389.88,0
2018-10-01,10,8.16667,0.0,5.83333,66,14.464,13.87,-46.5452,36.2624,360.0,0
2018-10-01,11,7.83333,0.0,6.83333,56,14.476,8.4725,-42.9633,38.0925,374.0,0
2018-10-01,12,7.5,0.23,8.16667,49,11.42,7.81,-37.3271,41.1156,402.8,0
2018-10-01,13,7.5,0.23,9.5,46,10.638,9.55,-30.9632,41.7516,432.667,0
2018-10-01,14,7.66667,0.99,11.0,47,12.238,8.1975,-18.9423,42.7786,437.25,0
2018-10-01,15,8.33333,1.75,12.0,52,13.858,7.3025,-6.92142,43.4857,421.2,0
2018-10-01,16,9.16667,1.75,12.3333,64,21.196,6.4825,6.51367,45.607,360.0,0
2018-10-01,17,10.3333,1.75,12.1667,65,22.4975,8.4275,26.3127,44.1928,329.829,0
2018-10-01,18,11.1667,1.52,11.8333,69,34.78,14.9775,38.891,40.6252,278.25,0
2018-10-01,19,11.3333,2.03,11.1667,72,40.938,26.9975,41.7195,44.3207,240.0,0
2018-10-01,20,11.0,1.27,10.1667,75,37.624,26.6925,35.3555,46.9567,260.945,0
2018-10-01,21,10.5,0.51,9.33333,79,43.35,18.6975,27.5773,46.1785,321.231,0
2018-10-01,22,9.83333,0.51,8.83333,84,26.108,13.1125,27.5773,54.1785,300.0,0
2018-10-01,23,9.16667,0.51,8.33333,88,15.642,11.91,18.3849,53.9861,353.571,0
2018-10-02,0,8.83333,0.51,7.83333,92,14.49,10.555,8.48532,54.0866,381.9,0
2018-10-02,1,9.0,0.0,7.5,95,10.128,10.7175,7.0711,52.2388,380.8,0
2018-10-02,2,9.5,0.0,7.16667,96,12.3067,10.785,14.1422,52.4776,345.257,0
2018-10-02,3,9.83333,0.0,6.83333,97,14.988,11.198,21.2133,54.7164,313.65,0
2018-10-02,4,10.0,0.0,6.5,98,13.52,12.31,28.2844,55.9552,300.0,0
2018-10-02,5,10.0,0.0,6.16667,99,11.792,11.95,35.3555,56.194,300.0,0
2018-10-02,6,10.0,0.0,5.83333,100,12.128,14.106,42.4266,55.4328,300.0,0
2018-10-02,7,10.1667,0.0,5.33333,100,9.592,20.184,42.4266,55.4328,300.0,0
2018-10-02,8,10.3333,0.0,5.0,100,11.76,19.882,28.2844,47.9552,346.92,0
2018-10-02,9,10.5,0.0,4.83333,92,9.61,17.154,21.2133,49.7164,334.08,0
2018-10-02,10,10.6667,0.0,4.83333,76,9.984,14.464,14.1422,51.4776,321.48,0
2018-10-02,11,11.1667,0.0,5.16667,67,10.5417,14.476,7.0711,53.2388,309.12,0
2018-10-02,12,11.8333,0.0,5.66667,60,9.468,11.42,0.0,57.0,282.764,0
2018-10-02,13,12.3333,0.0,6.5,55,11.038,10.638,0.0,60.0,250.364,0
2018-10-02,14,13.0,0.0,7.33333,51,17.376,12.238,-5.35752,50.9343,270.327,0
2018-10-02,15,14.0,0.0,8.16667,48,16.05,13.858,-11.0977,53.7925,242.031,0
2018-10-02,16,15.1667,0.0,8.66667,45,27.068,21.196,-17.6033,56.4985,212.914,0
2018-10-02,17,16.1667,0.0,8.83333,47,30.032,22.4975,-24.4915,59.1283,180.0,0
2018-10-02,18,17.3333,0.0,8.83333,50,24.41,34.78,-20.6647,49.8895,209.012,0
2018-10-02,19,18.6667,0.0,8.5,56,22.16,40.938,-22.1954,53.585,184.0,0
2018-10-02,20,20.0,0.0,8.16667,61,14.708,37.624,-23.7262,57.2806,162.0,0
2018-10-02,21,20.8333,0.0,7.66667,64,16.39,43.35,-25.2569,60.9761,147.714,0
2018-10-02,22,21.3333,0.0,7.16667,67,10.6925,26.108,-25.6396,61.9,147.0,0
2018-10-02,23,21.3333,0.0,6.66667,73,10.8775,15.642,-25.2569,60.9761,157.617,0
2018-10-03,0,20.8333,0.0,6.33333,74,10.8633,14.49,-23.7262,57.2806,176.727,0
2018-10-03,1,20.0,0.0,6.16667,75,9.44,10.128,-22.1954,53.585,198.0,0
2018-10-03,2,19.0,0.0,6.16667,77,9.2875,12.3067,-20.6647,49.8895,217.579,0
2018-10-03,3,18.1667,0.0,6.16667,79,8.1025,14.988,-13.3938,49.3358,228.8,0
2018-10-03,4,17.5,0.0,6.33333,79,7.98,13.52,-6.50556,49.706,232.941,0
2018-10-03,5,17.3333,0.0,6.66667,79,10.9575,11.792,0.0,51.0,232.941,0
2018-10-03,6,17.1667,0.48,6.83333,83,10.56,12.128,12.728,50.6298,224.824,0
2018-10-03,7,17.0,0.48,6.83333,84,7.335,9.592,12.728,50.6298,224.824,0
2018-10-03,8,16.8333,0.48,6.66667,86,7.18,11.76,12.728,49.6298,236.733,0
2018-10-03,9,17.0,0.48,6.66667,80,7.54833,9.61,12.728,65.6298,187.0,0
2018-10-03,10,18.0,1.06,6.83333,72,8.906,9.984,0.0,67.0,180.0,0
2018-10-03,11,19.3333,1.06,7.16667,66,9.425,10.5417,16.2635,55.2492,181.425,0
2018-10-03,12,21.1667,0.58,7.66667,62,5.93,9.468,34.6484,63.2701,125.8,0
2018-10-03,13,23.1667,0.58,8.33333,61,7.78,11.038,38.1839,49.8895,159.508,0
2018-10-03,14,25.1667,0.58,9.16667,61,6.975,17.376,39.5982,51.7373,154.286,0
2018-10-03,15,26.8333,0.58,9.83333,61,7.235,16.05,39.5982,51.7373,154.286,0
2018-10-03,16,27.5,0.0,10.1667,61,8.0325,27.068,39.5982,51.7373,154.286,0
2018-10-03,17,27.5,0.0,10.3333,69,8.45,30.032,38.891,50.8134,159.557,0
2018-10-03,18,26.5,0.0,10.1667,69,16.4233,24.41,37.4768,48.9656,167.733,0
2018-10-03,19,24.5,0.0,9.83333,69,15.545,22.16,53.0332,69.291,129.422,0
2018-10-03,20,22.0,0.0,9.16667,70,12.1875,14.708,45.255,59.1283,183.138,0
2018-10-03,21,19.3333,0.0,8.5,71,11.0575,16.39,36.0626,47.1179,251.727,0
2018-10-03,22,16.8333,0.0,7.83333,73,9.1,10.6925,44.5479,58.2044,241.364,0
2018-10-03,23,14.3333,0.0,7.16667,74,9.97,10.8775,37.4768,48.9656,288.225,0
2018-10-04,0,12.5,0.0,6.5,76,5.61833,10.8633,45.255,59.1283,257.4,0
2018-10-04,1,11.5,0.0,6.0,76,4.415,9.44,33.9413,55.3462,279.138,0
2018-10-04,2,11.0,0.0,5.66667,76,2.988,9.2875,24.7488,53.3358,302.4,0
2018-10-04,3,10.6667,0.0,5.33333,72,4.2,8.1025,16.2635,52.2492,324.8,0
2018-10-04,4,10.1667,0.0,5.16667,73,3.27,7.98,7.77821,51.1627,341.127,0
2018-10-04,5,9.83333,0.0,4.83333,73,4.17,10.9575,7.77821,60.1627,300.0,0
2018-10-04,6,9.33333,0.0,4.66667,75,6.68167,10.56,0.0,59.0,323.345,0
2018-10-04,7,9.0,0.0,4.5,78,8.35,7.335,-3.06144,55.391,349.92,0
2018-10-04,8,8.66667,0.0,4.5,78,12.998,7.18,-6.12288,52.7821,376.32,0
2018-10-04,9,8.5,0.0,4.66667,74,12.056,7.54833,-9.18432,50.1731,403.68,0
2018-10-04,10,8.66667,0.0,5.16667,78,13.214,8.906,-12.6284,48.488,409.867,0
2018-10-04,11,9.0,0.0,6.0,68,14.8375,9.425,-12.6284,49.488,395.2,0
2018-10-04,12,9.5,0.0,7.0,60,11.796,5.93,-4.85023,50.6507,356.4,0
2018-10-04,13,9.83333,0.0,8.16667,54,11.13,7.78,5.98942,53.4224,313.65,0
2018-10-04,14,10.1667,0.0,9.33333,51,10.485,6.975,12.1123,48.6403,340.267,0
2018-10-04,15,10.1667,0.0,10.3333,47,12.174,7.235,15.5564,50.3254,334.08,0
2018-10-04,16,9.83333,0.0,11.1667,49,22.188,8.0325,21.9204,48.6403,353.455,0
2018-10-04,17,9.16667,0.0,11.6667,56,19.245,8.45,27.5773,56.0313,323.345,0
2018-10-04,18,8.5,0.0,11.8333,62,40.5,16.4233,24.7488,52.3358,372.655,0
2018-10-04,19,7.83333,0.0,11.5,73,46.7933,15.545,21.9204,48.6403,417.72,0
2018-10-04,20,7.0,0.0,10.8333,79,51.72,12.1875,21.9204,54.6403,400.68,0
2018-10-04,21,6.5,0.0,10.0,83,42.578,11.0575,18.3849,48.1758,473.28,0
2018-10-04,22,6.33333,0.0,9.0,83,47.0375,9.1,12.8416,50.4719,449.28,0
2018-10-04,23,6.33333,0.0,8.0,83,37.9325,9.97,6.37442,43.1507,482.4,0
2018-10-05,0,6.33333,0.0,7.16667,83,34.2625,5.61833,-4.93934,39.7855,503.25,0
2018-10-05,1,6.66667,0.0,6.66667,82,25.128,4.415,-17.0634,35.0732,509.143,0
2018-10-05,2,7.16667,0.0,6.16667,82,28.8,2.988,-29.4042,31.6675,490.629,0
2018-10-05,3,7.5,0.0,6.0,79,25.704,4.2,-41.745,28.2618,457.6,0
2018-10-05,4,7.66667,0.0,5.66667,82,19.56,3.27,-45.6005,21.7877,451.0,0
2018-10-05,5,8.0,0.0,5.66667,83,19.375,4.17,-47.4482,22.553,425.829,0
2018-10-05,6,8.33333,0.0,5.66667,89,24.232,6.68167,-49.296,23.3184,392.229,0
2018-10-05,7,8.5,0.0,5.66667,93,20.756,8.35,-52.6612,21.8128,360.0,0
2018-10-05,8,8.66667,0.0,6.0,91,22.684,12.998,-47.1179,19.5167,401.85,0
2018-10-05,9,9.0,0.0,6.5,82,16.448,12.056,-48.0418,19.8994,386.4,0
2018-10-05,10,9.5,0.0,7.5,72,12.568,13.214,-49.8895,20.6647,356.4,0
2018-10-05,11,10.1667,0.0,8.66667,63,16.52,14.8375,-52.6612,21.8128,325.867,0
2018-10-05,12,11.0,0.0,10.0,57,12.976,11.796,-48.0418,19.8994,326.8,0
2018-10-05,13,12.0,0.0,11.5,54,12.13,11.13,-52.6612,21.8128,263.467,0
2018-10-05,14,13.0,0.0,13.0,54,13.07,10.485,-48.9656,20.282,259.418,0
2018-10-05,15,13.8333,0.0,14.3333,54,19.215,12.174,-52.6612,21.8128,232.615,0
2018-10-05,16,14.5,0.0,15.1667,56,15.458,22.188,-54.5089,22.5781,221.571,0
2018-10-05,17,14.8333,0.0,15.6667,58,15.33,19.245,-55.4328,22.9608,220.0,0
2018-10-05,18,15.1667,0.0,15.6667,65,29.4275,40.5,-55.4328,22.9608,220.0,0
2018-10-05,19,15.1667,0.0,15.3333,70,30.864,46.7933,-56.3567,23.3435,211.68,0
2018-10-05,20,15.1667,0.0,14.6667,74,25.042,51.72,-56.3567,23.3435,211.68,0
2018-10-05,21,15.3333,0.0,13.6667,74,28.9175,42.578,-56.3567,23.3435,211.68,0
2018-10-05,22,15.8333,0.0,12.8333,74,23.735,47.0375,-57.2806,23.7262,210.6,0
2018-10-05,23,16.5,0.0,11.8333,73,17.77,37.9325,-59.1283,24.4915,187.68,0
2018-10-06,0,17.0,0.0,11.1667,73,16.842,34.2625,-48.9656,20.282,212.625,1
2018-10-06,1,17.8333,0.0,10.6667,74,19.0125,25.128,-51.7373,21.4301,198.4,1
2018-10-06,2,18.6667,0.0,10.1667,74,12.3325,28.8,-53.585,22.1954,188.779,1
2018-10-06,3,19.3333,0.0,9.83333,73,15.844,25.704,-54.5089,22.5781,181.895,1
2018-10-06,4,19.6667,0.0,9.5,73,16.366,19.56,-55.4328,22.9608,180.0,1
2018-10-06,5,19.6667,0.0,9.33333,73,19.644,19.375,-55.4328,22.9608,180.0,1
2018-10-06,6,19.5,0.0,9.0,76,22.956,24.232,-54.5089,22.5781,186.66,1
2018-10-06,7,19.0,0.0,8.5,76,22.56,20.756,-52.6612,21.8128,200.34,1
2018-10-06,8,18.1667,0.0,8.5,76,23.57,22.684,-49.8895,20.6647,217.579,1
2018-10-06,9,17.3333,0.0,8.66667,71,26.564,16.448,-63.7477,26.4049,180.0,1
2018-10-06,10,16.8333,0.0,9.16667,63,28.474,12.568,-60.0522,24.8742,201.4,1
2018-10-06,11,16.5,0.0,10.0,57,34.6517,16.52,-59.1283,24.4915,202.024,1
2018-10-06,12,16.5,0.0,11.1667,53,31.734,12.976,-59.1283,24.4915,187.68,1
2018-10-06,13,16.8333,0.0,12.8333,50,29.304,12.13,-48.0418,19.8994,224.824,1
2018-10-06,14,17.6667,0.0,14.3333,50,28.666,13.07,-49.8895,20.6647,209.012,1
2018-10-06,15,18.5,0.0,15.6667,51,33.82,19.215,-52.6612,21.8128,191.133,1
2018-10-06,16,18.8333,0.0,16.6667,54,31.906,15.458,-54.5089,22.5781,181.895,1
2018-10-06,17,19.1667,0.0,17.5,50,36.04,15.33,-54.5089,22.5781,186.66,1
2018-10-06,18,19.1667,0.0,18.0,58,38.7325,29.4275,-53.585,22.1954,193.44,1
2018-10-06,19,18.5,0.0,18.0,62,38.51,30.864,-51.7373,21.4301,202.926,1
2018-10-06,20,17.3333,0.0,17.6667,65,40.1325,25.042,-48.0418,19.8994,232.737,1
2018-10-06,21,16.1667,0.0,17.1667,68,40.3733,28.9175,-60.0522,24.8742,208.042,1
2018-10-06,22,15.1667,0.0,16.6667,71,38.64,23.735,-54.5089,22.5781,247.8,1
2018-10-06,23,14.1667,0.0,15.8333,74,34.8225,17.77,-49.8895,20.6647,273.28,1
2018-10-07,0,13.1667,0.0,15.1667,77,33.75,16.842,-48.0418,19.8994,281.538,1
2018-10-07,1,12.5,0.0,14.5,79,35.408,19.0125,-47.1179,19.5167,291.877,1
2018-10-07,2,12.1667,0.0,13.8333,81,34.618,12.3325,-57.2806,23.7262,249.508,1
2018-10-07,3,11.6667,0.0,13.3333,79,32.642,15.844,-53.0483,26.5295,269.077,1
2018-10-07,4,11.0,0.0,12.8333,80,34.965,16.366,-48.109,28.6258,299.815,1
2018-10-07,5,10.3333,0.0,12.5,82,33.984,19.644,-42.4625,30.0149,336.3,1
2018-10-07,6,9.83333,0.0,12.0,86,36.2083,22.956,-48.8265,36.3789,300.0,1
2018-10-07,7,9.5,0.0,11.6667,90,34.915,22.56,-44.104,38.1508,323.345,1
2018-10-07,8,9.0,0.0,11.5,95,35.245,23.57,-40.3053,40.3053,347.564,1
2018-10-07,9,8.5,0.0,11.6667,90,35.35,26.564,-38.1839,38.1839,376.32,1
2018-10-07,10,8.33333,0.0,12.0,76,30.055,28.474,-36.0626,36.0626,409.867,1
2018-10-07,11,8.0,0.0,12.6667,68,31.02,34.6517,-41.7195,41.7195,360.0,1
2018-10-07,12,7.66667,0.0,13.8333,60,30.704,31.734,-40.3053,40.3053,388.267,1
2018-10-07,13,7.5,0.0,15.1667,55,27.0067,29.304,-36.62,40.4084,417.6,1
2018-10-07,14,7.66667,0.0,16.6667,55,22.865,28.666,-24.5992,41.4355,432.667,1
2018-10-07,15,8.33333,0.0,17.6667,58,25.784,33.82,-11.8712,41.4355,421.2,1
2018-10-07,16,9.16667,0.0,18.0,68,20.9225,31.906,1.5639,43.5568,360.0,1
2018-10-07,17,10.3333,0.0,17.6667,78,23.742,36.04,24.181,37.925,329.829,1
2018-10-07,18,11.5,0.0,16.6667,81,32.82,38.7325,44.7438,31.8656,278.25,1
2018-10-07,19,12.5,0.0,15.3333,80,22.598,38.51,45.6573,23.4681,270.327,1
2018-10-07,20,13.1667,0.0,13.6667,77,18.0875,40.1325,50.8134,21.0474,251.631,1
2018-10-07,21,13.3333,0.0,12.0,77,18.4367,40.3733,50.8134,21.0474,257.914,1
2018-10-07,22,12.8333,0.0,10.8333,77,17.91,38.64,49.8791,15.6899,277.114,1
2018-10-07,23,12.0,0.0,9.83333,78,15.968,34.8225,59.8791,15.6899,249.171,1
2018-10-08,0,11.0,0.0,9.0,80,11.325,33.75,38.6298,13.7765,297.6,0
2018-10-08,1,9.83333,0.0,8.16667,83,9.918,35.408,33.6955,8.41896,354.738,0
2018-10-08,2,8.83333,0.0,7.5,85,9.51667,34.618,40.1627,5.7402,343.938,0
2018-10-08,3,8.0,0.0,7.0,84,9.482,32.642,34.6194,-1.9134,407.1,0
2018-10-08,4,7.33333,0.0,6.33333,87,10.966,34.965,41.0866,-4.59216,384.8,0
2018-10-08,5,6.83333,0.0,5.83333,90,9.714,33.984,34.6298,-6.88824,443.52,0
2018-10-08,6,6.5,0.0,5.33333,96,12.1975,36.2083,40.1731,-9.18432,420.0,0
2018-10-08,7,6.16667,0.0,5.16667,98,12.644,34.915,35.7164,-11.4804,466.4,0
2018-10-08,8,5.83333,0.0,5.16667,97,19.995,35.245,48.6507,-16.8379,520.8,0
2018-10-08,9,5.66667,0.0,5.33333,89,20.166,35.35,52.1863,-20.3735,497.25,0
2018-10-08,10,5.66667,0.0,6.0,86,17.902,30.055,46.4823,-25.9167,517.029,0
2018-10-08,11,5.66667,0.0,6.83333,75,17.378,31.02,35.7725,-27.4806,536.057,0
2018-10-08,12,5.66667,0.0,8.0,69,17.09,30.704,27.0093,-30.3452,555.429,0
2018-10-08,13,5.83333,0.0,9.33333,63,17.488,27.0067,16.2995,-31.9091,561.6,0
2018-10-08,14,6.0,0.0,10.6667,59,17.168,22.865,6.51353,-33.8556,561.6,0
2018-10-08,15,6.0,0.0,12.0,56,20.7117,25.784,-3.27241,-35.8022,561.6,0
2018-10-08,16,6.16667,0.0,13.0,56,22.14,20.9225,-11.1118,-39.0494,546.96,0
2018-10-08,17,6.5,0.0,13.6667,60,27.97,23.742,-15.7312,-44.136,501.84,0
2018-10-08,18,6.66667,0.0,14.0,71,32.775,32.82,-21.5628,-43.0572,517.0,0
2018-10-08,19,6.66667,0.0,13.6667,86,47.056,22.598,-19.9989,-45.2817,496.8,0
2018-10-08,20,6.66667,0.0,13.0,96,64.3725,18.0875,-21.9455,-43.9811,496.8,0
2018-10-08,21,6.83333,0.0,12.0,99,71.48,18.4367,-23.2461,-42.0345,496.8,0
2018-10-08,22,6.83333,0.0,10.8333,95,71.2867,17.91,-12.0034,-37.7918,477.0,0
2018-10-08,23,6.66667,0.0,9.83333,91,55.488,15.968,-0.76078,-33.5492,457.6,0
2018-10-09,0,6.66667,0.0,8.83333,92,61.37,11.325,-4.93186,-25.3271,454.629,0
2018-10-09,1,6.83333,0.0,8.16667,88,45.294,9.918,-11.399,-15.6484,469.05,0
2018-10-09,2,7.0,0.0,7.66667,87,49.1775,9.51667,-16.3488,-2.69861,472.457,0
2018-10-09,3,7.0,0.0,7.5,85,40.832,9.482,-18.6198,8.71832,457.6,0
2018-10-09,4,7.0,0.0,7.5,87,35.994,10.966,-19.3269,17.9107,438.6,0
2018-10-09,5,7.0,0.0,7.5,89,38.9275,9.714,-18.7334,25.1566,437.143,0
2018-10-09,6,6.83333,0.0,7.66667,93,41.51,12.1975,-30.6832,30.1064,437.143,0
2018-10-09,7,6.66667,0.0,7.83333,96,43.826,12.644,-41.9258,34.349,454.629,0
2018-10-09,8,6.5,0.0,8.0,93,42.94,19.995,-39.7013,35.9129,472.457,0
2018-10-09,9,6.16667,0.0,8.5,87,46.622,20.166,-37.4768,37.4768,490.629,0
2018-10-09,10,6.0,0.0,9.33333,84,38.282,17.902,-36.0626,36.0626,528.0,0
2018-10-09,11,5.66667,0.0,10.6667,72,24.874,17.378,-41.6059,38.3587,480.0,0
2018-10-09,12,5.66667,0.0,12.1667,64,21.812,17.09,-41.2755,35.3223,517.029,0
2018-10-09,13,5.66667,0.0,13.8333,61,22.095,17.488,-41.869,32.6686,536.057,0
2018-10-09,14,5.83333,0.0,15.6667,60,21.682,17.168,-42.4625,30.0149,555.429,0
2018-10-09,15,6.0,0.0,17.0,57,22.902,20.7117,-43.9799,27.7439,540.6,0
2018-10-09,16,5.83333,0.0,18.0,60,27.178,22.14,-33.7373,23.5013,540.6,0
2018-10-09,17,5.83333,0.0,18.1667,65,32.666,27.97,-34.114,17.3452,561.6,0
2018-10-09,18,5.83333,0.0,18.0,79,32.5567,32.775,-34.4907,11.1891,570.24,0
2018-10-09,19,5.83333,0.0,17.3333,93,65.0875,47.056,-36.4985,5.35752,561.6,0
2018-10-09,20,5.83333,0.0,16.3333,100,73.7125,64.3725,-24.9552,3.06144,546.96,0
2018-10-09,21,6.0,0.0,15.1667,100,75.1833,71.48,-13.3358,1.14804,520.0,0
2018-10-09,22,6.33333,0.0,13.8333,96,68.9633,71.2867,-14.2597,1.53072,499.8,0
2018-10-09,23,6.66667,0.0,12.8333,91,60.2325,55.488,-15.1836,1.9134,498.343,0
2018-10-10,0,6.83333,0.0,11.8333,90,57.4833,61.37,-15.1836,1.9134,480.0,0
2018-10-10,1,7.0,0.0,11.1667,88,46.405,45.294,-23.0313,6.50556,483.36,0
2018-10-10,2,7.0,0.0,10.6667,88,43.6067,49.1775,-24.8791,11.0977,457.6,0
2018-10-10,3,6.83333,0.0,10.1667,84,38.285,40.832,-25.803,16.0726,438.6,0
2018-10-10,4,6.83333,0.0,10.0,85,38.5575,35.994,-37.3462,18.3686,454.629,0
2018-10-10,5,6.83333,0.0,10.0,90,41.02,38.9275,-50.8134,21.0474,454.629,0
2018-10-10,6,6.66667,0.0,10.1667,96,54.62,41.51,-50.8134,21.0474,454.629,0
2018-10-10,7,6.5,0.0,10.3333,100,46.7625,43.826,-49.8895,20.6647,472.457,0
2018-10-10,8,6.33333,0.0,10.6667,100,40.53,42.94,-48.9656,20.282,490.629,0
2018-10-10,9,6.33333,0.0,11.5,92,47.652,46.622,-48.0418,19.8994,509.143,0
2018-10-10,10,6.16667,0.0,12.3333,81,41.754,38.282,-35.5746,17.2206,528.0,0
2018-10-10,11,6.16667,0.0,13.5,68,32.082,24.874,-29.5746,17.2206,480.0,0
2018-10-10,12,6.33333,0.0,14.8333,59,26.864,21.812,-24.0313,9.567,528.0,0
2018-10-10,13,6.83333,0.0,16.3333,54,27.625,22.095,-24.0313,4.20948,528.0,0
2018-10-10,14,7.5,0.0,17.8333,52,24.78,21.682,-23.9282,-4.83327,477.0,0
2018-10-10,15,8.0,0.0,19.0,51,25.802,22.902,-19.9127,-16.4965,451.0,0
2018-10-10,16,8.33333,0.0,19.8333,54,32.7033,27.178,-20.7334,-25.1566,395.2,0
2018-10-10,17,8.33333,0.0,20.1667,61,40.38,32.666,-32.3903,-30.8135,360.0,0
2018-10-10,18,8.33333,0.0,20.0,84,32.73,32.5567,-43.34,-35.7632,360.0,0
2018-10-10,19,8.0,0.0,19.3333,93,44.126,65.0875,-41.8227,-38.0343,360.0,0
2018-10-10,20,7.5,0.0,18.3333,98,48.8075,73.7125,-41.8227,-38.0343,388.267,0
2018-10-10,21,7.16667,0.0,17.1667,96,44.18,75.1833,-41.9258,-34.349,429.0,0
2018-10-10,22,7.0,0.0,16.0,89,51.1067,68.9633,-27.8547,-27.2779,463.6,0
2018-10-10,23,7.0,0.0,14.6667,84,48.71,60.2325,-20.8547,-27.2779,420.0,0
2018-10-11,0,7.0,0.0,13.5,85,46.1525,57.4833,-7.49074,-20.9139,436.05,0
2018-10-11,1,7.0,0.0,12.6667,87,35.946,46.405,5.16614,-15.2571,437.143,0
2018-10-11,2,7.0,0.0,12.0,89,34.8,43.6067,17.1159,-10.3073,437.143,0
2018-10-11,3,7.0,0.0,11.5,87,34.715,38.285,29.0657,-5.35752,437.143,0
2018-10-11,4,7.0,0.0,11.1667,86,38.858,38.5575,42.5328,-2.67876,437.143,0
2018-10-11,5,7.0,0.0,10.8333,90,38.068,41.02,56.0,0.0,437.143,0
2018-10-11,6,7.0,0.0,10.8333,90,34.2025,54.62,56.0,0.0,437.143,0
2018-10-11,7,7.16667,0.0,10.8333,94,34.0533,46.7625,56.0,0.0,437.143,0
2018-10-11,8,7.16667,0.0,11.0,92,36.9025,40.53,57.0,0.0,420.0,0
2018-10-11,9,7.5,0.0,11.3333,83,36.962,47.652,57.0,0.0,420.0,0
2018-10-11,10,8.16667,0.0,12.0,73,31.438,41.754,52.0,0.0,443.143,0
2018-10-11,11,9.0,0.0,13.1667,62,30.28,32.082,56.0,0.0,375.943,0
2018-10-11,12,10.0,0.0,14.5,55,26.392,26.864,54.0,0.0,345.257,0
2018-10-11,13,10.8333,0.0,16.0,50,23.75,27.625,26.9896,-4.97484,311.143,0
2018-10-11,14,11.8333,0.0,17.5,49,23.734,24.78,7.97912,-9.94968,251.6,0
2018-10-11,15,12.3333,0.0,18.6667,48,22.792,25.802,-24.0313,-14.9245,286.7,0
2018-10-11,16,12.1667,0.0,19.5,50,23.944,32.7033,-47.1179,-19.5167,291.877,0
2018-10-11,17,11.6667,0.0,20.0,52,25.324,40.38,-56.3567,-23.3435,259.2,0
2018-10-11,18,11.0,0.0,19.8333,65,27.735,32.73,-52.6612,-21.8128,299.815,0
2018-10-11,19,10.1667,0.0,19.3333,72,25.652,44.126,-48.9656,-20.282,343.385,0
2018-10-11,20,9.33333,0.0,18.3333,78,26.434,48.8075,-40.9656,-20.282,321.6,0
2018-10-11,21,8.66667,0.0,17.3333,78,26.04,44.18,-20.9552,-15.3072,369.6,0
2018-10-11,22,8.5,0.0,16.3333,76,23.59,51.1067,-1.86864,-10.715,403.68,0
2018-10-11,23,8.5,0.0,15.1667,74,22.638,48.71,16.3702,-6.88824,409.867,0
2018-10-12,0,8.5,0.0,14.1667,75,23.0225,46.1525,33.6851,-3.44412,409.867,0
2018-10-12,1,8.66667,0.0,13.3333,74,23.008,35.946,51.0,0.0,401.85,0
2018-10-12,2,9.0,0.0,12.8333,74,25.875,34.8,52.0,0.0,386.4,0
2018-10-12,3,9.5,0.0,12.5,71,27.42,34.715,54.0,0.0,356.4,0
2018-10-12,4,9.83333,0.0,12.1667,72,28.0467,38.858,57.0,0.0,325.867,0
2018-10-12,5,10.3333,0.0,12.0,72,35.556,38.068,59.0,0.0,300.0,0
2018-10-12,6,11.0,0.0,11.8333,73,35.508,34.2025,53.0,0.0,313.6,0
2018-10-12,7,11.6667,0.0,11.8333,77,37.1,34.0533,57.0,0.0,273.48,0
2018-10-12,8,12.0,0.0,11.8333,77,41.9425,36.9025,34.9896,4.97484,250.364,0
2018-10-12,9,12.5,0.0,12.1667,73,41.96,36.962,12.903,9.567,240.0,0
2018-10-12,10,13.6667,0.0,12.6667,69,39.334,31.438,-23.0313,14.9245,281.538,0
2018-10-12,11,15.1667,0.0,13.5,60,37.502,30.28,-52.6612,21.8128,232.615,0
2018-10-12,12,16.5,0.0,14.6667,54,32.89,26.392,-48.9656,20.282,203.914,0
2018-10-12,13,17.6667,0.0,15.8333,49,30.716,23.75,-55.4328,22.9608,170.133,0
2018-10-12,14,18.6667,0.0,17.1667,48,30.76,23.734,-57.2806,23.7262,171.943,0
2018-10-12,15,19.0,0.0,18.0,49,33.248,22.792,-54.5089,22.5781,191.314,0
2018-10-12,16,18.1667,0.0,18.6667,52,32.192,23.944,-49.8895,20.6647,221.76,0
2018-10-12,17,16.6667,0.0,19.0,54,36.006,25.324,-61.9,25.6396,200.34,0
2018-10-12,18,15.0,0.0,19.0,68,46.905,27.735,-54.5089,22.5781,247.8,0
2018-10-12,19,13.5,0.0,18.5,73,43.6125,25.652,-48.0418,19.8994,297.6,0
2018-10-12,20,12.1667,0.0,17.6667,76,41.944,26.434,-58.2044,24.1088,266.325,0
2018-10-12,21,11.1667,0.0,16.8333,75,45.0975,26.04,-52.6612,21.8128,299.815,0
2018-10-12,22,10.8333,0.0,15.8333,75,41.42,23.59,-49.8895,20.6647,324.8,0
2018-10-12,23,10.6667,0.0,14.6667,74,39.246,22.638,-48.9656,20.282,329.018,0
2018-10-13,0,10.5,0.0,13.6667,76,35.07,23.0225,-48.9656,20.282,329.018,1
2018-10-13,1,10.3333,0.0,12.8333,77,34.9025,23.008,-48.0418,19.8994,334.08,1
2018-10-13,2,10.3333,0.0,12.1667,78,33.0333,25.875,-48.0418,19.8994,334.08,1
2018-10-13,3,10.1667,0.0,11.6667,76,36.3625,27.42,-48.0418,19.8994,341.127,1
2018-10-13,4,9.83333,0.0,11.3333,77,37.82,28.0467,-56.3567,23.3435,300.0,1
2018-10-13,5,9.5,0.0,11.0,79,37.8175,35.556,-54.5089,22.5781,323.345,1
2018-10-13,6,9.33333,0.0,10.5,84,39.826,35.508,-52.6612,21.8128,337.08,1
2018-10-13,7,9.16667,0.0,10.3333,88,36.74,37.1,-51.7373,21.4301,349.92,1
2018-10-13,8,8.83333,0.0,10.3333,89,35.15,41.9425,-50.8134,21.0474,363.0,1
2018-10-13,9,8.83333,0.0,10.6667,82,36.7383,41.96,-48.9656,20.282,380.8,1
2018-10-13,10,9.0,0.0,11.1667,70,36.218,39.334,-48.9656,20.282,380.8,1
2018-10-13,11,9.33333,0.0,12.3333,60,34.612,37.502,-49.8895,20.6647,366.667,1
2018-10-13,12,9.83333,0.0,13.8333,53,31.7525,32.89,-51.7373,21.4301,339.2,1
2018-10-13,13,10.3333,0.0,15.3333,49,29.435,30.716,-54.5089,22.5781,300.0,1
2018-10-13,14,11.0,0.0,16.8333,49,28.6325,30.76,-26.803,16.0726,300.667,1
2018-10-13,15,11.3333,0.0,18.0,47,29.134,33.248,-6.48804,12.6284,273.48,1
2018-10-13,16,11.1667,0.0,18.8333,49,30.382,32.192,13.7508,8.80164,271.745,1
2018-10-13,17,10.6667,0.0,19.1667,55,33.318,36.006,32.9134,4.59216,302.4,1
2018-10-13,18,10.0,0.0,19.1667,73,41.1675,46.905,52.0,0.0,348.0,1
2018-10-13,19,9.16667,0.0,18.6667,79,39.846,43.6125,60.0,0.0,322.4,1
2018-10-13,20,8.33333,0.0,17.6667,82,38.714,41.944,55.0,0.0,381.9,1
2018-10-13,21,7.66667,0.0,16.5,80,38.075,45.0975,48.5328,2.67876,360.0,1
2018-10-13,22,7.33333,0.0,15.3333,76,34.82,41.42,43.5328,2.67876,412.364,1
2018-10-13,23,7.33333,0.0,14.0,72,28.74,39.246,39.5328,2.67876,448.0,1
2018-10-14,0,7.33333,0.0,12.6667,74,29.68,35.07,38.5328,2.67876,453.6,1
2018-10-14,1,7.66667,0.0,11.6667,72,31.81,34.9025,38.5328,2.67876,453.6,1
2018-10-14,2,8.0,0.0,11.0,73,29.042,33.0333,39.5328,2.67876,425.829,1
2018-10-14,3,8.5,0.0,10.6667,69,26.4475,36.3625,41.5328,2.67876,392.229,1
2018-10-14,4,9.16667,0.0,10.6667,69,29.786,37.82,51.0,0.0,393.6,1
2018-10-14,5,9.66667,0.0,10.8333,70,27.596,37.8175,55.0,0.0,341.85,1
2018-10-14,6,10.3333,0.0,11.1667,73,28.884,39.826,58.0,0.0,300.0,1
2018-10-14,7,11.0,0.0,11.5,76,28.402,36.74,53.0,0.0,313.6,1
2018-10-14,8,11.6667,0.0,12.0,75,26.924,35.15,57.0,0.0,273.48,1
2018-10-14,9,12.5,0.0,12.5,70,24.5675,36.7383,60.0,0.0,250.364,1
2018-10-14,10,13.5,0.0,13.0,64,26.7625,36.218,53.0,0.0,265.5,1
2018-10-14,11,14.8333,0.0,13.8333,56,25.2925,34.612,58.0,0.0,223.385,1
2018-10-14,12,16.3333,0.0,14.8333,50,25.36,31.7525,51.0,0.0,225.28,1
2018-10-14,13,17.6667,0.0,16.0,46,22.94,29.435,57.0,0.0,186.353,1
2018-10-14,14,18.8333,0.0,17.1667,45,22.708,28.6325,61.0,0.0,168.505,1
2018-10-14,15,19.3333,0.0,18.0,45,23.0467,29.134,62.0,0.0,171.943,1
2018-10-14,16,19.1667,0.0,18.6667,48,23.172,30.382,59.0,0.0,191.314,1
2018-10-14,17,18.3333,0.0,18.6667,51,23.965,33.318,54.0,0.0,221.76,1
2018-10-14,18,17.0,0.0,18.3333,54,24.29,41.1675,68.0,0.0,193.44,1
2018-10-14,19,15.5,0.0,17.6667,51,25.222,39.846,61.0,0.0,231.8,1
2018-10-14,20,14.0,0.0,16.6667,49,30.71,38.714,55.0,0.0,269.925,1
2018-10-14,21,13.0,0.0,15.6667,46,19.0433,38.075,66.0,0.0,240.0,1
2018-10-14,22,12.5,0.0,14.6667,46,26.186,34.82,62.0,0.0,258.514,1
2018-10-14,23,12.5,0.0,13.8333,46,21.394,28.74,61.0,0.0,259.2,1
2018-10-15,0,12.6667,0.0,13.1667,48,21.05,29.68,62.0,0.0,240.0,0
2018-10-15,1,13.1667,0.0,12.6667,50,21.7225,31.81,53.0,0.0,265.5,0
2018-10-15,2,13.8333,0.0,12.3333,51,22.315,29.042,56.0,0.0,242.031,0
2018-10-15,3,14.1667,0.0,12.1667,51,22.17,26.4475,58.0,0.0,230.4,0
2018-10-15,4,14.3333,0.0,12.0,51,23.1625,29.786,58.0,0.0,230.4,0
2018-10-15,5,14.3333,0.0,12.0,51,26.982,27.596,58.0,0.0,237.12,0
2018-10-15,6,14.3333,0.0,11.8333,52,25.668,28.884,57.0,0.0,245.92,0
2018-10-15,7,14.1667,0.0,11.6667,52,26.378,28.402,29.0657,5.35752,248.571,0
2018-10-15,8,14.0,0.0,11.5,53,34.776,26.924,2.13136,10.715,248.571,0
2018-10-15,9,14.1667,0.0,11.6667,51,26.725,24.5675,-24.803,16.0726,248.571,0
2018-10-15,10,15.1667,0.0,12.0,45,21.762,26.7625,-52.6612,21.8128,239.4,0
2018-10-15,11,16.5,0.0,12.6667,41,19.005,25.2925,-58.2044,24.1088,187.971,0
2018-10-15,12,18.0,0.0,13.6667,38,19.008,25.36,-52.6612,21.8128,176.32,0
2018-10-15,13,19.5,0.0,14.8333,37,19.865,22.94,-60.0522,24.8742,148.5,0
2018-10-15,14,20.6667,0.0,16.1667,38,19.938,22.708,-18.5746,17.2206,141.382,0
2018-10-15,15,21.3333,0.0,17.1667,40,16.4175,23.0467,22.7508,8.80164,151.93,0
2018-10-15,16,20.6667,0.0,17.8333,42,22.675,23.172,63.0,0.0,175.304,0
2018-10-15,17,19.3333,0.0,18.0,45,22.2517,23.965,56.0,0.0,211.714,0
2018-10-15,18,17.6667,0.0,17.8333,48,27.4733,24.29,70.0,0.0,186.514,0
2018-10-15,19,15.6667,0.0,17.3333,51,28.9,25.222,62.0,0.0,230.4,0
2018-10-15,20,14.0,0.0,16.5,53,35.2975,30.71,54.0,0.0,279.0,0
2018-10-15,21,12.6667,0.0,15.6667,52,27.0475,19.0433,65.0,0.0,248.625,0
2018-10-15,22,11.8333,0.0,14.8333,52,21.35,26.186,60.0,0.0,277.714,0
2018-10-15,23,11.3333,0.0,14.0,50,26.092,21.394,57.0,0.0,299.815,0
2018-10-16,0,11.0,0.0,13.3333,50,27.045,21.05,55.0,0.0,305.455,0
2018-10-16,1,11.0,0.0,12.8333,50,26.0975,21.7225,55.0,0.0,305.455,0
2018-10-16,2,11.0,0.0,12.5,51,19.86,22.315,55.0,0.0,305.455,0
2018-10-16,3,11.0,0.0,12.1667,51,24.4675,22.17,33.8373,4.20948,305.455,0
2018-10-16,4,11.0,0.0,11.8333,53,27.2,23.1625,12.6746,8.41896,305.455,0
2018-10-16,5,11.0,0.0,11.6667,54,31.205,26.982,-8.48804,12.6284,305.455,0
2018-10-16,6,11.0,0.0,11.5,56,31.326,25.668,-29.6507,16.8379,305.455,0
2018-10-16,7,10.8333,0.0,11.1667,58,31.7625,26.378,-50.8134,21.0474,305.455,0
2018-10-16,8,10.6667,0.0,11.0,60,29.874,34.776,-49.8895,20.6647,317.127,0
2018-10-16,9,10.6667,0.0,11.0,57,31.5675,26.725,-48.9656,20.282,329.018,0
2018-10-16,10,11.1667,0.0,11.5,54,30.292,21.762,-48.9656,20.282,329.018,0
2018-10-16,11,12.0,0.0,12.1667,48,31.2925,19.005,-51.7373,21.4301,294.0,0
2018-10-16,12,13.0,0.0,13.0,45,27.368,19.008,-47.1179,19.5167,276.12,0
2018-10-16,13,14.0,0.0,14.1667,44,27.666,19.865,-20.8791,15.6899,208.145,0
2018-10-16,14,15.0,0.0,15.3333,45,25.59,19.938,5.2836,11.4804,187.971,0
2018-10-16,15,15.5,0.0,16.3333,47,28.2125,16.4175,34.2179,6.12288,187.425,0
2018-10-16,16,15.0,0.0,16.8333,50,33.02,22.675,63.0,0.0,209.647,0
2018-10-16,17,14.0,0.0,17.1667,56,30.988,22.2517,57.0,0.0,252.225,0
2018-10-16,18,12.8333,0.0,17.1667,69,38.5933,27.4733,51.0,0.0,307.125,0
2018-10-16,19,11.6667,0.0,16.8333,72,42.6925,28.9,61.0,0.0,284.625,0
2018-10-16,20,10.5,0.0,16.0,73,43.395,35.2975,36.6851,3.44412,339.429,0
2018-10-16,21,9.66667,0.0,15.1667,71,39.57,27.0475,28.3702,6.88824,310.371,0
2018-10-16,22,9.33333,0.0,14.3333,68,31.6733,21.35,6.05524,10.3324,335.345,0
2018-10-16,23,9.16667,0.0,13.3333,66,30.7775,26.092,-13.2597,13.7765,349.92,0
2018-10-17,0,9.0,0.0,12.3333,68,29.5333,27.045,-31.5746,17.2206,363.0,0
2018-10-17,1,8.83333,0.0,11.5,70,32.585,26.0975,-49.8895,20.6647,366.667,0
2018-10-17,2,8.5,0.0,11.0,72,28.93,19.86,-48.9656,20.282,380.8,0
2018-10-17,3,8.16667,0.0,10.5,69,30.9875,24.4675,-47.1179,19.5167,409.867,0
2018-10-17,4,7.83333,0.0,10.1667,70,31.9625,27.2,-53.585,22.1954,374.0,0
2018-10-17,5,7.5,0.0,10.0,71,30.28,31.205,-51.7373,21.4301,402.8,0
2018-10-17,6,7.16667,0.0,10.0,75,33.5775,31.326,-49.8895,20.6647,432.667,0
2018-10-17,7,7.0,0.0,9.83333,78,40.9925,31.7625,-48.0418,19.8994,463.6,0
2018-10-17,8,7.0,0.0,9.83333,80,47.714,29.874,-54.5089,22.5781,420.0,0
2018-10-17,9,7.0,0.0,10.0,74,42.53,31.5675,-52.6612,21.8128,436.05,0
2018-10-17,10,7.16667,0.0,10.5,67,36.5067,30.292,-51.7373,21.4301,437.143,0
2018-10-17,11,7.5,0.0,11.3333,58,35.606,31.2925,-52.6612,21.8128,420.0,0
2018-10-17,12,8.0,0.0,12.3333,52,34.465,27.368,-30.7268,16.4552,443.143,0
2018-10-17,13,8.66667,0.0,13.6667,50,34.74,27.666,-14.2597,13.7765,392.229,0
2018-10-17,14,9.33333,0.0,15.0,51,33.548,25.59,9.67464,8.41896,377.143,0
2018-10-17,15,9.83333,0.0,16.1667,51,36.228,28.2125,27.1418,5.7402,314.743,0
2018-10-17,16,10.0,0.0,16.8333,53,42.202,33.02,51.0,0.0,340.267,0
2018-10-17,17,9.83333,0.0,17.0,58,49.855,30.988,51.0,0.0,346.92,0
2018-10-17,18,9.33333,0.0,16.8333,78,49.96,38.5933,43.609,3.06144,312.12,0
2018-10-17,19,8.66667,0.0,16.3333,82,60.9575,42.6925,27.1418,5.7402,360.0,0
2018-10-17,20,8.0,0.0,15.5,88,65.5825,43.395,9.67464,8.41896,411.927,0
2018-10-17,21,7.5,0.0,14.5,88,67.6567,39.57,3.20748,11.0977,385.745,0
2018-10-17,22,7.16667,0.0,13.5,84,60.7233,31.6733,-14.2597,13.7765,429.0,0
2018-10-17,23,7.0,0.0,12.5,80,51.395,30.7775,-30.7268,16.4552,463.6,0
2018-10-18,0,7.0,0.0,11.6667,81,51.2067,29.5333,-37.194,19.134,420.0,0
2018-10-18,1,7.0,0.0,10.8333,82,46.0725,32.585,-52.6612,21.8128,436.05,0
2018-10-18,2,7.0,0.0,10.1667,84,46.66,28.93,-51.7373,21.4301,437.143,0
2018-10-18,3,7.0,0.0,9.83333,80,49.18,30.9875,-50.2199,23.7011,437.143,0
2018-10-18,4,7.0,0.0,9.5,81,50.935,31.9625,-48.7025,25.9721,437.143,0
2018-10-18,5,6.83333,0.0,9.33333,82,53.04,30.28,-47.1851,28.2431,437.143,0
2018-10-18,6,6.66667,0.0,9.16667,85,49.3567,33.5775,-44.9606,29.807,454.629,0
2018-10-18,7,6.5,0.0,9.0,90,39.11,40.9925,-42.7361,31.3709,472.457,0
2018-10-18,8,6.33333,0.0,9.0,92,36.44,47.714,-40.5116,32.9348,490.629,0
2018-10-18,9,6.16667,0.0,9.16667,85,70.5075,42.53,-38.2871,34.4987,509.143,0
2018-10-18,10,5.83333,0.0,9.66667,75,62.8875,36.5067,-34.116,37.3632,528.0,0
2018-10-18,11,5.66667,0.0,10.6667,63,50.87,35.606,-36.0294,41.9826,498.343,0
2018-10-18,12,5.66667,0.0,11.8333,56,39.315,34.465,-27.5441,41.6523,536.057,0
2018-10-18,13,5.66667,0.0,13.3333,53,40.23,34.74,-18.3517,40.9451,555.429,0
2018-10-18,14,5.66667,0.0,14.6667,53,41.738,33.548,-7.85863,38.2915,561.6,0
2018-10-18,15,5.83333,0.0,15.6667,54,47.162,36.228,1.92731,36.3449,561.6,0
2018-10-18,16,6.16667,0.0,16.3333,58,51.144,42.202,13.17,32.1022,540.6,0
2018-10-18,17,6.5,0.0,16.3333,63,66.175,49.855,24.4126,27.8596,520.0,0
2018-10-18,18,6.66667,0.0,16.0,73,52.7533,49.96,35.1224,20.9381,499.8,0
2018-10-18,19,6.66667,0.0,15.1667,84,77.6575,60.9575,46.3319,10.7755,505.44,0
2018-10-18,20,6.66667,0.0,14.1667,89,81.0125,65.5825,48.3397,8.45214,496.8,0
2018-10-18,21,6.5,0.0,13.1667,91,72.756,67.6567,48.3397,8.45214,496.8,0
2018-10-18,22,6.33333,0.0,12.1667,90,79.0367,60.7233,47.039,10.3987,496.8,0
2018-10-18,23,6.16667,0.0,11.1667,89,74.7867,51.395,45.7384,13.6459,509.143,0
2018-10-19,0,6.0,0.0,10.3333,90,66.655,51.2067,42.9811,19.1892,528.0,0
2018-10-19,1,6.0,0.0,9.83333,93,68.4033,46.0725,47.2237,23.4319,480.0,0
2018-10-19,2,6.0,0.0,9.33333,94,66.3067,46.66,44.4664,27.6745,498.343,0
2018-10-19,3,6.16667,0.0,9.0,94,64.5025,49.18,42.2419,34.5959,517.029,0
2018-10-19,4,6.33333,0.0,8.66667,98,75.84,50.935,40.1917,39.5457,499.8,0
2018-10-19,5,6.5,0.0,8.5,100,88.31,53.04,39.5982,42.1994,480.0,0
2018-10-19,6,6.66667,0.0,8.33333,100,87.07,49.3567,36.0626,38.6638,517.0,0
2018-10-19,7,6.83333,0.0,8.16667,97,60.925,39.11,36.7697,38.0703,496.8,0
2018-10-19,8,6.83333,0.51,8.16667,99,60.095,36.44,37.4768,37.4768,477.0,0
2018-10-19,9,6.66667,0.51,8.16667,97,64.9825,70.5075,37.4768,37.4768,477.0,0
2018-10-19,10,6.66667,0.51,8.33333,90,56.205,62.8875,38.7775,35.5303,477.0,0
2018-10-19,11,6.83333,0.51,8.66667,83,47.074,50.87,41.0019,33.9664,472.457,0
2018-10-19,12,7.0,0.51,9.16667,78,43.006,39.315,43.4432,32.078,454.629,0
2018-10-19,13,7.16667,0.51,9.66667,75,44.878,40.23,45.8845,30.1897,437.143,0
2018-10-19,14,7.5,0.0,10.3333,72,42.76,41.738,48.3258,28.3014,420.0,0
2018-10-19,15,7.66667,0.0,10.8333,72,45.742,47.162,45.8173,21.4633,451.0,0
2018-10-19,16,7.66667,0.23,11.5,74,53.15,51.144,48.0418,19.8994,432.0,0
2018-10-19,17,7.5,0.23,12.0,76,51.1525,66.175,48.9656,20.282,425.829,0
2018-10-19,18,7.16667,0.23,12.0,85,52.0233,52.7533,48.9656,20.282,437.25,0
2018-10-19,19,6.5,0.23,11.8333,95,69.67,77.6575,47.1179,19.5167,470.25,0
2018-10-19,20,5.83333,0.74,11.3333,98,74.6125,81.0125,50.8134,21.0474,469.05,0
2018-10-19,21,5.33333,0.74,10.8333,100,76.9533,72.756,46.2508,20.8144,538.65,0
2018-10-19,22,5.0,0.51,10.1667,100,60.5225,79.0367,49.0792,23.6428,532.65,0
2018-10-19,23,4.66667,0.51,9.5,100,52.9825,74.7867,45.2237,24.1169,588.0,0
2018-10-20,0,4.5,0.51,9.16667,98,44.5275,66.655,48.7593,27.6525,558.45,1
2018-10-20,1,4.66667,0.51,9.0,95,42.53,68.4033,44.9038,28.1266,599.657,1
2018-10-20,2,4.83333,0.0,9.0,95,33.1325,66.3067,41.9722,30.0672,641.143,1
2018-10-20,3,5.16667,0.0,8.83333,96,29.155,64.5025,45.5077,34.6866,600.0,1
2018-10-20,4,5.33333,0.25,8.66667,98,23.8775,75.84,43.2832,37.5512,620.743,1
2018-10-20,5,5.5,0.25,8.5,98,22.845,88.31,41.0588,39.1151,622.2,1
2018-10-20,6,5.66667,0.25,8.33333,99,21.3825,87.07,36.0626,39.5309,620.1,1
2018-10-20,7,5.83333,0.25,8.16667,99,19.98,60.925,37.4768,40.9451,566.1,1
2018-10-20,8,6.0,0.25,7.83333,100,18.87,60.095,38.891,42.3594,540.0,1
2018-10-20,9,6.16667,0.25,7.83333,96,22.0475,64.9825,36.0626,39.5309,570.24,1
2018-10-20,10,6.66667,0.0,8.0,85,21.954,56.205,38.9942,38.6741,524.16,1
2018-10-20,11,7.33333,0.0,8.16667,78,15.506,47.074,38.2871,35.7993,496.8,1
2018-10-20,12,8.16667,0.0,8.5,75,16.2,43.006,41.1156,37.3271,420.0,1
2018-10-20,13,9.16667,0.0,9.0,64,14.976,44.878,40.4084,36.62,377.4,1
2018-10-20,14,10.1667,0.0,9.66667,58,16.705,42.76,40.4084,36.62,316.2,1
2018-10-20,15,11.1667,0.0,10.0,56,18.652,45.742,38.1839,38.1839,300.667,1
2018-10-20,16,12.1667,0.0,10.0,57,16.194,53.15,41.0124,41.0124,262.08,1
2018-10-20,17,13.1667,0.0,9.83333,59,16.518,51.1525,40.0213,31.9033,276.0,1
2018-10-20,18,13.8333,0.0,9.33333,63,18.4575,52.0233,46.318,29.5408,235.2,1
2018-10-20,19,13.6667,0.0,8.5,66,26.644,69.67,51.6909,26.7957,214.338,1
2018-10-20,20,13.3333,0.0,7.5,69,19.558,74.6125,52.6612,21.8128,245.92,1
2018-10-20,21,12.6667,0.0,6.66667,69,18.98,76.9533,48.0418,19.8994,297.6,1
2018-10-20,22,11.6667,0.51,6.0,68,24.5133,60.5225,56.3567,23.3435,284.625,1
2018-10-20,23,10.3333,0.51,5.33333,67,19.4083,52.9825,47.9386,23.5846,346.48,1
2018-10-21,0,9.0,0.51,4.83333,66,24.075,44.5275,53.5955,29.2415,330.72,1
2018-10-21,1,8.33333,0.51,4.66667,65,17.806,42.53,44.687,28.451,385.527,1
2018-10-21,2,7.83333,0.51,4.66667,66,17.245,33.1325,49.6368,33.4008,360.0,1
2018-10-21,3,7.5,0.51,4.66667,71,17.1675,29.155,44.4239,34.1411,400.68,1
2018-10-21,4,7.16667,0.0,4.5,73,17.566,23.8775,40.1349,35.2641,432.667,1
2018-10-21,5,7.0,0.0,4.5,74,17.92,22.845,36.7697,36.7697,463.6,1
2018-10-21,6,6.83333,0.56,4.5,75,19.986,21.3825,41.7195,41.7195,420.0,1
2018-10-21,7,6.66667,0.56,4.16667,77,21.5975,19.98,39.5982,39.5982,452.4,1
2018-10-21,8,6.5,0.56,4.0,79,23.146,18.87,39.4846,36.2374,472.457,1
2018-10-21,9,6.33333,1.04,4.0,81,26.4725,22.0475,40.0781,33.5837,490.629,1
2018-10-21,10,6.33333,1.04,4.5,90,22.852,21.954,40.6716,30.93,509.143,1
2018-10-21,11,6.33333,1.52,5.16667,82,25.85,15.506,42.7218,25.9802,509.143,1
2018-10-21,12,6.5,0.96,6.0,76,23.82,16.2,44.772,21.0304,509.143,1
2018-10-21,13,6.66667,0.96,7.0,71,23.445,14.976,46.8223,16.0807,509.143,1
2018-10-21,14,6.83333,0.96,8.0,68,23.422,16.705,48.3397,8.45214,496.8,1
2018-10-21,15,7.0,0.48,8.83333,66,27.9,18.652,50.5642,1.53072,477.0,1
2018-10-21,16,7.0,0.48,9.33333,65,36.4075,16.194,51.488,-3.44412,457.6,1
2018-10-21,17,7.0,0.0,9.5,65,42.6925,16.518,50.8945,-10.69,438.6,1
2018-10-21,18,6.83333,0.0,9.16667,77,43.58,18.4575,48.03,-19.4532,437.143,1
2018-10-21,19,6.66667,0.0,8.66667,86,79.3625,26.644,43.3261,-24.9965,454.629,1
2018-10-21,20,6.33333,0.0,7.83333,94,84.8775,19.558,32.0834,-29.2391,472.457,1
2018-10-21,21,6.0,0.0,6.83333,98,84.465,18.98,30.0834,-29.2391,509.143,1
2018-10-21,22,5.5,0.0,5.83333,98,85.17,24.5133,35.0834,-29.2391,480.0,1
2018-10-21,23,5.0,0.0,4.83333,98,71.65,19.4083,24.9207,-25.0297,536.057,1
2018-10-22,0,4.83333,0.0,4.16667,98,78.4533,24.075,15.6251,-19.5225,595.2,0
2018-10-22,1,4.66667,0.0,3.66667,95,58.47,17.806,12.0896,-15.9869,559.543,0
2018-10-22,2,4.83333,0.0,3.16667,96,61.2467,17.245,2.08689,-9.77261,599.657,0
2018-10-22,3,5.0,0.0,3.0,92,48.8325,17.1675,-7.10554,-0.58018,620.229,0
2018-10-22,4,5.5,0.0,2.66667,91,41.82,17.566,-14.027,10.1296,626.4,0
2018-10-22,5,6.0,0.0,2.5,91,46.9625,17.92,-21.2728,20.6227,604.2,0
2018-10-22,6,6.33333,0.0,2.16667,96,53.565,19.986,-21.9799,29.8151,563.04,0
2018-10-22,7,6.5,0.0,2.0,100,51.66,21.5975,-36.9297,34.7649,556.5,0
2018-10-22,8,6.5,0.0,2.16667,100,61.02,23.146,-37.4768,37.4768,504.9,0
2018-10-22,9,6.33333,0.0,2.33333,98,52.755,26.4725,-36.9445,40.1917,480.0,0
2018-10-22,10,6.0,0.0,3.16667,76,51.9225,22.852,-35.3223,41.2755,480.0,0
2018-10-22,11,5.66667,0.0,4.33333,62,43.416,25.85,-33.7002,42.3594,499.8,0
2018-10-22,12,5.5,0.0,6.0,52,23.86,23.82,-31.3709,42.7361,520.0,0
2018-10-22,13,5.83333,0.0,7.66667,47,19.645,23.445,-27.1283,44.4935,536.057,0
2018-10-22,14,6.33333,0.0,9.33333,46,21.9567,23.422,-16.5216,46.9347,517.029,0
2018-10-22,15,6.83333,0.0,10.8333,46,19.736,27.9,-5.20784,50.2999,480.0,0
2018-10-22,16,7.33333,0.0,11.6667,51,21.816,36.4075,9.64147,46.7643,496.8,0
2018-10-22,17,7.83333,0.0,11.8333,59,24.4883,42.6925,17.5944,46.8779,440.64,0
2018-10-22,18,8.33333,0.48,11.6667,83,38.085,43.58,27.0781,43.296,419.76,0
2018-10-22,19,8.5,0.48,11.1667,88,27.1025,79.3625,35.3555,45.0406,360.0,0
2018-10-22,20,8.5,1.19,10.3333,94,19.854,84.8775,36.0626,38.0135,409.867,0
2018-10-22,21,8.83333,1.19,9.33333,93,12.4475,84.465,36.0626,36.0626,401.85,0
2018-10-22,22,9.16667,1.19,8.33333,90,12.4633,85.17,39.6445,34.2325,371.25,0
2018-10-22,23,9.66667,1.19,7.5,87,15.6167,71.65,43.2264,32.4025,341.85,0
2018-10-23,0,9.83333,0.71,6.66667,88,15.9375,78.4533,47.7323,30.955,312.8,0
2018-10-23,1,9.66667,0.71,5.83333,91,16.2367,58.47,50.6071,28.4179,300.0,0
2018-10-23,2,9.33333,0.0,5.0,92,18.3733,61.2467,51.6341,25.1153,312.8,0
2018-10-23,3,8.83333,0.0,4.33333,90,19.4675,48.8325,50.2199,23.7011,349.92,0
2018-10-23,4,8.33333,0.0,3.83333,90,21.22,41.82,45.9309,26.3414,389.88,0
2018-10-23,5,7.66667,0.0,3.33333,90,17.114,46.9625,45.9309,33.3414,360.0,0
2018-10-23,6,7.33333,0.0,2.83333,90,19.58,53.565,34.0133,35.9818,412.364,0
2018-10-23,7,7.83333,0.0,2.5,91,17.608,51.66,20.7892,39.1634,443.52,0
2018-10-23,8,9.16667,1.14,2.5,87,21.386,61.02,3.77217,43.1148,405.45,0
2018-10-23,9,11.0,1.14,2.5,84,38.455,52.755,-8.56864,50.1036,329.829,0
2018-10-23,10,13.1667,1.6,2.83333,84,31.504,51.9225,-10.8397,48.1693,252.0,0
2018-10-23,11,16.1667,1.6,3.5,75,32.8375,43.416,0.0,53.0,208.32,0
2018-10-23,12,19.8333,2.06,4.33333,71,27.188,23.86,0.0,63.0,150.333,0
2018-10-23,13,23.3333,4.07,5.16667,74,33.23,19.645,0.0,55.0,151.2,0
2018-10-23,14,25.3333,2.93,6.0,75,26.6975,21.9567,0.0,62.0,130.56,0
2018-10-23,15,27.1667,2.93,6.66667,74,23.6575,19.736,-10.3324,56.9448,150.562,0
2018-10-23,16,29.1667,4.48,7.0,78,27.52,21.816,-21.4301,51.7373,151.467,0
2018-10-23,17,30.5,4.48,7.16667,88,25.045,24.4883,-23.3435,56.3567,132.248,0
2018-10-23,18,31.5,4.02,7.33333,87,33.7833,38.085,-24.8742,60.0522,123.113,0
2018-10-23,19,32.6667,2.01,7.5,85,21.3375,27.1025,-26.4049,63.7477,109.382,0
2018-10-23,20,35.1667,2.75,7.66667,84,11.6325,19.854,-28.701,69.291,95.5667,0
2018-10-23,21,37.8333,2.75,8.0,86,5.61667,12.4475,-30.9971,74.8343,83.8769,0
2018-10-23,22,40.5,1.48,8.33333,89,5.85333,12.4633,-33.2932,80.3776,73.8571,0
2018-10-23,23,43.1667,2.22,8.66667,90,2.89333,15.6167,-35.5892,85.9208,65.1733,0
2018-10-24,0,45.3333,2.22,8.83333,90,6.0175,15.9375,-18.3686,93.3462,62.475,0
2018-10-24,1,47.0,4.73,9.0,90,0.953333,16.2367,0.0,98.0,62.449,0
2018-10-24,2,47.3333,6.5,9.0,89,2.73,18.3733,0.0,98.0,62.449,0
2018-10-24,3,47.5,9.01,8.83333,91,6.358,19.4675,31.1128,89.6507,75.4286,0
2018-10-24,4,47.8333,10.78,8.5,93,5.906,21.22,63.6399,83.1492,70.6909,0
2018-10-24,5,48.0,10.04,8.16667,94,3.5075,17.114,67.8826,77.854,60.0,0
2018-10-24,6,48.0,10.04,7.66667,96,5.725,19.58,70.711,70.711,60.0,0
2018-10-24,7,47.6667,7.53,7.0,100,2.865,17.608,70.0039,70.0039,62.424,0
2018-10-24,8,47.6667,5.02,6.5,92,5.69333,21.386,67.8826,67.8826,67.4939,0
2018-10-24,9,47.0,3.3,6.16667,89,7.578,38.455,64.347,64.347,75.7787,0
2018-10-24,10,45.5,0.79,5.83333,76,6.53667,31.504,60.8115,60.8115,82.2545,0
2018-10-24,11,44.0,0.79,5.5,73,9.488,32.8375,58.6901,58.6901,85.9714,0
2018-10-24,12,43.0,1.78,5.5,67,9.208,27.188,57.983,57.983,86.3415,0
2018-10-24,13,42.6667,1.78,5.66667,66,54.66,33.23,68.7183,45.4468,80.078,0
2018-10-24,14,43.0,1.78,5.66667,60,5.754,26.6975,71.5468,48.2752,73.6744,0
2018-10-24,15,44.0,0.99,5.83333,55,8.1775,23.6575,64.347,64.347,70.56,0
2018-10-24,16,44.5,0.99,6.16667,52,10.126,27.52,66.4683,66.4683,65.113,0
2018-10-24,17,44.0,0.99,6.5,61,13.062,25.045,65.0541,65.0541,75.6,0
2018-10-24,18,42.0,0.0,6.5,68,13.758,33.7833,57.983,57.983,94.6909,0
2018-10-24,19,39.0,0.0,6.33333,67,11.8525,21.3375,48.7906,48.7906,124.2,0
2018-10-24,20,34.1667,0.0,6.0,67,11.4217,11.6325,41.0124,41.0124,152.594,0
2018-10-24,21,28.1667,0.0,5.5,67,14.33,5.61667,53.0332,53.0332,147.406,0
2018-10-24,22,22.6667,0.0,4.83333,67,11.11,5.85333,39.5982,39.5982,236.667,0
2018-10-24,23,18.1667,0.0,4.0,67,9.52667,2.89333,47.3764,49.7608,242.667,0
2018-10-25,0,14.6667,0.0,3.33333,69,6.745,6.0175,36.0626,40.8316,312.141,0
2018-10-25,1,11.8333,0.0,3.0,71,7.13,0.953333,43.1337,50.0704,292.518,0
2018-10-25,2,10.6667,0.0,2.83333,76,8.732,2.73,31.1128,48.0495,324.8,0
2018-10-25,3,10.3333,0.0,2.83333,79,6.922,6.358,22.6275,49.5642,341.127,0
2018-10-25,4,10.1667,0.0,3.0,84,6.452,5.906,14.8493,49.4015,353.455,0
2018-10-25,5,10.0,1.12,3.5,90,8.43,3.5075,11.0225,58.6403,300.0,0
2018-10-25,6,10.3333,2.24,4.16667,92,6.266,5.725,-0.5825,57.7164,300.0,0
2018-10-25,7,11.5,3.36,4.83333,92,6.285,2.865,-7.6536,50.4776,334.08,0
2018-10-25,8,13.1667,3.36,5.66667,90,5.54,5.69333,-7.6536,57.4776,250.92,0
2018-10-25,9,14.8333,3.36,6.5,89,8.802,7.578,10.3154,56.7164,189.72,0
2018-10-25,10,16.3333,3.66,7.33333,90,10.475,6.53667,28.2844,53.9552,186.353,0
2018-10-25,11,18.0,2.54,8.16667,89,13.5875,9.488,41.7195,54.5089,186.66,0
2018-10-25,12,19.5,1.42,8.83333,85,9.455,9.208,41.7195,54.5089,186.66,0
2018-10-25,13,20.3333,0.3,9.5,82,10.4375,54.66,42.4266,55.4328,175.137,0
2018-10-25,14,20.8333,0.76,10.0,80,12.05,5.754,44.5479,58.2044,160.74,0
2018-10-25,15,21.3333,1.22,10.3333,79,13.1275,8.1775,46.6693,60.9761,147.714,0
2018-10-25,16,21.8333,0.92,10.5,80,14.0425,10.126,48.0835,62.8238,141.382,0
2018-10-25,17,22.0,0.92,10.8333,77,13.88,13.062,48.0835,62.8238,146.348,0
2018-10-25,18,21.6667,0.92,11.0,86,13.3283,13.758,46.6693,60.9761,157.617,0
2018-10-25,19,20.6667,1.53,10.8333,89,15.138,11.8525,43.8408,57.2806,176.727,0
2018-10-25,20,19.3333,1.07,10.5,89,16.948,11.4217,39.5982,51.7373,211.714,0
2018-10-25,21,17.8333,0.61,10.1667,87,13.8325,14.33,50.2048,65.5955,180.0,0
2018-10-25,22,16.5,0.61,9.83333,85,15.2625,11.11,45.255,59.1283,215.368,0
2018-10-25,23,15.1667,0.61,9.16667,84,10.324,9.52667,41.7195,51.4741,235.125,0
