data,timeofday,windspeed6,opady6,temp6,rhumid,index_avg,prev_index_avg,wind_dir_ns,wind_dir_ew,dispel50,is_weekend
2017-11-01,1,13.1667,0.23,3.33333,91,53.577,13.0501,0.0,55.0,245.1,1
2017-11-01,2,14.1667,0.23,3.66667,88,54.1949,11.1775,0.0,58.0,230.4,1
2017-11-01,3,14.3333,0.23,4.0,91,56.3387,11.891,0.0,59.0,221.571,1
2017-11-01,4,14.0,0.23,4.33333,92,57.1448,10.2759,0.0,58.0,237.12,1
2017-11-01,5,14.0,0.23,4.66667,93,55.5722,10.9623,0.0,55.0,264.0,1
2017-11-01,6,13.8333,0.23,5.0,93,56.5604,10.6698,0.0,54.0,273.28,1
2017-11-01,7,13.8333,0.0,5.33333,93,55.8347,12.1853,0.0,53.0,271.385,1
2017-11-01,8,14.0,0.0,5.5,98,56.1078,12.5773,0.0,55.0,245.1,1
2017-11-01,9,14.8333,0.0,5.83333,93,55.0008,12.2971,0.0,59.0,221.571,1
2017-11-01,10,16.0,0.0,6.33333,93,57.0024,9.20318,0.0,63.0,187.971,1
2017-11-01,11,16.6667,0.0,6.83333,88,59.5092,8.12514,0.0,53.0,212.625,1
2017-11-01,12,17.5,0.74,7.33333,82,61.1863,7.41629,0.0,55.0,205.8,1
2017-11-01,13,18.0,1.22,7.66667,85,59.0252,7.298,0.0,56.0,202.926,1
2017-11-01,14,18.0,1.22,8.0,89,57.1489,7.685,0.0,55.0,205.8,1
2017-11-01,15,18.1667,1.22,8.16667,88,58.0346,8.92306,0.0,53.0,225.095,1
2017-11-01,16,18.0,1.22,8.16667,86,59.4258,15.1286,0.0,53.0,221.0,1
2017-11-01,17,17.6667,1.22,8.0,90,59.5497,28.5264,0.0,53.0,212.625,1
2017-11-01,18,17.1667,0.96,7.66667,91,57.6411,38.7216,0.0,53.0,225.095,1
2017-11-01,19,16.6667,0.48,7.5,91,51.6474,46.2842,-6.12288,67.7821,180.0,1
2017-11-01,20,16.8333,0.48,7.33333,95,44.9399,52.6078,-11.8631,62.6403,201.4,1
2017-11-01,21,16.0,0.48,7.33333,91,40.4528,56.2349,-18.3686,60.3462,195.0,1
2017-11-01,22,16.8333,0.48,7.33333,90,24.9525,57.1509,-23.7262,57.2806,210.6,1
2017-11-02,0,18.5,0.81,8.0,92,33.26,51.12,-14.1592,55.1836,163.2,0
2017-11-02,1,20.1667,0.81,8.33333,92,38.2408,53.577,-8.80164,63.2492,163.409,0
2017-11-02,2,21.3333,0.81,8.83333,93,40.244,54.1949,0.0,67.0,141.943,0
2017-11-02,3,22.3333,1.62,9.16667,93,44.412,56.3387,0.0,70.0,125.314,0
2017-11-02,4,22.5,1.62,9.5,93,47.5291,57.1448,0.0,69.0,150.528,0
2017-11-02,5,23.0,2.43,9.5,93,49.3467,55.5722,0.0,68.0,151.2,0
2017-11-02,6,22.1667,1.62,9.5,93,46.2489,56.5604,0.0,68.0,131.04,0
2017-11-02,7,21.0,2.66,9.66667,93,36.551,55.8347,0.0,64.0,174.0,0
2017-11-02,8,19.5,3.7,9.66667,93,30.0868,56.1078,0.0,58.0,211.2,0
2017-11-02,9,19.1667,2.89,9.66667,91,28.6785,55.0008,-5.7402,71.8582,186.15,0
2017-11-02,10,18.0,4.31,9.83333,91,37.2067,57.0024,-12.6284,48.488,236.733,0
2017-11-02,11,17.5,4.92,10.1667,88,40.704,59.5092,-24.6493,60.5089,180.0,0
2017-11-02,12,17.6667,4.92,10.5,87,39.6084,61.1863,-26.9454,48.0522,198.4,0
2017-11-02,13,18.0,4.62,10.6667,88,34.8588,59.0252,-26.5627,47.1283,201.318,0
2017-11-02,14,18.1667,3.58,10.6667,91,28.1586,57.1489,-22.1954,53.585,198.0,0
2017-11-02,15,17.6667,4.32,10.6667,92,25.0093,58.0346,-14.1592,50.1836,216.847,0
2017-11-02,16,17.5,3.64,10.5,96,27.3763,59.4258,-7.6536,49.4776,244.26,0
2017-11-02,17,16.8333,2.96,10.1667,87,32.5856,59.5497,-13.7765,64.2597,200.34,0
2017-11-02,18,17.0,3.7,9.83333,94,33.8516,57.6411,-12.6284,61.488,195.0,0
2017-11-02,19,16.1667,2.96,9.5,92,43.3785,51.6474,-12.6284,48.488,229.125,0
2017-11-02,20,16.5,3.98,9.33333,93,51.1393,44.9399,-12.6284,63.488,180.0,0
2017-11-02,21,16.8333,4.26,9.16667,93,55.4412,40.4528,0.0,51.0,236.733,0
2017-11-02,22,16.6667,3.52,9.0,94,43.5425,24.9525,0.0,68.0,180.0,0
2017-11-03,0,15.3333,2.04,8.83333,94,30.7275,33.26,0.0,64.0,208.8,0
2017-11-03,1,15.1667,2.04,8.66667,95,52.3865,38.2408,0.0,59.0,241.553,0
2017-11-03,2,14.5,1.53,8.33333,100,44.6063,40.244,0.0,56.0,254.88,0
2017-11-03,3,13.8333,0.51,8.16667,97,35.5939,44.412,0.0,55.0,257.914,0
2017-11-03,4,14.0,0.51,8.16667,94,32.9669,47.5291,0.0,54.0,261.415,0
2017-11-03,5,14.0,0.51,8.0,96,32.7333,49.3467,0.0,57.0,239.4,0
2017-11-03,6,13.8333,1.02,8.0,98,33.8472,46.2489,0.0,57.0,239.4,0
2017-11-03,7,13.5,1.02,8.0,98,37.4844,36.551,8.48532,54.0866,251.631,0
2017-11-03,8,12.8333,1.25,8.33333,98,38.7891,30.0868,16.9706,52.1731,279.0,0
2017-11-03,9,12.0,1.25,8.5,95,38.3644,28.6785,24.0417,61.4119,257.4,0
2017-11-03,10,11.0,1.48,8.66667,94,41.3394,37.2067,29.6986,52.803,318.171,0
2017-11-03,11,10.6667,1.48,9.0,89,31.5597,40.704,36.7697,48.0418,348.0,0
2017-11-03,12,10.3333,0.97,9.5,85,16.776,39.6084,36.7697,48.0418,348.0,0
2017-11-03,13,10.1667,0.97,10.0,83,15.1749,34.8588,43.8408,57.2806,300.0,0
2017-11-03,14,10.6667,0.23,10.3333,85,14.8716,28.1586,36.0626,47.1179,333.45,0
2017-11-03,15,10.8333,0.23,10.5,85,16.9817,25.0093,39.5982,51.7373,285.12,0
2017-11-03,16,10.5,0.0,10.5,83,22.6503,27.3763,38.891,48.8625,313.5,0
2017-11-03,17,9.83333,0.0,10.3333,88,31.2206,32.5856,36.0626,45.167,346.92,0
2017-11-03,18,9.16667,0.0,10.0,89,42.8542,33.8516,36.0626,53.167,312.12,0
2017-11-03,19,8.16667,0.0,9.5,91,49.0546,43.3785,28.9915,49.9282,372.655,0
2017-11-03,20,7.33333,0.0,9.0,93,56.3587,51.1393,28.9915,54.9282,372.764,0
2017-11-03,21,6.83333,0.0,8.66667,93,60.3768,55.4412,21.2133,52.7655,434.215,0
2017-11-03,22,6.33333,0.0,8.33333,95,46.766,43.5425,21.2133,58.7655,420.0,0
2017-11-04,1,6.5,0.0,8.0,95,57.3386,52.3865,1.41422,54.6337,497.25,1
2017-11-04,2,5.66667,0.0,8.0,94,57.6688,44.6063,-4.24266,56.2427,480.0,1
2017-11-04,3,5.33333,0.0,7.83333,94,55.8535,35.5939,-5.3907,51.0143,540.6,1
2017-11-04,4,5.5,0.0,7.66667,94,57.9556,32.9669,-5.3907,49.0143,570.24,1
2017-11-04,5,5.33333,0.0,7.5,95,55.4771,32.7333,-7.68678,49.5576,588.0,1
2017-11-04,6,5.16667,0.0,7.33333,94,51.0193,33.8472,-9.2175,53.2531,577.2,1
2017-11-04,7,4.5,0.0,6.83333,100,49.085,37.4844,-4.2175,45.2531,604.2,1
2017-11-04,8,5.0,0.0,6.66667,92,49.2076,38.7891,-7.75305,42.7887,610.56,1
2017-11-04,9,5.33333,0.0,6.83333,82,48.4364,38.3644,-13.2963,40.0847,586.56,1
2017-11-04,10,5.83333,0.0,7.16667,91,44.8473,41.3394,-18.8396,37.3808,582.4,1
2017-11-04,11,7.0,0.0,7.66667,70,48.4747,31.5597,-20.9609,39.5021,575.467,1
2017-11-04,12,7.66667,0.0,8.5,65,49.4027,16.776,-27.5911,31.5087,496.8,1
2017-11-04,13,8.33333,0.0,9.66667,66,46.8233,15.1749,-30.1283,28.6339,440.64,1
2017-11-04,14,9.16667,0.0,10.3333,70,45.1504,14.8716,-41.4923,34.9979,360.0,1
2017-11-04,15,10.6667,0.0,10.6667,76,46.1259,16.9817,-40.1917,36.9445,316.2,1
2017-11-04,16,11.5,0.0,11.0,78,53.2899,22.6503,-13.2844,28.2844,305.455,1
2017-11-04,17,11.6667,0.0,11.0,74,64.3044,31.2206,8.49381,20.5062,251.6,1
2017-11-04,18,12.5,0.0,10.3333,87,69.6354,42.8542,33.2218,7.77821,270.327,1
2017-11-04,19,13.3333,0.0,9.66667,86,71.0441,49.0546,28.0657,-5.35752,264.0,1
2017-11-04,20,13.8333,0.0,9.16667,85,70.7513,56.3587,0.131361,-10.715,267.429,1
2017-11-04,21,13.5,0.0,8.5,96,70.7351,60.3768,-26.803,-16.0726,255.2,1
2017-11-04,22,13.0,0.0,7.66667,92,58.92,46.766,-50.8134,-21.0474,257.914,1
2017-11-05,1,12.3333,0.0,6.33333,91,73.1902,57.3386,-55.4328,-22.9608,277.714,1
2017-11-05,2,11.8333,0.0,5.83333,85,70.7473,57.6688,-28.4985,-17.6033,269.077,1
2017-11-05,3,11.5,0.0,5.66667,85,66.9951,55.8535,-5.48804,-12.6284,271.745,1
2017-11-05,4,12.0,0.0,5.5,85,63.3055,57.9556,15.6746,-8.41896,271.745,1
2017-11-05,5,12.5,0.0,5.33333,85,60.2609,55.4771,39.8373,-4.20948,240.0,1
2017-11-05,6,13.0,0.0,5.16667,85,55.6704,51.0193,64.0,0.0,240.0,1
2017-11-05,7,12.0,0.0,5.0,89,52.9523,49.085,53.0,0.0,259.418,1
2017-11-05,8,11.6667,0.0,5.16667,84,50.8606,49.2076,61.0,0.0,240.0,1
2017-11-05,9,11.3333,0.0,5.66667,78,49.8454,48.4364,41.6851,-3.44412,287.571,1
2017-11-05,10,11.6667,0.0,6.16667,78,46.4177,44.8473,19.3702,-6.88824,339.429,1
2017-11-05,11,12.1667,0.0,7.0,74,41.4612,48.4747,-9.41192,-13.0111,318.171,1
2017-11-05,12,11.8333,0.0,8.0,72,37.9344,49.4027,-47.1179,-19.5167,270.667,1
2017-11-05,13,13.3333,0.0,9.16667,69,37.1224,46.8233,-49.8895,-20.6647,234.667,1
2017-11-05,14,14.3333,0.0,10.0,73,42.8659,45.1504,-24.5746,-17.2206,210.6,1
2017-11-05,15,15.3333,0.0,10.8333,62,48.0019,46.1259,5.20748,-11.0977,225.318,1
2017-11-05,16,15.8333,0.0,11.6667,69,52.9833,53.2899,7.05524,-10.3324,206.7,1
2017-11-05,17,15.8333,0.0,11.8333,64,56.6013,64.3044,0.588081,-13.0111,187.2,1
2017-11-05,18,16.3333,0.0,11.6667,70,61.2592,69.6354,-47.1179,-19.5167,225.28,1
2017-11-05,19,15.8333,0.0,11.1667,80,63.885,71.0441,-47.1179,-19.5167,240.505,1
2017-11-05,20,15.3333,0.0,10.8333,77,66.1945,70.7513,-60.0522,-24.8742,208.042,1
2017-11-05,21,14.6667,0.0,10.0,77,66.6067,70.7351,-53.585,-22.1954,249.882,1
2017-11-05,22,13.8333,0.0,9.16667,80,50.8425,58.92,-45.6573,-23.4681,292.32,1
2017-11-06,0,12.6667,0.0,8.16667,81,50.41,61.6333,-50.8911,-36.8199,240.0,0
2017-11-06,1,11.6667,0.0,7.83333,83,64.8625,73.1902,-46.4421,-39.9477,240.0,0
2017-11-06,2,10.6667,0.0,7.5,81,65.3646,70.7473,-42.7465,-38.4169,271.745,0
2017-11-06,3,10.3333,0.0,7.33333,82,64.5558,66.9951,-37.2644,-36.182,350.314,0
2017-11-06,4,9.33333,0.0,7.16667,83,63.8842,63.3055,-45.5793,-39.6261,320.914,0
2017-11-06,5,8.33333,0.0,6.83333,86,61.7859,60.2609,-27.6798,-29.7266,378.831,0
2017-11-06,6,7.16667,0.0,6.83333,84,61.449,55.6704,-34.1469,-32.4053,360.0,0
2017-11-06,7,6.83333,0.0,7.0,81,60.0292,52.9523,-29.5739,-25.1263,450.3,0
2017-11-06,8,6.66667,0.0,7.33333,79,61.9663,50.8606,-35.1172,-27.4224,433.5,0
2017-11-06,9,6.16667,0.0,7.66667,84,63.0976,49.8454,-31.2513,-17.0237,486.0,0
2017-11-06,10,6.66667,0.0,8.33333,82,64.6642,46.4177,-17.8602,-13.9622,496.8,0
2017-11-06,11,7.16667,0.0,9.16667,76,64.9821,41.4612,-25.7268,-4.20948,450.667,0
2017-11-06,12,7.33333,0.0,10.0,74,63.3735,37.9344,-26.6507,3.06144,420.0,0
2017-11-06,13,7.5,0.0,11.0,68,62.481,37.1224,-28.6507,3.06144,437.143,0
2017-11-06,14,8.0,0.0,11.6667,73,64.1641,42.8659,-17.5642,14.6536,451.0,0
2017-11-06,15,8.0,0.0,12.0,79,67.6939,48.0019,-12.0209,24.9497,399.36,0
2017-11-06,16,6.83333,0.0,12.1667,92,66.5006,52.9833,-7.40148,29.0363,395.2,0
2017-11-06,17,6.5,0.0,12.0,79,65.546,56.6013,-13.4015,33.0363,482.727,0
2017-11-06,18,7.16667,0.0,11.6667,79,68.646,61.2592,-7.7446,40.4273,433.964,0
2017-11-06,19,7.0,0.0,11.0,87,68.7857,63.885,9.48918,43.2889,434.52,0
2017-11-06,20,6.33333,0.0,10.3333,89,72.2494,66.1945,22.9706,45.0054,438.6,0
2017-11-06,21,6.0,0.0,10.0,91,75.7945,66.6067,19.7991,48.7009,490.629,0
2017-11-06,22,5.5,0.0,9.5,93,70.136,50.8425,22.6275,52.3965,480.0,0
2017-11-07,0,4.66667,0.0,9.16667,94,51.8175,50.41,31.6495,41.7645,561.6,0
2017-11-07,1,5.16667,0.0,8.83333,96,68.6039,64.8625,35.3451,43.2952,540.0,0
2017-11-07,2,6.0,0.0,8.66667,96,60.6949,65.3646,43.66,36.7393,532.65,0
2017-11-07,3,7.33333,0.0,8.5,95,57.061,64.5558,47.0031,29.3483,544.32,0
2017-11-07,4,8.66667,0.0,8.33333,94,52.6307,63.8842,47.6894,16.7339,468.0,0
2017-11-07,5,8.5,0.0,8.16667,94,49.365,61.7859,49.6403,4.97484,395.2,0
2017-11-07,6,9.33333,0.0,7.83333,94,45.4314,61.449,48.7164,-1.53072,365.7,0
2017-11-07,7,9.33333,0.0,7.5,99,44.8218,60.0292,53.3358,-6.50556,339.2,0
2017-11-07,8,9.33333,0.0,7.33333,94,45.5208,61.9663,53.3358,-13.3938,339.2,0
2017-11-07,9,8.66667,0.0,7.5,83,46.5564,63.0976,52.6507,-16.8379,369.6,0
2017-11-07,10,9.0,0.23,7.83333,93,49.0033,64.6642,46.3076,-22.4948,395.2,0
2017-11-07,11,9.5,0.23,8.16667,85,51.7326,64.9821,42.2022,-29.2134,356.4,0
2017-11-07,12,9.66667,0.46,8.83333,79,58.9,63.3735,39.0206,-36.3146,325.867,0
2017-11-07,13,9.83333,0.69,9.66667,79,65.3243,62.481,34.5325,-42.1093,312.8,0
2017-11-07,14,10.1667,0.69,10.1667,82,71.4396,64.1641,30.0444,-47.904,300.0,0
2017-11-07,15,10.8333,0.69,10.1667,91,73.424,67.6939,20.282,-48.9656,329.018,0
2017-11-07,16,10.8333,0.46,9.83333,99,72.1064,66.5006,20.6647,-49.8895,317.127,0
2017-11-07,17,11.3333,0.46,9.33333,86,71.624,65.546,16.4552,-50.7268,309.12,0
2017-11-07,18,12.1667,0.23,8.66667,84,71.2581,68.646,12.6284,-55.488,262.08,0
2017-11-07,19,13.1667,0.0,8.0,85,72.1161,68.7857,4.59216,-51.0866,276.0,0
2017-11-07,20,14.1667,0.0,7.5,86,63.7958,72.2494,0.0,-56.0,228.0,0
2017-11-07,21,14.6667,0.0,7.16667,85,49.4422,75.7945,-6.50556,-60.706,196.114,0
2017-11-07,22,15.8333,0.0,6.83333,86,42.4339,70.136,-6.50556,-61.706,195.52,0
2017-11-08,1,17.1667,0.0,6.33333,88,44.24,68.6039,-32.9931,-41.6523,213.333,0
2017-11-08,2,17.3333,0.0,6.0,87,47.7538,60.6949,-32.2859,-40.9451,212.625,0
2017-11-08,3,18.0,0.0,5.83333,77,45.5796,57.061,-38.891,-38.891,214.5,0
2017-11-08,4,18.5,0.0,5.66667,84,49.4939,52.6307,-32.0198,-42.3026,209.012,0
2017-11-08,5,19.3333,0.0,5.5,85,52.8914,49.365,-28.0352,-49.6832,184.0,0
2017-11-08,6,19.1667,0.0,5.16667,87,53.0699,45.4314,-30.1565,-51.8045,168.505,0
2017-11-08,7,19.6667,0.0,5.0,71,52.166,44.8218,-36.3207,-47.6859,178.286,0
2017-11-08,8,20.5,0.0,5.0,82,52.0243,45.5208,-42.4266,-42.4266,184.743,0
2017-11-08,9,20.3333,0.0,4.83333,87,53.8967,46.5564,-36.3789,-48.8265,162.0,0
2017-11-08,10,21.0,0.0,5.0,84,54.8269,49.0033,-35.6718,-48.1194,173.46,0
2017-11-08,11,21.0,0.0,5.33333,76,56.821,51.7326,-31.0966,-57.0742,157.617,0
2017-11-08,12,21.3333,0.0,5.83333,68,58.1216,58.9,-30.3313,-55.2265,144.0,0
2017-11-08,13,21.5,0.0,6.33333,69,56.4606,65.3243,-25.6396,-61.9,161.472,0
2017-11-08,14,21.1667,0.0,6.66667,72,57.879,71.4396,-30.9219,-53.6523,165.714,0
2017-11-08,15,21.6667,0.0,6.66667,86,59.7317,73.424,-30.9219,-53.6523,165.714,0
2017-11-08,16,20.5,0.0,6.66667,86,62.7362,72.1064,-30.9219,-53.6523,165.714,0
2017-11-08,17,19.8333,0.0,6.16667,84,64.7525,71.624,-22.9608,-55.4328,184.743,0
2017-11-08,18,18.3333,0.0,5.83333,82,64.7999,71.2581,-21.4301,-51.7373,211.714,0
2017-11-08,19,17.1667,0.0,5.33333,82,64.4228,72.1161,-26.0222,-62.8238,199.886,0
2017-11-08,20,15.8333,0.0,5.16667,81,63.3736,63.7958,-23.3435,-56.3567,231.8,0
2017-11-08,21,14.6667,0.0,5.33333,82,64.6915,49.4422,-16.4552,-52.7268,266.965,0
2017-11-08,22,13.6667,0.0,5.33333,84,44.775,42.4339,-9.94968,-51.0209,265.5,0
2017-11-09,1,13.8333,0.0,5.66667,88,55.5476,44.24,0.0,-56.0,248.571,0
2017-11-09,2,14.0,0.0,5.5,92,56.3197,47.7538,0.0,-56.0,235.2,0
2017-11-09,3,13.6667,0.0,5.16667,93,55.2641,45.5796,0.0,-58.0,230.4,0
2017-11-09,4,13.3333,0.0,4.83333,94,54.1274,49.4939,-4.59216,-55.0866,261.0,0
2017-11-09,5,12.8333,0.0,4.5,94,52.0893,52.8914,-8.41896,-64.3254,240.0,0
2017-11-09,6,11.6667,0.0,4.33333,95,50.9962,53.0699,-12.6284,-58.488,268.029,0
2017-11-09,7,11.1667,0.0,3.66667,100,49.2549,52.166,-16.0726,-52.803,318.171,0
2017-11-09,8,11.0,0.0,3.5,95,49.5779,52.0243,-20.282,-48.9656,336.3,0
2017-11-09,9,10.5,0.0,4.0,91,49.7526,53.8967,-24.8823,-47.0715,309.12,0
2017-11-09,10,10.5,0.0,4.5,90,49.4357,54.8269,-27.4195,-44.1967,329.018,0
2017-11-09,11,10.3333,0.0,5.16667,76,49.8915,56.821,-30.2811,-41.1051,326.8,0
2017-11-09,12,10.0,0.0,5.83333,78,52.7148,58.1216,-33.9081,-39.8613,329.018,0
2017-11-09,13,9.66667,0.0,7.0,81,54.4726,56.4606,-38.8579,-44.8111,311.564,0
2017-11-09,14,9.0,0.0,7.66667,79,57.253,57.879,-41.0124,-41.0124,355.385,0
2017-11-09,15,8.83333,0.0,7.66667,81,63.417,59.7317,-38.1839,-38.1839,366.667,0
2017-11-09,16,8.5,0.0,7.66667,95,65.0229,62.7362,-23.82,-31.82,389.88,0
2017-11-09,17,8.16667,0.0,7.33333,89,71.2573,64.7525,-24.1399,-27.8103,417.72,0
2017-11-09,18,8.33333,0.23,6.83333,97,72.9915,64.7999,-16.1399,-27.8103,373.32,0
2017-11-09,19,8.16667,0.23,6.5,85,76.507,64.4228,-1.06879,-20.7392,360.0,0
2017-11-09,20,7.83333,0.23,6.16667,87,76.3918,63.3736,11.881,-15.7894,374.0,0
2017-11-09,21,8.16667,0.23,5.83333,90,77.3348,64.6915,11.7778,-6.74667,402.8,0
2017-11-09,22,7.66667,0.23,5.5,93,58.21,44.775,18.1418,9.61732,374.85,0
2017-11-10,1,7.0,0.0,5.16667,90,64.8209,55.5476,9.2129,24.979,470.25,0
2017-11-10,2,7.5,0.0,4.83333,93,63.9467,56.3197,4.26313,29.9288,420.0,0
2017-11-10,3,7.66667,0.0,4.83333,89,62.7794,55.2641,-11.7369,39.9288,443.143,0
2017-11-10,4,8.5,0.0,4.66667,93,63.2285,54.1274,-5.26971,48.25,414.72,0
2017-11-10,5,8.83333,0.0,4.66667,95,68.3459,52.0893,-8.80526,43.6306,375.84,0
2017-11-10,6,8.66667,0.0,4.83333,90,68.8399,50.9962,-15.0196,45.4784,371.25,0
2017-11-10,7,9.0,0.0,5.0,92,69.4981,49.2549,-14.0957,45.0957,377.143,0
2017-11-10,8,9.16667,0.0,5.33333,92,69.809,49.5779,-15.5099,46.5099,376.32,0
2017-11-10,9,9.33333,0.0,5.66667,91,70.8706,49.7526,-23.2881,44.2881,372.655,0
2017-11-10,10,9.5,0.0,6.33333,87,70.3004,49.4357,-31.7734,41.7734,349.92,0
2017-11-10,11,11.0,0.48,6.83333,82,68.119,49.8915,-41.9361,35.9829,300.0,0
2017-11-10,12,12.3333,0.48,7.33333,75,66.793,52.7148,-47.5723,32.9599,240.0,0
2017-11-10,13,13.5,0.48,7.83333,77,64.5777,54.4726,-44.0367,29.4243,255.2,0
2017-11-10,14,14.1667,0.48,8.16667,79,60.6411,57.253,-46.8652,32.2528,208.145,0
2017-11-10,15,15.0,1.47,8.33333,77,59.6371,63.417,-50.5607,33.7835,210.6,0
2017-11-10,16,15.6667,1.47,8.33333,74,60.9117,65.0229,-51.4846,34.1662,195.52,0
2017-11-10,17,15.1667,0.99,8.33333,78,64.8761,71.2573,-54.7361,29.2997,202.725,0
2017-11-10,18,14.8333,1.98,8.16667,81,72.2084,72.9915,-55.4328,22.9608,220.0,0
2017-11-10,19,14.8333,1.98,7.83333,82,72.1438,76.507,-53.585,22.1954,249.882,0
2017-11-10,20,14.8333,1.98,7.66667,85,72.1238,76.3918,-52.6612,21.8128,245.92,0
2017-11-10,21,14.8333,0.99,7.5,87,71.0491,77.3348,-23.803,16.0726,232.615,0
2017-11-10,22,15.3333,2.21,7.33333,87,42.1325,58.21,5.20748,11.0977,196.8,0
2017-11-11,1,20.1667,2.06,6.83333,90,36.5775,64.8209,20.7508,8.80164,137.8,1
2017-11-11,2,22.8333,2.06,6.66667,92,14.9032,63.9467,-19.4224,17.986,130.226,1
2017-11-11,3,24.3333,2.06,6.5,89,11.5543,62.7794,-44.0935,31.1047,148.35,1
2017-11-11,4,26.0,0.84,6.33333,86,11.0298,63.2285,-31.8701,45.9413,157.548,1
2017-11-11,5,25.8333,0.84,6.0,85,9.08789,68.3459,-20.6647,49.8895,159.508,1
2017-11-11,6,25.3333,0.84,5.66667,87,7.41576,68.8399,-20.6647,71.8895,120.0,1
2017-11-11,7,25.0,0.0,5.33333,87,7.46071,69.4981,-10.715,68.8686,153.9,1
2017-11-11,8,22.5,0.0,5.16667,85,9.60955,69.809,-8.41896,63.3254,158.564,1
2017-11-11,9,21.3333,0.0,5.0,81,9.56554,70.8706,-8.41896,57.3254,191.314,1
2017-11-11,10,19.1667,0.53,4.83333,79,9.52385,70.3004,-8.41896,55.3254,209.182,1
2017-11-11,11,18.8333,0.53,4.83333,80,11.5714,68.119,-14.1592,69.1836,180.0,1
2017-11-11,12,19.5,0.53,5.16667,68,13.683,66.793,8.402,51.3358,217.579,1
2017-11-11,13,19.3333,0.53,5.83333,67,13.0268,64.5777,8.402,57.3358,154.0,1
2017-11-11,14,20.0,0.53,6.16667,70,15.1271,60.6411,6.10592,62.8791,142.56,1
2017-11-11,15,19.8333,1.09,6.33333,77,18.5398,59.6371,-15.6899,62.8791,167.088,1
2017-11-11,16,19.6667,0.56,6.5,73,16.2703,60.9117,-22.5781,54.5089,191.314,1
2017-11-11,17,18.1667,0.56,6.5,77,19.2311,64.8761,-19.8994,48.0418,236.64,1
2017-11-11,18,17.0,0.56,6.16667,80,33.7198,72.2084,-24.1088,58.2044,229.14,1
2017-11-11,19,15.6667,0.56,5.33333,89,37.7903,72.1438,-29.1832,52.4548,231.8,1
2017-11-11,20,14.3333,0.56,4.83333,88,39.702,72.1238,-31.4874,45.0174,248.571,1
2017-11-11,21,13.8333,0.0,4.5,87,36.21,71.0491,-37.2164,36.6753,248.727,1
2017-11-11,22,14.1667,0.0,4.16667,86,31.018,42.1325,-46.8652,32.2528,256.0,1
2017-11-12,1,14.1667,2.13,4.0,89,41.9403,36.5775,-21.1256,20.3484,228.48,1
2017-11-12,2,14.5,2.13,4.0,92,37.7018,14.9032,-20.2017,19.9657,243.6,1
2017-11-12,3,13.8333,2.13,3.83333,92,27.1834,11.5543,-18.354,19.2004,261.0,1
2017-11-12,4,13.0,2.13,3.66667,92,23.513,11.0298,-42.1322,26.9786,286.7,1
2017-11-12,5,12.5,0.48,3.66667,92,28.9273,9.08789,-49.9104,34.7568,240.0,1
2017-11-12,6,12.5,0.48,3.5,92,28.1641,7.41576,-50.6175,35.4639,249.171,1
2017-11-12,7,11.6667,0.0,3.5,90,28.218,7.46071,-42.2753,41.1929,268.029,1
2017-11-12,8,12.0,0.48,3.5,91,23.0454,9.60955,-32.7851,44.1503,294.0,1
2017-11-12,9,13.0,0.48,3.66667,87,21.0958,9.56554,-25.0069,52.3721,240.0,1
2017-11-12,10,13.6667,0.48,4.0,83,18.1962,9.52385,-8.03628,52.4015,255.2,1
2017-11-12,11,14.0,0.48,4.16667,80,18.7649,11.5714,-3.44412,56.3149,201.067,1
2017-11-12,12,14.5,0.71,4.66667,75,22.4835,13.683,0.0,63.0,202.725,1
2017-11-12,13,15.1667,0.71,5.0,74,24.8914,13.0268,0.0,62.0,217.412,1
2017-11-12,14,14.3333,0.23,5.33333,67,28.2962,15.1271,0.0,58.0,237.12,1
2017-11-12,15,13.0,0.23,5.5,76,28.9822,18.5398,-4.20948,53.1627,273.28,1
2017-11-12,16,11.6667,0.23,5.33333,85,35.0221,16.2703,-7.6536,61.4776,257.92,1
2017-11-12,17,10.1667,0.23,5.0,77,45.8332,19.2311,-12.6034,51.4274,336.0,1
2017-11-12,18,9.0,0.0,4.5,80,61.5363,33.7198,-16.846,55.67,341.28,1
2017-11-12,19,7.83333,0.0,4.0,85,68.5094,37.7903,-24.2371,43.7315,403.015,1
2017-11-12,20,7.33333,0.0,3.16667,95,72.2889,39.702,-18.2371,43.7315,396.277,1
2017-11-12,21,7.33333,0.0,2.66667,91,73.5268,36.21,-25.6281,27.67,439.855,1
2017-11-12,22,8.0,0.28,2.33333,89,48.71,31.018,-29.7335,14.0632,448.0,1
2017-11-13,1,10.3333,0.56,2.33333,86,58.5576,41.9403,-34.5012,-25.8888,316.2,0
2017-11-13,2,11.1667,2.01,2.66667,91,59.4846,37.7018,-33.1101,-35.8273,300.667,0
2017-11-13,3,11.5,3.46,2.83333,92,53.9831,27.1834,-24.7952,-45.3832,271.745,0
2017-11-13,4,12.0,3.18,3.0,92,48.4895,23.513,-17.017,-48.605,262.08,0
2017-11-13,5,13.0,3.18,3.0,92,48.8693,28.9273,0.0,-51.0,291.877,0
2017-11-13,6,13.1667,2.9,3.0,92,49.8895,28.1641,0.0,-54.0,261.415,0
2017-11-13,7,13.0,2.9,3.0,92,49.302,28.218,0.0,-53.0,259.418,0
2017-11-13,8,12.6667,1.45,3.0,92,47.335,23.0454,4.59216,-53.0866,267.429,0
2017-11-13,9,12.3333,0.51,3.0,92,44.5403,21.0958,8.80164,-49.2492,307.125,0
2017-11-13,10,11.8333,0.51,3.0,98,41.4621,18.1962,12.2458,-57.5642,294.0,0
2017-11-13,11,10.8333,0.51,3.0,91,39.8749,18.7649,20.024,-49.3424,313.5,0
2017-11-13,12,10.5,0.51,3.16667,88,34.6848,22.4835,29.2628,-41.1692,336.3,0
2017-11-13,13,10.3333,0.51,3.33333,88,37.2051,24.8914,34.6706,-30.0826,353.455,0
2017-11-13,14,10.5,0.51,3.33333,90,41.9488,28.2962,40.6238,-15.7104,340.267,0
2017-11-13,15,11.3333,0.0,3.33333,89,50.4989,28.9822,45.665,1.08979,317.127,0
2017-11-13,16,12.1667,0.0,3.33333,99,56.413,35.0221,47.7863,18.7675,273.48,0
2017-11-13,17,12.8333,0.0,3.33333,97,58.0703,45.8332,39.8613,33.9081,259.418,0
2017-11-13,18,13.3333,0.0,3.0,90,60.4956,61.5363,39.5982,39.5982,235.2,0
2017-11-13,19,12.8333,0.0,2.66667,93,69.2574,68.5094,40.3053,40.3053,239.4,0
2017-11-13,20,12.8333,0.0,2.16667,100,71.4729,72.2889,36.0626,36.0626,307.125,0
2017-11-13,21,11.6667,0.0,2.0,96,79.2959,73.5268,44.5479,47.1492,266.325,0
2017-11-13,22,10.1667,0.0,1.83333,97,49.6233,48.71,38.1839,42.3026,339.429,0
2017-11-14,1,9.83333,0.0,2.16667,96,60.6363,58.5576,21.363,48.1449,371.25,0
2017-11-14,2,10.0,0.0,2.66667,97,57.1564,59.4846,25.6056,55.4224,333.9,0
2017-11-14,3,11.0,0.0,2.83333,96,55.2522,53.9831,21.363,49.8791,296.229,0
2017-11-14,4,11.8333,0.0,3.0,96,47.2166,48.4895,28.2844,48.9552,276.0,0
2017-11-14,5,12.5,0.0,2.83333,96,34.3016,48.8693,36.7697,48.0418,286.971,0
2017-11-14,6,12.0,0.0,2.83333,89,33.6466,49.8895,44.5479,58.2044,249.171,0
2017-11-14,7,11.6667,0.0,2.83333,81,41.6251,49.302,41.0124,53.585,289.385,0
2017-11-14,8,11.8333,0.0,2.83333,89,50.7259,47.335,40.3053,52.6612,299.815,0
2017-11-14,9,11.8333,0.0,2.83333,94,51.1208,44.5403,41.0124,53.585,280.8,0
2017-11-14,10,12.0,0.0,3.0,87,44.4234,41.4621,41.7195,54.5089,260.945,0
2017-11-14,11,12.5,0.0,3.5,76,25.3971,39.8749,36.7697,48.0418,276.0,0
2017-11-14,12,13.0,0.0,3.83333,70,13.6554,34.6848,28.2844,50.9552,267.429,0
2017-11-14,13,13.0,0.0,4.33333,67,11.3757,37.2051,18.3849,50.0209,281.538,0
2017-11-14,14,12.8333,0.0,4.66667,68,18.3129,41.9488,9.19243,50.0104,291.877,0
2017-11-14,15,12.0,0.0,4.83333,71,31.1274,50.4989,9.19243,50.0104,297.0,0
2017-11-14,16,11.0,0.0,4.83333,75,39.4609,56.413,14.8493,57.4015,287.571,0
2017-11-14,17,10.1667,0.0,4.5,73,48.7482,58.0703,14.8493,50.4015,348.0,0
2017-11-14,18,9.66667,0.0,4.16667,81,57.0363,60.4956,14.8493,59.4015,311.1,0
2017-11-14,19,9.66667,0.0,3.5,83,63.3323,69.2574,11.4052,55.7164,345.6,0
2017-11-14,21,9.33333,0.0,3.0,83,56.8275,79.2959,-10.1576,50.5707,327.6,0
2017-11-14,22,9.66667,0.0,2.83333,84,48.238,49.6233,-21.4714,48.8366,314.743,0
2017-11-15,1,10.6667,0.0,3.0,82,60.0385,60.6363,-40.6148,29.2496,353.455,0
2017-11-15,2,10.8333,0.0,3.16667,84,59.789,57.1564,-42.029,30.6638,305.25,0
2017-11-15,3,11.6667,0.0,3.33333,85,57.2897,55.2522,-47.4587,29.5991,263.467,0
2017-11-15,4,11.8333,0.0,3.5,85,56.2132,47.2166,-48.3362,35.3474,249.9,0
2017-11-15,5,11.8333,0.0,4.0,84,55.6827,34.3016,-44.3207,37.8263,260.945,0
2017-11-15,6,12.0,0.0,4.16667,87,57.9306,33.6466,-41.1347,41.1347,269.077,0
2017-11-15,7,11.5,0.0,4.16667,91,60.3123,41.6251,-36.5344,43.0288,270.3,0
2017-11-15,8,11.6667,0.0,4.16667,92,61.3769,50.7259,-29.2747,47.6754,299.815,0
2017-11-15,9,11.6667,0.0,4.33333,91,61.7484,51.1208,-25.0571,50.4935,273.48,0
2017-11-15,10,12.3333,0.0,4.66667,95,60.8919,44.4234,-17.986,56.4224,260.0,0
2017-11-15,11,12.3333,0.23,4.83333,88,60.127,25.3971,-13.3938,59.3358,240.0,0
2017-11-15,12,12.5,0.23,5.5,72,57.9695,13.6554,-9.567,50.097,281.538,0
2017-11-15,13,12.8333,0.23,6.16667,74,55.006,11.3757,-9.567,50.097,281.538,0
2017-11-15,14,12.8333,0.23,6.66667,76,55.4855,18.3129,-14.1592,48.1836,297.0,0
2017-11-15,15,12.0,0.23,6.83333,79,55.2861,31.1274,-19.134,60.194,240.0,0
2017-11-15,16,11.0,0.23,6.83333,95,62.2121,39.4609,-22.1954,53.585,280.8,0
2017-11-15,17,10.6667,0.23,6.83333,81,67.0995,48.7482,-20.6647,49.8895,332.215,0
2017-11-15,18,9.83333,0.23,6.33333,81,70.0099,57.0363,-19.5167,47.1179,359.9,0
2017-11-15,19,9.33333,0.23,5.83333,87,65.3964,63.3323,-25.1736,52.7748,333.9,0
2017-11-15,21,8.0,0.23,5.0,93,73.52,56.8275,-31.8952,53.002,360.0,0
2017-11-15,22,7.66667,0.23,4.83333,94,61.36,48.238,-31.163,45.2342,390.0,0
2017-11-16,1,6.16667,0.0,4.16667,93,73.8203,60.0385,-37.1221,42.5341,449.28,0
2017-11-16,2,6.0,0.0,4.33333,93,75.6268,59.789,-37.538,37.538,486.0,0
2017-11-16,3,5.5,0.0,4.16667,93,74.3721,57.2897,-25.8811,31.8811,532.0,0
2017-11-16,4,4.83333,0.0,4.16667,93,74.7731,56.2132,-28.6527,33.0291,547.2,0
2017-11-16,5,4.33333,0.0,4.33333,93,75.03,55.6827,-30.067,34.4434,575.467,0
2017-11-16,6,4.0,0.0,4.5,93,75.5595,57.9306,-26.4746,29.2274,662.4,0
2017-11-16,7,3.66667,0.0,4.66667,93,76.8338,60.3123,-22.4746,29.2274,641.829,0
2017-11-16,8,3.33333,0.0,4.83333,93,77.8966,61.3769,-13.5248,24.2776,691.2,0
2017-11-16,9,3.33333,0.0,5.0,93,79.3404,61.7484,-9.52484,24.2776,660.0,0
2017-11-16,10,3.83333,0.0,5.16667,92,80.1505,60.8919,-2.28218,20.035,731.4,0
2017-11-16,11,5.0,0.0,5.5,89,81.0221,60.127,-4.6055,16.4051,756.0,0
2017-11-16,12,5.66667,0.0,5.83333,85,79.1453,57.9695,9.63716,12.1624,660.0,0
2017-11-16,13,6.16667,0.0,6.33333,84,78.3352,55.006,12.0321,8.68514,691.2,0
2017-11-16,14,6.83333,0.0,6.66667,86,71.404,55.4855,13.0321,8.68514,600.0,0
2017-11-16,15,7.5,0.0,7.0,86,81.8345,55.2861,27.9896,4.97484,504.9,0
2017-11-16,16,7.83333,0.0,7.0,100,85.8629,62.2121,26.9896,4.97484,468.0,0
2017-11-16,17,7.0,0.0,6.83333,99,90.0087,67.0995,26.9896,4.97484,419.76,0
2017-11-16,18,6.83333,0.0,6.5,94,93.8503,70.0099,36.609,3.06144,473.28,0
2017-11-16,19,6.66667,0.0,6.0,92,94.5281,65.3964,43.609,3.06144,434.52,0
2017-11-16,22,6.5,0.0,5.16667,90,67.456,61.36,54.0,0.0,486.0,0
2017-11-17,1,8.0,0.0,4.83333,88,70.6547,73.8203,37.5328,-2.67876,460.8,0
2017-11-17,2,8.33333,0.0,4.66667,98,62.6542,75.6268,40.5328,-2.67876,395.2,0
2017-11-17,3,8.33333,0.0,4.33333,93,58.2152,74.3721,43.5328,-2.67876,360.0,0
2017-11-17,4,7.66667,0.0,4.0,94,56.8916,74.7731,43.5328,-2.67876,360.0,0
2017-11-17,5,7.66667,0.0,3.66667,93,57.2462,75.03,39.5328,-2.67876,425.829,0
2017-11-17,6,7.33333,0.0,3.16667,94,58.9843,75.5595,54.0,0.0,421.2,0
2017-11-17,7,7.0,0.0,2.83333,92,62.1314,76.8338,53.0,0.0,448.0,0
2017-11-17,8,7.0,0.0,2.66667,90,66.2658,77.8966,52.0,0.0,473.28,0
2017-11-17,9,7.33333,0.51,2.66667,90,67.3108,79.3404,51.0,0.0,479.467,0
2017-11-17,10,8.16667,0.74,2.83333,90,65.7016,80.1505,33.6851,-3.44412,460.8,0
2017-11-17,11,8.83333,0.74,3.16667,82,66.1569,81.0221,34.6851,-3.44412,387.6,0
2017-11-17,12,9.5,0.97,4.0,68,68.8165,79.1453,12.5985,-8.03628,361.029,0
2017-11-17,13,9.83333,1.33,5.0,75,72.3441,78.3352,-4.56416,-3.8268,313.65,0
2017-11-17,14,9.83333,1.69,5.66667,77,74.416,71.404,-21.803,0.0,300.0,0
2017-11-17,15,9.83333,1.18,6.16667,79,77.0009,81.8345,-37.167,6.36399,300.0,0
2017-11-17,16,10.0,0.95,6.5,93,79.702,85.8629,-27.852,9.80811,359.9,0
2017-11-17,17,9.16667,0.95,6.66667,85,81.9721,90.0087,-34.216,16.1721,322.4,0
2017-11-17,18,7.83333,1.08,6.33333,92,77.4364,93.8503,-23.1295,27.7643,372.655,0
2017-11-17,20,7.16667,0.36,5.5,96,72.29,97.3106,-8.01701,33.0219,443.52,0
2017-11-17,22,7.0,0.36,5.0,91,57.774,67.456,20.3138,37.2933,448.0,0
2017-11-18,1,7.83333,0.0,4.33333,93,56.8705,70.6547,39.2574,37.2847,360.0,1
2017-11-18,2,7.5,0.0,3.83333,100,54.9982,62.6542,42.0858,37.1131,408.857,1
2017-11-18,3,6.83333,0.0,3.5,100,55.7931,58.2152,41.3787,34.8886,437.25,1
2017-11-18,4,6.5,0.0,3.0,100,55.2287,56.8916,39.9645,33.0409,488.52,1
2017-11-18,5,5.83333,0.0,2.66667,99,53.8145,57.2462,39.9645,38.0409,479.52,1
2017-11-18,6,5.66667,0.0,2.33333,99,50.6765,58.9843,32.8934,37.9698,490.629,1
2017-11-18,7,6.16667,0.0,2.0,88,49.6984,62.1314,26.4262,41.291,553.527,1
2017-11-18,8,6.33333,0.0,2.0,97,46.9772,66.2658,26.4262,48.291,510.545,1
2017-11-18,9,6.83333,0.0,2.16667,100,42.6156,67.3108,13.5848,50.5487,517.029,1
2017-11-18,10,7.33333,0.0,2.5,89,43.06,65.7016,2.36244,49.568,477.0,1
2017-11-18,11,8.16667,0.0,2.83333,84,44.8364,66.1569,-7.5371,50.9822,438.6,1
2017-11-18,12,9.16667,0.0,3.33333,77,43.8515,68.8165,-22.8663,45.0311,375.943,1
2017-11-18,13,10.0,0.0,4.0,75,31.2259,72.3441,-33.9529,36.6233,329.829,1
2017-11-18,14,10.8333,0.0,4.5,73,19.4972,74.416,-42.3607,27.7483,313.6,1
2017-11-18,15,11.5,0.0,4.66667,69,25.7239,77.0009,-50.0031,24.0255,265.2,1
2017-11-18,16,12.3333,0.48,4.83333,66,39.086,79.702,-49.3211,30.3791,249.9,1
2017-11-18,17,12.1667,0.48,4.83333,65,46.7896,81.9721,-47.4269,34.9794,240.0,1
2017-11-18,18,12.0,0.96,4.66667,73,54.6724,77.4364,-44.1186,38.1654,249.9,1
2017-11-18,21,13.5,1.49,3.33333,81,54.52,62.5233,-19.6468,18.4932,259.418,1
2017-11-18,22,13.8333,1.01,3.0,78,44.076,57.774,3.13136,10.715,217.964,1
2017-11-19,1,16.6667,1.06,2.66667,88,50.8278,56.8705,-27.2921,24.9737,180.0,1
2017-11-19,2,17.3333,1.19,3.0,86,49.6526,54.9982,-45.0638,26.1218,216.847,1
2017-11-19,3,16.6667,1.19,3.0,89,45.6003,55.7931,-37.3941,39.0177,191.133,1
2017-11-19,4,16.1667,1.19,3.0,89,42.8908,55.2287,-45.1723,46.7959,180.0,1
2017-11-19,5,15.5,0.66,2.83333,94,41.7124,53.8145,-37.0365,45.1545,224.0,1
2017-11-19,6,14.6667,1.32,2.83333,90,39.2264,50.6765,-20.4067,51.2663,281.6,1
2017-11-19,7,14.3333,1.85,2.83333,90,38.281,49.6984,-20.4067,64.2663,247.714,1
2017-11-19,8,13.6667,1.19,2.83333,92,34.734,46.9772,-15.9059,48.4003,255.2,1
2017-11-19,9,14.8333,1.19,2.83333,90,28.576,42.6156,-17.8193,53.0197,214.338,1
2017-11-19,10,15.5,1.19,3.0,84,26.5689,43.06,-30.5473,39.7477,229.125,1
2017-11-19,11,16.5,1.19,3.33333,82,26.447,44.8364,-30.5473,39.7477,232.941,1
2017-11-19,12,17.5,1.01,3.66667,79,28.2599,43.8515,-31.3127,41.5955,221.0,1
2017-11-19,13,17.6667,0.48,4.0,77,30.2558,31.2259,-32.0198,42.3026,204.6,1
2017-11-19,14,17.6667,0.48,4.33333,76,28.4119,19.4972,-32.7269,43.0097,210.189,1
2017-11-19,15,17.3333,0.48,4.66667,75,24.9871,25.7239,-37.4768,37.4768,225.095,1
2017-11-19,16,17.1667,0.78,4.66667,77,25.1095,39.086,-48.7906,48.7906,180.0,1
2017-11-19,17,16.6667,1.08,5.0,62,23.9528,46.7896,-45.9622,45.9622,194.541,1
2017-11-19,18,16.6667,0.6,5.0,71,24.0168,54.6724,-45.255,45.255,202.024,1
2017-11-19,22,17.5,1.16,4.0,93,14.604,44.076,-44.1503,32.7851,198.4,1
2017-11-20,1,16.6667,0.86,2.83333,89,13.8981,50.8278,-51.2678,34.4906,209.647,0
2017-11-20,2,15.0,0.53,2.66667,91,16.4495,49.6526,-39.2469,38.4697,196.114,0
2017-11-20,3,14.0,0.53,2.5,91,16.5729,45.6003,-34.0908,40.8904,228.48,0
2017-11-20,4,13.1667,0.53,2.16667,95,18.5731,42.8908,-27.6936,40.4464,275.718,0
2017-11-20,5,12.5,0.53,2.0,94,21.4469,41.7124,-31.1378,48.7614,265.624,0
2017-11-20,6,11.6667,1.06,1.83333,94,20.9335,39.2264,-23.21,50.034,313.2,0
2017-11-20,7,11.3333,1.06,1.83333,95,16.004,38.281,-31.6953,42.5193,317.127,0
2017-11-20,8,11.8333,0.53,1.83333,96,17.7581,34.734,-33.8167,44.6407,282.764,0
2017-11-20,9,13.3333,1.27,1.83333,85,15.0893,28.576,-31.5206,39.0974,281.455,0
2017-11-20,10,15.3333,2.64,2.0,91,8.89543,26.5689,-31.396,49.7968,197.6,0
2017-11-20,11,17.5,2.72,2.16667,81,10.367,26.447,-13.0111,52.4119,187.114,0
2017-11-20,12,19.8333,2.27,2.5,76,11.3662,28.2599,9.31704,61.6507,148.5,0
2017-11-20,13,21.0,2.73,2.83333,74,14.4732,30.2558,35.3555,67.194,120.0,0
2017-11-20,14,22.0,2.73,3.0,74,17.6639,28.4119,50.2048,65.5955,135.15,0
2017-11-20,15,22.5,2.04,3.16667,72,22.5827,24.9871,47.3764,61.9,166.108,0
2017-11-20,16,21.1667,0.67,3.33333,83,26.7775,25.1095,45.255,59.1283,159.6,0
2017-11-20,17,19.1667,0.59,3.16667,81,31.1158,23.9528,39.5982,51.7373,207.36,0
2017-11-20,18,17.5,0.56,2.83333,83,37.4054,24.0168,48.0835,62.8238,193.44,0
2017-11-20,22,12.5,0.25,1.66667,90,51.37,14.604,21.9204,51.6403,279.0,0
2017-11-21,1,10.5,0.0,1.16667,89,53.1278,13.8981,5.65688,51.391,348.0,0
2017-11-21,2,9.66667,0.0,0.833333,92,55.1784,16.4495,5.65688,50.391,353.455,0
2017-11-21,3,9.16667,0.0,0.666667,94,55.0488,16.5729,5.65688,57.391,335.345,0
2017-11-21,4,8.83333,0.0,0.333333,98,54.7177,18.5731,5.65688,54.391,352.8,0
2017-11-21,5,8.5,0.0,-0.333333,100,55.5138,21.4469,5.65688,52.391,371.25,0
2017-11-21,6,7.16667,0.0,-0.833333,100,55.7445,20.9335,0.0,51.0,433.1,0
2017-11-21,7,6.16667,0.0,-1.33333,91,53.2617,16.004,0.0,55.0,450.3,0
2017-11-21,8,6.33333,0.0,-1.5,96,52.2765,17.7581,0.0,60.0,447.2,0
2017-11-21,9,6.16667,0.0,-1.5,94,52.7996,15.0893,0.0,56.0,492.0,0
2017-11-21,10,6.16667,0.0,-1.16667,87,50.6822,8.89543,4.94977,51.4672,509.143,0
2017-11-21,11,5.83333,0.0,-0.333333,83,48.0857,10.367,9.89954,50.9343,520.8,0
2017-11-21,12,5.5,0.0,0.5,79,47.2001,11.3662,12.728,54.6298,514.8,0
2017-11-21,13,5.16667,0.0,1.33333,77,48.1369,14.4732,14.1422,56.4776,540.0,0
2017-11-21,14,4.33333,0.0,2.16667,76,50.2567,17.6639,14.1422,51.4776,620.229,0
2017-11-21,15,4.0,0.0,2.66667,78,54.8077,22.5827,12.9942,54.2492,620.743,0
2017-11-21,16,3.16667,0.0,2.83333,94,60.4067,26.7775,8.37476,49.1626,644.8,0
2017-11-21,17,3.0,0.0,2.83333,85,65.1033,31.1158,6.527,49.928,660.0,0
2017-11-21,18,3.16667,0.0,2.66667,85,69.7111,37.4054,3.75536,42.78,688.5,0
2017-11-21,19,4.0,0.0,2.5,89,72.7528,46.75,0.98372,37.6319,737.76,0
2017-11-21,22,4.83333,0.0,2.0,92,80.134,51.37,-2.84308,7.39312,720.0,0
2017-11-22,1,4.16667,0.0,1.66667,99,82.3192,53.1278,-17.4845,-20.8561,765.0,0
2017-11-22,2,4.16667,0.0,1.5,99,82.7421,55.1784,-18.8987,-25.7039,754.8,0
2017-11-22,3,4.16667,0.0,1.5,95,80.1197,55.0488,-17.7506,-36.4755,764.64,0
2017-11-22,4,3.83333,0.0,1.33333,95,78.0801,54.7177,-13.1312,-43.3889,703.8,0
2017-11-22,5,3.83333,0.0,1.16667,95,76.3707,55.5138,-13.4048,-46.2756,693.6,0
2017-11-22,6,4.66667,0.0,1.16667,97,74.4184,55.7445,-10.6332,-49.1276,660.0,0
2017-11-22,7,5.66667,0.0,1.16667,91,74.9766,53.2617,-7.86153,-55.9795,660.0,0
2017-11-22,8,6.33333,0.0,1.16667,95,76.6856,52.2765,-9.39225,-51.675,624.24,0
2017-11-22,9,7.66667,0.0,1.16667,94,75.7652,52.7996,-5.56545,-51.4362,566.1,0
2017-11-22,10,9.5,0.0,1.33333,90,74.1512,50.6822,-10.5403,-48.4467,440.64,0
2017-11-22,11,11.8333,4.55,1.66667,89,74.1281,48.0857,-13.7765,-50.2597,305.25,0
2017-11-22,12,13.3333,6.84,2.0,87,69.9935,47.2001,-23.0603,-46.6727,234.667,0
2017-11-22,13,15.1667,6.84,2.5,82,65.44,48.1369,-35.0812,-49.6936,188.308,0
2017-11-22,14,16.0,7.6,2.83333,88,66.4552,50.2567,-43.2264,-32.4025,205.8,0
2017-11-22,15,16.0,8.36,3.0,94,66.0277,54.8077,-43.4328,-25.032,232.941,0
2017-11-22,16,16.3333,8.36,3.16667,92,64.9047,60.4067,-52.6252,-34.2244,202.024,0
2017-11-22,17,15.5,3.81,3.16667,90,64.8843,65.1033,-51.9181,-33.5173,229.14,0
2017-11-22,18,14.6667,2.1,3.16667,90,64.7573,69.7111,-42.6329,-35.0561,248.571,0
2017-11-22,22,11.3333,0.58,3.33333,88,49.382,80.134,-47.2419,-29.9235,299.815,0
2017-11-23,0,10.5,0.0,3.5,90,52.6,79.6,-48.9656,-20.282,336.3,0
2017-11-23,1,9.83333,0.0,3.66667,87,57.1544,82.3192,-44.9502,-22.761,346.92,0
2017-11-23,2,9.66667,0.0,4.0,93,58.4583,82.7421,-52.3412,-25.8224,312.12,0
2017-11-23,3,9.5,0.0,4.16667,98,59.4711,80.1197,-51.4173,-25.4397,324.48,0
2017-11-23,4,9.0,0.0,4.33333,93,60.4255,78.0801,-50.4935,-25.0571,347.564,0
2017-11-23,5,9.0,0.0,4.33333,100,61.6037,76.3707,-47.7218,-23.909,376.32,0
2017-11-23,6,9.0,0.0,4.33333,100,61.9161,74.4184,-47.7218,-23.909,376.32,0
2017-11-23,7,9.83333,0.0,4.5,96,61.21,74.9766,-49.8895,-20.6647,356.4,0
2017-11-23,8,10.6667,0.0,4.5,92,60.6629,76.6856,-29.4985,-17.6033,300.0,0
2017-11-23,9,11.1667,0.0,4.66667,93,60.3477,75.7652,-25.803,-16.0726,278.25,0
2017-11-23,10,12.1667,0.0,5.0,86,63.3147,74.1512,-26.8972,-21.4964,250.92,0
2017-11-23,11,13.1667,0.0,6.0,80,64.7837,74.1281,-21.354,-19.2004,271.385,0
2017-11-23,12,14.3333,0.0,6.83333,82,59.5172,69.9935,-45.6677,-30.5141,248.571,0
2017-11-23,13,14.5,0.0,7.66667,76,53.8134,65.44,-48.4394,-31.6622,206.7,0
2017-11-23,14,14.8333,0.0,8.33333,80,50.2476,66.4552,-52.8884,-28.5344,204.429,0
2017-11-23,15,15.8333,0.0,8.66667,84,50.1567,66.0277,-54.7361,-29.2997,202.725,0
2017-11-23,16,16.3333,0.0,8.83333,91,52.5974,64.9047,-60.0522,-24.8742,194.541,0
2017-11-23,17,16.1667,0.0,8.5,84,56.0911,64.8843,-47.1179,-19.5167,229.125,0
2017-11-23,18,15.6667,0.0,8.16667,85,57.9452,64.7573,-60.9761,-25.2569,180.0,0
2017-11-23,22,12.3333,0.0,5.0,100,64.958,49.382,-53.2187,-31.5707,257.92,0
2017-11-24,0,10.3333,0.0,4.0,96,66.06,52.6,-43.4432,-32.078,305.455,0
2017-11-24,1,10.0,0.0,3.83333,94,67.8163,57.1544,-26.2805,-27.8685,359.9,0
2017-11-24,2,9.33333,0.0,3.66667,88,67.4832,58.4583,-34.5955,-31.3127,322.4,0
2017-11-24,3,8.66667,0.0,3.83333,88,66.8367,59.4711,-33.5012,-25.8888,360.0,0
2017-11-24,4,8.33333,0.0,3.66667,100,65.9445,60.4255,-32.1901,-20.7893,411.927,0
2017-11-24,5,7.66667,0.0,3.33333,100,64.7956,61.6037,-38.5541,-27.1533,360.0,0
2017-11-24,6,7.33333,0.0,3.16667,100,63.6036,61.9161,-36.3192,-21.6712,414.72,0
2017-11-24,7,6.66667,0.0,3.0,96,64.2617,61.21,-31.6998,-19.7578,460.8,0
2017-11-24,8,6.33333,0.0,3.0,92,64.802,60.6629,-36.3192,-21.6712,437.143,0
2017-11-24,9,6.5,0.0,3.33333,91,63.7599,60.3477,-47.5618,-25.9138,482.4,0
2017-11-24,10,6.66667,0.0,4.0,88,62.1084,63.3147,-44.9038,-28.1266,486.0,0
2017-11-24,11,6.83333,0.0,5.16667,76,60.956,64.7837,-44.5839,-32.1363,437.143,0
2017-11-24,12,7.66667,0.0,6.33333,74,60.9925,59.5172,-43.0665,-34.4073,466.4,0
2017-11-24,13,8.66667,0.0,7.66667,75,61.381,53.8134,-40.398,-29.574,440.64,0
2017-11-24,14,9.66667,0.0,8.66667,77,64.0536,50.2476,-20.1592,-25.7472,367.2,0
2017-11-24,15,10.6667,0.0,9.16667,81,66.2504,50.1567,-27.0031,-26.0967,300.0,0
2017-11-24,16,11.8333,0.0,9.5,89,70.8755,52.5974,-27.2094,-18.7262,281.657,0
2017-11-24,17,12.5,0.0,9.33333,82,73.0149,56.0911,3.97912,-9.94968,248.727,0
2017-11-24,18,12.8333,0.0,9.0,86,72.024,57.9452,-17.1836,-14.1592,255.2,0
2017-11-24,22,10.1667,0.0,8.0,83,60.065,64.958,-6.03904,-15.7562,353.455,0
2017-11-25,0,10.0,0.0,8.0,83,59.746,66.06,3.96096,-7.33728,311.1,1
2017-11-25,1,10.3333,0.0,7.83333,85,63.5838,67.8163,9.67464,8.41896,326.8,1
2017-11-25,2,10.0,0.0,7.83333,82,62.7021,67.4832,-8.56416,12.2458,329.018,1
2017-11-25,3,9.33333,0.0,7.66667,84,62.5205,66.8367,-15.0313,14.9245,311.564,1
2017-11-25,4,8.66667,0.0,7.5,84,62.5499,65.9445,-19.0313,14.9245,349.92,1
2017-11-25,5,8.16667,0.0,7.33333,90,62.2227,64.7956,-23.0313,14.9245,411.927,1
2017-11-25,6,7.66667,0.0,7.0,89,62.7393,63.6036,-15.0313,14.9245,372.764,1
2017-11-25,7,7.5,0.0,6.83333,89,63.6876,64.2617,-12.2597,13.7765,412.364,1
2017-11-25,8,7.5,0.0,6.66667,88,65.7713,64.802,-10.4119,13.0111,429.0,1
2017-11-25,9,7.66667,0.0,6.66667,92,66.6679,63.7599,5.82688,9.18432,443.143,1
2017-11-25,10,8.33333,0.0,6.83333,91,65.5258,62.1084,6.63716,0.84868,425.829,1
2017-11-25,11,9.16667,0.0,7.0,83,64.241,60.956,-7.43394,-6.22242,360.0,1
2017-11-25,12,9.16667,0.0,7.83333,71,61.21,60.9925,-33.4444,-11.1973,341.85,1
2017-11-25,13,9.83333,0.0,8.66667,68,55.8898,61.381,-31.7102,-19.9156,352.8,1
2017-11-25,14,11.1667,0.0,9.16667,74,53.0776,64.0536,-42.4057,-28.3345,319.2,1
2017-11-25,15,13.1667,0.0,9.5,78,56.0628,66.2504,-50.6071,-28.4179,250.92,1
2017-11-25,16,14.8333,0.0,9.66667,87,58.7898,70.8755,-45.6677,-30.5141,202.8,1
2017-11-25,17,15.6667,0.0,9.83333,79,60.0592,73.0149,-42.1426,-34.0246,192.0,1
2017-11-25,18,16.6667,0.0,9.5,82,60.4873,72.024,-41.0124,-41.0124,193.44,1
2017-11-25,22,14.6667,1.12,8.33333,86,40.612,60.065,5.0139,-14.4917,286.971,1
2017-11-26,0,13.3333,2.03,8.0,88,28.616,59.746,31.0657,5.35752,208.145,1
2017-11-26,1,13.1667,2.03,8.0,89,46.7822,63.5838,16.2389,14.5963,245.92,1
2017-11-26,2,13.3333,2.03,7.66667,89,38.3802,62.7021,-2.9706,24.759,299.0,1
2017-11-26,3,13.0,2.77,7.16667,91,21.2855,62.5205,-7.56276,35.8456,265.0,1
2017-11-26,4,13.6667,1.65,6.66667,90,18.29,62.5499,-30.5376,47.856,277.714,1
2017-11-26,5,15.0,2.39,6.16667,87,17.112,62.2227,-13.7765,55.2597,208.145,1
2017-11-26,6,16.3333,2.22,5.66667,89,13.0379,62.7393,-4.97484,56.0104,165.415,1
2017-11-26,7,17.0,2.22,5.16667,83,14.7186,63.6876,0.0,62.0,176.727,1
2017-11-26,8,16.8333,2.7,4.83333,92,16.8421,65.7713,10.6066,53.8582,222.927,1
2017-11-26,9,16.8333,2.44,4.66667,89,25.6326,66.6679,18.3849,64.0209,219.927,1
2017-11-26,10,15.6667,2.44,4.5,89,31.7035,65.5258,27.5773,54.0313,264.333,1
2017-11-26,11,14.1667,1.7,4.5,82,30.6468,64.241,38.1839,49.8895,273.28,1
2017-11-26,12,13.6667,1.19,4.5,80,32.1189,61.21,27.5773,49.0313,270.327,1
2017-11-26,13,13.5,1.19,4.5,74,31.429,55.8898,30.4057,52.7268,242.031,1
2017-11-26,14,13.8333,0.71,4.66667,75,28.9606,53.0776,31.1128,53.6507,245.92,1
2017-11-26,15,13.1667,0.23,4.66667,82,32.2995,56.0628,29.6986,51.803,251.631,1
2017-11-26,16,12.5,0.23,4.5,77,38.4856,58.7898,36.0626,47.1179,302.08,1
2017-11-26,17,11.5,0.23,4.16667,80,45.5866,60.0592,43.8408,57.2806,267.12,1
2017-11-26,22,7.66667,0.0,2.66667,84,61.848,40.612,31.1128,47.6507,425.455,1
2017-11-27,0,7.16667,0.0,2.33333,85,63.522,28.616,21.0385,49.0313,443.143,0
2017-11-27,1,6.66667,0.0,2.0,88,64.5821,46.7822,21.0385,53.0313,437.143,0
2017-11-27,2,5.5,0.0,1.16667,100,65.4474,38.3802,14.5581,50.2597,477.0,0
2017-11-27,3,5.0,0.0,0.666667,100,64.4978,21.2855,6.77985,48.2519,509.143,0
2017-11-27,4,4.66667,0.0,0.333333,97,64.3443,18.29,3.2443,51.7875,480.0,0
2017-11-27,5,4.5,0.0,0.166667,86,64.1761,17.112,0.41586,47.6159,603.2,0
2017-11-27,6,4.83333,0.0,-0.666667,100,64.6428,13.0379,-4.20354,49.5293,588.3,0
2017-11-27,7,5.33333,0.0,-0.666667,92,64.2832,14.7186,-16.9315,42.6854,635.25,0
2017-11-27,8,5.66667,0.0,-0.5,97,64.6677,16.8421,-27.5382,40.2442,626.4,0
2017-11-27,9,6.5,0.0,-0.333333,98,63.2311,25.6326,-30.1919,39.6507,604.2,0
2017-11-27,10,7.33333,0.0,0.0,87,59.5915,31.7035,-37.263,36.7218,504.9,0
2017-11-27,11,7.5,0.0,0.333333,86,56.5038,30.6468,-40.5116,32.9348,461.76,0
2017-11-27,12,7.83333,0.0,1.5,82,54.7975,32.1189,-30.9761,29.3993,420.0,0
2017-11-27,13,8.33333,0.0,2.0,79,54.4935,31.429,-26.5897,32.0485,413.4,0
2017-11-27,14,8.66667,0.0,2.83333,79,55.8662,28.9606,-26.1738,37.0446,360.0,0
2017-11-27,15,8.0,0.0,3.5,79,58.3486,32.2995,-24.5892,30.5892,403.68,0
2017-11-27,16,7.66667,0.0,3.66667,100,63.1746,38.4856,-26.8853,36.1325,386.88,0
2017-11-27,17,8.16667,0.0,3.66667,86,67.9395,45.5866,-26.2813,31.7401,417.6,0
2017-11-27,22,9.83333,0.0,1.33333,98,70.714,61.848,7.903,9.567,314.743,0
2017-11-28,0,10.8333,0.0,0.166667,93,68.934,63.522,51.0,0.0,340.267,0
2017-11-28,1,11.8333,0.0,-0.166667,100,75.1527,64.5821,56.0,0.0,294.0,0
2017-11-28,2,12.8333,0.0,-0.5,94,75.4569,65.4474,60.0,0.0,250.364,0
2017-11-28,3,13.3333,0.0,-0.833333,94,73.6864,64.4978,56.0,0.0,220.32,0
2017-11-28,4,14.0,0.0,-1.0,88,68.1173,64.3443,60.0,0.0,212.914,0
2017-11-28,5,14.6667,0.0,-1.0,84,63.8332,64.1761,33.0657,-5.35752,220.0,0
2017-11-28,6,15.6667,0.0,-0.833333,81,61.1025,64.6428,32.0657,-5.35752,241.553,0
2017-11-28,7,16.5,0.0,-0.666667,79,60.5995,64.2832,-3.41192,-13.0111,196.114,0
2017-11-28,8,16.8333,0.0,-0.333333,79,59.9428,64.6677,-22.9552,-15.3072,195.429,0
2017-11-28,9,17.5,0.0,0.166667,76,58.854,63.2311,-54.5089,-22.5781,186.66,0
2017-11-28,10,18.6667,0.0,0.666667,72,57.2343,59.5915,-52.6612,-21.8128,200.34,0
2017-11-28,11,19.8333,0.0,1.16667,69,56.5809,56.5038,-53.585,-22.1954,188.779,0
2017-11-28,12,19.3333,0.0,1.83333,67,55.2392,54.7975,-15.0313,-14.9245,170.133,0
2017-11-28,13,18.8333,0.0,2.66667,63,53.9692,54.4935,-14.1074,-14.5418,191.314,0
2017-11-28,14,18.5,0.0,3.16667,65,53.7856,55.8662,-10.4119,-13.0111,218.743,0
2017-11-28,15,18.0,0.0,3.66667,67,55.5462,58.3486,-47.1179,-19.5167,232.941,0
2017-11-28,16,17.0,0.0,4.0,77,59.9804,63.1746,-60.9761,-25.2569,187.2,0
2017-11-28,17,16.0,0.0,4.0,70,64.0624,67.9395,-59.1283,-24.4915,202.024,0
2017-11-28,18,15.3333,0.0,3.83333,69,63.1883,69.4792,-57.2806,-23.7262,217.412,0
2017-11-28,22,14.3333,0.0,3.0,77,70.09,70.714,5.05524,-10.3324,232.615,0
2017-11-29,1,12.3333,0.0,2.66667,80,68.6024,75.1527,51.0,0.0,302.08,0
2017-11-29,2,11.3333,0.0,2.5,82,68.0219,75.4569,42.6851,-3.44412,286.0,0
2017-11-29,3,10.0,0.0,2.16667,93,67.419,73.6864,35.6851,-3.44412,350.314,0
2017-11-29,4,8.83333,0.0,2.0,81,67.3821,68.1173,29.2179,-6.12288,342.514,0
2017-11-29,5,7.83333,0.0,2.0,78,67.5135,63.8332,8.75076,-8.80164,407.1,0
2017-11-29,6,7.5,0.0,2.0,86,68.5026,61.1025,3.20748,-11.0977,397.5,0
2017-11-29,7,7.66667,1.98,2.0,85,69.4898,60.5995,-14.4494,-16.7546,429.0,0
2017-11-29,8,7.83333,3.96,2.0,90,71.658,59.9428,-31.5205,-23.8257,417.6,0
2017-11-29,9,8.33333,3.96,2.16667,93,72.7052,58.854,-29.5696,-26.7456,405.45,0
2017-11-29,10,8.66667,5.03,2.16667,94,70.6156,57.2343,-46.8084,-30.5724,360.0,0
2017-11-29,11,9.16667,6.3,2.0,94,68.1111,56.5809,-40.238,-31.5788,367.2,0
2017-11-29,12,9.66667,6.86,2.16667,92,69.7675,55.2392,-41.0588,-35.6467,341.85,0
2017-11-29,13,9.33333,4.88,2.33333,92,68.9618,53.9692,-24.4019,-29.9899,324.48,0
2017-11-29,14,8.83333,2.9,2.16667,98,66.3372,53.7856,-9.33077,-22.9188,339.2,0
2017-11-29,15,8.5,3.53,2.0,98,66.1087,55.5462,-8.51006,-18.8509,389.88,0
2017-11-29,16,8.16667,3.02,1.66667,96,67.4903,59.9804,-6.6623,-18.0855,409.867,0
2017-11-29,17,7.5,1.75,1.5,90,72.2225,64.0624,-11.6121,-23.0353,374.0,0
2017-11-29,22,6.5,0.51,1.16667,98,75.1975,70.09,-14.6584,-17.6696,496.8,0
2017-11-30,1,7.83333,0.0,0.833333,92,77.6432,68.6024,27.2257,-7.36235,420.0,0
2017-11-30,2,7.83333,0.0,0.666667,92,78.7134,68.0219,42.3806,-1.9134,419.76,0
2017-11-30,3,7.16667,0.94,0.5,92,79.733,67.419,54.0,0.0,408.857,0
2017-11-30,4,7.33333,1.85,0.5,92,79.5839,67.3821,52.0,0.0,463.6,0
2017-11-30,5,7.0,2.76,0.666667,92,79.1144,67.5135,34.6851,-3.44412,453.6,0
2017-11-30,6,7.33333,3.67,0.666667,92,74.5227,68.5026,21.7353,-8.39389,479.467,0
2017-11-30,7,8.0,3.67,0.666667,92,72.9814,69.4898,9.29119,-16.7088,460.8,0
2017-11-30,10,10.8333,5.17,0.833333,100,62.2135,70.6156,-17.5782,-46.4378,326.4,0
2017-11-30,11,11.8333,5.66,0.833333,97,54.9087,68.1111,-17.986,-54.4224,251.6,0
2017-11-30,12,12.8333,6.17,0.833333,96,54.9225,69.7675,-15.3072,-47.9552,291.877,0
2017-11-30,13,13.6667,6.17,0.833333,93,55.39,68.9618,-10.3324,-50.9448,259.418,0
2017-11-30,15,15.0,4.19,1.0,94,56.6458,66.1087,-4.97484,-61.0104,188.308,0
2017-11-30,16,14.8333,2.82,1.0,93,58.37,67.4903,0.0,-63.0,195.52,0
2017-11-30,17,14.0,2.94,1.0,96,54.0517,72.2225,0.0,-61.0,218.625,0
2017-11-30,21,9.0,4.31,1.0,92,56.7042,76.3,16.6713,-51.2481,376.2,0
2017-11-30,22,8.83333,4.31,1.0,93,59.2451,75.1975,24.4495,-45.0263,403.015,0
2018-10-01,0,10.8333,0.0,7.5,80,43.9534,65.652,-37.194,-19.134,270.3,0
2018-10-01,1,9.83333,0.0,6.66667,82,45.5277,65.2263,-31.6507,-16.8379,343.385,0
2018-10-01,2,8.66667,0.0,6.0,89,43.5495,62.5425,-37.194,-19.134,343.938,0
2018-10-01,3,7.33333,0.0,5.33333,86,43.452,61.9613,-30.7268,-16.4552,435.771,0
2018-10-01,4,6.5,0.0,5.0,82,44.4138,57.3905,-34.9695,-20.6979,432.0,0
2018-10-01,5,5.83333,0.0,4.66667,82,45.1504,52.612,-39.2122,-24.9406,420.0,0
2018-10-01,6,6.16667,0.0,4.0,99,46.7446,49.1291,-29.8134,-23.1186,507.055,0
2018-10-01,7,6.66667,0.0,3.5,84,44.7826,48.0887,-25.3076,-24.566,532.0,0
2018-10-01,8,7.0,0.0,3.5,78,44.5963,48.1371,-40.6716,-30.93,496.8,0
2018-10-01,9,7.5,0.0,4.16667,77,38.9062,36.7082,-40.7852,-34.2908,457.6,0
2018-10-01,10,8.16667,0.0,5.33333,66,26.9502,23.7381,-38.0135,-33.1427,451.0,0
2018-10-01,11,9.16667,0.0,7.0,55,17.8711,12.1956,-23.7709,-28.9001,377.4,0
2018-10-01,12,10.6667,0.0,9.16667,47,14.9984,7.39978,-4.99267,-21.1219,341.85,0
2018-10-01,13,12.8333,0.0,11.3333,45,14.8707,5.93467,-8.67776,-2.59544,278.25,0
2018-10-01,14,14.5,0.0,13.3333,43,16.5511,5.35067,-10.2624,22.062,180.0,0
2018-10-01,15,15.0,0.0,15.3333,38,18.6242,5.65156,-38.1506,38.6918,186.353,0
2018-10-01,16,15.0,0.0,16.5,41,23.6848,6.61907,-30.93,40.6716,244.364,0
2018-10-01,17,14.1667,0.0,16.8333,51,29.0787,7.82267,-40.1688,44.4984,248.727,0
2018-10-01,18,12.8333,0.0,16.6667,57,36.8533,10.6316,-45.7121,46.7945,270.982,0
2018-10-01,19,10.1667,0.0,16.1667,63,46.9718,19.1026,-36.5196,37.602,357.0,0
2018-10-01,20,7.83333,0.0,15.1667,69,56.3944,30.2519,-40.7623,41.8447,368.6,0
2018-10-01,21,6.83333,0.0,13.5,84,60.1153,36.5543,-44.4578,43.3754,392.2,0
2018-10-01,22,6.5,0.0,11.8333,82,65.3073,42.3942,-43.1129,29.0416,477.9,0
2018-10-01,23,6.0,0.0,10.5,84,68.1961,43.672,-50.5039,32.1031,433.5,0
2018-10-02,0,5.16667,0.0,9.16667,94,67.2754,43.9534,-39.0186,23.6178,542.88,0
2018-10-02,1,5.16667,0.0,8.0,93,61.7568,45.5277,-35.0186,23.6178,544.32,0
2018-10-02,2,5.33333,0.0,7.33333,93,61.3058,43.5495,-19.7798,19.791,561.6,0
2018-10-02,3,6.0,0.0,7.16667,86,58.7274,43.452,-9.23649,17.4949,618.667,0
2018-10-02,4,6.66667,0.0,7.0,87,52.0811,44.4138,-6.6993,20.3697,561.6,0
2018-10-02,5,8.33333,0.0,7.0,84,47.9674,45.1504,1.23888,26.5963,457.6,0
2018-10-02,6,9.66667,0.0,7.33333,87,49.7586,46.7446,14.1732,34.2388,360.0,0
2018-10-02,7,11.0,0.0,7.66667,88,46.4277,44.7826,1.1732,46.2388,292.56,0
2018-10-02,8,12.6667,0.0,8.0,90,40.2627,44.5963,0.0,51.0,286.7,0
2018-10-02,9,13.5,0.0,8.16667,86,31.9872,38.9062,10.6066,52.8582,261.415,0
2018-10-02,10,14.3333,0.0,8.83333,74,26.7066,26.9502,10.6066,54.8582,235.2,0
2018-10-02,11,15.0,0.0,9.5,67,21.5452,17.8711,10.6066,59.8582,204.429,0
2018-10-02,12,16.3333,0.0,10.3333,58,14.1449,14.9984,10.6066,62.8582,187.68,0
2018-10-02,13,17.6667,0.0,11.1667,58,17.8866,14.8707,0.0,54.0,209.012,0
2018-10-02,14,18.5,0.0,12.0,53,19.5026,16.5511,0.0,59.0,171.953,0
2018-10-02,15,19.1667,0.0,12.6667,52,14.1245,18.6242,0.0,62.0,167.04,0
2018-10-02,16,19.3333,0.0,13.0,52,12.4402,23.6848,0.0,61.0,183.0,0
2018-10-02,17,19.0,0.0,13.0,52,12.9753,29.0787,-6.88824,55.6298,200.34,0
2018-10-02,18,18.5,0.0,12.6667,56,19.2239,36.8533,-6.88824,50.6298,232.737,0
2018-10-02,19,17.3333,0.0,12.1667,62,26.5495,46.9718,-6.88824,67.6298,180.0,0
2018-10-02,20,16.3333,0.0,11.3333,65,31.086,56.3944,-12.6284,62.488,201.4,0
2018-10-02,21,15.5,0.0,10.6667,64,27.6638,60.1153,-15.6397,55.7577,211.68,0
2018-10-02,22,15.1667,0.0,9.83333,63,26.8036,65.3073,-28.5741,46.1153,233.365,0
2018-10-02,23,15.5,0.0,9.16667,66,25.4881,68.1961,-43.3561,35.2381,228.48,0
2018-10-03,0,15.8333,0.0,8.66667,68,22.944,67.2754,-53.3219,27.8855,204.429,0
2018-10-03,1,16.8333,0.0,8.33333,72,17.5577,61.7568,-48.0418,19.8994,220.8,0
2018-10-03,2,18.0,0.0,8.16667,79,14.8219,61.3058,-52.6612,21.8128,186.353,0
2018-10-03,3,18.8333,0.0,7.83333,85,15.1348,58.7274,-51.8045,30.1565,168.505,0
2018-10-03,4,19.3333,0.0,7.66667,87,16.9702,52.0811,-47.6859,36.3207,178.286,0
2018-10-03,5,19.6667,0.0,7.66667,93,15.3522,47.9674,-35.5553,45.8381,191.314,0
2018-10-03,6,19.5,0.51,7.66667,82,7.89163,49.7586,-27.9769,48.5425,195.789,0
2018-10-03,7,19.0,0.51,7.66667,80,12.2248,46.4277,-27.2698,47.8354,202.926,0
2018-10-03,8,19.1667,2.08,7.83333,80,11.0,40.2627,-26.8871,46.9115,210.189,0
2018-10-03,9,20.1667,3.65,8.16667,81,7.21475,31.9872,-28.0352,49.6832,184.0,0
2018-10-03,10,21.6667,4.49,8.83333,72,9.95114,26.7066,-24.8742,60.0522,137.8,0
2018-10-03,11,23.5,4.49,9.33333,70,7.2293,21.5452,-20.282,48.9656,162.432,0
2018-10-03,12,25.1667,3.98,10.0,68,8.5825,14.1449,-10.715,55.8686,144.0,0
2018-10-03,13,27.0,4.74,10.6667,64,7.76489,17.8866,0.0,58.0,149.76,0
2018-10-03,14,28.3333,3.17,11.1667,62,6.79413,19.5026,0.0,57.0,149.1,0
2018-10-03,15,28.8333,1.6,11.6667,64,5.39872,14.1245,0.0,59.0,141.931,0
2018-10-03,16,29.0,1.52,11.8333,62,5.49311,12.4402,0.0,58.0,149.76,0
2018-10-03,17,28.5,1.52,11.8333,69,7.1087,12.9753,0.0,57.0,149.1,0
2018-10-03,18,27.6667,1.52,11.6667,62,7.33878,19.2239,0.0,56.0,157.076,0
2018-10-03,19,25.3333,0.76,11.3333,76,9.77279,26.5495,0.0,79.0,120.0,0
2018-10-03,20,23.8333,0.76,10.8333,70,11.3249,31.086,0.0,65.0,181.867,0
2018-10-03,21,22.5,0.76,10.3333,74,12.9409,27.6638,14.8493,57.4015,200.348,0
2018-10-03,22,21.0,0.0,9.66667,78,13.2603,26.8036,28.9915,52.8791,184.08,0
2018-10-03,23,19.3333,0.0,9.0,86,11.0968,25.4881,43.1337,56.3567,178.286,0
2018-10-04,0,18.1667,0.0,8.16667,88,10.9377,22.944,40.3053,52.6612,200.34,0
2018-10-04,1,18.1667,0.0,7.5,88,9.35425,17.5577,26.1631,50.1836,229.14,0
2018-10-04,2,17.6667,0.0,7.0,92,8.67133,14.8219,26.1631,65.1836,193.44,0
2018-10-04,3,17.5,0.0,6.5,85,8.10683,15.1348,12.0209,64.706,187.2,0
2018-10-04,4,16.8333,0.0,6.16667,81,10.4458,16.9702,0.0,52.0,216.72,0
2018-10-04,5,16.8333,0.0,6.0,83,11.392,15.3522,0.0,53.0,221.0,0
2018-10-04,6,17.1667,0.0,6.0,87,12.7985,7.89163,0.0,52.0,232.737,0
2018-10-04,7,17.1667,0.0,6.0,87,15.2296,12.2248,0.0,51.0,229.125,0
2018-10-04,8,16.5,0.0,6.16667,86,15.5548,11.0,0.0,66.0,180.0,0
2018-10-04,9,16.3333,0.0,6.5,81,18.4347,7.21475,0.0,64.0,202.024,0
2018-10-04,10,16.6667,0.0,7.16667,72,25.9307,9.95114,0.0,65.0,201.4,0
2018-10-04,11,17.3333,0.0,7.83333,77,33.3863,7.2293,12.728,63.6298,180.0,0
2018-10-04,12,18.0,0.0,8.66667,66,31.7107,8.5825,27.5773,54.0313,191.133,0
2018-10-04,13,19.3333,0.0,9.66667,60,16.4476,7.76489,43.1337,56.3567,163.4,0
2018-10-04,14,20.3333,0.0,10.8333,54,13.1425,6.79413,46.6693,60.9761,147.714,0
2018-10-04,15,19.8333,0.0,12.0,43,11.1865,5.39872,31.82,61.5746,158.564,0
2018-10-04,16,19.0,0.0,12.6667,48,12.4965,5.49311,26.8702,55.1074,206.87,0
2018-10-04,17,18.0,0.0,13.1667,53,15.2004,7.1087,36.0626,67.1179,192.626,0
2018-10-04,18,16.1667,0.0,13.1667,58,16.5793,7.33878,30.4057,56.4753,229.14,0
2018-10-04,19,13.0,0.0,12.8333,75,23.8093,9.77279,38.1839,46.638,273.28,0
2018-10-04,20,10.5,0.0,11.8333,77,37.373,11.3249,38.1839,50.638,305.52,0
2018-10-04,21,9.0,0.0,10.5,84,46.7481,12.9409,38.1839,55.638,320.32,0
2018-10-04,22,7.83333,0.0,9.16667,87,49.2853,13.2603,25.2812,47.323,403.015,0
2018-10-04,23,6.33333,0.0,8.0,87,49.182,11.0968,21.0385,51.5657,396.277,0
2018-10-05,0,5.66667,0.0,7.16667,93,50.0673,10.9377,7.60346,43.7979,505.92,0
2018-10-05,1,6.16667,0.0,6.66667,91,48.5649,9.35425,2.65369,48.7477,484.0,0
2018-10-05,2,6.5,0.0,6.5,86,47.201,8.67133,-14.4201,40.8198,553.527,0
2018-10-05,3,6.66667,0.0,6.66667,88,41.7284,8.10683,-20.8873,43.4986,510.545,0
2018-10-05,4,7.5,0.0,7.0,86,36.9505,10.4458,-35.1326,32.0146,505.44,0
2018-10-05,5,8.16667,0.0,7.33333,86,34.3965,11.392,-21.8366,21.4714,451.0,0
2018-10-05,6,8.5,0.0,7.66667,89,35.1377,12.7985,-7.59391,17.2287,377.4,0
2018-10-05,7,8.5,0.0,8.0,79,37.942,15.2296,10.5985,8.03628,393.6,0
2018-10-05,8,8.16667,0.0,8.33333,87,39.8467,15.5548,24.0657,5.35752,393.6,0
2018-10-05,9,8.5,0.0,8.66667,77,40.1859,18.4347,29.0657,5.35752,375.943,0
2018-10-05,10,8.5,0.0,9.5,67,39.823,25.9307,51.0,0.0,425.455,0
2018-10-05,11,8.66667,0.0,10.5,64,38.518,33.3863,32.2218,7.77821,417.72,0
2018-10-05,12,8.83333,0.0,11.6667,58,37.7665,31.7107,33.2218,7.77821,395.2,0
2018-10-05,13,8.83333,0.0,12.8333,55,37.167,16.4476,34.2218,7.77821,361.029,0
2018-10-05,14,9.5,0.0,14.3333,51,38.147,13.1425,20.7546,10.457,336.96,0
2018-10-05,15,9.5,0.0,15.5,52,34.8729,11.1865,7.43971,13.9011,325.867,0
2018-10-05,16,8.66667,0.0,15.8333,59,31.9679,12.4965,-9.87521,17.3452,347.564,0
2018-10-05,17,7.33333,0.0,16.1667,70,27.9115,15.2004,-7.64028,11.8631,411.927,0
2018-10-05,18,6.83333,0.0,16.0,61,27.6716,16.5793,-10.4119,13.0111,439.855,0
2018-10-05,19,7.5,0.0,15.6667,61,37.1349,23.8093,-14.4119,13.0111,488.52,0
2018-10-05,20,7.5,0.0,14.6667,75,48.1884,37.373,-13.4119,13.0111,443.143,0
2018-10-05,21,8.0,0.0,13.3333,80,51.294,46.7481,2.05524,10.3324,432.667,0
2018-10-05,22,9.0,0.0,12.3333,81,52.0714,49.2853,1.88484,-1.59708,388.267,0
2018-10-05,23,9.66667,0.0,11.0,83,51.7824,49.182,7.42812,-13.0775,326.4,0
2018-10-06,0,9.66667,0.0,10.0,85,52.815,50.0673,7.42812,-13.0775,353.455,1
2018-10-06,1,9.16667,0.0,9.0,86,51.2696,48.5649,0.960961,-15.7562,335.345,1
2018-10-06,2,9.16667,0.0,8.16667,89,51.8449,47.201,-17.4301,-18.8177,352.8,1
2018-10-06,3,8.5,0.0,7.66667,92,52.3926,41.7284,-32.7941,-25.1817,381.9,1
2018-10-06,4,8.0,0.0,7.16667,90,52.6047,36.9505,-31.6998,-19.7578,433.1,1
2018-10-06,5,8.33333,0.0,6.5,97,53.1304,34.3965,-38.0638,-26.1218,384.8,1
2018-10-06,6,9.0,0.0,6.0,94,53.9867,35.1377,-33.3412,-27.8936,360.0,1
2018-10-06,7,9.16667,0.0,5.0,100,52.6604,37.942,-41.6523,-32.9931,356.4,1
2018-10-06,8,8.5,0.0,4.5,100,53.6077,39.8467,-40.6252,-36.2956,352.8,1
2018-10-06,9,9.0,0.0,4.66667,94,49.3341,40.1859,-37.7968,-33.4672,401.85,1
2018-10-06,10,9.5,0.0,5.66667,69,46.5728,39.823,-40.5684,-34.6152,366.667,1
2018-10-06,11,10.3333,0.0,7.33333,60,38.3598,38.518,-45.291,-32.8434,325.867,1
2018-10-06,12,11.0,0.0,9.16667,54,29.9555,37.7665,-17.1488,-18.7012,340.267,1
2018-10-06,13,12.3333,0.0,11.8333,50,27.3837,37.167,-21.1074,-14.5418,270.327,1
2018-10-06,14,14.5,0.0,14.3333,45,29.1535,38.147,6.05524,-10.3324,216.0,1
2018-10-06,15,15.5,0.0,16.5,44,30.5563,34.8729,35.1418,-5.7402,180.0,1
2018-10-06,16,15.6667,0.0,18.0,43,33.0815,31.9679,52.0,0.0,224.824,1
2018-10-06,17,15.6667,0.0,18.8333,52,43.5552,27.9115,65.0,0.0,194.541,1
2018-10-06,18,15.3333,0.0,19.0,59,49.1336,27.6716,62.0,0.0,224.0,1
2018-10-06,19,13.6667,0.0,18.5,69,53.3687,37.1349,57.0,0.0,258.353,1
2018-10-06,20,12.0,0.0,17.5,73,55.0188,48.1884,50.5328,2.67876,265.624,1
2018-10-06,21,11.0,0.0,16.1667,86,55.4972,51.294,26.1418,-0.38268,321.231,1
2018-10-06,22,11.0,0.0,14.5,88,56.5602,52.0714,2.97912,-4.59216,350.314,1
2018-10-06,23,10.3333,0.0,13.1667,84,53.9889,51.7824,-23.0313,-9.567,354.738,1
2018-10-07,0,9.83333,0.0,12.0,94,53.0279,52.815,-13.0313,-9.567,310.708,1
2018-10-07,1,10.6667,0.0,11.3333,85,52.3587,51.2696,-9.56416,-12.2458,319.2,1
2018-10-07,2,11.0,0.0,11.0,87,52.1147,51.8449,9.82688,-9.18432,294.0,1
2018-10-07,3,10.3333,0.0,10.8333,85,51.9107,52.3926,29.9896,-4.97484,321.231,1
2018-10-07,4,9.33333,0.0,10.8333,86,50.7293,52.6047,36.9896,-4.97484,310.708,1
2018-10-07,5,9.0,0.0,10.3333,100,49.8802,53.1304,56.0,0.0,349.92,1
2018-10-07,6,8.5,0.0,10.1667,90,49.812,53.9867,38.609,-3.06144,376.32,1
2018-10-07,7,7.66667,0.51,10.1667,86,49.7531,52.6604,22.1418,-5.7402,433.1,1
2018-10-07,8,7.0,0.51,10.3333,83,48.8161,53.6077,15.6746,-8.41896,410.4,1
2018-10-07,9,7.16667,0.51,10.8333,75,46.7902,49.3341,9.67464,-8.41896,473.28,1
2018-10-07,10,8.0,0.51,11.5,69,45.1422,46.5728,17.6746,-8.41896,420.0,1
2018-10-07,11,9.0,0.99,13.0,64,44.7637,38.3598,-10.4119,-3.8268,392.229,1
2018-10-07,12,9.83333,0.99,14.5,61,45.955,29.9555,3.97912,-0.76536,345.257,1
2018-10-07,13,11.0,0.48,15.8333,59,47.4835,27.3837,5.82688,9.18432,302.4,1
2018-10-07,14,11.8333,0.48,17.1667,59,48.2698,29.1535,-21.1074,14.5418,276.0,1
2018-10-07,15,12.6667,0.48,18.3333,56,46.0989,30.5563,-17.7991,17.7279,297.0,1
2018-10-07,16,12.3333,0.48,19.3333,53,44.5337,33.0815,-26.9915,26.9203,240.0,1
2018-10-07,17,11.5,0.0,20.0,63,44.5667,43.5552,-48.0626,33.9914,260.0,1
2018-10-07,18,11.5,0.0,20.1667,63,45.2686,49.1336,-40.4202,37.7142,307.8,1
2018-10-07,19,11.3333,0.0,19.8333,71,26.1849,53.3687,-27.4859,44.3567,305.455,1
2018-10-07,20,12.6667,0.0,19.0,76,11.1716,55.0188,-19.7076,49.5784,299.815,1
2018-10-07,21,15.5,0.0,17.6667,76,11.2737,55.4972,9.99097,50.8686,246.4,1
2018-10-07,22,16.8333,0.0,16.1667,80,10.5381,56.5602,41.1515,42.0341,127.108,1
2018-10-07,23,17.1667,0.0,14.5,86,6.75326,53.9889,53.8795,41.7621,131.368,1
2018-10-08,0,17.6667,0.0,13.0,89,7.14682,53.0279,48.2226,31.9866,230.04,0
2018-10-08,1,18.0,0.0,11.8333,85,6.99804,52.3587,58.8292,42.5932,215.04,0
2018-10-08,2,16.3333,0.0,10.8333,90,7.80106,52.1147,44.971,36.853,247.8,0
2018-10-08,3,13.0,0.0,9.83333,97,9.2637,51.9107,51.335,43.217,240.0,0
2018-10-08,4,11.0,0.0,8.83333,97,11.8448,50.7293,45.6782,37.5602,250.364,0
2018-10-08,5,10.0,0.0,8.0,100,15.1364,49.8802,42.1426,35.3252,336.0,0
2018-10-08,6,8.16667,0.0,7.33333,100,15.0673,49.812,45.6782,39.9446,352.0,0
2018-10-08,7,6.83333,0.0,6.5,100,15.3665,49.7531,48.5066,43.6401,371.28,0
2018-10-08,8,6.0,0.0,6.0,100,19.954,48.8161,42.8497,37.9833,467.28,0
2018-10-08,9,4.83333,0.0,6.16667,89,17.9215,46.7902,45.6782,41.6788,484.0,0
2018-10-08,10,4.66667,0.0,6.66667,77,17.1641,45.1422,47.7995,44.4504,507.52,0
2018-10-08,11,4.33333,0.0,7.33333,75,14.9158,44.7637,37.4768,35.1747,582.4,0
2018-10-08,12,4.5,0.0,8.16667,65,15.393,45.955,38.6249,32.403,593.6,0
2018-10-08,13,3.66667,0.0,9.33333,62,17.8933,47.4835,32.2609,31.039,682.08,0
2018-10-08,14,3.5,0.0,10.3333,59,18.4067,48.2698,32.2609,33.039,712.32,0
2018-10-08,15,3.66667,0.0,11.3333,51,16.5093,46.0989,32.2609,36.039,718.68,0
2018-10-08,16,3.33333,0.0,12.1667,48,15.6198,44.5337,28.0182,32.6635,781.0,0
2018-10-08,17,3.83333,0.0,12.8333,53,15.3959,44.5667,30.7899,33.8115,769.6,0
2018-10-08,18,3.16667,0.0,13.1667,54,19.4638,45.2686,32.0905,30.5643,746.64,0
2018-10-08,19,3.16667,0.0,13.0,62,34.9911,26.1849,33.0144,30.947,780.0,0
2018-10-08,20,3.33333,0.0,12.3333,78,46.3991,11.1716,31.3266,27.0929,842.4,0
2018-10-08,21,3.33333,0.0,11.1667,89,55.0534,11.2737,24.8026,24.9281,905.143,0
2018-10-08,22,3.33333,0.0,9.83333,92,59.6341,10.5381,21.1071,23.3974,865.543,0
2018-10-08,23,2.83333,0.0,8.33333,100,58.4193,6.75326,19.1573,18.4476,904.8,0
2018-10-09,0,3.66667,0.0,7.16667,93,57.7632,7.14682,19.3289,14.7521,915.2,0
2018-10-09,1,3.83333,0.0,6.16667,96,58.7983,6.99804,11.6643,9.68441,869.04,0
2018-10-09,2,3.5,0.0,5.5,98,58.5704,7.80106,6.00739,11.0986,877.2,0
2018-10-09,3,3.66667,0.0,5.0,100,59.588,9.2637,4.85935,11.8703,959.04,0
2018-10-09,4,3.66667,0.0,4.66667,100,58.4674,11.8448,0.23995,4.95687,887.4,0
2018-10-09,5,3.83333,0.0,4.5,100,58.1853,15.1364,-2.53169,1.80883,877.2,0
2018-10-09,6,3.83333,0.0,4.33333,98,57.9168,15.0673,-2.53169,-5.19117,872.1,0
2018-10-09,7,4.5,0.0,3.83333,100,57.6243,15.3665,-12.3744,-14.2774,885.6,0
2018-10-09,8,5.16667,0.0,3.66667,100,57.7354,19.954,-23.7914,-21.9059,720.0,0
2018-10-09,9,5.33333,0.0,3.83333,100,58.94,17.9215,-27.4869,-26.4981,717.6,0
2018-10-09,10,6.0,0.0,4.83333,76,55.7823,17.1641,-32.3346,-27.2634,665.6,0
2018-10-09,11,6.5,0.0,5.83333,74,51.5737,14.9158,-41.8018,-29.9422,622.2,0
2018-10-09,12,7.16667,0.0,7.16667,65,47.4279,15.393,-40.6044,-26.2036,570.24,0
2018-10-09,13,7.16667,0.0,9.16667,56,42.2283,17.8933,-42.4521,-26.9689,443.7,0
2018-10-09,14,7.33333,0.0,11.3333,51,40.8918,18.4067,-48.9193,-25.6477,420.0,0
2018-10-09,15,7.83333,0.0,13.1667,52,39.6971,16.5093,-37.6766,-21.405,420.0,0
2018-10-09,16,8.0,0.0,14.1667,51,39.4492,15.6198,-35.4985,-10.715,413.4,0
2018-10-09,17,8.0,0.0,15.0,61,41.1671,15.3959,-21.9552,-8.41896,392.229,0
2018-10-09,18,7.5,0.0,15.0,68,46.0348,19.4638,-8.48804,-5.7402,392.229,0
2018-10-09,19,7.66667,0.0,14.6667,76,54.2514,34.9911,4.97912,-3.06144,429.0,0
2018-10-09,20,7.16667,0.0,13.6667,82,59.9991,46.3991,22.2179,0.76536,425.829,0
2018-10-09,21,6.5,0.0,12.5,86,65.0476,55.0534,18.5224,-0.76536,420.0,0
2018-10-09,22,5.83333,0.0,11.3333,90,69.1541,59.6341,29.9896,1.9134,454.629,0
2018-10-09,23,5.0,0.0,10.1667,91,70.5273,58.4193,26.9896,1.9134,532.0,0
2018-10-10,0,4.83333,0.0,9.33333,92,71.4316,57.7632,28.9896,1.9134,564.667,0
2018-10-10,1,3.66667,0.0,8.5,92,71.2558,58.7983,43.3045,-1.53072,607.05,0
2018-10-10,2,4.0,0.0,7.83333,100,71.3998,58.5704,44.3045,-1.53072,655.2,0
2018-10-10,3,3.83333,0.0,7.33333,93,70.9002,59.588,40.0618,-5.77338,600.0,0
2018-10-10,4,4.0,0.0,6.83333,92,70.2611,58.4674,30.5311,-9.4689,663.257,0
2018-10-10,5,4.66667,0.0,6.5,96,70.457,58.1853,21.6177,-14.0883,707.143,0
2018-10-10,6,4.5,0.0,6.16667,85,71.5553,57.9168,10.375,-18.331,743.85,0
2018-10-10,7,5.0,0.0,6.16667,86,72.2027,57.6243,6.83949,-21.8665,702.0,0
2018-10-10,8,4.33333,0.0,6.0,100,73.1218,57.7354,-3.98895,-24.695,717.6,0
2018-10-10,9,4.66667,0.0,6.33333,94,71.4281,58.94,-5.83671,-25.4603,720.0,0
2018-10-10,10,4.66667,0.0,7.33333,78,69.2635,55.7823,-12.6845,-26.2257,747.3,0
2018-10-10,11,4.66667,0.0,8.83333,66,64.0913,51.5737,-21.3039,-28.1391,660.0,0
2018-10-10,12,4.5,0.0,10.5,63,57.4991,47.4279,-28.8471,-30.4352,660.0,0
2018-10-10,13,4.33333,0.0,12.5,57,52.3223,42.2283,-39.5427,-31.9659,667.8,0
2018-10-10,14,4.33333,0.0,14.8333,53,43.2185,40.8918,-42.3143,-33.1139,660.0,0
2018-10-10,15,4.33333,0.0,17.0,47,40.0051,39.6971,-39.9194,-29.6366,717.6,0
2018-10-10,16,4.5,0.0,18.3333,53,39.0672,39.4492,-43.932,-28.2372,685.44,0
2018-10-10,17,4.5,0.0,19.0,62,39.2158,41.1671,-46.2612,-27.8604,683.4,0
2018-10-10,18,4.5,0.0,19.1667,58,42.3571,46.0348,-42.0186,-29.6178,660.0,0
2018-10-10,19,5.33333,0.0,18.5,66,52.9216,54.2514,-41.3115,-28.9107,660.0,0
2018-10-10,20,5.83333,0.0,17.3333,76,59.5889,59.9991,-42.2921,-30.9737,600.0,0
2018-10-10,21,5.66667,0.0,15.6667,79,66.367,65.0476,-40.2844,-32.2132,600.0,0
2018-10-10,22,5.16667,0.0,14.1667,83,72.0624,69.1541,-39.2006,-33.8354,622.2,0
2018-10-10,23,5.16667,0.0,12.6667,86,72.3002,70.5273,-35.7786,-33.6606,655.2,0
2018-10-11,0,5.83333,0.0,11.5,82,72.0211,71.4316,-29.3114,-36.9818,581.4,0
2018-10-11,1,5.66667,0.0,10.6667,87,72.5989,71.2558,-24.9818,-41.3115,583.0,0
2018-10-11,2,6.16667,0.0,10.1667,85,73.012,71.3998,-23.4179,-43.5359,561.6,0
2018-10-11,3,6.5,0.0,9.83333,86,73.6189,70.9002,-23.4179,-45.5359,480.0,0
2018-10-11,4,7.0,0.0,9.33333,87,72.8898,70.2611,-20.5895,-49.7075,497.25,0
2018-10-11,5,7.33333,0.0,9.0,89,73.9773,70.457,-14.9326,-50.0506,480.0,0
2018-10-11,6,7.0,0.0,8.66667,89,74.5117,71.5553,-10.923,-50.3706,420.0,0
2018-10-11,7,7.66667,0.0,8.0,100,74.367,72.2027,-11.0977,-53.7925,420.0,0
2018-10-11,8,7.5,0.0,7.66667,100,74.7249,73.1218,-12.2458,-50.5642,425.829,0
2018-10-11,9,8.33333,0.0,7.66667,99,73.7815,71.4281,-12.2458,-50.5642,437.25,0
2018-10-11,10,9.66667,0.0,8.66667,76,69.9021,69.2635,-12.2458,-54.5642,360.0,0
2018-10-11,11,10.3333,0.0,9.66667,65,64.9423,64.0913,-17.6033,-54.4985,300.0,0
2018-10-11,12,11.5,0.0,11.3333,58,59.1741,57.4991,-12.2458,-53.5642,294.0,0
2018-10-11,13,11.8333,0.0,13.5,57,50.2951,52.3223,-5.35752,-49.9343,286.7,0
2018-10-11,14,12.5,0.0,15.6667,51,40.7349,43.2185,-5.35752,-50.9343,286.971,0
2018-10-11,15,14.0,0.0,17.8333,38,38.5648,40.0051,-9.567,-61.097,249.171,0
2018-10-11,16,14.5,0.0,19.0,41,41.5233,39.0672,-12.2458,-55.5642,223.385,0
2018-10-11,17,15.0,0.0,20.5,33,44.2481,39.2158,-18.7513,-58.2701,188.308,0
2018-10-11,18,14.8333,0.0,20.8333,42,49.8789,42.3571,-20.282,-48.9656,233.143,0
2018-10-11,19,15.3333,0.0,20.8333,48,53.1713,52.9216,-24.8742,-60.0522,220.8,0
2018-10-11,20,15.8333,0.0,20.3333,55,54.2365,59.5889,-22.9608,-55.4328,233.365,0
2018-10-11,21,14.3333,0.0,19.1667,64,53.5822,66.367,-16.4552,-53.7268,245.92,0
2018-10-11,22,14.3333,0.0,18.0,71,55.3776,72.0624,-15.3072,-50.9552,255.2,0
2018-10-11,23,14.1667,0.0,16.1667,80,54.3924,72.3002,-17.2206,-55.5746,235.125,0
2018-10-12,0,13.8333,0.0,14.6667,79,54.0052,72.0211,-16.4552,-53.7268,239.4,0
2018-10-12,1,13.0,0.0,13.3333,85,52.5091,72.5989,-23.5263,-46.7979,265.5,0
2018-10-12,2,13.0,0.0,12.1667,87,51.9666,73.012,-23.1437,-45.8741,302.824,0
2018-10-12,3,13.0,0.0,11.3333,78,52.2211,73.6189,-28.5012,-58.8084,248.4,0
2018-10-12,4,12.8333,0.0,10.6667,83,52.2611,72.8898,-26.5878,-54.189,268.029,0
2018-10-12,5,12.3333,0.0,10.3333,85,53.29,73.9773,-20.282,-48.9656,259.418,0
2018-10-12,6,12.1667,0.0,10.1667,84,54.6787,74.5117,-20.282,-48.9656,277.114,0
2018-10-12,7,11.8333,0.0,10.0,76,56.8953,74.367,-23.7262,-57.2806,258.514,0
2018-10-12,8,11.5,0.0,10.1667,77,57.8006,74.7249,-24.7326,-50.7102,291.5,0
2018-10-12,9,12.0,0.0,10.5,77,57.8931,73.7815,-24.7326,-50.7102,323.025,0
2018-10-12,10,11.6667,0.0,11.3333,66,58.5735,69.9021,-24.3499,-49.7864,294.0,0
2018-10-12,11,11.6667,0.0,12.5,58,56.6245,64.9423,-30.04,-49.5232,240.0,0
2018-10-12,12,12.6667,0.0,13.8333,54,54.4608,59.1741,-28.0101,-42.6225,276.0,0
2018-10-12,13,12.6667,0.0,15.5,52,51.875,50.2951,-34.0246,-42.1426,264.0,0
2018-10-12,14,12.1667,0.0,17.0,50,48.8756,40.7349,-40.3886,-48.5066,248.88,0
2018-10-12,15,11.8333,0.0,18.5,47,46.9419,38.5648,-38.0925,-42.9633,297.6,0
2018-10-12,16,11.6667,0.0,19.3333,50,47.5592,41.5233,-33.1678,-45.0742,282.764,0
2018-10-12,17,11.8333,0.0,20.0,51,50.7483,44.2481,-34.582,-46.4884,295.68,0
2018-10-12,18,11.0,0.0,20.1667,58,54.2861,49.8789,-28.5675,-46.9683,275.6,0
2018-10-12,19,10.6667,0.0,19.5,64,58.7641,53.1713,-31.4424,-44.4311,263.467,0
2018-10-12,20,10.6667,0.0,18.6667,73,63.3193,54.2365,-34.4654,-38.795,321.231,0
2018-10-12,21,9.66667,0.0,17.1667,86,64.1517,53.5822,-35.8545,-33.1485,366.277,0
2018-10-12,22,8.66667,0.0,16.0,83,64.7841,55.3776,-38.5333,-39.6157,355.385,0
2018-10-12,23,8.66667,0.0,14.6667,83,65.6883,54.3924,-32.0196,-36.8904,420.0,0
2018-10-13,0,8.66667,0.0,13.1667,94,66.8166,54.0052,-35.9128,-34.2892,403.68,1
2018-10-13,1,8.16667,0.0,12.3333,88,65.8441,52.5091,-33.7451,-37.5335,377.143,1
2018-10-13,2,7.83333,0.0,11.5,89,66.1532,51.9666,-36.5735,-40.3619,375.943,1
2018-10-13,3,7.33333,0.0,11.1667,88,65.8514,52.2211,-35.0561,-42.6329,402.8,1
2018-10-13,4,6.66667,0.0,10.5,90,64.5289,52.2611,-31.5206,-39.0974,460.8,1
2018-10-13,5,5.66667,0.0,9.83333,93,64.3531,53.29,-32.6686,-41.869,472.457,1
2018-10-13,6,5.16667,0.0,9.66667,88,63.973,54.6787,-32.2859,-40.9451,490.629,1
2018-10-13,7,5.66667,0.0,9.0,98,63.9611,56.8953,-32.2859,-40.9451,548.7,1
2018-10-13,8,5.66667,0.0,8.83333,95,63.902,57.8006,-37.2357,-45.8949,509.6,1
2018-10-13,9,7.0,0.0,9.0,89,64.0515,57.8931,-33.7002,-42.3594,561.0,1
2018-10-13,10,7.83333,0.0,10.0,75,62.463,58.5735,-32.2859,-40.9451,490.629,1
2018-10-13,11,8.33333,0.0,11.3333,61,60.9433,56.6245,-34.7272,-39.0568,420.0,1
2018-10-13,12,8.66667,0.0,12.8333,60,59.0136,54.4608,-37.1147,-39.8207,360.0,1
2018-10-13,13,9.16667,0.0,15.0,54,55.5504,51.875,-40.4548,-31.2544,377.143,1
2018-10-13,14,9.0,0.0,17.0,51,50.1,48.8756,-42.5761,-33.3757,329.829,1
2018-10-13,15,8.66667,0.0,18.6667,47,46.6904,46.9419,-41.869,-32.6686,394.4,1
2018-10-13,16,9.33333,0.0,19.6667,46,45.8863,47.5592,-37.2105,-33.4221,386.4,1
2018-10-13,17,9.66667,0.0,20.5,47,49.1464,50.7483,-40.906,-34.9528,339.2,1
2018-10-13,18,10.1667,0.0,20.8333,52,52.5416,54.2861,-42.3202,-36.3671,312.8,1
2018-10-13,19,10.0,0.0,20.5,58,58.0282,58.7641,-31.5264,-36.9384,319.0,1
2018-10-13,20,10.5,0.0,19.6667,67,59.5753,63.3193,-33.6477,-39.0597,309.12,1
2018-10-13,21,10.3333,0.0,18.5,72,62.6316,64.1517,-33.265,-38.1358,336.3,1
2018-10-13,22,10.1667,0.0,17.0,85,67.0543,64.7841,-36.7092,-46.4508,300.0,1
2018-10-13,23,9.83333,0.0,15.3333,86,67.5753,65.6883,-33.4008,-49.6368,300.0,1
2018-10-14,0,9.0,0.0,13.8333,88,67.0995,66.8166,-29.0667,-50.1735,333.9,1
2018-10-14,1,9.33333,0.0,12.8333,83,66.8909,65.8441,-27.1533,-45.5541,366.667,1
2018-10-14,2,9.33333,0.0,12.0,85,66.9916,66.1532,-20.7893,-50.1901,339.2,1
2018-10-14,3,9.66667,0.0,11.3333,86,67.95,65.8514,-20.7893,-50.1901,339.2,1
2018-10-14,4,9.66667,0.0,11.0,87,68.9795,64.5289,-25.1234,-49.6534,335.345,1
2018-10-14,5,9.83333,0.0,10.3333,93,68.3343,64.3531,-25.1234,-49.6534,312.8,1
2018-10-14,6,10.0,0.0,9.83333,94,67.1223,63.973,-26.0716,-41.9424,341.127,1
2018-10-14,7,9.83333,0.0,9.16667,94,67.2307,63.9611,-31.7285,-47.5993,311.564,1
2018-10-14,8,10.5,0.0,8.83333,89,65.3402,63.902,-35.5553,-45.8381,300.0,1
2018-10-14,9,10.6667,0.0,9.0,78,62.979,64.0515,-33.5254,-38.9374,341.127,1
2018-10-14,10,10.8333,0.0,9.66667,69,58.3928,62.463,-34.2325,-39.6445,321.48,1
2018-10-14,11,11.6667,0.0,11.0,54,56.9951,60.9433,-35.6467,-41.0588,278.25,1
2018-10-14,12,13.0,0.0,12.5,52,54.4155,59.0136,-36.7697,-36.7697,281.538,1
2018-10-14,13,13.5,0.0,14.3333,47,51.6252,55.5504,-38.891,-38.891,245.1,1
2018-10-14,14,13.6667,0.0,16.1667,46,49.1469,50.1,-39.5982,-39.5982,235.2,1
2018-10-14,15,14.1667,0.0,17.6667,47,47.5671,46.6904,-36.4704,-44.0472,237.12,1
2018-10-14,16,14.5,0.0,18.5,47,45.9162,45.8863,-36.4704,-44.0472,243.6,1
2018-10-14,17,13.8333,0.0,19.1667,50,45.9144,49.1464,-35.0561,-42.6329,242.031,1
2018-10-14,18,13.5,0.0,19.3333,59,49.5498,52.5416,-33.6419,-41.2187,267.429,1
2018-10-14,19,14.1667,0.0,18.8333,67,52.4448,58.0282,-33.6419,-41.2187,273.28,1
2018-10-14,20,14.0,0.0,18.0,72,52.066,59.5753,-35.0561,-42.6329,248.571,1
2018-10-14,21,13.6667,0.0,16.8333,76,52.7853,62.6316,-34.349,-41.9258,238.255,1
2018-10-14,22,14.0,0.0,15.6667,81,53.919,67.0543,-35.7632,-43.34,239.4,1
2018-10-14,23,14.5,0.0,14.3333,79,51.2598,67.5753,-36.5286,-45.1878,241.553,1
2018-10-15,0,14.1667,0.0,13.1667,84,49.9676,67.0995,-34.4073,-43.0665,242.031,0
2018-10-15,1,13.3333,0.0,12.1667,81,49.4222,66.8909,-33.7002,-42.3594,251.631,0
2018-10-15,2,13.0,0.0,11.0,84,47.1066,66.9916,-29.0999,-44.2535,279.0,0
2018-10-15,3,12.8333,0.0,10.1667,85,45.2734,67.95,-36.8781,-52.0317,248.625,0
2018-10-15,4,12.5,0.0,9.5,86,44.0914,68.9795,-39.2406,-45.735,268.029,0
2018-10-15,5,12.3333,0.0,9.0,78,43.7951,68.3343,-39.2406,-45.735,249.9,0
2018-10-15,6,12.0,0.0,8.5,76,44.5742,67.1223,-39.9477,-46.4421,240.0,0
2018-10-15,7,11.5,0.0,8.16667,76,46.9772,67.2307,-39.1823,-44.5943,250.364,0
2018-10-15,8,10.6667,0.0,8.0,89,48.6888,65.3402,-37.7681,-43.1801,280.8,0
2018-10-15,9,10.1667,0.0,8.16667,76,48.1984,62.979,-33.5254,-38.9374,361.371,0
2018-10-15,10,9.33333,0.0,9.0,64,46.9909,58.3928,-39.8894,-45.3014,331.629,0
2018-10-15,11,9.66667,0.0,9.83333,55,46.0836,56.9951,-38.3048,-38.846,378.831,0
2018-10-15,12,9.66667,0.0,11.1667,53,44.3552,54.4155,-39.719,-40.2602,324.48,0
2018-10-15,13,10.0,0.0,12.8333,52,43.04,51.6252,-42.9633,-38.0925,312.8,0
2018-10-15,14,10.8333,0.0,15.0,44,39.3587,49.1469,-40.1349,-35.2641,300.667,0
2018-10-15,15,11.6667,0.0,17.0,39,38.6417,47.5671,-41.5491,-36.6783,275.6,0
2018-10-15,16,12.0,0.0,18.1667,41,38.2719,45.9162,-38.5917,-46.1685,276.48,0
2018-10-15,17,10.6667,0.0,18.8333,47,40.5291,45.9144,-35.7632,-43.34,273.48,0
2018-10-15,18,11.0,0.0,18.8333,60,45.518,49.5498,-33.6419,-41.2187,317.127,0
2018-10-15,19,11.0,0.0,18.1667,65,52.3823,52.4448,-30.4559,-44.5271,305.455,0
2018-10-15,20,10.8333,0.0,17.0,64,55.5549,52.066,-30.4559,-44.5271,328.714,0
2018-10-15,21,10.0,0.0,15.5,66,58.6557,52.7853,-32.1694,-38.6638,353.455,0
2018-10-15,22,10.0,0.0,14.0,73,60.1117,53.919,-35.6136,-46.9788,311.564,0
2018-10-15,23,10.5,0.0,12.5,79,61.4553,51.2598,-30.6638,-42.029,336.3,0
2018-10-16,0,10.1667,0.0,11.1667,87,62.524,49.9676,-33.1427,-38.0135,353.455,0
2018-10-16,1,9.0,0.0,10.1667,90,62.3742,49.4222,-40.2138,-45.0846,300.0,0
2018-10-16,2,9.16667,0.0,9.16667,92,62.5345,47.1066,-35.2641,-40.1349,376.32,0
2018-10-16,3,8.83333,0.0,8.33333,90,63.5049,45.2734,-32.4025,-43.2264,352.8,0
2018-10-16,4,7.83333,0.0,7.66667,89,62.9447,44.0914,-31.6371,-41.3787,398.618,0
2018-10-16,5,7.16667,0.0,7.16667,90,63.197,43.7951,-35.1726,-44.9142,398.945,0
2018-10-16,6,6.83333,0.0,6.83333,91,63.7878,44.5742,-29.6905,-42.6793,458.28,0
2018-10-16,7,7.33333,0.0,6.66667,82,64.7917,46.9772,-28.2763,-41.2651,488.52,0
2018-10-16,8,6.5,0.0,6.83333,81,66.227,48.6888,-30.955,-47.7323,449.28,0
2018-10-16,9,6.33333,0.0,6.66667,95,63.9127,48.1984,-28.1266,-44.9038,420.0,0
2018-10-16,10,6.5,0.0,7.5,69,62.485,46.9909,-29.5408,-46.318,492.0,0
2018-10-16,11,6.33333,0.0,9.0,59,58.7587,46.0836,-29.574,-40.398,528.0,0
2018-10-16,12,5.83333,0.0,10.8333,51,56.1086,44.3552,-34.1934,-42.3114,498.343,0
2018-10-16,13,5.83333,0.0,12.6667,48,52.5236,43.04,-36.134,-37.7576,501.84,0
2018-10-16,14,5.66667,0.0,14.5,44,48.1182,39.3587,-35.2773,-40.6893,480.0,0
2018-10-16,15,5.5,0.0,16.8333,41,45.1096,38.6417,-32.9812,-40.146,532.65,0
2018-10-16,16,5.83333,0.0,18.0,44,45.2666,38.2719,-27.3243,-39.4891,575.143,0
2018-10-16,17,6.0,0.0,18.5,42,47.0845,40.5291,-30.3024,-38.6788,540.6,0
2018-10-16,18,6.16667,0.0,18.3333,57,50.65,45.518,-31.603,-36.7322,540.6,0
2018-10-16,19,7.0,0.0,17.5,64,57.8542,52.3823,-31.603,-36.7322,540.6,0
2018-10-16,20,7.5,0.0,16.3333,64,64.15,55.5549,-27.3331,-41.6627,440.64,0
2018-10-16,21,7.66667,0.0,14.8333,74,69.9566,58.6557,-28.3706,-45.4062,420.0,0
2018-10-16,22,7.0,0.0,13.0,91,74.5648,60.1117,-29.9345,-38.1817,440.64,0
2018-10-16,23,6.83333,0.0,11.1667,92,75.7343,61.4553,-33.63,-39.7124,420.0,0
2018-10-17,0,6.33333,0.0,9.66667,91,78.0674,62.524,-37.1656,-38.248,469.05,0
2018-10-17,1,5.16667,0.0,8.66667,90,79.4539,62.3742,-39.2869,-40.3693,480.0,0
2018-10-17,2,5.0,0.0,7.83333,89,79.9962,62.5345,-35.5434,-39.3318,499.8,0
2018-10-17,3,4.83333,0.0,7.16667,90,79.5564,63.5049,-32.6789,-43.5029,480.0,0
2018-10-17,4,5.0,0.0,7.0,79,78.892,62.9447,-31.9718,-42.7958,587.1,0
2018-10-17,5,5.0,0.0,7.0,78,77.6884,63.197,-33.8852,-47.4152,572.0,0
2018-10-17,6,5.5,0.0,7.0,86,77.4427,63.7878,-31.2064,-40.948,635.25,0
2018-10-17,7,5.5,0.0,7.0,80,76.0495,64.7917,-25.5496,-41.2912,649.0,0
2018-10-17,8,5.0,0.0,7.16667,82,75.9757,66.227,-29.0851,-44.8267,600.0,0
2018-10-17,9,5.5,0.0,7.66667,76,74.5082,63.9127,-26.3732,-44.2796,600.0,0
2018-10-17,10,5.66667,0.0,8.83333,68,71.169,62.485,-24.799,-44.8702,540.0,0
2018-10-17,11,6.5,0.0,10.3333,59,62.9231,58.7587,-25.0069,-42.3721,595.2,0
2018-10-17,12,7.0,0.0,12.1667,54,60.577,56.1086,-29.3993,-42.9761,501.84,0
2018-10-17,13,7.66667,0.0,14.1667,49,52.9715,52.5236,-30.3143,-41.1851,461.76,0
2018-10-17,14,8.5,0.0,16.1667,44,50.1633,48.1182,-34.7649,-36.9297,440.64,0
2018-10-17,15,9.16667,0.0,17.8333,42,47.5245,45.1096,-38.0135,-33.1427,401.85,0
2018-10-17,16,10.0,0.0,18.6667,46,45.859,45.2666,-40.842,-35.9712,316.2,0
2018-10-17,17,9.66667,0.0,19.3333,41,47.8665,47.0845,-44.3775,-39.5067,300.0,0
2018-10-17,18,9.16667,0.0,19.1667,50,54.6633,50.65,-40.3679,-39.8267,312.8,0
2018-10-17,19,9.0,0.0,18.5,61,61.5219,57.8542,-39.5472,-35.7588,352.8,0
2018-10-17,20,8.5,0.0,17.1667,71,68.2194,64.15,-38.84,-35.0517,366.667,0
2018-10-17,21,7.0,0.0,15.8333,72,73.7346,69.9566,-24.5251,-31.6075,433.1,0
2018-10-17,22,5.83333,0.0,14.3333,82,77.0759,74.5648,-21.5251,-31.6075,464.0,0
2018-10-17,23,5.66667,0.0,12.6667,78,80.3935,75.7343,-21.5251,-35.6075,475.2,0
2018-10-18,0,5.33333,0.0,11.5,80,83.3293,78.0674,-15.7186,-33.5894,537.818,0
2018-10-18,1,4.5,0.0,10.3333,91,84.9748,79.4539,-15.7186,-37.5894,541.964,0
2018-10-18,2,4.5,0.0,9.66667,86,85.454,79.9962,-17.8399,-39.7107,556.364,0
2018-10-18,3,4.66667,0.0,9.0,87,85.4451,79.5564,-10.0617,-37.9325,596.25,0
2018-10-18,4,4.33333,0.0,8.66667,88,85.5464,78.892,-8.53097,-34.237,649.0,0
2018-10-18,5,3.83333,0.0,8.33333,84,85.0202,77.6884,-9.29633,-36.0847,667.8,0
2018-10-18,6,4.33333,0.0,8.0,85,85.6867,77.4427,-5.28377,-37.4842,743.85,0
2018-10-18,8,5.0,0.0,8.16667,79,70.85,75.9757,-16.2335,-42.4339,632.4,0
2018-10-18,9,5.0,0.0,8.5,77,85.6273,74.5082,-21.1469,-47.0533,600.0,0
2018-10-18,10,5.16667,0.0,9.5,71,82.7281,71.169,-24.8425,-44.5841,663.257,0
2018-10-18,11,5.33333,0.0,10.8333,58,74.0593,62.9231,-21.8425,-44.5841,660.0,0
2018-10-18,12,5.16667,0.0,12.1667,61,68.5009,60.577,-22.6992,-37.6525,665.6,0
2018-10-18,13,4.16667,0.0,14.0,52,65.4209,52.9715,-26.1212,-37.8272,644.8,0
2018-10-18,14,4.0,0.0,15.8333,46,57.8502,50.1633,-27.969,-38.5926,660.0,0
2018-10-18,15,4.16667,0.0,17.8333,38,55.6137,47.5245,-31.6645,-34.1233,660.0,0
2018-10-18,16,4.5,0.0,19.0,43,57.3522,45.859,-29.3684,-33.58,627.3,0
2018-10-18,17,4.16667,0.0,19.8333,37,81.5225,47.8665,-24.3021,-25.2651,663.257,0
2018-10-18,18,3.33333,0.0,20.3333,50,63.7157,54.6633,-22.1808,-23.1437,660.0,0
2018-10-18,19,3.5,0.0,19.8333,59,71.2204,61.5219,-16.5239,-17.2701,812.25,0
2018-10-18,20,3.16667,0.0,18.5,75,77.6533,68.2194,-16.5239,-14.2701,810.0,0
2018-10-18,21,2.83333,0.0,16.8333,78,81.2835,73.7346,-17.2893,-12.4223,826.8,0
2018-10-18,22,2.83333,0.0,15.0,90,84.1311,77.0759,-8.6324,-6.76546,894.24,0
2018-10-18,23,3.83333,0.0,13.3333,83,86.8048,80.3935,-8.6324,2.47334,874.5,0
2018-10-19,0,4.33333,0.0,11.8333,85,89.6266,83.3293,-1.57289,12.319,773.76,0
2018-10-19,1,4.33333,0.0,10.8333,88,90.8557,84.9748,1.96266,19.8545,820.8,0
2018-10-19,2,4.83333,0.0,10.3333,89,91.0302,85.454,1.96266,22.8545,805.8,0
2018-10-19,3,5.5,0.0,9.83333,93,91.8037,85.4451,9.3537,30.916,780.0,0
2018-10-19,4,5.83333,0.0,9.66667,93,85.3638,85.5464,13.0492,39.4467,720.0,0
2018-10-19,5,5.5,0.0,9.33333,84,76.464,85.0202,9.51367,46.8273,693.6,0
2018-10-19,6,5.83333,0.0,9.16667,92,73.7975,85.6867,11.635,47.2492,540.0,0
2018-10-19,8,6.5,0.0,9.0,90,81.4944,70.85,19.7991,51.8686,564.667,0
2018-10-19,9,7.0,0.0,9.16667,86,80.454,85.6273,17.6777,49.097,556.5,0
2018-10-19,10,7.83333,0.0,9.83333,80,79.1692,82.7281,24.7488,49.1681,440.64,0
2018-10-19,11,8.5,0.0,10.6667,72,74.7775,74.0593,35.8354,41.7603,408.857,0
2018-10-19,12,9.83333,0.0,11.5,75,70.0696,68.5009,41.0483,32.5026,385.0,0
2018-10-19,13,10.6667,0.0,12.3333,70,69.2392,65.4209,45.4973,26.7735,286.2,0
2018-10-19,14,12.0,0.0,13.5,66,65.2353,57.8502,51.4173,25.4397,262.08,0
2018-10-19,15,12.6667,0.0,14.6667,59,62.7083,55.6137,57.2806,23.7262,240.0,0
2018-10-19,16,13.1667,0.0,15.1667,61,60.0892,57.3522,48.9656,20.282,277.114,0
2018-10-19,17,12.8333,0.0,15.1667,88,59.2872,81.5225,51.0313,14.9245,248.727,0
2018-10-19,18,11.8333,0.0,14.8333,83,58.0049,63.7157,49.1836,14.1592,286.971,0
2018-10-19,19,11.5,0.0,14.3333,87,60.8781,71.2204,56.5746,17.2206,277.714,0
2018-10-19,20,10.5,0.0,13.6667,85,65.6236,77.6533,50.0043,18.2271,328.714,0
2018-10-19,21,8.33333,0.0,12.3333,98,70.4952,81.2835,57.3953,21.2885,310.371,0
2018-10-19,22,6.5,0.0,10.8333,100,76.6677,84.1311,57.3953,22.2885,360.0,0
2018-10-19,23,5.83333,0.0,9.83333,99,75.9469,86.8048,44.461,20.931,492.88,0
2018-10-20,0,4.83333,0.0,9.0,95,74.6843,89.6266,44.461,25.931,497.28,1
2018-10-20,1,3.83333,0.0,8.33333,96,74.9333,90.8557,44.461,27.931,535.68,1
2018-10-20,2,3.16667,0.0,7.5,96,75.0517,91.0302,44.461,30.931,554.88,1
2018-10-20,3,3.0,0.0,7.0,99,73.583,91.8037,29.461,34.931,649.6,1
2018-10-20,4,2.33333,0.0,6.83333,97,71.5943,85.3638,29.461,34.931,716.8,1
2018-10-20,5,2.16667,0.0,6.33333,100,70.6367,76.464,29.461,34.931,784.0,1
2018-10-20,6,2.0,0.0,6.16667,95,69.7018,73.7975,32.2894,37.7594,762.667,1
2018-10-20,7,2.33333,0.0,6.16667,95,69.3698,65.78,33.2133,38.1421,802.4,1
2018-10-20,8,2.0,0.0,6.16667,90,69.1917,81.4944,29.5178,36.6114,874.8,1
2018-10-20,9,2.33333,0.25,6.5,89,68.1965,80.454,31.3655,37.3768,889.2,1
2018-10-20,10,3.0,0.25,7.16667,82,65.7688,79.1692,32.7798,38.791,900.0,1
2018-10-20,11,3.0,0.25,8.33333,75,65.7633,74.7775,29.0842,34.1988,1026.67,1
2018-10-20,12,3.16667,0.25,9.33333,68,65.8988,70.0696,27.5535,30.5033,986.0,1
2018-10-20,13,2.33333,0.25,10.3333,64,63.5808,69.2392,21.1895,26.1393,1154.25,1
2018-10-20,14,2.66667,1.11,11.3333,64,58.2573,65.2353,21.1895,26.1393,1222.65,1
2018-10-20,15,3.5,0.86,11.8333,76,55.1021,62.7083,21.1895,30.1393,1168.65,1
2018-10-20,16,3.83333,0.86,12.0,71,54.1496,60.0892,7.33134,23.3991,1055.7,1
2018-10-20,17,4.5,0.86,11.8333,83,56.2215,59.2872,1.78806,17.103,1020.0,1
2018-10-20,18,4.66667,0.86,11.5,94,54.1311,58.0049,-1.27338,-0.28802,933.3,1
2018-10-20,19,5.5,0.86,10.8333,94,54.4076,60.8781,-4.04502,-5.43606,842.4,1
2018-10-20,20,5.5,0.97,10.1667,93,54.9609,65.6236,-11.3329,-12.1827,801.36,1
2018-10-20,21,5.16667,0.97,9.66667,92,54.499,70.4952,-18.7807,-16.9246,765.0,1
2018-10-20,22,5.0,0.97,9.16667,94,60.1082,76.6677,-25.5783,-22.6397,717.6,1
2018-10-20,23,5.33333,0.97,8.66667,96,55.0969,75.9469,-29.2738,-26.109,688.5,1
2018-10-21,0,6.5,0.97,8.16667,95,52.9991,74.6843,-23.9163,-37.6523,555.429,1
2018-10-21,1,7.16667,0.97,7.83333,93,46.8528,74.9333,-8.2103,-38.8003,480.0,1
2018-10-21,2,7.83333,0.0,7.5,95,47.0349,75.0517,8.70934,-25.6691,478.4,1
2018-10-21,3,8.66667,0.0,7.16667,99,46.6452,73.583,22.4076,-17.924,429.3,1
2018-10-21,4,9.33333,0.0,6.83333,97,44.9633,71.5943,35.8427,-4.48894,356.16,1
2018-10-21,5,9.16667,0.0,6.33333,96,45.3672,70.6367,42.2066,6.87505,349.92,1
2018-10-21,6,9.16667,0.0,6.0,97,46.0302,69.7018,46.6948,19.558,363.0,1
2018-10-21,7,9.16667,0.0,5.66667,96,46.9065,69.3698,46.6948,27.2116,352.8,1
2018-10-21,8,8.0,0.0,5.33333,92,46.069,69.1917,44.7438,30.1314,341.85,1
2018-10-21,9,7.16667,0.0,5.0,100,43.7396,68.1965,44.7438,31.1314,390.0,1
2018-10-21,10,6.66667,0.0,5.16667,88,40.7544,65.7688,37.3528,33.07,458.28,1
2018-10-21,11,5.5,0.0,5.66667,87,36.7121,65.7633,41.5955,38.6133,434.52,1
2018-10-21,12,4.66667,0.0,6.66667,70,34.5819,65.8988,35.9386,33.3899,549.067,1
2018-10-21,13,4.16667,0.0,7.83333,69,27.3994,63.5808,39.4741,36.9255,530.0,1
2018-10-21,14,4.83333,0.0,9.16667,57,19.4673,58.2573,30.8141,36.1048,582.4,1
2018-10-21,15,5.16667,0.0,10.8333,52,16.4788,55.1021,34.3496,39.6403,557.6,1
2018-10-21,16,5.33333,0.0,11.8333,57,15.1862,54.1496,32.5019,33.5174,609.12,1
2018-10-21,17,6.16667,0.0,12.5,54,18.3318,56.2215,28.2128,34.6404,649.6,1
2018-10-21,18,5.83333,0.0,12.5,64,29.6194,54.1311,28.316,30.9552,540.0,1
2018-10-21,19,5.5,0.0,12.0,75,45.2872,54.4076,30.4373,32.7268,586.56,1
2018-10-21,20,5.83333,0.0,11.0,80,52.5662,54.9609,30.4373,31.7268,626.4,1
2018-10-21,21,5.33333,0.0,9.66667,88,58.0375,54.499,29.7302,30.8029,570.24,1
2018-10-21,22,4.5,0.0,8.5,92,61.1298,60.1082,29.7302,34.8029,540.0,1
2018-10-21,23,4.33333,0.0,7.5,96,62.6935,55.0969,26.1947,33.2674,626.4,1
2018-10-22,0,4.66667,0.0,6.66667,92,65.4044,52.9991,28.4907,33.7241,610.56,0
2018-10-22,1,4.66667,0.0,5.83333,98,63.881,46.8528,24.9552,35.1886,641.143,0
2018-10-22,2,4.0,0.0,5.33333,98,64.0078,47.0349,28.9552,35.1886,620.743,0
2018-10-22,3,3.83333,0.0,4.83333,100,58.5584,46.6452,20.3667,39.9887,707.143,0
2018-10-22,4,3.83333,0.0,4.33333,100,54.0296,44.9633,18.2454,42.11,704.229,0
2018-10-22,5,3.83333,0.0,3.83333,99,51.8127,45.3672,16.8312,43.5242,720.0,0
2018-10-22,6,4.0,0.0,3.33333,98,50.0104,46.0302,11.8814,44.5744,743.143,0
2018-10-22,7,4.33333,0.0,3.16667,97,49.1465,46.9065,3.29289,45.124,717.6,0
2018-10-22,8,4.5,0.0,3.33333,95,48.9865,46.069,3.29289,47.124,726.857,0
2018-10-22,9,4.83333,0.0,3.83333,87,50.4035,43.7396,-1.65688,44.6569,747.3,0
2018-10-22,10,6.16667,0.0,4.5,84,51.9727,40.7544,-1.65688,45.6569,660.0,0
2018-10-22,11,6.66667,0.0,5.16667,82,54.4339,36.7121,-5.48368,46.8957,624.24,0
2018-10-22,12,7.33333,0.0,6.0,81,53.7749,34.5819,-10.8065,48.0893,540.8,0
2018-10-22,13,8.0,0.0,7.0,72,53.5623,27.3994,-11.0977,53.7925,420.0,0
2018-10-22,14,9.16667,0.0,8.0,66,52.339,19.4673,-20.3365,45.6193,395.2,0
2018-10-22,15,9.83333,0.0,9.0,62,49.5719,16.4788,-30.4992,39.8288,300.0,0
2018-10-22,16,9.5,0.0,9.83333,61,49.6028,15.1862,-36.8632,41.1928,312.12,0
2018-10-22,17,9.5,0.0,10.6667,82,50.7847,18.3318,-36.0978,39.345,325.867,0
2018-10-22,18,9.33333,0.51,11.1667,69,53.2349,29.6194,-32.6537,40.0301,337.08,0
2018-10-22,19,9.5,0.51,11.1667,74,52.9057,45.2872,-35.1909,37.1553,349.92,0
2018-10-22,20,9.66667,0.51,10.8333,92,55.1358,52.5662,-36.1148,37.538,347.564,0
2018-10-22,21,9.83333,1.04,10.1667,95,56.0367,58.0375,-37.0387,37.9207,312.8,0
2018-10-22,22,10.8333,1.04,9.5,92,53.1873,61.1298,-36.852,27.9924,340.267,0
2018-10-22,23,11.5,1.04,8.66667,94,45.6598,62.6935,-36.852,32.9924,275.6,0
2018-10-23,0,11.8333,0.53,7.83333,94,40.532,65.4044,-21.2956,38.6389,250.364,0
2018-10-23,1,12.1667,0.53,7.16667,95,39.7287,63.881,-3.35472,44.5921,260.0,0
2018-10-23,2,12.3333,0.53,6.5,95,41.7246,64.0078,26.1631,48.1836,297.0,0
2018-10-23,3,12.8333,0.0,6.0,97,36.027,58.5584,35.3555,60.194,240.0,0
2018-10-23,4,13.0,0.0,5.5,85,32.1131,54.0296,44.5479,58.2044,240.0,0
2018-10-23,5,13.3333,0.0,5.16667,86,26.1151,51.8127,38.1839,49.8895,261.415,0
2018-10-23,6,13.8333,0.0,4.83333,90,21.8685,50.0104,28.9915,52.8791,242.031,0
2018-10-23,7,14.5,0.76,4.66667,88,20.8757,49.1465,19.7991,54.8686,232.615,0
2018-10-23,8,15.5,0.76,4.66667,88,20.2131,48.9865,10.6066,59.8582,211.68,0
2018-10-23,9,16.6667,0.76,4.66667,93,23.0551,50.4035,0.0,65.0,180.0,0
2018-10-23,10,17.5,0.76,5.0,85,26.1102,51.9727,-7.6536,54.4776,193.765,0
2018-10-23,11,19.6667,2.18,5.33333,85,22.6622,54.4339,-21.7958,51.6198,181.895,0
2018-10-23,12,22.0,3.6,5.83333,78,24.7491,53.7749,-41.5949,52.4189,131.04,0
2018-10-23,13,24.5,3.81,6.33333,80,22.6998,53.5623,-39.5982,39.5982,154.286,0
2018-10-23,14,24.6667,4.78,6.83333,76,22.3985,52.339,-42.4266,42.4266,134.057,0
2018-10-23,15,26.3333,4.78,7.33333,75,22.0415,49.5719,-36.7697,36.7697,186.0,0
2018-10-23,16,31.1667,5.75,7.66667,73,19.7433,49.6028,-57.983,57.983,120.0,0
2018-10-23,17,33.6667,5.3,7.83333,87,18.2379,50.7847,-39.9646,66.4834,63.24,0
2018-10-23,18,34.3333,3.88,8.0,92,19.6477,53.2349,-35.2066,84.997,78.1714,0
2018-10-23,19,33.0,4.89,8.0,97,24.2677,52.9057,-28.701,69.291,115.758,0
2018-10-23,20,35.0,3.92,7.83333,96,29.2077,55.1358,-21.4301,51.7373,165.3,0
2018-10-23,21,34.3333,3.92,7.83333,97,21.7415,56.0367,-9.18432,54.1731,142.8,0
2018-10-23,22,29.5,2.95,7.66667,93,13.3556,53.1873,0.0,58.0,155.4,0
2018-10-23,23,27.1667,3.96,7.5,90,18.4536,45.6598,0.0,78.0,137.7,0
2018-10-24,0,28.5,3.96,7.33333,87,10.4547,40.532,0.0,75.0,124.754,0
2018-10-24,1,31.5,4.06,7.5,84,5.42042,39.7287,0.0,69.0,96.8276,0
2018-10-24,2,30.5,6.14,7.5,82,2.00128,41.7246,0.0,82.0,83.52,0
2018-10-24,3,31.3333,6.14,7.33333,80,1.83187,36.027,0.0,68.0,139.543,0
2018-10-24,4,35.1667,8.22,7.0,85,2.23208,32.1131,0.0,57.0,143.308,0
2018-10-24,5,36.3333,6.24,6.83333,79,2.26896,26.1151,30.4057,70.7268,83.8452,0
2018-10-24,6,34.8333,6.24,6.66667,86,2.52915,21.8685,30.4057,75.7268,101.805,0
2018-10-24,7,33.5,4.16,6.33333,79,3.25511,20.8757,0.0,67.0,126.5,0
2018-10-24,8,35.6667,2.08,6.16667,79,3.68093,20.2131,24.0417,55.0417,120.077,0
2018-10-24,9,35.8333,2.84,6.0,77,4.52872,23.0551,51.619,51.619,96.8824,0
2018-10-24,10,35.3333,0.76,6.0,76,5.07854,26.1102,50.2048,50.2048,119.262,0
2018-10-24,11,35.1667,0.76,6.16667,68,4.97875,22.6622,59.5827,37.9347,94.5,0
2018-10-24,12,38.3333,0.76,6.33333,65,5.01354,24.7491,61.704,47.643,107.25,0
2018-10-24,13,39.5,0.76,6.5,61,4.55979,22.6998,60.1043,67.6913,60.0,0
2018-10-24,14,40.3333,0.76,6.83333,55,3.83208,22.3985,64.347,73.2346,83.544,0
2018-10-24,15,41.3333,0.0,7.33333,52,3.90065,22.0415,60.1043,78.5298,77.0341,0
2018-10-24,16,41.1667,0.0,7.66667,55,3.95067,19.7433,57.983,75.7582,94.6909,0
2018-10-24,17,42.6667,0.0,7.83333,62,4.6337,18.2379,54.4475,62.6847,94.3895,0
2018-10-24,18,40.5,0.0,7.83333,61,6.39553,19.6477,58.6901,58.6901,77.5385,0
2018-10-24,19,39.8333,0.0,7.66667,69,5.81932,24.2677,57.2759,57.2759,97.9364,0
2018-10-24,20,37.1667,0.0,7.16667,71,6.55884,29.2077,52.3261,52.3261,102.162,0
2018-10-24,21,35.5,0.0,6.5,65,6.95936,21.7415,45.9622,45.9622,137.773,0
2018-10-24,22,32.3333,0.0,6.0,71,7.48667,13.3556,39.5982,39.5982,154.286,0
2018-10-24,23,29.0,0.0,5.33333,76,7.56043,18.4536,53.7404,58.0758,129.257,0
2018-10-25,0,25.6667,0.0,4.83333,77,9.56852,10.4547,50.9119,60.4498,148.8,0
2018-10-25,1,21.6667,0.0,4.33333,79,9.3017,5.42042,43.1337,56.3567,173.46,0
2018-10-25,2,20.0,0.0,4.16667,81,10.0955,2.00128,38.1839,49.8895,238.0,0
2018-10-25,3,18.0,0.0,3.66667,85,10.824,1.83187,50.9119,66.5194,192.4,0
2018-10-25,4,17.3333,0.0,3.16667,82,11.4183,2.23208,33.9413,60.3462,202.024,0
2018-10-25,5,15.8333,0.0,2.83333,83,11.769,2.26896,33.2342,59.4224,180.0,0
2018-10-25,6,15.3333,0.0,2.5,88,14.4106,2.52915,34.6484,61.2701,201.4,0
2018-10-25,7,14.6667,1.12,2.33333,91,18.1545,3.25511,31.82,57.5746,218.625,0
2018-10-25,8,13.8333,2.24,2.33333,82,17.2304,3.68093,31.82,50.5746,279.0,0
2018-10-25,9,13.3333,2.24,2.66667,88,17.3241,4.52872,20.5062,48.7925,302.08,0
2018-10-25,10,13.1667,2.24,3.33333,89,22.9546,5.07854,15.5313,60.803,248.88,0
2018-10-25,11,13.6667,2.24,4.16667,92,20.7386,4.97875,-5.68195,57.5514,240.0,0
2018-10-25,12,15.0,2.24,5.16667,92,18.8394,5.01354,-28.3095,48.3451,214.338,0
2018-10-25,13,17.3333,1.12,6.33333,93,24.101,4.55979,-43.66,31.7536,192.0,0
2018-10-25,14,18.3333,0.0,7.5,82,21.2057,3.83208,-54.3026,29.9486,150.333,0
2018-10-25,15,20.3333,0.53,8.83333,75,14.3924,3.90065,-48.8455,34.7743,164.509,0
2018-10-25,16,22.0,0.53,9.66667,76,9.26918,3.95067,-28.5202,51.3554,151.93,0
2018-10-25,17,22.8333,0.53,10.1667,85,10.6334,4.6337,-7.27092,67.5537,120.0,0
2018-10-25,18,23.1667,0.53,10.3333,83,10.6716,6.39553,0.0,73.0,129.792,0
2018-10-25,19,23.3333,0.53,10.1667,91,12.1174,5.81932,16.9706,70.1731,134.832,0
2018-10-25,20,24.6667,1.01,9.66667,89,15.5219,6.55884,33.9413,67.3462,130.226,0
2018-10-25,21,24.1667,0.48,9.0,88,15.3531,6.95936,36.0626,47.1179,171.55,0
2018-10-25,22,24.0,0.48,8.33333,90,14.3643,7.48667,51.619,67.4432,124.95,0
2018-10-25,23,23.6667,0.48,7.83333,91,13.3729,7.56043,51.619,67.4432,139.2,0
