data,timeofday,windspeed6,opady6,temp6,rhumid,index_avg,prev_index_avg,wind_dir_ns,wind_dir_ew,dispel50,is_weekend
2017-11-01,1,11.1667,0.0,4.66667,86,24.6617,13.4883,-8.41896,55.3254,291.5,1
2017-11-01,3,11.1667,0.63,5.33333,92,21.97,12.3333,-8.41896,53.3254,305.455,1
2017-11-01,4,11.1667,0.63,5.66667,93,20.785,11.895,-13.0111,53.4119,294.0,1
2017-11-01,5,11.3333,0.63,5.83333,93,22.64,12.984,-13.0111,53.4119,294.0,1
2017-11-01,6,11.5,0.63,6.0,93,20.455,12.84,-13.3938,54.3358,273.48,1
2017-11-01,7,12.0,0.63,6.16667,93,25.17,19.625,-17.986,55.4224,270.3,1
2017-11-01,8,12.5,0.63,6.33333,93,25.36,22.67,-17.986,56.4224,260.0,1
2017-11-01,9,13.3333,0.0,6.5,82,27.635,23.57,-14.9245,49.0313,276.0,1
2017-11-01,10,14.0,0.0,6.66667,79,28.315,20.91,-10.3324,54.9448,225.5,1
2017-11-01,11,14.6667,0.0,7.0,78,32.1375,19.004,-11.4804,57.7164,205.477,1
2017-11-01,12,15.5,0.0,7.33333,77,27.745,15.98,-17.6033,59.4985,195.52,1
2017-11-01,13,16.1667,0.0,7.5,77,31.49,15.71,-18.3686,61.3462,194.541,1
2017-11-01,14,16.5,0.0,7.66667,78,35.86,15.7525,-24.8742,60.0522,180.0,1
2017-11-01,15,16.5,0.0,7.83333,80,29.935,14.5733,-19.5167,47.1179,232.941,1
2017-11-01,16,16.8333,0.58,8.0,88,30.695,19.7633,-19.5167,47.1179,232.941,1
2017-11-01,17,17.0,0.58,8.16667,88,24.5675,17.3267,-19.5167,47.1179,232.941,1
2017-11-01,18,16.8333,0.58,8.33333,90,26.63,22.955,-19.5167,47.1179,232.941,1
2017-11-01,19,16.8333,0.86,8.5,96,21.71,29.49,-25.6396,61.9,180.0,1
2017-11-01,20,17.0,0.86,8.66667,94,21.73,32.02,-25.6396,61.9,180.0,1
2017-11-01,21,17.0,0.86,8.83333,96,10.7,28.055,-19.5167,47.1179,229.125,1
2017-11-01,22,18.1667,0.28,9.16667,92,17.4,26.6,-19.8994,48.0418,224.824,1
2017-11-02,1,21.3333,1.85,10.1667,87,17.9625,24.6617,-28.3183,68.3671,120.0,0
2017-11-02,3,22.3333,1.85,10.8333,86,19.1325,21.97,-24.1088,58.2044,179.95,0
2017-11-02,4,21.6667,1.85,10.8333,85,18.1567,20.785,-22.9608,55.4328,175.137,0
2017-11-02,5,21.0,3.42,10.6667,84,18.925,22.64,-23.3435,56.3567,173.46,0
2017-11-02,6,20.5,3.14,10.5,84,19.792,20.455,-24.1088,58.2044,165.714,0
2017-11-02,7,20.3333,3.22,10.3333,84,15.5133,25.17,-24.1088,58.2044,160.74,0
2017-11-02,8,20.1667,4.87,10.1667,83,18.4467,25.36,-23.3435,56.3567,183.0,0
2017-11-02,9,19.8333,4.87,10.0,82,14.84,27.635,-22.1954,53.585,198.0,0
2017-11-02,10,19.0,4.87,10.0,81,18.8167,28.315,-21.4301,51.7373,198.4,0
2017-11-02,11,18.1667,3.3,10.0,77,22.23,32.1375,-20.282,48.9656,225.095,0
2017-11-02,12,17.6667,4.34,10.0,76,15.402,27.745,-19.5167,47.1179,240.505,0
2017-11-02,13,17.6667,3.38,10.0,77,22.61,31.49,-26.4049,63.7477,180.0,0
2017-11-02,14,17.3333,1.73,10.0,83,17.74,35.86,-20.282,48.9656,216.847,0
2017-11-02,15,17.3333,2.42,10.0,83,17.26,29.935,-20.282,48.9656,221.0,0
2017-11-02,16,17.5,2.42,10.0,77,21.9225,30.695,-20.6647,49.8895,213.333,0
2017-11-02,17,17.1667,2.42,10.0,76,18.895,24.5675,-19.8994,48.0418,224.824,0
2017-11-02,18,16.6667,1.38,10.0,75,23.46,26.63,-25.6396,61.9,180.0,0
2017-11-02,19,16.0,0.69,10.0,74,25.4,21.71,-24.8742,60.0522,208.042,0
2017-11-02,20,15.3333,0.69,9.83333,72,25.75,21.73,-22.9608,55.4328,226.8,0
2017-11-02,21,14.6667,0.0,9.66667,71,29.615,10.7,-21.8128,52.6612,245.92,0
2017-11-02,22,14.3333,0.84,9.5,71,19.945,17.4,-16.0726,53.803,245.92,0
2017-11-03,1,15.0,1.68,9.0,73,19.945,17.9625,0.0,62.0,203.52,0
2017-11-03,2,15.3333,1.68,9.0,75,17.445,10.4,0.0,62.0,196.114,0
2017-11-03,3,15.3333,1.68,9.0,75,17.63,19.1325,0.0,63.0,209.647,0
2017-11-03,4,15.3333,0.84,9.0,75,17.555,18.1567,0.0,61.0,218.625,0
2017-11-03,5,14.5,0.0,9.0,76,17.7767,18.925,0.0,59.0,228.48,0
2017-11-03,6,13.3333,0.84,9.0,78,16.98,19.792,0.0,56.0,254.88,0
2017-11-03,7,12.1667,1.35,9.0,78,16.91,15.5133,0.0,65.0,240.0,0
2017-11-03,8,11.3333,1.35,9.0,74,18.44,18.4467,0.0,58.0,305.52,0
2017-11-03,9,10.5,1.35,9.16667,69,21.5333,14.84,0.0,53.0,350.314,0
2017-11-03,10,9.33333,1.35,9.33333,72,27.325,18.8167,0.0,63.0,310.371,0
2017-11-03,11,8.66667,1.35,9.5,66,25.995,22.23,4.94977,55.4672,369.6,0
2017-11-03,12,8.66667,0.51,9.83333,60,25.93,15.402,10.6066,50.8582,395.2,0
2017-11-03,13,8.83333,0.0,10.1667,58,26.9825,22.61,16.9706,50.1731,386.4,0
2017-11-03,14,8.83333,0.0,10.5,59,22.26,17.74,23.3346,50.488,389.88,0
2017-11-03,15,8.66667,0.0,10.5,63,28.275,17.26,30.4057,49.7268,389.88,0
2017-11-03,16,9.16667,0.0,10.3333,73,29.78,21.9225,36.7697,46.0908,377.143,0
2017-11-03,17,8.83333,0.0,10.1667,83,30.265,18.895,35.6467,30.3849,341.85,0
2017-11-03,18,8.66667,0.0,9.83333,83,30.045,23.46,34.2325,28.5371,380.8,0
2017-11-03,19,8.16667,0.0,9.33333,80,32.885,25.4,27.8685,28.2222,395.2,0
2017-11-03,20,7.66667,0.0,8.83333,78,34.56,25.75,27.8685,34.2222,374.0,0
2017-11-03,21,7.83333,0.0,8.5,75,41.0,29.615,18.8258,32.3744,414.72,0
2017-11-03,22,7.33333,0.0,8.33333,72,34.25,19.945,7.92789,32.3744,402.8,0
2017-11-04,1,7.83333,0.0,8.0,70,32.5525,19.945,-14.9245,50.0313,437.25,1
2017-11-04,2,7.66667,0.0,8.0,72,31.175,17.445,-20.5814,47.6882,413.4,1
2017-11-04,3,7.33333,0.0,7.83333,72,30.864,17.63,-24.8241,45.9309,425.829,1
2017-11-04,4,7.5,0.0,7.66667,73,31.466,17.555,-27.8022,45.1206,443.52,1
2017-11-04,5,7.16667,0.0,7.33333,74,31.175,17.7767,-29.6323,41.5387,443.143,1
2017-11-04,6,7.16667,0.0,7.0,76,31.7525,16.98,-31.1962,39.3142,470.25,1
2017-11-04,7,7.0,0.0,6.5,77,36.5733,16.91,-37.6633,41.9929,420.0,1
2017-11-04,8,7.5,0.0,6.16667,76,32.4225,18.44,-41.069,37.2806,420.0,1
2017-11-04,9,8.0,0.0,6.33333,73,32.98,21.5333,-41.0483,28.6007,451.0,1
2017-11-04,10,8.33333,0.0,6.5,75,27.7525,27.325,-25.8057,24.3581,390.0,1
2017-11-04,11,9.33333,0.0,7.0,67,28.825,25.995,-10.1488,18.7012,360.0,1
2017-11-04,12,10.3333,0.0,7.66667,63,25.48,25.93,-11.3358,4.20948,314.743,1
2017-11-04,13,11.3333,0.0,8.66667,63,24.715,26.9825,-10.4119,-6.12288,288.0,1
2017-11-04,14,12.5,0.0,9.5,65,30.38,22.26,10.903,-9.567,260.945,1
2017-11-04,15,12.8333,0.0,9.83333,69,27.025,28.275,-24.8791,-15.6899,255.2,1
2017-11-04,16,13.0,0.0,10.0,76,38.72,29.78,-0.792519,-11.0977,251.631,1
2017-11-04,17,13.0,0.0,10.0,92,38.09,30.265,1.05524,-10.3324,271.385,1
2017-11-04,18,12.6667,0.0,9.66667,91,53.775,30.045,-23.0313,-14.9245,297.6,1
2017-11-04,19,12.5,0.0,9.16667,88,61.0,32.885,-33.194,-19.134,266.325,1
2017-11-04,20,11.6667,0.0,8.66667,85,51.69,34.56,-29.4985,-17.6033,279.138,1
2017-11-04,21,11.1667,0.0,8.33333,83,48.12,41.0,-50.2767,-25.3815,282.764,1
2017-11-04,22,11.3333,0.0,8.0,81,41.215,34.25,-47.1851,-28.2431,302.4,1
2017-11-05,1,11.3333,0.0,7.33333,82,41.215,32.5525,-42.1994,-35.705,294.0,1
2017-11-05,2,11.5,0.0,7.16667,83,31.87,31.175,-45.5077,-32.519,273.48,1
2017-11-05,3,11.8333,0.0,7.0,84,37.665,30.864,-49.5232,-30.04,270.3,1
2017-11-05,4,11.8333,0.0,7.0,85,31.96,31.466,-52.1245,-26.1469,260.945,1
2017-11-05,5,11.8333,0.0,7.0,87,31.87,31.175,-55.4328,-22.9608,260.0,1
2017-11-05,6,11.6667,0.0,6.83333,87,30.9875,31.7525,-54.5089,-22.5781,270.3,1
2017-11-05,7,11.3333,0.0,6.66667,87,29.165,36.5733,-32.4224,-17.986,280.8,1
2017-11-05,8,11.1667,0.0,6.66667,82,30.6725,32.4225,-11.3358,-13.3938,302.4,1
2017-11-05,9,11.0,0.0,6.83333,72,31.65,32.98,-10.4119,-13.0111,313.5,1
2017-11-05,10,11.3333,0.0,7.16667,78,33.195,27.7525,-9.48804,-12.6284,317.127,1
2017-11-05,11,11.5,0.0,7.83333,73,31.535,28.825,14.6746,-8.41896,282.764,1
2017-11-05,12,11.6667,0.0,8.83333,70,35.1225,25.48,-7.41192,-13.0111,262.08,1
2017-11-05,13,12.0,0.0,9.83333,70,35.53,24.715,-28.4985,-17.6033,250.364,1
2017-11-05,14,12.0,0.0,10.8333,70,39.08,30.38,-29.4224,-17.986,240.0,1
2017-11-05,15,12.3333,0.0,11.5,75,36.53,27.025,-29.4224,-17.986,268.029,1
2017-11-05,16,11.8333,0.0,11.8333,76,45.5333,38.72,-55.4328,-22.9608,260.0,1
2017-11-05,17,11.6667,0.0,11.6667,98,42.49,38.09,-54.5089,-22.5781,270.3,1
2017-11-05,18,11.5,0.0,11.1667,99,64.995,53.775,-53.585,-22.1954,280.8,1
2017-11-05,19,11.0,0.0,10.6667,97,62.55,61.0,-52.6612,-21.8128,282.764,1
2017-11-05,20,10.6667,0.0,9.83333,94,56.115,51.69,-48.8625,-23.9673,321.231,1
2017-11-05,21,9.83333,0.0,9.16667,90,53.0,48.12,-40.2962,-27.3074,353.455,1
2017-11-05,22,9.33333,0.0,8.66667,86,42.98,41.215,-45.953,-32.9642,323.345,1
2017-11-06,0,8.66667,0.0,8.0,87,43.495,37.665,-37.6485,-36.5661,385.527,0
2017-11-06,1,8.5,0.0,7.66667,88,42.98,41.215,-33.8498,-38.7206,395.2,0
2017-11-06,2,8.33333,0.0,7.33333,96,47.195,31.87,-33.1427,-38.0135,409.867,0
2017-11-06,3,8.5,0.0,7.0,87,43.495,37.665,-38.7996,-43.6704,360.0,0
2017-11-06,4,8.5,0.0,6.66667,92,48.8025,31.96,-36.0626,-36.0626,401.85,0
2017-11-06,5,8.33333,0.0,6.33333,98,47.195,31.87,-36.0626,-36.0626,409.867,0
2017-11-06,6,7.83333,0.0,6.0,100,51.545,30.9875,-41.7195,-41.7195,360.0,0
2017-11-06,7,7.5,0.0,5.66667,100,57.2383,29.165,-40.8988,-37.6516,402.8,0
2017-11-06,8,7.0,0.0,5.66667,99,63.3125,30.6725,-40.0781,-28.9915,437.25,0
2017-11-06,9,6.83333,0.0,6.0,85,66.3633,31.65,-44.6975,-27.0781,420.0,0
2017-11-06,10,7.16667,0.0,6.5,74,64.155,33.195,-46.4316,-18.3598,420.0,0
2017-11-06,11,7.16667,0.0,7.0,71,64.175,31.535,-38.2376,2.89988,470.25,0
2017-11-06,12,7.33333,0.0,7.83333,69,57.36,35.1225,-38.2376,14.2136,470.25,0
2017-11-06,13,7.33333,0.0,8.66667,71,59.03,35.53,-40.9163,20.6808,420.0,0
2017-11-06,14,7.5,0.0,9.5,69,49.53,39.08,-37.5555,31.881,420.0,0
2017-11-06,15,7.16667,0.0,9.83333,70,49.35,36.53,-34.3083,39.7203,420.0,0
2017-11-06,16,7.0,0.0,9.83333,85,34.9275,45.5333,-24.1456,41.5108,470.25,0
2017-11-06,17,6.83333,0.0,9.83333,87,36.3467,42.49,-10.3906,46.7643,473.28,0
2017-11-06,18,6.83333,0.0,9.66667,87,30.86,64.995,-5.44084,51.7141,434.52,0
2017-11-06,19,6.83333,0.0,9.5,86,27.125,62.55,3.33573,47.4251,452.4,0
2017-11-06,20,6.5,0.0,9.16667,87,23.59,56.115,13.2353,46.0108,472.457,0
2017-11-06,21,6.5,0.0,8.83333,90,20.0,53.0,19.6096,41.0744,517.0,0
2017-11-06,22,5.83333,0.0,8.66667,92,32.815,42.98,26.1483,39.7738,517.0,0
2017-11-07,0,6.16667,0.0,8.0,95,35.575,43.495,40.4548,33.2053,532.0,0
2017-11-07,1,6.16667,0.0,7.5,95,32.815,42.98,41.4819,27.9519,528.0,0
2017-11-07,2,6.66667,0.0,7.0,88,36.615,47.195,47.0251,30.2479,480.0,0
2017-11-07,3,6.5,0.0,6.66667,87,34.52,43.495,49.0754,25.2982,480.0,0
2017-11-07,4,6.83333,0.0,6.33333,87,36.3433,48.8025,48.745,22.2618,499.8,0
2017-11-07,5,6.66667,0.0,6.0,87,38.0417,47.195,47.274,19.1672,496.8,0
2017-11-07,6,6.5,0.0,5.66667,87,32.41,51.545,50.0313,14.9245,461.76,0
2017-11-07,7,6.66667,0.0,5.33333,89,34.505,57.2383,51.8791,10.3324,469.05,0
2017-11-07,8,6.83333,0.0,5.16667,87,40.46,63.3125,50.9552,4.59216,486.0,0
2017-11-07,9,7.5,0.0,5.16667,81,30.0133,66.3633,50.9552,-1.53072,457.6,0
2017-11-07,10,8.16667,0.0,5.5,68,34.505,64.155,53.7268,-7.27092,420.0,0
2017-11-07,11,8.66667,0.0,6.16667,66,25.3625,64.175,46.3169,-19.347,375.943,0
2017-11-07,12,9.16667,0.0,6.83333,66,25.035,57.36,39.9209,-29.0969,377.143,0
2017-11-07,13,9.83333,0.0,7.83333,68,23.625,59.03,40.5248,-33.4892,329.829,0
2017-11-07,14,10.1667,0.0,8.5,66,23.755,49.53,34.4448,-35.5272,340.267,0
2017-11-07,15,10.1667,0.0,9.0,66,24.375,49.35,33.201,-39.1542,341.127,0
2017-11-07,16,9.66667,0.0,9.0,81,25.21,34.9275,39.565,-45.5182,300.0,0
2017-11-07,17,9.5,0.0,8.66667,88,32.235,36.3467,41.0124,-41.0124,324.48,0
2017-11-07,18,9.5,0.23,8.33333,87,54.196,30.86,37.3854,-42.2562,337.08,0
2017-11-07,19,9.5,0.23,7.83333,86,53.025,27.125,34.1411,-44.4239,347.564,0
2017-11-07,20,9.66667,0.23,7.5,82,55.1533,23.59,30.5724,-46.8084,337.08,0
2017-11-07,21,9.83333,0.23,7.16667,77,50.012,20.0,27.7108,-49.8999,312.8,0
2017-11-07,22,10.6667,0.23,7.0,72,34.25,32.815,15.6899,-47.8791,340.267,0
2017-11-08,1,10.8333,0.0,6.83333,55,32.575,32.815,4.20948,-54.1627,305.455,0
2017-11-08,3,11.6667,0.0,6.33333,58,25.2525,34.52,-8.03628,-53.4015,321.231,0
2017-11-08,4,11.6667,0.0,6.0,56,30.9,36.3433,-13.7765,-54.2597,282.764,0
2017-11-08,5,12.0,0.0,5.66667,55,24.8833,38.0417,-18.7513,-55.2701,250.92,0
2017-11-08,6,12.3333,0.0,5.16667,53,22.58,32.41,-19.8994,-48.0418,270.327,0
2017-11-08,7,12.6667,0.0,4.83333,52,29.6775,34.505,-20.282,-48.9656,282.72,0
2017-11-08,8,12.8333,0.0,4.5,47,29.81,40.46,-24.8742,-60.0522,240.0,0
2017-11-08,9,12.6667,0.0,4.5,45,32.7533,30.0133,-23.7262,-57.2806,249.508,0
2017-11-08,10,13.3333,0.0,4.66667,57,38.704,34.505,-24.1088,-58.2044,240.0,0
2017-11-08,11,14.0,0.0,5.0,55,36.57,25.3625,-21.0474,-50.8134,245.1,0
2017-11-08,12,14.3333,0.0,5.66667,53,47.985,25.035,-22.9608,-55.4328,197.6,0
2017-11-08,13,14.5,0.0,6.33333,53,50.8933,23.625,-23.7262,-57.2806,196.114,0
2017-11-08,14,14.8333,0.0,7.0,55,51.2475,23.755,-23.3435,-56.3567,225.318,0
2017-11-08,15,14.1667,0.0,7.5,59,55.955,24.375,-22.1954,-53.585,249.882,0
2017-11-08,16,13.0,0.0,7.5,69,62.6167,25.21,-19.5167,-47.1179,297.0,0
2017-11-08,17,12.1667,0.0,7.33333,74,45.9667,32.235,-23.3435,-56.3567,268.029,0
2017-11-08,18,11.3333,0.0,6.83333,75,45.0,54.196,-22.5781,-54.5089,279.138,0
2017-11-08,19,11.1667,0.0,6.33333,75,70.975,53.025,-21.0474,-50.8134,328.714,0
2017-11-08,20,10.8333,0.0,5.83333,76,58.2467,55.1533,-20.282,-48.9656,321.48,0
2017-11-08,21,10.8333,0.0,5.16667,76,73.64,50.012,-21.0474,-50.8134,297.0,0
2017-11-08,22,10.8333,0.0,4.83333,77,35.7,34.25,-21.0474,-50.8134,313.5,0
2017-11-09,1,9.83333,0.0,4.0,78,35.7,32.575,-19.5167,-47.1179,359.9,0
2017-11-09,3,8.83333,0.0,4.16667,57,40.456,25.2525,-17.986,-50.4224,376.32,0
2017-11-09,4,8.66667,0.0,4.33333,56,40.2875,30.9,-14.1592,-50.1836,389.88,0
2017-11-09,5,8.5,0.0,4.5,55,40.285,24.8833,-10.3324,-49.9448,403.68,0
2017-11-09,6,8.33333,0.0,4.66667,55,38.76,22.58,-6.50556,-49.706,409.867,0
2017-11-09,7,8.16667,0.0,5.0,59,46.8,29.6775,-6.50556,-57.706,360.0,0
2017-11-09,8,8.16667,0.0,5.0,61,42.865,29.81,-5.7402,-55.8582,374.85,0
2017-11-09,9,7.83333,0.0,5.16667,60,57.945,32.7533,-5.35752,-54.9343,375.943,0
2017-11-09,10,7.66667,0.0,5.33333,69,56.68,38.704,-8.03628,-54.4015,402.8,0
2017-11-09,11,7.33333,0.0,5.66667,66,59.395,36.57,-0.03628,-45.4015,417.6,0
2017-11-09,12,7.33333,0.0,6.0,62,64.785,47.985,-6.50344,-39.0802,448.0,0
2017-11-09,13,7.66667,0.0,6.33333,62,59.6475,50.8933,1.49656,-30.0802,453.6,0
2017-11-09,14,8.16667,0.0,6.5,63,57.725,51.2475,10.4966,-22.0802,425.829,0
2017-11-09,15,8.83333,0.0,6.5,65,51.1167,55.955,23.1753,-15.6131,375.943,0
2017-11-09,16,9.16667,0.0,6.33333,72,55.835,62.6167,18.3702,1.53072,371.25,0
2017-11-09,17,9.5,0.0,6.0,72,49.605,45.9667,3.29906,8.60182,329.829,0
2017-11-09,18,9.5,0.0,5.66667,73,48.58,45.0,3.40223,17.6446,313.65,0
2017-11-09,19,9.5,0.0,5.33333,73,49.86,70.975,-10.2546,23.3014,325.867,0
2017-11-09,20,9.5,0.0,5.16667,74,51.9,58.2467,-22.6988,31.6164,337.08,0
2017-11-09,21,9.0,0.0,5.0,74,55.315,73.64,-36.5256,40.8552,347.564,0
2017-11-09,22,9.0,0.0,5.0,75,42.7,35.7,-29.4243,44.0367,376.32,0
2017-11-10,0,9.83333,0.0,5.0,74,52.305,43.82,-30.8386,45.451,327.6,0
2017-11-10,1,10.3333,0.0,5.16667,74,42.7,35.7,-32.9599,47.5723,300.0,0
2017-11-10,2,10.3333,0.0,5.16667,77,59.94,38.995,-34.1743,38.5039,319.2,0
2017-11-10,3,10.8333,0.0,5.16667,79,52.305,40.456,-38.1839,38.1839,309.12,0
2017-11-10,4,11.3333,0.0,5.33333,80,66.5075,40.2875,-38.891,38.891,305.455,0
2017-11-10,5,11.6667,0.0,5.5,81,59.94,40.285,-40.3053,40.3053,282.764,0
2017-11-10,6,12.1667,0.0,5.66667,82,63.75,38.76,-41.7195,41.7195,270.3,0
2017-11-10,7,12.6667,0.99,5.66667,80,74.41,46.8,-36.0626,36.0626,281.455,0
2017-11-10,8,13.3333,0.99,5.83333,79,67.65,42.865,-38.891,38.891,251.631,0
2017-11-10,9,13.8333,0.99,6.0,78,64.745,57.945,-39.5982,39.5982,242.031,0
2017-11-10,10,14.5,0.99,6.16667,79,50.57,56.68,-40.3053,40.3053,239.4,0
2017-11-10,11,14.8333,1.52,6.33333,77,59.325,59.395,-42.4266,42.4266,220.0,0
2017-11-10,12,15.1667,1.52,6.5,76,47.15,64.785,-42.4266,42.4266,212.914,0
2017-11-10,13,15.0,0.53,6.83333,76,39.235,59.6475,-43.8408,43.8408,196.114,0
2017-11-10,14,15.3333,0.53,7.0,77,43.065,57.725,-43.8408,43.8408,217.412,0
2017-11-10,15,15.8333,0.53,7.16667,78,41.71,51.1167,-43.1337,43.1337,211.68,0
2017-11-10,16,15.8333,1.01,7.0,85,45.9175,55.835,-44.5479,44.5479,202.725,0
2017-11-10,17,16.1667,0.48,6.83333,85,47.655,49.605,-45.255,45.255,180.0,0
2017-11-10,18,16.3333,0.96,6.66667,85,63.165,48.58,-36.0626,36.0626,232.941,0
2017-11-10,19,17.3333,2.08,6.33333,87,48.055,49.86,-36.0626,36.0626,232.941,0
2017-11-10,20,18.0,2.08,6.16667,85,56.63,51.9,-38.1839,38.1839,209.012,0
2017-11-10,22,19.1667,1.6,6.16667,78,13.845,42.7,-52.9452,30.2148,167.04,0
2017-11-11,1,21.1667,1.12,6.66667,73,13.465,42.7,-59.1283,24.4915,149.368,1
2017-11-11,3,22.0,1.12,6.5,85,13.045,52.305,-54.7002,41.7114,140.4,1
2017-11-11,4,22.5,2.24,6.16667,85,12.705,66.5075,-40.946,52.8524,136.286,1
2017-11-11,5,23.0,2.24,5.66667,82,15.95,59.94,-34.5157,58.3285,150.528,1
2017-11-11,6,22.6667,2.24,5.16667,83,12.45,63.75,-26.0222,62.8238,141.382,1
2017-11-11,7,23.0,2.82,4.66667,84,13.8825,74.41,-26.0222,62.8238,141.382,1
2017-11-11,8,22.3333,2.82,4.33333,79,15.075,67.65,-26.4049,63.7477,145.75,1
2017-11-11,9,22.0,2.82,4.33333,74,14.715,64.745,-25.2569,60.9761,152.727,1
2017-11-11,10,22.5,2.46,4.33333,70,13.925,50.57,-24.4915,59.1283,169.304,1
2017-11-11,11,22.3333,1.34,4.66667,68,17.1967,59.325,-25.2569,60.9761,147.714,1
2017-11-11,12,22.3333,1.34,5.0,70,13.78,47.15,-26.0222,62.8238,131.04,1
2017-11-11,13,22.1667,0.76,5.33333,68,16.7625,39.235,-26.7876,64.6716,145.2,1
2017-11-11,14,21.6667,0.76,5.66667,69,18.51,43.065,-25.6396,61.9,151.93,1
2017-11-11,15,21.0,0.76,5.66667,71,18.45,41.71,-23.7262,57.2806,176.727,1
2017-11-11,16,19.0,0.53,5.66667,71,17.3,45.9175,-21.4301,51.7373,216.0,1
2017-11-11,17,17.3333,0.53,5.33333,73,16.895,47.655,-26.4049,63.7477,199.473,1
2017-11-11,18,15.8333,1.06,5.0,74,18.84,63.165,-22.9608,55.4328,239.733,1
2017-11-11,19,14.5,1.06,4.66667,75,25.66,48.055,-25.265,47.9954,269.925,1
2017-11-11,20,13.6667,2.0,4.33333,76,36.325,56.63,-29.0416,43.1129,271.385,1
2017-11-11,22,13.0,1.47,4.0,77,21.365,13.845,-38.1839,38.1839,261.415,1
2017-11-12,1,12.6667,0.94,4.0,80,30.53,13.465,-36.7697,36.7697,286.971,1
2017-11-12,3,12.0,0.0,4.0,82,12.89,13.045,-43.1337,43.1337,240.0,1
2017-11-12,4,12.3333,0.0,4.0,84,14.9225,12.705,-43.1337,43.1337,259.2,1
2017-11-12,5,12.5,0.0,4.0,86,17.075,15.95,-38.9161,45.9517,268.029,1
2017-11-12,6,12.5,0.0,4.0,94,16.1025,12.45,-34.3741,48.9865,240.0,1
2017-11-12,7,12.6667,0.0,3.83333,90,14.86,13.8825,-23.4681,45.6573,270.327,1
2017-11-12,8,13.0,0.0,3.83333,87,11.9367,15.075,-20.282,48.9656,271.385,1
2017-11-12,9,13.8333,0.0,3.83333,76,18.302,14.715,-20.6647,49.8895,267.429,1
2017-11-12,10,14.5,0.0,3.83333,71,14.73,13.925,-21.4301,51.7373,248.571,1
2017-11-12,11,14.8333,0.0,4.0,63,22.2,17.1967,-22.5781,54.5089,206.7,1
2017-11-12,12,15.1667,0.0,4.33333,55,22.3733,13.78,-24.1088,58.2044,187.971,1
2017-11-12,13,15.8333,0.0,5.0,50,24.9133,16.7625,-24.8742,60.0522,187.425,1
2017-11-12,14,15.8333,0.0,5.33333,51,25.445,18.51,-24.8742,60.0522,194.541,1
2017-11-12,15,15.3333,0.0,5.66667,54,37.1875,18.45,-23.7262,57.2806,210.6,1
2017-11-12,16,14.0,0.0,5.66667,68,39.33,17.3,-26.7957,51.6909,235.125,1
2017-11-12,17,12.8333,0.0,5.5,74,65.735,16.895,-27.0368,43.2728,297.6,1
2017-11-12,18,11.6667,0.0,5.16667,78,44.295,18.84,-33.4008,49.6368,284.625,1
2017-11-12,19,9.83333,0.0,4.66667,81,61.845,25.66,-35.5928,38.2989,339.429,1
2017-11-12,20,8.5,0.0,4.16667,79,64.135,36.325,-40.2122,40.2122,353.571,1
2017-11-12,21,7.16667,0.0,3.66667,76,46.04,22.035,-28.8547,27.2779,440.677,1
2017-11-12,22,6.66667,0.25,3.5,74,36.8,21.365,-23.8547,27.2779,447.231,1
2017-11-13,1,6.16667,0.5,3.0,76,36.68,30.53,-20.1695,-3.93808,498.667,0
2017-11-13,3,6.66667,0.5,2.83333,88,38.59,12.89,-16.1016,-22.8454,496.4,0
2017-11-13,4,7.0,0.25,2.66667,90,36.62,14.9225,-3.16727,-35.2029,517.0,0
2017-11-13,5,7.16667,0.63,2.5,91,41.0067,17.075,-6.10583,-42.5939,461.76,0
2017-11-13,6,7.0,0.76,2.33333,90,41.586,16.1025,-5.44895,-48.2508,420.0,0
2017-11-13,7,7.5,0.76,2.16667,92,42.55,14.86,3.03637,-48.2508,437.143,0
2017-11-13,8,7.33333,0.76,2.16667,86,49.82,11.9367,18.9798,-33.3897,451.0,0
2017-11-13,9,7.16667,0.76,2.33333,84,52.03,18.302,26.8192,-30.1425,460.8,0
2017-11-13,10,7.33333,0.99,2.5,72,52.065,14.73,32.8192,-30.1425,420.0,0
2017-11-13,11,6.83333,0.84,2.83333,70,52.5,22.2,41.1341,-12.6984,453.6,0
2017-11-13,12,7.0,0.69,3.33333,66,52.43,22.3733,45.7535,-10.785,436.05,0
2017-11-13,13,6.33333,0.69,3.83333,65,55.145,24.9133,49.1592,-0.71522,452.4,0
2017-11-13,14,6.5,0.69,4.33333,66,49.1467,25.445,48.1217,6.85506,477.0,0
2017-11-13,15,6.83333,0.69,4.66667,67,50.2467,37.1875,48.8288,16.0475,498.667,0
2017-11-13,16,6.66667,0.46,4.66667,79,48.88,39.33,46.1708,18.2603,477.0,0
2017-11-13,17,7.33333,0.23,4.66667,83,46.0,65.735,46.2844,27.9474,438.6,0
2017-11-13,18,7.66667,0.0,4.33333,84,52.2233,44.295,46.6484,36.2623,435.2,0
2017-11-13,19,8.66667,0.0,4.0,83,49.0075,61.845,40.0781,39.2197,425.829,0
2017-11-13,20,9.0,0.0,3.5,83,48.315,64.135,36.7697,44.7902,377.143,0
2017-11-13,21,9.0,0.0,3.16667,81,35.95,46.04,38.1839,48.1554,356.4,0
2017-11-14,1,8.83333,0.0,2.83333,76,36.985,36.68,39.5982,51.7373,360.0,0
2017-11-14,3,9.0,0.0,2.16667,79,28.3575,38.59,37.4768,48.9656,371.25,0
2017-11-14,4,8.83333,0.0,1.66667,81,32.0667,36.62,38.1839,49.8895,356.4,0
2017-11-14,5,8.5,0.0,1.33333,81,29.6783,41.0067,37.4768,48.9656,389.88,0
2017-11-14,6,8.0,0.0,1.0,82,33.65,41.586,36.0626,47.1179,417.72,0
2017-11-14,7,8.0,0.0,0.833333,82,28.7763,42.55,36.0626,54.1179,386.88,0
2017-11-14,8,8.0,0.0,1.0,81,33.2717,49.82,34.6484,52.2701,390.0,0
2017-11-14,9,7.83333,0.0,1.33333,75,31.435,52.03,28.9915,53.8791,388.267,0
2017-11-14,10,8.5,0.0,2.0,69,29.0,52.065,22.6275,53.5642,402.8,0
2017-11-14,11,8.83333,0.0,2.66667,63,26.03,52.5,11.3138,49.7821,401.85,0
2017-11-14,12,9.5,0.0,3.33333,59,28.8167,52.43,5.65688,52.391,361.029,0
2017-11-14,13,10.5,0.0,4.16667,57,29.524,55.145,5.65688,56.391,313.65,0
2017-11-14,14,11.1667,0.0,4.66667,57,28.3733,49.1467,0.0,54.0,291.6,0
2017-11-14,15,11.8333,0.0,5.0,60,37.5675,50.2467,0.0,59.0,260.945,0
2017-11-14,16,12.1667,0.0,4.83333,64,34.8688,48.88,0.0,60.0,240.0,0
2017-11-14,17,12.3333,0.0,4.5,75,47.865,46.0,-4.97484,51.0104,286.971,0
2017-11-14,18,12.5,0.0,4.16667,75,47.29,52.2233,-9.18432,61.1731,249.171,0
2017-11-14,19,12.3333,0.0,3.66667,75,72.05,49.0075,-13.7765,58.2597,259.2,0
2017-11-14,21,12.8333,0.0,3.0,72,41.135,35.95,-32.8685,52.3517,240.0,0
2017-11-15,1,14.6667,0.0,4.0,66,39.8567,36.985,-41.7195,41.7195,221.571,0
2017-11-15,2,14.6667,0.0,4.33333,73,36.285,30.05,-42.4266,42.4266,205.477,0
2017-11-15,3,14.6667,0.0,4.66667,74,32.0383,28.3575,-43.1337,43.1337,218.625,0
2017-11-15,4,14.5,0.0,4.83333,75,28.8857,32.0667,-41.7195,41.7195,235.125,0
2017-11-15,5,14.0,0.0,5.0,77,32.7233,29.6783,-34.9979,41.4923,264.0,0
2017-11-15,6,13.5,0.0,5.0,78,36.8233,33.65,-29.3661,42.8961,277.114,0
2017-11-15,7,12.6667,0.0,5.0,78,35.155,28.7763,-24.4414,45.007,286.971,0
2017-11-15,8,12.6667,0.23,5.16667,75,40.494,33.2717,-28.2682,54.2458,258.514,0
2017-11-15,9,12.3333,0.23,5.33333,70,41.68,31.435,-23.7262,57.2806,240.0,0
2017-11-15,10,12.5,0.23,5.33333,69,46.1075,29.0,-23.7262,57.2806,249.508,0
2017-11-15,11,12.3333,0.23,5.5,64,38.7025,26.03,-18.7513,58.2701,249.508,0
2017-11-15,12,12.3333,0.23,5.66667,64,42.836,28.8167,-14.5418,48.1074,297.0,0
2017-11-15,13,12.5,0.23,5.83333,64,40.0783,29.524,-19.5167,60.1179,240.0,0
2017-11-15,14,12.0,0.23,6.0,66,41.6375,28.3733,-18.3686,57.3462,249.9,0
2017-11-15,15,11.8333,0.23,6.0,69,54.35,37.5675,-17.986,56.4224,269.077,0
2017-11-15,16,10.8333,0.23,6.16667,71,48.9633,34.8688,-22.1954,53.585,280.8,0
2017-11-15,17,10.3333,0.23,6.0,75,55.5467,47.865,-20.282,48.9656,343.385,0
2017-11-15,18,9.33333,0.23,5.83333,80,53.2067,47.29,-23.7262,57.2806,310.708,0
2017-11-15,21,8.0,0.0,5.16667,82,65.68,41.135,-19.5167,47.1179,425.455,0
2017-11-15,22,8.33333,0.0,5.0,80,33.7,24.7,-25.1736,52.7748,385.745,0
2017-11-16,1,8.33333,0.0,5.0,76,42.975,39.8567,-31.2544,40.4548,395.2,0
2017-11-16,2,8.0,0.0,5.16667,71,58.94,36.285,-36.2042,45.4046,360.0,0
2017-11-16,3,7.66667,0.0,5.33333,74,48.235,32.0383,-37.0027,41.3323,390.0,0
2017-11-16,4,7.16667,0.0,5.5,76,42.5867,28.8857,-36.2374,39.4846,421.2,0
2017-11-16,5,6.66667,0.0,5.66667,79,47.1,32.7233,-34.8231,38.0703,463.6,0
2017-11-16,6,6.0,0.0,5.66667,81,49.0243,36.8233,-37.1192,43.6136,435.2,0
2017-11-16,7,5.33333,0.0,5.66667,80,57.4588,35.155,-32.6686,41.869,498.667,0
2017-11-16,8,4.83333,0.0,5.5,79,61.228,40.494,-32.6686,44.869,513.067,0
2017-11-16,9,4.5,0.0,5.5,75,59.3367,41.68,-27.4527,41.2767,618.667,0
2017-11-16,10,5.0,0.0,5.5,81,67.3125,46.1075,-30.2811,44.1051,612.0,0
2017-11-16,11,4.83333,0.0,5.66667,78,53.19,38.7025,-32.232,41.1852,579.429,0
2017-11-16,12,5.0,0.0,6.0,73,47.1217,42.836,-31.9017,38.1489,604.2,0
2017-11-16,13,5.83333,0.0,6.5,71,52.07,40.0783,-33.2023,36.2023,604.2,0
2017-11-16,14,6.83333,0.0,7.0,70,50.1275,41.6375,-38.2973,33.7205,561.0,0
2017-11-16,15,7.66667,0.0,7.33333,75,49.2567,54.35,-22.7585,23.9345,546.96,0
2017-11-16,16,7.66667,0.0,7.5,82,61.1775,48.9633,-29.16,19.7592,420.0,0
2017-11-16,17,8.0,0.0,7.33333,91,78.86,55.5467,-16.1836,14.1592,417.6,0
2017-11-16,18,8.33333,0.0,7.16667,91,96.015,53.2067,-14.3358,13.3938,399.36,0
2017-11-16,21,8.0,0.0,6.16667,88,69.59,65.68,26.2179,6.12288,388.267,0
2017-11-16,22,8.33333,0.0,6.0,86,50.44,33.7,8.903,2.67876,388.267,0
2017-11-17,1,8.66667,0.0,5.5,82,53.99,42.975,14.5224,-7.6536,361.029,0
2017-11-17,2,8.83333,0.0,5.16667,88,53.575,58.94,13.5224,-7.6536,386.4,0
2017-11-17,3,8.83333,0.0,4.66667,89,43.13,48.235,-2.79252,-11.0977,380.8,0
2017-11-17,4,8.5,0.0,4.16667,89,41.9967,42.5867,-2.79252,-11.0977,398.618,0
2017-11-17,5,8.66667,0.0,3.66667,90,42.2314,47.1,16.3702,-6.88824,409.867,0
2017-11-17,6,8.66667,0.0,3.16667,90,39.4383,49.0243,17.3702,-6.88824,395.2,0
2017-11-17,7,9.16667,0.25,2.83333,87,57.1213,57.4588,17.3702,-6.88824,367.2,0
2017-11-17,8,9.16667,0.5,2.66667,90,56.1533,61.228,5.00617,-0.52425,352.8,0
2017-11-17,9,9.33333,0.5,2.83333,85,64.174,59.3367,5.00617,6.36399,352.8,0
2017-11-17,10,9.66667,0.83,3.16667,70,72.3183,67.3125,4.08229,13.6349,339.2,0
2017-11-17,11,9.5,0.83,3.66667,68,67.8833,53.19,-9.12719,23.7976,324.48,0
2017-11-17,12,9.66667,0.83,4.33333,67,75.6933,47.1217,-25.4912,30.1616,325.867,0
2017-11-17,13,9.33333,0.58,4.83333,86,59.02,52.07,-41.5623,37.2327,312.8,0
2017-11-17,14,9.0,0.33,5.33333,81,61.505,50.1275,-40.1481,35.8185,339.2,0
2017-11-17,15,8.66667,0.33,5.83333,77,56.64,49.2567,-36.7829,37.3241,376.32,0
2017-11-17,16,8.33333,0.0,6.0,76,53.065,61.1775,-30.6055,40.8883,411.927,0
2017-11-17,17,8.0,0.0,6.0,92,67.155,78.86,-36.9695,34.5244,360.0,0
2017-11-17,18,7.33333,0.0,5.66667,88,80.6417,96.015,-27.8103,30.8288,388.267,0
2017-11-17,21,6.5,0.0,4.16667,80,56.54,69.59,-3.06144,32.1758,472.457,0
2017-11-17,22,6.0,0.0,3.5,84,72.44,50.44,6.8381,33.6932,472.457,0
2017-11-18,1,6.16667,0.0,1.66667,87,71.3325,53.99,12.5532,39.8957,496.4,1
2017-11-18,2,6.5,0.0,1.16667,92,55.68,53.575,16.6211,51.803,517.029,1
2017-11-18,3,6.66667,0.0,0.666667,90,57.5817,43.13,8.99261,51.803,499.8,1
2017-11-18,4,7.0,0.0,0.333333,88,53.655,41.9967,-1.84704,49.0313,483.36,1
2017-11-18,5,7.16667,0.0,0.0,87,50.535,42.2314,-8.44403,51.803,454.629,1
2017-11-18,6,7.5,0.0,0.0,86,50.87,39.4383,-19.0507,50.9927,420.0,1
2017-11-18,7,8.83333,0.0,0.0,84,53.1775,57.1213,-22.4115,44.1063,451.0,1
2017-11-18,8,9.5,0.0,0.166667,81,57.1767,56.1533,-30.0149,42.4625,361.029,1
2017-11-18,9,10.5,0.0,0.5,77,57.1862,64.174,-37.4989,40.2049,313.65,1
2017-11-18,10,11.6667,0.48,1.0,75,52.2957,72.3183,-44.3103,30.7803,278.25,1
2017-11-18,11,12.6667,0.48,1.66667,67,45.274,67.8833,-43.6032,30.0732,267.429,1
2017-11-18,12,13.8333,0.48,2.5,61,48.6933,75.6933,-46.638,25.5312,248.727,1
2017-11-18,13,14.5,0.48,3.33333,58,42.988,59.02,-50.3335,27.0619,230.4,1
2017-11-18,14,15.5,0.48,4.16667,58,43.005,61.505,-54.029,28.5926,203.52,1
2017-11-18,15,15.8333,0.48,4.66667,66,37.5067,56.64,-59.1283,24.4915,180.0,1
2017-11-18,16,16.0,0.48,4.83333,73,39.4325,53.065,-47.1179,19.5167,236.733,1
2017-11-18,17,16.0,0.48,4.83333,79,39.8067,67.155,-61.9,25.6396,187.0,1
2017-11-18,18,16.5,0.96,4.66667,73,36.18,80.6417,-58.2044,24.1088,209.647,1
2017-11-18,22,18.3333,2.52,3.66667,80,12.6,72.44,-49.6832,28.0352,193.44,1
2017-11-19,0,18.6667,2.04,3.33333,80,3.5,57.985,-40.3053,40.3053,191.133,1
2017-11-19,1,17.6667,1.02,3.16667,80,18.0475,71.3325,-38.1839,38.1839,221.76,1
2017-11-19,2,16.5,1.02,3.0,77,20.375,55.68,-48.0835,48.0835,193.44,1
2017-11-19,3,16.0,1.02,3.0,78,12.6525,57.5817,-43.1337,43.1337,238.105,1
2017-11-19,4,15.3333,0.53,3.0,82,14.9,53.655,-35.4388,43.5568,245.92,1
2017-11-19,5,15.3333,0.53,3.0,79,13.438,50.535,-30.955,47.7323,230.4,1
2017-11-19,6,15.8333,0.58,3.0,78,12.39,50.87,-28.3264,55.3864,180.0,1
2017-11-19,7,16.3333,0.58,3.0,78,11.886,53.1775,-20.282,48.9656,212.625,1
2017-11-19,8,17.1667,1.85,3.0,77,12.33,57.1767,-20.6647,49.8895,217.579,1
2017-11-19,9,17.6667,1.85,3.16667,75,16.825,57.1862,-26.1218,45.0638,221.0,1
2017-11-19,10,18.3333,1.32,3.33333,76,19.44,52.2957,-31.9615,41.1619,216.847,1
2017-11-19,11,18.1667,1.32,3.5,72,20.5025,45.274,-33.1096,43.9336,198.4,1
2017-11-19,12,18.3333,2.54,3.83333,75,22.67,48.6933,-33.1096,43.9336,198.4,1
2017-11-19,13,19.0,2.54,4.16667,72,22.77,42.988,-33.8167,44.6407,200.34,1
2017-11-19,14,19.5,1.27,4.5,70,23.2275,43.005,-41.0124,41.0124,184.0,1
2017-11-19,15,19.8333,1.9,4.5,74,24.8067,37.5067,-43.1337,43.1337,168.505,1
2017-11-19,16,19.6667,1.9,4.5,74,23.375,39.4325,-43.8408,43.8408,171.943,1
2017-11-19,17,19.3333,2.53,4.5,76,23.3433,39.8067,-42.4266,42.4266,184.743,1
2017-11-19,18,18.5,1.26,4.33333,77,23.76,36.18,-38.891,38.891,214.5,1
2017-11-19,22,15.1667,0.63,3.66667,77,4.7,12.6,-41.7195,41.7195,221.571,1
2017-11-20,0,15.6667,1.22,3.33333,79,2.2,3.5,-39.7397,48.9401,195.0,0
2017-11-20,1,15.6667,1.98,3.0,81,7.2675,18.0475,-34.5489,52.4084,187.68,0
2017-11-20,2,15.5,1.98,2.83333,82,8.75,20.375,-29.2997,54.7361,202.725,0
2017-11-20,3,16.0,2.74,2.83333,82,4.84667,12.6525,-23.7262,57.2806,217.412,0
2017-11-20,4,16.1667,2.74,3.0,81,6.05,14.9,-24.1088,58.2044,202.725,0
2017-11-20,5,16.5,2.13,3.16667,82,5.488,13.438,-24.4915,59.1283,180.0,0
2017-11-20,6,17.0,1.52,3.16667,83,4.2825,12.39,-20.6647,49.8895,213.333,0
2017-11-20,7,17.8333,0.76,3.33333,80,6.518,11.886,-13.7765,52.2597,201.318,0
2017-11-20,8,18.5,1.24,3.16667,79,6.65333,12.33,6.16417,54.1074,195.789,0
2017-11-20,9,18.5,0.48,3.0,74,7.25667,16.825,13.4351,55.5537,195.789,0
2017-11-20,10,19.3333,0.48,2.83333,71,10.5075,19.44,26.1631,53.1836,202.926,0
2017-11-20,11,19.3333,0.48,2.66667,66,16.2167,20.5025,28.2844,55.9552,181.895,0
2017-11-20,12,18.8333,0.48,2.83333,61,17.07,22.67,41.7195,54.5089,177.0,0
2017-11-20,13,18.5,0.96,3.0,59,19.6167,22.77,40.3053,52.6612,209.182,0
2017-11-20,14,17.6667,0.48,3.33333,59,22.866,23.2275,36.7697,48.0418,232.737,0
2017-11-20,15,17.0,0.48,3.66667,64,22.4775,24.8067,46.6693,60.9761,200.842,0
2017-11-20,16,15.0,0.48,3.66667,75,24.9625,23.375,33.2342,57.4224,218.625,0
2017-11-20,17,14.5,0.48,3.66667,76,29.27,23.3433,21.9204,52.6403,275.718,0
2017-11-20,18,13.1667,0.48,3.5,76,32.79,23.76,9.89954,52.9343,267.429,0
2017-11-20,22,9.16667,0.0,1.83333,88,41.9,4.7,0.0,59.0,312.12,0
2017-11-21,1,6.5,0.0,0.166667,90,43.0525,7.2675,2.82844,50.6955,470.25,0
2017-11-21,2,6.33333,0.0,-0.333333,92,39.06,8.75,7.0711,56.2388,436.05,0
2017-11-21,3,6.0,0.0,-0.666667,89,38.226,4.84667,12.0209,54.706,479.52,0
2017-11-21,4,5.5,0.0,-0.833333,96,45.505,6.05,15.5564,49.3254,538.65,0
2017-11-21,5,5.5,0.0,-0.833333,92,47.864,5.488,17.6777,52.097,550.8,0
2017-11-21,6,4.83333,0.0,-0.666667,90,37.835,4.2825,17.6777,56.097,540.0,0
2017-11-21,7,4.83333,0.0,-0.333333,89,36.3967,6.518,16.147,51.7925,599.657,0
2017-11-21,8,4.5,0.0,0.0,87,46.955,6.65333,10.6038,42.4964,604.2,0
2017-11-21,9,4.66667,0.0,0.5,80,38.17,7.25667,15.6038,36.4964,592.8,0
2017-11-21,10,5.5,0.0,1.0,77,47.96,10.5075,18.7753,32.8009,615.6,0
2017-11-21,11,6.33333,0.0,1.5,70,43.61,16.2167,26.7753,24.8009,582.4,0
2017-11-21,12,6.66667,0.0,2.16667,66,45.7075,17.07,16.1687,12.8937,540.0,0
2017-11-21,13,6.66667,0.0,2.66667,67,36.4775,19.6167,2.14006,-0.48899,540.8,0
2017-11-21,14,6.66667,0.0,3.33333,65,40.1825,22.866,-5.52455,-5.55671,480.0,0
2017-11-21,15,6.5,0.0,3.66667,69,48.88,22.4775,-7.52938,-16.7878,517.0,0
2017-11-21,16,6.0,0.0,3.66667,82,50.5525,24.9625,-11.0649,-20.3233,480.0,0
2017-11-21,17,5.83333,0.0,3.5,86,59.235,29.27,-10.141,-19.9406,480.0,0
2017-11-21,18,5.83333,0.0,3.16667,84,59.33,32.79,-26.7979,-25.5975,520.8,0
2017-11-21,22,6.66667,0.0,2.0,83,43.5,41.9,-35.9681,-36.5093,540.6,0
2017-11-22,1,7.16667,0.0,2.0,92,43.16,43.0525,-24.4746,-47.087,469.05,0
2017-11-22,2,7.16667,0.0,1.83333,92,41.365,39.06,-21.8791,-48.8211,438.6,0
2017-11-22,3,7.33333,0.0,1.66667,100,40.556,38.226,-19.9325,-50.1217,438.6,0
2017-11-22,4,7.5,0.0,1.5,99,40.6375,45.505,-18.3686,-52.3462,420.0,0
2017-11-22,5,7.83333,1.12,1.33333,97,42.4833,47.864,-13.7765,-50.2597,437.25,0
2017-11-22,6,8.16667,2.24,1.33333,96,40.4825,37.835,-14.1592,-51.1836,408.857,0
2017-11-22,7,8.66667,2.24,1.33333,94,46.1625,36.3967,-15.3072,-53.9552,374.85,0
2017-11-22,8,9.5,4.65,1.5,94,47.9125,46.955,-20.024,-46.3424,367.2,0
2017-11-22,9,10.6667,4.68,1.66667,93,49.2967,38.17,-21.9374,-50.9618,300.0,0
2017-11-22,10,11.8333,4.68,2.0,90,47.7475,47.96,-24.6161,-48.4289,288.0,0
2017-11-22,11,12.8333,5.34,2.33333,86,41.3433,43.61,-23.4681,-45.6573,270.327,0
2017-11-22,12,13.6667,5.62,2.5,86,35.235,45.7075,-26.2965,-48.4857,228.0,0
2017-11-22,13,14.3333,5.62,2.66667,87,41.318,36.4775,-27.8272,-52.1812,212.914,0
2017-11-22,14,14.6667,3.67,2.83333,88,45.6883,40.1825,-33.0764,-49.8536,218.625,0
2017-11-22,15,13.6667,3.64,3.16667,89,48.5517,48.88,-36.1459,-44.2639,237.12,0
2017-11-22,16,12.1667,4.1,3.16667,94,56.22,50.5525,-31.1962,-39.3142,302.08,0
2017-11-22,17,10.8333,2.32,3.33333,95,58.6833,59.235,-36.1459,-44.2639,305.52,0
2017-11-22,18,9.33333,0.92,3.5,95,59.1775,59.33,-42.6131,-46.9427,300.0,0
2017-11-22,22,8.16667,0.0,4.5,94,42.9,43.5,-47.5618,-25.9138,405.45,0
2017-11-23,1,8.83333,0.0,5.0,98,38.755,43.16,-48.9656,-20.282,380.8,0
2017-11-23,2,8.66667,0.0,5.16667,99,37.39,41.365,-48.9656,-20.282,380.8,0
2017-11-23,3,8.83333,0.0,5.16667,100,40.5,40.556,-48.0418,-19.8994,395.2,0
2017-11-23,4,9.33333,0.0,5.16667,100,37.2275,40.6375,-48.9656,-20.282,380.8,0
2017-11-23,5,9.66667,0.0,5.16667,100,40.755,42.4833,-28.6507,-16.8379,339.2,0
2017-11-23,6,9.83333,0.0,5.0,92,45.715,40.4825,-30.4985,-17.6033,300.0,0
2017-11-23,7,10.0,0.0,4.83333,98,47.3933,46.1625,-31.4224,-17.986,300.0,0
2017-11-23,8,10.3333,0.0,4.5,97,53.516,47.9125,-5.7164,-11.4804,334.08,0
2017-11-23,9,10.8333,0.0,4.5,92,53.3633,49.2967,-5.7164,-11.4804,348.0,0
2017-11-23,10,11.1667,0.0,4.66667,82,54.3183,47.7475,-29.7268,-16.4552,329.018,0
2017-11-23,11,11.3333,0.0,5.16667,74,46.515,41.3433,-5.56416,-12.2458,275.6,0
2017-11-23,12,12.3333,0.0,6.0,67,47.0267,35.235,-8.3358,-13.3938,250.92,0
2017-11-23,13,13.3333,0.0,6.83333,64,49.5367,41.318,-22.9552,-15.3072,261.415,0
2017-11-23,14,14.1667,0.0,7.66667,68,50.055,45.6883,-25.7268,-16.4552,239.4,0
2017-11-23,15,13.8333,0.0,8.16667,76,46.77,48.5517,-53.585,-22.1954,216.0,0
2017-11-23,16,13.3333,0.0,8.66667,78,61.365,56.22,-52.6612,-21.8128,245.92,0
2017-11-23,17,13.0,0.0,8.66667,94,69.4725,58.6833,-46.5812,-23.8508,288.225,0
2017-11-23,18,12.3333,0.0,8.5,93,73.19,59.1775,-55.82,-27.6776,266.325,0
2017-11-23,21,11.1667,0.0,7.66667,83,69.1,66.51,-48.4289,-24.6161,305.455,0
2017-11-23,22,11.0,0.0,7.16667,78,56.25,42.9,-28.6507,-16.8379,285.12,0
2017-11-24,0,10.8333,0.0,6.5,77,42.68,42.495,-8.48804,-12.6284,305.455,0
2017-11-24,1,10.8333,0.0,6.16667,79,38.035,38.755,11.6746,-8.41896,324.8,0
2017-11-24,2,10.3333,0.0,6.0,81,35.495,37.39,12.5985,0.38268,336.3,0
2017-11-24,3,9.83333,0.0,5.83333,80,38.17,40.5,4.2836,3.8268,300.0,0
2017-11-24,4,9.66667,0.0,5.83333,81,41.674,37.2275,-16.0313,7.27092,312.12,0
2017-11-24,5,9.5,0.0,5.83333,83,45.6,40.755,-15.1074,14.5418,324.48,0
2017-11-24,6,9.16667,0.0,5.66667,86,48.3983,45.715,-33.4224,17.986,337.08,0
2017-11-24,7,8.5,0.0,5.66667,89,52.25,47.3933,-50.8134,21.0474,372.655,0
2017-11-24,8,8.16667,0.0,5.66667,88,56.4133,53.516,-45.6005,21.7877,409.867,0
2017-11-24,9,8.16667,0.0,5.83333,84,55.584,53.3633,-52.0676,24.4664,374.0,0
2017-11-24,10,8.5,0.0,6.0,81,43.3175,54.3183,-52.0676,24.4664,374.0,0
2017-11-24,11,8.66667,0.0,6.5,76,49.6383,46.515,-45.6005,21.7877,409.867,0
2017-11-24,12,9.66667,0.0,7.33333,73,45.4067,47.0267,-27.2856,18.3436,386.4,0
2017-11-24,13,11.0,0.0,8.16667,74,42.9233,49.5367,-27.8791,4.97484,326.4,0
2017-11-24,14,12.1667,0.0,9.0,71,45.7183,50.055,-35.2701,-3.44412,240.0,0
2017-11-24,15,13.0,0.0,9.5,75,46.3,46.77,-29.7268,-16.4552,253.08,0
2017-11-24,16,13.3333,0.0,9.83333,76,36.3133,61.365,-52.6612,-21.8128,239.4,0
2017-11-24,17,13.6667,0.0,9.83333,78,41.705,69.4725,-26.7268,-16.4552,254.88,0
2017-11-24,18,13.5,0.0,9.66667,77,52.0133,73.19,-23.9552,-15.3072,277.114,0
2017-11-24,21,13.3333,0.0,8.83333,77,58.48,69.1,-22.0313,-14.9245,265.5,0
2017-11-24,22,13.3333,0.0,8.66667,78,33.7,56.25,3.05524,-10.3324,251.631,0
2017-11-25,0,12.6667,0.0,8.33333,84,47.545,42.68,4.903,9.567,277.114,1
2017-11-25,1,11.5,0.0,8.16667,87,41.24,38.035,-3.41192,13.0111,258.514,1
2017-11-25,2,10.1667,0.0,8.0,92,42.6325,35.495,-23.8791,15.6899,328.714,1
2017-11-25,3,8.83333,0.0,8.0,93,40.9317,38.17,-28.1217,19.9325,331.629,1
2017-11-25,4,7.66667,0.0,8.0,92,44.005,41.674,-46.3644,24.1752,415.385,1
2017-11-25,5,6.66667,0.0,8.0,90,45.9733,45.6,-50.6071,28.4179,408.738,1
2017-11-25,6,6.0,0.0,7.83333,89,51.56,48.3983,-40.8927,28.9863,492.0,1
2017-11-25,7,5.83333,0.0,7.66667,87,48.6833,52.25,-44.4282,32.5219,489.5,1
2017-11-25,8,6.0,0.0,7.5,88,51.2083,56.4133,-38.885,25.6336,549.067,1
2017-11-25,9,6.83333,0.0,7.33333,86,59.9167,55.584,-45.3521,28.3124,496.4,1
2017-11-25,10,7.33333,0.0,7.33333,87,50.875,43.3175,-34.7795,12.0268,477.0,1
2017-11-25,11,7.83333,0.0,7.33333,83,46.925,49.6383,-38.8518,4.34003,420.0,1
2017-11-25,12,9.16667,0.0,7.66667,78,50.8633,45.4067,-36.7305,-10.5093,413.4,1
2017-11-25,13,10.5,0.0,8.0,75,46.965,42.9233,-35.8737,-31.5985,316.2,1
2017-11-25,14,12.0,0.0,8.33333,72,46.7667,45.7183,-29.2207,-44.9156,294.0,1
2017-11-25,15,12.6667,0.0,8.66667,73,45.055,46.3,-22.8192,-46.0908,258.4,1
2017-11-25,16,13.1667,0.0,8.83333,82,42.4275,36.3133,-22.1954,-53.585,223.385,1
2017-11-25,17,14.0,0.0,8.83333,82,48.645,41.705,-25.7059,-50.0599,239.4,1
2017-11-25,21,13.1667,1.12,8.16667,86,15.975,58.48,0.97912,-9.94968,297.0,1
2017-11-26,0,15.5,2.24,7.66667,78,14.47,47.545,-43.216,25.3564,229.125,1
2017-11-26,1,16.5,2.24,7.33333,74,14.405,41.24,-40.4548,31.2544,224.824,1
2017-11-26,2,17.0,2.24,6.83333,84,12.8475,42.6325,-31.2544,40.4548,228.8,1
2017-11-26,3,16.8333,2.24,6.16667,82,17.86,40.9317,-25.032,43.4328,232.941,1
2017-11-26,4,16.1667,1.12,5.5,82,18.318,44.005,-25.032,58.4328,187.2,1
2017-11-26,5,15.6667,1.12,5.0,82,20.194,45.9733,-13.0111,59.4119,217.412,1
2017-11-26,6,15.0,2.24,4.33333,81,21.6717,51.56,-6.50556,58.706,233.365,1
2017-11-26,7,13.8333,1.6,3.83333,81,21.3967,48.6833,0.0,56.0,254.88,1
2017-11-26,8,13.3333,2.08,3.5,74,22.4417,51.2083,0.0,51.0,291.877,1
2017-11-26,9,12.8333,2.08,3.33333,71,23.2283,59.9167,0.0,52.0,292.32,1
2017-11-26,10,13.1667,2.08,3.16667,61,21.8625,50.875,0.0,64.0,248.88,1
2017-11-26,11,12.6667,2.08,3.16667,56,23.1533,46.925,0.0,51.0,276.12,1
2017-11-26,12,12.5,0.96,3.5,53,24.1025,50.8633,0.0,53.0,277.114,1
2017-11-26,13,13.3333,0.48,3.83333,52,25.534,46.965,0.0,51.0,286.7,1
2017-11-26,14,14.1667,0.0,4.16667,55,29.19,46.7667,-5.7402,52.8582,273.28,1
2017-11-26,15,14.6667,0.0,4.33333,60,27.875,45.055,-13.0111,55.4119,216.0,1
2017-11-26,16,13.8333,0.0,4.33333,64,37.51,42.4275,-13.0111,58.4119,188.7,1
2017-11-26,17,13.8333,0.0,4.16667,65,38.9067,48.645,-16.8379,55.6507,228.48,1
2017-11-26,21,10.5,0.0,2.5,63,62.1,15.975,-26.8289,45.7709,309.12,1
2017-11-27,0,9.83333,0.0,1.83333,63,41.915,14.47,-39.6232,46.6588,310.708,0
2017-11-27,1,9.83333,0.0,1.66667,64,36.764,14.405,-41.7195,41.7195,312.12,0
2017-11-27,2,9.83333,0.0,1.66667,73,35.4925,12.8475,-41.7195,41.7195,300.0,0
2017-11-27,3,10.0,0.0,1.66667,73,34.38,17.86,-41.7195,41.7195,300.0,0
2017-11-27,4,10.1667,0.0,1.66667,74,34.5417,18.318,-36.0626,36.0626,359.9,0
2017-11-27,5,10.0,0.0,1.66667,73,34.5317,20.194,-45.3014,39.8894,311.1,0
2017-11-27,6,10.1667,0.0,1.83333,73,33.735,21.6717,-46.9788,35.6136,300.0,0
2017-11-27,7,10.5,0.0,2.16667,73,33.1767,21.3967,-40.6148,29.2496,340.267,0
2017-11-27,8,10.8333,0.0,2.33333,73,38.2117,22.4417,-42.7361,31.3709,309.12,0
2017-11-27,9,11.1667,0.0,2.5,72,39.5517,23.2283,-43.4432,32.078,297.0,0
2017-11-27,10,11.6667,0.0,2.66667,74,34.7625,21.8625,-45.291,32.8434,282.764,0
2017-11-27,11,11.8333,0.0,3.0,66,35.76,23.1533,-40.1031,40.6443,260.945,0
2017-11-27,12,12.3333,0.0,3.5,61,38.175,24.1025,-40.8102,41.3514,260.0,0
2017-11-27,13,12.3333,0.0,3.83333,60,39.4733,25.534,-34.4463,34.9875,286.7,0
2017-11-27,14,12.6667,0.0,4.16667,61,44.4733,29.19,-31.845,38.8806,291.877,0
2017-11-27,15,12.6667,0.0,4.33333,65,40.15,27.875,-36.0626,36.0626,286.7,0
2017-11-27,16,12.0,0.0,4.33333,68,51.34,37.51,-36.0626,36.0626,297.0,0
2017-11-27,17,11.6667,0.0,4.16667,71,59.135,38.9067,-42.4266,42.4266,277.714,0
2017-11-27,22,13.3333,0.0,2.0,71,18.6,32.8,3.05524,10.3324,245.1,0
2017-11-28,0,15.0,0.0,1.33333,66,41.46,41.915,0.283601,-11.4804,223.385,0
2017-11-28,1,15.5,0.0,1.0,64,35.072,36.764,-28.4224,-17.986,203.52,0
2017-11-28,2,16.3333,0.0,1.0,60,43.34,35.4925,-60.0522,-24.8742,180.0,0
2017-11-28,3,16.5,0.0,1.16667,59,44.305,34.38,-14.3358,-13.3938,216.847,0
2017-11-28,4,16.8333,0.0,1.33333,60,37.245,34.5417,17.3702,-6.88824,228.8,0
2017-11-28,5,17.1667,0.0,1.5,60,35.0075,34.5317,51.0,0.0,236.733,0
2017-11-28,6,17.1667,0.0,1.83333,61,36.862,33.735,68.0,0.0,180.0,0
2017-11-28,7,17.1667,0.0,2.33333,61,34.5625,33.1767,51.0,0.0,232.941,0
2017-11-28,8,17.0,0.0,2.5,62,34.1533,38.2117,52.0,0.0,224.824,0
2017-11-28,9,17.0,0.0,2.83333,63,32.0175,39.5517,52.0,0.0,224.824,0
2017-11-28,10,17.0,0.0,3.16667,64,33.675,34.7625,51.0,0.0,236.733,0
2017-11-28,11,16.8333,0.0,3.5,63,35.4325,35.76,68.0,0.0,180.0,0
2017-11-28,12,16.6667,0.0,3.83333,61,36.258,38.175,66.0,0.0,187.2,0
2017-11-28,13,16.1667,0.0,4.16667,60,41.6725,39.4733,65.0,0.0,187.425,0
2017-11-28,14,15.5,0.0,4.5,59,39.835,44.4733,64.0,0.0,202.024,0
2017-11-28,15,15.0,0.0,4.66667,59,40.675,40.15,60.0,0.0,226.8,0
2017-11-28,16,14.1667,0.0,4.5,77,40.5633,51.34,57.0,0.0,252.225,0
2017-11-28,17,13.5,0.0,4.33333,79,43.145,59.135,53.0,0.0,282.72,0
2017-11-28,22,10.5,0.0,3.16667,79,35.5,18.6,-28.7268,-16.4552,324.8,0
2017-11-29,0,9.5,0.0,3.16667,84,43.39,41.46,0.359721,-11.8631,311.564,0
2017-11-29,1,9.0,0.0,3.16667,86,37.438,35.072,3.13136,-4.59216,325.867,0
2017-11-29,2,8.33333,0.0,3.0,86,37.4025,43.34,5.903,1.14804,385.527,0
2017-11-29,3,7.83333,0.0,2.83333,86,39.2275,44.305,12.903,1.14804,360.0,0
2017-11-29,4,7.66667,0.0,2.5,85,40.6733,37.245,31.0657,5.35752,398.945,0
2017-11-29,5,7.66667,0.0,2.33333,85,44.1483,35.0075,12.6746,2.29608,417.6,0
2017-11-29,6,7.66667,0.0,2.16667,86,49.59,36.862,-4.64028,-1.14804,417.6,0
2017-11-29,7,8.0,0.0,2.0,89,46.7783,34.5625,-21.0313,-4.20948,421.2,0
2017-11-29,8,8.16667,0.0,2.0,86,48.6275,34.1533,-21.0313,-10.3324,395.2,0
2017-11-29,9,7.83333,0.0,2.0,83,48.3475,32.0175,-22.8791,-15.6899,375.943,0
2017-11-29,10,7.83333,0.0,2.16667,80,43.3325,33.675,-34.1217,-19.9325,405.45,0
2017-11-29,11,7.66667,0.0,2.5,75,39.948,35.4325,-49.5128,-22.994,405.45,0
2017-11-29,12,7.33333,0.0,2.83333,72,39.6925,36.258,-47.7786,-25.5894,417.6,0
2017-11-29,13,7.0,0.0,3.16667,72,42.8225,41.6725,-45.007,-24.4414,453.6,0
2017-11-29,14,7.0,0.0,3.5,73,43.168,39.835,-50.5503,-26.7375,420.0,0
2017-11-29,15,7.33333,0.0,3.83333,77,50.415,40.675,-50.5503,-26.7375,420.0,0
2017-11-29,16,7.33333,0.0,3.83333,83,44.8367,40.5633,-50.5503,-26.7375,420.0,0
2017-11-29,17,6.83333,0.0,3.66667,92,59.44,43.145,-30.9166,-19.4334,453.6,0
2017-11-29,21,5.5,0.0,2.83333,89,68.54,59.53,-7.48804,-12.6284,480.0,0
2017-11-29,22,5.16667,0.0,2.66667,88,49.0,35.5,3.05524,-10.3324,499.8,0
2017-11-30,0,5.33333,0.0,2.33333,88,44.47,43.39,27.9896,-4.97484,569.25,0
2017-11-30,1,5.16667,0.97,2.0,88,45.925,37.438,24.294,-3.44412,558.45,0
2017-11-30,2,5.0,0.97,1.5,100,37.5033,37.4025,35.6851,-0.38268,635.25,0
2017-11-30,3,5.0,1.96,1.16667,98,36.79,39.2275,40.6851,-0.38268,600.0,0
2017-11-30,4,4.83333,2.95,0.833333,97,35.61,40.6733,28.0657,1.53072,600.0,0
2017-11-30,5,5.0,2.95,0.5,96,29.97,44.1483,24.0657,1.53072,635.04,0
2017-11-30,7,6.33333,1.98,0.0,93,47.735,46.7783,-3.24808,-9.78304,583.0,0
2017-11-30,16,11.3333,1.93,1.83333,89,32.53,44.8367,21.8128,-52.6612,273.48,0
2017-11-30,17,11.3333,2.19,1.66667,88,33.215,59.44,25.7642,-51.2006,271.745,0
2017-11-30,21,9.83333,4.8,1.0,88,27.7875,68.54,40.3185,-40.8597,323.345,0
2017-11-30,22,9.83333,4.72,1.0,88,27.3633,49.0,46.2717,-34.9065,323.345,0
2018-10-01,0,9.5,0.0,7.83333,77,23.3,41.965,61.0,0.0,321.6,0
2018-10-01,1,9.0,0.0,6.83333,78,23.775,42.295,57.0,0.0,347.564,0
2018-10-01,2,8.66667,0.0,6.16667,80,30.44,46.335,54.0,0.0,376.32,0
2018-10-01,3,8.5,0.0,5.66667,84,27.725,30.32,52.0,0.0,395.2,0
2018-10-01,4,8.33333,0.0,5.16667,80,40.325,36.885,51.0,0.0,409.867,0
2018-10-01,5,8.16667,0.0,4.83333,88,38.175,33.315,59.0,0.0,360.0,0
2018-10-01,6,8.0,0.0,4.5,97,34.205,31.57,58.0,0.0,374.0,0
2018-10-01,7,7.83333,0.0,4.16667,100,33.345,27.33,57.0,0.0,388.267,0
2018-10-01,8,7.66667,0.0,4.16667,100,33.835,27.2,55.0,0.0,405.45,0
2018-10-01,9,7.66667,0.0,4.5,88,27.43,21.545,40.5328,2.67876,421.2,0
2018-10-01,10,8.0,0.0,5.5,67,24.935,17.27,25.1418,5.7402,421.2,0
2018-10-01,11,8.5,0.0,6.83333,58,23.27,14.23,7.903,9.567,390.0,0
2018-10-01,12,9.0,0.0,8.5,52,22.46,12.56,-18.2597,13.7765,401.85,0
2018-10-01,13,9.66667,0.0,10.5,49,21.765,12.365,-36.4224,17.986,345.257,0
2018-10-01,14,10.3333,0.0,12.3333,48,21.075,13.065,-44.7334,23.0854,333.45,0
2018-10-01,15,10.6667,0.0,14.0,47,42.855,16.96,-45.1206,27.8022,309.12,0
2018-10-01,16,10.5,0.0,15.0,45,42.835,23.27,-42.9529,31.0465,317.127,0
2018-10-01,17,10.0,0.0,15.5,52,48.015,30.655,-36.2343,35.1519,341.127,0
2018-10-01,18,9.5,0.0,15.3333,60,50.945,31.6,-39.2958,42.543,311.564,0
2018-10-01,19,9.0,0.0,14.8333,66,48.62,39.185,-29.1331,46.3335,347.564,0
2018-10-01,20,8.5,0.0,13.8333,74,46.71,26.095,-21.3549,46.5553,385.527,0
2018-10-01,21,8.33333,0.0,12.5,79,41.47,35.39,-13.5767,46.7771,417.72,0
2018-10-01,22,8.5,0.0,11.5,75,30.98,29.78,-13.5767,55.7771,360.0,0
2018-10-01,23,8.83333,0.0,10.6667,70,32.085,31.94,-6.88824,49.6298,401.85,0
2018-10-02,0,9.33333,0.0,10.0,77,18.86,23.3,-7.6536,51.4776,371.25,0
2018-10-02,1,10.0,0.0,9.33333,84,16.115,23.775,-7.6536,54.4776,327.6,0
2018-10-02,2,10.8333,0.0,9.16667,88,15.88,30.44,0.83172,49.5642,326.8,0
2018-10-02,3,11.6667,0.0,9.0,91,20.555,27.725,10.0241,52.5746,285.12,0
2018-10-02,4,12.3333,0.0,8.83333,90,14.31,40.325,23.7505,56.2701,240.0,0
2018-10-02,5,13.1667,0.0,8.5,90,10.635,38.175,37.4768,48.9656,265.5,0
2018-10-02,6,14.0,0.0,8.33333,95,7.02,34.205,39.5982,51.7373,242.031,0
2018-10-02,7,14.8333,0.0,8.16667,95,15.84,33.345,30.4057,55.7268,221.571,0
2018-10-02,8,15.6667,0.0,7.83333,96,14.505,33.835,20.5062,59.7925,196.114,0
2018-10-02,9,16.5,0.0,8.0,87,14.935,27.43,0.0,51.0,229.125,0
2018-10-02,10,17.1667,0.0,8.0,72,12.78,24.935,0.0,54.0,209.012,0
2018-10-02,11,17.8333,0.0,8.33333,65,11.65,23.27,0.0,55.0,205.8,0
2018-10-02,12,18.6667,0.0,8.83333,59,13.26,22.46,0.0,56.0,202.926,0
2018-10-02,13,19.3333,0.0,9.66667,56,17.82,21.765,0.0,58.0,184.0,0
2018-10-02,14,19.8333,0.0,10.6667,53,17.97,21.075,0.0,61.0,168.505,0
2018-10-02,15,20.5,0.0,11.3333,51,23.195,42.855,-8.03628,61.4015,165.714,0
2018-10-02,16,21.5,0.0,12.0,48,21.175,42.835,-16.8379,61.6507,153.6,0
2018-10-02,17,22.5,0.0,12.1667,47,20.185,48.015,-26.0222,62.8238,136.286,0
2018-10-02,18,23.1667,0.0,12.1667,46,18.63,50.945,-27.553,66.5194,125.061,0
2018-10-02,19,23.8333,0.0,11.8333,46,14.76,48.62,-28.3183,68.3671,120.0,0
2018-10-02,20,24.3333,0.0,11.3333,48,14.4,46.71,-36.8117,63.8717,120.0,0
2018-10-02,21,24.6667,0.0,10.6667,53,12.94,41.47,-44.2154,57.7454,124.848,0
2018-10-02,22,25.0,1.93,10.0,58,8.62,30.98,-52.3261,52.3261,124.848,0
2018-10-02,23,25.1667,1.93,9.5,74,16.79,32.085,-27.6274,41.6986,174.048,0
2018-10-03,0,25.1667,1.93,9.16667,73,9.7,18.86,-19.8994,48.0418,170.769,0
2018-10-03,1,24.8333,2.41,9.16667,68,7.97,16.115,-19.5167,47.1179,176.538,0
2018-10-03,2,24.5,2.41,9.16667,64,10.685,15.88,-28.3183,68.3671,129.6,0
2018-10-03,3,24.1667,2.41,9.16667,70,9.685,20.555,-18.3686,66.3462,145.2,0
2018-10-03,4,24.0,0.48,9.16667,74,8.275,14.31,-8.80164,66.2492,146.348,0
2018-10-03,5,24.1667,0.48,9.33333,76,6.88,10.635,0.0,70.0,130.473,0
2018-10-03,6,24.6667,0.48,9.33333,78,6.73,7.02,0.0,52.0,168.192,0
2018-10-03,7,25.8333,0.0,9.0,81,2.9,15.84,0.0,55.0,156.8,0
2018-10-03,8,27.3333,0.0,8.83333,79,10.13,14.505,0.0,58.0,144.0,0
2018-10-03,9,28.8333,0.0,8.83333,76,7.55,14.935,0.0,61.0,135.24,0
2018-10-03,10,30.0,0.0,9.0,66,9.095,12.78,0.0,63.0,128.981,0
2018-10-03,11,31.1667,0.0,9.33333,63,10.06,11.65,0.0,64.0,127.5,0
2018-10-03,12,32.1667,0.0,9.66667,61,8.65,13.26,0.0,66.0,118.8,0
2018-10-03,13,32.5,0.0,10.3333,63,8.06,17.82,0.0,68.0,116.471,0
2018-10-03,14,32.5,0.0,10.8333,57,5.17,17.97,22.6275,63.5642,124.8,0
2018-10-03,15,32.1667,0.0,11.3333,52,4.645,23.195,44.5479,58.2044,131.962,0
2018-10-03,16,31.8333,0.0,11.6667,49,6.08,21.175,43.1337,56.3567,138.194,0
2018-10-03,17,31.0,0.0,11.6667,51,5.945,20.185,42.4266,55.4328,140.0,0
2018-10-03,18,29.6667,0.23,11.6667,54,5.08,18.63,41.7195,54.5089,144.84,0
2018-10-03,19,27.6667,0.23,11.3333,59,8.22,14.76,38.891,50.8134,162.29,0
2018-10-03,20,25.3333,0.23,10.8333,64,6.365,14.4,53.0332,69.291,138.538,0
2018-10-03,21,23.0,0.23,10.3333,66,7.705,12.94,44.5479,58.2044,189.0,0
2018-10-03,22,20.6667,0.23,9.83333,68,5.05,8.62,37.4768,48.9656,229.14,0
2018-10-03,23,18.6667,0.23,9.33333,68,7.515,16.79,48.7906,63.7477,186.66,0
2018-10-04,0,17.1667,0.0,8.83333,67,3.21,9.7,34.6484,62.2701,187.2,0
2018-10-04,1,16.6667,0.0,8.5,64,6.925,7.97,22.6275,63.5642,180.0,0
2018-10-04,2,16.8333,0.0,8.33333,61,6.11,10.685,0.0,51.0,232.941,0
2018-10-04,3,17.0,0.0,8.16667,62,11.93,9.685,0.0,52.0,224.824,0
2018-10-04,4,17.0,0.0,7.83333,62,11.71,8.275,0.0,52.0,224.824,0
2018-10-04,5,16.8333,0.0,7.66667,67,11.3,6.88,0.0,51.0,236.733,0
2018-10-04,6,16.6667,0.0,7.5,72,14.69,6.73,0.0,67.0,187.0,0
2018-10-04,7,16.6667,0.0,7.33333,79,14.08,2.9,0.0,65.0,194.541,0
2018-10-04,8,16.6667,0.0,7.33333,77,11.35,10.13,0.0,65.0,187.425,0
2018-10-04,9,17.0,0.0,7.5,70,12.535,7.55,0.0,51.0,229.125,0
2018-10-04,10,17.3333,0.0,8.0,67,13.28,9.095,0.0,54.0,209.012,0
2018-10-04,11,18.0,0.0,8.66667,57,11.46,10.06,12.728,53.6298,205.8,0
2018-10-04,12,18.6667,0.0,9.5,50,7.9,8.65,26.8702,54.1074,195.789,0
2018-10-04,13,19.1667,0.0,10.5,45,8.04,8.06,41.0124,53.585,184.0,0
2018-10-04,14,19.3333,0.0,11.3333,43,10.74,5.17,42.4266,55.4328,180.0,0
2018-10-04,15,19.1667,0.0,12.1667,42,7.65,4.645,28.2844,55.9552,186.66,0
2018-10-04,16,18.8333,0.0,12.6667,44,34.395,6.08,14.1422,55.4776,200.34,0
2018-10-04,17,18.0,0.0,12.8333,46,31.965,5.945,0.0,53.0,225.095,0
2018-10-04,18,16.8333,0.0,12.8333,49,35.085,5.08,0.0,68.0,186.821,0
2018-10-04,19,15.1667,0.0,12.5,53,32.39,8.22,0.0,62.0,224.0,0
2018-10-04,20,13.5,0.0,12.0,61,38.19,6.365,-3.8268,53.2388,279.0,0
2018-10-04,21,12.0,0.0,11.3333,66,30.495,7.705,-7.27092,61.5537,266.325,0
2018-10-04,22,11.0,0.0,10.8333,69,20.91,5.05,-13.6349,51.9177,325.68,0
2018-10-04,23,10.1667,0.0,10.5,73,29.76,7.515,-20.706,43.9888,366.277,0
2018-10-05,0,9.66667,0.0,10.1667,76,20.81,3.21,-27.7771,51.0599,321.6,0
2018-10-05,1,9.66667,0.0,9.83333,75,18.45,6.925,-34.8482,45.131,324.48,0
2018-10-05,2,9.83333,0.0,9.66667,75,20.215,6.11,-38.0925,42.9633,312.8,0
2018-10-05,3,10.0,0.0,9.5,76,27.055,11.93,-41.7195,41.7195,300.0,0
2018-10-05,4,10.0,0.0,9.33333,78,29.715,11.71,-42.4266,42.4266,300.0,0
2018-10-05,5,10.1667,0.0,9.0,78,30.06,11.3,-42.4266,42.4266,300.0,0
2018-10-05,6,10.3333,0.0,8.66667,76,30.54,14.69,-36.0626,36.0626,346.92,0
2018-10-05,7,10.6667,0.0,8.33333,85,30.59,14.08,-36.7697,36.7697,334.08,0
2018-10-05,8,11.0,0.0,8.16667,84,26.59,11.35,-38.1839,38.1839,309.12,0
2018-10-05,9,11.6667,0.0,8.33333,75,25.36,12.535,-39.5982,39.5982,285.12,0
2018-10-05,10,12.0,0.0,8.66667,72,25.685,13.28,-42.4266,42.4266,250.364,0
2018-10-05,11,12.5,0.0,9.5,64,23.24,11.46,-43.1337,43.1337,240.0,0
2018-10-05,12,13.1667,0.0,10.6667,56,23.075,7.9,-36.7697,36.7697,276.0,0
2018-10-05,13,13.6667,0.0,12.3333,49,23.39,8.04,-38.891,38.891,257.914,0
2018-10-05,14,14.1667,0.0,14.0,47,27.155,10.74,-39.5982,39.5982,235.2,0
2018-10-05,15,14.1667,0.0,15.5,43,28.2,7.65,-41.7195,41.7195,221.571,0
2018-10-05,16,14.3333,0.0,16.6667,43,40.855,34.395,-41.7195,41.7195,228.48,0
2018-10-05,17,13.8333,0.0,17.3333,48,48.72,31.965,-43.1233,36.0877,245.92,0
2018-10-05,18,13.1667,0.0,17.3333,55,39.935,35.085,-42.6793,29.6905,282.72,0
2018-10-05,19,12.3333,0.0,16.6667,61,44.245,32.39,-52.842,33.9,248.88,0
2018-10-05,20,11.5,0.0,15.5,72,39.36,38.19,-32.2353,23.2933,287.571,0
2018-10-05,21,10.8333,0.0,14.0,76,58.285,30.495,-12.3358,13.3938,321.231,0
2018-10-05,22,10.3333,0.0,12.6667,76,40.86,20.91,9.67464,8.41896,341.127,0
2018-10-05,23,10.1667,0.0,11.3333,79,45.705,29.76,29.8373,4.20948,353.455,0
2018-10-06,0,10.0,0.0,10.3333,82,30.93,20.81,39.8373,4.20948,300.0,1
2018-10-06,1,10.0,0.0,9.66667,83,43.665,18.45,60.0,0.0,300.0,1
2018-10-06,2,10.1667,0.0,9.33333,85,43.08,20.215,60.0,0.0,300.0,1
2018-10-06,3,10.3333,0.0,9.16667,86,29.7,27.055,51.0,0.0,346.92,1
2018-10-06,4,10.5,0.0,8.83333,87,44.72,29.715,52.0,0.0,334.08,1
2018-10-06,5,10.6667,0.0,8.66667,87,43.69,30.06,53.0,0.0,321.48,1
2018-10-06,6,10.8333,0.0,8.5,86,37.275,30.54,54.0,0.0,309.12,1
2018-10-06,7,11.1667,0.0,8.16667,97,34.38,30.59,55.0,0.0,305.455,1
2018-10-06,8,11.3333,0.0,8.0,95,35.51,26.59,56.0,0.0,294.0,1
2018-10-06,9,11.8333,0.0,8.16667,82,34.38,25.36,57.0,0.0,282.764,1
2018-10-06,10,12.5,0.0,8.83333,70,30.73,25.685,60.0,0.0,250.364,1
2018-10-06,11,13.5,0.0,10.0,57,31.77,23.24,53.0,0.0,265.5,1
2018-10-06,12,14.6667,0.0,11.3333,50,33.01,23.075,58.0,0.0,216.0,1
2018-10-06,13,15.8333,0.0,13.1667,46,35.33,23.39,64.0,0.0,180.0,1
2018-10-06,14,17.0,0.0,15.0,46,37.64,27.155,54.0,0.0,209.012,1
2018-10-06,15,17.5,0.0,16.5,45,50.895,28.2,56.0,0.0,198.4,1
2018-10-06,16,17.5,0.0,17.6667,46,59.715,40.855,22.294,6.50556,210.189,1
2018-10-06,17,16.6667,0.0,18.1667,57,25.15,48.72,-10.5642,12.2458,240.505,1
2018-10-06,18,15.5,0.0,18.1667,70,55.72,39.935,-21.6507,16.8379,222.821,1
2018-10-06,19,14.0,0.0,17.6667,80,71.46,44.245,-50.8134,21.0474,275.718,1
2018-10-06,20,12.3333,0.0,16.5,94,71.645,39.36,-60.0522,24.8742,256.941,1
2018-10-06,21,11.0,0.0,15.1667,95,76.465,58.285,-52.6612,21.8128,315.52,1
2018-10-06,22,10.1667,0.0,14.0,85,62.5,40.86,-47.1179,19.5167,359.9,1
2018-10-06,23,9.83333,0.0,12.8333,81,70.37,45.705,-56.3567,23.3435,311.1,1
2018-10-07,0,9.66667,0.0,12.0,82,62.955,30.93,-54.5089,22.5781,323.345,1
2018-10-07,1,9.66667,0.0,11.3333,81,64.865,43.665,-53.585,22.1954,324.48,1
2018-10-07,2,9.66667,0.0,11.1667,82,50.66,43.08,-53.585,22.1954,312.8,1
2018-10-07,3,9.66667,0.0,11.0,88,63.025,29.7,-53.585,22.1954,312.8,1
2018-10-07,4,9.33333,0.0,10.6667,87,60.11,44.72,-53.585,22.1954,324.48,1
2018-10-07,5,9.0,0.0,10.5,94,55.36,43.69,-51.7373,21.4301,349.92,1
2018-10-07,6,8.66667,0.0,10.3333,100,49.535,37.275,-49.8895,20.6647,376.32,1
2018-10-07,7,8.33333,0.0,10.0,100,46.92,34.38,-48.0418,19.8994,403.68,1
2018-10-07,8,8.16667,0.0,10.0,100,45.735,35.51,-55.4328,22.9608,360.0,1
2018-10-07,9,8.16667,0.0,10.5,91,41.275,34.38,-53.585,22.1954,374.0,1
2018-10-07,10,8.66667,0.0,11.3333,64,37.0,30.73,-53.585,22.1954,374.0,1
2018-10-07,11,9.5,0.0,12.6667,54,28.58,31.77,-45.6573,23.4681,386.4,1
2018-10-07,12,10.5,0.0,14.3333,49,30.28,33.01,-43.2411,32.4171,313.65,1
2018-10-07,13,11.8333,0.0,16.3333,46,19.72,35.33,-33.8165,39.2285,278.25,1
2018-10-07,14,13.3333,0.0,18.1667,48,14.885,37.64,-18.1106,48.723,248.727,1
2018-10-07,15,14.8333,0.0,19.5,47,12.625,50.895,-10.3324,57.9448,205.477,1
2018-10-07,16,16.1667,0.0,20.3333,49,13.13,59.715,12.728,49.6298,229.125,1
2018-10-07,17,17.3333,0.0,20.0,57,6.52,25.15,26.1631,51.1836,209.012,1
2018-10-07,18,18.3333,0.0,19.3333,58,4.915,55.72,40.3053,48.3258,191.133,1
2018-10-07,19,18.8333,0.0,18.3333,59,5.84,71.46,46.0549,39.3495,181.895,1
2018-10-07,20,19.0,0.0,16.8333,63,6.295,71.645,50.1735,29.0667,186.66,1
2018-10-07,21,18.6667,0.0,15.3333,62,7.595,76.465,54.0313,14.9245,200.34,1
2018-10-07,22,17.8333,0.0,13.8333,62,3.43,62.5,51.5537,7.27092,225.095,1
2018-10-07,23,16.5,0.0,12.8333,60,8.81,70.37,65.5537,7.27092,193.768,1
2018-10-08,0,15.0,0.0,11.8333,63,9.735,62.955,60.0,0.0,239.733,0
2018-10-08,1,13.5,0.0,10.8333,65,10.815,64.865,52.1627,4.20948,288.225,0
2018-10-08,2,12.0,0.0,10.1667,66,11.25,50.66,61.4015,8.03628,266.325,0
2018-10-08,3,10.8333,0.0,9.33333,73,6.76,63.025,53.7164,11.4804,318.171,0
2018-10-08,4,10.0,0.0,8.5,74,14.82,60.11,48.0313,14.9245,359.9,0
2018-10-08,5,9.5,0.0,7.83333,75,16.215,55.36,57.0313,14.9245,322.4,0
2018-10-08,6,9.0,0.0,7.16667,75,17.84,49.535,54.0313,14.9245,347.564,0
2018-10-08,7,8.5,0.0,6.5,78,14.56,46.92,51.8686,10.715,376.32,0
2018-10-08,8,8.0,0.0,6.0,77,17.015,45.735,49.097,4.20948,409.867,0
2018-10-08,9,7.5,0.0,6.16667,70,13.295,41.275,54.6403,1.9134,388.267,0
2018-10-08,10,7.16667,0.0,6.83333,65,12.39,37.0,51.8686,-3.8268,432.667,0
2018-10-08,11,7.0,0.0,7.66667,57,13.22,28.58,40.875,-13.7381,463.6,0
2018-10-08,12,7.0,0.0,8.66667,49,10.68,30.28,26.2181,-19.395,479.467,0
2018-10-08,13,7.16667,0.0,10.0,44,11.22,19.72,18.827,-22.4564,420.0,0
2018-10-08,14,7.5,0.0,11.3333,40,14.035,14.885,2.436,-25.5178,420.0,0
2018-10-08,15,7.83333,0.0,12.3333,37,27.82,12.625,-4.03116,-22.8391,451.0,0
2018-10-08,16,8.0,0.0,13.1667,36,36.375,13.13,-1.57444,-20.543,413.4,0
2018-10-08,17,8.0,0.0,12.8333,55,54.995,6.52,0.88228,-18.2469,392.229,0
2018-10-08,18,8.0,0.0,12.3333,58,48.635,4.915,11.561,-11.7798,390.0,0
2018-10-08,19,8.0,0.0,11.6667,62,68.045,5.84,9.82688,-9.18432,390.0,0
2018-10-08,20,7.83333,0.0,10.8333,65,66.68,6.295,9.82688,-9.18432,390.0,0
2018-10-08,21,7.83333,0.0,9.83333,72,42.97,7.595,10.7508,-8.80164,405.45,0
2018-10-08,22,7.83333,0.0,8.5,73,46.3,3.43,-4.64028,-11.8631,405.45,0
2018-10-08,23,7.83333,0.0,8.16667,73,55.665,8.81,-20.0313,-14.9245,405.45,0
2018-10-09,0,7.83333,0.0,7.83333,78,35.55,9.735,-35.4224,-17.986,405.45,0
2018-10-09,1,7.66667,0.0,7.33333,80,43.765,10.815,-50.8134,-21.0474,405.45,0
2018-10-09,2,7.66667,0.0,6.83333,85,43.52,11.25,-49.8895,-20.6647,421.2,0
2018-10-09,3,7.5,0.0,6.5,91,25.38,6.76,-48.9656,-20.282,425.829,0
2018-10-09,4,7.33333,0.0,6.33333,91,44.985,14.82,-48.9656,-20.282,437.25,0
2018-10-09,5,7.16667,0.0,6.0,90,47.035,16.215,-48.0418,-19.8994,453.6,0
2018-10-09,6,7.0,0.0,5.66667,88,45.845,17.84,-47.1179,-19.5167,470.25,0
2018-10-09,7,7.0,0.0,5.33333,100,46.465,14.56,-53.585,-22.1954,420.0,0
2018-10-09,8,7.0,0.0,5.16667,100,46.515,17.015,-52.6612,-21.8128,436.05,0
2018-10-09,9,7.16667,0.0,5.5,90,46.125,13.295,-51.7373,-21.4301,437.143,0
2018-10-09,10,7.5,0.0,6.16667,78,44.09,12.39,-52.6612,-21.8128,420.0,0
2018-10-09,11,8.0,0.0,7.33333,64,42.785,13.22,-30.7268,-16.4552,443.143,0
2018-10-09,12,8.66667,0.0,8.83333,56,42.97,10.68,-14.2597,-13.7765,392.229,0
2018-10-09,13,9.33333,0.0,10.8333,52,41.62,11.22,-11.488,-4.20948,377.143,0
2018-10-09,14,10.0,0.0,12.6667,52,42.59,14.035,-15.1836,2.67876,314.743,0
2018-10-09,15,10.3333,0.0,14.1667,51,51.525,27.82,-11.488,12.6284,326.8,0
2018-10-09,16,10.3333,0.0,15.3333,51,61.7,36.375,-29.7268,16.4552,321.48,0
2018-10-09,17,10.0,0.0,15.6667,63,66.42,54.995,-48.0418,19.8994,341.127,0
2018-10-09,18,9.5,0.0,15.6667,69,57.07,48.635,-55.4328,22.9608,311.564,0
2018-10-09,19,8.83333,0.0,15.1667,75,50.06,68.045,-52.6612,21.8128,347.564,0
2018-10-09,20,8.16667,0.0,14.5,84,67.355,66.68,-48.9656,20.282,398.618,0
2018-10-09,21,7.66667,0.0,13.5,90,75.02,42.97,-41.9656,20.282,372.764,0
2018-10-09,22,7.33333,0.0,12.3333,90,55.23,46.3,-24.803,16.0726,414.72,0
2018-10-09,23,7.16667,0.0,11.5,89,64.7,55.665,-8.56416,12.2458,448.0,0
2018-10-10,0,7.0,0.0,10.6667,91,53.81,35.55,6.75076,8.80164,470.25,0
2018-10-10,1,6.83333,0.0,10.0,92,60.99,43.765,13.7508,8.80164,420.0,0
2018-10-10,2,6.66667,0.0,9.33333,92,40.15,43.52,15.5985,8.03628,452.4,0
2018-10-10,3,6.5,0.0,8.83333,95,59.625,25.38,17.4463,7.27092,472.457,0
2018-10-10,4,6.33333,0.0,8.33333,90,60.45,44.985,18.3702,6.88824,490.629,0
2018-10-10,5,6.16667,0.0,8.0,100,62.455,47.035,5.82688,9.18432,509.143,0
2018-10-10,6,6.0,0.0,7.66667,100,66.6,45.845,4.82688,9.18432,528.0,0
2018-10-10,7,6.0,0.0,7.16667,100,65.89,46.465,10.8269,9.18432,480.0,0
2018-10-10,8,6.0,0.0,7.16667,100,70.79,46.515,-1.7164,6.88824,498.343,0
2018-10-10,9,6.16667,0.0,7.5,100,66.525,46.125,-14.2597,4.59216,517.029,0
2018-10-10,10,6.33333,0.0,8.5,85,57.7,44.09,-27.7268,1.9134,499.8,0
2018-10-10,11,6.66667,0.0,10.0,70,52.235,42.785,-28.6507,-3.06144,480.0,0
2018-10-10,12,7.16667,0.0,11.6667,61,48.745,42.97,-24.9552,-10.715,496.8,0
2018-10-10,13,7.66667,0.0,13.8333,55,44.085,41.62,-27.7268,-16.4552,438.6,0
2018-10-10,14,8.16667,0.0,15.8333,55,50.265,42.59,-46.0908,-22.8192,432.0,0
2018-10-10,15,8.5,0.0,17.5,52,54.62,51.525,-46.9115,-26.8871,377.4,0
2018-10-10,16,8.83333,0.0,18.6667,55,58.16,61.7,-41.2651,-28.2763,393.6,0
2018-10-10,17,9.0,0.0,19.0,66,55.84,66.42,-41.1619,-31.9615,371.25,0
2018-10-10,18,9.0,0.0,18.8333,87,47.44,57.07,-37.215,-37.215,366.667,0
2018-10-10,19,9.0,0.0,18.1667,90,61.22,50.06,-32.3442,-42.0858,366.667,0
2018-10-10,20,9.0,0.0,17.0,100,58.945,67.355,-29.4243,-44.0367,366.667,0
2018-10-10,21,9.16667,0.0,15.6667,98,64.78,75.02,-26.5045,-45.9877,366.667,0
2018-10-10,22,9.33333,0.0,14.3333,91,53.32,55.23,-23.9673,-48.8625,352.8,0
2018-10-10,23,9.5,0.0,13.1667,89,59.47,64.7,-21.4301,-51.7373,339.2,0
2018-10-11,0,9.66667,0.0,12.1667,92,45.32,53.81,-21.8128,-52.6612,325.867,0
2018-10-11,1,9.66667,0.0,11.3333,94,54.585,60.99,-22.1954,-53.585,312.8,0
2018-10-11,2,9.66667,0.0,10.6667,97,54.715,40.15,-22.1954,-53.585,312.8,0
2018-10-11,3,9.66667,0.0,10.1667,91,38.03,59.625,-22.1954,-53.585,324.48,0
2018-10-11,4,9.66667,0.0,9.66667,91,57.71,60.45,-22.1954,-53.585,324.48,0
2018-10-11,5,9.66667,0.0,9.33333,91,59.005,62.455,-22.1954,-53.585,324.48,0
2018-10-11,6,9.83333,0.0,9.0,93,59.33,66.6,-22.1954,-53.585,324.48,0
2018-10-11,7,10.1667,0.0,8.66667,100,61.22,65.89,-22.5781,-54.5089,300.0,0
2018-10-11,8,10.6667,0.0,8.5,100,63.055,70.79,-19.8994,-48.0418,334.08,0
2018-10-11,9,11.1667,0.0,8.66667,99,63.87,66.525,-20.6647,-49.8895,309.12,0
2018-10-11,10,12.0,0.0,9.33333,84,60.825,57.7,-21.8128,-52.6612,273.48,0
2018-10-11,11,13.0,0.0,10.3333,73,45.06,52.235,-19.5167,-47.1179,281.455,0
2018-10-11,12,14.0,0.0,11.8333,63,57.67,48.745,-26.621,-48.269,235.2,0
2018-10-11,13,15.1667,0.0,13.6667,55,50.44,44.085,-34.0497,-49.2033,196.8,0
2018-10-11,14,16.1667,0.0,15.6667,52,52.4,50.265,-30.2229,-39.9645,229.125,0
2018-10-11,15,16.8333,0.0,17.5,51,56.34,54.62,-25.7973,-45.2805,216.847,0
2018-10-11,16,17.0,0.0,18.6667,53,56.805,58.16,-20.282,-48.9656,221.0,0
2018-10-11,17,16.8333,0.0,19.3333,59,53.2,55.84,-19.5167,-47.1179,236.733,0
2018-10-11,18,16.5,0.0,19.3333,77,44.095,47.44,-25.2569,-60.9761,194.133,0
2018-10-11,19,16.0,0.0,18.8333,78,31.84,61.22,-24.1088,-58.2044,209.647,0
2018-10-11,20,15.3333,0.0,18.0,79,39.485,58.945,-23.3435,-56.3567,218.625,0
2018-10-11,21,14.8333,0.0,16.8333,79,43.445,64.78,-22.5781,-54.5089,228.48,0
2018-10-11,22,14.5,0.0,15.6667,80,30.64,53.32,-26.7375,-50.5503,237.12,0
2018-10-11,23,14.1667,0.0,14.6667,79,45.35,59.47,-30.8968,-46.5916,245.92,0
2018-10-12,0,13.6667,0.0,13.8333,83,38.875,45.32,-34.349,-41.9258,257.914,0
2018-10-12,1,13.1667,0.0,13.0,86,44.955,54.585,-37.4768,-37.4768,277.114,0
2018-10-12,2,12.6667,0.0,12.3333,89,45.385,54.715,-36.0626,-36.0626,297.0,0
2018-10-12,3,12.1667,0.0,11.8333,88,46.445,38.03,-43.8408,-43.8408,258.514,0
2018-10-12,4,11.6667,0.0,11.5,91,49.115,57.71,-41.7195,-41.7195,279.138,0
2018-10-12,5,11.3333,0.0,11.0,92,32.33,59.005,-40.3053,-40.3053,291.5,0
2018-10-12,6,11.1667,0.0,10.6667,95,48.8,59.33,-39.5982,-39.5982,302.4,0
2018-10-12,7,11.0,0.0,10.3333,99,48.595,61.22,-38.891,-38.891,305.455,0
2018-10-12,8,10.8333,0.0,10.0,100,49.74,63.055,-38.891,-38.891,305.455,0
2018-10-12,9,10.8333,0.0,10.0,94,47.48,63.87,-38.1839,-38.1839,317.127,0
2018-10-12,10,10.8333,0.0,10.5,74,44.22,60.825,-38.1839,-38.1839,317.127,0
2018-10-12,11,11.0,0.0,11.6667,61,40.795,45.06,-38.1839,-38.1839,317.127,0
2018-10-12,12,11.1667,0.0,13.1667,54,39.18,57.67,-38.891,-38.891,305.455,0
2018-10-12,13,11.5,0.0,15.1667,50,41.04,50.44,-42.1994,-35.705,285.12,0
2018-10-12,14,12.0,0.0,17.3333,50,49.675,52.4,-47.1387,-33.6087,260.945,0
2018-10-12,15,12.3333,0.0,19.1667,50,55.905,56.34,-51.371,-30.8054,240.0,0
2018-10-12,16,12.5,0.0,20.5,52,55.52,56.805,-47.1179,-19.5167,286.7,0
2018-10-12,17,12.3333,0.0,21.1667,58,54.995,53.2,-44.5166,-23.4098,291.877,0
2018-10-12,18,12.1667,0.0,21.0,68,47.18,44.095,-52.2948,-31.188,249.508,0
2018-10-12,19,11.8333,0.0,20.3333,75,59.105,31.84,-48.0626,-33.9914,269.077,0
2018-10-12,20,11.3333,0.0,19.1667,83,55.3,39.485,-43.8304,-36.7948,289.385,0
2018-10-12,21,10.8333,0.0,17.8333,85,64.01,43.445,-38.891,-38.891,313.5,0
2018-10-12,22,10.3333,0.0,16.3333,87,48.92,30.64,-37.4768,-37.4768,329.018,0
2018-10-12,23,10.0,0.0,14.8333,91,63.24,45.35,-38.0135,-33.1427,353.455,0
2018-10-13,0,9.5,0.0,13.8333,93,51.49,38.875,-46.3285,-36.5869,311.564,1
2018-10-13,1,9.0,0.0,12.8333,92,58.37,44.955,-45.9413,-31.8701,347.564,1
2018-10-13,2,8.66667,0.0,12.1667,92,39.96,45.385,-45.5541,-27.1533,376.32,1
2018-10-13,3,8.33333,0.0,11.6667,92,58.88,46.445,-45.8741,-23.1437,403.68,1
2018-10-13,4,8.16667,0.0,11.3333,90,59.93,49.115,-53.2651,-26.2051,360.0,1
2018-10-13,5,8.0,0.0,11.1667,88,59.355,32.33,-53.585,-22.1954,374.0,1
2018-10-13,6,7.83333,0.0,10.8333,86,60.475,48.8,-52.6612,-21.8128,388.267,1
2018-10-13,7,7.66667,0.0,10.5,100,61.12,48.595,-50.8134,-21.0474,405.45,1
2018-10-13,8,7.5,0.0,10.3333,100,62.185,49.74,-49.8895,-20.6647,421.2,1
2018-10-13,9,7.5,0.0,10.5,94,58.595,47.48,-48.9656,-20.282,437.25,1
2018-10-13,10,7.66667,0.0,11.1667,75,53.08,44.22,-48.9656,-20.282,437.25,1
2018-10-13,11,8.16667,0.0,12.3333,58,46.625,40.795,-49.8895,-20.6647,421.2,1
2018-10-13,12,9.0,0.0,14.0,50,44.1,39.18,-52.6612,-21.8128,374.85,1
2018-10-13,13,9.83333,0.0,16.1667,46,44.3,41.04,-49.8895,-20.6647,345.257,1
2018-10-13,14,10.8333,0.0,18.1667,47,52.115,49.675,-48.0418,-19.8994,319.2,1
2018-10-13,15,11.6667,0.0,20.0,45,55.33,55.905,-52.6612,-21.8128,263.467,1
2018-10-13,16,12.0,0.0,21.1667,48,55.97,55.52,-56.3567,-23.3435,240.0,1
2018-10-13,17,12.0,0.0,21.5,56,54.14,54.995,-53.9722,-26.9122,249.9,1
2018-10-13,18,11.8333,0.0,21.1667,81,50.155,47.18,-50.6639,-30.0983,260.0,1
2018-10-13,19,11.6667,0.0,20.3333,84,61.765,59.105,-47.3555,-33.2843,279.138,1
2018-10-13,20,11.3333,0.0,19.1667,89,53.58,55.3,-43.1233,-36.0877,299.815,1
2018-10-13,21,10.8333,0.0,17.6667,85,62.105,64.01,-38.891,-38.891,305.455,1
2018-10-13,22,10.6667,0.0,16.1667,84,45.67,48.92,-38.1839,-38.1839,317.127,1
2018-10-13,23,10.5,0.0,14.8333,82,58.285,63.24,-37.4768,-37.4768,329.018,1
2018-10-14,0,10.3333,0.0,13.8333,83,56.04,51.49,-36.7697,-36.7697,341.127,1
2018-10-14,1,10.0,0.0,12.8333,85,56.37,58.37,-36.0626,-36.0626,353.455,1
2018-10-14,2,9.66667,0.0,12.1667,86,56.98,39.96,-42.4266,-42.4266,311.564,1
2018-10-14,3,9.5,0.0,11.5,86,39.52,58.88,-41.0124,-41.0124,324.48,1
2018-10-14,4,9.5,0.0,11.0,86,60.305,59.93,-40.3053,-40.3053,337.08,1
2018-10-14,5,9.5,0.0,10.6667,87,59.34,59.355,-40.3053,-40.3053,337.08,1
2018-10-14,6,9.5,0.0,10.1667,91,60.035,60.475,-40.3053,-40.3053,337.08,1
2018-10-14,7,9.66667,0.0,9.66667,93,60.18,61.12,-40.3053,-40.3053,325.867,1
2018-10-14,8,9.83333,0.0,9.33333,98,61.11,62.185,-41.0124,-41.0124,312.8,1
2018-10-14,9,10.1667,0.0,9.5,91,61.65,58.595,-41.7195,-41.7195,300.0,1
2018-10-14,10,10.5,0.0,10.1667,81,60.36,53.08,-36.0626,-36.0626,346.92,1
2018-10-14,11,11.1667,0.0,11.3333,65,53.46,46.625,-37.4768,-37.4768,321.48,1
2018-10-14,12,12.0,0.0,13.0,56,47.995,44.1,-40.3053,-40.3053,273.48,1
2018-10-14,13,13.0,0.0,15.0,51,41.185,44.3,-36.7697,-36.7697,270.327,1
2018-10-14,14,14.0,0.0,17.0,52,44.355,52.115,-40.3053,-40.3053,225.5,1
2018-10-14,15,14.8333,0.0,18.8333,48,51.605,55.33,-43.1337,-43.1337,204.429,1
2018-10-14,16,15.1667,0.0,20.0,50,46.705,55.97,-44.5479,-44.5479,195.52,1
2018-10-14,17,15.0,0.0,20.5,59,42.93,54.14,-43.8408,-43.8408,210.6,1
2018-10-14,18,14.5,0.0,20.1667,83,39.645,50.155,-41.7195,-41.7195,235.125,1
2018-10-14,19,13.8333,0.0,19.5,87,48.89,61.765,-38.891,-38.891,269.925,1
2018-10-14,20,13.0,0.0,18.5,90,47.58,53.58,-36.0626,-36.0626,297.0,1
2018-10-14,21,12.1667,0.0,17.1667,87,46.28,62.105,-43.8408,-43.8408,258.514,1
2018-10-14,22,11.6667,0.0,15.8333,86,32.14,45.67,-41.7195,-41.7195,279.138,1
2018-10-14,23,11.1667,0.0,14.5,81,45.38,58.285,-40.3053,-40.3053,291.5,1
2018-10-15,0,10.6667,0.0,13.6667,82,32.15,56.04,-38.891,-38.891,313.5,0
2018-10-15,1,10.1667,0.0,12.8333,84,31.5,56.37,-36.7697,-36.7697,341.127,0
2018-10-15,2,9.83333,0.0,12.0,84,30.25,56.98,-43.1337,-43.1337,300.0,0
2018-10-15,3,9.5,0.0,11.5,81,29.99,39.52,-41.7195,-41.7195,323.345,0
2018-10-15,4,9.16667,0.0,11.0,79,30.31,60.305,-40.3053,-40.3053,347.564,0
2018-10-15,5,9.0,0.0,10.6667,77,45.86,59.34,-38.891,-38.891,363.0,0
2018-10-15,6,9.0,0.0,10.3333,75,47.395,60.035,-38.1839,-38.1839,366.667,0
2018-10-15,7,9.0,0.0,10.0,87,43.445,60.18,-38.1839,-38.1839,366.667,0
2018-10-15,8,9.0,0.0,10.0,87,40.36,61.11,-38.1839,-38.1839,366.667,0
2018-10-15,9,9.16667,0.0,10.1667,78,34.905,61.65,-38.1839,-38.1839,366.667,0
2018-10-15,10,10.0,0.0,11.0,63,32.8,60.36,-38.891,-38.891,352.8,0
2018-10-15,11,11.1667,0.0,12.3333,47,27.825,53.46,-39.0974,-31.5206,340.267,0
2018-10-15,12,12.5,0.0,14.0,39,29.775,47.995,-16.7334,-25.1566,251.6,0
2018-10-15,13,14.0,0.0,16.0,35,30.685,41.185,12.9946,-12.4286,209.88,0
2018-10-15,14,15.3333,0.0,18.0,34,31.5,44.355,51.0,0.0,229.125,0
2018-10-15,15,16.3333,0.0,19.6667,33,35.36,51.605,52.0,0.0,224.824,0
2018-10-15,16,16.3333,0.0,20.6667,36,22.16,46.705,20.2179,-6.12288,236.733,0
2018-10-15,17,15.6667,0.0,21.0,42,40.825,42.93,7.2836,-11.4804,201.4,0
2018-10-15,18,14.8333,0.0,20.5,51,34.825,39.645,-19.2017,-19.9657,241.553,0
2018-10-15,19,13.6667,0.0,19.6667,57,43.65,48.89,-44.687,-28.451,279.0,0
2018-10-15,20,12.6667,0.0,18.3333,64,40.78,47.58,-52.4652,-36.2292,248.625,0
2018-10-15,21,11.6667,0.0,17.0,68,44.47,46.28,-45.4614,-37.8846,277.714,0
2018-10-15,22,11.0,0.0,15.5,75,26.64,32.14,-39.5982,-39.5982,302.4,0
2018-10-15,23,10.5,0.0,14.0,78,43.475,45.38,-40.3516,-34.9396,324.8,0
2018-10-16,0,10.0,0.0,13.0,79,44.64,32.15,-40.1812,-29.8984,353.455,0
2018-10-16,1,9.5,0.0,12.0,77,44.65,31.5,-48.4962,-33.3426,311.564,0
2018-10-16,2,9.0,0.0,11.3333,76,45.22,30.25,-48.109,-28.6258,347.564,0
2018-10-16,3,8.5,0.0,10.6667,75,29.42,29.99,-47.7218,-23.909,376.32,0
2018-10-16,4,8.0,0.0,10.3333,77,48.355,30.31,-47.1179,-19.5167,417.72,0
2018-10-16,5,7.83333,0.0,10.0,78,48.735,45.86,-53.585,-22.1954,386.88,0
2018-10-16,6,7.66667,0.0,9.66667,79,50.09,47.395,-50.0031,-24.0255,402.8,0
2018-10-16,7,7.66667,0.0,9.16667,84,49.245,43.445,-47.3451,-26.2383,417.6,0
2018-10-16,8,7.66667,0.0,8.83333,85,49.675,40.36,-44.687,-28.451,421.2,0
2018-10-16,9,8.0,0.0,8.83333,77,48.2,34.905,-42.9529,-31.0465,421.2,0
2018-10-16,10,8.5,0.0,9.33333,63,47.875,32.8,-41.9258,-34.349,392.229,0
2018-10-16,11,9.0,0.0,10.5,50,37.58,27.825,-38.2303,-32.8183,401.85,0
2018-10-16,12,9.66667,0.0,12.0,41,35.785,29.775,-42.7361,-31.3709,356.4,0
2018-10-16,13,10.3333,0.0,14.1667,37,36.17,30.685,-48.1658,-30.3062,300.0,0
2018-10-16,14,11.0,0.0,16.1667,39,45.335,31.5,-47.9386,-23.5846,300.667,0
2018-10-16,15,11.3333,0.0,18.0,38,54.145,35.36,-52.6612,-21.8128,273.48,0
2018-10-16,16,11.3333,0.0,19.3333,41,54.865,22.16,-53.585,-22.1954,271.745,0
2018-10-16,17,11.0,0.0,19.8333,56,53.955,40.825,-52.6612,-21.8128,291.5,0
2018-10-16,18,10.5,0.0,19.6667,64,55.71,34.825,-49.8895,-20.6647,324.8,0
2018-10-16,19,10.0,0.0,18.8333,67,71.485,43.65,-47.1179,-19.5167,359.9,0
2018-10-16,20,9.5,0.0,17.6667,72,66.57,40.78,-55.4328,-22.9608,322.4,0
2018-10-16,21,9.0,0.0,16.1667,71,67.35,44.47,-52.6612,-21.8128,347.564,0
2018-10-16,22,8.66667,0.0,14.6667,69,49.09,26.64,-49.8895,-20.6647,376.32,0
2018-10-16,23,8.5,0.0,13.3333,70,56.78,43.475,-48.0418,-19.8994,395.2,0
2018-10-17,0,8.33333,0.0,12.1667,72,50.32,44.64,-47.1179,-19.5167,409.867,0
2018-10-17,1,8.33333,0.0,11.3333,71,58.025,44.65,-54.5089,-22.5781,360.0,0
2018-10-17,2,8.33333,0.0,10.8333,70,40.01,45.22,-54.5089,-22.5781,360.0,0
2018-10-17,3,8.33333,0.0,10.5,74,57.075,29.42,-54.5089,-22.5781,360.0,0
2018-10-17,4,8.16667,0.0,10.1667,73,58.26,48.355,-53.585,-22.1954,360.0,0
2018-10-17,5,8.0,0.0,10.0,79,57.195,48.735,-52.6612,-21.8128,374.85,0
2018-10-17,6,7.83333,0.0,10.0,86,38.29,50.09,-50.2199,-23.7011,390.0,0
2018-10-17,7,7.5,0.0,9.83333,99,57.41,49.245,-47.7786,-25.5894,405.45,0
2018-10-17,8,7.16667,0.0,9.83333,95,57.54,49.675,-45.3373,-27.4777,432.667,0
2018-10-17,9,7.16667,0.0,10.0,82,51.165,48.2,-41.9722,-28.9834,463.6,0
2018-10-17,10,7.66667,0.0,10.6667,65,46.5,47.875,-41.0483,-28.6007,470.25,0
2018-10-17,11,8.33333,0.0,11.8333,50,36.31,37.58,-42.8961,-29.3661,425.829,0
2018-10-17,12,9.16667,0.0,13.3333,42,38.12,35.785,-46.5916,-30.8968,360.0,0
2018-10-17,13,10.0,0.0,15.1667,38,42.31,36.17,-47.7786,-25.5894,329.829,0
2018-10-17,14,10.8333,0.0,17.0,40,47.765,45.335,-48.9656,-20.282,305.25,0
2018-10-17,15,11.3333,0.0,18.8333,40,51.88,54.145,-29.5746,-17.2206,273.48,0
2018-10-17,16,11.1667,0.0,20.0,43,50.845,54.865,-30.4985,-17.6033,271.745,0
2018-10-17,17,10.6667,0.0,20.3333,50,54.44,53.955,-28.6507,-16.8379,302.4,0
2018-10-17,18,9.83333,0.0,20.0,56,52.73,55.71,-23.221,-17.9026,348.0,0
2018-10-17,19,9.0,0.0,19.3333,59,65.495,71.485,-28.1708,-22.8524,333.9,0
2018-10-17,20,8.16667,0.0,18.1667,67,66.145,66.57,-22.034,-23.21,394.4,0
2018-10-17,21,7.5,0.0,16.6667,73,66.59,67.35,-26.9838,-28.1598,372.3,0
2018-10-17,22,7.16667,0.0,15.1667,77,48.29,49.09,-41.6625,-34.6269,426.0,0
2018-10-17,23,7.0,0.0,13.8333,81,45.09,56.78,-36.4496,-35.3672,463.6,0
2018-10-18,0,7.0,0.0,12.6667,86,57.075,50.32,-41.3994,-40.317,420.0,0
2018-10-18,1,6.83333,0.0,11.6667,89,62.83,58.025,-38.0343,-41.8227,436.05,0
2018-10-18,2,6.66667,0.23,11.0,90,57.495,40.01,-36.62,-40.4084,454.629,0
2018-10-18,3,6.5,0.23,10.6667,83,45.61,57.075,-35.9129,-39.7013,472.457,0
2018-10-18,4,6.16667,0.23,10.5,86,46.4,58.26,-35.2058,-38.9942,490.629,0
2018-10-18,5,5.66667,0.23,10.3333,92,66.69,57.195,-25.2561,-34.0444,528.0,0
2018-10-18,6,5.33333,0.23,10.1667,98,69.005,38.29,-28.9516,-32.5137,517.029,0
2018-10-18,8,5.0,0.0,9.66667,99,81.64,57.54,-24.029,-23.8028,595.2,0
2018-10-18,9,4.83333,0.0,9.83333,90,69.135,51.165,-20.4935,-27.3384,559.543,0
2018-10-18,10,5.16667,0.0,10.3333,83,66.845,46.5,-13.6303,-27.008,599.657,0
2018-10-18,11,5.83333,0.0,11.5,68,78.36,36.31,-15.1477,-19.3794,582.4,0
2018-10-18,12,6.33333,0.0,13.0,60,64.675,38.12,-18.2961,-12.0753,540.0,0
2018-10-18,13,6.83333,0.0,15.0,54,50.125,42.31,-17.2018,-0.52859,546.96,0
2018-10-18,14,7.5,0.0,16.8333,54,61.99,47.765,-24.1632,3.59757,505.44,0
2018-10-18,15,8.0,0.0,18.3333,51,71.79,51.88,-25.9078,8.04816,420.0,0
2018-10-18,16,8.0,0.0,19.3333,54,74.13,50.845,-34.4181,23.5942,399.36,0
2018-10-18,17,7.83333,0.0,19.6667,62,114.05,54.44,-36.3316,35.2136,392.229,0
2018-10-18,18,7.66667,0.0,19.5,71,73.77,52.73,-29.8644,39.5348,405.45,0
2018-10-18,19,7.5,0.0,18.6667,79,68.49,65.495,-17.5236,42.9405,421.2,0
2018-10-18,20,7.16667,0.0,17.5,89,80.38,66.145,-5.18277,44.8288,437.25,0
2018-10-18,21,7.0,0.0,15.8333,97,87.905,66.59,5.42388,44.1217,463.6,0
2018-10-18,22,7.0,0.0,14.3333,95,81.88,48.29,10.3736,49.0715,420.0,0
2018-10-18,23,7.0,0.0,13.0,91,84.89,45.09,21.6874,47.6573,436.05,0
2018-10-19,0,7.16667,0.0,11.8333,94,65.26,57.075,29.6986,45.216,437.143,0
2018-10-19,1,7.33333,0.0,11.0,95,62.43,62.83,37.0897,41.2775,420.0,0
2018-10-19,2,7.5,0.0,10.3333,100,61.97,57.495,39.5309,30.8717,460.8,0
2018-10-19,3,7.66667,0.0,10.1667,100,62.92,45.61,42.5812,25.922,443.143,0
2018-10-19,4,8.0,0.0,9.83333,100,78.91,46.4,45.6314,20.9722,425.829,0
2018-10-19,5,8.33333,0.0,9.5,100,70.6,66.69,49.6816,16.0224,392.229,0
2018-10-19,6,8.33333,0.0,9.33333,100,66.5,69.005,53.7318,11.0726,360.0,0
2018-10-19,8,8.33333,0.0,9.16667,100,58.6,81.64,56.7821,6.12288,360.0,0
2018-10-19,9,8.5,0.0,9.16667,99,55.265,69.135,56.7821,6.12288,360.0,0
2018-10-19,10,8.66667,0.0,9.5,97,49.515,66.845,49.7821,6.12288,409.867,0
2018-10-19,11,9.0,0.0,10.1667,88,41.31,78.36,50.7821,6.12288,395.2,0
2018-10-19,12,9.5,0.0,11.0,78,33.435,64.675,52.7821,6.12288,356.4,0
2018-10-19,13,10.0,0.0,12.0,71,30.275,50.125,55.7821,6.12288,313.65,0
2018-10-19,14,10.5,0.0,13.1667,66,31.47,61.99,52.0,0.0,326.8,0
2018-10-19,15,10.8333,0.0,14.3333,64,46.455,71.79,54.0,0.0,309.12,0
2018-10-19,16,10.8333,0.0,15.1667,65,54.75,74.13,51.7782,7.77821,305.455,0
2018-10-19,17,10.5,0.0,15.3333,60,58.5,114.05,47.8493,17.017,317.127,0
2018-10-19,18,10.1667,0.0,15.1667,66,55.1,73.77,45.8493,17.017,341.127,0
2018-10-19,19,9.83333,0.0,14.5,74,57.8,68.49,54.8493,17.017,300.0,0
2018-10-19,20,9.5,0.0,13.5,82,79.785,80.38,52.1642,13.5729,323.345,0
2018-10-19,21,9.0,0.0,12.1667,83,75.67,87.905,49.4791,10.1288,347.564,0
2018-10-19,22,8.5,0.0,10.8333,83,77.03,81.88,49.092,-0.71088,376.32,0
2018-10-19,23,8.16667,0.0,9.66667,83,77.975,84.89,48.488,-12.6284,409.867,0
2018-10-20,0,7.66667,0.0,8.66667,86,88.71,65.26,54.9552,-15.3072,374.0,1
2018-10-20,1,7.16667,0.0,8.0,89,56.305,62.43,51.4985,-17.6033,417.6,1
2018-10-20,2,6.5,0.0,7.33333,92,43.18,61.97,48.0418,-19.8994,463.6,1
2018-10-20,3,6.0,0.0,6.83333,92,30.99,62.92,52.6612,-21.8128,450.667,1
2018-10-20,4,5.66667,0.0,6.66667,88,35.665,78.91,48.9656,-20.282,515.2,1
2018-10-20,5,5.33333,0.0,6.66667,89,36.43,70.6,53.9656,-20.282,496.4,1
2018-10-20,6,5.0,0.0,6.66667,88,38.11,66.5,50.6507,-16.8379,550.8,1
2018-10-20,7,4.5,0.0,6.66667,87,38.24,63.5,54.3462,-18.3686,540.0,1
2018-10-20,8,4.16667,0.0,6.83333,87,39.655,58.6,48.1032,-18.0788,620.229,1
2018-10-20,9,4.16667,0.0,7.16667,84,42.33,55.265,48.1032,-21.0788,620.743,1
2018-10-20,10,4.16667,0.0,7.5,77,36.25,49.515,39.7227,-13.7807,663.257,1
2018-10-20,11,4.16667,0.0,8.0,72,30.53,41.31,29.72,-7.56637,691.2,1
2018-10-20,12,4.5,0.0,8.66667,66,26.17,33.435,22.2633,-0.65089,715.0,1
2018-10-20,13,5.33333,0.0,9.5,57,27.38,30.275,20.9627,7.18847,699.84,1
2018-10-20,14,6.33333,0.0,10.3333,51,25.81,31.47,23.7343,12.1633,624.24,1
2018-10-20,15,6.83333,0.0,11.0,51,27.595,46.455,22.4298,17.5208,586.56,1
2018-10-20,16,7.16667,0.0,11.5,52,22.26,54.75,21.1253,22.113,510.0,1
2018-10-20,17,7.5,0.0,11.6667,73,19.175,58.5,26.4445,30.5634,461.76,1
2018-10-20,18,7.83333,0.23,11.6667,79,22.14,55.1,34.825,28.6227,420.0,1
2018-10-20,19,8.0,1.32,11.3333,80,25.01,57.8,47.665,23.5292,413.4,1
2018-10-20,20,8.16667,1.32,10.8333,78,21.875,79.785,51.7373,21.4301,390.0,1
2018-10-20,21,8.5,1.32,10.3333,77,38.16,75.67,53.585,22.1954,374.0,1
2018-10-20,22,9.0,1.32,9.66667,79,17.21,77.03,47.1179,19.5167,393.6,1
2018-10-20,23,9.5,1.32,9.16667,79,36.48,77.975,49.8895,20.6647,345.257,1
2018-10-21,0,9.66667,1.09,8.5,81,32.495,88.71,52.6612,21.8128,313.65,1
2018-10-21,1,9.66667,0.0,7.83333,85,35.375,56.305,53.585,22.1954,312.8,1
2018-10-21,2,9.33333,0.0,7.33333,89,28.41,43.18,53.585,22.1954,324.48,1
2018-10-21,3,8.83333,0.0,6.66667,96,33.86,30.99,51.7373,21.4301,349.92,1
2018-10-21,4,8.33333,0.0,6.0,96,29.275,35.665,48.9656,20.282,389.88,1
2018-10-21,5,7.83333,0.0,5.33333,97,25.855,36.43,55.4328,22.9608,360.0,1
2018-10-21,6,7.33333,0.0,4.83333,96,29.28,38.11,52.6612,21.8128,400.68,1
2018-10-21,7,6.83333,0.0,4.33333,95,28.47,38.24,48.9656,20.282,448.0,1
2018-10-21,8,6.33333,0.0,4.0,96,32.185,39.655,54.5089,22.5781,420.0,1
2018-10-21,9,6.0,0.0,4.0,92,29.355,42.33,50.8134,21.0474,482.4,1
2018-10-21,10,5.66667,0.0,4.5,75,25.075,36.25,46.034,21.1388,538.65,1
2018-10-21,11,5.5,0.0,5.5,67,20.2,30.53,46.034,26.1388,514.8,1
2018-10-21,12,5.66667,0.0,6.66667,62,22.74,26.17,38.643,29.0774,536.057,1
2018-10-21,13,6.0,0.0,8.16667,56,25.8,27.38,32.1758,33.3986,536.057,1
2018-10-21,14,6.5,0.0,9.66667,54,25.495,25.81,22.6472,38.1109,517.029,1
2018-10-21,15,7.0,0.0,11.0,54,31.335,27.595,13.1186,42.8232,480.0,1
2018-10-21,16,7.5,0.0,12.0,55,28.91,22.26,-1.02937,45.6221,483.36,1
2018-10-21,17,7.66667,0.0,12.1667,70,32.69,19.175,-8.71021,51.0997,420.0,1
2018-10-21,18,7.66667,0.0,12.0,90,38.835,22.14,-14.9245,49.0313,432.0,1
2018-10-21,19,7.5,0.0,11.3333,95,30.33,25.01,-17.6033,49.4985,425.829,1
2018-10-21,20,7.33333,0.0,10.1667,100,39.475,21.875,-20.282,48.9656,437.25,1
2018-10-21,21,7.16667,0.0,9.0,98,37.735,38.16,-22.1704,46.5244,453.6,1
2018-10-21,22,7.0,0.0,7.83333,90,37.105,17.21,-24.0587,44.0831,470.25,1
2018-10-21,23,7.0,0.0,6.83333,84,38.89,36.48,-29.0085,49.0329,420.0,1
2018-10-22,0,7.0,0.0,6.0,88,29.97,32.495,-30.8968,46.5916,436.05,0
2018-10-22,1,7.16667,0.0,5.33333,88,37.965,35.375,-32.7851,44.1503,437.143,0
2018-10-22,2,7.33333,0.0,5.0,85,39.77,28.41,-35.7632,43.34,420.0,0
2018-10-22,3,7.5,0.0,4.66667,95,37.65,33.86,-36.0626,36.0626,460.8,0
2018-10-22,4,7.66667,0.0,4.33333,99,38.385,29.275,-36.7697,36.7697,443.143,0
2018-10-22,5,7.83333,0.0,4.16667,100,38.83,25.855,-37.4768,37.4768,425.829,0
2018-10-22,6,8.16667,0.0,3.83333,100,39.44,29.28,-38.1839,38.1839,408.857,0
2018-10-22,7,8.33333,0.0,3.83333,100,41.1,28.47,-39.5982,39.5982,375.943,0
2018-10-22,8,8.5,0.0,3.83333,98,40.76,32.185,-41.0124,41.0124,360.0,0
2018-10-22,9,8.83333,0.0,4.0,85,29.03,29.355,-36.0626,36.0626,401.85,0
2018-10-22,10,9.5,0.0,4.5,73,39.04,25.075,-37.4768,37.4768,371.25,0
2018-10-22,11,10.5,0.0,5.33333,62,41.875,20.2,-40.3053,40.3053,313.65,0
2018-10-22,12,11.5,0.0,6.66667,54,43.405,22.74,-33.6419,41.2187,300.667,0
2018-10-22,13,12.8333,0.0,8.0,50,40.03,25.8,-26.6541,42.3489,276.12,0
2018-10-22,14,14.1667,0.84,9.5,51,40.295,25.495,-26.0886,50.9838,216.0,0
2018-10-22,15,15.5,1.68,10.6667,56,36.605,31.335,-24.1088,58.2044,187.971,0
2018-10-22,16,16.5,1.68,11.3333,65,37.16,28.91,-13.0111,49.4119,224.824,0
2018-10-22,17,17.1667,1.68,11.5,71,33.9,32.69,6.22242,50.3358,216.847,0
2018-10-22,18,17.3333,1.68,11.3333,83,24.425,38.835,25.456,51.2597,213.333,0
2018-10-22,19,16.8333,1.68,11.0,79,30.35,30.33,36.7697,44.5734,228.8,0
2018-10-22,20,16.1667,0.84,10.5,73,21.025,39.475,46.6693,54.473,194.133,0
2018-10-22,21,15.1667,0.0,9.83333,73,25.37,37.735,43.1337,47.0356,231.8,0
2018-10-22,22,14.1667,0.0,9.16667,72,18.91,37.105,38.891,38.891,269.925,0
2018-10-22,23,13.0,0.0,8.5,71,19.1433,38.89,36.0626,38.6638,297.0,0
2018-10-23,0,12.1667,0.0,7.83333,73,14.175,29.97,43.8408,48.8265,258.514,0
2018-10-23,1,11.6667,0.0,7.16667,71,18.98,37.965,41.7195,49.0897,279.138,0
2018-10-23,2,11.3333,0.0,6.33333,76,22.03,39.77,32.5271,50.8972,291.5,0
2018-10-23,3,11.1667,0.0,5.83333,76,20.835,37.65,24.0417,53.4119,302.4,0
2018-10-23,4,11.0,0.0,5.5,75,23.83,38.385,15.5564,53.3254,305.455,0
2018-10-23,6,11.8333,0.0,5.0,74,21.17,39.44,-4.97484,56.0104,282.764,0
2018-10-23,8,14.0,0.0,5.0,69,22.17,40.76,-16.4552,50.7268,248.727,0
2018-10-23,10,18.0,2.6,5.33333,77,17.0,39.04,-6.12288,55.7821,181.425,0
2018-10-23,11,20.6667,4.23,5.66667,75,15.0,41.875,-9.18432,63.1731,143.242,0
2018-10-23,13,26.8333,5.8,6.16667,71,13.0,40.03,-23.7262,57.2806,127.531,0
2018-10-23,14,29.3333,7.37,6.5,75,18.19,40.295,-25.6396,61.9,117.6,0
2018-10-23,15,33.0,6.4,6.83333,71,15.955,36.605,-26.0222,62.8238,116.471,0
2018-10-23,16,38.1667,4.77,7.33333,68,14.865,37.16,-29.849,72.0626,79.0588,0
2018-10-23,17,42.5,3.14,7.5,83,12.495,33.9,-21.0474,50.8134,109.091,0
2018-10-23,18,45.5,3.14,7.66667,83,13.73,24.425,-21.0474,50.8134,109.091,0
2018-10-23,19,47.5,2.46,7.66667,83,10.37,30.35,-19.5167,47.1179,117.647,0
2018-10-23,20,49.0,0.89,7.5,83,8.955,21.025,-37.12,89.6164,69.8824,0
2018-10-23,21,48.0,0.89,7.33333,82,9.83,25.37,-34.0585,82.2253,78.8087,0
2018-10-23,22,44.5,0.89,7.0,81,4.725,18.91,-30.9971,74.8343,95.1628,0
2018-10-23,23,41.8333,0.89,7.33333,70,2.79,19.1433,-27.553,66.5194,112.547,0
2018-10-24,0,41.0,1.78,7.5,73,2.37,14.175,-13.0111,70.4119,96.8824,0
2018-10-24,1,41.1667,1.98,7.66667,75,3.085,18.98,0.0,85.0,71.4462,0
2018-10-24,2,43.0,1.98,7.66667,78,2.475,22.03,33.2342,89.4224,67.7478,0
2018-10-24,3,45.0,1.98,7.66667,78,8.59,20.835,38.1839,49.8895,111.111,0
2018-10-24,4,48.1667,3.07,7.66667,80,5.715,23.83,73.5394,96.0835,60.0,0
2018-10-24,6,51.3333,2.18,7.0,83,4.79,21.17,37.4768,37.4768,113.208,0
2018-10-24,8,50.1667,1.6,6.33333,79,7.03,22.17,70.711,70.711,62.4,0
2018-10-24,10,47.0,0.51,6.0,64,7.185,17.0,62.2257,62.2257,79.04,0
2018-10-24,11,46.0,0.51,6.0,55,6.38,15.0,59.3972,59.3972,85.6186,0
2018-10-24,13,45.8333,0.0,6.66667,45,5.725,13.0,68.5897,68.5897,60.0,0
2018-10-24,14,47.1667,0.0,7.16667,46,7.42,18.19,70.0039,70.0039,62.424,0
2018-10-24,15,48.3333,0.0,7.5,45,2.96,15.955,37.4768,37.4768,113.208,0
2018-10-24,16,48.3333,0.0,7.66667,47,8.04,14.865,72.8323,72.8323,60.0,0
2018-10-24,17,46.3333,0.0,7.66667,50,10.37,12.495,64.347,64.347,83.544,0
2018-10-24,18,43.0,0.0,7.33333,65,9.38,13.73,53.7404,53.7404,106.537,0
2018-10-24,19,39.0,0.0,6.83333,73,8.93,10.37,45.9622,45.9622,132.0,0
2018-10-24,20,33.8333,0.0,6.33333,74,11.36,8.955,38.891,38.891,165.0,0
2018-10-24,21,28.5,0.0,5.83333,75,7.78,9.83,54.4475,54.4475,133.56,0
2018-10-24,22,24.5,0.0,5.33333,73,11.935,4.725,45.9622,45.9622,172.8,0
2018-10-24,23,21.3333,0.0,4.83333,70,8.34,2.79,40.3053,40.3053,209.182,0
2018-10-25,0,18.8333,0.0,4.5,71,13.0,2.37,36.0626,39.5309,236.733,0
2018-10-25,1,17.1667,0.0,4.33333,74,17.12,3.085,46.6693,53.3891,194.133,0
2018-10-25,2,15.8333,0.0,4.0,74,14.945,2.475,44.5479,54.5193,209.647,0
2018-10-25,3,15.1667,0.0,3.83333,72,15.935,8.59,32.5271,56.4985,226.8,0
2018-10-25,4,14.6667,0.25,3.83333,72,14.285,5.715,21.2133,55.7164,237.12,0
2018-10-25,5,14.1667,0.25,3.83333,73,16.12,0.79,10.6066,55.8582,245.92,0
2018-10-25,6,14.0,0.5,3.83333,77,14.72,4.79,0.0,55.0,257.914,0
2018-10-25,7,14.0,0.5,4.0,82,10.76,6.03,-5.35752,53.9343,257.914,0
2018-10-25,8,14.3333,0.5,4.33333,86,15.74,7.03,-11.0977,53.7925,248.571,0
2018-10-25,9,15.1667,1.62,4.66667,88,16.675,3.49,-22.4115,51.1063,223.385,0
2018-10-25,10,16.8333,2.06,5.33333,91,18.33,7.185,-29.6824,55.66,180.0,0
2018-10-25,11,19.1667,2.06,6.33333,87,19.59,6.38,-18.5847,52.8675,166.725,0
2018-10-25,12,21.6667,1.81,7.5,81,12.95,4.85,0.0,51.0,171.55,0
2018-10-25,13,24.0,1.81,8.5,76,11.655,5.725,20.5062,53.7925,151.467,0
2018-10-25,14,26.1667,1.81,9.66667,74,11.755,7.42,41.0124,53.585,146.897,0
2018-10-25,15,27.6667,0.69,10.5,71,8.485,2.96,41.0124,53.585,146.897,0
2018-10-25,16,28.1667,0.48,11.0,70,9.99,8.04,40.3053,52.6612,151.945,0
2018-10-25,17,27.8333,0.48,11.0,73,10.5,10.37,38.891,50.8134,159.557,0
2018-10-25,18,27.0,0.48,10.6667,73,11.0,9.38,36.7697,48.0418,173.333,0
2018-10-25,19,25.8333,0.48,10.3333,74,13.21,8.93,53.7404,70.2149,124.667,0
2018-10-25,20,24.5,0.48,9.83333,71,10.995,11.36,50.2048,65.5955,139.968,0
2018-10-25,21,23.3333,0.48,9.5,71,8.84,7.78,47.3764,61.9,156.75,0
2018-10-25,22,22.3333,0.0,9.0,70,9.97,11.935,45.255,59.1283,164.509,0
2018-10-25,23,21.6667,0.48,8.66667,68,11.465,8.34,44.5479,58.2044,165.714,0
