data,timeofday,windspeed6,opady6,temp6,rhumid,index_avg,prev_index_avg,wind_dir_ns,wind_dir_ew,dispel50,is_weekend
2017-11-01,1,12.5,0.0,5.5,71,17.7467,18.17,0.0,58.0,271.745,1
2017-11-01,4,12.1667,0.0,5.5,73,13.585,17.615,0.0,56.0,248.571,1
2017-11-01,6,10.3333,0.3,5.33333,73,13.3,19.75,-2.67876,54.4672,350.118,1
2017-11-01,8,9.83333,0.78,5.5,70,25.155,29.02,-10.715,56.8686,343.938,1
2017-11-01,9,9.83333,0.78,5.66667,77,28.045,24.9,-19.9075,53.0611,333.9,1
2017-11-01,10,11.1667,0.78,6.16667,70,32.92,12.45,-24.4996,46.1476,296.229,1
2017-11-01,17,11.8333,2.38,8.16667,87,27.975,23.11,-25.498,52.558,240.0,1
2017-11-01,18,11.8333,2.38,8.33333,85,39.89,27.235,-20.282,48.9656,259.418,1
2017-11-01,19,12.6667,2.61,8.5,88,33.315,30.245,-16.0726,47.803,302.08,1
2017-11-01,20,13.1667,2.61,8.66667,87,29.59,37.285,-16.0726,61.803,240.0,1
2017-11-01,21,13.3333,2.61,8.83333,86,23.8467,27.0275,-15.6899,60.8791,248.88,1
2017-11-02,0,14.1667,0.46,9.16667,82,19.36,17.18,-5.35752,62.9343,180.0,0
2017-11-02,1,13.6667,0.92,9.16667,84,20.0233,17.7467,-2.67876,56.4672,252.225,0
2017-11-02,2,12.8333,0.92,9.16667,87,21.4825,14.5933,-2.67876,51.4672,313.137,0
2017-11-02,3,12.3333,1.61,9.16667,89,24.8733,13.06,-9.04275,57.8312,307.705,0
2017-11-02,4,11.0,1.61,9.0,91,30.8067,13.585,-9.04275,51.8312,336.0,0
2017-11-02,5,9.66667,1.38,8.66667,92,24.6033,15.5775,-9.04275,47.8312,326.4,0
2017-11-02,6,9.5,1.38,8.5,90,33.45,13.3,-11.3138,46.3138,353.455,0
2017-11-02,7,9.16667,0.69,8.33333,89,36.18,15.575,-15.5564,50.5564,347.564,0
2017-11-02,8,9.16667,0.69,8.16667,88,24.8975,25.155,-21.9204,45.9204,352.8,0
2017-11-02,9,9.0,0.0,8.0,79,37.2867,28.045,-19.0005,47.8713,390.831,0
2017-11-02,10,9.5,1.7,8.5,71,36.9575,32.92,-27.4859,43.3567,385.527,0
2017-11-02,11,11.6667,1.7,9.0,67,48.675,32.2125,-37.3854,42.2562,300.0,0
2017-11-02,12,13.3333,1.7,9.66667,69,54.8,34.5125,-35.9712,40.842,223.2,0
2017-11-02,13,13.5,1.7,10.3333,68,49.5267,31.625,-43.8408,43.8408,180.0,0
2017-11-02,14,12.8333,1.7,11.0,67,46.3833,32.7375,-35.3555,45.3555,212.914,0
2017-11-02,15,11.0,1.7,11.5,74,50.265,32.9225,-21.9204,40.0754,327.06,0
2017-11-02,16,8.83333,0.28,11.3333,85,53.5333,29.905,-21.2133,40.9992,399.84,0
2017-11-02,17,6.5,0.56,11.1667,77,45.9375,27.975,-20.5062,41.9231,470.34,0
2017-11-02,18,6.66667,0.84,10.8333,76,50.585,39.89,-16.2635,47.4664,479.46,0
2017-11-02,19,7.83333,0.84,10.3333,77,49.81,33.315,-2.12133,50.3242,477.0,0
2017-11-02,20,9.0,0.84,9.83333,74,37.75,29.59,9.19243,56.0104,400.68,0
2017-11-02,21,11.8333,0.84,9.5,77,33.045,23.8467,12.728,50.6298,237.6,0
2017-11-03,0,13.8333,2.04,9.0,76,25.27,19.36,38.1839,49.8895,255.2,0
2017-11-03,1,13.5,2.04,9.0,77,37.1775,20.0233,38.1839,49.8895,290.133,0
2017-11-03,2,14.0,2.04,8.83333,79,33.7125,21.4825,25.456,48.2597,297.0,0
2017-11-03,3,13.6667,2.55,8.66667,75,31.765,24.8733,26.1631,49.1836,264.48,0
2017-11-03,4,14.5,1.53,8.66667,72,32.3033,30.8067,30.4057,54.7268,216.0,0
2017-11-03,5,14.8333,1.53,8.5,75,28.1725,24.6033,21.9204,62.6403,180.0,0
2017-11-03,6,15.0,1.02,8.33333,74,20.74,33.45,30.4057,58.7268,203.52,0
2017-11-03,7,14.8333,1.02,8.16667,73,17.8975,36.18,28.9915,56.8791,226.8,0
2017-11-03,8,14.3333,1.53,8.16667,74,17.465,24.8975,27.5773,55.0313,261.979,0
2017-11-03,9,14.1667,1.02,8.33333,72,17.3175,37.2867,36.0626,47.1179,286.7,0
2017-11-03,10,13.1667,1.02,8.33333,82,13.6175,36.9575,38.1839,49.8895,261.415,0
2017-11-03,11,14.1667,1.02,8.66667,79,14.755,48.675,38.1839,49.8895,267.429,0
2017-11-03,12,14.3333,0.51,9.0,76,14.84,54.8,41.0124,53.585,216.0,0
2017-11-03,13,15.0,0.51,9.33333,75,18.4975,49.5267,42.4266,55.4328,220.0,0
2017-11-03,14,15.6667,0.0,9.66667,76,27.695,46.3833,44.5479,58.2044,180.0,0
2017-11-03,15,15.3333,0.0,9.83333,77,34.0975,50.265,46.6693,60.9761,194.133,0
2017-11-03,16,14.6667,0.0,9.83333,77,30.62,53.5333,33.9413,57.3462,204.429,0
2017-11-03,17,12.6667,0.0,9.5,81,32.005,45.9375,30.4057,52.7268,272.8,0
2017-11-03,18,11.0,0.0,9.16667,86,31.42,50.585,34.6484,58.2701,291.2,0
2017-11-03,19,8.33333,0.0,8.66667,91,26.745,49.81,37.4768,61.9656,318.933,0
2017-11-03,20,6.5,0.0,8.16667,93,38.29,37.75,37.4768,63.9656,360.0,0
2017-11-03,21,5.33333,0.0,7.66667,97,53.8533,33.045,22.8354,51.9552,489.525,0
2017-11-04,0,6.16667,0.0,6.66667,88,52.945,25.27,-1.03589,23.4863,523.477,1
2017-11-04,1,7.16667,0.0,6.5,87,54.775,37.1775,-7.39988,4.12235,530.0,1
2017-11-04,2,7.83333,0.0,6.16667,88,53.2975,33.7125,-5.76387,-4.19257,499.8,1
2017-11-04,3,7.83333,0.0,5.83333,90,57.7575,31.765,-21.1499,-18.8755,419.76,1
2017-11-04,4,7.5,0.0,5.5,96,57.5675,32.3033,-24.7798,-25.791,413.4,1
2017-11-04,5,7.66667,0.0,5.0,95,60.11,28.1725,-25.4869,-26.4981,432.667,1
2017-11-04,6,7.33333,0.0,4.5,96,56.585,20.74,-23.6391,-25.7327,432.0,1
2017-11-04,7,7.33333,0.0,4.16667,86,51.1425,17.8975,-28.5889,-24.6825,448.0,1
2017-11-04,8,7.33333,0.0,4.16667,86,46.7325,17.465,-27.8818,-23.9754,453.6,1
2017-11-04,9,7.83333,0.0,4.33333,85,44.6467,17.3175,-44.1967,-27.4195,448.0,1
2017-11-04,10,8.33333,0.0,5.0,79,38.7125,13.6175,-44.1967,-27.4195,413.4,1
2017-11-04,11,9.33333,0.0,6.0,70,43.0767,14.755,-42.4802,-34.3622,360.0,1
2017-11-04,12,10.8333,0.0,7.5,62,31.5167,14.84,-36.0381,-38.7441,314.743,1
2017-11-04,13,13.1667,0.0,9.0,62,34.4933,18.4975,-40.2136,-34.2604,263.467,1
2017-11-04,14,14.8333,0.0,10.1667,65,29.95,27.695,-35.3133,-33.6897,217.477,1
2017-11-04,15,16.0,0.0,11.0,73,28.9067,34.0975,-30.3385,-40.6793,181.425,1
2017-11-04,16,16.3333,0.0,11.5,78,35.2425,30.62,-26.8702,-45.8702,209.182,1
2017-11-04,17,16.8333,0.0,11.5,85,31.814,32.005,-35.3555,-54.3555,199.473,1
2017-11-04,18,17.0,0.0,11.0,90,57.795,31.42,-3.79908,-38.7991,222.821,1
2017-11-04,19,15.8333,0.0,10.3333,87,56.02,26.745,-19.505,-13.2935,218.625,1
2017-11-04,20,14.3333,0.0,9.66667,86,36.705,38.29,-22.0495,3.76044,197.6,1
2017-11-04,21,12.6667,0.0,9.16667,87,25.9683,53.8533,-3.56416,12.2458,243.6,1
2017-11-05,0,9.16667,0.0,7.33333,85,29.05,52.945,-12.5139,7.29599,359.718,1
2017-11-05,1,8.16667,0.0,7.0,87,31.6875,54.775,14.192,0.79043,408.0,1
2017-11-05,2,9.33333,0.0,7.16667,79,35.895,53.2975,23.192,0.79043,371.28,1
2017-11-05,3,10.5,0.0,7.16667,82,39.0333,57.7575,11.3443,1.55579,300.0,1
2017-11-05,4,11.5,0.0,7.5,84,46.3875,57.5675,-12.6662,6.53063,240.0,1
2017-11-05,5,11.8333,0.0,7.66667,85,48.085,60.11,-29.803,16.0726,270.667,1
2017-11-05,6,11.1667,0.0,7.66667,90,50.185,56.585,-29.803,16.0726,312.141,1
2017-11-05,7,11.1667,0.0,7.66667,92,45.9175,51.1425,-32.4817,9.6054,320.682,1
2017-11-05,8,9.66667,0.0,7.33333,98,40.035,46.7325,-23.4817,9.6054,300.0,1
2017-11-05,9,9.16667,0.0,7.33333,89,38.6925,44.6467,-15.1668,0.0384001,355.385,1
2017-11-05,10,9.0,0.0,7.66667,67,41.495,38.7125,-10.2275,-12.0075,381.9,1
2017-11-05,11,9.5,0.0,8.33333,61,38.59,43.0767,-6.91911,-24.3779,366.667,1
2017-11-05,12,10.6667,0.0,9.5,51,37.865,31.5167,-24.4044,-32.8632,300.0,1
2017-11-05,13,12.3333,0.0,10.8333,53,38.7425,34.4933,-16.7257,-26.3961,278.25,1
2017-11-05,14,14.8333,0.0,12.0,57,41.26,29.95,16.7365,-16.2635,228.0,1
2017-11-05,15,16.3333,0.0,12.8333,66,43.2725,28.9067,56.0,0.0,178.971,1
2017-11-05,16,17.1667,0.0,13.1667,80,44.2125,35.2425,24.4463,7.27092,168.505,1
2017-11-05,17,18.0,0.0,13.3333,96,53.3225,31.814,21.4463,7.27092,206.87,1
2017-11-05,18,17.5,0.0,12.8333,87,60.32,57.795,-17.2597,13.7765,232.737,1
2017-11-05,19,15.3333,0.0,11.8333,81,50.805,56.02,-6.25968,13.7765,222.821,1
2017-11-05,20,12.6667,0.0,11.0,82,51.96,36.705,-0.259679,13.7765,240.0,1
2017-11-05,21,10.0,0.0,10.0,94,59.7675,25.9683,24.294,6.50556,323.025,1
2017-11-06,0,4.66667,0.0,7.16667,91,53.74,29.05,31.8296,11.125,420.0,0
2017-11-06,1,4.5,0.0,6.83333,93,47.28,31.6875,15.8296,5.12496,559.765,0
2017-11-06,2,4.16667,0.0,6.66667,93,35.1975,35.895,12.294,1.58941,561.318,0
2017-11-06,3,4.5,0.0,6.83333,90,31.7,39.0333,8.75849,-1.94614,554.4,0
2017-11-06,4,5.0,0.0,7.16667,90,15.5567,46.3875,28.0,-4.91615,659.127,0
2017-11-06,5,5.5,0.0,7.33333,91,11.555,48.085,26.4693,-1.22063,653.345,0
2017-11-06,6,6.66667,0.0,7.83333,90,8.93667,50.185,12.4078,6.17041,622.2,0
2017-11-06,7,7.33333,0.0,8.0,88,11.2667,45.9175,-4.59216,19.1704,505.44,0
2017-11-06,8,8.5,0.58,8.0,87,13.35,40.035,-11.5718,22.8659,438.6,0
2017-11-06,9,9.66667,0.58,8.0,85,17.94,38.6925,-4.50073,47.937,375.84,0
2017-11-06,10,11.3333,1.37,8.16667,86,14.1875,41.495,-6.50556,52.706,291.6,0
2017-11-06,11,12.3333,1.37,8.33333,81,12.51,38.59,6.45542,58.2492,269.077,0
2017-11-06,12,12.0,1.37,8.66667,77,17.7225,37.865,19.7991,49.8686,276.0,0
2017-11-06,13,11.8333,2.82,9.0,77,16.4775,38.7425,27.5773,48.0313,286.7,0
2017-11-06,14,11.0,2.24,9.16667,78,21.4525,41.26,33.2342,55.4224,270.3,0
2017-11-06,15,9.66667,2.24,9.33333,83,28.655,43.2725,38.1839,48.3721,339.429,0
2017-11-06,16,8.5,1.45,9.33333,91,33.56,44.2125,41.0124,51.2006,364.8,0
2017-11-06,17,7.5,1.45,9.33333,92,41.4425,53.3225,37.58,40.945,448.2,0
2017-11-06,18,6.5,1.45,9.16667,87,44.2,60.32,44.971,44.0065,419.571,0
2017-11-06,19,6.0,0.0,8.83333,86,46.02,50.805,49.5904,45.9198,420.0,0
2017-11-06,20,5.66667,0.0,8.66667,89,52.755,51.96,43.2264,36.5211,507.055,0
2017-11-06,21,5.83333,0.0,8.5,84,43.7525,59.7675,47.8458,38.4345,495.164,0
2017-11-07,0,6.33333,0.0,7.66667,86,29.415,53.74,46.8547,25.2067,480.0,0
2017-11-07,1,6.66667,0.0,7.66667,83,31.2375,47.28,45.5591,19.6995,538.65,0
2017-11-07,2,7.0,0.0,7.5,88,32.3025,35.1975,52.5591,19.6995,480.0,0
2017-11-07,3,7.16667,0.0,7.33333,89,30.985,31.7,47.5487,14.7247,483.36,0
2017-11-07,4,6.33333,0.0,7.16667,80,38.7,15.5567,50.0131,11.1891,461.76,0
2017-11-07,5,6.5,0.0,7.16667,86,43.2625,11.555,49.0893,7.74503,483.36,0
2017-11-07,6,6.0,0.0,7.16667,88,48.2325,8.93667,52.0209,1.53072,498.667,0
2017-11-07,7,6.16667,0.0,7.0,85,48.9067,11.2667,55.5564,-2.00483,480.0,0
2017-11-07,8,6.0,0.0,7.16667,86,50.6875,13.35,49.0893,-10.8065,520.8,0
2017-11-07,9,6.66667,0.0,7.33333,88,44.31,17.94,54.6325,-13.1025,480.0,0
2017-11-07,10,7.83333,0.0,7.66667,86,50.5475,14.1875,46.7036,-20.1736,490.629,0
2017-11-07,11,8.5,0.25,8.0,81,52.1475,12.51,41.4819,-27.9519,429.3,0
2017-11-07,12,9.66667,0.25,8.5,76,49.495,17.7225,35.5287,-33.9051,375.84,0
2017-11-07,13,10.6667,0.25,9.0,73,52.3625,16.4775,36.5853,-41.4561,300.0,0
2017-11-07,14,11.8333,0.25,9.33333,78,51.285,21.4525,29.0085,-49.0329,262.08,0
2017-11-07,15,12.1667,0.25,9.66667,76,52.455,28.655,26.9122,-53.9722,240.0,0
2017-11-07,16,12.3333,0.25,9.83333,91,54.8475,33.56,14.9245,-48.0313,286.7,0
2017-11-07,17,12.1667,0.0,9.83333,97,55.675,41.4425,14.9245,-48.0313,297.0,0
2017-11-07,18,12.3333,0.0,9.66667,93,66.32,44.2,18.7513,-57.2701,268.029,0
2017-11-07,19,12.3333,0.0,9.5,90,58.42,46.02,13.3938,-57.3358,269.077,0
2017-11-07,20,12.3333,0.0,9.16667,89,60.315,52.755,13.7765,-58.2597,249.9,0
2017-11-07,21,12.8333,0.0,8.66667,91,48.9125,43.7525,13.7765,-59.2597,240.0,0
2017-11-08,1,14.0,0.0,6.66667,88,46.5625,31.2375,-9.19243,-53.1924,245.92,0
2017-11-08,2,13.1667,0.0,6.16667,92,48.3775,32.3025,-14.5499,-51.1268,254.88,0
2017-11-08,3,12.1667,0.0,5.66667,89,49.035,30.985,-20.2068,-56.7836,248.88,0
2017-11-08,4,11.5,0.0,5.16667,96,52.0075,38.7,-20.2068,-50.7836,297.6,0
2017-11-08,5,10.6667,0.0,4.66667,98,53.89,43.2625,-20.2068,-47.7836,321.231,0
2017-11-08,6,10.0,0.0,4.16667,94,54.4525,48.2325,-11.0144,-47.5912,372.6,0
2017-11-08,7,9.33333,0.0,3.66667,96,53.44,48.9067,-14.4585,-55.9061,342.514,0
2017-11-08,8,9.66667,0.0,3.5,95,57.99,50.6875,-12.9278,-52.2106,327.6,0
2017-11-08,9,9.83333,0.0,3.66667,91,56.16,44.31,-11.0977,-55.7925,312.8,0
2017-11-08,10,10.3333,0.0,3.83333,87,51.685,50.5475,-11.0977,-56.7925,323.345,0
2017-11-08,11,10.6667,0.0,4.5,79,51.7825,52.1475,-20.9973,-46.6921,313.6,0
2017-11-08,12,11.6667,0.0,5.16667,77,52.49,49.495,-21.7626,-48.5398,297.0,0
2017-11-08,13,11.8333,0.0,6.0,76,52.64,52.3625,-23.676,-53.1592,240.0,0
2017-11-08,14,11.8333,0.0,6.66667,73,51.1875,51.285,-24.0587,-44.0831,297.0,0
2017-11-08,15,11.8333,0.0,7.16667,76,58.366,52.455,-27.8855,-53.3219,268.029,0
2017-11-08,16,10.6667,0.0,7.5,81,54.66,54.8475,-17.986,-53.4224,282.764,0
2017-11-08,17,9.83333,0.0,7.33333,85,63.98,55.675,-16.4552,-49.7268,357.12,0
2017-11-08,18,8.33333,0.0,7.0,88,60.655,66.32,-18.7513,-55.2701,362.88,0
2017-11-08,20,8.66667,0.0,5.83333,93,55.265,60.315,-11.0977,-48.7925,417.72,0
2017-11-08,21,8.83333,0.0,5.16667,94,56.915,48.9125,-7.27092,-50.5537,403.68,0
2017-11-08,23,9.66667,0.0,4.16667,93,50.02,33.425,-2.29608,-50.5433,319.0,0
2017-11-09,1,8.33333,0.0,3.66667,86,54.115,46.5625,-1.9134,-56.6194,357.5,0
2017-11-09,2,7.5,0.0,3.66667,93,56.8575,48.3775,-5.44895,-60.1549,360.0,0
2017-11-09,3,6.66667,0.0,3.66667,89,59.96,49.035,-5.44895,-54.1549,426.0,0
2017-11-09,4,5.83333,0.0,3.83333,90,63.034,52.0075,-5.44895,-49.1549,497.455,0
2017-11-09,5,5.33333,0.0,3.83333,86,64.7525,53.89,-7.74503,-54.6982,477.164,0
2017-11-09,6,5.5,0.0,4.0,90,64.8525,54.4525,-7.74503,-58.6982,480.0,0
2017-11-09,7,4.83333,0.0,4.0,96,68.9375,53.44,-11.9877,-51.9409,558.0,0
2017-11-09,8,4.5,0.0,4.16667,88,69.97,57.99,-12.6948,-52.648,606.764,0
2017-11-09,9,4.33333,0.0,4.5,86,70.055,56.16,-12.6948,-56.648,600.0,0
2017-11-09,10,4.0,0.0,5.0,78,73.855,51.685,-12.6948,-50.648,641.829,0
2017-11-09,11,4.16667,0.0,5.66667,75,69.07,51.7825,-15.5232,-46.4764,674.16,0
2017-11-09,12,4.16667,0.0,6.5,76,72.435,52.49,-17.1454,-45.3926,674.16,0
2017-11-09,13,5.0,0.0,7.33333,78,71.36,52.64,-17.8525,-37.6144,667.8,0
2017-11-09,14,5.16667,0.0,8.16667,76,76.545,51.1875,-11.8525,-31.6144,667.8,0
2017-11-09,15,5.0,0.0,8.66667,79,75.505,58.366,-8.31695,-22.0788,691.2,0
2017-11-09,16,5.0,0.0,8.83333,85,77.77,54.66,-5.48851,-18.3833,660.0,0
2017-11-09,17,4.66667,0.0,8.83333,90,71.585,63.98,-0.36399,-9.14451,660.0,0
2017-11-09,18,4.33333,0.0,8.66667,88,73.69,60.655,1.75734,-2.37287,731.4,0
2017-11-09,20,3.83333,0.0,8.16667,85,76.5175,55.265,14.5356,9.40534,699.84,0
2017-11-09,21,4.16667,0.0,7.83333,82,75.17,56.915,17.5355,9.40534,685.44,0
2017-11-10,0,5.0,0.0,7.33333,78,62.42,58.48,28.1422,34.5267,691.2,0
2017-11-10,1,5.0,0.0,7.16667,83,62.0225,54.115,32.1422,34.5267,660.0,0
2017-11-10,2,5.66667,0.0,6.83333,86,56.3625,56.8575,24.2288,39.1461,660.0,0
2017-11-10,3,5.5,0.0,6.66667,79,50.175,59.96,17.8648,38.915,627.3,0
2017-11-10,4,5.16667,0.0,6.5,84,49.5767,63.034,12.915,37.4478,620.1,0
2017-11-10,5,6.33333,0.0,6.33333,78,48.8125,64.7525,5.84394,38.8621,586.56,0
2017-11-10,6,8.16667,0.0,6.33333,66,45.94,64.8525,-12.3187,43.0715,480.0,0
2017-11-10,7,10.1667,0.0,6.33333,75,43.9175,68.9375,-18.0589,38.9297,382.5,0
2017-11-10,8,12.0,0.0,6.5,77,44.7325,69.97,-26.6511,43.0163,257.04,0
2017-11-10,9,13.8333,0.48,6.66667,72,41.3925,70.055,-29.2967,50.4035,180.0,0
2017-11-10,10,15.1667,0.48,7.16667,74,39.3275,73.855,-24.7076,43.6496,232.941,0
2017-11-10,11,15.6667,1.42,7.66667,69,37.998,69.07,-34.6071,53.5491,194.541,0
2017-11-10,12,15.3333,1.42,8.0,68,34.25,72.435,-38.0011,47.7427,224.0,0
2017-11-10,13,15.1667,1.93,8.33333,69,34.0125,71.36,-40.3053,40.3053,252.225,0
2017-11-10,14,14.8333,1.93,8.66667,74,32.8533,76.545,-40.3053,40.3053,239.4,0
2017-11-10,15,15.3333,1.45,8.83333,72,36.625,75.505,-41.7195,41.7195,221.571,0
2017-11-10,16,17.0,1.96,8.83333,69,40.735,77.77,-29.8984,40.1812,229.125,0
2017-11-10,17,18.5,1.02,8.66667,69,44.2967,71.585,-35.5553,45.8381,166.725,0
2017-11-10,18,18.6667,1.02,8.5,72,27.45,73.69,-33.0432,55.7736,137.242,0
2017-11-10,19,17.8333,1.17,8.16667,69,20.48,83.23,-35.6718,48.1194,192.15,0
2017-11-10,21,18.0,1.83,7.66667,70,12.58,75.17,-37.086,49.5336,247.304,0
2017-11-11,0,19.1667,1.32,6.83333,74,11.05,62.42,-25.2569,60.9761,147.714,1
2017-11-11,1,21.3333,0.66,6.66667,72,8.74333,62.0225,-26.0222,62.8238,141.382,1
2017-11-11,2,22.1667,1.63,6.33333,76,5.44,56.3625,-17.6033,66.4985,135.496,1
2017-11-11,3,22.1667,0.97,5.83333,75,8.33,50.175,-8.80164,65.2492,151.93,1
2017-11-11,4,22.0,0.97,5.33333,76,9.65,49.5767,0.0,65.0,168.15,1
2017-11-11,5,22.5,0.97,5.0,73,13.045,48.8125,14.8493,60.4015,167.04,1
2017-11-11,6,22.3333,0.97,4.66667,69,13.15,45.94,33.2342,64.4224,136.286,1
2017-11-11,7,20.6667,0.97,4.33333,72,11.075,43.9175,33.2342,65.4224,130.743,1
2017-11-11,8,20.8333,0.0,4.5,61,9.695,44.7325,18.3849,60.0209,194.954,1
2017-11-11,9,21.6667,0.0,4.66667,56,10.36,41.3925,0.0,57.0,209.182,1
2017-11-11,10,22.1667,0.48,5.16667,55,8.28,39.3275,0.0,61.0,140.829,1
2017-11-11,11,21.6667,0.48,5.5,48,14.225,37.998,-9.18432,69.1731,120.0,1
2017-11-11,12,23.0,0.96,6.33333,38,13.695,34.25,-9.18432,71.1731,134.538,1
2017-11-11,13,24.3333,0.96,7.16667,39,18.34,34.0125,0.0,53.0,157.043,1
2017-11-11,14,24.3333,1.59,7.5,53,15.755,32.8533,0.0,52.0,180.96,1
2017-11-11,15,21.8333,1.59,7.83333,67,25.98,36.625,0.0,73.0,152.76,1
2017-11-11,16,20.3333,1.11,7.66667,69,27.99,40.735,0.0,54.0,229.964,1
2017-11-11,21,13.1667,0.63,5.33333,67,20.08,12.58,-15.5202,46.1438,300.96,1
2017-11-12,1,11.1667,0.97,4.5,80,10.88,8.74333,-33.223,41.8822,294.0,1
2017-11-12,2,11.5,0.97,4.16667,83,6.805,5.44,-27.2698,47.8354,285.12,1
2017-11-12,3,12.1667,0.97,3.83333,79,11.35,8.33,-14.5418,48.1074,286.7,1
2017-11-12,4,13.0,0.97,3.66667,77,11.45,9.65,-9.94968,51.0209,282.72,1
2017-11-12,5,13.0,0.97,3.5,80,10.88,13.045,-4.20948,50.1627,281.455,1
2017-11-12,6,12.5,0.0,3.5,75,16.04,13.15,8.48532,51.0866,281.538,1
2017-11-12,7,12.5,0.0,3.5,77,15.78,11.075,8.48532,50.0866,297.0,1
2017-11-12,8,12.3333,0.0,3.66667,78,9.355,9.695,16.2635,60.2492,258.514,1
2017-11-12,9,12.3333,0.0,3.83333,75,10.49,10.36,16.2635,58.2492,269.077,1
2017-11-12,10,12.0,0.0,4.0,81,10.235,8.28,16.2635,59.2492,249.9,1
2017-11-12,11,11.8333,0.0,4.5,70,12.68,14.225,7.77821,59.1627,260.0,1
2017-11-12,12,12.0,0.0,5.0,63,17.3067,13.695,7.77821,58.1627,260.945,1
2017-11-12,13,12.6667,0.0,5.5,58,23.765,18.34,-4.97484,60.0104,249.9,1
2017-11-12,14,13.1667,0.0,6.16667,56,32.36,15.755,-4.97484,63.0104,240.0,1
2017-11-12,15,12.6667,0.0,6.66667,62,29.3925,25.98,-15.5815,48.6171,248.727,1
2017-11-12,16,11.6667,0.0,6.66667,70,34.645,27.99,-25.7442,41.8266,261.415,1
2017-11-12,21,8.16667,0.0,5.0,84,24.12,20.08,8.3932,-13.1054,425.455,1
2017-11-13,1,10.5,2.28,4.0,89,38.045,10.88,-16.1721,-53.0429,300.0,0
2017-11-13,2,10.5,2.28,3.66667,92,35.65,6.805,-12.728,-48.728,300.667,0
2017-11-13,3,10.3333,3.02,3.5,92,36.66,11.35,0.0,-48.728,300.667,0
2017-11-13,4,9.83333,3.76,3.16667,92,44.195,11.45,13.755,-45.4254,329.018,0
2017-11-13,5,9.33333,3.36,3.0,92,34.25,10.88,19.2983,-43.1293,323.345,0
2017-11-13,6,9.5,2.22,2.83333,89,28.245,16.04,26.6894,-29.0679,369.6,0
2017-11-13,7,9.66667,2.22,2.83333,91,23.045,15.78,38.6998,-12.0931,367.015,0
2017-11-13,8,10.1667,2.22,3.0,88,15.765,9.355,51.6341,6.26445,312.8,0
2017-11-13,9,10.6667,1.48,3.16667,83,20.525,10.49,48.9656,20.282,286.2,0
2017-11-13,10,11.3333,0.74,3.5,81,24.1,10.235,51.2006,25.7642,240.0,0
2017-11-13,11,11.6667,0.71,3.83333,77,26.125,12.68,50.8806,29.7738,269.077,0
2017-11-13,12,11.8333,0.71,4.16667,73,24.97,17.3067,45.9413,31.8701,307.8,0
2017-11-13,13,11.6667,0.71,4.5,73,21.9225,23.765,42.9065,36.4121,291.5,0
2017-11-13,14,11.6667,0.71,4.83333,75,25.535,32.36,41.0124,41.0124,271.745,0
2017-11-13,15,11.8333,0.71,5.0,78,26.7767,29.3925,41.7195,41.7195,250.92,0
2017-11-13,16,12.0,0.71,5.16667,84,29.022,34.645,36.0626,36.0626,297.0,0
2017-11-13,17,11.6667,0.0,5.16667,86,42.09,27.225,43.8408,46.2253,258.514,0
2017-11-13,21,11.3333,0.0,4.33333,81,23.415,24.12,31.82,46.7566,329.018,0
2017-11-14,0,12.3333,0.0,3.5,79,12.175,41.31,44.5479,55.3864,240.0,0
2017-11-14,1,12.0,0.0,3.33333,75,22.3475,38.045,43.1337,56.3567,249.9,0
2017-11-14,2,11.8333,0.0,3.16667,84,22.985,35.65,42.4266,55.4328,286.0,0
2017-11-14,3,11.3333,0.0,3.16667,83,22.9675,36.66,39.5982,51.7373,302.4,0
2017-11-14,4,11.3333,0.0,3.16667,80,26.4125,44.195,39.5982,51.7373,294.0,0
2017-11-14,5,11.0,0.0,3.16667,82,27.05,34.25,40.3053,52.6612,282.764,0
2017-11-14,6,11.1667,0.0,3.0,82,28.315,28.245,38.891,48.8625,305.455,0
2017-11-14,7,11.3333,0.0,2.83333,75,26.14,23.045,39.5982,49.7864,294.0,0
2017-11-14,8,11.3333,0.0,2.66667,78,22.48,15.765,40.3053,50.7102,291.5,0
2017-11-14,9,11.0,0.0,2.5,74,29.3,20.525,39.5982,49.7864,302.4,0
2017-11-14,10,11.8333,0.0,2.66667,72,21.245,24.1,38.1839,47.9386,300.667,0
2017-11-14,11,12.3333,0.0,3.0,66,24.8,26.125,31.82,58.5746,240.0,0
2017-11-14,12,12.6667,0.0,3.33333,60,25.845,24.97,23.3346,59.488,240.0,0
2017-11-14,13,12.8333,0.0,4.0,62,29.4283,21.9225,16.9706,51.1731,253.08,0
2017-11-14,14,12.8333,0.0,4.66667,57,34.3133,25.535,19.092,53.9448,266.965,0
2017-11-14,15,12.3333,0.0,5.33333,68,39.4075,26.7767,19.092,64.9448,240.0,0
2017-11-14,16,11.3333,0.0,5.5,78,40.825,29.022,24.0417,54.4119,291.5,0
2017-11-14,17,10.8333,0.0,5.5,79,45.755,42.09,31.82,52.5746,318.171,0
2017-11-14,18,9.66667,0.0,5.33333,77,59.485,35.0233,21.9204,48.6403,366.277,0
2017-11-14,19,8.83333,0.0,4.83333,80,62.96,36.78,21.9204,55.6403,355.385,0
2017-11-14,20,8.5,0.0,4.33333,79,47.02,31.1,9.66654,51.0209,398.618,0
2017-11-14,21,9.16667,0.0,3.83333,78,42.025,23.415,3.30255,46.3849,393.6,0
2017-11-15,0,10.5,0.0,2.83333,73,20.49,12.175,-35.1445,40.5209,300.0,0
2017-11-15,1,11.1667,0.0,3.0,69,36.2617,22.3475,-41.2755,35.3223,288.0,0
2017-11-15,2,11.5,0.0,3.16667,71,32.4667,22.985,-39.5037,40.0449,271.745,0
2017-11-15,3,11.1667,0.0,3.33333,75,29.86,22.9675,-35.935,42.4294,271.745,0
2017-11-15,4,11.1667,0.0,3.66667,74,29.0867,26.4125,-25.7723,47.2199,294.0,0
2017-11-15,5,10.6667,0.0,4.0,81,34.38,27.05,-17.9941,50.4417,310.431,0
2017-11-15,6,10.3333,0.0,4.33333,76,35.56,28.315,-8.80164,49.2492,359.9,0
2017-11-15,7,9.83333,0.0,4.5,76,35.5833,26.14,-1.02343,59.4119,300.0,0
2017-11-15,8,9.66667,0.0,4.66667,83,42.7983,22.48,9.93272,56.6403,323.345,0
2017-11-15,9,9.16667,0.0,5.0,79,40.8029,29.3,14.1422,56.4776,312.8,0
2017-11-15,10,8.66667,0.0,5.33333,81,39.5762,21.245,14.1422,53.4776,372.655,0
2017-11-15,11,9.0,0.0,5.66667,74,37.3475,24.8,11.0808,49.8686,386.4,0
2017-11-15,12,8.33333,0.0,5.83333,74,38.44,25.845,11.0808,51.8686,385.527,0
2017-11-15,13,8.5,0.0,6.33333,72,32.7738,29.4283,8.402,58.3358,360.0,0
2017-11-15,14,8.33333,0.0,6.83333,70,34.4775,34.3133,-5.7402,49.8582,417.72,0
2017-11-15,15,8.16667,0.0,7.16667,75,35.7633,39.4075,-9.18432,58.1731,360.0,0
2017-11-15,16,8.16667,0.0,7.33333,89,45.37,40.825,-9.18432,53.1731,377.4,0
2017-11-15,17,7.5,0.0,7.33333,97,48.1517,45.755,-9.18432,55.1731,374.85,0
2017-11-15,18,7.0,0.0,7.16667,94,51.265,59.485,-6.12288,53.7821,429.0,0
2017-11-15,21,5.66667,0.0,5.5,97,64.725,42.025,-0.88824,45.6298,526.68,0
2017-11-16,0,5.5,0.0,4.33333,91,65.495,20.49,-1.63655,18.1225,546.96,0
2017-11-16,1,5.33333,0.0,4.0,92,70.35,36.2617,-4.46499,15.9509,607.05,0
2017-11-16,2,5.0,0.0,4.16667,82,67.82,32.4667,-4.46499,19.9509,596.25,0
2017-11-16,3,4.83333,0.0,4.33333,79,63.355,29.86,-8.16051,13.4817,649.0,0
2017-11-16,4,4.16667,0.0,4.33333,86,62.3443,29.0867,-9.69123,17.1772,622.2,0
2017-11-16,5,3.33333,0.0,4.33333,85,60.7175,34.38,-10.0739,18.101,660.0,0
2017-11-16,6,3.33333,0.0,4.5,78,58.515,35.56,-11.2219,14.8727,688.5,0
2017-11-16,7,3.66667,0.0,4.66667,80,53.9087,35.5833,-12.5197,14.0056,711.36,0
2017-11-16,8,4.5,0.0,4.66667,82,50.33,42.7983,-4.60627,9.38621,707.2,0
2017-11-16,9,5.16667,0.0,4.66667,86,48.29,40.8029,-6.60627,9.38621,674.16,0
2017-11-16,10,6.33333,0.0,5.0,88,49.0475,39.5762,4.92928,12.9218,659.85,0
2017-11-16,11,7.33333,0.0,5.66667,76,41.8138,37.3475,6.02356,12.6888,620.1,0
2017-11-16,12,8.16667,0.0,6.33333,73,37.91,38.44,3.35509,0.79405,530.4,0
2017-11-16,13,9.5,0.0,7.0,73,36.766,32.7738,0.0525404,-12.961,382.5,0
2017-11-16,14,10.1667,0.0,7.66667,76,59.76,34.4775,-16.0533,-21.1469,325.867,0
2017-11-16,15,11.3333,0.0,8.0,80,50.0257,35.7633,-38.0282,-33.1574,305.25,0
2017-11-16,16,11.8333,0.0,8.5,74,58.5233,45.37,-38.1313,-29.4721,270.667,0
2017-11-16,17,12.1667,0.0,8.5,74,67.0367,48.1517,-41.93,-27.3176,277.114,0
2017-11-16,18,12.0,0.0,7.83333,93,74.9283,51.265,-49.7082,-35.0958,240.0,0
2017-11-16,21,9.33333,0.25,5.66667,98,90.235,64.725,-42.1315,-42.6726,310.08,0
2017-11-17,0,8.16667,0.5,3.5,92,86.525,65.495,-21.7877,-45.6005,401.85,0
2017-11-17,1,7.66667,0.5,3.33333,88,85.1062,70.35,-26.0303,-49.8431,374.85,0
2017-11-17,2,7.16667,0.5,3.33333,83,81.1237,67.82,-25.265,-47.9954,417.6,0
2017-11-17,3,7.16667,0.76,3.5,84,76.71,63.355,-26.7706,-44.6302,458.28,0
2017-11-17,4,6.66667,0.76,3.83333,86,69.6212,62.3443,-31.7204,-49.58,420.0,0
2017-11-17,5,6.33333,0.76,4.0,87,72.6712,60.7175,-34.3608,-43.02,420.0,0
2017-11-17,6,6.5,0.51,4.16667,89,72.53,58.515,-24.411,-38.0702,495.0,0
2017-11-17,7,6.66667,0.51,4.33333,81,70.765,53.9087,-15.6344,-22.3642,509.143,0
2017-11-17,8,6.5,0.51,4.5,82,61.0857,50.33,-12.9557,-8.89708,496.8,0
2017-11-17,9,6.66667,0.0,4.66667,85,52.075,48.29,-4.47035,-0.41176,496.8,0
2017-11-17,10,6.83333,0.43,5.0,87,50.1629,49.0475,-2.17427,13.1315,472.457,0
2017-11-17,11,8.16667,0.43,5.33333,85,45.3363,41.8138,2.7755,26.0813,454.629,0
2017-11-17,12,9.66667,0.43,5.66667,85,43.8812,37.91,23.3849,45.7203,379.44,0
2017-11-17,13,11.0,0.43,5.83333,87,38.1562,36.766,24.7488,47.0352,319.0,0
2017-11-17,14,12.3333,0.43,6.0,89,34.5887,59.76,31.1128,48.6507,252.0,0
2017-11-17,15,13.0,0.71,6.16667,91,39.7383,50.0257,41.0124,53.585,223.385,0
2017-11-17,16,13.1667,0.28,6.16667,98,48.9633,58.5233,40.3053,52.6612,252.225,0
2017-11-17,17,12.1667,0.56,6.16667,100,49.9233,67.0367,46.6693,60.9761,240.0,0
2017-11-17,18,10.8333,0.56,5.83333,96,50.425,74.9283,40.3053,51.1438,315.52,0
2017-11-17,20,8.66667,0.56,5.5,89,61.88,90.48,41.0124,50.3335,364.8,0
2017-11-17,21,7.83333,0.28,5.0,96,58.375,90.235,36.7697,44.7902,420.0,0
2017-11-18,0,6.66667,0.0,3.16667,91,43.65,86.525,36.0626,43.8663,460.8,1
2017-11-18,1,6.0,0.0,2.66667,85,56.66,85.1062,38.891,46.6948,454.629,1
2017-11-18,2,5.5,0.0,2.0,97,53.145,81.1237,36.7697,45.4405,520.8,1
2017-11-18,3,5.16667,0.0,1.5,94,50.6738,76.71,40.3053,48.9761,497.25,1
2017-11-18,4,4.33333,0.0,1.0,93,48.9275,69.6212,34.6484,48.3192,550.8,1
2017-11-18,5,4.83333,0.0,0.166667,100,48.775,72.6712,34.6484,51.3192,558.45,1
2017-11-18,6,5.16667,0.0,-0.5,100,45.506,72.53,21.6005,40.8667,558.45,1
2017-11-18,7,6.0,0.0,-1.0,91,48.11,70.765,10.4003,31.1796,579.429,1
2017-11-18,8,6.33333,0.0,-1.16667,79,49.7637,61.0857,14.4505,24.7124,558.45,1
2017-11-18,9,7.33333,0.0,-1.0,85,47.4787,52.075,12.2581,12.702,556.5,1
2017-11-18,10,8.0,0.0,-0.333333,65,42.925,50.1629,-1.17698,13.9562,440.64,1
2017-11-18,11,8.0,0.0,0.833333,57,34.8075,45.3363,-11.1797,2.74193,416.0,1
2017-11-18,12,9.0,0.0,2.16667,52,33.1087,43.8812,-11.1797,-8.25807,390.0,1
2017-11-18,13,10.0,0.0,3.5,50,34.3937,38.1562,-6.73069,5.58477,366.667,1
2017-11-18,14,11.8333,0.0,4.5,55,35.2912,34.5887,-33.3373,16.1914,329.018,1
2017-11-18,15,12.5,0.0,5.16667,64,37.9817,39.7383,-25.9802,27.7218,239.25,1
2017-11-18,16,13.6667,0.0,5.33333,81,40.2883,48.9633,-36.5869,46.3285,197.6,1
2017-11-18,17,14.6667,0.48,5.5,89,44.25,49.9233,-38.0011,47.7427,203.52,1
2017-11-18,18,14.6667,0.96,5.16667,81,43.47,50.425,-37.294,47.0356,231.8,1
2017-11-18,21,14.3333,1.44,4.0,67,23.23,58.375,-32.5521,39.5877,286.971,1
2017-11-18,23,15.8333,0.96,3.5,68,16.165,53.31,-44.6657,40.8773,180.0,1
2017-11-19,1,18.1667,0.48,3.0,77,21.9137,56.66,-12.0209,52.0209,186.353,1
2017-11-19,2,19.1667,0.48,2.83333,72,20.8587,53.145,0.0,59.0,186.66,1
2017-11-19,3,19.1667,0.0,2.83333,68,15.0588,50.6738,0.0,58.0,193.44,1
2017-11-19,4,18.8333,0.48,2.66667,69,12.52,48.9275,0.0,58.0,188.779,1
2017-11-19,5,18.3333,0.48,2.66667,63,8.68375,48.775,0.0,54.0,217.579,1
2017-11-19,6,17.1667,0.48,2.66667,64,7.59875,45.506,0.0,52.0,236.64,1
2017-11-19,7,16.8333,0.48,2.66667,69,8.98375,48.11,0.0,65.0,214.5,1
2017-11-19,8,16.6667,0.48,2.66667,67,10.7889,49.7637,-6.50556,60.706,203.52,1
2017-11-19,9,16.0,0.96,2.66667,67,9.32125,47.4787,-13.3938,62.3358,194.541,1
2017-11-19,10,16.3333,0.48,3.0,66,9.58,42.925,-19.5167,47.1179,232.941,1
2017-11-19,11,16.6667,0.96,3.5,57,7.45286,34.8075,-19.5167,47.1179,236.733,1
2017-11-19,12,18.5,0.96,4.16667,52,7.46429,33.1087,-19.8994,48.0418,220.8,1
2017-11-19,13,19.3333,0.96,5.0,53,8.46,34.3937,-22.9608,55.4328,164.965,1
2017-11-19,14,20.6667,1.85,5.5,57,10.3188,35.2912,-16.4552,61.7268,143.242,1
2017-11-19,15,22.3333,1.37,5.83333,60,9.092,37.9817,-9.18432,70.1731,130.0,1
2017-11-19,16,23.3333,2.26,6.16667,69,12.8933,40.2883,0.0,52.0,170.769,1
2017-11-19,17,23.3333,1.78,6.16667,75,11.9333,44.25,0.0,75.0,124.754,1
2017-11-19,18,22.8333,1.78,5.83333,70,9.86,43.47,-7.27092,66.5537,160.615,1
2017-11-19,21,22.6667,1.6,5.16667,70,9.895,23.23,0.0,52.0,173.333,1
2017-11-20,1,22.1667,0.71,2.66667,80,6.01375,21.9137,16.2635,64.2492,147.714,0
2017-11-20,2,21.6667,0.86,2.0,92,5.6875,20.8587,16.2635,64.2492,157.617,0
2017-11-20,3,22.6667,0.18,1.66667,85,5.76167,15.0588,0.0,65.0,158.564,0
2017-11-20,4,24.0,0.18,1.33333,83,4.68429,12.52,19.092,67.9448,125.314,0
2017-11-20,5,25.0,0.18,1.66667,78,6.9325,8.68375,19.092,53.9448,151.467,0
2017-11-20,6,25.5,0.18,1.83333,68,8.82875,7.59875,20.5062,55.7925,146.897,0
2017-11-20,7,25.0,0.18,2.0,70,9.91625,8.98375,38.1839,49.8895,167.586,0
2017-11-20,8,24.3333,0.03,2.16667,75,12.16,10.7889,50.9119,66.5194,153.31,0
2017-11-20,9,22.6667,0.0,2.16667,71,13.0112,9.32125,43.1337,56.3567,196.608,0
2017-11-20,10,20.8333,0.0,2.33333,74,15.4725,9.58,37.4768,48.9656,221.0,0
2017-11-20,11,19.3333,0.0,2.33333,70,15.0625,7.45286,37.4768,48.9656,221.0,0
2017-11-20,12,18.3333,0.97,2.66667,77,21.49,7.46429,24.7488,52.3358,201.318,0
2017-11-20,13,18.8333,0.97,3.0,83,21.0275,8.46,12.728,55.6298,191.133,0
2017-11-20,14,18.6667,2.57,3.5,78,19.9814,10.3188,0.0,60.0,180.0,0
2017-11-20,15,17.6667,2.57,4.0,73,20.644,9.092,0.0,57.0,195.789,0
2017-11-20,16,16.3333,2.57,4.16667,76,23.5333,12.8933,7.77821,67.1627,186.821,0
2017-11-20,17,14.1667,2.57,4.33333,90,28.736,11.9333,14.8493,57.4015,265.714,0
2017-11-20,18,13.5,1.6,4.16667,89,35.425,9.86,19.7991,62.3512,279.714,0
2017-11-20,21,10.8333,0.58,3.33333,89,17.14,9.895,12.0209,56.1886,250.92,0
2017-11-21,0,10.1667,1.16,2.5,92,21.55,9.47,7.77821,50.1627,378.88,0
2017-11-21,1,8.66667,1.16,2.33333,88,32.9733,6.01375,7.77821,60.1627,341.28,0
2017-11-21,2,7.5,0.58,2.33333,87,35.435,5.6875,12.0209,50.706,420.0,0
2017-11-21,3,7.16667,1.42,2.16667,91,32.3167,5.76167,15.5564,54.2415,423.5,0
2017-11-21,4,6.66667,1.42,2.16667,87,34.4083,4.68429,19.5564,54.2415,433.5,0
2017-11-21,5,6.33333,1.68,2.33333,83,40.6417,6.9325,16.728,45.07,477.0,0
2017-11-21,6,6.33333,1.68,2.33333,85,45.04,8.82875,16.728,48.07,437.143,0
2017-11-21,7,6.5,1.68,2.33333,85,40.1617,9.91625,9.65688,48.141,448.145,0
2017-11-21,8,6.66667,1.68,2.16667,90,36.306,12.16,-4.58849,40.6571,495.0,0
2017-11-21,9,7.5,0.84,2.16667,87,33.7875,13.0112,-4.58849,24.6571,517.0,0
2017-11-21,10,8.33333,1.63,2.33333,84,30.5112,15.4725,-17.1461,15.6697,440.64,0
2017-11-21,11,9.33333,0.79,2.5,82,25.605,15.0625,-32.9965,8.69006,360.0,0
2017-11-21,12,9.5,0.79,2.83333,85,29.7062,21.49,-15.1681,-3.13838,349.92,0
2017-11-21,13,10.5,0.79,3.16667,82,29.7629,21.0275,2.903,-10.2095,300.0,0
2017-11-21,14,11.5,1.04,3.5,84,38.9843,19.9814,22.3702,-6.88824,263.467,0
2017-11-21,15,11.5,1.29,3.83333,87,41.6233,20.644,51.0,0.0,302.08,0
2017-11-21,16,10.8333,0.5,4.0,96,43.1786,23.5333,60.0,0.0,286.0,0
2017-11-21,17,9.33333,0.88,4.16667,92,52.0383,28.736,65.0,0.0,300.0,0
2017-11-21,18,8.5,0.88,4.33333,92,49.4683,35.425,56.0,0.0,360.0,0
2017-11-21,21,6.33333,1.5,4.66667,92,51.085,17.14,18.9941,-12.4647,506.3,0
2017-11-22,0,6.5,2.16,4.83333,92,47.86,21.55,8.51361,-21.11,496.4,0
2017-11-22,1,6.5,1.04,5.0,92,49.9683,32.9733,-10.4362,-26.0598,517.0,0
2017-11-22,2,6.5,1.04,5.0,93,46.7983,35.435,-20.6788,-30.3024,517.0,0
2017-11-22,3,6.16667,1.04,5.0,93,50.105,32.3167,-21.0615,-31.2263,496.8,0
2017-11-22,4,6.5,2.13,5.16667,93,51.6467,34.4083,-21.0615,-31.2263,509.143,0
2017-11-22,5,6.66667,2.18,5.33333,93,49.1467,40.6417,-16.8904,-34.0908,538.65,0
2017-11-22,6,6.83333,2.18,5.66667,92,45.7667,45.04,-27.9519,-41.4819,492.9,0
2017-11-22,7,7.16667,2.18,6.0,92,47.28,40.1617,-29.4826,-45.1774,454.629,0
2017-11-22,8,7.0,2.18,6.33333,91,41.31,36.306,-31.9238,-43.2891,437.143,0
2017-11-22,9,7.16667,2.18,6.66667,90,33.96,33.7875,-29.2702,-43.8826,438.6,0
2017-11-22,10,7.66667,1.09,6.83333,92,31.1,30.5112,-27.7063,-46.1071,437.143,0
2017-11-22,11,7.83333,0.0,7.16667,84,31.805,25.605,-27.1488,-29.0332,432.0,0
2017-11-22,12,7.66667,0.0,7.5,76,32.54,29.7062,-28.2969,-15.175,405.45,0
2017-11-22,13,8.5,0.0,8.0,76,36.9883,29.7629,-25.2354,-0.78401,421.2,0
2017-11-22,14,9.33333,0.0,8.33333,73,37.095,38.9843,-19.7578,21.6789,385.0,0
2017-11-22,15,9.66667,0.0,8.66667,81,39.6075,41.6233,-21.6712,37.3849,314.743,0
2017-11-22,16,9.0,0.0,8.83333,87,47.0125,43.1786,-22.4366,52.167,312.8,0
2017-11-22,17,8.66667,0.0,8.66667,86,51.055,52.0383,-17.986,50.4224,366.667,0
2017-11-22,18,8.83333,0.0,8.33333,90,50.64,49.4683,-21.009,44.7862,377.143,0
2017-11-22,21,8.66667,0.0,7.0,83,59.895,51.085,-23.7776,36.0248,360.0,0
2017-11-23,0,8.83333,0.0,6.33333,91,63.265,47.86,-30.3037,24.1501,327.6,0
2017-11-23,1,8.83333,0.0,6.0,90,57.5617,49.9683,-26.5602,13.8738,380.8,0
2017-11-23,2,8.33333,0.0,5.83333,94,56.996,46.7983,-39.0044,5.55893,407.1,0
2017-11-23,3,7.5,0.0,5.33333,92,61.8933,50.105,-42.4485,-2.75599,360.0,0
2017-11-23,4,7.16667,0.0,4.83333,94,60.5067,51.6467,-31.3619,-13.3481,426.0,0
2017-11-23,5,7.33333,0.0,4.5,91,59.695,49.1467,-25.8798,-26.6696,470.25,0
2017-11-23,6,7.83333,0.0,4.0,100,61.86,45.7667,-24.8527,-36.0951,453.6,0
2017-11-23,7,7.33333,0.0,3.66667,92,64.3083,47.28,-20.5231,-46.5476,419.76,0
2017-11-23,8,7.0,0.0,3.5,81,62.4567,41.31,-20.9058,-47.4714,448.0,0
2017-11-23,9,7.33333,0.0,4.0,69,59.4875,33.96,-17.4617,-46.1565,479.467,0
2017-11-23,10,7.5,0.0,4.66667,60,36.4667,31.1,-17.4617,-54.1565,420.0,0
2017-11-23,11,7.5,0.0,5.5,52,28.25,31.805,-18.9674,-44.7914,451.0,0
2017-11-23,12,8.66667,0.0,7.0,50,24.275,32.54,-16.6713,-48.2481,432.667,0
2017-11-23,13,10.0,0.0,8.83333,44,27.402,36.9883,-21.104,-40.2332,367.2,0
2017-11-23,14,11.3333,0.0,10.3333,50,25.3025,37.095,-31.7423,-33.0475,305.25,0
2017-11-23,15,12.1667,0.0,11.0,58,31.4425,39.6075,-11.7925,-20.0977,246.4,0
2017-11-23,16,12.5,0.0,11.6667,70,40.88,47.0125,1.20748,-11.0977,245.92,0
2017-11-23,17,13.0,0.0,12.0,83,42.46,51.055,6.75076,-8.80164,297.0,0
2017-11-23,18,12.8333,0.0,11.6667,80,42.765,50.64,-4.3358,-4.20948,249.171,0
2017-11-23,21,12.5,0.0,9.33333,74,53.46,59.895,-22.0313,14.9245,265.5,0
2017-11-24,1,10.1667,0.0,7.0,65,48.344,57.5617,14.4463,7.27092,366.277,0
2017-11-24,2,9.33333,0.0,6.5,83,49.63,56.996,7.37518,14.342,321.6,0
2017-11-24,3,8.5,0.0,6.16667,82,46.8617,61.8933,27.3856,9.36718,378.831,0
2017-11-24,4,8.33333,0.0,6.0,80,51.825,60.5067,6.99458,6.30574,385.0,0
2017-11-24,5,8.0,0.0,5.83333,78,47.91,59.695,6.99458,1.30574,360.0,0
2017-11-24,6,6.83333,0.0,5.0,99,46.16,61.86,12.5379,-4.99034,395.2,0
2017-11-24,7,6.83333,0.0,4.66667,100,47.2717,64.3083,6.53786,-10.9903,473.815,0
2017-11-24,8,6.66667,0.0,4.83333,87,43.645,62.4567,-10.2889,-20.2291,488.52,0
2017-11-24,9,7.16667,0.0,5.16667,81,35.5667,59.4875,-15.2387,-25.1789,449.28,0
2017-11-24,10,7.83333,0.0,5.83333,68,37.5875,36.4667,-16.1676,-43.25,470.25,0
2017-11-24,11,9.33333,0.0,6.83333,70,34.6483,28.25,-15.1406,-46.5526,419.76,0
2017-11-24,12,10.5,0.0,8.5,63,36.315,24.275,-27.151,-42.5274,300.0,0
2017-11-24,13,11.0,0.0,10.0,64,34.15,27.402,-35.3346,-32.2634,296.229,0
2017-11-24,14,12.1667,0.0,11.3333,64,32.26,25.3025,-17.3849,-27.3137,260.945,0
2017-11-24,15,13.0,0.0,12.3333,65,38.0675,31.4425,-23.9552,-15.3072,271.385,0
2017-11-24,16,13.5,0.0,12.6667,68,39.4325,40.88,4.05524,-10.3324,242.031,0
2017-11-24,17,13.6667,0.0,12.5,65,40.0125,42.46,28.0657,-5.35752,251.631,0
2017-11-24,18,13.8333,0.0,12.0,64,42.555,42.765,29.0657,-5.35752,248.571,0
2017-11-24,20,12.8333,0.0,10.6667,67,41.74,58.69,27.9896,4.97484,265.5,0
2017-11-24,21,11.3333,0.0,10.0,69,42.715,53.46,20.5985,8.03628,249.9,0
2017-11-25,1,12.3333,0.0,9.5,76,35.9383,48.344,-28.0219,43.7166,218.057,1
2017-11-25,2,12.8333,0.0,9.33333,74,38.29,49.63,-30.04,49.5232,259.86,1
2017-11-25,3,12.5,0.0,9.16667,74,40.4483,46.8617,-22.2618,59.6859,240.0,1
2017-11-25,4,10.3333,0.0,8.83333,79,42.095,51.825,-14.6082,46.2083,343.125,1
2017-11-25,5,8.66667,0.0,8.5,79,44.64,47.91,-19.558,51.1581,340.2,1
2017-11-25,6,7.33333,0.0,8.0,81,45.67,46.16,-9.19243,40.6186,411.927,1
2017-11-25,7,6.83333,0.0,7.66667,86,42.89,47.2717,-7.0711,42.74,439.855,1
2017-11-25,8,6.33333,0.0,7.33333,79,41.9967,43.645,-5.65688,28.5978,477.9,1
2017-11-25,9,8.0,0.0,7.16667,78,42.806,35.5667,-8.71832,21.2067,433.5,1
2017-11-25,10,9.33333,0.0,7.16667,79,39.7917,37.5875,-13.7514,-11.2995,399.36,1
2017-11-25,11,11.0,0.0,7.5,72,40.1983,34.6483,-19.4083,-31.8559,300.0,1
2017-11-25,12,13.6667,0.0,7.83333,69,39.7625,36.315,-34.1904,-37.9788,226.8,1
2017-11-25,13,14.1667,0.0,8.33333,69,33.6475,34.15,-44.564,-44.0228,180.0,1
2017-11-25,14,15.1667,0.0,8.83333,73,37.1775,32.26,-49.9104,-34.7568,203.52,1
2017-11-25,15,16.3333,0.0,9.16667,71,39.4625,38.0675,-49.2033,-34.0497,218.625,1
2017-11-25,16,15.5,0.0,9.16667,79,42.73,39.4325,-54.7465,-19.5078,193.768,1
2017-11-25,20,13.3333,1.12,7.83333,86,8.28,41.74,-35.2499,52.4503,263.073,1
2017-11-26,0,15.8333,2.24,6.16667,78,11.3,30.0,-12.6284,49.488,232.737,1
2017-11-26,1,18.6667,2.24,5.66667,78,10.015,35.9383,4.3422,52.6612,195.789,1
2017-11-26,2,19.1667,1.12,5.0,83,13.625,38.29,29.2909,58.2044,126.771,1
2017-11-26,3,18.3333,1.12,4.33333,83,13.66,40.4483,44.5479,58.2044,179.95,1
2017-11-26,4,18.0,1.12,3.83333,83,17.0767,42.095,37.4768,48.9656,248.832,1
2017-11-26,5,17.6667,1.12,3.5,83,17.7325,44.64,49.4977,64.6716,211.2,1
2017-11-26,6,15.6667,0.0,3.0,82,21.746,45.67,40.3053,52.6612,239.4,1
2017-11-26,7,13.3333,0.0,2.66667,79,23.8217,42.89,38.891,50.8134,257.914,1
2017-11-26,8,12.5,0.0,2.83333,68,29.9167,41.9967,36.7697,48.0418,302.824,1
2017-11-26,9,11.6667,0.0,3.16667,61,31.8733,42.806,43.1337,56.3567,292.518,1
2017-11-26,10,11.1667,0.0,3.5,64,32.2433,39.7917,37.4768,48.9656,336.3,1
2017-11-26,11,11.8333,0.0,3.83333,58,32.2133,40.1983,38.891,50.8134,313.5,1
2017-11-26,12,12.3333,0.0,4.5,60,28.1283,39.7625,30.4057,55.7268,260.945,1
2017-11-26,13,12.8333,0.0,5.0,55,24.4333,33.6475,16.2635,52.2492,234.667,1
2017-11-26,14,13.6667,0.0,5.16667,56,19.705,37.1775,9.89954,57.9343,221.571,1
2017-11-26,15,13.8333,0.0,5.0,69,24.395,39.4625,0.0,59.0,235.125,1
2017-11-26,16,13.0,0.0,4.66667,66,30.9525,42.73,0.0,53.0,282.72,1
2017-11-27,1,11.6667,0.0,0.5,65,33.9017,10.015,-24.8241,45.9309,271.385,0
2017-11-27,2,12.1667,0.0,0.166667,86,31.8483,13.625,-24.4414,45.007,281.538,0
2017-11-27,3,11.5,0.0,0.0,81,27.4875,13.66,-27.5028,52.398,269.077,0
2017-11-27,4,11.0,0.0,0.0,75,24.56,17.0767,-25.9721,48.7025,318.171,0
2017-11-27,5,10.0,0.0,0.333333,70,22.05,17.7325,-19.8994,48.0418,354.738,0
2017-11-27,6,9.66667,0.0,0.666667,73,25.105,21.746,-19.8994,56.0418,332.677,0
2017-11-27,7,9.66667,0.0,1.0,68,26.505,23.8217,-14.9245,55.0313,345.6,0
2017-11-27,8,10.5,0.0,1.5,68,26.905,29.9167,-18.8177,52.4301,300.0,0
2017-11-27,9,10.8333,0.0,1.83333,71,28.975,31.8733,-17.287,48.7346,309.12,0
2017-11-27,10,11.1667,0.0,2.5,62,26.2883,32.2433,-17.6696,49.6584,278.25,0
2017-11-27,11,11.8333,0.0,3.0,55,22.7233,32.2133,-22.2618,52.745,260.945,0
2017-11-27,12,12.3333,0.0,3.66667,57,25.1733,28.1283,-26.854,52.8316,260.0,0
2017-11-27,13,12.1667,0.0,4.33333,55,22.932,24.4333,-23.7262,57.2806,249.508,0
2017-11-27,14,12.3333,0.0,5.0,54,21.836,19.705,-18.7513,56.2701,250.364,0
2017-11-27,15,12.1667,0.0,5.33333,65,20.295,24.395,-19.8492,44.9204,286.7,0
2017-11-27,16,12.8333,0.0,5.16667,67,34.665,30.9525,-26.9203,51.9915,249.9,0
2017-11-27,17,13.6667,0.0,4.83333,70,42.225,34.335,-28.2844,39.2844,281.455,0
2017-11-27,21,16.0,0.0,2.33333,60,13.44,37.515,3.12093,17.7611,225.318,0
2017-11-27,23,15.5,0.0,1.83333,64,15.36,30.8,27.4463,7.27092,187.68,0
2017-11-28,1,14.0,0.0,2.16667,68,17.9317,33.9017,24.4463,7.27092,238.105,0
2017-11-28,2,13.6667,0.0,2.66667,76,16.5917,31.8483,33.6851,-3.44412,307.125,0
2017-11-28,3,14.8333,0.0,3.16667,68,14.166,27.4875,45.6851,-3.44412,266.325,0
2017-11-28,4,16.0,0.0,3.5,67,14.0933,24.56,-8.3358,6.50556,206.7,0
2017-11-28,5,17.0,0.0,4.0,71,16.75,22.05,-28.2844,26.2132,127.5,0
2017-11-28,6,18.1667,0.0,4.16667,69,17.7417,25.105,-54.4266,40.3554,155.215,0
2017-11-28,7,19.0,0.36,4.33333,70,18.7933,26.505,-43.8408,43.8408,181.409,0
2017-11-28,8,20.1667,0.36,4.5,71,25.606,26.905,-37.4768,37.4768,229.14,0
2017-11-28,9,18.5,0.36,4.5,68,24.5717,28.975,-36.7697,36.7697,232.737,0
2017-11-28,10,17.0,0.36,4.5,71,23.415,26.2883,-51.5518,42.8926,186.821,0
2017-11-28,11,16.3333,0.36,4.83333,66,23.82,22.7233,-24.1167,29.4575,187.971,0
2017-11-28,12,15.6667,0.36,5.33333,65,27.5025,25.1733,1.78283,19.558,208.042,0
2017-11-28,13,16.0,0.0,5.83333,61,25.805,22.932,30.2179,6.12288,218.625,0
2017-11-28,14,15.0,0.0,6.16667,64,23.2725,21.836,61.0,0.0,204.429,0
2017-11-28,15,14.5,0.46,6.33333,64,25.145,20.295,60.0,0.0,226.8,0
2017-11-28,16,14.6667,0.51,6.33333,73,31.75,34.665,31.9896,4.97484,245.92,0
2017-11-28,17,15.1667,0.59,6.16667,73,38.4175,42.225,6.38291,15.5815,252.225,0
2017-11-28,20,14.5,0.59,5.0,79,41.27,30.19,-21.0522,29.0166,203.52,0
2017-11-28,21,13.8333,0.13,4.83333,72,30.845,13.44,-21.5321,23.0021,253.895,0
2017-11-29,0,10.1667,0.0,4.5,75,36.88,22.94,-18.0533,21.1469,336.0,0
2017-11-29,1,8.83333,0.51,4.33333,79,43.5583,17.9317,-22.296,25.3896,341.28,0
2017-11-29,2,8.16667,0.51,4.16667,86,43.75,16.5917,-42.2458,30.3394,407.1,0
2017-11-29,3,8.0,0.51,3.83333,83,39.325,14.166,-49.6368,27.2779,372.3,0
2017-11-29,4,7.33333,0.51,3.5,79,42.8325,14.0933,-45.9413,25.7472,388.267,0
2017-11-29,5,7.16667,1.02,3.33333,86,38.21,16.75,-34.5773,19.3832,448.0,0
2017-11-29,6,8.0,1.02,3.16667,82,36.0675,17.7417,-36.5282,9.57511,458.28,0
2017-11-29,7,8.83333,0.51,3.0,82,37.32,18.7933,-37.4521,1.53883,395.2,0
2017-11-29,8,9.66667,0.51,3.0,87,43.1475,25.606,-16.2597,-7.6536,371.25,0
2017-11-29,9,10.0,0.51,3.0,81,46.045,24.5717,4.13136,-4.59216,300.0,0
2017-11-29,10,10.6667,0.87,3.16667,73,47.17,23.415,-2.7164,-3.8268,288.0,0
2017-11-29,11,10.5,0.36,3.5,67,45.7917,23.82,-2.7164,3.06144,305.455,0
2017-11-29,12,10.5,0.36,3.83333,67,47.4783,27.5025,0.0552405,4.20948,348.0,0
2017-11-29,13,10.0,0.59,4.16667,65,50.0267,25.805,-22.1074,0.0,366.277,0
2017-11-29,14,8.83333,0.59,4.5,64,49.1375,23.2725,-13.1074,0.0,332.677,0
2017-11-29,15,7.83333,0.59,4.66667,72,50.2275,25.145,-20.1074,0.0,389.88,0
2017-11-29,16,7.0,0.23,4.66667,86,52.75,31.75,-16.1074,0.0,400.68,0
2017-11-29,17,6.33333,0.46,4.5,89,52.985,38.4175,-10.5642,-2.29608,479.467,0
2017-11-29,21,5.33333,2.47,3.33333,81,75.31,30.845,-9.49364,0.19764,574.255,0
2017-11-30,1,6.16667,8.23,2.33333,80,74.7433,43.5583,-20.3882,7.94412,592.8,0
2017-11-30,2,6.0,9.58,1.83333,100,76.55,43.75,-29.0076,2.96928,504.9,0
2017-11-30,3,6.16667,11.76,1.5,92,75.6683,39.325,-24.6484,3.83636,540.6,0
2017-11-30,4,6.0,7.29,1.16667,86,77.155,42.8325,-26.0627,-6.06318,499.8,0
2017-11-30,5,6.16667,5.77,1.0,95,75.735,38.21,-24.1161,-15.8491,480.0,0
2017-11-30,7,6.0,5.77,0.666667,90,76.105,37.32,-14.9429,-25.2339,575.143,0
2017-11-30,15,9.0,0.0,2.83333,83,57.25,50.2275,41.4185,4.65925,399.36,0
2017-11-30,16,9.83333,0.0,2.66667,89,67.425,52.75,49.9591,17.0237,332.8,0
2017-11-30,17,10.3333,0.0,2.5,85,71.605,52.985,48.488,12.6284,333.45,0
2017-11-30,21,12.1667,0.0,1.33333,92,64.6813,75.31,48.1658,33.341,271.745,0
2017-11-30,23,12.6667,0.0,1.0,85,60.2033,77.435,38.1839,47.5051,248.727,0
2018-10-01,0,8.33333,0.0,8.66667,76,22.1667,68.9133,-23.3501,-8.06946,342.514,0
2018-10-01,1,6.66667,0.0,7.5,75,24.4867,73.4333,-27.0456,-9.60018,360.0,0
2018-10-01,2,5.66667,0.0,6.5,81,21.8167,59.8233,-19.6546,-17.2538,477.0,0
2018-10-01,3,5.66667,0.0,6.0,77,28.838,56.0167,-23.8972,-21.4964,469.8,0
2018-10-01,4,5.16667,0.0,5.33333,85,28.15,58.2533,-39.8972,-27.4964,564.0,0
2018-10-01,5,5.16667,0.0,5.0,84,30.56,54.4867,-39.8972,-30.4964,587.1,0
2018-10-01,6,5.16667,0.0,4.66667,74,30.268,53.0467,-42.1933,-36.0397,555.9,0
2018-10-01,7,5.16667,0.0,4.16667,100,25.124,51.36,-32.6375,-35.1431,604.2,0
2018-10-01,8,5.16667,0.0,4.0,97,23.646,47.8567,-31.3369,-37.0897,604.2,0
2018-10-01,9,4.83333,0.0,4.0,77,24.654,40.3433,-29.3903,-38.3903,604.2,0
2018-10-01,10,5.83333,0.0,5.16667,61,20.732,27.88,-25.3777,-39.7897,620.1,0
2018-10-01,11,6.33333,0.0,6.66667,53,18.526,15.2967,-28.0462,-31.895,540.0,0
2018-10-01,12,6.66667,0.23,8.66667,46,18.418,7.95,-24.6242,-31.7203,540.6,0
2018-10-01,13,8.0,0.23,11.1667,41,18.494,7.96667,-18.6242,-25.7203,480.0,0
2018-10-01,14,8.83333,0.23,13.5,39,21.766,6.92,-20.155,-0.54714,395.2,0
2018-10-01,15,10.8333,0.23,15.3333,40,20.012,6.37333,-5.83801,19.4015,321.3,0
2018-10-01,16,12.5,0.23,16.1667,42,24.15,7.21,13.3705,31.5151,275.6,0
2018-10-01,17,13.8333,0.46,16.5,45,24.048,8.35,27.1695,51.3142,212.914,0
2018-10-01,18,14.8333,0.23,16.1667,48,24.505,9.45,36.7697,43.9231,220.8,0
2018-10-01,19,15.1667,0.23,15.5,62,22.2225,20.2867,45.255,52.4084,195.0,0
2018-10-01,20,16.0,0.23,14.5,65,23.988,26.8967,45.255,52.4084,215.368,0
2018-10-01,21,15.1667,0.23,13.5,66,29.3267,37.6,43.1337,53.7554,225.318,0
2018-10-01,22,14.0,0.74,12.6667,66,26.972,28.86,38.891,48.2122,245.1,0
2018-10-01,23,13.1667,0.51,11.8333,67,32.3467,21.7133,30.4057,51.7268,269.925,0
2018-10-02,0,13.6667,0.51,11.1667,75,22.98,22.1667,19.092,48.9448,307.125,0
2018-10-02,1,14.3333,0.51,10.5,83,20.84,24.4867,29.6986,62.803,240.0,0
2018-10-02,2,14.8333,0.51,10.0,85,19.0875,21.8167,24.7488,56.3358,206.7,0
2018-10-02,3,15.6667,0.51,9.5,90,16.696,28.838,38.1839,49.8895,200.08,0
2018-10-02,4,15.8333,0.0,9.0,88,13.26,28.15,38.891,50.8134,214.5,0
2018-10-02,5,16.0,0.0,8.5,89,18.758,30.56,48.0835,62.8238,193.44,0
2018-10-02,6,15.8333,0.0,8.0,90,20.886,30.268,43.1337,56.3567,238.105,0
2018-10-02,7,15.8333,0.0,7.83333,80,18.93,25.124,39.5982,51.7373,261.0,0
2018-10-02,8,16.1667,0.0,7.5,77,17.732,23.646,42.4266,55.4328,205.477,0
2018-10-02,9,17.1667,0.0,7.5,74,16.156,24.654,38.891,50.8134,187.114,0
2018-10-02,10,18.0,0.0,7.66667,61,15.234,20.732,44.5479,58.2044,160.74,0
2018-10-02,11,19.0,0.0,8.16667,54,14.11,18.526,43.1337,56.3567,178.286,0
2018-10-02,12,19.8333,0.0,8.83333,50,12.674,18.418,28.2844,55.9552,195.873,0
2018-10-02,13,19.6667,0.0,9.33333,53,13.062,18.494,12.728,54.6298,198.4,0
2018-10-02,14,19.3333,0.0,10.1667,47,12.25,21.766,13.4351,55.5537,195.789,0
2018-10-02,15,18.8333,0.0,11.0,42,12.718,20.012,26.8702,54.1074,195.789,0
2018-10-02,16,19.3333,0.0,11.6667,44,13.538,24.15,40.3053,52.6612,195.789,0
2018-10-02,17,19.5,0.0,12.0,42,11.5,24.048,41.7195,54.5089,181.895,0
2018-10-02,18,19.5,0.0,12.0,41,14.878,24.505,42.4266,55.4328,175.137,0
2018-10-02,19,20.0,0.0,11.8333,41,18.3733,22.2225,42.4266,55.4328,184.743,0
2018-10-02,20,20.0,0.0,11.5,44,16.234,23.988,27.5773,58.0313,173.46,0
2018-10-02,21,20.0,0.0,11.0,48,10.8833,29.3267,13.4351,58.5537,175.137,0
2018-10-02,22,20.3333,0.51,10.3333,59,11.02,26.972,-7.27092,58.5537,189.382,0
2018-10-02,23,21.0,0.51,9.83333,59,9.834,32.3467,-16.0726,57.803,168.505,0
2018-10-03,0,21.5,0.51,9.5,59,7.52333,22.98,-25.2569,60.9761,137.242,0
2018-10-03,1,21.1667,0.51,9.33333,64,7.926,20.84,-26.4049,63.7477,140.87,0
2018-10-03,2,21.3333,0.51,9.16667,60,8.18333,19.0875,-25.2569,60.9761,162.4,0
2018-10-03,3,21.6667,0.99,9.0,59,14.176,16.696,-23.7262,57.2806,176.727,0
2018-10-03,4,21.0,0.48,9.0,74,14.008,13.26,-23.3435,56.3567,173.46,0
2018-10-03,5,20.5,0.48,9.0,66,12.044,18.758,-15.6899,56.8791,180.0,0
2018-10-03,6,20.6667,0.48,9.0,61,12.516,20.886,-8.03628,59.4015,178.286,0
2018-10-03,7,21.6667,0.48,9.0,66,12.896,18.93,0.0,63.0,155.621,0
2018-10-03,8,22.8333,0.48,9.0,66,11.68,17.732,0.0,70.0,125.314,0
2018-10-03,9,24.5,0.81,9.0,63,10.906,16.156,0.0,53.0,165.092,0
2018-10-03,10,26.1667,0.81,9.16667,57,10.18,15.234,0.0,58.0,141.067,0
2018-10-03,11,28.5,0.81,9.66667,50,8.87,14.11,0.0,60.0,142.916,0
2018-10-03,12,31.0,0.81,10.3333,44,7.988,12.674,0.0,64.0,118.345,0
2018-10-03,13,33.0,0.81,11.0,45,11.066,13.062,0.0,73.0,99.9086,0
2018-10-03,14,35.0,0.81,11.6667,41,9.286,12.25,26.8702,73.1074,97.8947,0
2018-10-03,15,35.1667,0.0,12.5,49,9.934,12.718,54.4475,71.1388,94.3895,0
2018-10-03,16,34.8333,0.0,13.0,48,10.582,13.538,50.2048,65.5955,119.262,0
2018-10-03,17,33.3333,0.0,13.1667,55,10.84,11.5,41.7195,54.5089,150.562,0
2018-10-03,18,29.1667,0.0,12.8333,68,13.756,14.878,37.4768,48.9656,167.733,0
2018-10-03,19,24.1667,0.0,12.3333,58,10.44,18.3733,46.6693,60.9761,176.222,0
2018-10-03,20,18.6667,0.0,11.8333,54,14.12,16.234,52.3261,66.633,197.867,0
2018-10-03,21,16.5,0.0,11.0,59,11.8067,10.8833,38.7775,43.9843,340.292,0
2018-10-03,22,14.8333,0.0,10.3333,64,13.9225,11.02,52.2125,61.538,269.169,0
2018-10-03,23,13.5,0.0,9.5,64,13.552,9.834,45.8485,53.2231,240.0,0
2018-10-04,0,14.1667,0.0,9.0,64,11.6425,7.52333,25.456,51.2597,217.579,0
2018-10-04,1,14.8333,0.0,8.66667,61,8.666,7.926,24.0417,49.4119,224.824,0
2018-10-04,2,16.1667,0.0,8.33333,63,5.09667,8.18333,32.5271,60.4985,202.024,0
2018-10-04,3,15.5,0.0,8.16667,61,11.696,14.176,20.5062,58.7925,231.8,0
2018-10-04,4,15.1667,0.0,7.83333,63,10.3,14.008,20.5062,55.7925,249.882,0
2018-10-04,5,14.5,0.0,7.66667,63,9.932,12.044,19.092,53.9448,235.2,0
2018-10-04,6,14.0,0.0,7.33333,67,9.792,12.516,20.5062,55.7925,230.4,0
2018-10-04,7,13.8333,0.0,7.0,72,13.6867,12.896,30.4057,54.7268,237.12,0
2018-10-04,8,13.3333,0.0,6.83333,76,14.71,11.68,38.1839,49.8895,273.28,0
2018-10-04,9,13.0,0.0,7.0,70,12.918,10.906,45.9622,60.0522,240.0,0
2018-10-04,10,13.1667,0.0,7.5,72,10.308,10.18,44.5479,58.2044,249.171,0
2018-10-04,11,13.6667,0.0,8.33333,64,11.024,8.87,36.0626,47.1179,281.455,0
2018-10-04,12,14.5,0.0,9.5,57,10.45,7.988,28.2844,53.9552,217.964,0
2018-10-04,13,15.8333,0.0,10.6667,56,12.814,11.066,24.7488,49.3358,220.8,0
2018-10-04,14,16.1667,0.0,11.8333,51,13.62,9.286,13.4351,53.5537,201.318,0
2018-10-04,15,16.5,0.0,12.8333,48,15.204,9.934,22.6275,48.5642,240.505,0
2018-10-04,16,15.8333,0.0,13.6667,50,20.44,10.582,33.2342,62.4224,200.842,0
2018-10-04,17,15.3333,0.0,14.0,55,26.608,10.84,28.2844,55.9552,253.895,0
2018-10-04,18,14.5,0.0,14.0,57,14.5133,13.756,28.2844,50.9552,261.415,0
2018-10-04,19,12.5,0.0,13.8333,68,27.52,10.44,28.9915,51.8791,264.0,0
2018-10-04,20,11.0,0.0,13.1667,79,36.474,14.12,33.9413,58.3462,267.12,0
2018-10-04,21,9.16667,0.0,12.1667,81,36.8567,11.8067,26.1631,48.1836,359.9,0
2018-10-04,22,7.66667,0.0,10.8333,84,40.224,13.9225,24.6323,51.8791,381.9,0
2018-10-04,23,6.0,0.0,9.66667,88,38.4225,13.552,23.4843,54.6507,410.4,0
2018-10-05,0,4.66667,0.0,8.83333,84,42.33,11.6425,21.9536,58.3462,420.0,0
2018-10-05,1,3.83333,0.0,8.0,87,48.48,8.666,9.22561,43.017,526.971,0
2018-10-05,2,4.16667,0.0,7.33333,89,46.492,5.09667,7.81139,41.6028,566.4,0
2018-10-05,3,4.5,0.0,6.83333,93,44.828,11.696,7.81139,35.6028,540.0,0
2018-10-05,4,5.0,0.0,6.5,94,43.75,10.3,5.51531,16.0595,666.171,0
2018-10-05,5,5.33333,0.0,6.16667,94,42.592,9.932,3.21923,10.5162,632.914,0
2018-10-05,6,5.33333,0.0,5.83333,98,41.486,9.792,-8.97639,-7.96136,663.257,0
2018-10-05,7,6.0,0.0,5.16667,100,38.536,13.6867,-11.6301,-19.9718,627.3,0
2018-10-05,8,6.16667,0.0,5.0,100,34.464,14.71,-15.2239,-32.9061,603.2,0
2018-10-05,9,6.33333,0.0,5.16667,98,32.422,12.918,-15.2239,-45.8404,583.0,0
2018-10-05,10,7.16667,0.0,6.33333,66,26.7,10.308,-13.66,-48.0649,480.0,0
2018-10-05,11,8.0,0.0,8.0,57,23.516,11.024,-1.24576,-40.6507,438.6,0
2018-10-05,12,9.66667,0.0,9.66667,50,19.604,10.45,-4.43181,-37.3424,395.2,0
2018-10-05,13,9.83333,0.0,12.1667,48,16.566,12.814,-16.9178,-26.8354,311.143,0
2018-10-05,14,10.1667,0.0,14.6667,45,17.422,13.62,-7.23905,-20.3682,311.143,0
2018-10-05,15,10.5,0.0,16.8333,45,21.568,15.204,4.43971,-13.9011,317.127,0
2018-10-05,16,10.8333,0.0,18.0,47,22.548,20.44,2.43971,-13.9011,341.127,0
2018-10-05,17,12.1667,0.0,18.5,53,13.37,26.608,-1.79252,-11.0977,353.4,0
2018-10-05,18,12.1667,0.0,18.5,61,22.198,14.5133,-4.56416,-12.2458,240.0,0
2018-10-05,19,13.5,0.0,17.8333,70,30.4925,27.52,-35.3462,-18.3686,201.067,0
2018-10-05,20,13.3333,0.0,16.6667,79,27.586,36.474,-54.9529,-28.9753,180.0,0
2018-10-05,21,13.1667,0.0,15.1667,76,34.3433,36.8567,-50.3335,-27.0619,261.979,0
2018-10-05,22,12.8333,0.0,14.0,71,30.378,40.224,-57.7245,-30.1233,264.442,0
2018-10-05,23,11.8333,0.0,12.8333,73,33.4025,38.4225,-29.1708,-22.8524,313.2,0
2018-10-06,0,11.5,0.0,12.0,70,29.15,42.33,-1.38873,-16.7295,336.0,1
2018-10-06,1,11.1667,0.0,11.3333,74,30.54,48.48,23.2179,-6.12288,291.6,1
2018-10-06,2,11.5,0.0,10.8333,75,33.2967,46.492,51.0,0.0,281.455,1
2018-10-06,3,11.6667,0.0,10.5,78,31.25,44.828,61.0,0.0,240.0,1
2018-10-06,4,11.8333,0.0,10.0,74,33.03,43.75,41.6851,-3.44412,279.138,1
2018-10-06,5,11.8333,0.0,9.83333,67,28.928,42.592,40.6851,-3.44412,297.6,1
2018-10-06,6,11.6667,0.0,9.83333,63,29.875,41.486,39.6851,-3.44412,299.815,1
2018-10-06,7,11.6667,0.0,10.0,71,29.4125,38.536,39.6851,-3.44412,273.48,1
2018-10-06,8,12.5,0.0,10.3333,69,34.215,34.464,51.0,0.0,286.7,1
2018-10-06,9,13.1667,0.0,10.5,76,30.61,32.422,54.0,0.0,261.415,1
2018-10-06,10,13.3333,0.0,11.1667,62,29.885,26.7,31.8076,-9.19243,261.415,1
2018-10-06,11,13.0,0.0,12.1667,49,32.965,23.516,31.8076,-9.19243,261.415,1
2018-10-06,12,13.1667,0.0,13.5,42,30.465,19.604,14.5981,-19.3551,292.32,1
2018-10-06,13,13.3333,0.0,15.0,42,33.216,16.566,-10.3014,-29.2547,291.877,1
2018-10-06,14,12.6667,0.0,16.3333,43,38.55,17.422,-11.0086,-10.1627,281.538,1
2018-10-06,15,12.3333,0.0,18.1667,44,39.602,21.568,-18.7868,-2.38447,240.0,1
2018-10-06,16,11.8333,0.0,19.5,44,41.112,22.548,-35.9963,-12.5471,240.0,1
2018-10-06,17,12.3333,0.0,20.1667,46,38.2033,13.37,-41.0256,1.44233,277.714,1
2018-10-06,18,11.6667,0.0,20.0,58,50.264,22.198,-36.4836,24.2762,277.714,1
2018-10-06,19,10.5,0.0,19.6667,60,47.9733,30.4925,-30.4108,23.6154,294.0,1
2018-10-06,20,10.1667,0.0,19.0,67,53.374,27.586,-25.3114,22.3044,341.127,1
2018-10-06,21,9.33333,0.0,17.8333,79,53.9433,34.3433,-33.6263,25.7485,300.0,1
2018-10-06,22,8.83333,0.0,16.3333,84,51.982,30.378,-33.6595,40.1539,349.92,1
2018-10-06,23,7.33333,0.0,14.8333,83,56.6467,33.4025,-30.8878,39.0058,423.514,1
2018-10-07,0,6.66667,0.0,13.6667,91,50.574,29.15,-35.5072,37.0924,432.0,1
2018-10-07,1,6.83333,0.0,12.5,87,52.1825,30.54,-35.5072,31.0924,420.0,1
2018-10-07,2,6.66667,0.0,11.8333,84,46.345,33.2967,-30.1497,10.1581,449.28,1
2018-10-07,3,6.5,0.0,11.3333,81,52.638,31.25,-29.3843,-6.47174,437.143,1
2018-10-07,4,6.16667,0.0,11.1667,84,54.618,33.03,-28.619,-17.5583,498.667,1
2018-10-07,5,6.66667,0.0,11.5,92,54.928,28.928,-32.1545,-21.0938,480.0,1
2018-10-07,6,6.33333,0.0,11.6667,91,54.232,29.875,-22.6584,-36.1717,509.143,1
2018-10-07,7,5.83333,0.0,11.3333,100,50.752,29.4125,-21.1277,-39.8672,498.343,1
2018-10-07,8,5.0,0.0,11.0,93,44.064,34.215,-16.5739,-47.1653,501.84,1
2018-10-07,9,4.83333,0.0,11.1667,96,43.552,30.61,-13.1025,-48.0236,561.6,1
2018-10-07,10,5.33333,0.0,12.0,68,41.904,29.885,-14.6333,-51.7191,540.0,1
2018-10-07,11,4.66667,0.0,12.6667,65,38.384,32.965,-17.6947,-38.3281,540.0,1
2018-10-07,12,5.33333,0.0,13.8333,60,30.492,30.465,-17.6947,-26.3281,615.6,1
2018-10-07,13,7.33333,0.0,16.3333,43,29.042,33.216,-17.6947,-11.546,563.04,1
2018-10-07,14,9.66667,0.0,18.8333,43,32.102,38.55,2.83655,19.706,443.7,1
2018-10-07,15,12.3333,0.0,20.6667,44,26.958,39.602,17.9189,50.194,291.6,1
2018-10-07,16,13.3333,0.0,21.5,47,22.996,41.112,24.0417,51.4119,209.012,1
2018-10-07,17,15.3333,0.0,22.0,59,34.7533,38.2033,21.9204,45.6055,232.941,1
2018-10-07,18,16.1667,0.0,22.0,77,26.652,50.264,33.2342,56.9193,180.0,1
2018-10-07,19,16.1667,0.0,20.8333,71,14.3467,47.9733,30.4057,50.4057,229.14,1
2018-10-07,20,16.0,0.0,19.0,63,11.466,53.374,46.1117,36.9113,212.914,1
2018-10-07,21,15.0,0.0,17.1667,66,10.6433,53.9433,50.9942,33.1346,210.6,1
2018-10-07,22,14.0,0.0,15.3333,74,13.11,51.982,53.6805,21.8209,205.477,1
2018-10-07,23,12.5,0.0,13.5,67,11.885,56.6467,51.8791,15.6899,275.718,1
2018-10-08,0,11.0,0.0,11.6667,70,11.374,50.574,58.3462,18.3686,283.412,0
2018-10-08,1,9.16667,0.0,10.0,78,11.3175,52.1825,61.1747,21.1971,309.6,0
2018-10-08,2,7.5,0.0,8.66667,74,11.6875,46.345,49.7114,20.2348,416.325,0
2018-10-08,3,6.16667,0.0,7.83333,70,13.454,52.638,53.954,25.7781,416.625,0
2018-10-08,4,5.66667,0.0,7.16667,83,15.534,54.618,44.7152,21.9513,523.8,0
2018-10-08,5,5.33333,0.0,6.83333,80,15.5,54.928,48.2508,25.4868,526.971,0
2018-10-08,6,5.5,0.0,6.83333,77,17.018,54.232,51.7863,30.1062,522.429,0
2018-10-08,7,5.0,0.0,7.0,80,17.736,50.752,42.4057,32.0196,588.0,0
2018-10-08,8,4.83333,0.0,7.5,75,19.9275,44.064,45.1774,33.1677,596.25,0
2018-10-08,9,4.83333,0.0,7.83333,72,17.8883,43.552,41.3219,33.6418,641.143,0
2018-10-08,10,5.33333,0.0,8.5,72,16.8767,41.904,40.398,33.2591,620.1,0
2018-10-08,11,6.33333,0.0,9.33333,62,14.3283,38.384,34.5081,23.0396,561.0,0
2018-10-08,12,7.66667,0.0,10.1667,56,12.355,30.492,21.8133,1.79038,520.0,0
2018-10-08,13,9.16667,0.0,11.0,57,10.94,29.042,-2.81149,-13.6355,440.64,0
2018-10-08,14,10.3333,0.0,11.8333,57,13.0417,32.102,-21.2891,-21.2891,300.0,0
2018-10-08,15,10.3333,0.0,12.8333,50,14.7283,26.958,-38.8532,-35.606,265.2,0
2018-10-08,16,11.3333,0.0,13.6667,50,21.71,22.996,-29.7918,-28.215,317.127,0
2018-10-08,17,10.5,0.0,14.1667,51,12.8,34.7533,-38.5166,-23.4098,299.815,0
2018-10-08,18,9.83333,0.0,14.1667,62,25.5767,26.652,-38.5166,-29.4098,300.0,0
2018-10-08,19,9.33333,0.0,13.8333,72,25.8675,14.3467,-34.8211,-27.8791,333.9,0
2018-10-08,20,8.83333,0.0,13.1667,82,41.7133,11.466,-32.0495,-26.7311,369.6,0
2018-10-08,21,8.83333,0.0,12.1667,82,35.6575,10.6433,-31.8791,-21.6899,349.8,0
2018-10-08,22,7.66667,0.0,11.0,86,46.7667,13.11,-37.8791,-27.6899,423.514,0
2018-10-08,23,7.5,0.0,9.83333,88,49.232,11.885,-37.8791,-34.6899,407.314,0
2018-10-09,0,6.66667,0.0,8.83333,90,47.36,11.374,-26.8582,-33.9518,451.0,0
2018-10-09,1,6.33333,0.0,8.16667,93,51.684,11.3175,-29.6866,-36.7802,438.6,0
2018-10-09,2,6.0,0.0,7.5,94,49.506,11.6875,-29.6866,-37.7802,466.4,0
2018-10-09,3,6.16667,0.0,7.0,93,54.5667,13.454,-24.0504,-40.8032,498.667,0
2018-10-09,4,5.66667,0.0,6.66667,93,54.685,15.534,-15.7355,-44.3591,532.0,0
2018-10-09,5,5.16667,0.0,6.16667,99,55.8033,15.5,-15.7355,-48.3591,530.0,0
2018-10-09,6,5.16667,0.0,6.0,100,55.9283,17.018,-15.7355,-50.3591,557.6,0
2018-10-09,7,4.33333,0.0,5.33333,100,59.5033,17.736,-7.4206,-50.915,604.2,0
2018-10-09,8,4.5,0.0,5.16667,100,59.4133,19.9275,-7.4206,-52.915,622.2,0
2018-10-09,9,4.33333,0.0,5.5,100,56.72,17.8883,-13.0775,-52.5719,600.0,0
2018-10-09,10,4.5,0.0,6.5,86,53.0883,16.8767,-13.4602,-46.4958,620.1,0
2018-10-09,11,5.33333,0.0,7.83333,73,48.2667,14.3283,-5.63172,-43.6673,641.143,0
2018-10-09,12,5.5,0.0,9.33333,68,44.675,12.355,-8.31048,-43.1345,641.143,0
2018-10-09,13,6.16667,0.0,11.6667,66,41.7983,10.94,-8.31048,-48.1345,600.0,0
2018-10-09,14,6.16667,0.0,14.1667,58,40.8,13.0417,-5.63172,-47.6673,620.743,0
2018-10-09,15,6.0,0.0,16.3333,53,43.235,14.7283,-11.2886,-40.3242,556.5,0
2018-10-09,16,6.33333,0.0,17.6667,59,43.245,21.71,-6.6692,-38.2376,480.0,0
2018-10-09,17,6.0,0.0,18.6667,59,34.66,12.8,0.3308,-36.2376,497.25,0
2018-10-09,18,6.5,0.0,19.0,71,47.0267,25.5767,4.07428,-25.9613,520.0,0
2018-10-09,19,6.83333,0.0,18.6667,79,43.3825,25.8675,-6.02068,-23.4795,528.0,0
2018-10-09,20,7.0,0.0,17.6667,83,55.995,41.7133,-10.733,-20.0738,483.36,0
2018-10-09,21,7.0,0.0,16.3333,89,51.8925,35.6575,-14.1771,-23.3887,420.0,0
2018-10-09,22,6.5,0.0,15.0,90,60.1417,46.7667,-14.1771,-22.3887,469.05,0
2018-10-09,23,5.83333,0.0,13.6667,88,57.67,49.232,-8.5202,-20.7318,505.44,0
2018-10-10,0,5.83333,0.0,12.5,95,62.5567,47.36,-8.5202,-21.7318,546.96,0
2018-10-10,1,5.33333,0.0,11.6667,93,65.55,51.684,-16.201,-27.2094,517.029,0
2018-10-10,2,5.16667,0.0,11.0,94,59.29,49.506,-23.201,-32.2094,524.16,0
2018-10-10,3,5.16667,0.0,10.3333,91,65.025,54.5667,-24.3491,-44.2199,514.8,0
2018-10-10,4,5.66667,0.0,9.66667,95,65.3483,54.685,-18.8714,-45.7778,569.25,0
2018-10-10,5,6.66667,0.0,9.16667,96,67.705,55.8033,-11.4804,-49.7164,600.4,0
2018-10-10,6,6.5,0.0,8.83333,97,69.1283,55.9283,-11.4804,-56.7164,540.0,0
2018-10-10,7,6.5,0.0,8.5,100,71.1367,59.5033,-10.715,-49.8686,530.4,0
2018-10-10,8,6.16667,0.0,8.5,97,68.1467,59.4133,-12.6284,-49.488,520.8,0
2018-10-10,9,6.33333,0.0,9.0,92,65.585,56.72,-14.9245,-55.0313,480.0,0
2018-10-10,10,6.5,0.0,10.1667,80,62.2,53.0883,-14.1592,-48.1836,538.65,0
2018-10-10,11,7.33333,0.0,11.5,68,58.4333,48.2667,-16.7546,-46.4494,505.44,0
2018-10-10,12,7.83333,0.0,13.1667,64,52.9217,44.675,-19.4334,-45.9166,460.8,0
2018-10-10,13,8.66667,0.0,15.1667,58,47.8883,41.7983,-28.6722,-42.7434,408.857,0
2018-10-10,14,9.66667,0.0,17.1667,55,48.3767,40.8,-24.08,-41.6568,367.2,0
2018-10-10,15,10.5,0.0,19.1667,49,48.92,43.235,-30.5744,-35.1624,319.2,0
2018-10-10,16,11.3333,0.0,20.5,51,48.0283,43.245,-29.127,-39.6682,313.5,0
2018-10-10,17,11.5,0.0,21.5,62,45.2825,34.66,-29.5097,-40.5921,285.12,0
2018-10-10,18,12.5,0.0,22.0,70,45.6533,47.0267,-29.4633,-45.9577,250.92,0
2018-10-10,19,13.0,0.0,21.6667,76,41.9,43.3825,-24.4996,-46.1476,259.418,0
2018-10-10,20,13.0,0.0,20.6667,79,48.5217,55.995,-25.265,-47.9954,251.631,0
2018-10-10,21,12.6667,0.0,19.1667,79,47.5725,51.8925,-20.2901,-47.985,261.415,0
2018-10-10,22,12.5,0.0,17.6667,84,51.6367,60.1417,-23.7343,-56.2999,240.0,0
2018-10-10,23,12.3333,0.0,16.1667,88,52.612,57.67,-19.134,-58.194,275.4,0
2018-10-11,0,11.3333,0.0,14.6667,92,51.375,62.5567,-21.4964,-51.8972,289.385,0
2018-10-11,1,10.8333,0.0,13.5,95,55.132,65.55,-20.3484,-49.1256,313.5,0
2018-10-11,2,10.5,0.0,12.6667,97,51.416,59.29,-24.1752,-46.3644,313.6,0
2018-10-11,3,10.5,0.0,12.0,94,56.765,65.025,-24.5579,-47.2883,324.8,0
2018-10-11,4,10.0,0.0,11.5,95,58.1433,65.3483,-23.4098,-44.5166,359.9,0
2018-10-11,5,9.5,0.0,10.8333,100,60.4717,67.705,-26.854,-52.8316,322.4,0
2018-10-11,6,9.33333,0.0,10.5,100,62.495,69.1283,-21.8128,-52.6612,337.08,0
2018-10-11,7,9.5,0.0,10.5,100,62.2817,71.1367,-21.4301,-51.7373,349.92,0
2018-10-11,8,9.66667,0.0,10.5,100,60.8983,68.1467,-17.6033,-53.4985,337.08,0
2018-10-11,9,10.0,0.0,11.0,90,61.25,65.585,-13.7765,-55.2597,312.8,0
2018-10-11,10,10.5,0.0,11.8333,76,57.2183,62.2,-6.88824,-49.6298,340.267,0
2018-10-11,11,11.8333,0.0,13.3333,59,52.1683,58.4333,-11.9294,-49.8002,300.667,0
2018-10-11,12,13.1667,0.0,15.0,54,47.84,52.9217,-20.5062,-42.5062,281.455,0
2018-10-11,13,14.5,0.0,16.8333,48,40.7083,47.8883,-32.5271,-43.5271,217.964,0
2018-10-11,14,15.6667,0.0,19.0,45,37.375,48.3767,-37.4768,-37.4768,216.847,0
2018-10-11,15,16.6667,0.0,20.5,45,35.5033,48.92,-38.1839,-38.1839,209.012,0
2018-10-11,16,17.5,0.0,21.5,42,37.1533,48.0283,-41.869,-32.6686,217.579,0
2018-10-11,17,17.6667,0.0,22.3333,47,27.7275,45.2825,-40.4548,-31.2544,228.8,0
2018-10-11,18,17.8333,0.0,22.6667,55,31.355,45.6533,-44.3567,-25.4147,224.824,0
2018-10-11,19,17.5,0.0,22.1667,62,33.01,41.9,-10.6507,-18.9091,216.847,0
2018-10-11,20,16.3333,0.0,21.0,68,40.7467,48.5217,-14.3358,-13.3938,221.0,0
2018-10-11,21,14.3333,0.0,19.8333,71,40.465,47.5725,-22.114,-21.172,208.8,0
2018-10-11,22,13.8333,0.0,18.6667,84,46.225,51.6367,-0.48417,-14.2838,317.133,0
2018-10-11,23,12.0,0.0,17.0,81,42.1,52.612,-10.3837,-24.1833,265.0,0
2018-10-12,0,10.6667,0.0,15.5,85,54.09,51.375,-34.8509,-26.8621,360.212,0
2018-10-12,1,10.0,0.0,14.3333,92,55.11,55.132,-34.8509,-36.8621,329.224,0
2018-10-12,2,9.83333,0.0,13.5,85,54.688,51.416,-24.1197,-42.367,311.564,0
2018-10-12,3,10.5,0.0,12.8333,89,63.425,56.765,-28.4126,-41.6598,339.429,0
2018-10-12,4,9.83333,0.0,12.1667,87,62.915,58.1433,-34.7766,-48.0238,310.371,0
2018-10-12,5,10.8333,0.0,11.8333,86,59.4483,60.4717,-18.4099,-45.4455,334.08,0
2018-10-12,6,9.83333,0.0,11.3333,88,61.6567,62.495,-23.3848,-47.456,321.231,0
2018-10-12,7,8.5,0.0,11.1667,88,59.3533,62.2817,-20.5563,-43.7604,343.938,0
2018-10-12,8,8.16667,0.0,11.1667,96,55.0667,60.8983,-13.6681,-36.3694,417.72,0
2018-10-12,9,8.16667,0.0,11.0,100,51.9283,61.25,-13.6681,-44.3694,373.32,0
2018-10-12,10,8.5,0.0,11.8333,71,51.702,57.2183,-10.0411,-45.6132,374.0,0
2018-10-12,11,8.66667,0.0,13.1667,58,43.99,52.1683,-14.7637,-33.8414,440.677,0
2018-10-12,12,11.1667,0.0,15.0,48,41.6767,47.84,4.21116,-21.831,343.2,0
2018-10-12,13,13.3333,0.0,16.8333,44,42.8686,40.7083,-13.9658,-26.3422,234.667,0
2018-10-12,14,15.3333,0.0,18.6667,45,45.3367,37.375,-12.1631,-26.1631,221.4,0
2018-10-12,15,16.6667,0.0,20.6667,42,45.08,35.5033,-44.6407,-33.8167,195.789,0
2018-10-12,16,17.0,0.0,21.6667,42,44.4717,37.1533,-46.9115,-26.8871,205.8,0
2018-10-12,17,17.5,0.0,22.3333,42,40.3967,27.7275,-20.1836,-14.1592,244.26,0
2018-10-12,18,16.5,0.0,22.3333,52,48.6867,31.355,-35.8895,-7.6536,193.44,0
2018-10-12,19,15.6667,0.0,21.6667,61,48.9825,33.01,-29.4224,4.97484,225.318,0
2018-10-12,20,13.1667,0.0,20.5,69,55.7217,40.7467,-0.716399,11.4804,239.4,0
2018-10-12,21,11.6667,0.0,19.0,75,54.6375,40.465,4.2836,11.4804,258.514,0
2018-10-12,22,10.8333,0.0,17.5,79,55.5467,46.225,-17.1074,8.41896,340.165,0
2018-10-12,23,9.16667,0.0,15.8333,79,55.69,42.1,-8.10744,8.41896,319.341,0
2018-10-13,0,8.33333,0.0,14.3333,80,56.505,54.09,1.13136,-0.76536,390.831,1
2018-10-13,1,7.5,0.0,13.3333,82,55.096,55.11,-1.93008,-8.1564,360.0,1
2018-10-13,2,7.5,0.0,12.5,84,51.976,54.688,4.42348,-18.7881,421.385,1
2018-10-13,3,6.83333,0.0,12.0,83,56.4417,63.425,2.51008,-23.4075,420.0,1
2018-10-13,4,6.33333,0.0,11.6667,85,58.04,62.915,-10.4899,-27.4075,440.64,1
2018-10-13,5,6.66667,0.0,11.1667,87,59.2383,59.4483,-15.4899,-33.4075,469.05,1
2018-10-13,6,6.33333,0.0,10.6667,91,58.4617,61.6567,-8.09888,-39.3461,466.4,1
2018-10-13,7,6.83333,0.0,10.1667,94,56.32,59.3533,-17.0989,-45.3461,490.629,1
2018-10-13,8,7.33333,0.0,10.0,96,54.9933,55.0667,-10.6317,-53.6673,436.05,1
2018-10-13,9,8.0,0.0,9.66667,100,52.0117,51.9283,-7.57028,-54.2763,436.05,1
2018-10-13,10,8.5,0.0,10.5,71,48.56,51.702,-3.06144,-51.391,405.6,1
2018-10-13,11,8.0,0.0,11.6667,57,43.1533,43.99,-11.3764,-44.8352,409.867,1
2018-10-13,12,9.0,0.0,13.3333,50,40.1017,41.6767,-15.619,-49.0778,388.267,1
2018-10-13,13,9.66667,0.0,15.8333,40,37.1317,42.8686,-24.1043,-42.5631,385.527,1
2018-10-13,14,12.5,0.0,18.3333,38,36.9633,45.3367,-37.9625,-37.3033,300.0,1
2018-10-13,15,14.1667,0.0,20.8333,38,37.9183,45.08,2.65648,-14.2255,204.0,1
2018-10-13,16,15.5,0.0,21.8333,44,39.9117,44.4717,-1.58618,-18.4682,168.72,1
2018-10-13,17,17.0,0.0,22.6667,51,35.525,40.3967,-3.43394,-19.2335,202.8,1
2018-10-13,18,17.1667,0.0,22.8333,63,46.1367,48.6867,-14.0406,-29.8402,180.0,1
2018-10-13,19,15.5,0.0,21.8333,67,43.41,48.9825,-48.233,-39.0326,216.333,1
2018-10-13,20,13.0,0.0,20.3333,66,49.4933,55.7217,-51.7686,-42.5682,240.0,1
2018-10-13,21,11.6667,0.0,18.6667,77,48.725,54.6375,-46.1117,-36.9113,301.765,1
2018-10-13,22,10.3333,0.0,17.0,80,49.505,55.5467,-37.4768,-37.4768,357.12,1
2018-10-13,23,9.0,0.0,15.3333,83,52.576,55.69,-43.8408,-43.8408,330.72,1
2018-10-14,0,8.16667,0.0,13.8333,91,51.318,56.505,-39.7013,-35.9129,403.015,1
2018-10-14,1,9.0,0.0,12.5,88,56.8383,55.096,-31.7013,-35.9129,371.908,1
2018-10-14,2,8.5,0.0,11.5,89,53.976,51.976,-28.2121,-27.0117,376.32,1
2018-10-14,3,8.16667,0.0,11.0,89,61.0317,56.4417,-27.6082,-22.6194,417.72,1
2018-10-14,4,7.66667,0.0,10.6667,85,63.2667,58.04,-30.6696,-30.0105,373.32,1
2018-10-14,5,8.0,0.0,10.1667,91,62.5133,59.2383,-17.5985,-22.9394,417.6,1
2018-10-14,6,8.0,0.0,10.0,92,59.3633,58.4617,-14.6787,-24.8903,392.229,1
2018-10-14,7,8.16667,0.0,10.0,96,57.4267,56.32,-0.21152,-22.2115,390.0,1
2018-10-14,8,8.5,0.0,10.0,96,53.3483,54.9933,-18.3742,-26.421,373.32,1
2018-10-14,9,8.33333,0.0,10.3333,81,47.72,52.0117,-2.66824,-28.9154,401.85,1
2018-10-14,10,9.5,0.0,11.3333,66,42.8983,48.56,-5.347,-35.3826,360.0,1
2018-10-14,11,10.5,0.0,12.8333,50,36.835,43.1533,-17.478,-37.184,325.867,1
2018-10-14,12,12.6667,0.0,14.6667,44,30.3333,40.1017,-32.6405,-39.4757,305.455,1
2018-10-14,13,15.0,0.0,16.6667,40,30.7317,37.1317,-37.3271,-41.1156,192.343,1
2018-10-14,14,17.5,0.0,18.8333,38,29.18,36.9633,-48.553,-35.023,146.88,1
2018-10-14,15,20.3333,0.0,20.5,37,25.7717,37.9183,-60.1194,-33.6006,125.314,1
2018-10-14,16,21.6667,0.0,21.5,39,25.3533,39.9117,-67.4432,-27.9356,129.792,1
2018-10-14,17,22.8333,0.0,22.3333,33,25.1175,35.525,-63.7477,-26.4049,145.75,1
2018-10-14,18,23.1667,0.0,22.3333,40,29.0817,46.1367,-19.5746,-17.2206,156.75,1
2018-10-14,19,22.6667,0.0,21.8333,48,32.0,43.41,25.5985,-8.03628,147.714,1
2018-10-14,20,20.8333,0.0,20.8333,53,30.9567,49.4933,67.0,0.0,147.0,1
2018-10-14,21,19.0,0.0,19.6667,49,32.08,48.725,32.9896,-4.97484,206.87,1
2018-10-14,22,17.8333,0.0,18.1667,52,25.45,49.505,45.9896,-4.97484,192.626,1
2018-10-14,23,15.6667,0.0,16.5,48,22.6375,52.576,10.0552,-10.3324,248.727,1
2018-10-15,0,14.3333,0.0,15.0,49,24.085,51.318,3.69125,-16.6964,247.582,0
2018-10-15,1,12.5,0.0,13.6667,56,24.4675,56.8383,-16.905,-22.3282,291.877,0
2018-10-15,2,12.5,0.0,12.6667,58,26.4125,53.976,-24.6832,-30.1064,249.508,0
2018-10-15,3,12.0,0.0,11.8333,58,28.78,61.0317,-42.658,-42.1168,258.514,0
2018-10-15,4,10.5,0.0,11.5,64,35.3767,63.2667,-36.7948,-43.8304,251.6,0
2018-10-15,5,9.83333,0.0,11.1667,64,37.2667,62.5133,-32.3442,-42.0858,346.48,0
2018-10-15,6,8.66667,0.0,10.8333,70,36.0317,59.3633,-32.3442,-47.0858,362.88,0
2018-10-15,7,7.83333,0.0,10.6667,76,36.296,57.4267,-21.7375,-44.4791,411.927,0
2018-10-15,8,7.16667,0.0,10.5,86,33.775,53.3483,-25.9802,-48.7218,398.945,0
2018-10-15,9,7.33333,0.0,10.6667,68,33.3033,47.72,-26.5169,-44.3877,447.231,0
2018-10-15,10,8.5,0.0,11.5,47,29.9767,42.8983,-25.7516,-42.54,443.52,0
2018-10-15,11,9.5,0.0,12.8333,36,27.5483,36.835,-27.8536,-35.4416,375.84,0
2018-10-15,12,10.8333,0.0,14.6667,33,23.7467,30.3333,-32.0631,-40.6043,313.65,0
2018-10-15,13,12.5,0.0,16.6667,30,23.4783,30.7317,-39.1342,-39.6754,240.0,0
2018-10-15,14,14.3333,0.0,18.8333,33,24.6633,29.18,-41.3919,-32.1915,245.1,0
2018-10-15,15,15.6667,0.0,20.6667,33,23.46,25.7717,-6.09584,-17.4366,220.8,0
2018-10-15,16,17.0,0.0,21.5,35,29.9583,25.3533,-12.3358,1.14804,196.725,0
2018-10-15,17,17.8333,0.0,21.6667,39,25.61,25.1175,22.4463,7.27092,186.66,0
2018-10-15,18,18.3333,0.0,21.1667,44,35.335,29.0817,18.4463,7.27092,210.189,0
2018-10-15,19,17.5,0.0,20.5,41,33.5525,32.0,55.0,0.0,214.5,0
2018-10-15,20,15.6667,0.0,19.5,44,38.0517,30.9567,66.0,0.0,207.36,0
2018-10-15,21,14.0,0.0,17.8333,50,39.4575,32.08,37.6851,-3.44412,269.925,0
2018-10-15,22,12.6667,0.0,16.5,52,39.845,25.45,29.3702,-6.88824,257.4,0
2018-10-15,23,11.1667,0.0,15.1667,51,41.688,22.6375,2.2836,-11.4804,316.737,0
2018-10-16,0,9.33333,0.0,14.0,53,40.495,24.085,-2.66617,-16.4302,318.568,0
2018-10-16,1,8.83333,0.0,12.5,65,40.052,24.4675,-27.323,-22.087,360.0,0
2018-10-16,2,9.0,0.0,11.3333,61,40.916,26.4125,-45.7141,-25.1485,380.8,0
2018-10-16,3,8.66667,0.0,10.8333,61,42.915,28.78,-27.3992,-21.7044,366.667,0
2018-10-16,4,8.5,0.0,10.3333,66,42.835,35.3767,-21.763,-24.7274,420.0,0
2018-10-16,5,8.66667,0.0,9.83333,70,45.0433,37.2667,-10.6764,-31.1353,393.6,0
2018-10-16,6,8.0,0.0,9.33333,73,45.67,36.0317,-13.1177,-29.2469,386.4,0
2018-10-16,7,7.5,0.0,9.16667,74,44.325,36.296,-13.1177,-33.2469,390.0,0
2018-10-16,8,6.66667,0.0,9.0,74,44.7417,33.775,-9.37424,-32.2094,437.25,0
2018-10-16,9,7.0,0.0,9.33333,64,42.235,33.3033,-13.9936,-34.1228,420.0,0
2018-10-16,10,6.66667,0.0,10.1667,53,41.9433,29.9767,-10.0467,-39.3763,434.52,0
2018-10-16,11,7.5,0.0,11.5,42,38.3433,27.5483,-23.7319,-39.2732,497.455,0
2018-10-16,12,9.5,0.0,13.3333,34,35.9317,23.7467,-23.7319,-41.2732,437.25,0
2018-10-16,13,11.1667,0.0,15.5,33,33.8733,23.4783,-29.2096,-35.7152,292.56,0
2018-10-16,14,13.1667,0.0,17.6667,32,36.345,24.6633,-31.7527,-36.0935,246.4,0
2018-10-16,15,14.6667,0.0,19.3333,34,38.0983,23.46,-41.0947,-36.2351,196.8,0
2018-10-16,16,15.8333,0.0,20.3333,36,37.6317,29.9583,-53.8227,-35.9631,180.0,0
2018-10-16,17,16.1667,0.0,21.3333,35,30.9825,25.61,-43.216,-25.3564,232.941,0
2018-10-16,18,16.1667,0.0,21.8333,39,45.675,35.335,-57.0742,-31.0966,187.2,0
2018-10-16,19,15.3333,0.0,21.6667,43,40.7825,33.5525,-25.3683,-24.5911,201.4,0
2018-10-16,20,13.8333,0.0,20.6667,54,47.9917,38.0517,-21.8791,-8.03628,252.225,0
2018-10-16,21,12.1667,0.0,19.1667,66,49.0675,39.4575,-13.8791,-8.03628,248.625,0
2018-10-16,22,10.8333,0.0,17.6667,70,48.6517,39.845,8.903,-1.9134,315.52,0
2018-10-16,23,8.83333,0.0,15.8333,70,50.1875,41.688,1.51196,-4.97484,300.0,0
2018-10-17,0,7.83333,0.0,14.1667,66,48.5217,40.495,18.3702,0.76536,439.425,0
2018-10-17,1,7.16667,0.0,12.6667,69,44.238,40.052,28.3702,0.76536,393.525,0
2018-10-17,2,7.16667,0.0,11.6667,72,45.36,40.916,6.82688,-1.53072,458.28,0
2018-10-17,3,6.5,0.0,11.0,80,50.475,42.915,13.0042,-12.7486,470.25,0
2018-10-17,4,6.33333,0.0,10.3333,85,48.9983,42.835,13.0042,-16.7486,469.05,0
2018-10-17,5,6.5,0.0,9.83333,83,47.9425,45.0433,5.00424,-23.7486,486.0,0
2018-10-17,6,5.0,0.0,9.33333,75,50.0883,45.67,6.53496,-27.4441,480.0,0
2018-10-17,7,4.33333,0.0,8.5,100,48.4167,44.325,-1.08236,-28.368,607.05,0
2018-10-17,8,4.33333,0.0,8.0,100,47.115,44.7417,-0.317,-30.2157,635.25,0
2018-10-17,9,5.16667,0.0,8.16667,89,50.0314,42.235,7.07404,-35.1543,540.0,0
2018-10-17,10,5.5,0.0,9.16667,65,47.2429,41.9433,0.62992,-43.4692,556.92,0
2018-10-17,11,5.83333,0.0,10.3333,51,43.6629,38.3433,-12.1417,-44.6172,588.0,0
2018-10-17,12,7.16667,0.0,11.8333,45,42.7757,35.9317,-14.4378,-50.1605,540.0,0
2018-10-17,13,8.83333,0.0,14.5,38,39.03,33.8733,-14.8205,-47.0844,517.029,0
2018-10-17,14,9.83333,0.0,17.1667,36,40.7814,36.345,-22.0914,-44.7038,371.25,0
2018-10-17,15,10.5,0.0,19.1667,39,43.8843,38.0983,-31.9909,-46.6033,300.0,0
2018-10-17,16,10.1667,0.0,20.1667,42,45.2829,37.6317,-29.4243,-44.0367,270.4,0
2018-10-17,17,10.3333,0.0,21.1667,38,46.1186,30.9825,-32.078,-43.4432,288.0,0
2018-10-17,18,10.3333,0.0,21.6667,41,48.73,45.675,-35.1011,-37.8071,336.3,0
2018-10-17,19,9.83333,0.0,21.1667,44,49.9667,40.7825,-26.1011,-37.8071,300.0,0
2018-10-17,20,9.0,0.0,19.8333,55,58.9243,47.9917,-27.8729,-33.0845,353.571,0
2018-10-17,21,8.33333,0.0,18.3333,69,56.764,49.0675,-21.4175,-31.4999,403.015,0
2018-10-17,22,7.66667,0.0,17.0,75,65.3529,48.6517,-24.8616,-39.8148,360.0,0
2018-10-17,23,7.5,0.0,15.1667,84,65.164,50.1875,-18.4408,-31.7704,425.829,0
2018-10-18,0,7.0,0.0,13.5,86,68.0871,48.5217,-15.7871,-32.3639,443.143,0
2018-10-18,1,6.33333,0.0,12.0,89,68.662,44.238,-9.31995,-35.6852,479.467,0
2018-10-18,2,5.16667,0.0,10.8333,90,70.558,45.36,-11.2333,-40.3046,466.4,0
2018-10-18,3,4.5,0.48,10.0,94,71.222,50.475,-11.9987,-42.1523,496.4,0
2018-10-18,4,4.66667,0.48,9.33333,98,71.97,48.9983,-20.9987,-47.1523,564.667,0
2018-10-18,5,4.33333,0.48,8.66667,95,73.1157,47.9425,-20.9987,-51.1523,557.6,0
2018-10-18,6,4.16667,0.48,8.0,100,72.776,50.0883,-18.3302,-46.319,649.6,0
2018-10-18,7,3.83333,0.48,7.16667,100,76.785,48.4167,-20.2436,-50.9384,618.8,0
2018-10-18,8,4.33333,0.48,7.0,100,72.94,47.115,-17.9476,-45.3952,737.2,0
2018-10-18,9,4.33333,0.0,7.16667,95,70.7586,50.0314,-19.861,-50.0146,700.267,0
2018-10-18,10,4.83333,0.0,8.0,75,68.8329,47.2429,-19.9524,-45.2352,660.0,0
2018-10-18,11,5.0,0.0,9.16667,67,58.48,43.6629,-17.5634,-32.0767,715.0,0
2018-10-18,12,5.0,0.0,10.5,60,67.1825,42.7757,-12.5634,-32.0767,660.0,0
2018-10-18,13,5.83333,0.0,12.5,54,58.7733,39.03,-7.56343,-26.0767,660.0,0
2018-10-18,14,6.33333,0.0,14.6667,46,57.8629,40.7814,0.77221,-7.21851,620.1,0
2018-10-18,15,6.66667,0.0,16.6667,50,59.7343,43.8843,12.4677,-1.68779,570.24,0
2018-10-18,16,6.66667,0.0,17.8333,51,61.2714,45.2829,19.3309,7.88138,480.0,0
2018-10-18,18,7.0,0.0,19.1667,54,65.9757,48.73,37.9383,23.7828,490.629,0
2018-10-18,19,6.66667,0.0,19.1667,60,67.664,49.9667,44.8597,21.5583,483.36,0
2018-10-18,20,6.0,0.0,18.3333,69,74.2571,58.9243,44.1024,25.801,461.76,0
2018-10-18,21,5.5,0.0,16.8333,80,73.978,56.764,41.9309,29.4965,520.8,0
2018-10-18,22,5.0,0.0,15.3333,82,76.5743,65.3529,44.7593,32.3249,514.8,0
2018-10-18,23,4.83333,0.0,14.0,89,78.57,65.164,41.9309,28.6294,588.0,0
2018-10-19,0,4.66667,0.0,12.3333,93,78.676,68.0871,45.4664,33.2488,558.45,0
2018-10-19,1,5.16667,0.0,11.1667,92,78.882,68.662,41.0019,37.8682,599.657,0
2018-10-19,2,6.0,0.0,10.1667,86,76.274,70.558,42.4162,41.2334,559.543,0
2018-10-19,3,7.16667,0.0,9.66667,95,72.0957,71.222,36.7697,44.5734,561.6,0
2018-10-19,4,8.16667,0.0,9.33333,98,69.175,71.97,36.0626,46.2508,492.9,0
2018-10-19,5,9.0,0.0,9.16667,93,68.74,73.1157,37.4768,48.9656,382.5,0
2018-10-19,6,9.83333,0.0,9.16667,96,66.725,72.776,38.1839,49.8895,318.24,0
2018-10-19,7,9.33333,0.0,9.0,100,67.085,76.785,41.7195,54.5089,300.0,0
2018-10-19,8,8.5,0.0,9.33333,92,66.4543,72.94,39.5982,50.4367,339.2,0
2018-10-19,9,7.66667,0.0,9.66667,95,62.6457,70.7586,36.9297,43.6525,425.455,0
2018-10-19,10,7.66667,0.0,10.0,87,61.3657,68.8329,41.1723,47.8951,412.364,0
2018-10-19,11,7.0,0.0,10.5,86,62.0029,58.48,40.4652,44.8035,414.72,0
2018-10-19,12,6.33333,0.0,11.1667,77,62.01,67.1825,37.6368,39.8074,473.28,0
2018-10-19,13,6.83333,0.0,12.0,73,61.2786,58.7733,43.1801,42.1035,449.28,0
2018-10-19,14,7.16667,0.0,12.6667,71,60.8243,57.8629,42.473,39.2287,464.28,0
2018-10-19,15,7.16667,0.0,13.3333,71,61.2514,59.7343,41.4019,29.9899,477.0,0
2018-10-19,16,6.5,0.0,14.0,69,58.2086,61.2714,43.1592,25.7472,443.7,0
2018-10-19,18,5.83333,0.0,14.6667,88,59.4743,65.9757,44.4598,23.8006,526.68,0
2018-10-19,19,5.16667,0.0,14.5,90,56.054,67.664,48.1553,25.3314,527.88,0
2018-10-19,20,5.0,0.0,14.1667,90,57.33,74.2571,45.7036,20.1736,561.6,0
2018-10-19,21,4.66667,0.0,13.8333,88,58.034,73.978,46.0804,17.8444,583.0,0
2018-10-19,22,4.0,0.0,13.5,85,61.6343,76.5743,50.0804,17.8444,561.0,0
2018-10-19,23,3.83333,0.0,13.0,83,59.5917,78.57,46.5371,15.5483,688.267,0
2018-10-20,0,4.16667,0.0,12.6667,84,53.2717,78.676,49.3088,16.6964,696.667,1
2018-10-20,1,4.33333,0.0,12.3333,86,51.6057,78.882,47.1874,14.575,715.0,1
2018-10-20,2,4.0,0.0,12.0,90,55.05,76.274,41.1874,20.575,715.0,1
2018-10-20,3,4.0,0.0,11.6667,84,49.1586,72.0957,41.1874,23.575,707.2,1
2018-10-20,4,4.83333,0.0,11.1667,83,39.9629,69.175,38.0159,27.2705,756.0,1
2018-10-20,5,5.83333,0.0,10.8333,83,36.4714,68.74,37.4223,31.4416,688.5,1
2018-10-20,6,5.83333,0.0,10.5,84,39.0357,66.725,30.0313,37.3802,624.24,1
2018-10-20,7,6.16667,0.0,10.5,79,42.1014,67.085,29.6546,41.0101,600.0,1
2018-10-20,8,6.83333,0.0,10.3333,86,36.0586,66.4543,24.692,46.4877,510.0,1
2018-10-20,9,7.66667,0.0,10.1667,83,31.3843,62.6457,26.8702,51.8068,480.0,1
2018-10-20,10,8.5,0.0,10.3333,76,24.56,61.3657,28.9915,49.8791,420.0,1
2018-10-20,11,9.0,0.0,10.5,78,20.5686,62.0029,29.6986,47.803,409.867,1
2018-10-20,12,10.3333,0.51,10.8333,67,20.8514,62.01,38.1839,49.8895,332.8,1
2018-10-20,13,11.8333,0.51,11.1667,54,24.33,61.2786,38.1839,46.8547,281.657,1
2018-10-20,14,13.0,0.51,11.6667,54,22.9157,60.8243,38.891,47.7786,245.1,1
2018-10-20,15,13.8333,0.51,12.1667,48,22.3657,61.2514,40.3053,46.5916,225.5,1
2018-10-20,16,14.6667,0.51,12.1667,48,20.8643,58.2086,44.7543,40.8626,221.571,1
2018-10-20,17,15.0,0.51,12.0,49,18.8686,56.126,50.5607,37.4686,217.412,1
2018-10-20,18,14.6667,0.0,11.6667,49,22.3443,59.4743,48.4394,31.6622,221.571,1
2018-10-20,19,13.3333,0.0,11.0,47,29.0567,56.054,49.6264,26.3548,239.4,1
2018-10-20,20,12.0,0.0,10.3333,52,26.5029,57.33,43.056,27.3612,302.824,1
2018-10-20,21,11.5,0.0,9.5,53,25.892,58.034,47.2987,32.9045,320.682,1
2018-10-20,22,10.8333,0.0,9.0,52,29.7786,61.6343,39.371,36.5616,361.371,1
2018-10-20,23,10.1667,0.0,8.5,57,32.898,59.5917,38.6638,38.6726,359.9,1
2018-10-21,0,9.66667,0.0,8.0,60,31.8229,53.2717,45.735,47.9114,311.1,1
2018-10-21,1,9.66667,0.0,7.66667,62,34.74,51.6057,41.0124,51.6341,312.8,1
2018-10-21,2,10.1667,0.0,7.33333,59,31.5486,55.05,30.4057,48.7268,341.127,1
2018-10-21,3,9.66667,0.0,7.16667,67,30.49,49.1586,30.4057,57.7268,300.0,1
2018-10-21,4,8.83333,0.0,6.83333,69,31.0771,39.9629,28.2844,54.9552,355.385,1
2018-10-21,5,8.33333,0.0,6.66667,72,30.8843,36.4714,24.7488,50.3358,389.88,1
2018-10-21,6,8.0,0.0,6.5,71,30.0129,39.0357,24.7488,57.3358,360.0,1
2018-10-21,7,7.16667,0.0,6.33333,73,29.2229,42.1014,22.6275,54.5642,388.267,1
2018-10-21,8,6.33333,0.0,6.33333,75,32.44,36.0586,19.092,49.9448,463.6,1
2018-10-21,9,5.83333,0.0,6.33333,79,33.9314,31.3843,22.7875,51.4755,466.4,1
2018-10-21,10,5.66667,0.0,6.66667,87,33.0329,24.56,26.323,47.0949,532.0,1
2018-10-21,11,5.16667,0.0,7.33333,78,29.9857,20.5686,32.7902,49.7736,480.0,1
2018-10-21,12,4.66667,0.0,8.16667,74,33.2871,20.8514,36.4857,42.3044,550.8,1
2018-10-21,13,4.66667,0.0,9.0,69,33.0986,24.33,40.1812,40.7736,540.0,1
2018-10-21,14,4.66667,0.0,9.83333,66,33.9614,22.9157,36.0551,29.6871,615.6,1
2018-10-21,15,4.5,0.0,10.6667,61,36.0243,22.3657,39.7506,31.2178,600.0,1
2018-10-21,16,4.5,0.0,11.5,59,40.67,20.8643,37.7892,25.3575,663.257,1
2018-10-21,17,4.5,0.0,11.8333,66,36.8117,18.8686,42.739,13.4077,663.257,1
2018-10-21,18,4.83333,0.0,11.6667,74,39.598,22.3443,39.32,3.24503,683.7,1
2018-10-21,19,4.66667,0.0,11.1667,82,58.0443,29.0567,40.7342,5.09279,627.3,1
2018-10-21,20,4.66667,0.0,10.3333,93,59.3129,26.5029,39.16,6.33371,674.16,1
2018-10-21,21,4.66667,0.0,9.33333,95,57.2,25.892,31.9289,3.24503,729.6,1
2018-10-21,22,3.83333,0.0,8.16667,90,66.0014,29.7786,35.9289,3.24503,704.229,1
2018-10-21,23,4.0,0.0,6.66667,96,68.415,32.898,37.9289,3.24503,720.0,1
2018-10-22,0,3.83333,0.0,5.5,100,67.6586,31.8229,23.1468,-2.87785,747.3,0
2018-10-22,1,4.16667,0.0,4.33333,100,69.406,34.74,24.4513,-1.34713,717.6,0
2018-10-22,2,3.83333,0.0,3.33333,100,63.7243,31.5486,21.0072,-2.27101,688.5,0
2018-10-22,3,4.0,0.0,2.5,100,63.5043,30.49,16.5463,-5.64949,747.3,0
2018-10-22,4,4.5,0.0,1.66667,100,64.3586,31.0771,17.8508,-7.18021,773.143,0
2018-10-22,5,4.33333,0.0,1.16667,98,62.2243,30.8843,17.8508,-12.1802,720.0,0
2018-10-22,6,4.33333,0.0,0.833333,99,63.0871,30.0129,16.901,-7.23044,720.0,0
2018-10-22,7,4.33333,0.0,0.333333,100,62.7071,29.2229,20.3703,-3.53492,744.6,0
2018-10-22,8,4.66667,0.0,0.166667,100,64.062,32.44,12.0929,-16.4692,747.3,0
2018-10-22,9,4.16667,0.0,0.333333,99,55.0971,33.9314,14.2577,-21.6955,747.3,0
2018-10-22,10,4.5,0.0,1.33333,73,49.7629,33.0329,13.4924,-23.5432,749.7,0
2018-10-22,11,4.83333,0.0,2.5,68,46.9386,29.9857,4.8136,-17.0761,685.44,0
2018-10-22,12,5.0,0.0,3.83333,70,43.0186,33.2871,7.13692,-20.706,660.0,0
2018-10-22,13,5.5,0.0,6.5,49,36.32,33.0986,10.0503,-16.0866,642.6,0
2018-10-22,14,6.66667,0.0,9.0,43,29.17,33.9614,13.8157,-14.2388,610.56,0
2018-10-22,15,8.33333,0.0,11.3333,37,31.62,36.0243,9.81568,1.7612,501.84,0
2018-10-22,16,9.0,0.0,12.6667,40,29.2643,40.67,8.2598,22.0761,360.0,0
2018-10-22,17,9.66667,0.0,13.6667,63,35.062,36.8117,19.4821,25.2349,332.8,0
2018-10-22,18,10.5,0.63,14.3333,79,32.89,39.598,22.8493,40.017,319.2,0
2018-10-22,19,11.8333,0.63,13.8333,80,36.65,58.0443,22.6275,50.1797,305.455,0
2018-10-22,20,12.1667,1.11,13.0,85,29.764,59.3129,33.9413,53.9618,260.0,0
2018-10-22,21,11.6667,1.11,11.6667,93,27.662,57.2,43.1337,53.9722,240.0,0
2018-10-22,22,11.0,1.11,10.3333,86,30.814,66.0014,41.7195,52.558,250.92,0
2018-10-22,23,10.5,1.11,9.33333,76,30.092,68.415,41.1156,45.9979,294.0,0
2018-10-23,0,10.0,0.48,8.33333,80,30.036,67.6586,38.2871,40.785,374.4,0
2018-10-23,1,8.83333,0.48,7.5,82,27.39,69.406,43.944,46.4419,361.2,0
2018-10-23,2,8.66667,0.0,6.83333,83,27.814,63.7243,38.9942,39.9748,415.385,0
2018-10-23,3,9.0,0.0,6.33333,82,26.8414,63.5043,38.2871,39.0509,395.2,0
2018-10-23,4,9.16667,0.0,6.0,79,26.9471,64.3586,31.9231,43.6869,345.257,0
2018-10-23,5,9.33333,0.0,5.5,74,25.69,62.2243,31.1128,48.3992,329.829,0
2018-10-23,6,10.0,0.0,5.0,69,24.2929,63.0871,31.82,50.8404,327.6,0
2018-10-23,7,11.3333,0.0,4.83333,73,25.3014,62.7071,19.7991,48.8686,359.9,0
2018-10-23,8,12.1667,0.0,4.83333,64,21.1357,64.062,11.3138,54.7821,294.0,0
2018-10-23,9,13.6667,0.0,5.0,61,18.8857,55.0971,-0.84868,52.097,226.8,0
2018-10-23,10,15.5,1.12,5.5,66,21.9243,49.7629,-14.1592,51.1836,209.012,0
2018-10-23,11,18.1667,1.12,6.5,66,17.2186,46.9386,-21.4301,51.7373,193.765,0
2018-10-23,12,20.6667,2.24,7.5,64,13.3829,43.0186,-24.1088,58.2044,160.74,0
2018-10-23,13,23.6667,2.24,8.33333,69,14.2786,36.32,-19.5167,47.1179,171.55,0
2018-10-23,14,28.6667,3.36,8.83333,73,17.1471,29.17,-10.3324,59.9448,121.333,0
2018-10-23,15,32.3333,3.36,9.33333,72,19.6429,31.62,0.0,82.0,69.0514,0
2018-10-23,16,32.8333,2.24,9.5,72,18.33,29.2643,0.0,89.0,81.4468,0
2018-10-23,17,32.8333,2.24,9.33333,83,16.7,35.062,0.0,64.0,156.0,0
2018-10-23,18,34.1667,1.65,9.16667,80,20.4929,32.89,0.0,88.0,135.771,0
2018-10-23,19,35.5,4.16,9.16667,75,17.02,36.65,0.0,59.0,126.75,0
2018-10-23,20,34.5,5.55,9.33333,78,13.3413,29.764,0.0,78.0,82.08,0
2018-10-23,21,35.3333,5.55,9.5,80,14.194,27.662,0.0,84.0,85.6186,0
2018-10-23,22,40.0,5.55,9.66667,83,13.724,30.814,0.0,88.0,68.2537,0
2018-10-23,23,43.5,5.55,10.0,75,11.598,30.092,0.0,97.0,60.0,0
2018-10-24,0,44.6667,7.53,10.1667,77,5.80286,30.036,0.0,95.0,72.6,0
2018-10-24,1,44.0,5.68,10.1667,77,4.075,27.39,0.0,87.0,81.9733,0
2018-10-24,2,42.6667,3.83,9.83333,78,5.205,27.814,27.5773,78.0313,92.3714,0
2018-10-24,3,40.3333,4.49,9.66667,75,4.22667,26.8414,50.9119,59.3659,115.446,0
2018-10-24,4,38.0,4.49,9.5,73,5.24167,26.9471,46.6693,53.8227,121.818,0
2018-10-24,5,36.6667,4.49,9.16667,66,4.42833,25.69,48.7906,63.7477,109.382,0
2018-10-24,6,35.0,1.98,9.0,67,4.785,24.2929,51.619,67.4432,102.9,0
2018-10-24,7,33.1667,1.8,8.66667,73,5.77,25.3014,48.7906,63.7477,121.297,0
2018-10-24,8,32.0,1.14,8.66667,67,8.255,21.1357,48.4962,40.2792,145.8,0
2018-10-24,9,31.0,0.48,8.33333,64,7.12857,18.8857,44.2535,29.0999,164.914,0
2018-10-24,10,29.1667,0.48,8.16667,61,5.46429,21.9243,37.4768,37.4768,165.092,0
2018-10-24,11,28.3333,0.48,8.16667,56,4.94857,17.2186,36.7697,36.7697,173.333,0
2018-10-24,12,29.1667,0.48,8.16667,51,5.20286,13.3829,40.3053,40.3053,140.352,0
2018-10-24,13,30.3333,0.0,8.33333,52,5.68571,14.2786,48.7906,48.7906,106.312,0
2018-10-24,14,32.0,0.0,8.66667,52,8.38143,17.1471,50.9119,50.9119,109.622,0
2018-10-24,15,33.1667,0.0,9.0,48,7.04857,19.6429,50.2048,50.2048,107.52,0
2018-10-24,16,33.0,0.0,9.16667,45,8.01,18.33,49.4977,49.4977,114.4,0
2018-10-24,17,30.6667,0.0,9.16667,50,10.0343,16.7,41.0124,41.0124,160.941,0
2018-10-24,18,27.5,0.0,9.0,56,12.9757,20.4929,53.7404,53.7404,155.576,0
2018-10-24,19,24.6667,0.0,8.66667,56,15.53,17.02,42.4266,42.4266,198.4,0
2018-10-24,20,21.5,0.0,8.16667,55,15.1886,13.3413,38.1839,38.1839,213.333,0
2018-10-24,21,18.5,0.0,7.66667,59,14.342,14.194,37.4768,41.1619,221.0,0
2018-10-24,22,17.0,0.0,7.0,60,20.2843,13.724,36.0626,43.216,236.733,0
2018-10-24,23,16.1667,0.0,6.33333,61,22.4171,11.598,46.6693,57.0742,194.133,0
2018-10-25,0,14.6667,0.0,5.66667,65,18.58,5.80286,43.1337,56.3567,225.318,0
2018-10-25,1,13.1667,0.0,5.16667,68,16.6529,4.075,37.4768,48.9656,288.225,0
2018-10-25,2,11.8333,0.0,4.5,65,15.1086,5.205,43.8408,57.2806,275.4,0
2018-10-25,3,11.1667,0.94,4.16667,66,16.3529,4.22667,38.891,50.8134,336.0,0
2018-10-25,4,10.6667,0.94,4.16667,80,14.7114,5.24167,28.2844,48.9552,354.738,0
2018-10-25,5,10.0,1.88,4.33333,79,12.8086,4.42833,14.4998,48.0313,340.267,0
2018-10-25,6,10.8333,2.82,5.0,78,10.8729,4.785,8.13582,48.7164,340.267,0
2018-10-25,7,12.0,2.82,5.66667,92,12.9629,5.77,1.77183,54.4015,275.6,0
2018-10-25,8,12.3333,3.94,6.66667,91,12.8286,8.255,6.7216,48.8686,286.7,0
2018-10-25,9,13.3333,3.0,7.5,90,12.2657,7.12857,6.7216,59.8686,240.0,0
2018-10-25,10,15.5,3.74,8.5,78,16.3771,5.46429,4.42552,56.4119,221.571,0
2018-10-25,11,18.0,3.54,9.33333,88,13.0629,4.94857,10.7895,50.7268,180.327,0
2018-10-25,12,21.1667,2.6,10.0,82,12.6629,5.20286,10.7895,63.7268,125.8,0
2018-10-25,13,23.8333,3.57,10.6667,80,10.8429,5.68571,0.0,57.0,137.35,0
2018-10-25,14,27.3333,3.42,11.5,75,13.2157,8.38143,0.0,65.0,126.109,0
2018-10-25,15,28.6667,4.39,12.1667,73,20.72,7.04857,0.0,64.0,127.5,0
2018-10-25,16,29.0,4.62,12.1667,86,23.88,8.01,18.3849,56.0209,155.4,0
2018-10-25,17,28.8333,3.88,12.1667,81,22.24,10.0343,37.4768,48.9656,165.092,0
2018-10-25,18,27.1667,3.88,12.0,79,15.74,12.9757,37.4768,71.9656,120.0,0
2018-10-25,19,25.3333,2.91,11.6667,80,15.9057,15.53,35.3555,69.194,139.2,0
2018-10-25,20,23.0,1.94,11.0,78,16.5,15.1886,31.1128,63.6507,151.93,0
2018-10-25,21,21.6667,1.45,10.3333,78,12.128,14.342,43.8408,57.2806,181.409,0
2018-10-25,22,20.1667,0.48,10.1667,69,10.9229,20.2843,40.3053,52.6612,204.8,0
2018-10-25,23,19.3333,0.48,9.83333,61,10.4929,22.4171,38.1839,49.8895,213.333,0
