data,timeofday,windspeed6,opady6,temp6,rhumid,index_avg,prev_index_avg,wind_dir_ns,wind_dir_ew,dispel50,is_weekend
2017-11-21,11,8.16667,0.0,-0.833333,77,38.11,16.32,-6.88824,51.6298,389.88,0
2017-11-21,12,8.0,0.0,-0.166667,74,49.78,13.88,-9.18432,57.1731,373.32,0
2017-11-21,13,8.33333,0.0,0.833333,75,46.415,15.165,-12.6284,55.488,386.88,0
2017-11-21,14,8.66667,0.0,1.5,76,40.26,22.355,-18.9924,51.852,360.0,0
2017-11-21,15,7.83333,0.0,1.83333,79,44.495,21.82,-23.0021,44.5321,403.68,0
2017-11-21,16,7.16667,0.0,1.66667,88,48.545,18.28,-26.5376,48.0676,400.68,0
2017-11-21,17,6.83333,0.0,1.33333,100,46.72,54.99,-25.5393,41.6573,470.25,0
2017-11-21,18,6.33333,0.0,1.0,97,55.145,61.29,-28.3677,44.4857,469.05,0
2017-11-22,1,5.16667,0.0,-0.833333,97,53.945,45.42,-35.8961,7.75314,600.0,0
2017-11-22,2,5.83333,0.0,-1.0,89,48.98,42.905,-31.7566,-5.53227,592.8,0
2017-11-22,3,6.66667,0.0,-1.16667,89,49.33,39.99,-22.6556,-19.5041,540.6,0
2017-11-22,4,7.5,0.0,-1.0,89,51.47,35.765,-17.1123,-30.8001,498.343,0
2017-11-22,5,6.83333,0.0,-1.0,87,49.715,47.65,-24.1123,-36.8001,480.0,0
2017-11-22,6,7.0,0.0,-1.0,88,47.615,81.045,-20.2583,-36.7345,530.4,0
2017-11-22,7,7.33333,0.0,-1.16667,90,52.725,72.62,-23.0867,-39.563,420.0,0
2017-11-22,8,7.5,0.0,-1.16667,83,54.845,46.925,-13.5965,-42.5203,460.8,0
2017-11-22,9,8.16667,0.0,-1.33333,93,57.145,40.96,-14.2004,-46.9127,432.667,0
2017-11-22,10,9.16667,1.19,-1.33333,85,60.505,36.535,-17.6446,-51.5978,374.0,0
2017-11-22,11,11.5,1.22,-1.0,78,62.405,38.11,-21.4714,-45.8366,313.6,0
2017-11-22,12,12.5,1.22,-0.5,78,61.89,49.78,-22.977,-42.4714,276.12,0
2017-11-22,13,13.1667,1.8,0.333333,79,59.1,46.415,-26.5126,-46.007,242.031,0
2017-11-22,14,13.3333,1.8,0.833333,82,56.39,40.26,-35.705,-42.1994,235.2,0
2017-11-22,15,13.1667,1.8,1.5,86,56.45,44.495,-38.891,-38.891,269.925,0
2017-11-22,16,13.5,0.61,2.0,86,57.36,48.545,-36.0626,-36.0626,302.08,0
2017-11-22,17,13.5,1.16,2.16667,87,56.815,46.72,-45.9622,-45.9622,240.0,0
2017-11-22,18,13.5,1.16,2.16667,87,56.45,55.145,-37.4768,-37.4768,259.418,0
2017-11-23,1,10.5,0.59,1.83333,93,52.38,53.945,-40.5684,-34.6152,309.12,0
2017-11-23,2,10.6667,0.59,2.16667,92,50.895,48.98,-41.8122,-30.9882,329.018,0
2017-11-23,3,10.5,0.59,2.33333,92,49.9,49.33,-44.1967,-27.4195,329.018,0
2017-11-23,4,10.1667,0.59,2.5,92,48.775,51.47,-45.6573,-23.4681,341.127,0
2017-11-23,5,10.1667,0.36,2.66667,92,49.35,49.715,-53.9722,-26.9122,300.0,0
2017-11-23,6,10.1667,0.36,2.83333,92,50.15,47.615,-56.3567,-23.3435,300.0,0
2017-11-23,7,10.1667,0.0,3.0,92,52.795,52.725,-48.0418,-19.8994,341.127,0
2017-11-23,8,10.1667,0.0,3.16667,92,54.94,54.845,-39.0418,-19.8994,300.0,0
2017-11-23,9,10.6667,0.0,3.5,93,50.52,57.145,-29.803,-16.0726,340.267,0
2017-11-23,10,11.3333,0.0,4.0,97,45.185,60.505,-33.4985,-17.6033,305.455,0
2017-11-23,11,12.0,0.0,4.66667,91,43.78,62.405,-35.3462,-18.3686,282.764,0
2017-11-23,12,12.8333,0.0,5.5,88,46.415,61.89,-19.1836,-14.1592,270.327,0
2017-11-23,13,14.0,0.0,6.33333,89,42.17,59.1,-23.803,-16.0726,232.615,0
2017-11-23,14,14.3333,0.0,7.0,86,36.08,56.39,-26.5746,-17.2206,205.477,0
2017-11-23,15,15.1667,0.0,7.33333,88,36.65,56.45,-26.5746,-17.2206,220.0,0
2017-11-23,16,15.1667,0.0,7.33333,87,43.29,57.36,-58.2044,-24.1088,202.725,0
2017-11-23,17,14.8333,0.0,7.16667,95,48.305,56.815,-30.4224,-17.986,226.8,0
2017-11-23,18,14.5,0.0,6.66667,96,52.59,56.45,-2.64028,-11.8631,232.615,0
2017-11-24,1,10.6667,0.0,4.0,93,51.4,52.38,-8.48804,-12.6284,321.231,0
2017-11-24,2,10.0,0.0,3.66667,93,52.625,50.895,12.5224,-7.6536,359.9,0
2017-11-24,3,9.33333,0.0,3.5,93,53.83,49.9,21.5224,-7.6536,322.4,0
2017-11-24,4,8.66667,0.0,3.33333,93,54.71,48.775,40.609,-3.06144,360.0,0
2017-11-24,5,8.66667,0.0,3.16667,93,54.925,49.35,36.609,-3.06144,386.4,0
2017-11-24,6,8.33333,0.0,3.0,94,59.04,50.15,52.0,0.0,411.927,0
2017-11-24,7,7.5,0.0,2.83333,94,59.765,52.795,43.6851,3.44412,360.0,0
2017-11-24,8,7.5,0.0,2.83333,92,57.535,54.94,29.8566,6.27256,432.667,0
2017-11-24,9,7.5,0.0,3.0,85,56.025,50.52,12.5417,9.71668,432.667,0
2017-11-24,10,8.0,0.0,3.33333,78,53.46,45.185,-3.84932,12.7781,437.25,0
2017-11-24,11,8.0,0.0,4.0,71,52.425,43.78,-21.0881,16.6049,392.229,0
2017-11-24,12,8.33333,0.0,4.83333,66,50.59,46.415,-20.0881,16.6049,390.0,0
2017-11-24,13,9.5,0.0,5.83333,65,49.355,42.17,-35.8663,24.3831,360.0,0
2017-11-24,14,10.1667,0.0,6.83333,67,50.12,36.08,-34.8857,22.32,325.867,0
2017-11-24,15,10.8333,0.0,7.5,78,49.975,36.65,-6.17969,15.8145,321.48,0
2017-11-24,16,11.3333,0.0,8.16667,80,51.02,43.29,15.0591,11.9877,278.25,0
2017-11-24,17,12.3333,0.0,8.33333,92,53.575,48.305,20.0591,11.9877,250.364,0
2017-11-24,18,12.8333,0.0,8.33333,93,56.66,52.59,52.0,0.0,281.538,0
2017-11-25,1,11.1667,0.0,6.5,88,55.755,51.4,38.7612,3.8268,289.385,1
2017-11-25,2,10.5,0.0,6.33333,94,54.57,52.625,17.4463,7.27092,324.8,1
2017-11-25,3,10.1667,0.0,6.16667,94,54.17,53.83,-2.86864,10.715,372.6,1
2017-11-25,4,9.16667,0.0,6.0,94,54.21,54.71,-12.1074,14.5418,331.629,1
2017-11-25,5,9.33333,0.0,6.0,94,54.925,54.925,-33.4985,17.6033,352.8,1
2017-11-25,6,9.5,0.0,6.0,96,54.9,59.04,-51.7373,21.4301,349.92,1
2017-11-25,7,9.5,0.0,6.0,94,54.315,59.765,-50.2767,25.3815,325.867,1
2017-11-25,8,9.66667,0.0,6.0,93,54.155,57.535,-50.2767,25.3815,325.867,1
2017-11-25,9,9.16667,0.0,6.16667,90,55.8,56.025,-41.9618,31.9374,324.48,1
2017-11-25,10,9.5,0.0,6.33333,85,55.11,53.46,-39.1901,30.7893,341.85,1
2017-11-25,11,9.83333,0.0,6.66667,79,53.125,52.425,-21.7991,27.7279,337.08,1
2017-11-25,12,10.0,0.0,7.16667,74,51.84,50.59,-21.0456,15.4158,323.345,1
2017-11-25,13,10.8333,0.0,7.66667,71,51.865,49.355,-16.039,-0.39872,346.92,1
2017-11-25,14,11.5,0.0,8.33333,71,51.16,50.12,-28.9734,-15.7562,267.429,1
2017-11-25,15,12.6667,0.0,8.66667,78,50.92,49.975,-42.4057,-28.3345,276.0,1
2017-11-25,16,13.0,0.0,8.83333,83,48.355,51.02,-43.82,-29.7488,255.2,1
2017-11-25,17,13.1667,0.0,8.83333,92,48.59,53.575,-41.2187,-33.6419,267.429,1
2017-11-26,1,14.8333,2.24,7.5,92,44.65,55.755,3.13136,2.29608,217.964,1
2017-11-26,2,15.0,2.24,7.33333,83,36.465,54.57,-16.3358,13.3938,229.125,1
2017-11-26,3,15.8333,2.24,7.0,85,17.84,54.17,-26.9424,24.0005,180.0,1
2017-11-26,4,16.0,2.24,6.5,86,15.76,54.21,-54.2562,35.3142,187.2,1
2017-11-26,5,17.0,2.24,6.16667,86,14.56,54.925,-48.4498,38.7082,216.333,1
2017-11-26,6,17.0,2.24,5.83333,85,11.69,54.9,-29.6323,41.5387,220.8,1
2017-11-26,7,17.5,2.24,5.33333,86,9.625,54.315,-18.3185,47.2249,203.914,1
2017-11-26,8,17.8333,2.72,4.83333,87,8.33,54.155,6.43035,56.7268,189.382,1
2017-11-26,9,17.3333,2.72,4.5,83,13.135,55.8,14.8493,53.4015,201.318,1
2017-11-26,10,17.1667,1.6,4.5,76,22.85,55.11,14.8493,49.4015,248.0,1
2017-11-26,11,16.0,1.6,4.5,74,24.57,53.125,24.0417,61.4119,228.0,1
2017-11-26,12,15.6667,0.96,4.66667,74,25.495,51.84,9.19243,57.0104,249.882,1
2017-11-26,13,14.1667,0.96,4.83333,73,33.425,51.865,9.19243,55.0104,242.031,1
2017-11-26,14,13.3333,0.48,5.0,70,28.485,51.16,9.19243,54.0104,251.631,1
2017-11-26,15,13.0,0.48,5.0,70,43.68,50.92,0.0,54.0,273.28,1
2017-11-26,16,12.5,0.48,4.66667,73,51.255,48.355,0.0,65.0,240.0,1
2017-11-26,17,11.5,0.48,4.33333,74,47.93,48.59,0.0,60.0,286.0,1
2017-11-27,1,8.33333,0.0,1.83333,65,55.215,44.65,-19.5167,47.1179,409.867,0
2017-11-27,2,7.66667,0.0,1.33333,86,54.275,36.465,-22.5781,54.5089,360.0,0
2017-11-27,3,7.83333,0.0,1.0,79,57.27,17.84,-22.6695,49.7295,417.6,0
2017-11-27,4,7.33333,0.0,0.666667,75,58.135,15.76,-24.8823,47.0715,408.857,0
2017-11-27,5,7.66667,0.0,0.333333,70,58.435,14.56,-27.1533,45.5541,443.52,0
2017-11-27,6,8.0,0.0,0.0,70,58.76,11.69,-31.1047,44.0935,417.6,0
2017-11-27,7,8.16667,0.0,-0.166667,73,59.69,9.625,-35.9755,39.2227,392.229,0
2017-11-27,8,8.83333,0.0,0.0,76,62.075,8.33,-39.6608,39.1196,374.85,0
2017-11-27,9,9.16667,0.0,0.166667,74,61.075,13.135,-41.3787,31.6371,371.25,0
2017-11-27,10,9.66667,0.0,0.333333,81,59.895,22.85,-44.9606,29.807,329.829,0
2017-11-27,11,9.5,0.0,0.666667,75,54.53,24.57,-43.8376,34.096,335.345,0
2017-11-27,12,9.66667,0.0,1.16667,71,52.815,25.495,-43.1305,33.3889,325.867,0
2017-11-27,13,10.1667,0.0,1.66667,70,52.615,33.425,-41.8867,37.0159,312.8,0
2017-11-27,14,10.5,0.0,2.33333,67,53.495,28.485,-35.6931,35.6931,334.08,0
2017-11-27,15,10.8333,0.0,2.66667,70,57.315,43.68,-34.2325,39.6445,321.48,0
2017-11-27,16,10.6667,0.0,3.0,75,60.7,51.255,-38.891,38.891,297.0,0
2017-11-27,17,10.5,0.0,3.0,74,61.22,47.93,-38.1839,38.1839,309.12,0
2017-11-28,1,12.1667,0.0,0.833333,73,61.53,55.215,51.0,0.0,281.455,0
2017-11-28,2,13.1667,0.0,0.5,81,62.515,54.275,54.0,0.0,255.2,0
2017-11-28,3,13.8333,0.0,0.333333,78,62.14,57.27,56.0,0.0,248.571,0
2017-11-28,4,14.3333,0.0,0.0,76,58.34,58.135,57.0,0.0,239.4,0
2017-11-28,5,14.6667,0.0,-0.333333,74,52.545,58.435,58.0,0.0,230.4,0
2017-11-28,6,15.3333,0.0,-0.333333,74,50.895,58.76,29.2179,-6.12288,212.914,0
2017-11-28,7,16.0,0.0,-0.333333,73,47.14,59.69,-1.41192,-13.0111,187.68,0
2017-11-28,8,17.0,0.0,-0.333333,73,46.645,62.075,-13.4119,-13.0111,220.8,0
2017-11-28,9,17.6667,0.0,-0.166667,70,45.275,61.075,-17.1074,-14.5418,198.4,0
2017-11-28,10,18.5,0.0,0.333333,70,38.8,59.895,-18.0313,-14.9245,191.133,0
2017-11-28,11,18.8333,0.0,1.0,65,39.195,54.53,-16.0313,-14.9245,186.66,0
2017-11-28,12,19.0,0.0,1.5,61,40.66,52.815,20.4463,-7.27092,195.789,0
2017-11-28,13,19.0,0.0,2.16667,59,41.375,52.615,57.0,0.0,200.34,0
2017-11-28,14,18.5,0.0,2.83333,57,49.23,53.495,55.0,0.0,205.8,0
2017-11-28,15,17.8333,0.0,3.16667,58,53.885,57.315,54.0,0.0,217.579,0
2017-11-28,16,16.8333,0.0,3.33333,66,51.02,60.7,40.1418,-5.7402,180.0,0
2017-11-28,17,16.3333,0.0,3.33333,67,49.83,61.22,8.20748,-11.0977,208.8,0
2017-11-29,1,11.1667,0.0,1.66667,80,52.825,61.53,-32.4224,-17.986,297.6,0
2017-11-29,2,10.5,0.0,1.5,85,52.56,62.515,-10.488,-12.6284,329.018,0
2017-11-29,3,10.1667,0.0,1.33333,88,52.86,62.14,9.67464,-8.41896,341.127,0
2017-11-29,4,9.5,0.0,1.16667,89,53.1,58.34,18.6746,-8.41896,300.0,0
2017-11-29,5,9.16667,0.0,1.0,87,53.81,52.545,35.8373,-4.20948,347.564,0
2017-11-29,6,8.66667,0.0,0.833333,88,55.03,50.895,55.0,0.0,372.655,0
2017-11-29,7,8.5,0.0,0.666667,93,55.99,47.14,36.609,-3.06144,395.2,0
2017-11-29,8,8.16667,0.0,0.5,90,57.62,46.645,35.609,-3.06144,417.72,0
2017-11-29,9,8.0,0.0,0.5,91,57.875,45.275,28.2179,-6.12288,373.32,0
2017-11-29,10,8.33333,0.0,0.666667,85,59.075,38.8,10.8269,-9.18432,388.267,0
2017-11-29,11,8.16667,0.0,1.0,84,59.99,39.195,10.8269,-9.18432,360.0,0
2017-11-29,12,8.5,1.45,1.5,81,59.275,40.66,-3.56416,-12.2458,374.0,0
2017-11-29,13,8.33333,1.45,2.0,83,58.8,41.375,-14.4119,-13.0111,401.85,0
2017-11-29,14,8.66667,1.45,2.33333,84,57.745,49.23,-20.8791,-15.6899,360.0,0
2017-11-29,15,9.16667,1.45,2.5,86,56.77,53.885,-28.5591,-19.6995,386.4,0
2017-11-29,16,9.16667,1.96,2.33333,90,57.55,51.02,-31.3308,-20.8476,352.8,0
2017-11-29,17,9.16667,2.47,2.0,92,57.07,49.83,-48.6457,-24.2917,341.85,0
2017-11-30,1,8.33333,0.0,0.5,100,63.145,52.825,22.9302,-16.5286,392.229,0
2017-11-30,2,8.5,0.0,0.333333,94,61.86,52.56,31.9302,-9.5286,360.0,0
2017-11-30,3,8.16667,0.76,0.0,93,61.295,52.86,51.0,0.0,409.867,0
2017-11-30,4,7.83333,1.5,-0.333333,98,61.74,53.1,58.0,0.0,374.0,0
2017-11-30,5,7.83333,2.29,-0.5,96,62.52,53.81,54.0,0.0,408.857,0
2017-11-30,7,8.0,3.08,-0.5,95,67.955,55.99,38.6851,-3.44412,390.0,0
2018-10-01,0,10.6667,0.0,7.16667,81,36.57,77.93,54.0,0.0,324.8,0
2018-10-01,1,10.1667,0.0,6.33333,82,46.68,76.18,52.0,0.0,341.127,0
2018-10-01,2,9.83333,0.0,5.83333,86,38.39,67.94,61.0,0.0,300.0,0
2018-10-01,3,9.5,0.0,5.33333,93,34.99,65.96,59.0,0.0,323.345,0
2018-10-01,4,9.16667,0.0,4.66667,91,34.75,58.8,57.0,0.0,337.08,0
2018-10-01,5,8.83333,0.0,4.16667,100,34.2,55.94,55.0,0.0,363.0,0
2018-10-01,6,8.5,0.0,3.83333,100,36.53,53.25,53.0,0.0,389.88,0
2018-10-01,7,8.33333,0.0,3.33333,100,40.95,50.39,35.609,-3.06144,409.867,0
2018-10-01,8,8.33333,0.0,3.33333,100,42.63,47.36,28.2179,-6.12288,360.0,0
2018-10-01,9,8.5,0.0,3.83333,91,38.56,40.9,10.903,-9.567,360.0,0
2018-10-01,10,9.16667,0.0,5.0,70,29.32,26.91,2.903,-9.567,401.85,0
2018-10-01,11,10.1667,0.0,6.66667,57,21.84,15.52,-16.1836,-4.97484,341.85,0
2018-10-01,12,11.3333,0.0,8.5,51,16.36,9.53,-29.7268,3.44412,305.25,0
2018-10-01,13,12.5,0.0,10.8333,47,13.1,6.75,-27.8791,15.6899,276.12,0
2018-10-01,14,13.5,0.0,12.6667,48,12.52,5.73,-48.4857,26.2965,235.2,0
2018-10-01,15,14.0,0.0,14.3333,49,12.55,5.19,-48.0058,32.311,221.571,0
2018-10-01,16,13.6667,0.0,15.3333,50,13.15,4.74,-44.2639,36.1459,237.12,0
2018-10-01,17,12.6667,0.0,15.6667,54,19.16,5.92,-37.4768,37.4768,282.72,0
2018-10-01,18,11.3333,0.0,15.5,61,29.11,15.59,-43.1337,43.1337,276.48,0
2018-10-01,19,9.83333,0.0,14.8333,64,55.24,28.49,-37.4768,37.4768,357.12,0
2018-10-01,20,8.33333,0.0,13.6667,80,87.6,27.8,-41.7195,41.7195,362.88,0
2018-10-01,21,7.16667,0.0,12.0,95,102.8,31.42,-45.9622,45.9622,360.0,0
2018-10-01,22,6.5,0.0,10.3333,100,105.14,40.44,-39.5982,39.5982,447.231,0
2018-10-01,23,6.33333,0.0,8.83333,93,81.47,24.67,-41.8942,45.1414,433.108,0
2018-10-02,0,6.33333,0.0,7.66667,93,88.16,36.57,-35.3806,42.4162,479.52,0
2018-10-02,1,6.5,0.0,6.5,93,93.73,46.68,-30.9882,41.8122,503.25,0
2018-10-02,2,6.83333,0.0,5.83333,93,76.67,38.39,-28.0101,42.6225,509.143,0
2018-10-02,3,7.33333,0.0,5.33333,92,65.3,34.99,-26.1218,45.0638,477.0,0
2018-10-02,4,8.0,0.0,5.16667,93,60.67,34.75,-25.3232,49.136,420.0,0
2018-10-02,5,8.66667,0.0,5.16667,93,55.24,34.2,-20.6647,49.8895,395.2,0
2018-10-02,6,9.5,0.0,5.33333,93,51.46,36.53,-19.8994,48.0418,377.143,0
2018-10-02,7,10.6667,0.0,5.5,93,50.35,40.95,-17.2206,53.5746,300.0,0
2018-10-02,8,12.0,0.0,5.83333,93,45.33,42.63,-11.4804,53.7164,275.6,0
2018-10-02,9,13.3333,0.0,6.5,90,36.76,38.56,7.10428,50.9448,259.418,0
2018-10-02,10,14.3333,0.0,7.33333,76,27.11,29.32,11.3138,57.7821,206.7,0
2018-10-02,11,15.3333,0.0,8.16667,66,14.19,21.84,11.3138,61.7821,187.971,0
2018-10-02,12,16.5,0.0,9.0,58,16.14,16.36,11.3138,64.7821,180.0,0
2018-10-02,13,17.5,0.0,10.1667,53,10.89,13.1,0.0,52.0,220.8,0
2018-10-02,14,18.3333,0.0,11.3333,51,14.56,12.52,0.0,56.0,193.765,0
2018-10-02,15,19.0,0.0,12.3333,50,12.6,12.55,0.0,60.0,175.137,0
2018-10-02,16,19.8333,0.0,12.8333,51,10.45,13.15,-8.03628,60.4015,167.04,0
2018-10-02,17,20.3333,0.0,12.8333,56,17.13,19.16,-16.0726,59.803,165.714,0
2018-10-02,18,20.3333,0.0,12.6667,56,33.26,29.11,-23.7262,57.2806,171.943,0
2018-10-02,19,19.8333,0.0,12.1667,57,40.82,55.24,-22.9608,55.4328,184.743,0
2018-10-02,20,19.0,0.0,11.1667,57,34.2,87.6,-26.9454,48.0522,207.36,0
2018-10-02,21,18.5,0.0,10.3333,54,39.86,102.8,-30.6055,40.8883,232.737,0
2018-10-02,22,18.6667,0.0,9.66667,51,26.57,105.14,-36.0626,36.0626,232.941,0
2018-10-02,23,19.3333,0.0,9.16667,54,21.01,81.47,-39.5982,39.5982,189.0,0
2018-10-03,0,20.3333,0.61,8.66667,58,19.45,88.16,-45.255,45.255,144.0,0
2018-10-03,1,21.5,2.08,8.16667,67,19.88,93.73,-50.2048,50.2048,125.182,0
2018-10-03,2,22.8333,2.08,8.16667,73,17.24,76.67,-51.619,51.619,124.95,0
2018-10-03,3,23.6667,2.08,8.0,73,16.3,65.3,-43.8327,56.8215,129.792,0
2018-10-03,4,23.6667,2.08,7.83333,73,17.15,60.67,-34.9566,60.393,135.15,0
2018-10-03,5,23.3333,2.08,8.0,73,16.41,55.24,-26.4049,63.7477,145.75,0
2018-10-03,6,23.1667,1.47,8.16667,74,13.91,51.46,-25.6396,61.9,151.93,0
2018-10-03,7,23.6667,0.0,8.33333,77,9.74,50.35,-26.0222,62.8238,141.382,0
2018-10-03,8,24.6667,0.0,8.33333,75,10.69,45.33,-19.5167,47.1179,171.55,0
2018-10-03,9,26.3333,0.0,8.5,72,8.07,36.76,-21.8128,52.6612,146.222,0
2018-10-03,10,27.8333,0.0,8.83333,74,6.58,27.11,-11.4804,60.7164,125.96,0
2018-10-03,11,29.8333,0.0,9.0,70,7.72,14.19,0.0,64.0,130.473,0
2018-10-03,12,31.6667,0.0,9.33333,64,7.43,16.14,0.0,65.0,120.077,0
2018-10-03,13,33.0,0.86,9.83333,62,7.25,10.89,0.0,69.0,112.412,0
2018-10-03,14,33.6667,0.86,10.5,60,6.17,14.56,0.0,70.0,111.429,0
2018-10-03,15,33.6667,0.86,11.0,57,5.98,12.6,0.0,69.0,115.406,0
2018-10-03,16,33.6667,0.86,11.1667,57,3.94,10.45,23.3346,64.488,120.6,0
2018-10-03,17,32.6667,0.86,11.3333,60,3.19,17.13,45.255,59.1283,130.473,0
2018-10-03,18,31.1667,0.86,11.0,65,10.01,33.26,41.7195,54.5089,147.716,0
2018-10-03,19,29.0,0.0,10.6667,65,6.94,40.82,38.1839,49.8895,164.914,0
2018-10-03,20,26.6667,0.0,10.0,66,7.36,34.2,53.7404,70.2149,129.257,0
2018-10-03,21,24.1667,0.0,9.33333,67,9.32,39.86,48.0835,62.8238,160.615,0
2018-10-03,22,21.8333,0.0,8.66667,66,7.32,26.57,42.4266,55.4328,189.382,0
2018-10-03,23,20.0,0.0,8.0,68,7.94,21.01,38.891,50.8134,214.5,0
2018-10-04,0,18.5,0.0,7.66667,71,7.36,19.45,36.7697,48.0418,228.8,0
2018-10-04,1,17.6667,0.0,7.33333,73,10.77,19.88,36.0626,47.1179,232.941,0
2018-10-04,2,17.1667,0.0,7.0,75,8.71,17.24,24.0417,48.4119,232.941,0
2018-10-04,3,17.0,0.0,6.66667,76,6.05,16.3,12.0209,49.706,232.941,0
2018-10-04,4,16.8333,0.0,6.5,74,4.36,17.15,0.0,51.0,232.941,0
2018-10-04,5,16.6667,0.0,6.33333,73,4.3,16.41,0.0,67.0,180.0,0
2018-10-04,6,16.5,0.0,6.16667,74,7.31,13.91,0.0,66.0,187.2,0
2018-10-04,7,16.3333,0.0,5.83333,83,17.13,9.74,0.0,65.0,194.541,0
2018-10-04,8,16.3333,0.0,5.83333,82,9.92,10.69,0.0,64.0,195.0,0
2018-10-04,9,16.5,0.0,6.16667,73,7.46,8.07,0.0,65.0,187.425,0
2018-10-04,10,17.0,0.0,6.83333,69,15.1,6.58,12.728,49.6298,229.125,0
2018-10-04,11,17.8333,0.0,7.66667,59,14.36,7.72,26.1631,51.1836,209.012,0
2018-10-04,12,18.8333,0.0,8.66667,50,11.74,7.43,41.0124,53.585,184.0,0
2018-10-04,13,19.8333,0.0,10.0,45,6.97,7.25,43.8408,57.2806,162.0,0
2018-10-04,14,20.6667,0.0,11.3333,43,7.32,6.17,45.9622,60.0522,153.6,0
2018-10-04,15,21.1667,0.0,12.3333,40,7.27,5.98,46.6693,60.9761,152.727,0
2018-10-04,16,21.1667,0.0,12.8333,42,8.21,3.94,45.9622,60.0522,158.564,0
2018-10-04,17,20.5,0.0,13.0,53,9.3,3.19,43.8408,57.2806,176.727,0
2018-10-04,18,19.3333,0.0,12.8333,60,32.95,10.01,40.3053,52.6612,204.8,0
2018-10-04,19,17.8333,0.0,12.3333,64,68.27,6.94,25.456,48.2597,240.505,0
2018-10-04,20,16.0,0.0,11.3333,71,75.55,7.36,25.456,61.2597,215.368,0
2018-10-04,21,14.1667,0.0,10.3333,74,81.52,9.32,12.0209,54.706,266.965,0
2018-10-04,22,12.5,0.0,9.33333,78,80.99,7.32,8.19407,63.9448,248.4,0
2018-10-04,23,11.1667,0.0,8.33333,80,50.39,7.94,-7.27092,56.5537,305.52,0
2018-10-05,0,10.1667,0.0,7.33333,85,52.61,7.36,-10.715,49.8686,354.738,0
2018-10-05,1,9.66667,0.0,6.66667,81,50.37,10.77,-14.1592,58.1836,321.6,0
2018-10-05,2,9.5,0.0,6.33333,80,45.55,8.71,-21.2303,52.2547,335.345,0
2018-10-05,3,9.5,0.0,6.16667,81,44.84,6.05,-28.3014,48.3258,337.08,0
2018-10-05,4,9.66667,0.0,6.33333,81,43.15,4.36,-31.5457,46.1581,325.867,0
2018-10-05,5,9.83333,0.0,6.66667,84,39.61,4.3,-35.1726,44.9142,312.8,0
2018-10-05,6,10.1667,0.0,7.16667,87,37.17,7.31,-38.7996,43.6704,300.0,0
2018-10-05,7,10.5,0.0,7.5,89,37.41,17.13,-36.0626,36.0626,346.92,0
2018-10-05,8,11.0,0.0,7.83333,82,32.84,9.92,-37.4768,37.4768,321.48,0
2018-10-05,9,11.6667,0.0,8.33333,74,35.64,7.46,-39.5982,39.5982,285.12,0
2018-10-05,10,12.5,0.0,9.0,72,30.44,15.1,-42.4266,42.4266,240.0,0
2018-10-05,11,13.5,0.0,10.0,60,32.17,14.36,-38.1839,38.1839,255.2,0
2018-10-05,12,14.5,0.0,11.1667,54,32.12,11.74,-41.0124,41.0124,223.385,0
2018-10-05,13,15.3333,0.0,12.5,52,30.07,6.97,-43.8408,43.8408,196.114,0
2018-10-05,14,16.0,0.0,13.8333,52,26.53,7.32,-45.9622,45.9622,180.0,0
2018-10-05,15,16.1667,0.0,15.0,48,27.55,7.27,-36.0626,36.0626,232.941,0
2018-10-05,16,15.8333,0.0,15.8333,46,30.66,8.21,-46.6693,46.6693,187.2,0
2018-10-05,17,15.0,0.0,16.1667,48,32.99,9.3,-43.8408,43.8408,217.412,0
2018-10-05,18,13.8333,0.0,16.0,56,39.19,32.95,-39.5982,39.5982,266.965,0
2018-10-05,19,12.5,0.0,15.5,61,71.65,68.27,-48.837,43.425,248.4,0
2018-10-05,20,11.1667,0.0,14.5,70,75.43,75.55,-45.131,34.8482,305.52,0
2018-10-05,21,10.1667,0.0,13.1667,74,50.45,81.52,-25.5244,24.2416,354.738,0
2018-10-05,22,9.5,0.0,11.8333,71,42.42,80.99,-16.5244,24.2416,321.6,0
2018-10-05,23,9.33333,0.0,10.6667,72,42.04,50.39,1.66807,15.0491,347.564,0
2018-10-06,0,9.33333,0.0,9.66667,75,37.48,52.61,19.4463,7.27092,349.92,1
2018-10-06,1,9.5,0.0,8.83333,76,48.49,50.37,38.6851,3.44412,339.2,1
2018-10-06,2,9.66667,0.0,8.5,78,51.59,45.55,57.0,0.0,325.867,1
2018-10-06,3,9.83333,0.0,8.16667,83,47.6,44.84,58.0,0.0,312.8,1
2018-10-06,4,10.0,0.0,7.83333,81,48.3,43.15,59.0,0.0,300.0,1
2018-10-06,5,10.0,0.0,7.5,90,52.26,39.61,60.0,0.0,300.0,1
2018-10-06,6,10.0,0.0,7.33333,98,62.76,37.17,60.0,0.0,300.0,1
2018-10-06,7,10.0,0.0,7.0,100,62.66,37.41,60.0,0.0,300.0,1
2018-10-06,8,10.1667,0.0,7.0,99,53.5,32.84,60.0,0.0,300.0,1
2018-10-06,9,10.5,0.0,7.5,82,48.79,35.64,51.0,0.0,346.92,1
2018-10-06,10,11.1667,0.0,8.5,67,36.64,30.44,53.0,0.0,321.48,1
2018-10-06,11,12.1667,0.0,10.0,55,27.61,32.17,30.0657,5.35752,273.48,1
2018-10-06,12,13.5,0.0,11.6667,48,21.24,32.12,-4.7164,11.4804,259.418,1
2018-10-06,13,15.0,0.0,13.8333,44,16.29,30.07,-32.3462,18.3686,197.6,1
2018-10-06,14,16.5,0.0,15.8333,44,16.46,26.53,-48.9656,20.282,212.625,1
2018-10-06,15,17.5,0.0,17.5,42,26.67,27.55,-52.6612,21.8128,191.133,1
2018-10-06,16,17.6667,0.0,18.6667,45,29.1,30.66,-52.6612,21.8128,195.789,1
2018-10-06,17,17.1667,0.0,19.0,54,26.89,32.99,-48.9656,20.282,229.14,1
2018-10-06,18,16.1667,0.0,18.8333,64,39.34,39.19,-60.9761,25.2569,207.36,1
2018-10-06,19,14.8333,0.0,18.1667,72,47.71,71.65,-30.4985,17.6033,256.0,1
2018-10-06,20,13.1667,0.0,17.0,83,45.6,75.43,-2.86864,10.715,302.08,1
2018-10-06,21,11.8333,0.0,15.6667,84,48.75,50.45,7.13136,10.715,276.48,1
2018-10-06,22,11.0,0.0,14.3333,83,45.55,42.42,30.9896,4.97484,310.431,1
2018-10-06,23,10.6667,0.0,13.1667,86,40.69,42.04,33.7612,3.8268,336.3,1
2018-10-07,0,10.5,0.0,12.3333,87,41.31,37.48,11.5985,8.03628,341.127,1
2018-10-07,1,10.3333,0.0,11.6667,86,42.28,48.49,-9.56416,12.2458,334.08,1
2018-10-07,2,10.3333,0.0,11.3333,88,43.55,51.59,-28.803,16.0726,334.08,1
2018-10-07,3,10.3333,0.0,11.1667,89,44.05,47.6,-48.0418,19.8994,334.08,1
2018-10-07,4,10.3333,0.0,11.0,84,44.06,48.3,-48.0418,19.8994,341.127,1
2018-10-07,5,10.1667,0.0,10.8333,93,43.74,52.26,-47.1179,19.5167,353.455,1
2018-10-07,6,10.0,0.0,10.6667,97,43.98,62.76,-56.3567,23.3435,300.0,1
2018-10-07,7,10.0,0.0,10.6667,100,45.76,62.66,-55.4328,22.9608,300.0,1
2018-10-07,8,10.0,0.0,10.6667,98,42.11,53.5,-55.4328,22.9608,300.0,1
2018-10-07,9,10.0,0.0,11.0,85,40.88,48.79,-55.4328,22.9608,300.0,1
2018-10-07,10,10.5,0.0,11.6667,67,39.13,36.64,-55.4328,22.9608,300.0,1
2018-10-07,11,11.1667,0.0,12.8333,61,38.39,27.61,-46.1476,24.4996,321.48,1
2018-10-07,12,12.0,0.48,14.1667,55,38.9,21.24,-46.8084,30.5724,273.48,1
2018-10-07,13,13.0,0.48,15.6667,51,39.86,16.29,-38.9374,33.5254,264.48,1
2018-10-07,14,14.0,0.48,17.3333,52,40.31,16.46,-41.0124,41.0124,223.385,1
2018-10-07,15,14.8333,0.48,18.6667,48,40.61,26.67,-43.1337,43.1337,204.429,1
2018-10-07,16,14.8333,0.48,19.8333,46,41.78,29.1,-43.8408,43.8408,203.52,1
2018-10-07,17,14.5,0.48,20.1667,66,44.79,26.89,-38.209,45.2446,226.8,1
2018-10-07,18,14.1667,0.0,20.0,70,44.18,39.34,-26.8953,45.9309,261.0,1
2018-10-07,19,14.0,0.0,19.3333,72,19.13,47.71,-6.38906,46.6275,282.72,1
2018-10-07,20,14.0,0.0,18.0,78,7.99,45.6,18.0758,41.7611,271.385,1
2018-10-07,21,14.0,0.0,16.6667,78,7.33,48.75,37.8327,35.8735,235.2,1
2018-10-07,22,14.1667,0.0,14.8333,79,4.34,45.55,51.6909,29.6137,214.338,1
2018-10-07,23,14.3333,0.0,13.3333,78,1.33,40.69,55.4328,22.9608,220.0,1
2018-10-08,0,14.1667,0.0,12.0,79,1.23,41.31,53.585,22.1954,243.6,0
2018-10-08,1,13.5,0.0,10.8333,79,1.4,42.28,49.8895,20.6647,273.28,0
2018-10-08,2,12.6667,0.0,10.0,81,1.44,43.55,60.0522,24.8742,240.0,0
2018-10-08,3,11.8333,0.0,9.0,86,2.03,44.05,56.3567,23.3435,268.029,0
2018-10-08,4,11.1667,0.0,8.16667,90,4.34,44.06,52.6612,21.8128,299.815,0
2018-10-08,5,10.5,0.0,7.33333,93,5.25,43.74,49.8895,20.6647,324.8,0
2018-10-08,6,10.0,0.0,6.66667,97,12.29,43.98,47.1179,19.5167,353.455,0
2018-10-08,7,9.66667,0.0,5.66667,100,16.79,45.76,55.4328,22.9608,311.564,0
2018-10-08,8,9.33333,0.0,5.16667,92,13.49,42.11,54.2701,18.7513,335.345,0
2018-10-08,9,9.16667,0.0,5.0,78,11.03,40.88,53.1074,14.5418,349.92,0
2018-10-08,10,8.83333,0.0,5.33333,66,9.88,39.13,52.1836,7.27092,363.0,0
2018-10-08,11,8.83333,0.0,6.16667,57,4.18,38.39,48.6016,-2.21276,380.8,0
2018-10-08,12,8.66667,0.0,7.16667,51,3.23,38.9,43.7308,-13.9718,380.8,0
2018-10-08,13,8.5,0.0,8.66667,47,4.59,39.86,38.4774,-24.807,395.2,0
2018-10-08,14,8.16667,0.0,10.0,46,8.09,40.31,32.5388,-32.198,409.867,0
2018-10-08,15,7.66667,0.0,11.3333,44,5.71,40.61,32.5388,-39.198,374.0,0
2018-10-08,16,7.33333,0.0,12.3333,42,6.74,41.78,23.5388,-45.198,417.6,0
2018-10-08,17,6.66667,0.0,12.1667,62,8.0,44.79,15.2239,-47.7539,453.6,0
2018-10-08,18,6.33333,0.0,11.8333,63,15.31,44.18,15.2239,-52.7539,436.05,0
2018-10-08,19,6.0,0.0,11.3333,64,53.7,19.13,9.567,-53.097,482.4,0
2018-10-08,20,6.0,0.0,10.3333,74,101.01,7.99,3.8268,-50.3254,520.8,0
2018-10-08,21,6.16667,0.0,8.83333,84,104.22,7.33,-1.9134,-49.4015,538.65,0
2018-10-08,22,6.33333,0.0,7.33333,87,66.66,4.34,-6.86317,-54.3512,480.0,0
2018-10-08,23,6.66667,0.0,6.66667,84,64.46,1.33,-14.8744,-51.91,480.0,0
2018-10-09,0,6.83333,0.0,6.0,83,57.92,1.23,-19.8242,-43.8597,517.0,0
2018-10-09,1,7.0,0.0,5.33333,84,56.35,1.4,-26.2913,-40.5385,483.36,0
2018-10-09,2,7.0,0.0,5.0,85,54.23,1.44,-32.7585,-38.2173,457.6,0
2018-10-09,3,7.0,0.0,5.0,94,52.42,2.03,-39.2256,-34.896,438.6,0
2018-10-09,4,6.83333,0.0,4.66667,100,51.41,4.34,-43.3967,-32.0315,437.143,0
2018-10-09,5,6.66667,0.0,4.5,100,53.25,5.25,-46.2612,-27.8604,454.629,0
2018-10-09,6,6.66667,0.0,4.33333,100,53.72,12.29,-35.3115,-22.9107,472.457,0
2018-10-09,7,6.66667,0.0,4.16667,100,55.79,16.79,-23.3617,-17.9609,472.457,0
2018-10-09,8,6.83333,0.0,4.16667,100,56.35,13.49,-24.8791,-15.6899,472.457,0
2018-10-09,9,7.16667,0.0,4.5,89,52.39,11.03,-25.803,-16.0726,454.629,0
2018-10-09,10,7.66667,0.0,5.5,82,45.69,9.88,-10.3358,-13.3938,420.0,0
2018-10-09,11,8.33333,0.0,6.83333,66,40.94,4.18,11.5985,-8.03628,432.0,0
2018-10-09,12,9.0,0.0,8.33333,56,33.57,3.23,27.1418,-5.7402,360.0,0
2018-10-09,13,9.66667,0.0,10.1667,50,34.24,4.59,3.97912,-1.53072,345.257,0
2018-10-09,14,10.3333,0.0,12.0,49,33.81,8.09,0.283601,5.35752,300.0,0
2018-10-09,15,10.6667,0.0,13.5,48,32.68,5.71,-12.4119,13.0111,313.6,0
2018-10-09,16,10.6667,0.0,14.6667,52,35.31,6.74,-31.5746,17.2206,297.0,0
2018-10-09,17,10.3333,0.0,14.8333,68,39.18,8.0,-49.8895,20.6647,317.127,0
2018-10-09,18,9.83333,0.0,14.6667,76,45.41,15.31,-47.1179,19.5167,353.455,0
2018-10-09,19,9.16667,0.0,14.0,86,50.68,53.7,-54.5089,22.5781,323.345,0
2018-10-09,20,8.33333,0.0,12.6667,100,52.47,101.01,-37.3462,18.3686,381.9,0
2018-10-09,21,7.66667,0.0,11.1667,100,86.38,104.22,-30.3462,18.3686,360.0,0
2018-10-09,22,7.33333,0.0,9.83333,100,74.56,66.66,-12.2597,13.7765,412.364,0
2018-10-09,23,7.16667,0.0,9.0,96,88.04,64.46,4.903,9.567,448.0,0
2018-10-10,0,7.0,0.0,8.16667,100,75.38,57.92,20.2179,6.12288,470.25,0
2018-10-10,1,7.0,0.0,7.33333,100,74.66,56.35,27.2179,6.12288,420.0,0
2018-10-10,2,6.83333,0.0,7.0,100,77.22,54.23,41.609,3.06144,436.05,0
2018-10-10,3,6.66667,0.0,6.83333,100,69.59,52.42,43.4567,2.29608,454.629,0
2018-10-10,4,6.5,0.0,6.33333,100,58.2,51.41,42.4567,2.29608,472.457,0
2018-10-10,5,6.33333,0.0,5.66667,100,56.74,53.25,41.4567,2.29608,490.629,0
2018-10-10,6,6.16667,0.0,5.33333,97,59.98,53.72,40.4567,2.29608,509.143,0
2018-10-10,7,6.0,0.0,5.16667,100,58.09,55.79,39.4567,2.29608,528.0,0
2018-10-10,8,6.0,0.0,5.16667,100,67.58,56.35,45.4567,2.29608,480.0,0
2018-10-10,9,6.0,0.0,5.5,100,58.4,52.39,44.4567,2.29608,498.343,0
2018-10-10,10,6.16667,0.0,6.5,88,58.12,45.69,43.4567,2.29608,517.029,0
2018-10-10,11,6.5,0.0,8.16667,74,55.07,40.94,43.4567,2.29608,499.8,0
2018-10-10,12,6.83333,0.0,10.0,65,48.17,33.57,51.0,0.0,517.0,0
2018-10-10,13,7.16667,0.0,12.1667,61,42.57,34.24,53.0,0.0,477.0,0
2018-10-10,14,7.5,0.0,14.1667,60,42.77,33.81,55.0,0.0,438.6,0
2018-10-10,15,7.83333,0.0,16.0,57,41.82,32.68,35.609,-3.06144,451.0,0
2018-10-10,16,7.83333,0.0,17.3333,55,38.97,35.31,22.2179,-6.12288,413.4,0
2018-10-10,17,7.66667,0.0,17.8333,70,38.31,39.18,11.2682,-11.0726,408.857,0
2018-10-10,18,7.5,0.0,17.6667,97,57.91,45.41,-0.68162,-16.0224,421.2,0
2018-10-10,19,7.5,0.0,16.8333,100,84.19,50.68,-11.3604,-22.4896,437.25,0
2018-10-10,20,7.5,0.0,15.5,100,95.97,52.47,-22.4218,-29.8806,437.25,0
2018-10-10,21,7.5,0.0,13.8333,100,81.65,86.38,-33.4833,-37.2717,437.25,0
2018-10-10,22,7.66667,0.0,12.1667,100,79.93,74.56,-29.1537,-41.6013,437.25,0
2018-10-10,23,7.83333,0.0,10.6667,97,78.7,88.04,-24.8241,-45.9309,425.829,0
2018-10-11,0,8.0,0.0,9.33333,100,72.79,75.38,-22.9357,-48.3721,408.857,0
2018-10-11,1,8.0,0.0,8.33333,100,62.6,74.66,-21.0474,-50.8134,392.229,0
2018-10-11,2,8.0,0.0,7.83333,99,61.73,77.22,-21.4301,-51.7373,390.0,0
2018-10-11,3,8.16667,0.0,7.66667,95,60.98,69.59,-21.4301,-51.7373,390.0,0
2018-10-11,4,8.33333,0.0,7.33333,96,57.98,58.2,-21.8128,-52.6612,374.85,0
2018-10-11,5,8.5,0.0,7.33333,94,56.92,56.74,-22.1954,-53.585,360.0,0
2018-10-11,6,8.66667,0.0,7.33333,100,58.03,59.98,-19.5167,-47.1179,401.85,0
2018-10-11,7,9.0,0.0,7.33333,100,58.02,58.09,-19.8994,-48.0418,386.4,0
2018-10-11,8,9.33333,0.0,7.5,100,58.29,67.58,-20.6647,-49.8895,356.4,0
2018-10-11,9,9.66667,0.0,7.83333,100,58.96,58.4,-21.4301,-51.7373,339.2,0
2018-10-11,10,10.1667,0.0,8.83333,87,58.36,58.12,-22.1954,-53.585,312.8,0
2018-10-11,11,10.8333,0.0,10.1667,70,53.47,55.07,-19.8994,-48.0418,326.8,0
2018-10-11,12,11.6667,0.0,12.0,60,48.92,48.17,-25.6477,-48.9193,285.12,0
2018-10-11,13,12.5,0.0,14.0,54,44.68,42.57,-31.7204,-49.58,240.0,0
2018-10-11,14,13.5,0.0,16.0,53,40.39,42.77,-29.4243,-44.0367,255.2,0
2018-10-11,15,14.1667,0.0,17.8333,51,36.35,41.82,-30.955,-47.7323,223.385,0
2018-10-11,16,14.5,0.0,19.0,53,34.68,38.97,-27.5028,-52.398,212.914,0
2018-10-11,17,14.5,0.0,19.3333,60,39.5,38.31,-22.9608,-55.4328,220.0,0
2018-10-11,18,14.3333,0.0,19.0,68,42.93,57.91,-22.1954,-53.585,243.6,0
2018-10-11,19,14.0,0.0,18.1667,76,47.73,84.19,-21.0474,-50.8134,264.0,0
2018-10-11,20,13.3333,0.0,17.0,82,57.32,95.97,-20.282,-48.9656,277.114,0
2018-10-11,21,12.8333,0.0,15.6667,80,50.96,81.65,-19.5167,-47.1179,291.877,0
2018-10-11,22,12.5,0.0,14.3333,83,51.1,79.93,-24.1088,-58.2044,240.0,0
2018-10-11,23,12.1667,0.0,13.1667,85,51.25,78.7,-27.6193,-54.6793,249.508,0
2018-10-12,0,11.8333,0.0,12.3333,86,52.79,72.79,-30.4227,-50.4471,269.077,0
2018-10-12,1,11.5,0.0,11.6667,87,50.33,62.6,-33.2261,-46.2149,280.8,0
2018-10-12,2,11.3333,0.0,11.1667,90,46.57,61.73,-36.4121,-42.9065,291.5,0
2018-10-12,3,11.1667,0.0,10.6667,87,46.24,60.98,-39.5982,-39.5982,302.4,0
2018-10-12,4,11.0,0.0,10.3333,87,44.42,57.98,-38.891,-38.891,305.455,0
2018-10-12,5,10.8333,0.0,10.0,89,44.59,56.92,-38.891,-38.891,305.455,0
2018-10-12,6,10.6667,0.0,9.66667,88,45.64,58.03,-38.1839,-38.1839,317.127,0
2018-10-12,7,10.5,0.0,9.33333,100,48.81,58.02,-37.4768,-37.4768,329.018,0
2018-10-12,8,10.3333,0.0,9.16667,100,48.43,58.29,-36.7697,-36.7697,341.127,0
2018-10-12,9,10.3333,0.0,9.33333,89,47.32,58.96,-36.0626,-36.0626,353.455,0
2018-10-12,10,10.6667,0.0,10.0,71,44.89,58.36,-36.0626,-36.0626,346.92,0
2018-10-12,11,11.3333,0.0,11.3333,58,43.62,53.47,-38.1839,-38.1839,309.12,0
2018-10-12,12,12.1667,0.0,13.0,50,40.68,48.92,-41.0124,-41.0124,262.08,0
2018-10-12,13,13.0,0.0,15.0,46,38.35,44.68,-37.4768,-37.4768,259.418,0
2018-10-12,14,13.8333,0.0,17.0,47,38.18,40.39,-43.5568,-35.4388,232.615,0
2018-10-12,15,14.3333,0.0,18.6667,46,36.69,36.35,-48.2226,-31.9866,221.571,0
2018-10-12,16,14.1667,0.0,19.8333,50,35.99,34.68,-48.2226,-31.9866,228.48,0
2018-10-12,17,13.5,0.0,20.1667,59,37.66,39.5,-46.1013,-29.8653,254.88,0
2018-10-12,18,12.6667,0.0,19.8333,83,49.3,42.93,-39.3142,-31.1962,302.08,0
2018-10-12,19,11.8333,0.0,19.0,90,56.01,47.73,-46.3853,-38.2673,276.48,0
2018-10-12,20,11.0,0.0,17.6667,96,61.23,57.32,-39.5982,-39.5982,318.171,0
2018-10-12,21,10.3333,0.0,16.3333,92,66.11,50.96,-36.7697,-36.7697,348.0,0
2018-10-12,22,9.83333,0.0,14.8333,90,63.34,51.1,-43.8408,-43.8408,300.0,0
2018-10-12,23,9.66667,0.0,13.5,89,68.37,51.25,-43.6704,-38.7996,312.12,0
2018-10-13,0,9.33333,0.0,12.5,90,66.0,52.79,-44.9142,-35.1726,324.48,1
2018-10-13,1,9.0,0.0,11.6667,91,55.13,50.33,-45.2342,-31.163,349.92,1
2018-10-13,2,8.5,0.0,11.1667,92,53.51,46.57,-45.5541,-27.1533,376.32,1
2018-10-13,3,8.0,0.0,10.6667,91,53.1,46.24,-44.9502,-22.761,417.72,1
2018-10-13,4,7.66667,0.0,10.1667,95,53.54,44.42,-51.4173,-25.4397,386.88,1
2018-10-13,5,7.33333,0.0,9.66667,96,53.55,44.59,-50.8134,-21.0474,417.6,1
2018-10-13,6,7.33333,0.0,9.16667,95,55.05,45.64,-48.9656,-20.282,448.0,1
2018-10-13,7,7.33333,0.0,8.83333,100,55.96,48.81,-48.0418,-19.8994,453.6,1
2018-10-13,8,7.66667,0.0,8.66667,100,59.01,48.43,-48.0418,-19.8994,453.6,1
2018-10-13,9,8.0,0.0,8.83333,100,56.18,47.32,-48.9656,-20.282,425.829,1
2018-10-13,10,8.5,0.0,9.66667,78,53.92,44.89,-50.8134,-21.0474,392.229,1
2018-10-13,11,9.16667,0.0,11.1667,64,52.41,43.62,-27.8791,-15.6899,393.6,1
2018-10-13,12,9.66667,0.0,13.0,54,51.36,40.68,-10.4119,-13.0111,341.85,1
2018-10-13,13,10.0,0.0,15.1667,50,46.98,38.35,7.97912,-9.94968,300.0,1
2018-10-13,14,10.1667,0.0,17.1667,51,43.29,38.18,33.6851,-3.44412,340.267,1
2018-10-13,15,10.3333,0.0,19.0,50,32.6,36.69,32.7612,-3.8268,334.08,1
2018-10-13,16,10.3333,0.0,20.1667,55,32.82,35.99,13.5224,-7.6536,341.127,1
2018-10-13,17,10.1667,0.0,20.5,58,36.58,37.66,-4.5487,-14.7247,353.455,1
2018-10-13,18,10.0,0.0,20.1667,85,48.32,49.3,-11.6198,-21.7958,300.0,1
2018-10-13,19,10.0,0.0,19.0,93,62.25,56.01,-29.6909,-28.8669,300.0,1
2018-10-13,20,9.83333,0.0,17.5,100,79.29,61.23,-46.762,-35.938,300.0,1
2018-10-13,21,9.66667,0.0,15.8333,93,78.36,66.11,-43.8872,-38.4752,312.12,1
2018-10-13,22,9.5,0.0,14.3333,88,69.44,63.34,-41.0124,-41.0124,324.48,1
2018-10-13,23,9.33333,0.0,13.0,87,66.45,68.37,-40.3053,-40.3053,337.08,1
2018-10-14,0,9.16667,0.0,11.8333,90,62.65,66.0,-39.5982,-39.5982,349.92,1
2018-10-14,1,9.0,0.0,11.1667,91,58.97,55.13,-38.891,-38.891,363.0,1
2018-10-14,2,9.0,0.0,10.6667,91,57.31,53.51,-38.1839,-38.1839,366.667,1
2018-10-14,3,9.0,0.0,10.1667,91,55.29,53.1,-38.1839,-38.1839,366.667,1
2018-10-14,4,9.0,0.0,9.66667,88,54.89,53.54,-38.1839,-38.1839,366.667,1
2018-10-14,5,9.16667,0.0,9.33333,88,55.23,53.55,-38.1839,-38.1839,366.667,1
2018-10-14,6,9.33333,0.0,9.16667,90,55.37,55.05,-38.891,-38.891,352.8,1
2018-10-14,7,9.5,0.0,8.83333,100,56.58,55.96,-39.5982,-39.5982,339.2,1
2018-10-14,8,9.83333,0.0,8.66667,100,55.09,59.01,-40.3053,-40.3053,325.867,1
2018-10-14,9,10.5,0.0,8.83333,100,54.96,56.18,-41.7195,-41.7195,300.0,1
2018-10-14,10,11.1667,0.0,9.5,78,52.26,53.92,-38.1839,-38.1839,309.12,1
2018-10-14,11,12.0,0.0,10.6667,62,46.1,52.41,-40.3053,-40.3053,273.48,1
2018-10-14,12,13.1667,0.0,12.1667,52,41.56,51.36,-36.7697,-36.7697,270.327,1
2018-10-14,13,14.3333,0.0,14.0,46,37.96,46.98,-41.0124,-41.0124,223.385,1
2018-10-14,14,15.5,0.0,16.0,45,31.12,43.29,-43.8408,-43.8408,188.308,1
2018-10-14,15,16.1667,0.0,17.6667,44,25.96,32.6,-36.7697,-36.7697,224.824,1
2018-10-14,16,16.5,0.0,18.6667,48,22.56,32.82,-36.7697,-36.7697,224.824,1
2018-10-14,17,16.1667,0.0,19.0,54,25.95,36.58,-47.3764,-47.3764,180.0,1
2018-10-14,18,15.3333,0.0,18.6667,62,39.89,48.32,-44.5479,-44.5479,216.333,1
2018-10-14,19,14.5,0.0,17.6667,71,53.38,62.25,-40.3053,-40.3053,258.353,1
2018-10-14,20,13.5,0.0,16.3333,78,50.67,79.29,-36.7697,-36.7697,292.32,1
2018-10-14,21,12.5,0.0,15.0,79,46.68,78.36,-45.255,-45.255,248.88,1
2018-10-14,22,11.8333,0.0,13.6667,84,45.95,69.44,-42.4266,-42.4266,269.077,1
2018-10-14,23,11.5,0.0,12.3333,87,43.86,66.45,-41.0124,-41.0124,280.8,1
2018-10-15,0,11.3333,0.0,11.3333,83,42.06,62.65,-42.6897,-36.7365,291.5,0
2018-10-15,1,11.0,0.0,10.6667,82,40.63,58.97,-41.9826,-36.0294,302.4,0
2018-10-15,2,10.6667,0.0,10.1667,82,38.79,57.31,-40.5684,-34.6152,317.127,0
2018-10-15,3,10.5,0.0,9.5,79,37.13,55.29,-39.8613,-33.9081,329.018,0
2018-10-15,4,10.1667,0.0,9.0,79,38.23,54.89,-39.1542,-33.201,341.127,0
2018-10-15,5,9.83333,0.0,8.5,81,38.8,55.23,-45.5182,-39.565,300.0,0
2018-10-15,6,9.5,0.0,8.0,80,42.07,55.37,-41.7195,-41.7195,323.345,0
2018-10-15,7,9.16667,0.0,7.5,93,42.82,56.58,-40.3053,-40.3053,337.08,0
2018-10-15,8,9.0,0.0,7.16667,94,47.0,55.09,-38.891,-38.891,363.0,0
2018-10-15,9,9.0,0.0,7.5,80,44.07,54.96,-38.1839,-38.1839,376.32,0
2018-10-15,10,9.33333,0.0,8.16667,70,36.78,52.26,-38.1839,-38.1839,366.667,0
2018-10-15,11,9.83333,0.0,9.5,55,34.89,46.1,-41.9826,-36.0294,339.2,0
2018-10-15,12,10.5,0.0,11.3333,45,32.3,41.56,-46.7052,-34.2576,300.0,0
2018-10-15,13,11.3333,0.0,13.6667,41,29.96,37.96,-46.6948,-27.2116,288.0,0
2018-10-15,14,12.0,0.0,15.8333,42,30.0,31.12,-52.3412,-25.8224,250.92,0
2018-10-15,15,12.3333,0.0,17.6667,43,29.7,25.96,-47.1179,-19.5167,286.7,0
2018-10-15,16,12.3333,0.0,19.0,48,27.08,22.56,-47.1179,-19.5167,291.877,0
2018-10-15,17,12.0,0.0,19.5,60,32.41,25.95,-57.2806,-23.7262,249.508,0
2018-10-15,18,11.5,0.0,19.0,67,43.07,39.89,-54.5089,-22.5781,279.138,0
2018-10-15,19,11.1667,0.0,17.8333,74,62.46,53.38,-49.5696,-24.6744,310.431,0
2018-10-15,20,10.8333,0.0,16.3333,78,55.58,50.67,-45.3373,-27.4777,324.8,0
2018-10-15,21,10.6667,0.0,14.6667,75,60.51,46.68,-42.029,-30.6638,329.018,0
2018-10-15,22,10.6667,0.0,13.0,79,61.42,45.95,-42.029,-30.6638,321.48,0
2018-10-15,23,10.6667,0.0,11.5,84,70.11,43.86,-42.9529,-31.0465,309.12,0
2018-10-16,0,10.5,0.0,10.5,85,71.73,42.06,-45.1206,-27.8022,317.127,0
2018-10-16,1,10.1667,0.0,9.66667,89,56.57,40.63,-45.6573,-23.4681,341.127,0
2018-10-16,2,9.66667,0.0,9.0,94,51.79,38.79,-53.9722,-26.9122,300.0,0
2018-10-16,3,9.0,0.0,8.33333,93,50.68,37.13,-53.585,-22.1954,335.345,0
2018-10-16,4,8.33333,0.0,7.83333,94,51.92,38.23,-49.8895,-20.6647,385.527,0
2018-10-16,5,7.66667,0.0,7.33333,93,52.97,38.8,-56.3567,-23.3435,360.0,0
2018-10-16,6,7.16667,0.0,6.83333,92,53.57,42.07,-51.7373,-21.4301,414.72,0
2018-10-16,7,6.66667,0.0,6.33333,100,54.09,42.82,-46.7411,-21.8459,463.6,0
2018-10-16,8,6.33333,0.0,6.16667,100,56.47,47.0,-50.9838,-26.0886,435.2,0
2018-10-16,9,6.33333,0.0,6.5,93,54.65,44.07,-46.9115,-26.8871,482.4,0
2018-10-16,10,6.5,0.0,7.33333,76,54.22,36.78,-43.5464,-28.3928,503.25,0
2018-10-16,11,7.0,0.0,8.83333,61,52.98,34.89,-43.5464,-28.3928,490.629,0
2018-10-16,12,7.66667,0.0,10.6667,50,50.11,32.3,-45.3941,-29.1581,454.629,0
2018-10-16,13,8.33333,0.0,13.0,45,44.57,29.96,-42.6225,-28.0101,432.0,0
2018-10-16,14,8.83333,0.0,15.3333,46,35.81,30.0,-47.6186,-27.5942,360.0,0
2018-10-16,15,9.0,0.0,17.1667,47,28.1,29.7,-47.4482,-22.553,361.029,0
2018-10-16,16,8.83333,0.0,18.3333,52,32.36,27.08,-49.8895,-20.6647,356.4,0
2018-10-16,17,8.5,0.0,18.6667,64,47.52,32.41,-48.9656,-20.282,380.8,0
2018-10-16,18,8.0,0.0,18.3333,73,57.59,43.07,-47.1179,-19.5167,417.72,0
2018-10-16,19,7.5,0.0,17.3333,82,66.75,62.46,-53.585,-22.1954,386.88,0
2018-10-16,20,7.16667,0.0,15.6667,94,92.46,55.58,-49.296,-23.3184,429.0,0
2018-10-16,21,7.0,0.0,13.6667,100,101.68,60.51,-45.007,-24.4414,463.6,0
2018-10-16,22,7.0,0.0,11.6667,100,108.61,61.42,-49.9567,-29.3911,420.0,0
2018-10-16,23,6.83333,0.0,10.0,97,85.57,70.11,-46.5916,-30.8968,436.05,0
2018-10-17,0,6.66667,0.0,8.66667,98,81.67,71.73,-43.4432,-32.078,454.629,0
2018-10-17,1,6.5,0.0,7.5,100,83.0,56.57,-41.2187,-33.6419,472.457,0
2018-10-17,2,6.16667,0.0,6.66667,100,76.37,51.79,-38.9942,-35.2058,490.629,0
2018-10-17,3,5.83333,0.0,6.5,88,72.13,50.68,-36.0626,-36.0626,528.0,0
2018-10-17,4,5.5,0.0,6.5,89,70.33,51.92,-39.5982,-39.5982,498.343,0
2018-10-17,5,5.33333,0.0,6.33333,90,69.01,52.97,-38.1839,-38.1839,536.057,0
2018-10-17,6,5.33333,0.0,6.0,100,77.62,53.57,-36.7697,-36.7697,575.143,0
2018-10-17,7,5.33333,0.0,6.0,100,72.06,54.09,-36.0626,-36.0626,595.2,0
2018-10-17,8,5.5,0.0,6.33333,100,73.06,56.47,-40.3053,-40.3053,540.0,0
2018-10-17,9,5.83333,0.0,6.66667,99,71.67,54.65,-39.5982,-39.5982,540.0,0
2018-10-17,11,7.0,0.0,9.0,61,63.6,52.98,-37.4768,-37.4768,524.16,0
2018-10-17,12,7.5,0.0,11.1667,47,50.68,50.11,-36.7697,-36.7697,483.36,0
2018-10-17,13,8.16667,0.0,13.5,41,39.51,44.57,-36.0626,-36.0626,451.0,0
2018-10-17,14,8.83333,0.0,15.8333,41,34.28,35.81,-38.891,-38.891,377.4,0
2018-10-17,15,9.33333,0.0,17.8333,42,33.07,28.1,-37.4768,-37.4768,361.029,0
2018-10-17,16,9.5,0.0,19.1667,49,35.39,32.36,-39.5982,-39.5982,327.6,0
2018-10-17,17,9.33333,0.0,19.6667,58,44.31,47.52,-40.3053,-40.3053,325.867,0
2018-10-17,18,9.16667,0.0,19.3333,67,85.81,57.59,-39.5982,-39.5982,339.2,0
2018-10-17,19,8.83333,0.0,18.1667,79,94.33,66.75,-38.891,-38.891,363.0,0
2018-10-17,20,8.5,0.0,16.3333,93,96.16,92.46,-37.4768,-37.4768,389.88,0
2018-10-17,21,8.16667,0.0,14.3333,95,85.02,101.68,-33.4672,-37.7968,417.72,0
2018-10-17,22,8.0,0.0,12.5,90,78.09,108.61,-36.5286,-45.1878,373.32,0
2018-10-17,23,7.83333,0.0,11.0,86,73.9,85.57,-32.519,-45.5077,388.267,0
2018-10-18,0,7.66667,0.0,9.66667,91,74.46,81.67,-31.1047,-44.0935,405.45,0
2018-10-18,1,7.5,0.0,8.83333,89,72.37,83.0,-30.3976,-43.3864,421.2,0
2018-10-18,2,7.33333,0.0,8.5,84,73.64,76.37,-29.6905,-42.6793,437.25,0
2018-10-18,3,7.16667,0.0,8.66667,73,73.1,72.13,-28.9834,-41.9722,453.6,0
2018-10-18,4,6.83333,0.0,8.5,80,72.46,70.33,-30.8717,-39.5309,470.25,0
2018-10-18,5,6.66667,0.0,8.16667,89,72.73,69.01,-35.1144,-43.7736,436.05,0
2018-10-18,6,6.5,0.0,7.83333,93,75.97,77.62,-36.2956,-40.6252,469.05,0
2018-10-18,9,6.16667,0.0,7.33333,94,73.71,71.67,-38.6638,-32.1694,528.0,0
2018-10-18,12,6.5,0.0,11.3333,51,63.37,50.68,-22.2315,-24.9487,480.0,0
2018-10-18,13,6.5,0.0,13.3333,46,59.465,39.51,-19.5062,-13.0775,517.0,0
2018-10-18,14,6.5,0.0,15.5,46,56.68,34.28,-17.5596,-3.29154,517.0,0
2018-10-18,15,6.33333,0.0,17.3333,44,62.49,33.07,-13.317,6.95112,517.0,0
2018-10-18,16,6.33333,0.0,18.6667,47,56.02,35.39,-3.53102,14.7905,517.0,0
2018-10-18,18,5.83333,0.0,18.8333,70,82.08,85.81,10.4976,25.5719,480.0,0
2018-10-18,19,5.5,0.0,18.0,75,90.05,94.33,20.5003,31.7862,499.8,0
2018-10-18,20,5.16667,0.0,16.6667,83,92.51,96.16,18.1958,33.3169,555.429,0
2018-10-18,21,4.83333,0.0,15.0,94,89.66,85.02,21.8913,34.8476,540.0,0
2018-10-18,22,4.5,0.0,13.1667,100,99.19,78.09,18.5868,36.3783,599.657,0
2018-10-18,23,4.16667,0.0,11.5,100,104.87,73.9,27.8825,36.528,649.0,0
2018-10-19,0,4.16667,0.0,10.1667,100,100.18,74.46,30.7109,39.3565,622.2,0
2018-10-19,1,4.5,0.0,9.33333,98,107.23,72.37,36.5425,37.3487,644.8,0
2018-10-19,2,4.83333,0.0,8.83333,95,95.59,73.64,40.7852,35.5914,644.8,0
2018-10-19,3,5.33333,0.0,8.66667,93,86.43,73.1,42.0858,32.3442,644.8,0
2018-10-19,9,6.83333,0.0,8.0,100,71.02,73.71,47.2029,14.1673,496.8,0
2018-10-19,10,7.33333,0.0,8.5,89,58.78,71.9,50.9602,9.92461,457.6,0
2018-10-19,12,8.66667,0.0,10.6667,69,58.11,63.37,51.9498,4.94977,395.2,0
2018-10-19,13,9.33333,0.0,12.0,61,52.83,59.465,52.0,0.0,377.143,0
2018-10-19,14,10.0,0.0,13.5,57,51.34,56.68,56.0,0.0,314.743,0
2018-10-19,15,10.5,0.0,15.0,56,51.25,62.49,52.0,0.0,326.8,0
2018-10-19,16,10.8333,0.0,16.0,62,50.05,56.02,54.0,0.0,309.12,0
2018-10-19,18,10.6667,0.0,15.8333,87,75.82,82.08,54.0,0.0,317.127,0
2018-10-19,19,10.3333,0.0,15.0,100,98.68,90.05,53.0,0.0,329.018,0
2018-10-19,20,10.0,0.0,13.8333,100,121.12,92.51,50.3149,3.44412,353.455,0
2018-10-19,21,9.66667,0.0,12.5,94,105.54,89.66,59.3149,3.44412,311.564,0
2018-10-19,22,9.33333,0.0,11.1667,91,105.45,99.19,57.3149,3.44412,335.345,0
2018-10-19,23,9.16667,0.0,10.0,88,83.22,104.87,55.3149,3.44412,349.92,0
2018-10-20,0,8.83333,0.0,9.0,87,66.76,100.18,54.3149,3.44412,363.0,1
2018-10-20,1,8.66667,0.0,8.33333,86,75.86,107.23,51.706,6.50556,380.8,1
2018-10-20,2,8.33333,0.0,7.66667,86,81.72,95.59,51.391,3.06144,395.2,1
2018-10-20,3,8.0,0.0,6.66667,98,54.56,86.43,58.391,3.06144,360.0,1
2018-10-20,8,6.83333,0.0,3.0,100,79.82,76.7,54.3358,13.3938,436.05,1
2018-10-20,9,6.83333,0.25,3.16667,95,70.9,71.02,53.4119,13.0111,452.4,1
2018-10-20,10,6.83333,0.25,3.83333,82,73.81,58.78,51.8791,15.6899,454.629,1
2018-10-20,11,6.83333,0.25,5.0,71,60.03,58.94,49.8288,20.6397,454.629,1
2018-10-20,12,7.16667,0.48,6.33333,62,54.62,58.11,47.7786,25.5894,454.629,1
2018-10-20,13,7.5,0.48,8.0,58,45.28,52.83,46.9683,28.5675,437.143,1
2018-10-20,14,7.83333,1.34,9.66667,58,51.6,51.34,41.3219,29.9567,443.143,1
2018-10-20,15,8.16667,1.95,11.0,59,51.49,51.25,41.2187,33.6419,408.857,1
2018-10-20,16,8.5,1.95,12.0,65,59.88,50.05,41.1156,37.3271,375.943,1
2018-10-20,17,8.83333,1.95,12.0,66,61.63,48.45,36.0626,36.0626,393.6,1
2018-10-20,18,9.0,1.72,11.8333,77,82.06,75.82,37.4768,39.4278,371.25,1
2018-10-20,19,8.83333,1.72,11.3333,82,78.97,98.68,38.1839,40.1349,366.667,1
2018-10-20,20,8.66667,2.13,10.6667,84,74.23,121.12,37.4768,39.4278,380.8,1
2018-10-20,21,8.5,1.27,10.0,82,64.63,105.54,38.5039,36.1252,395.2,1
2018-10-20,22,8.16667,1.27,9.16667,81,52.66,105.45,39.5309,32.8227,409.867,1
2018-10-20,23,7.83333,1.27,8.83333,82,53.35,83.22,46.5309,32.8227,374.0,1
2018-10-21,0,7.5,1.27,8.33333,86,50.47,66.76,47.1669,26.4587,402.8,1
2018-10-21,1,7.33333,1.27,7.83333,92,46.38,75.86,47.8029,18.1437,432.667,1
2018-10-21,2,7.16667,0.0,7.16667,97,46.85,81.72,48.439,11.7798,453.6,1
2018-10-21,3,7.0,0.0,6.33333,100,46.7,54.56,49.7821,6.12288,470.25,1
2018-10-21,4,6.83333,0.0,5.66667,100,45.51,64.29,56.7821,6.12288,420.0,1
2018-10-21,5,6.83333,0.0,5.0,100,47.02,52.4,55.391,3.06144,452.4,1
2018-10-21,6,6.83333,0.0,4.33333,100,42.01,52.01,52.9498,6.46716,454.629,1
2018-10-21,7,6.83333,0.0,3.66667,100,29.02,67.34,52.9498,6.46716,454.629,1
2018-10-21,8,6.66667,0.0,3.33333,100,39.61,79.82,52.9498,6.46716,454.629,1
2018-10-21,9,6.66667,0.0,3.5,100,41.99,70.9,51.9498,6.46716,472.457,1
2018-10-21,10,6.83333,0.0,4.16667,74,57.25,73.81,51.9498,6.46716,472.457,1
2018-10-21,11,6.66667,0.0,5.16667,64,63.94,60.03,51.9498,6.46716,472.457,1
2018-10-21,12,6.66667,0.0,6.5,56,42.15,54.62,50.9498,6.46716,477.0,1
2018-10-21,13,6.83333,0.0,8.16667,50,19.99,45.28,51.4169,9.14592,472.457,1
2018-10-21,14,7.16667,0.0,9.66667,48,9.53,51.6,53.8582,5.7402,454.629,1
2018-10-21,15,7.33333,0.0,10.8333,47,9.54,51.49,52.5151,11.3971,437.143,1
2018-10-21,16,7.33333,0.0,11.3333,51,7.59,59.88,45.172,17.054,460.8,1
2018-10-21,17,7.5,0.0,11.3333,64,14.45,61.63,43.1217,22.0037,460.8,1
2018-10-21,18,7.5,0.0,11.0,70,41.96,82.06,41.0715,28.4709,451.0,1
2018-10-21,19,7.16667,0.0,10.1667,80,71.28,78.97,40.0213,34.938,443.143,1
2018-10-21,20,6.83333,0.0,9.0,92,87.31,74.23,37.7968,37.8026,470.25,1
2018-10-21,21,6.5,0.0,7.66667,98,68.73,64.63,37.7968,43.8026,436.05,1
2018-10-21,22,6.33333,0.0,6.66667,90,67.12,52.66,30.4057,46.7411,469.05,1
2018-10-21,23,6.16667,0.0,6.0,84,50.36,53.35,22.4528,46.6275,503.25,1
2018-10-22,0,6.16667,0.0,5.5,89,53.97,50.47,14.4998,46.5139,528.0,0
2018-10-22,1,6.33333,0.0,5.16667,98,64.43,46.38,6.87128,48.0313,528.0,0
2018-10-22,2,6.5,0.0,5.0,100,63.8,46.85,-3.02826,46.5139,528.0,0
2018-10-22,3,6.66667,0.0,5.33333,96,60.56,46.7,-12.9278,44.9965,517.0,0
2018-10-22,4,6.83333,0.0,5.33333,100,62.48,45.51,-22.1202,44.403,496.8,0
2018-10-22,5,7.0,0.0,5.16667,95,60.92,47.02,-27.07,43.3528,477.0,0
2018-10-22,6,7.16667,0.0,5.16667,90,52.35,42.01,-32.0198,42.3026,457.6,0
2018-10-22,7,7.33333,0.0,5.0,94,43.55,29.02,-35.3806,42.4162,420.0,0
2018-10-22,8,7.5,0.0,4.83333,100,39.05,39.61,-36.0626,36.0626,460.8,0
2018-10-22,9,7.83333,0.0,4.66667,96,36.47,41.99,-36.7697,36.7697,443.143,0
2018-10-22,10,8.5,0.0,4.83333,83,33.38,57.25,-38.1839,38.1839,408.857,0
2018-10-22,11,9.66667,0.0,5.5,68,36.44,63.94,-32.4939,38.4471,393.6,0
2018-10-22,12,11.0,0.0,6.33333,56,38.66,42.15,-32.9016,46.4316,300.0,0
2018-10-22,13,12.5,0.0,7.66667,51,46.1,19.99,-27.7108,49.8999,240.0,0
2018-10-22,14,14.0,0.0,9.16667,49,40.8,9.53,-22.1954,53.585,208.145,0
2018-10-22,15,15.1667,0.0,10.5,46,42.46,9.54,-24.4915,59.1283,180.0,0
2018-10-22,16,15.8333,0.51,11.5,49,47.72,7.59,-25.2569,60.9761,180.0,0
2018-10-22,17,15.6667,1.02,11.5,64,60.99,14.45,-24.8742,60.0522,194.541,0
2018-10-22,18,15.1667,1.02,11.1667,72,71.15,41.96,-23.3435,56.3567,225.318,0
2018-10-22,19,14.5,1.5,10.6667,75,57.02,71.28,-16.8379,53.6507,252.225,0
2018-10-22,20,14.0,1.5,10.1667,76,64.31,87.31,-1.52261,50.8791,273.28,0
2018-10-22,21,13.3333,1.5,9.5,77,49.43,68.73,14.1171,46.9204,271.385,0
2018-10-22,22,12.5,0.99,8.83333,81,52.81,67.12,27.5773,43.3953,281.538,0
2018-10-22,23,11.8333,0.48,8.5,80,52.99,50.36,34.6484,50.4664,249.508,0
2018-10-23,0,11.3333,0.48,8.0,81,53.87,53.97,41.0124,45.7813,289.385,0
2018-10-23,1,10.8333,0.0,7.5,82,39.74,64.43,38.891,43.0097,328.714,0
2018-10-23,2,10.1667,0.0,6.83333,82,34.39,63.8,36.0626,42.3489,359.9,0
2018-10-23,3,9.83333,0.0,6.16667,87,27.57,60.56,43.1337,51.5877,311.1,0
2018-10-23,4,9.83333,0.0,5.5,88,21.89,62.48,34.6484,53.1024,312.12,0
2018-10-23,5,10.1667,0.0,5.0,89,17.94,60.92,27.5773,56.0313,300.0,0
2018-10-23,6,10.3333,0.0,4.66667,93,21.19,52.35,14.1422,49.4776,346.92,0
2018-10-23,7,11.0,0.76,4.33333,89,27.93,43.55,7.0711,51.2388,334.08,0
2018-10-23,8,12.3333,0.76,4.33333,87,21.49,39.05,-5.35752,54.9343,285.12,0
2018-10-23,9,14.0,0.76,4.33333,86,21.22,36.47,7.37046,51.5642,248.727,0
2018-10-23,10,16.1667,2.61,4.5,88,25.07,33.38,7.37046,49.5642,212.571,0
2018-10-23,11,18.8333,4.46,4.83333,86,27.15,36.44,12.728,59.6298,163.4,0
2018-10-23,12,22.0,4.46,5.16667,86,25.03,38.66,0.0,70.0,120.0,0
2018-10-23,13,25.6667,4.69,5.5,88,22.41,46.1,-11.4804,54.7164,146.222,0
2018-10-23,14,29.0,5.68,5.66667,88,22.89,40.8,-25.2569,60.9761,112.64,0
2018-10-23,15,33.0,6.67,5.83333,86,24.74,42.46,-28.3183,68.3671,99.2,0
2018-10-23,16,38.3333,5.81,6.16667,83,28.18,47.72,-31.3798,75.7582,77.8105,0
2018-10-23,17,43.1667,3.96,6.33333,86,27.43,60.99,-38.891,38.891,109.091,0
2018-10-23,18,46.5,3.96,6.5,85,30.89,71.15,-39.5982,39.5982,107.143,0
2018-10-23,19,48.1667,3.68,6.66667,86,35.47,57.02,-74.9537,74.9537,60.0,0
2018-10-23,20,48.8333,2.69,6.83333,88,37.43,64.31,-67.8826,67.8826,69.984,0
2018-10-23,21,48.1667,1.7,7.0,88,26.73,49.43,-62.2257,62.2257,81.7043,0
2018-10-23,22,44.8333,0.71,7.0,88,17.87,52.81,-57.983,57.983,89.1429,0
2018-10-23,23,41.3333,0.71,7.16667,85,15.95,52.99,-53.0332,53.0332,107.25,0
2018-10-24,0,39.6667,1.42,7.16667,89,11.19,53.87,-49.4977,49.4977,111.429,0
2018-10-24,1,38.3333,0.71,7.16667,86,1.13,39.74,-40.056,61.704,92.5714,0
2018-10-24,2,40.0,0.71,7.16667,86,1.34,34.39,-15.3072,74.9552,96.72,0
2018-10-24,3,41.1667,1.52,7.16667,86,1.13,27.57,36.7697,48.0418,115.385,0
2018-10-24,4,43.8333,2.33,7.0,86,0.89,21.89,70.0039,91.4641,67.2692,0
2018-10-24,5,46.6667,2.33,6.66667,86,2.33,17.94,36.0626,47.1179,117.647,0
2018-10-24,6,48.1667,1.62,6.5,87,0.89,21.19,36.7697,48.0418,115.385,0
2018-10-24,7,49.6667,1.62,6.16667,87,1.37,27.93,71.4181,82.6901,62.3769,0
2018-10-24,8,49.5,1.62,5.83333,85,4.43,21.49,67.8826,67.8826,67.4939,0
2018-10-24,9,49.6667,1.32,5.66667,80,3.48,21.22,36.0626,36.0626,117.647,0
2018-10-24,10,48.8333,0.51,5.66667,77,3.0,25.07,70.0039,70.0039,64.8471,0
2018-10-24,11,48.5,0.51,5.66667,74,7.25,27.15,66.4683,66.4683,70.2,0
2018-10-24,12,49.5,0.51,5.83333,68,6.28,25.03,67.8826,67.8826,60.0,0
2018-10-24,13,51.0,0.51,6.33333,63,5.43,22.41,38.891,38.891,109.091,0
2018-10-24,14,51.5,0.51,6.83333,62,4.9,22.89,39.5982,39.5982,107.143,0
2018-10-24,15,51.8333,0.0,7.16667,62,5.54,24.74,38.1839,38.1839,111.111,0
2018-10-24,16,51.8333,0.48,7.33333,66,7.99,28.18,73.5394,73.5394,60.0,0
2018-10-24,17,50.5,0.48,7.5,66,8.98,27.43,67.8826,67.8826,69.984,0
2018-10-24,18,47.3333,0.48,7.33333,72,8.03,30.89,62.2257,62.2257,81.7043,0
2018-10-24,19,43.1667,0.99,7.0,71,8.77,35.47,55.1546,55.1546,102.4,0
2018-10-24,20,39.0,0.99,6.66667,68,5.9,37.43,47.3764,47.3764,126.5,0
2018-10-24,21,35.1667,0.99,6.33333,65,6.29,26.73,42.4266,42.4266,142.916,0
2018-10-24,22,31.5,0.51,6.0,64,7.53,17.87,39.5982,39.5982,157.076,0
2018-10-24,23,28.1667,0.51,5.66667,63,9.91,15.95,36.0626,36.0626,179.022,0
2018-10-25,1,23.3333,0.0,5.16667,70,7.34,1.13,46.6693,46.6693,162.4,0
2018-10-25,2,21.1667,0.0,4.83333,73,6.79,1.34,42.4266,42.4266,189.382,0
2018-10-25,3,19.1667,0.0,4.5,73,7.43,1.13,38.1839,41.6523,221.76,0
2018-10-25,4,17.6667,0.0,4.16667,73,7.15,0.89,48.7906,55.5105,186.66,0
2018-10-25,5,16.5,0.0,3.83333,73,8.39,2.33,45.255,55.2265,208.8,0
2018-10-25,6,15.5,0.0,3.5,72,12.31,0.89,32.5271,57.4985,218.625,0
2018-10-25,7,14.6667,0.0,3.33333,78,15.43,1.37,21.2133,56.7164,228.48,0
2018-10-25,8,14.0,0.86,3.16667,82,21.63,4.43,10.6066,55.8582,245.92,0
2018-10-25,9,13.8333,1.72,3.16667,88,25.3,3.48,-4.59216,53.0866,273.28,0
2018-10-25,10,14.1667,2.58,3.33333,91,21.41,3.0,-14.4917,47.9861,277.114,0
2018-10-25,11,14.8333,2.58,3.66667,93,28.98,7.25,-26.5126,46.007,242.031,0
2018-10-25,12,16.3333,2.58,4.16667,98,28.97,6.28,-39.9477,46.4421,180.0,0
2018-10-25,13,18.5,2.58,5.0,89,28.7,5.43,-41.7195,41.7195,171.953,0
2018-10-25,14,21.0,2.2,6.16667,83,26.59,4.9,-29.6986,55.6986,125.621,0
2018-10-25,15,23.0,1.34,7.33333,73,16.5,5.54,19.092,50.9448,165.092,0
2018-10-25,16,24.1667,0.48,8.5,70,10.79,7.99,37.4768,48.9656,167.733,0
2018-10-25,17,24.8333,0.48,9.33333,77,9.12,8.98,54.4475,71.1388,120.0,0
2018-10-25,18,24.5,0.96,9.83333,80,12.64,8.03,51.619,67.4432,134.538,0
2018-10-25,19,23.5,0.96,9.83333,85,18.72,8.77,48.0835,62.8238,151.2,0
2018-10-25,20,22.0,0.48,9.5,85,13.98,5.9,45.255,59.1283,169.304,0
2018-10-25,21,20.6667,0.48,9.0,86,11.71,6.29,41.7195,54.5089,191.314,0
2018-10-25,22,19.6667,0.96,8.33333,88,10.75,7.53,39.5982,51.7373,207.36,0
2018-10-25,23,18.8333,0.96,7.83333,88,12.44,9.91,38.1839,49.8895,213.333,0
