data,timeofday,windspeed6,opady6,temp6,rhumid,index_avg,prev_index_avg,wind_dir_ns,wind_dir_ew,dispel50,is_weekend
2017-11-14,18,9.83333,0.0,3.66667,79,59.5,46.0,30.4057,47.7268,353.455,0
2017-11-14,19,9.16667,0.0,3.16667,78,54.62,48.91,30.4057,55.7268,323.345,0
2017-11-15,1,9.0,0.0,1.33333,72,46.08,32.35,-10.715,49.8686,377.143,0
2017-11-15,2,9.5,0.0,1.0,87,40.22,37.445,-17.079,49.2326,356.4,0
2017-11-15,3,9.83333,0.0,0.666667,86,39.865,49.545,-24.8572,49.0108,325.867,0
2017-11-15,4,10.1667,0.0,0.333333,85,46.695,49.105,-32.6354,47.789,300.0,0
2017-11-15,5,10.5,0.0,0.0,85,50.76,46.47,-33.5254,38.9374,334.08,0
2017-11-15,6,10.6667,0.0,-0.333333,89,55.345,49.51,-37.4768,37.4768,313.6,0
2017-11-15,7,11.1667,0.0,-0.5,93,61.495,49.565,-38.891,38.891,305.455,0
2017-11-15,8,11.5,0.0,-0.5,90,64.75,44.08,-39.5982,39.5982,294.0,0
2017-11-15,9,12.1667,0.0,-0.166667,82,70.425,42.36,-41.0124,41.0124,271.745,0
2017-11-15,10,12.6667,0.0,0.5,78,73.275,39.72,-36.0626,36.0626,281.455,0
2017-11-15,11,13.3333,0.0,1.33333,73,74.96,28.42,-33.6419,41.2187,255.2,0
2017-11-15,12,13.8333,0.0,2.33333,72,77.37,29.74,-25.1566,47.7334,232.615,0
2017-11-15,13,13.8333,0.0,3.16667,73,66.0,38.34,-15.9642,52.541,237.12,0
2017-11-15,14,13.5,0.0,4.0,78,61.12,36.5,-9.94968,53.0209,257.914,0
2017-11-15,15,12.8333,0.0,4.33333,81,61.7,45.075,-8.80164,50.2492,292.32,0
2017-11-15,16,12.1667,0.0,4.33333,86,76.545,49.57,-8.80164,61.2492,257.92,0
2017-11-15,17,11.1667,0.0,4.16667,88,69.15,49.57,-12.6284,55.488,297.6,0
2017-11-15,18,10.3333,0.0,3.83333,93,74.11,59.5,-16.0726,49.803,336.3,0
2017-11-16,1,8.83333,0.0,2.83333,88,57.81,46.08,-29.807,44.9606,341.85,0
2017-11-16,2,8.5,0.0,2.5,92,57.325,40.22,-26.4462,44.847,380.8,0
2017-11-16,3,8.0,0.0,2.16667,92,57.715,39.865,-22.761,44.9502,417.72,0
2017-11-16,4,7.5,0.0,1.83333,89,58.625,46.695,-22.761,51.9502,386.88,0
2017-11-16,5,7.0,0.0,1.66667,83,59.05,50.76,-17.986,50.4224,432.667,0
2017-11-16,6,6.66667,0.0,1.5,79,59.74,55.345,-17.2206,48.5746,473.28,0
2017-11-16,7,6.83333,0.0,1.5,83,62.905,61.495,-22.1704,53.5244,434.52,0
2017-11-16,8,6.66667,0.0,1.83333,84,62.54,64.75,-24.8107,46.9643,466.4,0
2017-11-16,9,6.66667,0.0,2.33333,79,60.89,70.425,-25.6093,42.8921,477.0,0
2017-11-16,10,7.0,0.0,3.0,79,55.875,73.275,-28.263,42.2986,472.457,0
2017-11-16,11,6.83333,0.0,3.66667,71,50.51,74.96,-31.2411,41.4883,454.629,0
2017-11-16,12,7.0,0.0,4.5,65,40.115,77.37,-35.4837,38.7309,457.6,0
2017-11-16,13,7.0,0.0,5.33333,66,37.48,66.0,-38.8445,38.8445,437.143,0
2017-11-16,15,7.66667,0.0,6.0,76,45.37,61.7,-43.5568,35.4388,420.0,0
2017-11-16,16,7.33333,0.0,5.83333,89,48.06,76.545,-23.847,28.5174,425.829,0
2017-11-16,17,7.66667,0.0,5.33333,100,56.45,69.15,-24.4405,25.8637,453.6,0
2017-11-16,18,7.66667,0.0,4.5,100,55.14,74.11,-10.7836,20.2068,432.0,0
2017-11-17,1,6.83333,0.0,1.33333,91,55.985,57.81,-7.60164,-15.9892,420.0,0
2017-11-17,2,7.0,0.0,1.0,92,50.945,57.325,-21.1449,-18.2853,452.4,0
2017-11-17,3,7.0,0.0,0.833333,92,50.555,57.715,-35.6121,-20.9641,454.629,0
2017-11-17,4,6.83333,0.0,0.5,91,47.065,58.625,-49.0792,-23.6428,438.6,0
2017-11-17,5,6.83333,0.0,0.166667,97,43.435,59.05,-49.0792,-23.6428,454.629,0
2017-11-17,6,6.66667,0.0,0.0,95,44.535,59.74,-49.0792,-23.6428,454.629,0
2017-11-17,7,6.5,0.0,-0.166667,96,46.3,62.905,-49.0792,-23.6428,454.629,0
2017-11-17,8,6.5,0.0,0.0,91,47.05,62.54,-47.2315,-22.8775,503.25,0
2017-11-17,9,6.5,0.0,0.333333,84,48.355,60.89,-34.5746,-17.2206,496.8,0
2017-11-17,10,6.66667,0.0,0.833333,86,47.93,55.875,-35.4985,-12.2458,490.629,0
2017-11-17,11,6.66667,0.0,1.5,80,49.24,50.51,-31.7101,-3.09984,490.629,0
2017-11-17,12,6.66667,0.0,2.16667,77,52.435,40.115,-27.9217,6.04608,477.0,0
2017-11-17,13,7.0,0.0,2.83333,77,50.66,37.48,-25.0572,14.8093,472.457,0
2017-11-17,15,6.83333,0.46,3.66667,82,55.43,45.37,-17.0977,32.1773,461.76,0
2017-11-17,16,6.83333,0.46,3.66667,88,58.215,48.06,-15.157,40.5578,454.629,0
2017-11-17,17,7.0,0.46,3.66667,92,58.845,56.45,-27.1068,45.5076,454.629,0
2017-11-17,18,7.0,0.46,3.33333,95,67.225,55.14,-26.2965,48.4857,437.143,0
2017-11-18,1,5.5,0.84,1.83333,98,57.01,55.985,-27.9519,47.4819,480.0,1
2017-11-18,2,5.16667,0.84,1.83333,94,49.36,50.945,-24.1501,45.3037,569.25,1
2017-11-18,3,5.0,0.84,1.83333,96,47.74,50.555,-25.6808,48.9992,558.45,1
2017-11-18,4,4.83333,1.45,2.0,98,47.35,47.065,-21.9374,47.9618,599.657,1
2017-11-18,5,4.83333,1.45,2.0,100,46.5,43.435,-19.2586,46.4946,610.56,1
2017-11-18,6,4.83333,1.22,2.0,100,45.99,44.535,-15.7231,48.9591,604.2,1
2017-11-18,7,5.0,0.61,2.0,100,45.8,46.3,-13.427,49.4158,604.2,1
2017-11-18,8,5.33333,0.61,2.16667,98,49.21,47.05,-12.6616,47.568,649.0,1
2017-11-18,9,5.66667,0.61,2.33333,93,42.86,48.355,-10.715,48.8686,649.0,1
2017-11-18,10,5.83333,0.0,2.5,85,42.16,47.93,-11.0977,49.7925,626.4,1
2017-11-18,11,6.16667,0.0,2.83333,83,43.83,49.24,-6.85506,49.3358,571.2,1
2017-11-18,12,6.16667,0.0,3.16667,83,45.635,52.435,1.48058,50.2597,524.16,1
2017-11-18,13,6.66667,0.0,3.66667,80,45.275,50.66,7.63664,51.1836,501.84,1
2017-11-18,14,7.0,0.0,3.83333,81,51.635,51.72,7.63664,53.1836,480.0,1
2017-11-18,15,7.0,0.0,4.0,84,54.775,55.43,7.63664,49.1836,468.0,1
2017-11-18,16,7.33333,0.0,4.0,86,53.51,58.215,9.16736,52.488,438.6,1
2017-11-18,17,7.16667,0.0,3.83333,86,52.925,58.845,8.402,54.3358,420.0,1
2017-11-18,18,7.5,0.0,3.66667,86,48.985,67.225,4.15934,48.7925,470.25,1
2017-11-19,1,11.1667,0.48,1.0,73,44.31,57.01,-35.6467,41.0588,297.0,1
2017-11-19,2,11.8333,0.48,0.833333,75,43.37,49.36,-42.9065,36.4121,282.764,1
2017-11-19,3,12.3333,0.48,1.0,72,41.86,47.74,-45.0278,38.5334,240.0,1
2017-11-19,4,13.0,0.48,1.16667,72,41.23,47.35,-39.371,32.8766,276.0,1
2017-11-19,5,13.3333,0.48,1.5,74,41.79,46.5,-40.7852,34.2908,255.2,1
2017-11-19,6,14.1667,0.48,1.66667,77,41.75,45.99,-39.5982,39.5982,248.571,1
2017-11-19,7,14.5,0.0,1.83333,79,39.34,45.8,-41.7195,41.7195,221.571,1
2017-11-19,8,15.0,0.0,2.0,77,35.35,49.21,-37.1775,44.7543,221.571,1
2017-11-19,9,15.5,0.0,2.16667,72,29.725,42.86,-33.7835,50.5607,196.114,1
2017-11-19,10,16.1667,0.0,2.33333,69,27.0,42.16,-30.3895,56.3671,194.541,1
2017-11-19,11,17.3333,0.0,2.66667,65,18.47,43.83,-19.8994,48.0418,224.824,1
2017-11-19,12,17.8333,0.0,3.0,62,17.26,45.635,-21.4301,51.7373,193.765,1
2017-11-19,13,18.3333,0.0,3.33333,62,22.355,45.275,-22.5781,54.5089,177.0,1
2017-11-19,14,18.0,0.0,3.66667,63,23.35,51.635,-22.1954,53.585,198.0,1
2017-11-19,15,17.3333,0.0,3.66667,65,26.085,54.775,-19.8994,48.0418,236.64,1
2017-11-19,16,16.0,0.0,3.66667,61,31.77,53.51,-24.8742,60.0522,214.5,1
2017-11-19,17,14.6667,0.0,3.33333,65,34.55,52.925,-24.2917,48.6457,275.718,1
2017-11-19,18,13.3333,0.0,3.0,70,30.49,48.985,-26.9786,42.1322,302.08,1
2017-11-20,1,15.0,0.23,0.166667,78,35.15,44.31,-53.1051,28.2099,225.318,0
2017-11-20,2,15.3333,0.46,0.166667,75,31.135,43.37,-49.4096,26.6792,239.4,0
2017-11-20,3,15.5,0.46,0.333333,75,29.47,41.86,-49.2033,34.0497,211.68,0
2017-11-20,4,15.8333,0.46,0.5,75,28.23,41.23,-48.073,41.0374,187.68,0
2017-11-20,5,16.0,0.46,0.666667,77,24.68,41.79,-36.7697,36.7697,228.8,0
2017-11-20,6,15.5,0.23,0.833333,77,20.77,41.75,-48.0835,48.0835,180.0,0
2017-11-20,7,15.1667,0.23,1.0,76,19.995,39.34,-43.8408,43.8408,224.0,0
2017-11-20,8,14.5,0.0,1.16667,71,18.0,35.35,-38.891,38.891,269.925,0
2017-11-20,9,14.3333,0.0,1.33333,64,20.12,29.725,-37.4768,37.4768,288.225,0
2017-11-20,10,15.0,0.0,1.66667,63,23.24,27.0,-38.1839,38.1839,255.2,0
2017-11-20,11,16.5,0.05,2.0,68,19.47,18.47,-29.574,40.398,221.4,0
2017-11-20,12,18.8333,0.1,2.33333,71,14.915,17.26,-19.6745,55.4985,151.412,0
2017-11-20,13,21.0,0.1,2.66667,73,22.725,22.355,18.3849,49.0209,174.048,0
2017-11-20,14,22.8333,0.1,2.83333,72,22.125,23.35,18.3849,73.0209,120.0,0
2017-11-20,15,23.6667,0.51,2.83333,71,23.88,26.085,18.3849,73.0209,124.754,0
2017-11-20,16,23.6667,0.56,2.5,77,28.74,31.77,0.0,71.0,135.15,0
2017-11-20,17,22.8333,0.51,2.16667,74,29.91,34.55,0.0,67.0,161.472,0
2017-11-20,18,21.5,0.79,1.83333,73,31.35,30.49,0.0,62.0,176.727,0
2017-11-21,1,13.5,0.13,1.0,72,32.935,35.15,-4.59216,54.0866,257.914,0
2017-11-21,2,13.0,0.13,1.0,78,27.675,31.135,-9.18432,51.1731,277.114,0
2017-11-21,3,12.3333,0.13,0.833333,79,21.865,29.47,-13.3938,61.3358,240.0,0
2017-11-21,4,11.5,0.13,0.666667,80,35.55,28.23,-13.3938,57.3358,286.0,0
2017-11-21,5,10.8333,0.13,0.5,82,35.64,24.68,-13.3938,51.3358,324.8,0
2017-11-21,6,10.5,0.0,0.166667,76,36.32,20.77,-8.80164,51.2492,336.3,0
2017-11-21,7,10.3333,0.0,-0.166667,80,37.03,19.995,-4.20948,50.1627,353.455,0
2017-11-21,8,10.3333,0.0,-0.333333,76,41.275,18.0,0.0,51.0,346.92,0
2017-11-21,9,10.5,0.0,-0.166667,70,43.28,20.12,0.0,52.0,326.8,0
2017-11-21,10,11.0,0.0,0.0,65,40.045,23.24,0.0,54.0,317.127,0
2017-11-21,11,11.1667,0.0,0.333333,57,38.31,19.47,8.48532,54.0866,297.0,0
2017-11-21,12,11.3333,0.0,1.0,52,34.29,14.915,16.9706,55.1731,282.764,0
2017-11-21,13,11.6667,0.0,1.66667,49,36.935,22.725,16.9706,55.1731,282.764,0
2017-11-21,14,11.8333,0.0,2.16667,53,50.02,22.125,16.9706,57.1731,260.945,0
2017-11-21,15,11.5,0.0,2.33333,61,54.635,23.88,16.9706,58.1731,260.0,0
2017-11-21,16,10.6667,0.0,2.16667,74,94.725,28.74,8.48532,56.0866,291.5,0
2017-11-21,17,9.66667,0.0,1.83333,86,113.41,29.91,0.0,52.0,341.127,0
2017-11-21,18,8.83333,0.0,1.33333,86,86.75,31.35,0.0,58.0,335.345,0
2017-11-22,1,6.0,0.0,-0.333333,76,62.515,32.935,-20.997,22.5529,575.143,0
2017-11-22,2,6.16667,0.0,-0.5,92,63.57,27.675,-28.3881,12.4915,540.6,0
2017-11-22,3,6.33333,0.0,-0.666667,92,56.045,21.865,-33.9313,4.19542,540.6,0
2017-11-22,4,6.16667,0.0,-0.666667,92,52.8,35.55,-37.1785,-3.64394,524.16,0
2017-11-22,5,6.0,0.0,-0.666667,89,57.155,35.64,-29.643,-7.17949,546.96,0
2017-11-22,6,5.83333,0.0,-0.833333,87,75.945,36.32,-30.7268,-12.6284,546.96,0
2017-11-22,7,5.33333,0.0,-1.0,92,76.795,37.03,-31.6507,-16.8379,524.16,0
2017-11-22,8,5.5,0.0,-0.833333,92,61.435,41.275,-40.1863,-20.3735,540.6,0
2017-11-22,9,5.5,1.12,-0.5,87,63.225,43.28,-37.3218,-24.5445,536.057,0
2017-11-22,10,6.16667,1.12,0.0,82,47.645,40.045,-33.1507,-27.4091,569.25,0
2017-11-22,11,7.0,2.03,0.666667,77,40.815,38.31,-28.8211,-31.7387,540.6,0
2017-11-22,12,8.0,2.94,1.33333,74,45.32,34.29,-24.8056,-34.2176,492.9,0
2017-11-22,13,8.83333,2.94,2.0,74,53.515,36.935,-32.6715,-40.7895,395.2,0
2017-11-22,14,9.66667,2.94,2.5,76,59.085,50.02,-30.6638,-42.029,361.029,0
2017-11-22,15,10.5,2.71,2.66667,80,59.61,54.635,-34.1743,-38.5039,319.2,0
2017-11-22,16,10.5,3.6,2.66667,81,68.39,94.725,-38.891,-38.891,297.0,0
2017-11-22,17,10.6667,2.69,2.5,91,70.685,113.41,-37.4768,-37.4768,336.3,0
2017-11-22,18,10.5,2.67,2.33333,92,69.17,86.75,-36.7697,-36.7697,334.08,0
2017-11-23,1,10.1667,1.26,1.16667,92,37.115,62.515,-41.5955,-31.3127,343.385,0
2017-11-23,2,9.33333,0.86,1.16667,92,34.48,63.57,-48.9865,-34.3741,321.6,0
2017-11-23,3,8.83333,0.23,1.16667,92,34.525,56.045,-47.1851,-28.2431,369.6,0
2017-11-23,4,8.66667,0.23,1.33333,92,33.72,52.8,-47.0147,-23.2019,380.8,0
2017-11-23,5,8.33333,0.23,1.5,92,32.485,57.155,-48.0418,-19.8994,403.68,0
2017-11-23,6,8.0,0.23,1.66667,92,32.865,75.945,-55.4328,-22.9608,360.0,0
2017-11-23,7,8.16667,0.23,1.83333,92,33.97,76.795,-39.194,-19.134,388.267,0
2017-11-23,8,8.33333,0.0,2.0,92,35.445,61.435,-21.8791,-15.6899,374.85,0
2017-11-23,9,8.33333,0.0,2.33333,92,33.995,63.225,-5.48804,-12.6284,360.0,0
2017-11-23,10,8.66667,0.0,2.83333,84,31.695,47.645,10.903,-9.567,360.0,0
2017-11-23,11,9.0,0.0,3.5,76,32.06,40.815,17.3702,-6.88824,386.4,0
2017-11-23,12,9.83333,0.0,4.33333,70,32.03,45.32,15.5224,-7.6536,345.257,0
2017-11-23,13,10.1667,0.0,5.33333,68,35.07,53.515,-2.56416,-12.2458,300.0,0
2017-11-23,14,10.8333,0.0,6.16667,73,39.57,59.085,-30.7268,-16.4552,326.8,0
2017-11-23,15,11.5,0.0,6.5,83,41.67,59.61,-51.7373,-21.4301,285.12,0
2017-11-23,16,11.6667,0.0,6.66667,94,45.825,68.39,-54.5089,-22.5781,250.92,0
2017-11-23,17,11.5,0.0,6.5,95,48.69,70.685,-55.4328,-22.9608,260.0,0
2017-11-23,18,11.0,0.0,6.16667,95,50.1,69.17,-52.6612,-21.8128,282.764,0
2017-11-24,1,9.33333,0.0,3.33333,100,40.62,37.115,-17.0804,-17.8444,339.2,0
2017-11-24,2,9.16667,0.0,3.16667,100,39.08,34.48,-1.7164,-11.4804,339.2,0
2017-11-24,3,9.0,0.0,3.0,100,38.49,34.525,14.5985,-8.03628,363.0,0
2017-11-24,4,8.5,0.0,3.0,93,36.68,33.72,15.5224,-0.76536,385.527,0
2017-11-24,5,8.66667,0.0,3.0,99,36.095,32.485,18.294,6.50556,409.867,0
2017-11-24,6,8.5,0.0,2.83333,100,38.85,32.865,0.0552405,10.3324,386.4,0
2017-11-24,7,8.83333,0.0,2.66667,100,39.895,33.97,-14.4119,13.0111,409.867,0
2017-11-24,8,9.33333,0.0,2.66667,100,38.7,35.445,-31.1901,20.7893,371.25,0
2017-11-24,9,9.16667,0.0,2.83333,88,36.445,33.995,-46.9683,28.5675,339.2,0
2017-11-24,10,9.66667,0.0,3.16667,79,35.645,31.695,-44.3103,30.7803,341.85,0
2017-11-24,11,9.83333,0.0,3.83333,68,36.055,32.06,-44.6975,35.4971,324.48,0
2017-11-24,12,10.3333,0.0,4.83333,61,33.72,32.03,-36.7697,36.7697,341.127,0
2017-11-24,13,10.3333,0.0,6.0,60,33.08,35.07,-36.0626,36.0626,353.455,0
2017-11-24,14,10.1667,0.0,6.83333,66,32.07,39.57,-38.4471,32.4939,333.45,0
2017-11-24,15,10.5,0.0,7.33333,80,43.56,41.67,-42.029,30.6638,329.018,0
2017-11-24,16,10.1667,0.0,7.66667,86,43.365,45.825,-43.4896,26.7124,341.127,0
2017-11-24,17,10.0,0.0,7.5,96,43.94,48.69,-51.8045,30.1565,300.0,0
2017-11-24,18,9.83333,0.0,7.0,97,49.14,50.1,-53.2651,26.2051,300.0,0
2017-11-25,1,10.8333,0.0,5.0,96,36.205,40.62,31.8373,4.20948,321.48,1
2017-11-25,2,11.1667,0.0,5.0,98,34.675,39.08,10.7508,8.80164,297.0,1
2017-11-25,3,11.3333,0.0,5.0,98,32.78,38.49,-10.3358,13.3938,282.764,1
2017-11-25,4,10.8333,0.0,5.0,99,31.315,36.68,-31.4985,17.6033,282.764,1
2017-11-25,5,10.0,0.0,5.0,100,28.845,36.095,-49.8895,20.6647,317.127,1
2017-11-25,6,9.66667,0.0,4.83333,100,29.62,38.85,-55.4328,22.9608,311.564,1
2017-11-25,7,9.33333,0.0,4.83333,100,29.905,39.895,-53.585,22.1954,345.6,1
2017-11-25,8,9.16667,0.0,4.83333,98,29.08,38.7,-32.4985,17.6033,369.6,1
2017-11-25,9,9.16667,0.0,5.0,87,29.655,36.445,-10.4119,13.0111,372.655,1
2017-11-25,10,10.1667,0.0,5.33333,89,29.165,35.645,10.7508,8.80164,341.85,1
2017-11-25,11,11.5,0.0,6.0,81,27.97,36.055,10.7508,8.80164,288.0,1
2017-11-25,12,12.3333,0.0,7.0,76,30.115,33.72,33.0657,5.35752,240.0,1
2017-11-25,13,13.0,0.0,7.83333,76,30.4,33.08,26.0657,5.35752,259.418,1
2017-11-25,14,14.0,0.0,8.66667,77,32.67,32.07,29.0657,5.35752,248.571,1
2017-11-25,15,14.8333,0.0,9.16667,83,38.125,43.56,59.0,0.0,221.571,1
2017-11-25,16,14.8333,0.0,9.33333,87,47.175,43.365,30.2179,-6.12288,204.429,1
2017-11-25,17,14.8333,0.0,9.0,100,38.81,43.94,3.2836,-11.4804,204.429,1
2017-11-26,1,14.1667,2.24,6.0,85,35.755,36.205,58.0,0.0,230.4,1
2017-11-26,2,13.6667,2.24,6.16667,92,37.41,34.675,56.0,0.0,248.571,1
2017-11-26,3,13.1667,2.24,6.33333,91,37.94,32.78,30.9134,4.59216,273.28,1
2017-11-26,4,12.3333,2.24,6.5,90,38.845,31.315,20.7508,8.80164,240.0,1
2017-11-26,5,11.8333,3.36,6.5,90,37.7,28.845,-2.56416,12.2458,295.68,1
2017-11-26,6,11.6667,2.24,6.5,72,33.43,29.62,-26.0495,20.7311,302.4,1
2017-11-26,7,11.0,2.24,6.5,68,30.965,29.905,-43.407,33.6654,280.8,1
2017-11-26,8,10.8333,2.75,6.33333,70,27.01,29.08,-26.6636,36.4643,317.127,1
2017-11-26,9,11.3333,1.63,6.0,71,30.065,29.655,-16.5009,43.2548,300.667,1
2017-11-26,10,12.1667,1.63,5.66667,65,36.67,29.165,-8.18596,53.8107,270.3,1
2017-11-26,11,13.0,1.81,5.5,70,32.965,27.97,10.1989,55.2249,268.029,1
2017-11-26,12,13.3333,1.81,5.33333,69,37.025,30.115,21.9204,46.9204,228.0,1
2017-11-26,13,13.6667,1.81,5.16667,70,47.0,30.4,33.2342,47.2342,204.429,1
2017-11-26,14,13.3333,1.3,5.0,71,45.285,32.67,40.3053,42.473,239.4,1
2017-11-26,15,12.5,1.3,5.0,71,36.24,38.125,36.7697,38.9374,302.824,1
2017-11-26,16,11.6667,1.3,4.66667,79,39.08,47.175,43.1337,45.3014,292.518,1
2017-11-26,17,10.6667,0.0,4.33333,80,60.84,38.81,37.4768,41.5955,363.825,1
2017-11-27,1,12.1667,0.0,2.66667,86,34.905,35.755,45.9517,38.9161,259.2,0
2017-11-27,2,11.8333,0.0,2.5,82,34.625,37.41,47.8458,34.3158,269.077,0
2017-11-27,3,11.5,0.0,2.33333,83,35.36,37.94,48.8161,29.3329,271.745,0
2017-11-27,4,11.8333,0.0,2.0,84,36.01,38.845,51.2006,25.7642,271.745,0
2017-11-27,5,11.5,0.0,1.66667,86,38.97,37.7,52.6148,27.1784,269.077,0
2017-11-27,6,10.8333,0.0,1.5,83,38.81,33.43,46.9683,28.5675,302.4,0
2017-11-27,7,10.5,0.0,1.33333,86,40.59,30.965,42.2458,30.3394,329.018,0
2017-11-27,8,10.1667,0.0,1.16667,84,46.17,27.01,39.1542,33.201,341.127,0
2017-11-27,9,10.0,0.0,1.16667,81,45.455,30.065,45.5182,39.565,300.0,0
2017-11-27,10,9.66667,0.0,1.33333,74,41.955,36.67,42.4266,42.4266,332.677,0
2017-11-27,11,10.1667,0.0,1.66667,67,38.87,32.965,41.0124,41.0124,312.8,0
2017-11-27,12,10.5,0.0,2.16667,60,37.175,37.025,36.7697,36.7697,334.08,0
2017-11-27,13,10.5,0.0,2.5,58,34.19,47.0,37.4768,37.4768,313.6,0
2017-11-27,14,10.5,0.0,2.83333,63,39.9,45.285,38.1839,38.1839,309.12,0
2017-11-27,15,10.1667,0.0,2.83333,67,53.265,36.24,37.4768,37.4768,329.018,0
2017-11-27,16,9.5,0.0,2.66667,76,56.46,39.08,43.1337,44.8679,300.0,0
2017-11-27,17,9.0,0.0,2.33333,72,57.82,60.84,40.3053,43.5568,357.5,0
2017-11-28,1,5.83333,0.0,-0.5,80,52.775,34.905,1.09428,43.4579,515.2,0
2017-11-28,2,6.5,0.0,-0.833333,97,51.495,34.625,7.09428,43.4579,480.0,0
2017-11-28,3,7.0,0.0,-1.16667,97,47.665,35.36,4.07341,27.7519,528.0,0
2017-11-28,4,7.16667,0.0,-1.5,95,45.945,36.01,13.0734,20.7519,461.76,0
2017-11-28,5,7.33333,0.0,-1.83333,94,46.225,38.97,4.91846,14.2191,477.0,0
2017-11-28,6,7.33333,0.0,-2.16667,90,48.3,38.81,-1.5487,5.54038,420.0,0
2017-11-28,7,7.5,0.0,-2.5,86,49.13,40.59,-1.86864,-4.59216,453.6,0
2017-11-28,8,7.66667,0.0,-2.5,80,48.06,46.17,-0.944759,-10.3324,451.0,0
2017-11-28,9,8.16667,0.0,-2.33333,76,51.49,45.455,-16.1836,-14.1592,417.6,0
2017-11-28,10,9.16667,0.0,-2.0,69,44.345,41.955,-36.2701,-18.7513,374.0,0
2017-11-28,11,10.0,0.0,-1.33333,65,39.27,38.87,-50.8134,-21.0474,329.829,0
2017-11-28,12,11.0,0.0,-0.5,60,37.78,37.175,-48.0418,-19.8994,311.143,0
2017-11-28,13,12.1667,0.0,0.5,58,41.61,34.19,-54.5089,-22.5781,250.92,0
2017-11-28,14,12.6667,0.0,1.16667,64,48.58,39.9,-47.1179,-19.5167,281.455,0
2017-11-28,15,12.6667,0.0,1.5,75,46.85,53.265,-48.9656,-20.282,265.5,0
2017-11-28,16,12.6667,0.0,1.66667,83,46.24,56.46,-48.9656,-20.282,277.114,0
2017-11-28,17,12.5,0.0,1.5,100,43.33,57.82,-59.1283,-24.4915,240.0,0
2017-11-29,1,9.5,0.0,-1.5,88,32.74,52.775,-51.7373,-21.4301,327.6,0
2017-11-29,2,9.16667,0.1,-1.66667,93,32.47,51.495,-52.6612,-21.8128,337.08,0
2017-11-29,3,8.5,0.2,-1.83333,90,30.785,47.665,-50.8134,-21.0474,372.655,0
2017-11-29,4,8.16667,0.2,-1.83333,89,28.39,45.945,-47.1179,-19.5167,409.867,0
2017-11-29,5,7.83333,0.2,-1.83333,87,29.2,46.225,-53.585,-22.1954,374.0,0
2017-11-29,6,7.5,0.2,-2.0,96,32.0,48.3,-51.7373,-21.4301,402.8,0
2017-11-29,7,7.16667,0.2,-2.16667,94,32.22,49.13,-49.8895,-20.6647,432.667,0
2017-11-29,8,7.33333,0.1,-2.16667,94,33.16,48.06,-48.0418,-19.8994,463.6,0
2017-11-29,9,7.66667,0.0,-2.0,87,33.815,51.49,-48.0418,-19.8994,453.6,0
2017-11-29,10,8.0,0.48,-1.5,73,32.88,44.345,-48.9656,-20.282,425.829,0
2017-11-29,11,8.66667,0.48,-0.833333,68,33.41,39.27,-33.4985,-17.6033,392.229,0
2017-11-29,12,9.16667,0.48,0.0,65,33.635,37.78,-9.56416,-12.2458,377.143,0
2017-11-29,13,9.33333,0.48,0.833333,66,34.275,41.61,-12.3358,-5.7402,329.829,0
2017-11-29,14,9.16667,0.96,1.66667,66,40.18,48.58,2.13136,-3.06144,339.2,0
2017-11-29,15,9.16667,0.96,2.16667,69,44.27,46.85,18.4463,0.38268,352.8,0
2017-11-29,16,9.33333,0.48,2.16667,72,43.215,46.24,35.7612,3.8268,352.8,0
2017-11-29,17,8.83333,0.48,2.0,86,44.61,43.33,36.7612,3.8268,360.0,0
2017-11-30,1,9.33333,0.56,-1.16667,89,36.88,32.74,58.0,0.0,324.48,0
2017-11-30,2,9.16667,0.56,-1.66667,100,40.555,32.47,56.0,0.0,349.92,0
2017-11-30,3,8.33333,0.56,-1.83333,94,39.715,30.785,55.0,0.0,372.655,0
2017-11-30,4,8.0,0.56,-2.0,90,42.79,28.39,49.4567,-2.29608,360.0,0
2017-11-30,5,7.5,1.25,-2.16667,91,40.24,29.2,33.507,-7.24585,388.267,0
2017-11-30,7,8.33333,1.38,-1.83333,95,44.335,32.22,2.48608,-19.2667,405.45,0
2018-10-01,0,10.5,0.0,6.66667,71,12.02,44.91,-48.0418,-19.8994,334.08,0
2018-10-01,1,10.5,0.0,6.0,71,11.74,38.04,-48.9656,-20.282,321.48,0
2018-10-01,2,10.5,0.0,5.66667,72,11.81,32.06,-48.9656,-20.282,321.48,0
2018-10-01,3,10.5,0.0,5.33333,72,11.12,34.94,-48.9656,-20.282,329.018,0
2018-10-01,4,10.3333,0.0,5.16667,72,10.71,36.38,-48.0418,-19.8994,341.127,0
2018-10-01,5,10.1667,0.0,5.16667,71,10.74,34.02,-47.1179,-19.5167,353.455,0
2018-10-01,6,10.0,0.0,5.33333,80,13.47,30.9,-56.3567,-23.3435,300.0,0
2018-10-01,7,10.1667,0.0,5.5,84,23.79,29.35,-55.4328,-22.9608,300.0,0
2018-10-01,8,10.3333,0.0,6.0,79,20.92,18.1,-25.9552,-15.3072,346.92,0
2018-10-01,9,10.6667,0.0,6.83333,69,15.21,7.82,-5.7164,-11.4804,334.08,0
2018-10-01,10,11.1667,0.0,8.0,68,19.36,3.6,15.5224,-7.6536,309.12,0
2018-10-01,11,11.8333,0.0,9.33333,59,23.16,2.96,37.7612,-3.8268,273.48,0
2018-10-01,12,12.5,0.0,10.8333,53,24.78,3.15,61.0,0.0,240.0,0
2018-10-01,13,13.0,0.0,12.5,50,24.53,3.46,53.0,0.0,265.5,0
2018-10-01,14,13.5,0.0,14.0,50,25.56,3.7,28.0657,5.35752,251.631,0
2018-10-01,15,13.5,0.0,15.1667,50,26.7,3.88,2.13136,10.715,248.571,0
2018-10-01,16,13.0,0.0,15.8333,55,28.94,2.99,-22.9552,15.3072,267.429,0
2018-10-01,17,12.1667,0.0,16.0,61,30.61,3.42,-12.9552,15.3072,240.0,0
2018-10-01,18,11.5,0.0,15.8333,64,34.38,7.86,-17.9552,15.3072,287.571,0
2018-10-01,19,10.8333,0.0,15.5,67,38.76,8.6,4.97912,9.94968,328.714,0
2018-10-01,20,10.1667,0.51,14.8333,68,35.14,19.34,8.67464,0.76536,359.9,0
2018-10-01,21,9.83333,0.51,14.1667,70,42.91,17.63,18.6746,0.76536,311.1,0
2018-10-01,22,10.0,0.51,13.5,72,58.7,13.87,39.7612,-3.8268,312.12,0
2018-10-01,23,10.3333,0.51,13.0,73,60.11,16.49,31.7612,-3.8268,346.92,0
2018-10-02,0,10.3333,0.51,12.6667,75,60.57,12.02,11.5985,0.38268,334.08,0
2018-10-02,1,10.1667,0.51,12.1667,78,43.15,11.74,11.5985,8.03628,334.08,0
2018-10-02,2,10.0,0.0,11.8333,79,40.92,11.81,-4.76547,14.4003,346.92,0
2018-10-02,3,9.83333,0.0,11.1667,87,37.21,11.12,-11.1295,20.7643,300.0,0
2018-10-02,4,9.66667,0.0,10.5,88,35.93,10.71,-24.5736,29.0792,323.345,0
2018-10-02,5,9.5,0.0,9.83333,86,36.19,10.74,-39.4004,38.318,335.345,0
2018-10-02,6,9.66667,0.0,9.0,87,38.39,13.47,-29.2377,44.1085,337.08,0
2018-10-02,7,10.1667,0.0,8.5,87,40.47,23.79,-19.9989,51.2817,312.8,0
2018-10-02,8,10.8333,0.0,8.0,85,39.44,20.92,-7.27092,50.5537,326.8,0
2018-10-02,9,11.8333,0.0,8.16667,75,36.43,15.21,5.36563,54.2492,285.12,0
2018-10-02,10,12.3333,0.0,8.83333,59,34.34,19.36,19.7991,48.8686,281.455,0
2018-10-02,11,13.1667,0.0,9.66667,50,33.03,23.16,28.9915,49.8791,265.5,0
2018-10-02,12,14.0,0.0,10.8333,45,33.76,24.78,39.5982,51.7373,242.031,0
2018-10-02,13,14.8333,0.0,11.8333,45,33.98,24.53,41.7195,54.5089,228.48,0
2018-10-02,14,15.5,0.0,12.8333,44,31.1,25.56,43.1337,56.3567,196.8,0
2018-10-02,15,15.6667,0.0,13.3333,47,30.17,26.7,33.9413,61.3462,180.0,0
2018-10-02,16,15.8333,0.0,13.3333,52,24.8,28.94,23.3346,63.488,180.0,0
2018-10-02,17,15.3333,0.0,13.1667,60,19.82,30.61,12.0209,62.706,202.024,0
2018-10-02,18,14.5,0.0,12.6667,63,22.71,34.38,0.0,59.0,241.553,0
2018-10-02,19,13.5,0.0,12.0,67,29.43,38.76,0.0,53.0,288.225,0
2018-10-02,20,12.3333,0.0,11.1667,67,30.38,35.14,-4.20948,63.1627,257.4,0
2018-10-02,21,11.3333,0.0,10.3333,68,25.34,42.91,-8.03628,56.4015,297.6,0
2018-10-02,22,10.8333,0.0,9.5,69,24.79,58.7,-15.1074,49.4726,324.8,0
2018-10-02,23,10.8333,0.0,8.66667,69,26.03,60.11,-22.8856,45.2508,329.018,0
2018-10-03,0,11.5,0.0,7.83333,70,20.79,60.57,-31.3709,42.7361,317.127,0
2018-10-03,1,12.6667,0.0,7.16667,67,22.4,43.15,-37.7681,43.1801,262.08,0
2018-10-03,2,14.3333,0.0,6.83333,66,27.81,40.92,-39.5982,39.5982,228.0,0
2018-10-03,3,16.1667,0.0,6.5,66,24.57,37.21,-30.9882,41.8122,208.32,0
2018-10-03,4,18.0,0.0,6.33333,63,21.1,35.93,-28.4179,50.6071,177.0,0
2018-10-03,5,19.6667,0.0,6.33333,61,18.37,36.19,-24.1088,58.2044,160.74,0
2018-10-03,6,20.8333,0.51,6.5,61,14.22,38.39,-24.8742,60.0522,153.6,0
2018-10-03,7,21.3333,0.51,6.83333,64,14.99,40.47,-25.2569,60.9761,152.727,0
2018-10-03,8,21.5,0.51,7.0,66,12.13,39.44,-24.8742,60.0522,158.564,0
2018-10-03,9,21.8333,2.52,7.5,67,9.03,36.43,-16.4552,60.7268,164.509,0
2018-10-03,10,22.5,2.52,8.16667,64,11.85,34.34,-8.03628,63.4015,153.6,0
2018-10-03,11,23.5,2.52,8.83333,65,11.62,33.03,-9.94968,68.0209,125.314,0
2018-10-03,12,24.6667,2.01,9.5,64,9.5,33.76,-20.6647,49.8895,159.508,0
2018-10-03,13,26.1667,2.01,10.0,70,5.09,33.98,-10.715,54.8686,149.1,0
2018-10-03,14,27.5,2.01,10.3333,67,3.58,31.1,0.0,59.0,141.931,0
2018-10-03,15,28.3333,0.0,10.5,64,5.98,30.17,0.0,59.0,144.84,0
2018-10-03,16,28.5,0.0,10.5,61,7.27,24.8,0.0,57.0,151.945,0
2018-10-03,17,28.1667,0.0,10.3333,54,7.18,19.82,0.0,55.0,159.557,0
2018-10-03,18,27.3333,0.33,10.0,57,6.06,22.71,0.0,53.0,167.733,0
2018-10-03,19,26.0,0.33,9.66667,58,10.09,29.43,0.0,77.0,120.0,0
2018-10-03,20,24.6667,0.33,9.33333,59,8.43,30.38,0.0,72.0,139.569,0
2018-10-03,21,23.3333,0.33,9.0,57,7.43,25.34,0.0,67.0,156.75,0
2018-10-03,22,22.0,0.33,8.66667,56,10.03,24.79,0.0,63.0,170.564,0
2018-10-03,23,20.8333,0.33,8.16667,55,8.88,26.03,13.4351,58.5537,184.743,0
2018-10-04,0,20.0,0.0,7.83333,54,9.24,20.79,26.8702,55.1074,193.44,0
2018-10-04,1,19.3333,0.0,7.5,55,11.63,22.4,40.3053,52.6612,195.789,0
2018-10-04,2,18.8333,0.0,7.33333,55,9.11,27.81,39.5982,51.7373,202.926,0
2018-10-04,3,18.5,0.0,7.16667,56,8.44,24.57,38.891,50.8134,210.189,0
2018-10-04,4,18.3333,0.0,6.83333,56,7.57,21.1,38.1839,49.8895,213.333,0
2018-10-04,5,18.0,0.0,6.66667,54,6.36,18.37,38.1839,49.8895,213.333,0
2018-10-04,6,17.8333,0.0,6.5,60,7.15,14.22,25.456,50.2597,221.0,0
2018-10-04,7,18.0,0.0,6.5,61,8.31,14.99,25.456,50.2597,221.0,0
2018-10-04,8,18.3333,0.0,6.5,60,8.61,12.13,26.1631,51.1836,209.012,0
2018-10-04,9,18.6667,0.0,6.83333,55,13.17,9.03,40.3053,52.6612,191.133,0
2018-10-04,10,19.5,0.0,7.33333,57,15.0,11.85,41.7195,54.5089,181.895,0
2018-10-04,11,20.6667,0.0,8.0,54,10.37,11.62,44.5479,58.2044,160.74,0
2018-10-04,12,21.8333,0.0,8.83333,53,12.12,9.5,47.3764,61.9,136.74,0
2018-10-04,13,22.6667,0.0,9.66667,56,15.68,5.09,50.9119,66.5194,125.061,0
2018-10-04,14,23.1667,0.0,10.5,55,20.6,3.58,51.619,67.4432,124.95,0
2018-10-04,15,23.5,0.0,11.0,53,14.65,5.98,50.9119,66.5194,134.832,0
2018-10-04,16,23.0,0.0,11.5,52,12.91,7.27,48.7906,63.7477,145.75,0
2018-10-04,17,21.8333,0.0,11.6667,48,12.18,7.18,45.9622,60.0522,163.409,0
2018-10-04,18,20.1667,0.0,11.5,53,19.98,6.06,41.7195,54.5089,195.873,0
2018-10-04,19,18.1667,0.0,11.0,59,27.69,10.09,36.7697,48.0418,236.64,0
2018-10-04,20,16.1667,0.0,10.3333,64,37.53,8.43,36.7697,60.0418,221.76,0
2018-10-04,21,14.3333,0.0,9.5,68,30.9,7.43,22.6275,52.5642,275.718,0
2018-10-04,22,12.6667,0.0,8.66667,70,28.84,10.03,22.6275,63.5642,248.4,0
2018-10-04,23,11.5,0.0,7.83333,70,31.9,8.88,10.6066,57.8582,295.68,0
2018-10-05,0,10.6667,0.0,7.0,71,31.5,9.24,0.0,54.0,324.8,0
2018-10-05,1,10.3333,0.0,6.33333,71,29.1,11.63,-3.8268,51.2388,341.127,0
2018-10-05,2,10.1667,0.0,5.83333,71,27.83,9.11,-7.6536,49.4776,353.455,0
2018-10-05,3,9.83333,0.0,5.33333,71,28.28,8.44,-11.4804,58.7164,300.0,0
2018-10-05,4,9.66667,0.0,4.83333,70,25.62,7.57,-14.9245,56.0313,312.12,0
2018-10-05,5,9.5,0.0,4.5,68,25.62,6.36,-18.3686,54.3462,324.48,0
2018-10-05,6,9.33333,0.0,4.33333,76,27.04,7.15,-21.8128,52.6612,337.08,0
2018-10-05,7,9.33333,0.0,4.16667,78,32.74,8.31,-24.3499,49.7864,349.92,0
2018-10-05,8,9.33333,0.0,4.33333,73,29.58,8.61,-27.5942,47.6186,349.92,0
2018-10-05,9,9.66667,0.0,5.16667,64,28.22,13.17,-30.8386,45.451,339.2,0
2018-10-05,10,10.1667,0.0,6.33333,69,29.45,15.0,-35.1726,44.9142,312.8,0
2018-10-05,11,10.8333,0.0,7.83333,60,24.95,10.37,-32.8766,39.371,326.8,0
2018-10-05,12,11.5,0.0,9.66667,53,24.27,12.12,-31.4874,45.0174,285.12,0
2018-10-05,13,12.0,0.0,11.6667,50,19.38,15.68,-29.3911,49.9567,250.92,0
2018-10-05,14,12.5,0.0,13.3333,50,18.24,20.6,-23.7343,44.2999,286.7,0
2018-10-05,15,12.6667,0.0,14.5,48,14.49,14.65,-28.3345,42.4057,281.538,0
2018-10-05,16,12.5,0.0,15.3333,50,5.45,12.91,-31.845,38.8806,291.877,0
2018-10-05,17,12.0,0.0,15.5,53,7.34,12.18,-42.0077,43.0901,249.508,0
2018-10-05,18,11.5,0.0,15.0,63,24.38,19.98,-46.2717,34.9065,279.138,0
2018-10-05,19,11.0,0.0,14.0,71,28.69,27.69,-46.318,29.5408,310.431,0
2018-10-05,20,10.5,0.0,12.8333,76,36.57,37.53,-27.1256,20.3484,336.3,0
2018-10-05,21,10.0,0.0,11.5,80,45.1,30.9,-8.64028,11.8631,353.455,0
2018-10-05,22,9.66667,0.0,10.1667,82,43.32,28.84,0.359721,11.8631,311.564,0
2018-10-05,23,9.5,0.0,9.0,82,30.04,31.9,19.5224,7.6536,324.48,0
2018-10-06,0,9.5,0.0,8.16667,84,33.06,31.5,37.7612,3.8268,337.08,1
2018-10-06,1,9.5,0.0,7.5,85,31.46,29.1,57.0,0.0,337.08,1
2018-10-06,2,9.5,0.0,7.0,86,30.78,27.83,57.0,0.0,337.08,1
2018-10-06,3,9.66667,0.0,6.66667,85,29.22,28.28,57.0,0.0,325.867,1
2018-10-06,4,9.83333,0.0,6.16667,82,27.87,25.62,58.0,0.0,312.8,1
2018-10-06,5,10.0,0.0,5.83333,91,26.55,25.62,59.0,0.0,300.0,1
2018-10-06,6,10.0,0.0,5.5,100,26.15,27.04,60.0,0.0,300.0,1
2018-10-06,7,10.1667,0.0,5.16667,100,26.55,32.74,60.0,0.0,300.0,1
2018-10-06,8,10.3333,0.0,5.33333,96,25.89,29.58,51.0,0.0,346.92,1
2018-10-06,9,10.8333,0.0,6.0,76,21.49,28.22,52.0,0.0,334.08,1
2018-10-06,10,11.5,0.0,7.33333,61,14.93,29.45,55.0,0.0,297.0,1
2018-10-06,11,12.5,0.0,9.0,51,14.36,24.95,32.0657,5.35752,250.92,1
2018-10-06,12,13.6667,0.0,10.8333,45,14.66,24.27,-3.7164,11.4804,248.727,1
2018-10-06,13,14.8333,0.0,13.1667,43,14.98,19.38,-30.4224,17.986,205.477,1
2018-10-06,14,16.1667,0.0,15.0,45,15.24,18.24,-47.1179,19.5167,229.125,1
2018-10-06,15,17.0,0.0,16.5,44,16.51,14.49,-49.8895,20.6647,209.012,1
2018-10-06,16,17.1667,0.0,17.5,48,18.69,5.45,-50.8134,21.0474,205.8,1
2018-10-06,17,16.8333,0.0,18.0,52,26.9,7.34,-48.0418,19.8994,232.737,1
2018-10-06,18,16.1667,0.0,17.8333,64,28.92,24.38,-34.0418,19.8994,200.842,1
2018-10-06,19,15.3333,0.0,17.3333,67,29.54,28.69,-3.48804,12.6284,239.733,1
2018-10-06,20,14.1667,0.0,16.6667,70,34.02,36.57,1.13136,10.715,264.0,1
2018-10-06,21,13.3333,0.0,15.6667,71,30.65,45.1,3.903,9.567,286.971,1
2018-10-06,22,13.0,0.0,14.6667,70,28.26,43.32,-22.1074,14.5418,291.877,1
2018-10-06,23,12.8333,0.0,13.6667,67,27.97,30.04,-47.1179,19.5167,291.877,1
2018-10-07,0,12.8333,0.0,13.1667,65,24.48,33.06,-47.1179,19.5167,286.7,1
2018-10-07,1,12.6667,0.0,12.5,64,21.26,31.46,-48.0418,19.8994,281.538,1
2018-10-07,2,12.5,0.0,12.0,63,20.59,30.78,-47.1179,19.5167,291.877,1
2018-10-07,3,12.1667,0.0,11.6667,62,19.33,29.22,-57.2806,23.7262,249.508,1
2018-10-07,4,11.8333,0.0,11.3333,61,20.03,27.87,-55.4328,22.9608,269.077,1
2018-10-07,5,11.5,0.0,11.1667,67,19.14,26.55,-53.585,22.1954,289.385,1
2018-10-07,6,11.3333,0.0,11.0,75,19.77,26.15,-51.7373,21.4301,302.4,1
2018-10-07,7,11.3333,0.0,11.0,77,21.19,26.55,-51.7373,21.4301,294.0,1
2018-10-07,8,11.6667,0.0,11.1667,74,23.06,25.89,-52.6612,21.8128,282.764,1
2018-10-07,9,12.1667,0.0,11.6667,65,20.64,21.49,-54.5089,22.5781,260.945,1
2018-10-07,10,12.8333,0.0,12.6667,57,22.16,14.93,-47.1179,19.5167,286.7,1
2018-10-07,11,13.6667,0.0,14.0,51,24.48,14.36,-46.638,25.5312,255.2,1
2018-10-07,12,14.3333,0.48,15.5,48,26.085,14.66,-46.8652,32.2528,223.385,1
2018-10-07,13,15.0,0.48,17.0,51,25.35,14.98,-46.1685,38.5917,204.429,1
2018-10-07,14,15.1667,0.48,18.3333,54,25.46,15.24,-44.5479,44.5479,195.52,1
2018-10-07,15,15.0,0.48,19.3333,54,25.87,16.51,-43.8408,43.8408,210.6,1
2018-10-07,16,14.3333,0.48,19.8333,54,27.24,18.69,-41.7195,41.7195,235.125,1
2018-10-07,18,12.3333,0.0,19.5,77,31.09,28.92,-38.442,49.8072,257.4,1
2018-10-07,19,11.3333,0.0,19.0,78,34.28,29.54,-30.955,47.7323,297.6,1
2018-10-07,20,10.5,0.0,18.3333,81,40.72,34.02,-28.1266,44.9038,332.215,1
2018-10-07,21,9.83333,0.0,17.5,83,40.09,30.65,-34.4906,51.2678,300.0,1
2018-10-07,22,9.5,0.0,16.5,84,40.2,28.26,-31.6622,48.4394,323.345,1
2018-10-07,23,9.33333,0.0,15.5,84,39.58,27.97,-30.8968,46.5916,337.08,1
2018-10-08,0,9.16667,0.0,14.8333,85,32.9,24.48,-30.5141,45.6677,349.92,0
2018-10-08,1,9.16667,0.0,14.1667,88,20.18,21.26,-26.6873,45.4289,363.0,0
2018-10-08,2,9.33333,0.0,13.5,90,12.92,20.59,-12.5451,45.4289,352.8,0
2018-10-08,3,9.5,0.0,12.6667,98,9.08,19.33,3.05767,42.8917,339.2,0
2018-10-08,4,9.83333,0.0,11.8333,100,5.38,20.03,18.6605,40.3545,325.867,0
2018-10-08,5,10.1667,0.0,10.8333,100,5.46,19.14,32.2673,36.2491,300.0,0
2018-10-08,6,10.5,0.0,9.83333,100,7.1,19.77,45.8741,23.1437,334.08,0
2018-10-08,7,10.6667,0.0,8.66667,100,9.97,21.19,48.9656,20.282,321.48,0
2018-10-08,8,10.8333,0.0,8.0,93,9.32,23.06,49.8895,20.6647,309.12,0
2018-10-08,9,11.0,0.0,7.83333,84,9.15,20.64,50.8134,21.0474,305.455,0
2018-10-08,10,10.6667,0.0,8.0,72,8.02,22.16,50.8134,21.0474,305.455,0
2018-10-08,11,10.3333,0.0,8.5,68,6.88,24.48,49.6507,16.8379,329.018,0
2018-10-08,12,10.0,0.0,9.33333,64,5.14,26.085,48.488,12.6284,353.455,0
2018-10-08,13,9.66667,0.0,10.5,60,5.95,25.35,42.1241,6.26445,311.564,0
2018-10-08,14,9.33333,0.0,11.3333,57,7.37,25.46,40.9614,2.05497,335.345,0
2018-10-08,15,9.0,0.0,12.1667,55,10.59,25.87,39.7987,-2.15451,360.0,0
2018-10-08,16,9.0,0.0,12.6667,55,11.12,27.24,37.9509,-9.80811,366.667,0
2018-10-08,18,9.0,0.0,12.6667,70,26.67,31.09,34.6298,-19.6162,366.667,0
2018-10-08,19,8.83333,0.0,12.0,75,37.32,34.28,44.438,-21.5672,366.667,0
2018-10-08,20,8.66667,0.0,11.1667,85,33.16,40.72,38.4994,-28.9582,380.8,0
2018-10-08,21,8.33333,0.0,10.0,89,25.06,40.09,29.4994,-36.9582,395.2,0
2018-10-08,22,8.0,0.0,8.83333,94,27.29,40.2,29.4994,-43.9582,360.0,0
2018-10-08,23,7.5,0.0,7.5,97,41.1,39.58,18.5057,-46.9812,388.267,0
2018-10-09,0,7.0,0.0,6.66667,97,19.19,32.9,7.89471,-49.0804,432.667,0
2018-10-09,1,6.66667,0.0,6.0,97,17.95,20.18,-2.71194,-46.9591,479.467,0
2018-10-09,2,6.33333,0.0,5.33333,97,28.61,12.92,-6.9546,-51.2017,450.667,0
2018-10-09,3,6.16667,0.0,5.0,92,24.74,9.08,-14.6414,-47.1295,486.0,0
2018-10-09,4,6.0,0.0,4.83333,92,33.34,5.38,-21.9455,-43.9811,520.8,0
2018-10-09,5,6.0,0.0,4.66667,91,32.7,5.46,-24.2416,-49.5244,480.0,0
2018-10-09,6,6.0,0.0,4.33333,100,33.99,7.1,-26.5376,-47.0676,498.343,0
2018-10-09,7,6.0,0.0,4.16667,100,50.87,9.97,-28.8337,-45.6109,517.029,0
2018-10-09,8,6.0,0.0,4.5,100,56.25,9.32,-30.3976,-43.3864,520.0,0
2018-10-09,9,6.16667,0.0,5.0,88,28.88,9.15,-32.3442,-42.0858,520.0,0
2018-10-09,10,6.33333,0.0,5.83333,79,24.57,8.02,-33.0513,-42.7929,499.8,0
2018-10-09,11,6.66667,0.0,7.16667,68,23.77,6.88,-33.7584,-43.5,480.0,0
2018-10-09,12,7.0,0.0,8.83333,61,25.7,5.14,-32.6641,-38.0761,496.8,0
2018-10-09,13,7.33333,0.0,10.5,57,26.5,5.95,-37.7591,-35.5943,457.6,0
2018-10-09,14,7.66667,0.0,12.0,58,25.53,7.37,-42.8541,-33.1125,420.0,0
2018-10-09,15,7.83333,0.0,13.1667,60,27.12,10.59,-43.7064,-26.388,432.0,0
2018-10-09,16,7.83333,0.0,14.0,64,28.81,11.12,-46.8547,-25.2067,408.857,0
2018-10-09,17,7.5,0.0,14.3333,68,34.46,16.1,-46.8547,-25.2067,408.857,0
2018-10-09,18,7.33333,0.0,14.1667,79,69.47,26.67,-46.1476,-24.4996,437.25,0
2018-10-09,19,7.33333,0.0,13.6667,81,102.63,37.32,-41.4353,-27.9053,453.6,0
2018-10-09,20,7.33333,0.0,12.8333,86,92.34,33.16,-37.1058,-32.235,453.6,0
2018-10-09,21,7.33333,0.0,11.8333,88,84.07,25.06,-32.7761,-36.5645,453.6,0
2018-10-09,22,7.5,0.0,10.6667,89,81.8,27.29,-31.042,-39.16,453.6,0
2018-10-09,23,7.66667,0.0,9.5,91,76.71,41.1,-29.3078,-41.7554,443.143,0
2018-10-10,0,7.66667,0.0,8.66667,93,75.24,19.19,-30.8252,-39.4844,432.0,0
2018-10-10,1,7.5,0.0,7.83333,90,74.93,17.95,-33.0497,-37.9205,425.829,0
2018-10-10,2,7.33333,0.0,7.16667,92,70.0,28.61,-36.8381,-34.1321,437.25,0
2018-10-10,3,7.0,0.0,6.5,95,64.04,24.74,-40.2438,-29.4198,453.6,0
2018-10-10,4,6.66667,0.0,6.0,89,62.78,33.34,-45.7871,-31.7159,420.0,0
2018-10-10,5,6.5,0.0,5.66667,100,58.11,32.7,-46.9683,-28.5675,452.4,0
2018-10-10,6,6.33333,0.0,5.33333,100,55.64,33.99,-45.5541,-27.1533,486.0,0
2018-10-10,7,6.16667,0.0,5.0,100,61.03,50.87,-44.1399,-25.7391,509.143,0
2018-10-10,8,6.0,0.0,5.0,100,60.41,56.25,-41.9154,-27.303,528.0,0
2018-10-10,9,6.16667,0.0,5.66667,100,64.39,28.88,-46.1581,-31.5457,480.0,0
2018-10-10,10,6.33333,0.0,6.66667,90,57.51,24.57,-44.6407,-33.8167,480.0,0
2018-10-10,11,6.5,0.0,8.0,80,43.69,23.77,-43.1233,-36.0877,480.0,0
2018-10-10,12,6.83333,0.0,9.66667,69,43.93,25.7,-36.0626,-36.0626,517.0,0
2018-10-10,13,7.16667,0.0,11.6667,61,39.9,26.5,-37.4768,-37.4768,477.0,0
2018-10-10,14,7.5,0.0,13.5,62,39.56,25.53,-38.891,-38.891,438.6,0
2018-10-10,15,7.66667,0.0,15.0,59,39.61,27.12,-33.4672,-37.7968,451.0,0
2018-10-10,16,7.83333,0.0,16.0,63,40.41,28.81,-32.2859,-40.9451,425.829,0
2018-10-10,17,8.0,0.0,16.6667,67,44.96,34.46,-30.3976,-43.3864,408.857,0
2018-10-10,18,8.0,0.0,16.5,96,56.3,69.47,-25.4478,-46.4366,392.229,0
2018-10-10,19,8.0,0.0,16.0,96,82.1,102.63,-20.4981,-49.4869,390.0,0
2018-10-10,20,8.0,0.0,15.0,97,102.64,92.34,-17.9026,-51.221,390.0,0
2018-10-10,21,8.0,0.0,13.6667,97,98.52,84.07,-15.3072,-52.9552,390.0,0
2018-10-10,22,8.0,0.0,12.3333,98,94.63,81.8,-15.3072,-52.9552,390.0,0
2018-10-10,23,8.0,0.0,11.0,91,96.24,76.71,-15.3072,-52.9552,390.0,0
2018-10-11,0,8.0,0.0,10.0,94,88.32,75.24,-15.3072,-52.9552,390.0,0
2018-10-11,1,8.0,0.0,9.16667,96,72.06,74.93,-18.3686,-52.3462,390.0,0
2018-10-11,2,8.0,0.0,8.5,98,59.22,70.0,-21.4301,-51.7373,390.0,0
2018-10-11,3,8.0,0.0,8.16667,93,56.22,64.04,-21.4301,-51.7373,390.0,0
2018-10-11,4,8.16667,0.0,8.0,95,52.61,62.78,-21.4301,-51.7373,390.0,0
2018-10-11,5,8.33333,0.0,7.83333,97,55.78,58.11,-21.8128,-52.6612,374.85,0
2018-10-11,6,8.5,0.0,7.66667,100,55.78,55.64,-22.1954,-53.585,360.0,0
2018-10-11,7,8.83333,0.0,7.5,100,58.68,61.03,-19.5167,-47.1179,401.85,0
2018-10-11,8,9.16667,0.0,7.66667,99,67.6,60.41,-20.282,-48.9656,371.25,0
2018-10-11,9,9.5,0.0,8.16667,81,55.86,64.39,-21.0474,-50.8134,341.85,0
2018-10-11,10,9.83333,0.0,9.0,72,50.07,57.51,-25.0571,-50.4935,325.867,0
2018-10-11,11,10.3333,0.0,10.3333,61,35.82,43.69,-29.3911,-49.9567,300.0,0
2018-10-11,12,11.0,0.0,12.0,53,33.69,43.93,-30.9882,-41.8122,321.48,0
2018-10-11,13,11.5,0.0,14.0,49,29.4,39.9,-36.3539,-41.7659,285.12,0
2018-10-11,14,12.0,0.0,16.0,50,25.35,39.56,-37.5019,-44.5375,250.92,0
2018-10-11,15,12.3333,0.0,17.3333,51,17.42,39.61,-27.6274,-41.6986,286.7,0
2018-10-11,16,12.3333,0.0,18.1667,56,17.24,40.41,-23.7343,-44.2999,291.877,0
2018-10-11,17,12.0,0.0,18.3333,64,25.67,44.96,-27.9438,-54.4625,249.508,0
2018-10-11,18,11.6667,0.0,18.0,93,38.44,56.3,-22.5781,-54.5089,279.138,0
2018-10-11,19,11.3333,0.0,17.0,99,41.29,82.1,-21.8128,-52.6612,299.815,0
2018-10-11,20,10.8333,0.0,15.8333,98,38.74,102.64,-21.0474,-50.8134,313.5,0
2018-10-11,21,10.5,0.0,14.6667,95,37.96,98.52,-20.282,-48.9656,329.018,0
2018-10-11,22,10.3333,0.0,13.5,90,38.27,94.63,-19.8994,-48.0418,334.08,0
2018-10-11,23,10.3333,0.0,12.3333,84,35.34,96.24,-19.8994,-48.0418,341.127,0
2018-10-12,0,10.1667,0.0,11.5,85,34.35,88.32,-19.5167,-47.1179,353.455,0
2018-10-12,1,9.83333,0.0,10.8333,86,37.1,72.06,-23.3435,-56.3567,300.0,0
2018-10-12,2,9.66667,0.0,10.1667,88,38.44,59.22,-22.5781,-54.5089,312.12,0
2018-10-12,3,9.5,0.0,9.66667,88,35.78,56.22,-22.1954,-53.585,324.48,0
2018-10-12,4,9.33333,0.0,9.16667,90,35.46,52.61,-21.8128,-52.6612,337.08,0
2018-10-12,5,9.16667,0.0,8.83333,91,35.0,55.78,-21.4301,-51.7373,349.92,0
2018-10-12,6,9.0,0.0,8.5,91,35.63,55.78,-23.9673,-48.8625,363.0,0
2018-10-12,7,9.0,0.0,8.16667,100,49.38,58.68,-26.5045,-45.9877,366.667,0
2018-10-12,8,9.0,0.0,8.16667,100,37.63,67.6,-29.4243,-44.0367,366.667,0
2018-10-12,9,9.16667,0.0,8.5,87,36.68,55.86,-32.3442,-42.0858,366.667,0
2018-10-12,10,9.5,0.0,9.5,70,35.22,50.07,-35.9712,-40.842,352.8,0
2018-10-12,11,10.0,0.0,10.8333,60,37.24,35.82,-40.3053,-40.3053,325.867,0
2018-10-12,12,10.6667,0.0,12.5,52,33.47,33.69,-36.0626,-36.0626,340.267,0
2018-10-12,13,11.3333,0.0,14.5,48,30.34,29.4,-38.891,-38.891,288.0,0
2018-10-12,14,12.0,0.0,16.3333,49,26.31,25.35,-41.7195,-41.7195,250.92,0
2018-10-12,15,12.3333,0.0,17.8333,47,24.45,17.42,-36.0626,-36.0626,286.7,0
2018-10-12,16,12.3333,0.0,18.8333,50,25.45,17.24,-32.1694,-38.6638,291.877,0
2018-10-12,17,12.0,0.0,19.1667,59,30.16,25.67,-36.3789,-48.8265,249.508,0
2018-10-12,18,11.5,0.0,18.6667,88,41.43,38.44,-31.0133,-48.8729,279.138,0
2018-10-12,19,11.0,0.0,17.8333,94,44.14,41.29,-25.6477,-48.9193,310.431,0
2018-10-12,20,10.5,0.0,16.6667,97,50.54,38.74,-20.282,-48.9656,336.3,0
2018-10-12,21,10.0,0.0,15.3333,98,52.0,37.96,-22.761,-44.9502,353.455,0
2018-10-12,22,9.66667,0.0,13.8333,95,45.13,38.27,-29.125,-51.3142,311.564,0
2018-10-12,23,9.5,0.0,12.6667,90,40.66,35.34,-31.2795,-47.5155,324.48,0
2018-10-13,0,9.33333,0.0,11.8333,91,41.98,34.35,-33.8167,-44.6407,337.08,1
2018-10-13,1,9.16667,0.0,11.1667,91,42.17,37.1,-36.3539,-41.7659,349.92,1
2018-10-13,2,9.0,0.0,10.5,92,41.48,38.44,-38.891,-38.891,363.0,1
2018-10-13,3,8.83333,0.0,10.0,93,42.03,35.78,-38.1839,-38.1839,366.667,1
2018-10-13,4,8.66667,0.0,9.5,93,43.0,35.46,-37.4768,-37.4768,380.8,1
2018-10-13,5,8.5,0.0,9.0,93,44.48,35.0,-36.7697,-36.7697,395.2,1
2018-10-13,6,8.33333,0.0,8.66667,94,42.38,35.63,-36.0626,-36.0626,409.867,1
2018-10-13,7,8.16667,0.0,8.16667,100,42.77,49.38,-41.7195,-41.7195,360.0,1
2018-10-13,8,8.0,0.0,8.0,100,52.52,37.63,-41.0124,-41.0124,374.0,1
2018-10-13,9,8.16667,0.0,8.33333,93,49.94,36.68,-40.3053,-40.3053,388.267,1
2018-10-13,10,8.5,0.0,9.33333,76,41.32,35.22,-40.3053,-40.3053,374.85,1
2018-10-13,11,9.0,0.0,10.6667,64,39.62,37.24,-36.0626,-36.0626,401.85,1
2018-10-13,12,9.66667,0.0,12.3333,55,37.34,33.47,-38.1839,-38.1839,356.4,1
2018-10-13,13,10.3333,0.0,14.3333,49,33.74,30.34,-41.0124,-41.0124,300.0,1
2018-10-13,14,11.0,0.0,16.3333,50,31.75,26.31,-38.1839,-38.1839,300.667,1
2018-10-13,15,11.3333,0.0,17.8333,48,29.65,24.45,-40.3053,-40.3053,273.48,1
2018-10-13,16,11.3333,0.0,18.6667,53,29.77,25.45,-41.0124,-41.0124,271.745,1
2018-10-13,17,11.0,0.0,19.0,61,34.28,30.16,-37.061,-42.473,291.5,1
2018-10-13,18,10.5,0.0,18.5,96,63.86,41.43,-32.0198,-42.3026,324.8,1
2018-10-13,19,10.1667,0.0,17.6667,100,50.84,44.14,-26.9786,-42.1322,359.9,1
2018-10-13,20,9.83333,0.0,16.5,100,54.28,50.54,-30.8054,-51.371,311.1,1
2018-10-13,21,9.5,0.0,15.1667,98,42.76,52.0,-29.3911,-49.9567,323.345,1
2018-10-13,22,9.33333,0.0,13.8333,94,45.32,45.13,-27.9769,-48.5425,337.08,1
2018-10-13,23,9.33333,0.0,12.6667,88,42.39,40.66,-30.5141,-45.6677,339.2,1
2018-10-14,0,9.33333,0.0,11.8333,92,45.51,41.98,-33.434,-43.7168,339.2,1
2018-10-14,1,9.16667,0.0,11.0,96,45.03,42.17,-36.3539,-41.7659,349.92,1
2018-10-14,2,9.0,0.0,10.1667,99,43.11,41.48,-38.891,-38.891,363.0,1
2018-10-14,3,9.0,0.0,9.5,98,40.86,42.03,-38.1839,-38.1839,366.667,1
2018-10-14,4,9.16667,0.0,8.83333,97,41.28,43.0,-38.1839,-38.1839,366.667,1
2018-10-14,5,9.33333,0.0,8.16667,96,42.83,44.48,-38.891,-38.891,352.8,1
2018-10-14,6,9.5,0.0,7.5,93,42.49,42.38,-39.5982,-39.5982,339.2,1
2018-10-14,7,9.83333,0.0,7.0,100,39.7,42.77,-40.3053,-40.3053,325.867,1
2018-10-14,8,10.3333,0.0,6.83333,96,37.86,52.52,-41.7195,-41.7195,300.0,1
2018-10-14,9,11.0,0.0,7.16667,78,35.11,49.94,-37.4768,-37.4768,321.48,1
2018-10-14,10,11.6667,0.0,8.16667,54,29.66,41.32,-39.5982,-39.5982,285.12,1
2018-10-14,11,12.5,0.0,9.5,45,25.94,39.62,-42.4266,-42.4266,240.0,1
2018-10-14,12,13.5,0.0,11.3333,38,23.99,37.34,-38.1839,-38.1839,255.2,1
2018-10-14,13,14.5,0.0,13.3333,35,21.74,33.74,-41.0124,-41.0124,223.385,1
2018-10-14,14,15.3333,0.0,15.3333,36,19.61,31.75,-43.8408,-43.8408,196.114,1
2018-10-14,15,15.6667,0.0,16.8333,36,17.07,29.65,-45.9622,-45.9622,180.0,1
2018-10-14,16,15.5,0.0,17.5,40,15.33,29.77,-45.9622,-45.9622,187.425,1
2018-10-14,17,14.8333,0.0,17.8333,41,16.97,34.28,-43.8408,-43.8408,217.412,1
2018-10-14,18,14.0,0.0,17.5,63,48.11,63.86,-39.5982,-39.5982,266.965,1
2018-10-14,19,13.0,0.0,16.6667,67,44.83,50.84,-47.3764,-47.3764,240.0,1
2018-10-14,20,12.0,0.0,15.5,66,39.92,54.28,-43.1337,-43.1337,276.48,1
2018-10-14,21,11.3333,0.0,14.1667,65,27.54,42.76,-40.3053,-40.3053,299.815,1
2018-10-14,22,11.0,0.0,13.0,62,24.2,45.32,-38.891,-38.891,305.455,1
2018-10-14,23,11.0,0.0,11.6667,59,20.63,42.39,-38.891,-38.891,305.455,1
2018-10-15,0,11.0,0.0,10.5,61,20.48,45.51,-38.891,-38.891,305.455,0
2018-10-15,1,11.0,0.0,9.5,65,22.46,45.03,-38.891,-38.891,305.455,0
2018-10-15,2,11.0,0.0,8.66667,68,22.21,43.11,-38.891,-38.891,305.455,0
2018-10-15,3,10.8333,0.0,8.0,69,23.14,40.86,-38.891,-38.891,305.455,0
2018-10-15,4,10.6667,0.0,7.33333,67,23.84,41.28,-38.1839,-38.1839,317.127,0
2018-10-15,5,10.5,0.0,6.83333,76,23.02,42.83,-37.4768,-37.4768,329.018,0
2018-10-15,6,10.3333,0.0,6.33333,87,29.45,42.49,-38.9374,-33.5254,341.127,0
2018-10-15,7,10.3333,0.0,5.83333,100,32.53,39.7,-40.398,-29.574,353.455,0
2018-10-15,8,10.3333,0.0,5.66667,94,30.89,37.86,-42.7825,-26.0053,346.92,0
2018-10-15,9,10.5,0.0,6.0,77,23.38,35.11,-45.8741,-23.1437,334.08,0
2018-10-15,10,10.6667,0.0,7.0,59,20.86,29.66,-48.9656,-20.282,321.48,0
2018-10-15,11,11.0,0.0,8.33333,51,20.09,25.94,-49.8895,-20.6647,309.12,0
2018-10-15,12,11.3333,0.0,10.1667,44,20.83,23.99,-51.7373,-21.4301,294.0,0
2018-10-15,13,11.5,0.0,12.5,40,21.06,21.74,-52.6612,-21.8128,282.764,0
2018-10-15,14,11.6667,0.0,14.6667,41,18.99,19.61,-53.585,-22.1954,271.745,0
2018-10-15,15,11.6667,0.0,16.3333,41,20.01,17.07,-54.5089,-22.5781,260.945,0
2018-10-15,16,11.5,0.0,17.3333,46,18.89,15.33,-54.5089,-22.5781,270.3,0
2018-10-15,17,11.0,0.0,17.8333,52,23.51,16.97,-52.6612,-21.8128,291.5,0
2018-10-15,18,10.5,0.0,17.6667,63,33.89,48.11,-47.9386,-23.5846,324.8,0
2018-10-15,19,10.0,0.0,16.8333,71,66.29,44.83,-43.216,-25.3564,359.9,0
2018-10-15,20,9.66667,0.0,15.6667,75,52.88,39.92,-49.58,-31.7204,322.4,0
2018-10-15,21,9.5,0.0,14.3333,77,51.47,27.54,-45.5645,-34.1993,335.345,0
2018-10-15,22,9.66667,0.0,13.0,77,44.69,24.2,-42.473,-37.061,337.08,0
2018-10-15,23,10.0,0.0,11.6667,74,40.02,20.63,-41.0124,-41.0124,312.8,0
2018-10-16,0,10.3333,0.0,10.6667,75,38.06,20.48,-36.0626,-36.0626,340.267,0
2018-10-16,1,10.5,0.0,9.83333,76,38.47,22.46,-39.8613,-33.9081,321.48,0
2018-10-16,2,10.5,0.0,9.16667,78,35.98,22.21,-42.029,-30.6638,321.48,0
2018-10-16,3,10.5,0.0,8.66667,78,41.09,23.14,-44.1967,-27.4195,329.018,0
2018-10-16,4,10.3333,0.0,8.33333,79,46.88,23.84,-45.6573,-23.4681,341.127,0
2018-10-16,5,10.1667,0.0,8.0,79,49.06,23.02,-47.1179,-19.5167,353.455,0
2018-10-16,6,10.0,0.0,7.66667,77,49.22,29.45,-56.3567,-23.3435,300.0,0
2018-10-16,7,10.0,0.0,7.33333,89,65.19,32.53,-55.4328,-22.9608,300.0,0
2018-10-16,8,10.0,0.0,7.5,81,49.03,30.89,-55.4328,-22.9608,300.0,0
2018-10-16,9,10.0,0.0,8.0,69,38.84,23.38,-55.4328,-22.9608,300.0,0
2018-10-16,10,9.83333,0.0,9.0,56,35.06,20.86,-55.4328,-22.9608,300.0,0
2018-10-16,11,9.83333,0.0,10.5,47,34.26,20.09,-54.5089,-22.5781,312.12,0
2018-10-16,12,9.83333,0.0,12.5,40,25.17,20.83,-35.2701,-18.7513,312.12,0
2018-10-16,13,10.0,0.0,14.8333,36,19.38,21.06,-35.2701,-18.7513,312.12,0
2018-10-16,14,10.1667,0.0,16.8333,38,21.94,18.99,-36.194,-19.134,300.0,0
2018-10-16,15,10.3333,0.0,18.5,39,21.8,20.01,-27.8791,-15.6899,340.267,0
2018-10-16,16,10.5,0.0,19.3333,45,22.62,18.89,-29.7268,-16.4552,321.48,0
2018-10-16,17,10.5,0.0,19.5,59,24.0,23.51,-48.9656,-20.282,321.48,0
2018-10-16,18,10.5,0.0,18.8333,67,30.52,33.89,-46.7979,-23.5263,329.018,0
2018-10-16,19,10.3333,0.0,17.6667,76,76.62,66.29,-45.8741,-23.1437,341.127,0
2018-10-16,20,10.1667,0.0,16.1667,79,101.11,52.88,-44.9502,-22.761,353.455,0
2018-10-16,21,9.83333,0.0,14.3333,83,97.57,51.47,-54.189,-26.5878,300.0,0
2018-10-16,22,9.66667,0.0,12.6667,87,89.93,44.69,-52.3412,-25.8224,312.12,0
2018-10-16,23,9.33333,0.0,11.3333,88,87.05,40.02,-34.1024,-21.9956,324.48,0
2018-10-17,0,9.0,0.0,10.1667,88,75.26,38.06,-19.0313,-14.9245,349.92,0
2018-10-17,1,8.5,0.0,9.33333,90,56.52,38.47,-1.79252,-11.0977,376.32,0
2018-10-17,2,8.0,0.0,8.5,90,43.51,35.98,14.4463,-7.27092,417.72,0
2018-10-17,3,7.66667,0.0,8.0,90,54.05,41.09,7.97912,-9.94968,386.88,0
2018-10-17,4,7.33333,0.0,7.66667,88,54.91,46.88,10.7508,-8.80164,417.6,0
2018-10-17,5,7.16667,0.0,7.16667,100,54.05,49.06,12.5985,-8.03628,448.0,0
2018-10-17,6,7.0,0.0,6.83333,100,53.96,49.22,-1.35125,-12.986,470.25,0
2018-10-17,7,7.0,0.0,6.33333,100,66.59,65.19,-6.30102,-17.9358,420.0,0
2018-10-17,8,6.83333,0.0,6.33333,100,67.44,49.03,-19.2508,-22.8856,436.05,0
2018-10-17,9,6.83333,0.0,6.83333,92,57.58,38.84,-31.4935,-27.1283,454.629,0
2018-10-17,10,6.83333,0.0,8.0,73,46.205,35.06,-43.4432,-32.078,454.629,0
2018-10-17,11,7.0,0.0,9.83333,57,48.74,34.26,-41.9258,-34.349,454.629,0
2018-10-17,12,7.33333,0.0,12.0,45,42.07,25.17,-41.1156,-37.3271,437.143,0
2018-10-17,13,7.66667,0.0,14.6667,39,40.05,19.38,-36.0626,-36.0626,460.8,0
2018-10-17,14,8.16667,0.0,17.0,40,39.01,21.94,-37.4768,-37.4768,425.829,0
2018-10-24,19,54.0,1.04,5.83333,62,8.86,23.58,73.5394,73.5394,60.0,0
2018-10-24,20,51.1667,1.04,5.5,61,6.86,18.12,67.8826,67.8826,69.984,0
2018-10-24,21,47.6667,1.37,5.16667,60,7.4,19.17,62.2257,62.2257,81.7043,0
2018-10-24,22,43.6667,0.99,5.0,60,6.13,21.5,55.8617,55.8617,99.0,0
2018-10-24,23,39.8333,0.99,5.16667,58,8.95,18.94,49.4977,49.4977,117.341,0
2018-10-25,1,33.3333,0.66,5.33333,54,2.8,8.36,42.4266,42.4266,142.916,0
2018-10-25,2,30.8333,0.66,5.33333,54,2.89,3.91,40.3053,40.3053,151.945,0
2018-10-25,3,29.0,0.33,5.33333,53,2.78,2.67,38.891,38.891,159.557,0
2018-10-25,4,27.6667,0.0,5.33333,54,4.0,2.24,37.4768,37.4768,167.733,0
2018-10-25,5,26.5,0.0,5.0,55,4.63,2.35,36.0626,36.0626,176.538,0
2018-10-25,6,25.3333,0.0,4.66667,56,5.33,4.32,53.0332,53.0332,124.754,0
2018-10-25,7,24.0,0.0,4.33333,64,12.87,5.04,50.2048,54.9737,139.968,0
2018-10-25,8,22.5,0.0,4.0,64,10.08,3.53,46.6693,55.7736,162.4,0
2018-10-25,9,21.1667,0.0,3.83333,61,12.49,5.78,42.4266,55.4328,189.382,0
2018-10-25,10,19.8333,1.27,3.83333,65,12.7,6.45,26.8702,53.1074,207.36,0
2018-10-25,11,18.8333,2.54,4.0,67,10.97,4.59,12.728,51.6298,221.0,0
2018-10-25,12,18.3333,2.54,4.33333,71,11.73,4.36,-6.88824,51.6298,221.0,0
2018-10-25,13,18.3333,3.23,4.66667,76,12.82,5.75,-14.1592,51.1836,209.012,0
2018-10-25,14,18.8333,3.23,5.0,79,15.83,4.5,-28.3014,48.3258,191.133,0
2018-10-25,15,19.8333,3.23,5.33333,78,17.38,11.05,-36.2624,46.5452,175.137,0
2018-10-25,16,21.6667,1.96,5.83333,69,14.82,10.7,-38.1758,51.1646,148.5,0
2018-10-25,17,23.5,0.69,6.33333,86,19.32,10.07,-9.18432,50.1731,165.6,0
2018-10-25,18,25.0,1.38,6.66667,80,18.94,11.95,20.5062,54.7925,149.1,0
2018-10-25,19,26.0,0.69,7.16667,78,17.02,8.86,40.3053,52.6612,151.945,0
2018-10-25,20,26.6667,1.17,7.66667,76,17.3,6.86,38.1839,49.8895,164.914,0
2018-10-25,21,26.6667,1.17,8.0,74,12.05,7.4,36.0626,47.1179,176.538,0
2018-10-25,22,25.8333,1.17,8.0,71,14.51,6.13,53.0332,69.291,124.754,0
2018-10-25,23,24.8333,1.17,8.0,69,7.22,8.95,50.9119,66.5194,134.832,0
