data,timeofday,windspeed6,opady6,temp6,rhumid,index_avg,prev_index_avg,wind_dir_ns,wind_dir_ew,dispel50,is_weekend
2017-11-01,4,12.6667,0.33,3.83333,73,7.33,6.78,0.0,54.0,255.2,1
2017-11-01,6,12.1667,0.33,3.83333,71,8.26,12.16,0.0,63.0,257.92,1
2017-11-01,9,12.3333,0.81,4.0,80,10.37,10.59,-14.9245,57.0313,250.364,1
2017-11-02,2,13.1667,0.82,7.5,90,8.03,8.06,-8.80164,50.2492,276.0,0
2017-11-02,3,13.0,0.59,7.5,92,6.46,5.31,-9.18432,51.1731,293.647,0
2017-11-02,4,13.0,0.59,7.33333,91,10.82,7.33,-14.1592,63.1836,248.4,0
2017-11-02,5,12.5,0.36,7.16667,89,17.98,9.67,-18.7513,57.2701,249.9,0
2017-11-02,6,12.6667,0.72,7.16667,87,17.94,8.26,-19.8994,48.0418,281.538,0
2017-11-02,7,12.8333,0.36,7.16667,86,12.39,21.11,-24.1169,45.2237,281.538,0
2017-11-02,9,12.6667,0.79,7.16667,85,16.45,10.37,-32.2277,39.8045,286.971,0
2017-11-02,10,13.5,0.79,7.33333,76,20.18,7.35,-40.713,48.2898,240.0,0
2017-11-02,11,14.3333,0.79,7.66667,76,23.53,15.1,-38.1839,38.1839,255.2,0
2017-11-02,12,15.5,0.43,8.16667,75,35.11,16.71,-43.1337,43.1337,196.8,0
2017-11-02,13,16.5,0.43,8.83333,75,34.29,21.24,-39.5982,39.5982,193.765,0
2017-11-02,14,16.5,0.0,9.5,78,42.82,14.49,-40.3053,40.3053,195.789,0
2017-11-02,15,15.6667,0.23,9.83333,77,42.18,14.05,-31.845,38.8806,244.26,0
2017-11-03,1,15.8333,0.0,7.5,78,12.41,7.94,31.82,61.5746,214.5,0
2017-11-03,2,15.1667,0.0,7.33333,78,18.7,8.03,40.3053,52.6612,252.225,0
2017-11-03,3,14.6667,0.51,7.16667,76,11.18,6.46,38.891,50.8134,257.914,0
2017-11-03,4,14.5,0.51,7.0,75,10.31,10.82,41.0124,53.585,237.12,0
2017-11-03,5,14.6667,1.02,7.0,75,12.15,17.98,41.0124,53.585,216.0,0
2017-11-03,6,14.5,1.02,6.83333,76,12.9,17.94,43.1337,56.3567,204.429,0
2017-11-03,7,15.0,1.02,6.66667,74,12.24,12.39,43.1337,56.3567,225.318,0
2017-11-03,8,15.1667,1.02,6.5,73,15.32,17.53,41.7195,54.5089,228.48,0
2017-11-03,9,15.1667,0.51,6.5,69,12.86,16.45,41.7195,54.5089,228.48,0
2017-11-03,10,15.5,0.51,6.66667,85,10.22,20.18,43.1337,56.3567,204.429,0
2017-11-03,11,15.8333,0.0,6.83333,81,11.93,23.53,45.255,59.1283,187.68,0
2017-11-03,12,16.3333,0.51,7.33333,78,17.47,35.11,36.0626,47.1179,232.941,0
2017-11-03,13,16.1667,0.51,7.83333,76,17.64,34.29,36.0626,47.1179,232.941,0
2017-11-03,14,15.6667,0.51,8.33333,75,39.27,42.82,45.9622,60.0522,194.541,0
2017-11-03,21,6.16667,0.0,6.16667,97,36.91,14.56,33.1177,48.9656,477.9,0
2017-11-04,0,6.33333,0.0,4.83333,97,17.19,12.76,17.5185,28.5267,498.667,1
2017-11-04,1,7.16667,0.0,4.33333,97,16.57,12.41,4.68735,17.533,520.8,1
2017-11-04,2,8.0,0.0,4.16667,93,15.09,18.7,-8.36057,7.08052,496.8,1
2017-11-04,5,8.0,0.0,3.33333,92,23.4,12.15,14.4849,-11.3971,374.85,1
2017-11-04,6,7.83333,0.0,3.0,93,29.79,12.9,12.7508,-8.80164,388.267,1
2017-11-04,7,7.83333,0.0,3.0,98,14.23,12.24,9.75076,-8.80164,408.857,1
2017-11-04,8,7.83333,0.0,3.0,97,18.66,15.32,8.82688,-9.18432,405.45,1
2017-11-04,9,8.33333,0.0,3.5,86,16.89,12.86,7.903,-9.567,402.8,1
2017-11-04,10,8.83333,0.0,4.33333,80,22.35,10.22,-8.87521,-17.3452,360.0,1
2017-11-04,11,10.5,0.0,5.33333,72,22.1,11.93,-32.6534,-9.567,371.25,1
2017-11-04,13,15.5,0.0,8.0,69,41.66,17.64,-16.034,-7.6536,189.164,1
2017-11-04,14,17.8333,0.0,9.16667,69,32.17,39.27,-22.6507,-16.8379,156.8,1
2017-11-04,16,19.8333,0.0,10.0,77,21.88,47.52,-60.0522,-24.8742,168.15,1
2017-11-04,21,16.1667,0.0,8.5,78,17.52,36.91,37.0657,-5.35752,180.0,1
2017-11-05,0,16.8333,0.0,7.83333,86,15.11,17.19,37.2179,6.12288,180.0,1
2017-11-05,1,16.5,0.0,7.66667,86,16.9,16.57,35.2179,6.12288,187.2,1
2017-11-05,2,16.5,0.0,7.5,85,18.2,15.09,4.35972,11.8631,195.0,1
2017-11-05,6,15.1667,0.0,7.0,86,18.41,29.79,66.0,0.0,194.133,1
2017-11-05,7,14.0,0.0,7.0,84,24.86,14.23,58.0,0.0,256.0,1
2017-11-05,8,13.1667,0.0,7.0,80,20.09,18.66,66.0,0.0,256.533,1
2017-11-05,9,12.1667,0.0,7.16667,75,16.28,16.89,61.0,0.0,276.48,1
2017-11-05,10,11.6667,0.0,7.66667,76,15.59,22.35,58.0,0.0,305.52,1
2017-11-05,11,12.0,0.0,8.33333,71,20.37,22.1,31.9134,4.59216,297.0,1
2017-11-05,13,14.8333,0.0,10.0,69,24.24,41.66,-30.4985,-8.41896,216.0,1
2017-11-05,14,15.5,0.0,10.8333,70,36.65,32.17,-48.0418,-19.8994,224.824,1
2017-11-05,15,16.6667,0.0,11.1667,75,24.12,22.85,-15.3358,-13.3938,224.824,1
2017-11-05,16,17.1667,0.0,11.0,68,27.62,21.88,19.3702,-6.88824,213.333,1
2017-11-06,0,7.66667,0.0,6.83333,83,17.18,15.11,28.9896,4.97484,394.4,0
2017-11-06,1,7.0,0.0,6.83333,84,17.61,16.9,25.294,6.50556,410.4,0
2017-11-06,2,6.33333,0.0,7.0,93,6.06,18.2,7.75076,8.80164,473.28,0
2017-11-06,3,6.0,0.0,7.0,93,2.13,23.39,1.2836,11.4804,434.52,0
2017-11-06,4,6.33333,0.0,7.16667,93,2.36,15.99,-14.2597,13.7765,507.055,0
2017-11-06,6,7.66667,0.0,7.16667,93,5.82,18.41,-36.3211,30.1675,477.0,0
2017-11-06,7,8.33333,0.0,7.33333,91,3.14,24.86,-30.7778,37.8714,420.0,0
2017-11-06,9,9.5,0.86,7.0,89,4.19,16.28,-1.53362,47.9259,349.8,0
2017-11-06,10,9.5,0.86,7.0,82,6.29,15.59,4.00966,55.6298,313.65,0
2017-11-06,11,10.1667,0.86,7.0,81,10.24,20.37,12.728,53.8957,325.867,0
2017-11-06,12,10.6667,0.86,7.16667,79,7.66,15.41,21.9204,46.9061,346.92,0
2017-11-06,14,11.5,1.32,7.33333,81,6.01,36.65,33.9413,49.5773,262.08,0
2017-11-06,15,11.5,1.32,7.5,84,22.36,24.12,36.0626,41.6986,291.877,0
2017-11-06,16,11.3333,1.32,7.5,87,25.05,27.62,43.1337,48.7697,259.2,0
2017-11-06,17,10.5,1.32,7.5,90,15.17,23.42,38.891,41.7091,321.231,0
2017-11-07,1,8.16667,0.0,6.33333,85,8.32,17.61,53.0313,14.9245,375.943,0
2017-11-07,2,8.16667,0.0,6.16667,89,11.55,6.06,53.5642,12.2458,375.943,0
2017-11-07,3,8.0,0.0,6.0,88,11.84,2.13,53.5642,6.88824,375.943,0
2017-11-07,4,7.66667,0.0,5.83333,88,13.47,2.36,53.5642,1.53072,390.0,0
2017-11-07,5,7.16667,0.0,5.66667,88,17.14,4.64,53.5642,-4.59216,414.72,0
2017-11-07,6,7.0,0.0,5.5,88,16.16,5.82,48.568,-12.6616,463.6,0
2017-11-07,9,8.0,0.0,5.5,89,13.51,4.19,35.8818,-31.9754,443.143,0
2017-11-07,10,8.16667,0.0,5.83333,90,22.83,6.29,36.4857,-36.3677,392.229,0
2017-11-07,11,9.16667,0.0,6.33333,84,23.08,10.24,30.0186,-42.689,374.85,0
2017-11-07,12,10.1667,0.25,6.83333,80,31.06,7.66,22.977,-46.4714,329.829,0
2017-11-07,14,11.5,0.25,7.83333,79,50.75,6.01,21.9956,-52.1024,262.08,0
2017-11-07,15,11.6667,0.25,8.16667,82,46.15,22.36,19.134,-55.194,240.0,0
2017-11-07,16,11.8333,0.48,8.33333,90,52.82,25.05,23.3435,-56.3567,249.9,0
2017-11-07,17,11.5,0.48,8.33333,95,51.04,15.17,18.7513,-55.2701,279.138,0
2017-11-07,21,10.6667,0.23,6.66667,100,52.02,12.92,0.0,-53.0,321.48,0
2017-11-08,1,10.6667,0.0,4.16667,100,51.81,8.32,-3.8268,-54.2388,305.455,0
2017-11-08,2,10.3333,0.0,3.66667,100,43.58,11.55,-7.27092,-51.5537,329.018,0
2017-11-08,3,9.83333,0.0,3.33333,100,53.06,11.84,-10.715,-48.8686,359.9,0
2017-11-08,4,9.33333,0.0,3.16667,100,53.66,13.47,-16.3719,-54.5255,333.9,0
2017-11-08,5,8.83333,0.0,2.83333,100,56.69,17.14,-22.7359,-48.8895,360.0,0
2017-11-08,6,8.5,0.0,2.66667,100,54.61,16.16,-25.7973,-45.2805,389.88,0
2017-11-08,8,8.33333,0.0,2.66667,100,58.97,13.66,-25.032,-43.4328,409.867,0
2017-11-08,9,8.5,0.0,2.83333,95,63.45,13.51,-28.0934,-50.8238,360.0,0
2017-11-08,10,8.16667,0.0,3.16667,90,63.12,22.83,-25.3564,-43.216,409.867,0
2017-11-08,11,8.66667,0.0,3.83333,86,61.47,23.08,-30.3062,-48.1658,374.0,0
2017-11-08,12,9.0,0.0,4.5,83,68.59,31.06,-28.659,-42.189,386.4,0
2017-11-08,13,9.66667,0.0,5.16667,82,90.46,41.71,-29.4243,-44.0367,366.667,0
2017-11-08,14,10.1667,0.0,5.83333,82,95.43,50.75,-30.955,-47.7323,300.0,0
2017-11-08,15,10.1667,0.0,6.16667,84,69.24,46.15,-25.7391,-44.1399,311.143,0
2017-11-08,16,10.3333,0.0,6.33333,86,71.21,52.82,-27.1533,-45.5541,317.127,0
2017-11-08,21,7.16667,0.0,4.5,99,54.55,52.02,-30.0732,-43.6032,453.927,0
2017-11-08,23,6.66667,0.0,3.5,100,56.68,52.37,-31.9866,-48.2226,420.0,0
2017-11-09,1,5.66667,0.0,3.0,99,52.33,51.81,-31.2795,-47.5155,480.0,0
2017-11-09,2,5.16667,0.0,2.83333,97,61.82,43.58,-28.3942,-43.0066,555.429,0
2017-11-09,3,4.5,0.0,2.83333,95,67.16,53.06,-32.0898,-44.5374,540.0,0
2017-11-09,4,4.16667,0.0,2.83333,94,71.07,53.66,-30.6755,-43.1231,540.0,0
2017-11-09,6,4.5,0.0,3.33333,92,72.75,54.61,-32.2394,-40.8986,599.657,0
2017-11-09,7,5.0,0.0,3.5,91,99.51,62.48,-32.3891,-37.2599,688.267,0
2017-11-09,8,5.0,0.0,3.66667,90,98.65,58.97,-36.6318,-33.0173,637.867,0
2017-11-09,9,5.0,0.0,4.0,86,56.68,63.45,-36.8832,-26.2331,707.143,0
2017-11-09,10,5.16667,0.0,4.5,81,55.74,63.12,-40.4187,-29.7686,660.0,0
2017-11-09,11,5.16667,0.0,5.0,76,55.55,61.47,-36.5005,-14.2226,665.6,0
2017-11-09,12,5.5,0.0,5.66667,73,56.48,68.59,-25.6075,-10.9532,620.1,0
2017-11-09,13,5.5,0.0,6.5,74,51.45,90.46,-27.4553,-11.7186,586.56,0
2017-11-09,14,5.83333,0.0,7.33333,74,47.01,95.43,-26.2158,-13.7263,563.04,0
2017-11-09,15,6.0,0.0,7.83333,77,34.33,69.24,-16.6803,-10.1908,561.0,0
2017-11-09,16,5.83333,0.0,8.0,80,49.34,71.21,-11.9052,-8.66297,583.0,0
2017-11-09,21,6.33333,0.0,6.5,84,52.51,54.55,9.29965,17.1711,480.0,0
2017-11-10,1,6.5,0.0,5.66667,82,16.25,52.33,5.30738,49.0209,505.44,0
2017-11-10,2,6.33333,0.0,5.5,79,11.29,61.82,0.35761,48.9706,503.25,0
2017-11-10,3,6.83333,0.0,5.33333,79,12.2,67.16,-4.59216,45.9204,496.8,0
2017-11-10,4,7.16667,0.0,5.16667,79,12.34,71.07,-12.2789,48.6921,469.05,0
2017-11-10,6,8.16667,0.0,4.66667,79,24.77,72.75,-26.6541,42.3489,451.0,0
2017-11-10,7,8.83333,0.0,4.5,79,22.37,99.51,-31.4292,43.8768,377.4,0
2017-11-10,8,10.0,0.0,4.5,77,21.49,98.65,-31.9615,41.1619,361.029,0
2017-11-10,9,11.3333,0.0,4.66667,70,23.12,56.68,-28.9251,40.8316,333.45,0
2017-11-10,10,12.6667,0.0,5.0,71,20.14,55.74,-26.7124,43.4896,264.48,0
2017-11-10,12,16.0,0.48,6.33333,67,31.95,56.48,-26.0635,43.9231,224.824,0
2017-11-10,13,17.3333,0.96,7.0,68,19.62,51.45,-32.9931,41.6523,204.6,0
2017-11-10,14,18.1667,0.96,7.33333,70,12.35,47.01,-40.3053,40.3053,195.789,0
2017-11-10,15,19.0,0.96,7.33333,71,7.46,34.33,-40.3053,40.3053,195.789,0
2017-11-10,16,20.3333,0.96,7.16667,70,8.55,49.34,-42.4266,42.4266,175.137,0
2017-11-10,21,21.3333,0.94,6.0,70,8.36,52.51,-44.5479,44.5479,179.95,0
2017-11-11,0,19.3333,1.88,5.5,72,4.66,23.06,-33.8167,44.6407,186.353,1
2017-11-11,1,19.5,1.91,5.33333,73,4.93,16.25,-29.4494,51.0974,180.0,1
2017-11-11,2,20.0,1.91,5.0,76,4.04,11.29,-22.9608,55.4328,180.0,1
2017-11-11,3,20.8333,1.91,4.5,76,1.8,12.2,-24.1088,58.2044,160.74,1
2017-11-11,5,21.3333,0.97,3.83333,74,4.36,24.35,-8.80164,64.2492,157.617,1
2017-11-11,6,21.3333,0.97,3.33333,73,4.5,24.77,0.0,65.0,158.564,1
2017-11-11,8,20.3333,0.0,2.66667,67,11.9,21.49,0.0,60.0,189.382,1
2017-11-11,9,21.0,0.0,2.66667,62,10.18,23.12,0.0,57.0,200.34,1
2017-11-11,10,21.1667,0.0,2.83333,55,14.94,20.14,0.0,63.0,150.333,1
2017-11-11,12,23.3333,0.48,3.83333,45,13.55,31.95,-10.715,73.8686,120.0,1
2017-11-11,13,25.1667,1.27,4.5,46,13.62,19.62,-21.0474,50.8134,159.557,1
2017-11-11,14,26.0,1.27,5.0,52,12.55,12.35,-10.3324,53.9448,151.467,1
2017-11-11,15,24.5,1.27,5.33333,61,11.95,7.46,0.0,53.0,172.966,1
2017-11-12,1,11.1667,0.56,3.16667,79,3.86,4.93,-33.201,39.1542,341.127,1
2017-11-12,2,11.6667,0.56,2.83333,86,2.18,4.04,-34.7317,42.8497,275.6,1
2017-11-12,3,12.5,0.56,2.5,84,1.39,1.8,-28.0684,43.7632,253.08,1
2017-11-12,5,13.8333,0.56,2.0,81,3.88,4.36,-11.0977,54.7925,245.92,1
2017-11-12,6,13.5,0.0,1.66667,83,9.66,4.5,-5.35752,52.9343,267.429,1
2017-11-12,8,12.5,0.0,1.5,83,5.84,11.9,8.48532,61.0866,258.514,1
2017-11-12,9,12.1667,0.0,1.66667,77,4.23,10.18,17.6777,59.097,268.029,1
2017-11-12,10,11.5,0.0,2.0,77,8.6,14.94,17.6777,57.097,270.3,1
2017-11-12,11,11.5,0.0,2.66667,69,10.06,13.22,13.8509,54.3358,291.5,1
2017-11-12,12,11.6667,0.0,3.33333,63,7.08,13.55,0.77347,54.3358,273.48,1
2017-11-12,13,12.5,0.0,4.16667,60,26.77,13.62,-4.20137,56.3462,269.077,1
2017-11-12,14,12.6667,0.0,4.66667,59,51.21,12.55,-19.134,58.194,240.0,1
2017-11-12,15,12.0,0.0,5.0,61,43.35,11.95,-20.6647,49.8895,255.2,1
2017-11-13,1,10.5,1.93,2.0,89,5.23,3.86,-28.9915,-38.9915,359.9,0
2017-11-13,2,10.5,1.93,1.83333,92,6.8,2.18,-15.914,-41.5928,340.267,0
2017-11-13,3,10.8333,2.62,1.83333,92,10.76,1.39,-9.55004,-47.2288,300.667,0
2017-11-13,4,11.5,2.62,2.0,92,7.13,2.26,1.02343,-51.0275,294.0,0
2017-11-13,5,12.0,3.31,2.0,92,5.26,3.88,20.8121,-48.2241,262.08,0
2017-11-13,8,15.3333,1.38,2.0,92,12.29,5.84,57.4224,8.03628,196.8,0
2017-11-13,9,16.6667,0.69,2.0,92,10.42,4.23,49.8895,20.6647,209.012,0
2017-11-13,10,17.1667,0.69,2.0,80,10.18,8.6,51.7373,21.4301,193.765,0
2017-11-13,11,17.8333,0.84,2.16667,78,9.57,10.06,47.3451,26.2383,214.5,0
2017-11-13,12,17.8333,0.84,2.33333,77,13.69,7.08,41.5955,31.3127,225.095,0
2017-11-13,13,18.1667,0.84,2.5,76,14.03,26.77,36.0626,36.0626,229.125,0
2017-11-13,15,17.1667,0.84,3.0,78,10.56,43.35,37.4768,37.4768,216.847,0
2017-11-13,16,16.8333,0.84,3.16667,79,13.02,24.8,36.7697,36.7697,232.737,0
2017-11-14,0,13.8333,0.0,2.0,79,5.01,6.29,38.1839,46.4212,279.0,0
2017-11-14,1,14.0,0.0,1.66667,79,7.47,5.23,36.7697,48.0418,270.327,0
2017-11-14,2,14.0,0.0,1.66667,82,7.9,6.8,40.3053,52.6612,232.615,0
2017-11-14,3,14.6667,0.0,1.66667,81,8.99,10.76,42.4266,55.4328,212.914,0
2017-11-14,4,14.6667,0.0,1.66667,80,11.11,7.13,43.1337,56.3567,204.429,0
2017-11-14,5,14.5,0.0,1.5,80,11.57,5.26,42.4266,55.4328,226.8,0
2017-11-14,7,13.3333,0.0,1.33333,80,14.19,6.71,36.7697,48.0418,292.32,0
2017-11-14,8,12.5,0.0,1.0,73,12.52,12.29,45.255,56.5271,248.88,0
2017-11-14,9,11.3333,0.0,0.833333,69,12.15,10.42,42.4266,52.8316,269.077,0
2017-11-14,10,10.6667,0.0,1.0,71,11.26,10.18,38.891,48.2122,321.231,0
2017-11-14,12,10.3333,0.0,1.83333,61,10.18,13.69,21.9204,46.039,359.9,0
2017-11-14,13,10.6667,0.0,2.66667,59,30.29,14.03,21.9204,57.039,300.0,0
2017-11-14,15,12.1667,0.0,4.0,68,10.18,10.56,11.3138,50.7821,270.327,0
2017-11-14,16,12.5,0.0,4.0,72,10.18,13.02,11.3138,51.7821,259.418,0
2017-11-14,21,9.83333,0.0,2.33333,82,14.73,5.82,3.56873,58.3254,322.4,0
2017-11-15,0,10.0,0.0,1.5,73,32.1,5.01,-28.5144,37.5144,340.267,0
2017-11-15,1,10.3333,0.0,1.5,74,30.9,7.47,-34.8783,34.8783,353.455,0
2017-11-15,2,10.5,0.0,1.5,76,25.26,7.9,-38.4471,32.4939,353.455,0
2017-11-15,3,10.5,0.0,1.5,79,23.37,8.99,-39.1542,33.201,341.127,0
2017-11-15,4,10.5,0.0,1.66667,81,38.68,11.11,-36.7697,36.7697,326.8,0
2017-11-15,6,10.6667,0.0,2.33333,82,74.36,14.28,-32.078,43.4432,305.455,0
2017-11-15,8,10.0,0.0,2.83333,84,13.08,12.52,-19.2586,46.4946,341.127,0
2017-11-15,9,9.33333,0.0,3.16667,84,10.5,12.15,-19.2586,54.4946,311.564,0
2017-11-15,10,8.83333,0.0,3.66667,85,10.21,11.26,-11.4804,53.7164,360.0,0
2017-11-15,13,8.16667,0.0,5.5,77,34.14,30.29,-9.567,49.097,425.455,0
2017-11-16,0,6.0,0.0,4.0,91,64.03,32.1,-17.7028,50.7384,480.0,0
2017-11-16,1,5.83333,0.0,4.0,91,54.28,30.9,-9.02406,44.2713,480.0,0
2017-11-16,2,5.66667,0.0,3.83333,87,37.45,25.26,-5.48851,41.8068,517.029,0
2017-11-16,3,5.5,0.0,3.5,89,54.08,23.37,-1.95296,38.3424,555.429,0
2017-11-16,6,5.0,0.25,2.5,88,59.33,74.36,13.3342,32.837,561.0,0
2017-11-16,8,5.33333,0.25,2.16667,86,20.04,13.08,10.1202,15.6789,599.657,0
2017-11-16,9,5.66667,0.25,2.33333,81,16.05,10.5,17.3661,5.18581,586.56,0
2017-11-16,10,6.16667,0.25,2.83333,85,16.76,10.21,18.2229,-4.8169,561.0,0
2017-11-16,11,6.33333,0.25,3.5,79,19.85,19.39,2.22015,-11.0312,570.24,0
2017-11-16,13,7.66667,0.0,5.33333,74,52.83,34.14,-22.6214,-25.0488,496.8,0
2017-11-17,0,7.66667,0.5,3.0,77,16.23,64.03,-41.7659,-36.3539,414.72,0
2017-11-17,1,7.83333,0.5,3.0,72,16.06,54.28,-38.1839,-38.1839,421.2,0
2017-11-17,2,7.66667,1.01,3.0,74,17.77,37.45,-39.9181,-35.5885,408.857,0
2017-11-17,3,7.5,0.76,3.0,80,31.9,54.08,-40.5116,-32.9348,425.829,0
2017-11-17,5,6.83333,1.27,3.0,91,57.75,53.27,-42.6225,-28.0101,453.6,0
2017-11-17,6,6.83333,1.02,3.0,95,35.08,59.33,-48.1658,-30.3062,420.0,0
2017-11-17,8,7.16667,0.51,2.83333,88,43.87,20.04,-28.1449,-9.28532,420.0,0
2017-11-17,9,7.66667,0.51,2.83333,84,38.86,16.05,-22.488,3.37156,436.05,0
2017-11-17,10,7.83333,0.51,3.16667,78,32.7,16.76,-9.55372,17.7291,432.0,0
2017-11-17,11,8.83333,0.0,3.5,76,19.09,19.85,-4.01044,28.0252,408.857,0
2017-11-17,12,10.0,0.23,3.83333,77,8.01,26.75,16.4853,44.0866,371.25,0
2017-11-17,13,11.3333,0.23,4.5,84,11.12,52.83,19.092,48.9448,326.4,0
2017-11-18,0,8.33333,0.0,2.16667,100,60.67,16.23,40.3053,40.3053,376.2,1
2017-11-18,1,7.5,0.0,1.66667,100,38.99,16.06,45.255,46.7724,360.0,1
2017-11-18,2,6.5,0.0,1.33333,97,15.16,17.77,40.3053,41.8227,423.5,1
2017-11-18,3,6.16667,0.0,1.0,99,14.83,31.9,43.8408,45.3582,420.0,1
2017-11-18,4,6.16667,0.0,0.833333,100,28.45,50.97,35.3555,42.8729,492.0,1
2017-11-18,5,6.16667,0.0,0.5,85,45.39,57.75,38.891,47.4923,480.0,1
2017-11-18,6,6.5,0.0,0.166667,88,55.49,35.08,36.0626,44.6638,497.25,1
2017-11-18,8,8.5,0.0,-0.333333,83,24.76,43.87,18.7425,43.456,460.8,1
2017-11-18,9,9.66667,0.0,-0.5,76,18.38,38.86,10.2571,46.9706,385.0,1
2017-11-18,10,10.6667,0.0,-0.333333,60,17.64,32.7,-5.28884,41.3261,296.229,1
2017-11-18,11,11.6667,0.0,0.166667,55,19.18,19.09,-14.4481,46.539,263.467,1
2017-11-18,12,12.5,0.0,0.833333,51,14.88,8.01,-30.0045,47.4165,249.9,1
2017-11-18,13,12.8333,0.0,1.66667,49,26.46,11.12,-35.3119,34.2295,291.877,1
2017-11-19,0,17.3333,1.02,2.0,73,6.31,60.67,-28.9502,47.8922,181.425,1
2017-11-19,1,18.1667,1.02,2.0,76,3.59,38.99,-22.8273,50.1101,202.473,1
2017-11-19,3,18.6667,1.02,1.66667,71,6.52,14.83,0.0,53.0,216.847,1
2017-11-19,4,18.0,0.51,1.5,72,8.0,28.45,0.0,54.0,217.579,1
2017-11-19,5,17.3333,0.51,1.16667,73,15.28,45.39,0.0,53.0,216.847,1
2017-11-19,6,17.3333,1.02,0.833333,75,13.21,55.49,0.0,51.0,236.733,1
2017-11-19,7,16.5,1.02,0.333333,76,10.88,38.86,0.0,68.0,180.0,1
2017-11-19,8,16.8333,0.51,0.166667,71,9.72,24.76,0.0,64.0,208.8,1
2017-11-19,9,17.0,0.51,0.166667,64,7.39,18.38,-7.27092,63.5537,180.0,1
2017-11-19,10,17.0,0.51,0.333333,55,8.7,17.64,-14.5418,49.1074,212.571,1
2017-11-19,12,19.1667,0.48,1.5,46,9.89,14.88,-16.0726,56.803,175.137,1
2017-11-19,13,20.6667,0.48,2.33333,45,13.87,26.46,-17.2206,59.5746,150.333,1
2017-11-19,14,21.5,1.27,3.16667,48,9.49,25.23,-26.0222,62.8238,146.348,1
2017-11-19,21,22.3333,1.4,3.16667,71,3.43,15.41,-7.6536,63.4776,158.564,1
2017-11-20,0,22.8333,1.22,2.5,76,2.47,6.31,0.0,69.0,145.75,0
2017-11-20,1,24.1667,1.22,2.0,74,2.06,3.59,0.0,70.0,135.496,0
2017-11-20,3,24.8333,0.66,1.0,84,4.59,6.52,16.9706,50.1731,175.886,0
2017-11-20,4,25.5,0.66,0.5,85,4.93,8.0,16.9706,49.1731,171.55,0
2017-11-20,5,26.3333,0.66,0.166667,72,5.4,15.28,19.092,51.9448,162.222,0
2017-11-20,6,27.0,0.05,0.0,74,10.8,13.21,38.1839,49.8895,162.222,0
2017-11-20,7,26.5,0.05,0.0,74,13.29,10.88,39.5982,51.7373,151.467,0
2017-11-20,8,26.5,0.05,0.0,72,15.96,9.72,38.1839,49.8895,167.586,0
2017-11-20,9,25.3333,0.0,0.166667,69,11.99,7.39,55.1546,72.0626,124.51,0
2017-11-20,10,24.1667,0.0,0.5,65,10.04,8.7,48.7906,63.7477,150.528,0
2017-11-20,13,23.3333,1.7,2.0,68,19.01,13.87,36.7697,48.0418,168.192,0
2017-11-21,1,11.1667,4.21,1.66667,85,12.87,2.06,0.0,57.0,273.48,0
2017-11-21,2,11.3333,5.18,1.5,89,8.91,2.12,0.0,57.0,291.5,0
2017-11-21,3,10.3333,4.37,1.33333,90,11.18,4.59,0.0,56.0,302.4,0
2017-11-21,5,8.5,3.72,1.0,91,27.03,5.4,-4.24266,54.2427,360.0,0
2017-11-21,8,7.0,1.79,1.0,91,9.62,15.96,-8.87636,38.5468,443.52,0
2017-11-21,9,7.5,1.79,1.16667,89,10.49,11.99,-17.1913,31.9909,468.218,0
2017-11-21,11,8.83333,1.68,1.83333,89,21.13,14.52,-17.4301,18.8177,377.4,0
2017-11-21,13,9.16667,1.7,2.83333,88,50.5,19.01,17.4463,7.27092,345.257,0
2017-11-21,23,8.83333,2.7,4.66667,92,18.47,9.03,-35.0715,17.9535,366.667,0
2017-11-22,1,9.0,2.24,5.0,93,17.59,12.87,-28.6043,23.2747,352.8,0
2017-11-22,2,8.66667,2.24,5.16667,93,7.59,8.91,-35.9954,35.3362,394.4,0
2017-11-22,3,8.66667,2.24,5.33333,91,3.85,11.18,-36.7489,30.6777,395.2,0
2017-11-22,5,8.83333,2.24,5.66667,90,5.84,27.03,-38.6998,27.7578,386.4,0
2017-11-22,8,9.16667,2.24,6.16667,91,11.16,9.62,-9.36183,21.9498,363.0,0
2017-11-22,9,10.0,2.24,6.33333,90,8.69,10.49,9.87697,18.123,352.8,0
2017-11-22,11,11.6667,0.0,6.66667,86,30.51,21.13,2.62156,28.6724,263.467,0
2017-11-22,12,12.5,0.0,7.0,82,26.13,32.17,-12.1267,29.5499,264.48,0
2017-11-22,13,13.5,0.0,7.33333,80,24.54,50.5,-32.0263,39.4495,248.571,0
2017-11-22,14,14.0,0.0,7.66667,81,31.93,56.08,-19.092,49.092,245.92,0
2017-11-23,1,10.0,0.0,4.66667,89,16.56,17.59,-40.398,29.574,340.267,0
2017-11-23,3,10.1667,0.0,4.5,86,14.52,3.85,-34.2728,19.3832,300.0,0
2017-11-23,4,9.66667,0.0,4.5,87,14.6,3.93,-36.6573,7.39553,300.0,0
2017-11-23,7,10.6667,0.0,4.16667,86,12.32,16.64,-31.7268,-16.4552,346.92,0
2017-11-23,8,11.1667,0.0,4.33333,89,19.61,11.16,-31.6805,-3.43601,317.127,0
2017-11-23,10,13.1667,0.0,4.66667,68,16.43,15.68,-44.2999,-5.34941,281.455,0
2017-11-23,12,15.0,0.0,7.0,65,27.58,26.13,-20.9656,1.68851,205.477,0
2017-11-24,0,16.3333,0.0,7.33333,70,15.16,18.02,-59.1283,24.4915,215.368,0
2017-11-24,1,15.5,0.0,7.0,70,18.05,16.56,-55.4328,22.9608,226.8,0
2017-11-24,3,13.5,0.0,6.66667,71,11.46,14.52,-49.8431,26.0303,245.92,0
2017-11-24,4,13.1667,0.0,6.5,70,13.27,14.6,-43.056,27.3612,292.32,0
2017-11-24,7,11.8333,0.0,5.83333,71,22.78,12.32,-44.5839,17.9941,310.431,0
2017-11-24,8,12.1667,0.0,5.66667,76,24.58,19.61,-45.9981,19.4083,262.08,0
2017-11-24,10,14.0,0.0,6.16667,69,27.52,16.43,-45.3941,-7.94485,231.0,0
2017-11-24,20,18.5,0.0,9.66667,67,22.65,13.4,22.3702,6.88824,191.133,0
2017-11-24,21,17.6667,0.0,9.16667,69,19.42,13.93,56.0,0.0,207.36,0
2017-11-25,0,15.1667,0.0,8.33333,73,24.92,15.16,9.09002,14.8744,249.882,1
2017-11-25,1,14.3333,0.0,8.0,74,15.69,18.05,-17.8095,24.7739,257.914,1
2017-11-25,3,13.5,0.0,7.66667,75,15.64,11.46,-38.1839,38.1839,267.429,1
2017-11-25,8,11.5,0.0,6.5,82,14.18,24.58,-37.6123,38.1535,307.8,1
2017-11-25,10,12.0,0.0,6.33333,80,22.36,27.52,-17.856,21.326,250.364,1
2017-11-25,11,13.1667,0.0,6.33333,79,28.4,31.32,-15.3358,13.3938,270.327,1
2017-11-25,13,18.0,0.0,7.0,74,20.48,41.39,-14.3358,-4.20948,194.7,1
2017-11-25,20,14.6667,0.0,7.0,88,8.34,22.65,-9.45596,25.456,297.6,1
2017-11-26,0,16.0,2.24,5.0,82,7.5,24.92,-19.5167,47.1179,217.477,1
2017-11-26,1,18.8333,2.24,4.5,83,8.71,15.69,-22.5781,54.5089,171.953,1
2017-11-26,2,20.3333,2.24,3.83333,91,10.56,14.93,-16.0726,66.803,125.314,1
2017-11-26,3,20.6667,2.24,3.33333,89,6.8,15.64,7.52014,67.7268,120.0,1
2017-11-26,5,18.3333,1.12,2.5,86,11.79,13.37,34.6484,73.2701,185.786,1
2017-11-26,8,12.5,0.0,1.33333,80,12.52,14.18,45.255,59.1283,248.88,1
2017-11-26,10,11.8333,0.0,1.16667,56,13.66,22.36,41.0124,53.585,280.8,1
2017-11-26,11,12.3333,0.0,1.33333,49,14.92,28.4,41.7195,54.5089,295.68,1
2017-11-26,13,13.3333,0.0,2.16667,45,19.93,20.48,26.8702,52.1074,231.0,1
2017-11-27,2,12.0,0.0,-0.666667,74,10.11,10.56,-29.3661,42.8961,277.114,0
2017-11-27,3,12.6667,0.0,-0.833333,73,10.58,6.8,-33.5756,53.0588,240.0,0
2017-11-27,4,12.0,0.0,-1.0,71,11.72,8.07,-28.2682,54.2458,258.514,0
2017-11-27,6,11.3333,0.0,-0.833333,71,21.67,8.58,-21.4301,51.7373,310.431,0
2017-11-27,8,11.3333,0.0,-0.333333,73,21.81,12.52,-21.0474,50.8134,313.5,0
2017-11-27,9,11.5,0.0,0.0,71,19.15,10.6,-21.4301,51.7373,285.12,0
2017-11-27,10,11.8333,0.0,0.5,69,19.92,13.66,-22.5781,54.5089,250.92,0
2017-11-27,11,12.8333,0.0,1.0,63,18.72,14.92,-23.3435,56.3567,249.9,0
2017-11-27,12,13.3333,0.0,1.66667,58,23.48,17.05,-20.6647,49.8895,261.415,0
2017-11-27,13,14.0,0.0,2.33333,56,23.1,19.93,-21.4301,51.7373,242.031,0
2017-11-27,21,16.6667,0.0,1.66667,58,2.81,17.04,-53.8227,35.9631,194.133,0
2017-11-28,2,21.3333,0.0,2.33333,68,2.76,10.11,-20.6507,16.8379,164.509,0
2017-11-28,3,21.8333,0.0,2.5,69,2.72,10.58,21.6746,8.41896,164.509,0
2017-11-28,4,22.5,0.0,2.66667,70,2.21,11.72,65.0,0.0,148.5,0
2017-11-28,7,23.0,0.0,3.0,69,13.59,29.53,-66.5194,27.553,139.569,0
2017-11-28,8,23.0,0.28,3.0,69,10.85,21.81,-57.3478,32.4526,151.93,0
2017-11-28,9,22.8333,0.28,3.16667,69,6.64,19.15,-56.4239,32.0699,157.617,0
2017-11-28,10,22.0,0.28,3.33333,70,7.56,19.92,-55.5,31.6872,153.6,0
2017-11-28,11,21.1667,0.61,3.5,68,17.08,18.72,-55.5,31.6872,158.564,0
2017-11-28,12,21.1667,0.61,3.83333,66,19.2,23.48,-17.1747,23.2683,183.0,0
2017-11-28,21,14.0,0.58,3.5,81,30.32,2.81,-28.4985,17.6033,205.477,0
2017-11-29,0,12.5,0.0,2.5,81,30.26,2.16,-9.10744,14.5418,257.4,0
2017-11-29,1,11.3333,0.61,2.33333,80,9.68,1.95,-4.48804,12.6284,287.571,0
2017-11-29,2,10.6667,0.61,2.16667,83,9.32,2.76,-26.803,16.0726,324.8,0
2017-11-29,3,10.5,0.61,2.0,84,12.24,2.72,-28.803,16.0726,341.127,0
2017-11-29,4,10.1667,0.61,2.0,85,31.06,2.21,-28.803,7.6536,341.127,0
2017-11-29,5,10.0,1.22,2.0,85,49.24,8.62,-19.803,7.6536,300.0,0
2017-11-29,7,9.5,0.61,1.66667,84,36.28,13.59,18.5224,-0.76536,325.867,0
2017-11-29,10,10.0,1.09,1.16667,70,19.95,7.56,35.636,6.36399,346.92,0
2017-11-29,11,10.1667,0.48,1.16667,64,16.1,17.08,29.272,12.728,300.0,0
2017-11-29,12,10.3333,0.96,1.5,57,23.83,19.2,1.10934,16.9375,313.6,0
2017-11-29,21,6.66667,7.19,1.16667,88,53.9,30.32,3.57263,-12.6034,498.667,0
2017-11-30,1,6.5,6.75,0.166667,85,28.8,9.68,-26.2856,-12.986,477.0,0
2017-11-30,3,5.66667,2.28,-0.333333,94,42.64,12.24,-25.3617,-12.6034,509.143,0
2017-11-30,21,16.0,0.0,0.0,88,15.98,53.9,52.682,35.9048,180.0,0
2018-10-02,3,15.5,0.0,8.0,86,8.48,14.92,44.5479,58.2044,195.52,0
2018-10-02,4,15.8333,0.0,7.66667,87,8.23,28.66,45.255,59.1283,195.0,0
2018-10-02,5,16.1667,0.0,7.16667,89,11.01,30.92,45.255,59.1283,195.0,0
2018-10-02,6,16.3333,0.0,6.83333,90,9.16,24.51,45.9622,60.0522,187.425,0
2018-10-02,7,16.5,0.0,6.33333,89,17.78,18.95,46.6693,60.9761,180.0,0
2018-10-02,8,16.8333,0.0,6.0,88,30.87,13.7,36.0626,47.1179,232.941,0
2018-10-02,9,17.1667,0.0,5.83333,77,10.64,17.06,36.7697,48.0418,224.824,0
2018-10-02,10,17.1667,0.0,5.83333,60,8.33,31.49,37.4768,48.9656,216.847,0
2018-10-02,11,17.3333,0.0,6.16667,52,10.36,44.47,36.7697,48.0418,228.8,0
2018-10-02,12,17.5,0.0,6.5,47,8.76,39.45,24.0417,49.4119,228.8,0
2018-10-02,13,17.6667,0.0,7.16667,44,7.95,32.25,11.3138,50.7821,220.8,0
2018-10-02,14,17.6667,0.0,8.0,41,11.16,31.29,0.0,54.0,213.333,0
2018-10-02,15,17.6667,0.0,8.66667,39,16.88,21.23,-6.88824,52.6298,213.333,0
2018-10-02,16,18.0,0.0,9.33333,37,21.62,15.06,-13.7765,51.2597,213.333,0
2018-10-02,19,18.6667,0.0,9.83333,45,17.81,19.33,-21.4301,51.7373,198.4,0
2018-10-02,20,19.0,0.0,9.5,49,8.86,5.07,-22.1954,53.585,188.779,0
2018-10-03,3,21.5,0.0,8.0,65,16.19,8.48,0.0,64.0,164.509,0
2018-10-03,4,21.8333,0.48,8.0,65,12.41,8.23,0.0,64.0,159.6,0
2018-10-03,5,22.1667,0.48,8.0,66,12.47,11.01,0.0,66.0,147.714,0
2018-10-03,6,22.5,0.48,7.83333,64,14.11,9.16,16.9706,67.1731,135.873,0
2018-10-03,7,22.6667,0.48,7.66667,69,17.7,17.78,33.9413,67.3462,130.226,0
2018-10-03,8,22.8333,0.48,7.5,69,24.82,30.87,33.9413,66.3462,140.4,0
2018-10-03,9,23.1667,0.48,7.5,65,24.66,10.64,16.9706,66.1731,151.2,0
2018-10-03,10,24.1667,0.0,7.66667,61,19.42,8.33,0.0,68.0,141.382,0
2018-10-03,11,25.8333,0.0,8.0,57,13.05,10.36,20.5062,50.7925,159.75,0
2018-10-03,12,28.0,0.0,8.66667,54,12.51,8.76,44.5479,58.2044,122.897,0
2018-10-03,13,30.6667,0.0,9.33333,52,12.08,7.95,50.2048,65.5955,104.506,0
2018-10-03,14,33.3333,0.0,10.1667,52,10.18,11.16,53.0332,69.291,98.5297,0
2018-10-03,15,35.5,0.0,10.6667,50,6.7,16.88,53.7404,70.2149,97.8947,0
2018-10-03,16,36.5,0.0,11.0,49,7.27,21.62,53.0332,69.291,101.463,0
2018-10-03,17,36.1667,0.0,11.0,58,11.12,11.01,50.9119,66.5194,109.622,0
2018-10-03,19,32.0,0.0,10.3333,56,10.86,17.81,42.4266,55.4328,145.8,0
2018-10-03,20,28.6667,0.0,9.66667,55,6.86,8.86,57.983,75.7582,120.0,0
2018-10-03,22,22.6667,0.0,8.5,58,6.51,2.58,41.0124,53.585,202.473,0
2018-10-04,0,18.6667,0.0,7.66667,60,3.47,0.8,38.1839,49.8895,213.333,0
2018-10-04,2,17.6667,0.0,7.0,58,5.58,7.88,37.4768,48.9656,221.0,0
2018-10-04,3,17.3333,0.0,6.83333,57,9.47,16.19,36.7697,48.0418,228.8,0
2018-10-04,4,16.8333,0.0,6.66667,58,14.87,12.41,48.0835,62.8238,180.0,0
2018-10-04,5,16.1667,0.0,6.5,59,14.15,12.47,45.9622,60.0522,194.541,0
2018-10-04,6,15.3333,0.0,6.33333,61,12.38,14.11,43.8408,57.2806,217.412,0
2018-10-04,8,13.6667,0.0,6.0,63,12.76,24.82,38.1839,49.8895,273.28,0
2018-10-04,9,13.1667,0.0,6.0,62,8.91,24.66,36.0626,47.1179,297.0,0
2018-10-04,10,13.1667,0.0,6.5,71,14.51,19.42,45.255,59.1283,240.0,0
2018-10-04,11,13.5,0.0,7.16667,63,12.73,13.05,36.7697,48.0418,276.0,0
2018-10-04,12,14.0,0.0,8.0,56,14.24,12.51,39.5982,51.7373,235.2,0
2018-10-04,13,14.3333,0.0,9.16667,50,8.66,12.08,42.4266,55.4328,205.477,0
2018-10-04,14,14.5,0.0,10.3333,47,23.16,10.18,43.1337,56.3567,211.68,0
2018-10-04,15,14.3333,0.0,11.3333,46,43.94,6.7,41.7195,54.5089,235.125,0
2018-10-04,16,13.6667,0.0,12.0,45,70.11,7.27,38.891,50.8134,269.925,0
2018-10-04,20,8.83333,0.0,11.3333,79,35.46,6.86,37.4768,55.9656,332.677,0
2018-10-05,3,8.5,0.0,6.83333,74,17.33,9.47,-36.2374,39.4846,395.2,0
2018-10-05,4,8.5,0.0,6.33333,76,29.32,14.87,-36.0626,36.0626,401.85,0
2018-10-05,5,8.5,0.0,6.16667,78,18.62,14.15,-36.0626,36.0626,401.85,0
2018-10-05,6,8.5,0.0,6.16667,83,19.67,12.38,-36.0626,36.0626,401.85,0
2018-10-05,8,8.16667,0.0,6.5,84,22.56,12.76,-41.7195,41.7195,360.0,0
2018-10-05,9,8.16667,0.0,7.16667,75,16.74,8.91,-41.0124,41.0124,374.0,0
2018-10-05,10,8.66667,0.0,8.16667,65,11.46,14.51,-42.9633,38.0925,374.0,0
2018-10-05,11,9.5,0.0,9.5,57,16.53,12.73,-41.1051,30.2811,386.4,0
2018-10-05,12,10.5,0.0,10.8333,51,21.26,14.24,-47.4587,29.5991,313.65,0
2018-10-05,13,11.6667,0.0,12.5,48,20.47,8.66,-49.0792,23.6428,278.25,0
2018-10-05,14,12.8333,0.0,14.1667,48,28.24,23.16,-48.9656,20.282,259.418,0
2018-10-05,15,13.6667,0.0,15.3333,47,26.48,43.94,-52.6612,21.8128,232.615,0
2018-10-05,16,14.0,0.0,16.3333,49,27.19,70.11,-53.585,22.1954,230.4,0
2018-10-05,20,12.0,0.0,15.0,81,23.53,35.46,-57.2806,23.7262,258.514,0
2018-10-05,23,10.3333,0.0,12.0,71,22.23,21.3,-48.0418,19.8994,348.0,0
2018-10-06,1,10.0,0.0,10.3333,71,19.62,18.3,-55.4328,22.9608,300.0,1
2018-10-06,3,10.0,0.0,9.5,68,32.5,17.33,-55.4328,22.9608,300.0,1
2018-10-06,4,10.0,0.0,9.16667,68,29.38,29.32,-55.4328,22.9608,300.0,1
2018-10-06,5,10.0,0.0,9.0,67,28.96,18.62,-55.4328,22.9608,300.0,1
2018-10-06,6,10.0,0.0,8.83333,69,29.91,19.67,-55.4328,22.9608,300.0,1
2018-10-06,7,10.0,0.0,8.83333,72,33.21,19.17,-55.4328,22.9608,300.0,1
2018-10-06,8,10.0,0.0,9.0,73,28.3,22.56,-55.4328,22.9608,300.0,1
2018-10-06,9,10.1667,0.0,9.33333,66,25.14,16.74,-55.4328,22.9608,300.0,1
2018-10-06,10,10.8333,0.0,10.0,61,27.75,11.46,-47.1179,19.5167,346.92,1
2018-10-06,11,12.0,0.0,11.0,53,24.84,16.53,-50.8134,21.0474,297.0,1
2018-10-06,12,13.5,0.0,12.5,48,28.37,21.26,-44.3567,25.4147,264.48,1
2018-10-06,13,15.1667,0.0,14.0,46,34.4,20.47,-48.553,35.023,180.0,1
2018-10-06,14,16.8333,0.0,15.5,47,42.28,28.24,-39.5982,39.5982,193.765,1
2018-10-06,15,18.1667,0.0,17.0,49,38.25,26.48,-41.7195,41.7195,181.895,1
2018-10-06,16,18.6667,0.0,18.0,51,45.53,27.19,-45.8381,35.5553,186.66,1
2018-10-06,17,18.5,0.0,19.0,48,44.97,27.45,-47.4019,27.9187,207.36,1
2018-10-06,19,16.1667,0.0,19.5,68,31.56,26.6,-60.9761,25.2569,200.842,1
2018-10-06,20,14.5,0.0,19.1667,72,29.95,23.53,-53.585,22.1954,249.882,1
2018-10-06,23,10.3333,0.0,16.6667,73,29.75,22.23,-48.9656,20.282,350.314,1
2018-10-07,1,9.16667,0.0,14.8333,73,32.64,19.62,-52.6612,21.8128,347.564,1
2018-10-07,3,8.66667,0.0,13.6667,75,30.38,32.5,-45.2805,25.7973,380.8,1
2018-10-07,4,8.5,0.0,13.3333,75,34.23,29.38,-42.6225,28.0101,395.2,1
2018-10-07,5,8.33333,0.0,13.0,75,30.78,28.96,-39.9645,30.2229,409.867,1
2018-10-07,6,8.16667,0.0,12.6667,78,35.73,29.91,-45.6213,35.8797,360.0,1
2018-10-07,7,8.0,0.0,12.3333,80,21.67,33.21,-42.9633,38.0925,374.0,1
2018-10-07,8,8.0,0.0,12.1667,83,19.07,28.3,-40.3053,40.3053,388.267,1
2018-10-07,9,8.0,0.0,12.3333,77,21.42,25.14,-39.5982,39.5982,390.0,1
2018-10-07,10,8.16667,0.0,12.8333,66,25.24,27.75,-37.0027,41.3323,390.0,1
2018-10-07,11,8.5,0.0,13.6667,59,37.07,24.84,-34.79,43.9904,374.85,1
2018-10-07,12,9.0,0.0,14.8333,53,22.68,28.37,-23.4762,42.6766,401.85,1
2018-10-07,13,9.66667,0.0,16.3333,50,19.33,34.4,-17.8193,48.0197,356.4,1
2018-10-07,14,10.5,0.0,17.6667,50,28.52,42.28,-3.67712,53.4494,300.0,1
2018-10-07,15,11.6667,0.0,18.6667,51,24.28,38.25,14.2336,49.5939,288.0,1
2018-10-07,16,13.0,0.0,19.1667,55,12.79,45.53,28.2844,41.8856,281.455,1
2018-10-07,17,14.5,0.0,19.0,63,14.43,44.97,40.3053,42.9065,225.5,1
2018-10-07,19,17.3333,0.0,17.1667,66,6.82,31.56,48.0522,26.9454,193.765,1
2018-10-07,20,18.3333,0.0,15.8333,65,3.78,29.95,54.5089,22.5781,181.895,1
2018-10-07,23,16.5,0.0,11.6667,66,3.67,29.75,62.8238,26.0222,193.44,1
2018-10-08,1,13.1667,0.0,9.5,70,4.5,32.64,63.7477,26.4049,240.0,0
2018-10-08,3,10.1667,0.0,8.0,70,8.36,30.38,49.6507,16.8379,343.385,0
2018-10-08,4,9.16667,0.0,7.5,72,8.63,34.23,57.6507,16.8379,321.6,0
2018-10-08,5,8.5,0.0,7.16667,73,9.29,30.78,52.6403,11.8631,372.655,0
2018-10-08,6,8.0,0.0,6.83333,76,21.86,35.73,49.4776,7.6536,417.72,0
2018-10-08,7,7.5,0.0,6.66667,75,20.41,21.67,56.4776,7.6536,386.88,0
2018-10-08,8,7.16667,0.0,6.66667,75,22.09,19.07,53.706,1.14804,429.0,0
2018-10-08,9,7.0,0.0,6.83333,73,19.95,21.42,50.9343,-5.35752,463.6,0
2018-10-08,10,7.0,0.0,7.16667,82,11.75,25.24,55.8841,-10.3073,420.0,0
2018-10-08,11,7.16667,0.0,7.66667,74,19.52,37.07,44.2053,-16.7745,436.05,0
2018-10-08,12,7.33333,0.0,8.5,68,19.84,22.68,33.1439,-24.1655,420.0,0
2018-10-08,13,7.5,0.0,9.5,63,31.17,19.33,16.0824,-31.5565,460.8,0
2018-10-08,14,7.66667,0.0,10.5,60,34.3,28.52,3.42557,-37.2134,443.143,0
2018-10-08,15,7.83333,0.0,11.5,57,54.24,24.28,-8.69847,-40.1915,425.829,0
2018-10-08,16,8.16667,0.0,12.3333,57,54.32,12.79,-18.2271,-44.9038,408.857,0
2018-10-08,17,8.33333,0.0,13.1667,57,47.42,14.43,-26.621,-48.269,375.943,0
2018-10-08,19,8.16667,0.0,13.3333,80,34.89,6.82,-27.3863,-50.1167,360.0,0
2018-10-08,20,8.0,0.0,12.8333,90,40.2,3.78,-27.0036,-49.1928,374.85,0
2018-10-08,23,7.16667,0.0,9.83333,91,28.99,3.67,-28.9951,-43.0663,432.667,0
2018-10-09,0,7.0,0.0,8.83333,93,34.19,3.52,-18.551,-34.7514,463.6,0
2018-10-09,1,6.83333,0.0,8.16667,95,28.43,4.5,-11.551,-34.7514,420.0,0
2018-10-09,3,6.5,0.0,7.16667,98,33.74,8.36,-4.58874,-16.7494,472.457,0
2018-10-09,4,6.33333,0.0,7.0,100,35.43,8.63,-7.45326,-7.98614,490.629,0
2018-10-09,5,6.16667,0.0,7.0,100,51.51,9.29,-6.74615,1.20629,509.143,0
2018-10-09,6,6.0,0.0,7.16667,100,32.41,21.86,-6.03904,10.3987,528.0,0
2018-10-09,9,5.83333,0.0,8.5,98,20.03,19.95,-19.2999,25.8055,517.029,0
2018-10-09,10,5.66667,0.0,9.5,84,30.96,11.75,-29.8354,29.341,540.6,0
2018-10-09,11,5.5,0.0,10.6667,74,30.08,19.52,-40.4548,31.2544,561.6,0
2018-10-09,12,5.5,0.0,12.0,65,31.13,19.84,-29.9115,28.9583,583.0,0
2018-10-09,13,5.5,0.0,13.6667,60,26.88,31.17,-18.3682,26.6623,583.0,0
2018-10-09,14,5.66667,0.0,15.3333,59,43.58,34.3,-19.6689,20.1235,583.0,0
2018-10-09,15,6.0,0.0,16.6667,56,59.33,54.24,-21.8934,13.2021,561.6,0
2018-10-09,16,6.33333,0.0,17.6667,58,70.79,54.32,-22.6005,4.00966,540.6,0
2018-10-09,17,6.83333,0.0,18.1667,64,74.76,47.42,-21.0366,-6.70016,520.0,0
2018-10-09,19,7.16667,0.0,17.6667,85,43.25,34.89,-14.3792,-30.25,461.76,0
2018-10-09,20,7.16667,0.0,16.8333,93,49.4,40.2,-24.3289,-35.1997,438.6,0
2018-10-09,23,6.66667,0.0,13.3333,90,18.99,28.99,-35.2787,-40.1495,437.143,0
2018-10-10,1,6.33333,0.0,11.6667,91,21.27,28.43,-15.6502,-28.7326,486.0,0
2018-10-10,3,6.0,0.0,10.6667,95,22.16,33.74,-9.45326,-12.5783,528.0,0
2018-10-10,4,6.0,0.0,10.1667,90,77.97,35.43,-14.9965,-10.2822,480.0,0
2018-10-10,5,6.0,0.0,9.83333,87,105.89,51.51,-15.59,-3.03637,498.343,0
2018-10-10,6,6.0,0.0,9.33333,87,47.97,32.41,-4.64028,1.9134,517.029,0
2018-10-10,9,6.0,0.0,9.83333,94,16.28,20.03,7.82688,4.59216,520.0,0
2018-10-10,10,6.0,0.0,10.8333,80,22.6,30.96,-3.7164,2.29608,520.0,0
2018-10-10,11,6.16667,0.0,12.1667,69,25.12,30.08,-15.2597,0.0,520.0,0
2018-10-10,12,6.66667,0.0,14.0,59,30.51,31.13,-14.6662,-7.24585,499.8,0
2018-10-10,13,7.5,0.0,15.8333,54,31.77,26.88,-9.9436,-18.202,496.8,0
2018-10-10,14,8.33333,0.0,17.5,52,51.49,43.58,-26.1531,-28.3647,451.0,0
2018-10-10,15,9.16667,0.0,18.8333,50,66.91,59.33,-36.3626,-38.5274,360.0,0
2018-10-10,16,10.0,0.0,19.8333,52,61.51,70.79,-29.4855,-44.0979,316.2,0
2018-10-10,17,10.6667,0.0,20.5,62,57.9,74.76,-23.2019,-47.0147,313.6,0
2018-10-10,19,10.5,0.0,20.0,80,39.69,43.25,-23.909,-47.7218,317.127,0
2018-10-10,20,10.1667,0.0,19.0,85,27.98,49.4,-26.0635,-43.9231,341.127,0
2018-10-10,23,8.66667,0.0,15.0,87,32.33,18.99,-36.0294,-41.9826,360.0,0
2018-10-11,1,7.83333,0.0,12.8333,96,31.86,21.27,-41.7195,-41.7195,373.32,0
2018-10-11,3,7.0,0.0,11.5,98,34.65,22.16,-41.2187,-33.6419,432.667,0
2018-10-11,4,6.66667,0.0,11.0,97,46.33,77.97,-40.398,-29.574,479.467,0
2018-10-11,6,6.33333,0.0,10.1667,100,50.42,47.97,-45.1206,-27.8022,486.0,0
2018-10-11,7,6.16667,0.0,10.0,100,46.31,36.11,-45.007,-24.4414,509.143,0
2018-10-11,8,6.0,0.0,10.0,100,58.24,28.93,-45.6005,-21.7877,528.0,0
2018-10-11,9,6.16667,0.0,10.5,94,44.76,16.28,-51.1438,-24.0838,480.0,0
2018-10-11,10,6.66667,0.0,11.3333,76,32.37,22.6,-52.6612,-21.8128,480.0,0
2018-10-11,11,7.33333,0.0,12.6667,63,28.33,25.12,-46.0908,-22.8192,496.8,0
2018-10-11,12,8.16667,0.0,14.1667,54,30.82,30.51,-47.6186,-27.5942,420.0,0
2018-10-11,13,9.33333,0.0,15.8333,48,28.5,31.77,-44.3103,-30.7803,377.4,0
2018-10-11,14,10.6667,0.0,17.5,46,36.34,51.49,-42.4162,-35.3806,300.0,0
2018-10-11,15,11.6667,0.0,19.0,46,40.37,66.91,-40.3053,-40.3053,263.467,0
2018-10-11,16,12.1667,0.0,20.0,46,45.73,61.51,-36.0626,-36.0626,281.455,0
2018-10-11,17,12.3333,0.0,20.6667,48,34.73,57.9,-36.7697,-36.7697,281.538,0
2018-10-11,19,11.6667,0.0,20.3333,68,26.95,39.69,-43.1337,-43.1337,268.029,0
2018-10-11,20,10.8333,0.0,19.5,76,26.86,27.98,-41.5491,-36.6783,310.431,0
2018-10-11,23,8.5,0.0,15.6667,80,23.24,32.33,-46.0445,-28.1849,372.655,0
2018-10-12,1,7.5,0.0,13.3333,86,29.37,31.86,-51.2006,-25.7642,398.945,0
2018-10-12,3,7.0,0.0,11.8333,86,32.36,34.65,-34.5746,-17.2206,463.6,0
2018-10-12,4,7.0,0.0,11.3333,85,43.47,46.33,-27.5746,-17.2206,420.0,0
2018-10-12,6,7.33333,0.0,10.6667,87,43.84,50.42,3.13136,-10.715,420.0,0
2018-10-12,7,7.33333,0.0,10.6667,93,50.26,46.31,24.0657,-5.35752,460.8,0
2018-10-12,8,7.33333,0.0,10.6667,94,56.14,58.24,37.5328,-2.67876,460.8,0
2018-10-12,9,7.66667,0.0,11.0,84,44.78,44.76,51.0,0.0,460.8,0
2018-10-12,10,8.66667,0.0,11.6667,68,46.33,32.37,53.0,0.0,425.829,0
2018-10-12,11,10.1667,0.0,13.0,57,45.77,28.33,52.0,0.0,386.4,0
2018-10-12,12,11.8333,0.0,14.5,48,42.99,30.82,53.0,0.0,296.229,0
2018-10-12,13,13.8333,0.0,16.0,44,52.74,28.5,57.0,0.0,201.067,0
2018-10-12,14,15.6667,0.0,17.6667,44,53.8,36.34,17.4463,7.27092,209.012,0
2018-10-12,15,16.8333,0.0,19.0,43,49.02,40.37,-16.1836,14.1592,205.8,0
2018-10-12,16,16.6667,0.0,19.8333,46,42.29,45.73,-48.9656,20.282,225.095,0
2018-10-12,17,15.6667,0.0,19.8333,52,44.42,34.73,-60.0522,24.8742,208.042,0
2018-10-12,20,11.1667,0.0,17.5,76,36.48,26.86,-53.585,22.1954,313.2,0
2018-10-12,23,9.16667,0.0,13.8333,76,36.11,23.24,-52.6612,21.8128,347.564,0
2018-10-13,1,8.66667,0.0,12.1667,76,33.92,29.37,-48.9656,20.282,380.8,1
2018-10-13,3,8.33333,0.0,11.3333,76,38.9,32.36,-47.1179,19.5167,409.867,1
2018-10-13,4,8.16667,0.0,11.1667,79,47.63,43.47,-54.5089,22.5781,360.0,1
2018-10-13,5,8.0,0.0,10.8333,81,40.01,42.58,-53.585,22.1954,374.0,1
2018-10-13,6,8.0,0.0,10.5,84,41.4,43.84,-52.6612,21.8128,388.267,1
2018-10-13,7,7.83333,0.0,10.3333,88,46.22,50.26,-51.7373,21.4301,390.0,1
2018-10-13,8,7.66667,0.0,10.3333,88,36.68,56.14,-50.8134,21.0474,405.45,1
2018-10-13,9,7.5,0.0,10.6667,79,39.86,44.78,-36.4224,17.986,421.2,1
2018-10-13,10,7.66667,0.0,11.3333,69,39.48,46.33,-22.0313,14.9245,437.25,1
2018-10-13,11,8.0,0.0,12.6667,58,41.42,45.77,-22.9552,15.3072,421.2,1
2018-10-13,12,8.33333,0.0,14.3333,49,48.45,42.99,-5.56416,12.2458,390.0,1
2018-10-13,13,9.0,0.0,16.0,46,42.67,52.74,11.8269,9.18432,360.0,1
2018-10-13,14,9.66667,0.0,17.6667,45,34.08,53.8,36.6851,3.44412,345.257,1
2018-10-13,15,10.3333,0.0,19.0,44,39.24,49.02,12.5224,-0.76536,340.267,1
2018-10-13,16,10.5,0.0,19.8333,46,41.2,42.29,10.6746,-8.41896,321.48,1
2018-10-13,17,10.3333,0.0,20.1667,52,40.57,44.42,-6.39646,-15.4901,321.48,1
2018-10-13,20,9.0,0.0,18.6667,78,35.04,36.48,-49.4664,-28.3596,335.345,1
2018-10-13,23,7.5,0.0,14.6667,78,28.67,36.11,-48.5425,-27.9769,400.68,1
2018-10-14,3,7.0,0.0,10.5,80,46.94,38.9,-52.6612,-21.8128,436.05,1
2018-10-14,4,7.0,0.0,10.3333,80,50.44,47.63,-51.7373,-21.4301,437.143,1
2018-10-14,5,7.0,0.0,10.3333,81,41.76,40.01,-38.2701,-18.7513,437.143,1
2018-10-14,6,7.0,0.0,10.3333,85,50.54,41.4,-24.803,-16.0726,437.143,1
2018-10-14,7,7.0,0.0,10.5,89,41.61,46.22,-11.3358,-13.3938,437.143,1
2018-10-14,8,7.0,0.0,11.0,88,55.53,36.68,2.13136,-10.715,437.143,1
2018-10-14,9,7.33333,0.0,11.6667,79,50.88,39.86,15.5985,-8.03628,437.143,1
2018-10-14,10,7.83333,0.0,12.3333,67,38.44,39.48,37.5328,-2.67876,460.8,1
2018-10-14,11,8.66667,0.0,13.5,56,41.16,41.42,34.7612,-3.8268,408.857,1
2018-10-14,12,9.83333,0.0,14.8333,48,25.8,48.45,9.67464,-8.41896,377.143,1
2018-10-14,13,11.1667,0.0,16.3333,44,33.18,42.67,-17.2597,-13.7765,311.143,1
2018-10-14,14,12.6667,0.0,17.8333,43,24.38,34.08,-47.1179,-19.5167,276.12,1
2018-10-14,15,13.6667,0.0,19.0,42,22.9,39.24,-21.8791,-15.6899,225.5,1
2018-10-14,16,14.1667,0.0,19.8333,44,31.47,41.2,-24.6507,-16.8379,212.914,1
2018-10-14,17,14.0,0.0,20.1667,46,24.21,40.57,-23.7268,-16.4552,228.48,1
2018-10-14,19,12.3333,0.0,19.6667,65,36.59,41.9,-29.2701,-18.7513,248.625,1
2018-10-14,20,11.0,0.0,18.8333,65,37.68,35.04,-53.585,-22.1954,305.52,1
2018-10-14,22,9.0,0.0,16.5,52,37.09,31.88,-54.5089,-22.5781,343.938,1
2018-10-15,3,7.16667,0.0,11.3333,62,38.18,46.94,-7.64028,-11.8631,453.6,0
2018-10-15,5,7.0,0.0,10.3333,67,38.63,41.76,13.7508,-8.80164,420.0,0
2018-10-15,6,6.83333,0.0,10.3333,68,57.15,50.54,28.1418,-5.7402,436.05,0
2018-10-15,7,6.66667,0.0,10.3333,73,77.03,41.61,41.5328,-2.67876,454.629,0
2018-10-15,8,6.5,0.0,10.5,73,51.84,55.53,54.0,0.0,472.457,0
2018-10-15,9,6.5,0.0,10.8333,63,42.04,50.88,53.0,0.0,490.629,0
2018-10-15,10,7.16667,0.0,11.6667,49,36.47,38.44,53.0,0.0,490.629,0
2018-10-15,11,8.33333,0.0,13.0,40,44.16,41.16,57.0,0.0,420.0,0
2018-10-15,12,9.83333,0.0,14.3333,35,41.21,25.8,57.0,0.0,360.0,0
2018-10-15,13,11.5,0.0,15.8333,34,44.63,33.18,53.0,0.0,286.2,0
2018-10-15,14,13.0,0.0,17.5,37,44.41,24.38,56.0,0.0,228.0,0
2018-10-15,16,14.3333,0.0,19.3333,41,35.78,31.47,60.0,0.0,220.0,0
2018-10-15,17,13.6667,0.0,19.5,42,28.07,24.21,57.0,0.0,252.225,0
2018-10-15,19,11.6667,0.0,18.3333,51,35.71,36.59,22.5224,-7.6536,276.48,0
2018-10-15,20,10.5,0.0,17.1667,54,39.22,37.68,-0.792519,-11.0977,328.714,0
2018-10-16,3,6.66667,0.0,10.8333,57,50.37,38.18,-1.64028,-11.8631,435.2,0
2018-10-16,5,6.33333,0.0,10.1667,65,56.89,38.63,26.0657,-5.35752,490.629,0
2018-10-16,6,6.16667,0.0,10.0,67,51.54,57.15,38.5328,-2.67876,509.143,0
2018-10-16,7,6.0,0.0,10.0,70,42.45,77.03,51.0,0.0,528.0,0
2018-10-16,8,6.16667,0.0,10.1667,68,53.79,51.84,57.0,0.0,480.0,0
2018-10-16,9,6.5,0.0,10.3333,61,48.67,42.04,57.0,0.0,480.0,0
2018-10-16,10,7.0,0.0,11.0,51,46.33,36.47,51.0,0.0,517.0,0
2018-10-16,11,7.66667,0.0,12.1667,43,45.76,44.16,54.0,0.0,457.6,0
2018-10-16,12,8.66667,0.0,13.5,38,43.4,41.21,52.0,0.0,432.0,0
2018-10-16,13,9.83333,0.0,15.0,36,46.37,44.63,52.0,0.0,367.2,0
2018-10-16,14,11.0,0.0,16.5,37,41.2,44.41,52.0,0.0,319.2,0
2018-10-16,16,12.1667,0.0,18.5,42,40.51,35.78,52.0,0.0,276.0,0
2018-10-16,17,12.1667,0.0,18.6667,52,40.92,28.07,51.0,0.0,291.877,0
2018-10-16,19,11.0,0.0,17.5,63,33.57,35.71,39.6851,3.44412,307.8,0
2018-10-16,20,10.1667,0.0,16.3333,68,28.96,39.22,17.3702,6.88824,354.738,0
2018-10-16,23,8.33333,0.0,12.6667,69,29.54,38.23,-29.7268,16.4552,389.88,0
2018-10-17,1,7.66667,0.0,11.0,70,34.54,44.48,-52.6612,21.8128,388.267,0
2018-10-17,3,7.16667,0.0,9.83333,72,47.05,50.37,-48.9656,20.282,448.0,0
2018-10-17,4,7.0,0.0,9.5,73,64.07,52.9,-33.6507,16.8379,470.25,0
2018-10-17,6,7.0,0.0,9.5,78,123.78,51.54,-12.2597,13.7765,436.05,0
2018-10-17,7,7.0,0.0,9.5,82,49.75,42.45,2.13136,10.715,437.143,0
2018-10-17,8,7.0,0.0,9.83333,81,52.28,53.79,15.5985,8.03628,437.143,0
2018-10-17,9,7.0,0.0,10.3333,72,53.67,48.67,29.0657,5.35752,437.143,0
2018-10-17,10,7.0,0.0,11.0,62,53.39,46.33,42.5328,2.67876,437.143,0
2018-10-17,11,7.16667,0.0,11.8333,53,34.32,45.76,56.0,0.0,437.143,0
2018-10-17,12,7.5,0.0,13.0,46,31.49,43.4,57.0,0.0,420.0,0
2018-10-17,13,7.83333,0.0,14.3333,43,32.91,46.37,52.0,0.0,443.143,0
2018-10-17,14,8.33333,0.0,15.6667,43,48.38,41.2,54.0,0.0,408.857,0
2018-10-17,15,8.66667,0.0,16.8333,44,63.59,53.94,57.0,0.0,360.0,0
2018-10-17,16,8.66667,0.0,17.6667,46,68.19,40.51,52.0,0.0,377.143,0
2018-10-17,17,8.33333,0.0,18.0,53,67.81,40.92,52.0,0.0,386.4,0
2018-10-17,19,7.66667,0.0,17.0,68,55.11,33.57,43.5328,2.67876,388.267,0
2018-10-17,20,7.16667,0.0,16.0,75,57.39,28.96,28.0657,5.35752,417.6,0
2018-10-17,23,7.0,0.0,12.8333,78,46.9,29.54,-10.3358,13.3938,450.667,0
2018-10-18,1,6.66667,0.0,11.3333,84,42.14,34.54,-38.3462,18.3686,457.6,0
2018-10-18,4,6.16667,0.0,9.5,89,75.5,64.07,-46.7411,21.8459,509.143,0
2018-10-18,7,6.0,0.0,8.83333,99,57.69,49.75,-46.5348,29.2164,498.343,0
2018-10-18,8,6.0,0.0,9.0,99,56.66,52.28,-44.3103,30.7803,517.029,0
2018-10-18,9,6.16667,0.0,9.33333,88,49.94,53.67,-40.1392,33.6448,520.0,0
2018-10-18,10,6.33333,0.0,10.1667,75,53.83,53.39,-37.2747,37.8159,499.8,0
2018-10-18,11,6.5,0.0,11.1667,62,56.55,34.32,-31.7314,42.5198,480.0,0
2018-10-18,13,7.33333,0.0,13.6667,50,58.27,32.91,-12.0459,46.1295,477.0,0
2018-10-18,14,7.83333,0.0,15.0,51,64.25,48.38,-1.43929,50.2017,420.0,0
2018-10-18,15,8.0,0.0,16.1667,52,79.31,63.59,13.41,48.0804,413.4,0
2018-10-18,16,8.0,0.0,16.8333,56,82.16,68.19,23.0971,45.5985,392.229,0
2018-10-18,17,8.0,0.0,17.0,61,80.13,67.81,32.2431,41.8102,392.229,0
2018-10-18,19,7.33333,0.0,16.0,71,66.9,55.11,45.1774,33.1677,405.45,0
2018-10-18,20,7.0,0.0,15.0,75,63.18,57.39,45.0638,28.0727,448.0,0
2018-10-19,4,8.0,0.0,9.16667,91,59.43,75.5,38.9942,35.2058,425.829,0
2018-10-19,5,8.33333,0.0,8.83333,94,55.51,81.58,38.891,38.891,392.229,0
2018-10-19,7,8.66667,0.0,8.66667,99,53.74,57.69,36.0626,36.0626,401.85,0
2018-10-19,8,8.83333,0.0,8.66667,99,58.48,56.66,36.7697,36.7697,386.4,0
2018-10-19,9,9.0,0.0,8.66667,97,70.19,49.94,37.4768,37.4768,371.25,0
2018-10-19,10,9.0,0.0,8.83333,89,68.94,53.83,38.1839,38.1839,366.667,0
2018-10-19,11,9.0,0.0,9.33333,84,60.52,56.55,38.1839,38.1839,366.667,0
2018-10-19,13,9.16667,0.23,10.3333,75,57.54,58.27,38.1839,38.1839,366.667,0
2018-10-19,14,9.33333,0.23,11.0,72,59.47,64.25,38.891,38.891,352.8,0
2018-10-19,15,9.5,0.23,11.6667,68,61.23,79.31,39.5982,39.5982,339.2,0
2018-10-19,16,9.5,0.46,12.1667,69,60.24,82.16,40.3053,40.3053,325.867,0
2018-10-19,17,9.33333,0.46,12.6667,72,77.36,80.13,40.3053,40.3053,325.867,0
2018-10-19,19,8.33333,0.23,13.0,82,73.74,66.9,38.1839,38.1839,376.32,0
2018-10-19,20,7.5,0.23,12.6667,85,72.08,63.18,43.7272,40.48,360.0,0
2018-10-20,3,7.0,0.25,9.66667,84,37.25,60.65,39.1542,39.2705,496.8,1
2018-10-20,4,7.0,0.0,9.16667,83,34.58,59.43,38.5607,43.4416,461.76,1
2018-10-20,5,7.0,0.0,8.83333,83,31.96,55.51,38.891,46.478,438.6,1
2018-10-20,6,7.0,0.0,8.5,83,20.72,55.86,39.5982,47.1851,437.143,1
2018-10-20,7,7.0,0.0,8.33333,82,17.74,53.74,39.5982,47.1851,437.143,1
2018-10-20,8,7.0,0.0,8.33333,82,13.78,58.48,39.5982,45.6677,437.143,1
2018-10-20,9,7.16667,0.0,8.33333,83,17.73,70.19,39.5982,44.1503,437.143,1
2018-10-20,10,7.83333,0.0,8.5,78,26.57,68.94,40.3053,43.34,420.0,1
2018-10-20,11,9.0,0.0,8.83333,74,25.36,60.52,38.1839,38.1839,408.857,1
2018-10-20,12,10.3333,0.0,9.16667,66,21.17,58.05,38.1839,38.1839,345.257,1
2018-10-20,13,11.8333,0.0,9.66667,59,14.83,57.54,38.891,38.891,267.429,1
2018-10-20,14,13.5,0.0,10.1667,54,13.98,59.47,39.5982,39.5982,228.0,1
2018-10-20,15,15.3333,0.0,10.5,51,17.72,61.23,43.8408,43.8408,196.114,1
2018-10-20,16,16.8333,0.0,10.6667,50,21.46,60.24,36.7697,36.7697,220.8,1
2018-10-20,17,18.0,0.0,10.3333,50,18.87,77.36,39.5982,39.5982,193.765,1
2018-10-20,19,18.5,0.0,9.16667,51,16.26,73.74,42.4266,42.4266,180.0,1
2018-10-20,20,17.6667,0.0,8.33333,52,18.85,72.08,38.891,38.891,218.743,1
2018-10-21,3,11.6667,0.0,6.0,60,24.36,37.25,42.4266,42.4266,269.077,1
2018-10-21,4,11.1667,0.0,6.0,63,19.37,34.58,40.3053,40.3053,299.815,1
2018-10-21,5,10.5,0.0,5.83333,65,22.12,31.96,38.1839,38.1839,324.8,1
2018-10-21,6,9.83333,0.0,5.66667,66,19.13,20.72,38.0135,33.1427,353.455,1
2018-10-21,7,9.16667,0.0,5.5,66,18.54,17.74,45.4046,36.2042,323.345,1
2018-10-21,8,8.33333,0.0,5.16667,66,27.71,13.78,44.0935,31.1047,372.655,1
2018-10-21,9,7.83333,0.0,5.0,68,19.97,17.73,49.6368,33.4008,360.0,1
2018-10-21,10,7.33333,0.0,5.16667,91,16.21,26.57,48.3258,28.3014,400.68,1
2018-10-21,11,7.0,0.48,5.66667,85,26.19,25.36,47.7218,23.909,443.52,1
2018-10-21,12,6.83333,0.96,6.33333,77,10.93,21.17,47.1179,19.5167,479.467,1
2018-10-21,13,6.83333,0.96,7.16667,72,59.2,14.83,53.585,22.1954,435.2,1
2018-10-21,14,6.83333,0.96,8.16667,69,70.58,13.98,51.7373,21.4301,452.4,1
2018-10-21,15,6.66667,0.96,9.16667,65,40.72,17.72,49.8895,20.6647,472.457,1
2018-10-21,16,6.33333,0.96,9.83333,63,56.17,21.46,48.9656,20.282,477.0,1
2018-10-21,17,6.0,0.48,10.1667,61,74.98,18.87,48.0418,16.0726,509.143,1
2018-10-21,19,5.5,0.0,9.5,75,50.16,16.26,47.0235,5.23885,517.029,1
2018-10-21,20,5.66667,0.0,8.83333,81,57.57,18.85,35.0131,0.26401,536.057,1
2018-10-21,23,6.0,0.0,6.0,93,29.79,14.49,34.6116,-7.77227,561.6,1
2018-10-22,1,6.16667,0.0,4.83333,95,27.23,18.66,35.5251,-12.3644,546.96,0
2018-10-22,3,6.0,0.0,3.83333,96,47.2,24.36,39.3701,-6.91548,501.84,0
2018-10-22,4,6.0,0.0,3.33333,96,51.76,19.37,43.4567,-2.29608,499.8,0
2018-10-22,5,6.0,0.0,3.0,96,76.76,22.12,43.4567,2.29608,517.029,0
2018-10-22,6,6.0,0.0,2.66667,97,59.69,19.13,30.9134,4.59216,520.0,0
2018-10-22,7,6.0,0.0,2.33333,100,41.74,18.54,20.6708,8.83482,520.0,0
2018-10-22,9,6.0,0.0,2.66667,96,19.29,19.97,6.3747,20.3781,520.0,0
2018-10-22,10,6.0,0.0,3.5,70,25.07,16.21,0.3747,26.3781,520.0,0
2018-10-22,11,6.0,0.0,4.66667,59,30.05,26.19,-5.6253,32.3781,520.0,0
2018-10-22,12,6.33333,0.0,6.16667,49,32.66,10.93,-11.6253,38.3781,520.0,0
2018-10-22,13,7.0,0.0,7.83333,44,29.28,59.2,-17.6253,46.3781,480.0,0
2018-10-22,14,7.83333,0.0,9.5,42,24.83,70.58,0.53236,51.0247,457.6,0
2018-10-22,15,8.66667,0.0,10.8333,41,36.44,40.72,14.8493,51.4015,413.4,0
2018-10-22,16,9.5,0.0,11.6667,44,22.6,56.17,22.6275,49.5642,367.2,0
2018-10-22,17,10.3333,0.0,12.0,51,9.87,74.98,30.4057,45.3424,333.45,0
2018-10-22,19,11.5,1.04,11.6667,79,9.57,50.16,39.5982,44.3671,294.0,0
2018-10-22,20,12.1667,1.04,11.0,85,15.27,57.57,41.0124,43.3969,271.745,0
2018-10-23,3,12.6667,0.0,5.5,76,10.39,47.2,56.4239,32.0699,240.0,0
2018-10-23,4,11.6667,0.0,5.0,76,15.61,51.76,48.7129,33.0181,286.0,0
2018-10-23,5,10.8333,0.0,4.5,76,10.69,76.76,41.9258,36.5167,328.714,0
2018-10-23,6,10.3333,0.0,4.0,73,14.87,59.69,36.0626,40.398,353.455,0
2018-10-23,7,10.6667,0.0,3.83333,69,21.34,41.74,28.2844,43.6198,346.92,0
2018-10-23,9,13.3333,0.0,3.83333,61,25.19,19.29,19.092,48.9448,276.12,0
2018-10-23,10,15.1667,1.12,4.16667,72,20.28,25.07,25.456,57.2597,189.164,0
2018-10-23,11,18.0,1.12,4.83333,69,21.32,30.05,40.3053,52.6612,186.353,0
2018-10-23,12,21.0,2.24,5.5,67,20.47,32.66,28.2844,63.9552,131.368,0
2018-10-23,13,24.0,3.36,6.16667,72,15.22,29.28,0.0,56.0,151.467,0
2018-10-23,14,27.0,3.36,6.83333,72,8.82,24.83,0.0,60.0,137.048,0
2018-10-23,15,29.5,3.36,7.33333,68,7.34,36.44,0.0,66.0,115.742,0
2018-10-23,16,31.5,2.24,7.66667,70,4.17,22.6,0.0,69.0,115.406,0
2018-10-23,17,33.3333,2.24,7.83333,78,5.23,9.87,-12.6284,64.488,120.6,0
2018-10-23,19,36.5,1.12,8.16667,74,3.96,9.57,-29.4664,71.1388,94.3895,0
2018-10-23,20,37.6667,1.12,8.33333,72,1.34,15.27,-30.2317,72.9865,90.4615,0
2018-10-24,3,47.8333,4.99,9.66667,77,4.75,10.39,68.5897,89.6164,67.416,0
2018-10-24,4,49.3333,5.17,9.33333,77,8.89,15.61,68.5897,89.6164,60.0,0
2018-10-24,5,50.8333,5.17,8.83333,78,6.36,10.69,37.4768,37.4768,113.208,0
2018-10-24,6,51.5,4.28,8.33333,80,16.5,14.87,39.5982,39.5982,107.143,0
2018-10-24,8,51.6667,2.65,7.0,87,12.25,17.93,36.0626,36.0626,117.647,0
2018-10-24,10,49.0,0.51,6.33333,66,8.58,20.28,65.0541,65.0541,73.0213,0
2018-10-24,11,46.8333,0.51,6.33333,60,17.47,21.32,61.5186,61.5186,81.9733,0
2018-10-24,12,45.6667,0.51,6.5,56,12.97,20.47,60.1043,60.1043,79.8,0
2018-10-24,13,45.0,0.51,6.66667,55,9.14,15.22,62.9328,62.9328,70.8279,0
2018-10-24,14,45.3333,0.0,7.0,56,9.53,8.82,65.7612,65.7612,67.7478,0
2018-10-24,15,46.1667,0.0,7.16667,54,7.9,7.34,67.8826,67.8826,62.5021,0
2018-10-24,16,45.8333,0.0,7.16667,51,7.58,4.17,70.0039,70.0039,60.0,0
2018-10-24,17,44.3333,0.0,7.33333,47,9.55,5.23,63.6399,63.6399,86.4,0
2018-10-24,20,33.0,0.0,6.66667,55,10.03,1.34,37.4768,37.4768,172.966,0
2018-10-24,22,24.0,0.0,5.83333,57,6.78,0.49,44.5479,44.5479,179.95,0
2018-10-25,1,17.8333,0.0,3.83333,58,5.13,6.27,36.7697,44.1399,228.8,0
2018-10-25,2,16.8333,0.79,3.5,62,4.81,6.8,48.0835,58.922,180.0,0
2018-10-25,3,16.1667,1.58,3.33333,66,7.27,4.75,45.9622,60.0522,194.541,0
2018-10-25,4,15.1667,2.37,3.5,71,5.1,8.89,43.8408,57.2806,217.412,0
2018-10-25,5,14.1667,3.16,4.0,75,3.94,6.36,31.82,53.5746,252.225,0
2018-10-25,6,13.5,3.16,4.66667,81,6.03,16.5,20.5062,49.7925,292.32,0
2018-10-25,8,15.0,2.37,6.16667,89,3.17,12.25,12.728,52.6298,255.2,0
2018-10-25,10,19.0,1.91,7.83333,77,6.42,8.58,45.255,59.1283,144.0,0
2018-10-25,11,21.8333,1.12,8.66667,78,9.83,17.47,50.9119,66.5194,120.0,0
2018-10-25,12,24.5,1.35,9.33333,79,11.22,12.97,38.1839,49.8895,159.508,0
2018-10-25,13,26.5,2.04,10.1667,82,6.86,9.14,40.3053,52.6612,149.1,0
2018-10-25,14,27.8333,2.04,10.6667,81,9.87,9.53,41.7195,54.5089,141.931,0
2018-10-25,15,28.8333,0.92,11.0,79,8.23,7.9,42.4266,55.4328,140.0,0
2018-10-25,16,29.3333,1.61,11.1667,77,8.33,7.58,42.4266,55.4328,140.0,0
2018-10-25,17,29.1667,1.61,11.3333,74,11.05,9.55,41.7195,54.5089,144.84,0
2018-10-25,18,28.5,1.38,11.5,85,6.31,9.09,39.5982,51.7373,157.076,0
2018-10-25,20,25.8333,0.69,11.0,86,9.67,10.03,53.0332,69.291,129.422,0
2018-10-25,22,22.8333,0.69,10.3333,75,10.72,6.78,45.9622,55.5,163.409,0
2018-10-25,23,21.6667,1.38,9.66667,69,8.12,9.51,43.8408,52.7284,171.943,0
