data,timeofday,windspeed6,opady6,temp6,rhumid,index_avg,prev_index_avg,wind_dir_ns,wind_dir_ew,dispel50,is_weekend
2017-11-15,10,14.6667,1.17,5.0,74,29.33,19.485,-36.853,44.971,235.125,0
2017-11-15,11,15.0,0.48,5.33333,71,27.1,22.01,-25.5393,49.6573,221.571,0
2017-11-15,12,15.1667,0.48,5.83333,68,25.155,18.56,-21.3799,53.6159,212.914,0
2017-11-15,13,15.3333,0.48,6.16667,69,24.315,11.385,-17.986,59.4224,195.52,0
2017-11-15,14,15.1667,0.48,6.5,68,25.345,14.805,-17.986,59.4224,202.725,0
2017-11-15,15,15.0,0.96,6.5,70,29.6,47.69,-22.9608,55.4328,220.0,0
2017-11-15,16,15.0,0.48,6.5,77,46.46,27.045,-22.5781,54.5089,241.553,0
2017-11-15,17,14.5,0.48,6.5,84,43.01,15.18,-22.1954,53.585,237.12,0
2017-11-15,18,14.0,0.48,6.33333,83,47.31,19.915,-21.0474,50.8134,251.631,0
2017-11-16,1,13.6667,0.0,4.83333,78,41.425,46.14,-21.0474,50.8134,264.0,0
2017-11-16,2,13.3333,0.0,4.66667,78,37.85,45.57,-20.282,48.9656,282.72,0
2017-11-16,3,12.8333,0.0,4.5,79,35.105,44.795,-24.8742,60.0522,240.0,0
2017-11-16,4,12.0,0.0,4.33333,81,34.9,43.83,-23.7262,57.2806,249.508,0
2017-11-16,5,11.6667,0.0,4.16667,80,34.925,43.47,-22.5781,54.5089,270.3,0
2017-11-16,6,11.5,0.0,4.0,80,40.0,46.48,-22.1954,53.585,289.385,0
2017-11-16,7,10.8333,0.0,3.83333,84,47.685,42.875,-21.4301,51.7373,302.4,0
2017-11-16,8,10.5,0.0,3.83333,81,45.68,38.295,-20.282,48.9656,336.3,0
2017-11-16,9,10.1667,0.0,3.83333,78,37.71,34.04,-19.5167,47.1179,346.92,0
2017-11-16,10,10.1667,0.0,4.0,81,34.565,29.33,-19.5167,47.1179,353.455,0
2017-11-16,11,10.6667,0.0,4.33333,77,38.965,27.1,-23.3435,56.3567,300.0,0
2017-11-16,12,10.8333,0.0,4.66667,75,34.08,25.155,-20.282,48.9656,313.6,0
2017-11-16,13,11.1667,0.0,5.16667,77,39.68,24.315,-21.4301,51.7373,285.12,0
2017-11-16,15,10.6667,0.0,5.66667,80,38.145,29.6,-21.4301,51.7373,285.12,0
2017-11-16,16,10.0,0.0,5.5,87,48.205,46.46,-20.6647,49.8895,339.429,0
2017-11-16,17,9.0,0.0,5.16667,95,51.45,43.01,-22.9608,55.4328,342.514,0
2017-11-16,18,8.16667,0.0,4.83333,92,52.695,47.31,-23.2602,48.1554,394.4,0
2017-11-17,1,10.0,0.0,4.0,81,56.26,41.425,14.2682,11.0726,300.0,0
2017-11-17,2,10.3333,0.0,4.0,83,54.08,37.85,35.6851,3.44412,313.6,0
2017-11-17,3,10.5,0.0,4.0,83,55.75,35.105,35.6851,3.44412,321.48,0
2017-11-17,4,11.0,0.0,4.0,83,62.565,34.9,35.6851,3.44412,329.018,0
2017-11-17,5,11.3333,0.0,4.0,86,63.325,34.925,37.6851,3.44412,321.231,0
2017-11-17,6,11.1667,0.0,3.83333,89,60.765,40.0,12.6746,8.41896,297.0,0
2017-11-17,7,12.0,0.0,3.66667,90,60.425,47.685,-8.41192,13.0111,263.467,0
2017-11-17,8,13.0,0.0,3.5,85,60.92,45.68,-23.9552,15.3072,271.385,0
2017-11-17,9,14.3333,0.0,3.33333,79,50.535,37.71,-50.8134,21.0474,251.631,0
2017-11-17,10,14.6667,0.25,3.33333,71,46.44,34.565,-55.4328,22.9608,197.6,0
2017-11-17,11,15.6667,0.5,3.5,71,39.935,38.965,-54.9529,28.9753,195.52,0
2017-11-17,12,16.1667,0.5,3.83333,74,38.01,34.08,-40.6716,30.93,228.8,0
2017-11-17,13,15.6667,0.5,4.16667,78,46.555,39.68,-54.5298,36.6702,187.0,0
2017-11-17,15,13.8333,0.5,4.83333,82,49.705,38.145,-44.2639,36.1459,261.979,0
2017-11-17,16,12.8333,0.25,5.0,90,50.295,48.205,-51.335,43.217,248.021,0
2017-11-17,17,11.1667,0.0,5.0,88,50.87,51.45,-41.3441,38.0969,305.52,0
2017-11-17,18,10.1667,0.0,5.0,86,48.85,52.695,-30.93,40.6716,348.0,0
2017-11-18,1,9.16667,0.0,3.16667,88,26.94,56.26,-23.5846,47.9386,366.667,1
2017-11-18,2,9.5,0.0,2.83333,89,20.34,54.08,-23.9673,48.8625,341.85,1
2017-11-18,3,9.83333,0.0,2.5,87,18.75,55.75,-24.7326,50.7102,313.65,1
2017-11-18,4,10.1667,0.0,2.33333,86,18.745,62.565,-25.498,52.558,300.0,1
2017-11-18,5,10.5,0.0,2.0,87,17.46,63.325,-19.5167,47.1179,346.92,1
2017-11-18,6,11.1667,0.0,1.66667,87,17.58,60.765,-20.282,48.9656,321.48,1
2017-11-18,7,11.5,0.0,1.5,88,18.32,60.425,-26.3548,49.6264,273.48,1
2017-11-18,8,12.5,0.0,1.33333,87,21.02,60.92,-31.0133,48.8729,250.92,1
2017-11-18,9,13.8333,0.0,1.33333,82,21.48,50.535,-34.2908,40.7852,255.2,1
2017-11-18,10,14.5,0.0,1.33333,81,25.64,46.44,-42.4266,42.4266,212.914,1
2017-11-18,11,15.5,0.0,1.66667,77,23.775,39.935,-43.1337,43.1337,188.7,1
2017-11-18,12,16.3333,0.48,2.16667,72,23.02,38.01,-36.0626,36.0626,236.733,1
2017-11-18,13,17.1667,0.48,2.66667,70,24.96,46.555,-40.8883,30.6055,216.72,1
2017-11-18,14,17.0,0.48,3.16667,69,30.775,55.7,-45.9877,26.5045,213.333,1
2017-11-18,15,16.3333,0.48,3.33333,74,30.57,49.705,-47.1179,19.5167,240.505,1
2017-11-18,16,16.3333,0.96,3.33333,80,30.86,50.295,-60.0522,24.8742,208.042,1
2017-11-18,17,16.0,0.96,3.0,79,31.46,50.87,-56.3567,23.3435,225.318,1
2017-11-18,18,15.5,0.96,2.5,75,31.31,48.85,-55.4328,22.9608,220.0,1
2017-11-19,1,18.3333,0.84,1.83333,70,35.57,26.94,21.4463,7.27092,188.779,1
2017-11-19,2,18.3333,1.2,2.0,77,35.18,20.34,24.2179,6.12288,214.5,1
2017-11-19,3,17.1667,1.2,2.0,78,32.705,18.75,-11.488,12.6284,232.737,1
2017-11-19,4,15.8333,1.05,2.0,78,24.485,18.745,-22.5746,17.2206,215.368,1
2017-11-19,5,14.6667,1.05,2.0,78,21.025,17.46,-51.7373,21.4301,261.0,1
2017-11-19,6,13.5,1.05,2.0,80,16.735,17.58,-48.9656,20.282,293.647,1
2017-11-19,7,13.5,0.72,1.83333,82,18.12,18.32,-57.451,28.7674,256.941,1
2017-11-19,8,13.1667,0.36,1.83333,80,23.17,21.02,-36.7813,32.4517,270.327,1
2017-11-19,9,13.6667,0.36,1.83333,78,15.39,21.48,-37.2253,38.8489,242.031,1
2017-11-19,10,14.5,0.0,2.0,74,16.96,25.64,-35.8215,44.4807,216.0,1
2017-11-19,11,15.1667,0.0,2.33333,71,21.2,23.775,-38.6499,47.3091,210.6,1
2017-11-19,12,16.3333,0.0,2.66667,70,14.985,23.02,-44.5479,44.5479,195.52,1
2017-11-19,13,16.6667,0.0,3.16667,71,18.925,24.96,-36.7697,36.7697,220.8,1
2017-11-19,14,16.8333,0.66,3.5,72,14.6,30.775,-38.1839,38.1839,209.012,1
2017-11-19,15,16.6667,0.66,3.66667,74,20.36,30.57,-37.4768,37.4768,225.095,1
2017-11-19,16,16.6667,0.66,3.5,79,19.915,30.86,-47.3764,47.3764,193.768,1
2017-11-19,17,16.5,0.66,3.16667,85,24.47,31.46,-45.255,45.255,208.8,1
2017-11-19,18,16.1667,1.32,2.83333,82,25.99,31.31,-47.3091,38.6499,210.6,1
2017-11-20,1,12.3333,0.59,2.16667,76,18.85,35.57,-57.2806,23.7262,275.4,0
2017-11-20,2,11.3333,0.59,2.16667,83,18.01,35.18,-53.585,22.1954,297.6,0
2017-11-20,3,10.5,0.23,2.0,83,11.13,32.705,-49.8895,20.6647,317.127,0
2017-11-20,4,10.3333,0.23,1.66667,83,14.31,24.485,-48.0418,19.8994,334.08,0
2017-11-20,5,10.1667,0.23,1.5,85,13.415,21.025,-48.0418,19.8994,341.127,0
2017-11-20,6,9.83333,0.23,1.33333,86,13.175,16.735,-56.3567,23.3435,300.0,0
2017-11-20,7,9.33333,0.0,1.0,89,16.96,18.12,-54.5089,22.5781,333.9,0
2017-11-20,8,9.33333,0.0,0.833333,84,22.18,23.17,-51.7373,21.4301,349.92,0
2017-11-20,9,9.5,0.76,0.833333,78,25.675,15.39,-51.7373,21.4301,339.2,0
2017-11-20,10,10.0,1.32,1.0,74,19.53,16.96,-50.4935,25.0571,337.08,0
2017-11-20,11,11.1667,1.75,1.16667,69,16.655,21.2,-44.9502,22.761,340.267,0
2017-11-20,12,12.8333,2.18,1.5,70,22.62,14.985,-47.949,30.6306,251.6,0
2017-11-20,13,14.5,2.74,2.0,73,23.97,18.925,-43.8304,36.7948,199.68,0
2017-11-20,14,16.0,3.3,2.33333,73,9.09,14.6,-32.0198,42.3026,204.6,0
2017-11-20,15,17.1667,2.54,2.66667,77,9.595,20.36,-27.9769,48.5425,195.789,0
2017-11-20,16,17.6667,1.98,2.33333,82,12.265,19.915,-21.0474,50.8134,210.189,0
2017-11-20,17,17.1667,1.55,2.16667,77,12.73,24.47,-13.7765,49.2597,232.737,0
2017-11-20,18,16.5,1.12,1.83333,78,15.09,25.99,-4.58405,61.2701,208.042,0
2017-11-21,1,13.3333,0.0,0.5,81,9.69,18.85,0.0,54.0,279.0,0
2017-11-21,2,12.3333,0.0,0.666667,81,9.3,18.01,0.0,64.0,257.4,0
2017-11-21,3,11.1667,0.0,0.833333,84,11.595,11.13,0.0,58.0,305.52,0
2017-11-21,4,10.3333,0.0,0.666667,86,11.585,14.31,6.36399,51.3149,348.0,0
2017-11-21,5,10.0,0.0,0.5,76,15.96,13.415,13.4351,60.5537,300.0,0
2017-11-21,6,9.83333,0.0,0.333333,78,19.58,13.175,20.5062,57.7925,311.564,0
2017-11-21,7,9.5,0.0,0.166667,84,20.47,16.96,27.5773,56.0313,312.12,0
2017-11-21,8,9.0,0.0,0.0,79,26.36,22.18,27.5773,54.0313,337.08,0
2017-11-21,9,8.66667,0.0,0.0,72,33.27,25.675,27.5773,51.0313,366.667,0
2017-11-21,10,8.33333,0.25,0.333333,67,29.065,19.53,21.2133,49.7164,403.68,0
2017-11-21,11,8.33333,0.25,0.666667,63,28.35,16.655,21.2133,57.7164,360.0,0
2017-11-21,12,8.5,0.25,1.16667,60,25.34,22.62,14.1422,58.4776,360.0,0
2017-11-21,13,8.66667,0.4,1.83333,59,36.885,23.97,0.0,51.0,401.85,0
2017-11-21,14,8.83333,0.4,2.33333,66,45.79,9.09,-3.44412,51.3149,377.143,0
2017-11-21,15,9.16667,0.4,2.5,69,48.495,9.595,-3.44412,52.3149,361.029,0
2017-11-21,16,9.16667,0.15,2.33333,81,34.785,12.265,-3.44412,54.3149,341.85,0
2017-11-21,17,8.83333,0.15,2.16667,84,34.02,12.73,-3.44412,54.3149,363.0,0
2017-11-21,18,8.33333,0.15,1.66667,84,38.66,15.09,-3.44412,52.3149,398.618,0
2017-11-22,1,7.0,0.0,-0.666667,83,15.075,9.69,-16.0726,54.803,420.0,0
2017-11-22,2,6.83333,0.0,-1.0,91,17.395,9.3,-18.7513,53.2701,436.05,0
2017-11-22,3,6.83333,0.0,-1.33333,92,15.585,11.595,-22.994,49.5128,454.629,0
2017-11-22,4,6.33333,0.0,-1.5,92,19.01,11.585,-22.994,49.5128,454.629,0
2017-11-22,5,6.5,0.0,-1.83333,92,18.86,15.96,-23.8508,46.5812,490.629,0
2017-11-22,6,6.33333,0.0,-2.16667,88,19.93,19.58,-26.1218,45.0638,503.25,0
2017-11-22,7,6.5,0.0,-2.5,91,21.715,20.47,-28.6036,39.9688,517.0,0
2017-11-22,8,7.0,0.0,-2.83333,99,39.555,26.36,-33.6986,31.3641,490.629,0
2017-11-22,9,7.5,0.0,-2.83333,89,43.71,33.27,-37.3838,31.2609,454.629,0
2017-11-22,10,8.33333,0.51,-2.83333,85,31.155,29.065,-39.7012,16.7243,443.143,0
2017-11-22,11,9.33333,0.54,-2.5,80,20.825,28.35,-46.2612,6.43035,360.0,0
2017-11-22,12,10.5,0.54,-2.0,75,26.11,25.34,-46.9683,-11.2474,300.0,0
2017-11-22,13,11.3333,0.54,-1.5,71,39.52,36.885,-46.0445,-15.4569,288.0,0
2017-11-22,14,11.5,0.54,-0.833333,72,35.315,45.79,-51.6909,-26.7957,250.92,0
2017-11-22,15,11.1667,0.54,-0.5,76,32.24,48.495,-49.5232,-30.04,250.92,0
2017-11-22,16,11.0,0.56,-0.166667,81,39.935,34.785,-45.9413,-31.8701,299.815,0
2017-11-22,17,10.6667,1.52,0.166667,81,39.3,34.02,-43.1129,-29.0416,343.385,0
2017-11-22,18,10.6667,2.0,0.333333,79,34.86,38.66,-38.8806,-31.845,366.277,0
2017-11-23,1,14.6667,0.0,0.5,86,41.38,15.075,-47.0819,-31.9283,237.12,0
2017-11-23,2,14.5,0.0,0.5,85,41.205,17.395,-50.3335,-27.0619,237.12,0
2017-11-23,3,14.3333,0.0,0.666667,86,42.325,15.585,-52.6612,-21.8128,245.92,0
2017-11-23,4,14.0,0.25,1.0,88,39.89,19.01,-51.7373,-21.4301,242.031,0
2017-11-23,5,13.6667,0.5,1.33333,90,37.53,18.86,-51.7373,-21.4301,254.88,0
2017-11-23,6,13.6667,0.5,1.5,92,39.165,19.93,-49.8895,-20.6647,267.429,0
2017-11-23,7,13.0,0.5,1.66667,92,40.24,21.715,-48.9656,-20.282,277.114,0
2017-11-23,8,12.8333,0.5,1.83333,92,43.19,39.555,-37.9656,-20.282,240.0,0
2017-11-23,9,12.6667,0.5,2.16667,92,44.115,43.71,-37.0418,-19.8994,240.0,0
2017-11-23,10,13.0,0.25,2.5,96,46.005,31.155,-37.0418,-19.8994,240.0,0
2017-11-23,11,13.5,0.0,2.83333,95,47.015,20.825,1.97912,-9.94968,270.327,0
2017-11-23,12,14.5,0.0,3.33333,92,45.225,26.11,-23.803,-16.0726,232.615,0
2017-11-23,13,15.5,0.0,4.0,93,43.09,39.52,7.20748,-11.0977,180.0,0
2017-11-23,14,16.1667,0.0,4.66667,90,41.715,35.315,21.2179,-6.12288,220.8,0
2017-11-23,15,16.8333,0.0,5.16667,94,41.925,32.24,20.294,-6.50556,225.095,0
2017-11-23,16,16.8333,0.0,5.33333,96,44.975,39.935,-14.4119,-13.0111,232.941,0
2017-11-23,17,16.5,0.0,5.5,97,44.475,39.3,-28.2701,-18.7513,187.2,0
2017-11-23,18,15.8333,0.0,5.33333,97,43.02,34.86,-58.2044,-24.1088,209.647,0
2017-11-24,1,15.1667,0.0,3.33333,97,43.665,41.38,-1.48804,-12.6284,217.412,0
2017-11-24,2,14.1667,0.0,3.16667,98,45.15,41.205,26.2179,-6.12288,252.225,0
2017-11-24,3,13.1667,0.0,2.83333,98,45.88,42.325,52.0,0.0,292.32,0
2017-11-24,4,12.0,0.0,2.66667,97,46.1,39.89,63.0,0.0,257.92,0
2017-11-24,5,11.1667,0.0,2.5,97,46.55,37.53,57.0,0.0,307.8,0
2017-11-24,6,10.3333,0.0,2.33333,99,47.405,39.165,53.0,0.0,336.3,0
2017-11-24,7,9.5,0.0,2.16667,95,47.69,40.24,44.6851,3.44412,300.0,0
2017-11-24,8,9.0,0.0,2.0,94,48.49,43.19,26.2179,6.12288,347.564,0
2017-11-24,9,8.83333,0.0,2.16667,87,48.53,44.115,7.82688,9.18432,385.527,0
2017-11-24,10,8.83333,0.0,2.66667,80,46.625,46.005,-12.4119,13.0111,380.8,0
2017-11-24,11,8.66667,0.0,3.33333,73,43.67,47.015,-29.7268,16.4552,389.88,0
2017-11-24,12,9.0,0.0,4.16667,68,44.13,45.225,-30.7268,16.4552,395.2,0
2017-11-24,13,9.66667,0.0,5.16667,67,46.285,43.09,-32.5746,8.80164,345.257,0
2017-11-24,14,10.3333,0.0,6.16667,70,51.71,41.715,-15.1074,6.12288,300.0,0
2017-11-24,15,10.5,0.0,6.66667,81,52.35,41.925,13.5224,-0.76536,326.8,0
2017-11-24,16,10.8333,0.0,7.0,90,48.675,44.975,32.8373,-4.20948,300.667,0
2017-11-24,17,11.1667,0.0,6.83333,96,47.85,44.475,13.6746,-8.41896,294.0,0
2017-11-24,18,11.5,0.0,6.5,98,47.46,43.02,13.6746,-8.41896,294.0,0
2017-11-25,1,13.6667,0.0,5.0,96,50.905,43.665,56.0,0.0,266.965,1
2017-11-25,2,13.0,0.0,5.16667,95,48.12,45.15,67.0,0.0,240.0,1
2017-11-25,3,11.6667,0.0,5.33333,97,46.66,45.88,61.0,0.0,276.48,1
2017-11-25,4,11.0,0.0,5.33333,100,45.89,46.1,37.6851,3.44412,321.231,1
2017-11-25,5,10.5,0.0,5.5,99,51.33,46.55,14.5224,7.6536,329.018,1
2017-11-25,6,9.83333,0.0,5.66667,98,43.54,47.405,-5.7164,11.4804,341.127,1
2017-11-25,7,9.33333,0.0,5.83333,99,32.7,47.69,-12.1836,14.1592,323.345,1
2017-11-25,8,8.5,0.0,5.83333,98,27.26,48.49,-15.1836,14.1592,360.0,1
2017-11-25,9,8.0,0.0,5.83333,93,38.805,48.53,-28.4796,19.7024,409.867,1
2017-11-25,10,7.33333,0.0,6.0,90,49.415,46.625,-28.4796,25.7024,388.267,1
2017-11-25,11,6.83333,0.0,6.0,89,52.485,43.67,-26.6319,19.5796,439.855,1
2017-11-25,12,7.33333,0.0,6.16667,86,53.39,44.13,-21.419,10.4203,488.52,1
2017-11-25,13,8.0,0.0,6.33333,85,52.52,46.285,-16.007,-2.64529,460.8,1
2017-11-25,14,9.16667,0.0,6.5,84,52.915,51.71,-14.132,-16.4106,390.0,1
2017-11-25,15,10.3333,0.0,6.66667,83,52.435,52.35,-24.8107,-33.9643,316.2,1
2017-11-25,16,11.3333,0.0,6.83333,89,51.295,48.675,-23.3184,-49.296,267.429,1
2017-11-25,17,12.6667,0.0,7.0,90,46.67,47.85,-19.5167,-47.1179,286.7,1
2017-11-26,1,16.3333,2.24,7.0,85,37.47,50.905,-25.4985,-17.6033,202.725,1
2017-11-26,2,16.0,2.24,7.0,91,31.095,48.12,7.2836,-11.4804,180.0,1
2017-11-26,3,15.8333,3.36,7.0,91,28.025,46.66,36.1418,-5.7402,180.0,1
2017-11-26,4,15.1667,2.24,6.83333,91,16.25,45.89,36.1418,5.7402,194.541,1
2017-11-26,5,15.0,2.24,6.66667,88,6.72,51.33,8.97912,9.94968,247.8,1
2017-11-26,6,14.6667,2.24,6.33333,76,3.03,43.54,-21.9552,15.3072,264.0,1
2017-11-26,7,14.0,2.24,6.0,73,3.215,32.7,-47.5618,25.9138,264.0,1
2017-11-26,8,14.1667,2.72,5.5,77,4.82,27.26,-23.8041,33.108,248.727,1
2017-11-26,9,13.6667,1.6,5.16667,72,5.89,38.805,-13.6414,44.8985,221.571,1
2017-11-26,10,14.0,2.08,5.0,67,6.605,49.415,-0.70711,51.541,245.92,1
2017-11-26,11,14.0,2.08,5.0,63,8.735,52.485,19.092,52.9448,257.914,1
2017-11-26,12,13.1667,0.96,5.16667,61,10.265,53.39,9.19243,54.0104,269.925,1
2017-11-26,13,12.5,0.96,5.16667,63,10.44,52.52,9.19243,64.0104,248.625,1
2017-11-26,14,11.6667,0.48,5.33333,63,17.83,52.915,9.19243,58.0104,270.3,1
2017-11-26,15,11.1667,0.48,5.16667,66,22.195,52.435,4.98295,56.1731,289.385,1
2017-11-26,16,10.5,0.0,4.66667,70,29.04,51.295,-7.6536,52.4776,339.429,1
2017-11-26,17,9.5,0.0,4.0,70,29.83,46.67,-11.0977,60.7925,310.371,1
2017-11-27,1,7.83333,0.0,0.333333,72,20.23,37.47,-24.7326,50.7102,388.267,0
2017-11-27,2,7.66667,0.0,0.0,80,19.92,31.095,-20.6647,49.8895,408.857,0
2017-11-27,3,7.66667,0.0,-0.166667,74,19.54,28.025,-22.9357,48.3721,421.2,0
2017-11-27,4,7.83333,0.0,-0.166667,69,24.555,16.25,-26.2383,47.3451,417.6,0
2017-11-27,5,8.5,0.0,-0.166667,70,30.575,6.72,-32.033,42.857,402.8,0
2017-11-27,6,9.0,0.0,-0.166667,72,35.155,3.03,-36.614,31.7432,393.6,0
2017-11-27,7,9.66667,0.0,-0.166667,74,43.13,3.215,-43.174,29.1028,332.8,0
2017-11-27,8,10.3333,0.0,0.0,74,41.48,4.82,-45.167,22.4366,340.267,0
2017-11-27,9,10.6667,0.0,0.166667,70,38.035,5.89,-48.9656,20.282,321.48,0
2017-11-27,10,10.8333,0.0,0.333333,70,37.91,6.605,-49.8895,20.6647,324.8,0
2017-11-27,11,11.0,0.0,0.666667,66,38.725,8.735,-43.0124,26.2352,321.48,0
2017-11-27,12,11.3333,0.0,1.16667,63,38.775,10.265,-42.9661,31.6009,285.12,0
2017-11-27,13,11.5,0.0,1.66667,62,38.835,10.44,-44.8138,32.3662,271.745,0
2017-11-27,14,11.3333,0.0,2.16667,63,40.39,17.83,-42.4294,35.935,271.745,0
2017-11-27,15,10.8333,0.0,2.5,66,44.66,22.195,-41.5055,35.5523,282.764,0
2017-11-27,16,10.5,0.0,2.5,78,47.64,29.04,-44.687,28.451,332.215,0
2017-11-27,17,9.83333,0.0,2.33333,83,46.77,29.83,-53.002,31.8952,300.0,0
2017-11-28,1,12.6667,0.0,0.833333,75,46.935,20.23,36.9896,4.97484,249.508,0
2017-11-28,2,13.3333,0.0,0.666667,82,49.345,19.92,51.0,0.0,281.455,0
2017-11-28,3,14.1667,0.0,0.333333,82,47.72,19.54,57.0,0.0,225.5,0
2017-11-28,4,15.3333,0.0,0.0,82,48.085,24.555,62.0,0.0,196.114,0
2017-11-28,5,16.1667,0.0,-0.333333,82,49.395,30.575,52.0,0.0,224.824,0
2017-11-28,6,17.1667,0.0,-0.666667,77,46.54,35.155,19.294,-6.50556,224.824,0
2017-11-28,7,18.0,0.0,-0.833333,78,42.805,43.13,-16.1836,-14.1592,205.8,0
2017-11-28,8,18.6667,0.0,-1.0,78,40.16,41.48,-15.1836,-14.1592,193.765,0
2017-11-28,9,19.6667,0.0,-0.833333,75,37.625,38.035,-18.8791,-15.6899,180.0,0
2017-11-28,10,20.1667,0.0,-0.5,73,36.05,37.91,-21.6507,-16.8379,155.621,0
2017-11-28,11,21.5,0.0,0.0,68,32.035,38.725,-19.6507,-16.8379,153.6,0
2017-11-28,12,22.1667,0.0,0.5,63,30.15,38.775,24.7508,-8.80164,140.87,0
2017-11-28,13,22.6667,0.0,1.16667,61,29.49,38.835,70.0,0.0,125.314,0
2017-11-28,14,22.3333,0.0,1.83333,59,28.62,40.39,71.0,0.0,139.968,0
2017-11-28,15,21.3333,0.0,2.16667,62,29.37,44.66,65.0,0.0,168.15,0
2017-11-28,16,20.6667,0.0,2.16667,68,31.085,47.64,25.294,-6.50556,202.473,0
2017-11-28,17,19.0,0.0,2.0,72,34.685,46.77,-12.4119,-13.0111,225.095,0
2017-11-29,1,15.3333,0.0,1.16667,73,46.635,46.935,-59.1283,-24.4915,187.68,0
2017-11-29,2,14.6667,0.0,1.16667,83,46.545,49.345,-33.2701,-18.7513,250.286,0
2017-11-29,3,14.1667,0.0,1.16667,85,47.14,47.72,-1.86864,-10.715,286.971,0
2017-11-29,4,12.6667,0.0,1.0,87,45.38,48.085,10.1314,-10.715,240.0,0
2017-11-29,5,12.3333,0.0,1.0,89,46.48,49.395,35.0657,-5.35752,258.514,0
2017-11-29,6,11.6667,0.0,0.833333,91,44.33,46.54,60.0,0.0,260.0,0
2017-11-29,7,11.1667,0.0,0.666667,91,45.385,42.805,58.0,0.0,280.8,0
2017-11-29,8,10.6667,0.0,0.5,94,44.445,40.16,37.6851,-3.44412,313.5,0
2017-11-29,9,10.3333,0.0,0.5,86,42.385,37.625,17.3702,-6.88824,348.0,0
2017-11-29,10,9.83333,0.48,0.5,72,42.03,36.05,8.13136,-10.715,300.0,0
2017-11-29,11,9.66667,0.48,0.666667,71,42.075,32.035,-12.1836,-14.1592,333.9,0
2017-11-29,12,9.83333,0.48,1.0,70,44.33,30.15,-34.3462,-18.3686,324.48,0
2017-11-29,13,10.1667,0.48,1.5,70,46.67,29.49,-54.5089,-22.5781,300.0,0
2017-11-29,14,10.1667,0.48,1.83333,74,50.72,28.62,-48.0418,-19.8994,334.08,0
2017-11-29,15,10.0,0.48,2.0,80,51.31,29.37,-47.1179,-19.5167,340.267,0
2017-11-29,16,10.0,0.41,2.0,89,49.17,31.085,-45.167,-22.4366,353.455,0
2017-11-29,17,9.66667,0.89,1.83333,92,47.41,34.685,-51.5309,-28.8005,311.564,0
2017-11-30,1,8.33333,0.0,1.0,87,45.17,46.635,-45.7245,-32.1945,374.85,0
2017-11-30,2,8.16667,0.0,0.833333,87,46.425,46.545,-31.0676,-26.5376,360.0,0
2017-11-30,3,8.33333,0.0,0.666667,90,47.315,47.14,-18.4108,-20.8808,374.85,0
2017-11-30,4,8.5,0.0,0.5,92,46.93,45.38,-3.75388,-15.2239,360.0,0
2017-11-30,5,8.66667,0.0,0.333333,93,47.73,46.48,18.294,-6.50556,409.867,0
2017-11-30,7,8.5,0.0,-0.166667,96,49.48,45.385,54.0,0.0,366.667,0
2018-10-01,0,9.83333,0.0,7.5,82,16.78,11.19,17.7508,8.80164,300.0,0
2018-10-01,1,9.5,0.0,6.66667,85,16.45,5.35,37.8373,4.20948,323.345,0
2018-10-01,2,9.16667,0.0,5.83333,88,16.25,7.86,57.0,0.0,337.08,0
2018-10-01,3,8.83333,0.0,5.16667,91,15.13,11.5,55.0,0.0,363.0,0
2018-10-01,4,8.5,0.0,4.5,88,14.59,14.82,53.0,0.0,389.88,0
2018-10-01,5,8.33333,0.0,4.0,99,15.98,17.12,51.0,0.0,409.867,0
2018-10-01,6,8.16667,0.0,3.66667,100,21.85,15.73,59.0,0.0,360.0,0
2018-10-01,7,8.16667,0.0,3.16667,100,29.49,16.32,58.0,0.0,374.0,0
2018-10-01,8,8.33333,0.0,3.16667,100,35.18,16.91,40.6851,-3.44412,374.0,0
2018-10-01,9,8.66667,0.0,3.5,97,21.91,17.29,23.3702,-6.88824,360.0,0
2018-10-01,10,9.16667,0.0,4.66667,69,21.38,17.88,17.3702,-6.88824,386.4,0
2018-10-01,11,9.66667,0.0,6.16667,60,19.58,9.9,20.3702,-6.88824,341.85,0
2018-10-01,12,10.3333,0.0,7.83333,52,16.45,7.66,23.3702,-6.88824,300.0,0
2018-10-01,13,10.8333,0.0,10.0,48,15.84,6.47,35.6851,-3.44412,313.6,0
2018-10-01,14,11.3333,0.0,11.8333,48,14.82,6.55,32.9134,4.59216,285.12,0
2018-10-01,15,11.5,0.0,13.5,44,13.52,6.62,11.8269,9.18432,271.745,0
2018-10-01,16,11.1667,0.0,14.3333,44,13.81,6.95,-9.3358,13.3938,271.745,0
2018-10-01,17,10.5,0.0,14.6667,50,14.66,8.77,-28.6507,16.8379,302.4,0
2018-10-01,18,9.66667,0.0,14.3333,63,22.65,9.28,-47.1179,19.5167,359.9,0
2018-10-01,19,8.66667,0.0,13.5,71,40.4,11.51,-53.585,22.1954,345.6,0
2018-10-01,20,7.66667,0.0,12.3333,84,70.56,12.01,-48.0418,19.8994,420.0,0
2018-10-01,21,6.83333,0.0,10.6667,100,53.38,12.77,-53.585,22.1954,410.4,0
2018-10-01,22,6.33333,0.0,9.16667,100,52.58,12.22,-48.0418,19.8994,482.727,0
2018-10-01,23,6.16667,0.0,7.83333,99,81.45,13.39,-53.585,22.1954,462.545,0
2018-10-02,0,6.0,0.0,7.0,96,59.03,16.78,-48.9656,20.282,515.2,0
2018-10-02,1,6.0,0.0,6.16667,93,57.35,16.45,-53.2083,24.5247,480.0,0
2018-10-02,2,6.0,0.0,5.5,100,42.67,16.25,-49.136,25.3232,498.343,0
2018-10-02,3,6.0,0.0,5.33333,99,33.78,15.13,-46.9115,26.8871,517.029,0
2018-10-02,4,6.16667,0.0,5.33333,94,33.58,14.59,-44.687,28.451,520.0,0
2018-10-02,5,6.33333,0.0,5.5,88,33.36,15.98,-44.0935,31.1047,499.8,0
2018-10-02,6,6.66667,0.0,5.66667,90,38.09,21.85,-41.229,35.2758,480.0,0
2018-10-02,7,7.16667,0.0,6.0,92,36.65,29.49,-33.2039,38.0747,496.8,0
2018-10-02,8,7.83333,0.0,6.66667,88,36.08,35.18,-27.6606,44.7786,438.6,0
2018-10-02,9,8.66667,0.0,7.33333,82,28.15,21.91,-19.1753,46.2933,413.4,0
2018-10-02,10,9.5,0.0,8.0,68,19.4,21.38,-2.91176,47.9706,377.143,0
2018-10-02,11,10.6667,0.0,8.66667,62,10.58,19.58,2.03801,55.0209,300.0,0
2018-10-02,12,12.0,0.0,9.5,55,3.69,16.45,7.77821,55.1627,275.6,0
2018-10-02,13,13.3333,0.0,10.5,51,2.32,15.84,7.77821,52.1627,259.418,0
2018-10-02,14,14.6667,0.0,11.5,49,3.79,14.82,-6.50556,57.706,206.7,0
2018-10-02,15,15.8333,0.0,12.1667,47,12.2,13.52,-13.3938,48.3358,229.125,0
2018-10-02,16,16.6667,0.0,12.6667,46,11.74,13.81,-20.282,48.9656,216.847,0
2018-10-02,17,17.0,0.0,12.6667,52,14.36,14.66,-20.282,48.9656,221.0,0
2018-10-02,18,16.8333,0.0,12.3333,58,11.78,22.65,-19.5167,47.1179,236.733,0
2018-10-02,19,16.3333,0.0,11.6667,59,17.54,40.4,-25.2569,60.9761,194.133,0
2018-10-02,20,15.6667,0.0,10.6667,61,12.3,70.56,-28.2682,54.2458,217.412,0
2018-10-02,21,15.5,0.0,9.83333,56,8.95,53.38,-31.6622,48.4394,235.125,0
2018-10-02,22,16.1667,0.0,9.0,52,7.25,52.58,-37.5602,45.6782,220.0,0
2018-10-02,23,17.3333,0.0,8.5,53,10.96,81.45,-36.7697,36.7697,212.571,0
2018-10-03,0,18.5,1.24,8.0,56,9.9,59.03,-43.1337,43.1337,158.118,0
2018-10-03,1,19.6667,1.24,7.66667,71,11.02,57.35,-46.6693,46.6693,147.714,0
2018-10-03,2,20.8333,1.24,7.5,68,10.49,42.67,-46.6693,46.6693,157.617,0
2018-10-03,3,21.3333,1.98,7.33333,70,11.5,33.78,-45.255,45.255,164.509,0
2018-10-03,4,21.1667,1.98,7.33333,71,9.05,33.58,-43.8408,43.8408,171.943,0
2018-10-03,5,20.5,1.98,7.33333,70,7.43,33.36,-36.6451,47.4691,178.286,0
2018-10-03,6,20.3333,0.74,7.5,70,8.15,38.09,-29.0667,50.1735,186.66,0
2018-10-03,7,20.6667,0.74,7.66667,71,7.1,36.65,-22.9608,55.4328,180.0,0
2018-10-03,8,21.3333,0.74,7.83333,70,4.62,36.08,-24.1088,58.2044,155.621,0
2018-10-03,9,22.3333,0.91,8.0,68,4.04,28.15,-26.4049,63.7477,130.743,0
2018-10-03,10,22.8333,0.91,8.16667,66,6.91,19.4,-19.5167,47.1179,174.048,0
2018-10-03,11,23.8333,0.91,8.33333,67,5.4,10.58,-28.3183,68.3671,124.848,0
2018-10-03,12,24.8333,2.46,8.5,69,4.12,3.69,-28.3183,68.3671,129.6,0
2018-10-03,13,25.6667,2.46,8.66667,73,2.42,2.32,-9.567,50.097,168.192,0
2018-10-03,14,26.5,3.15,9.0,66,3.06,3.79,0.0,55.0,156.8,0
2018-10-03,15,27.3333,2.24,9.33333,65,2.77,12.2,0.0,58.0,144.0,0
2018-10-03,16,28.8333,2.24,9.33333,64,5.94,11.74,0.0,61.0,135.24,0
2018-10-03,17,29.8333,2.24,9.33333,65,2.97,14.36,22.6275,60.5642,128.981,0
2018-10-03,18,30.1667,0.69,9.33333,64,3.56,11.78,44.5479,58.2044,131.962,0
2018-10-03,19,29.8333,1.17,9.16667,65,3.93,17.54,42.4266,55.4328,142.916,0
2018-10-03,20,28.8333,0.48,8.83333,65,5.63,12.3,38.891,50.8134,162.29,0
2018-10-03,21,27.3333,0.48,8.5,64,5.07,8.95,55.8617,67.784,120.0,0
2018-10-03,22,25.3333,0.96,8.16667,63,6.57,7.25,50.9119,61.3169,139.569,0
2018-10-03,23,23.1667,0.96,7.83333,62,3.14,10.96,46.6693,55.7736,162.4,0
2018-10-04,0,21.1667,0.96,7.5,61,1.25,9.9,42.4266,55.4328,189.382,0
2018-10-04,1,19.5,0.48,7.33333,60,1.08,11.02,38.891,50.8134,214.5,0
2018-10-04,2,18.0,1.14,7.16667,59,4.62,10.49,36.0626,47.1179,236.733,0
2018-10-04,3,16.8333,1.14,6.83333,62,3.09,11.5,46.6693,60.9761,194.133,0
2018-10-04,4,16.0,1.32,6.66667,62,6.44,9.05,44.5479,58.2044,209.647,0
2018-10-04,5,15.3333,1.32,6.5,63,5.53,7.43,43.1337,56.3567,218.625,0
2018-10-04,6,15.0,1.32,6.33333,63,5.09,8.15,41.7195,54.5089,228.48,0
2018-10-04,7,14.8333,1.32,6.0,70,5.16,7.1,41.7195,54.5089,228.48,0
2018-10-04,8,15.0,0.66,5.83333,69,3.87,4.62,41.7195,54.5089,228.48,0
2018-10-04,9,15.3333,0.66,6.16667,63,19.52,4.04,42.4266,55.4328,212.914,0
2018-10-04,10,16.0,0.0,6.66667,65,2.58,6.91,44.5479,58.2044,195.52,0
2018-10-04,11,17.3333,0.0,7.33333,58,1.38,5.4,36.7697,48.0418,220.8,0
2018-10-04,12,18.6667,0.0,8.16667,51,1.33,4.12,41.0124,53.585,179.082,0
2018-10-04,13,20.1667,0.0,9.33333,46,0.87,2.42,45.255,59.1283,149.368,0
2018-10-04,14,21.3333,0.0,10.3333,42,1.34,3.06,48.7906,63.7477,135.873,0
2018-10-04,15,22.0,0.0,11.1667,40,1.87,2.77,49.4977,64.6716,135.496,0
2018-10-04,16,21.6667,0.0,11.6667,39,1.14,5.94,48.0835,62.8238,151.2,0
2018-10-04,17,20.3333,0.0,11.6667,41,1.54,2.97,43.1337,56.3567,187.617,0
2018-10-04,18,18.5,0.0,11.3333,46,4.6,3.56,36.7697,48.0418,240.514,0
2018-10-04,19,16.0,0.0,10.6667,52,13.8,3.93,45.255,59.1283,228.0,0
2018-10-04,20,13.5,0.0,9.83333,60,19.0,5.63,36.7697,48.0418,302.824,0
2018-10-04,21,11.3333,0.0,8.66667,70,23.39,5.07,36.7697,56.0418,301.765,0
2018-10-04,22,9.66667,0.0,7.66667,73,9.37,6.57,24.7488,48.3358,372.6,0
2018-10-04,23,8.66667,0.0,6.83333,75,11.18,3.14,22.0701,54.803,364.8,0
2018-10-05,0,8.16667,0.0,6.16667,76,12.29,1.25,9.10911,49.2597,420.0,0
2018-10-05,1,8.16667,0.0,5.83333,74,10.55,1.08,5.66499,57.5746,372.3,0
2018-10-05,2,8.33333,0.0,5.66667,74,11.98,4.62,-9.18432,52.852,374.0,0
2018-10-05,3,8.66667,0.0,5.83333,67,11.96,3.09,-21.9123,50.9011,360.0,0
2018-10-05,4,9.33333,0.0,6.16667,66,14.04,6.44,-28.9834,41.9722,377.143,0
2018-10-05,5,9.83333,0.0,6.66667,68,17.27,5.53,-34.0828,43.2832,327.6,0
2018-10-05,6,10.3333,0.0,7.16667,72,18.13,5.09,-38.7996,43.6704,300.0,0
2018-10-05,7,11.0,0.0,7.5,77,21.84,5.16,-37.4768,37.4768,313.6,0
2018-10-05,8,11.8333,0.0,8.0,78,24.8,3.87,-40.3053,40.3053,273.48,0
2018-10-05,9,12.6667,0.0,8.5,76,23.96,19.52,-43.1337,43.1337,240.0,0
2018-10-05,10,13.5,0.0,9.0,79,24.52,2.58,-38.1839,38.1839,255.2,0
2018-10-05,11,14.5,0.0,9.83333,70,24.67,1.38,-41.0124,41.0124,223.385,0
2018-10-05,12,15.5,0.0,11.0,62,21.65,1.33,-38.3255,47.5259,196.114,0
2018-10-05,13,16.6667,0.0,12.3333,55,15.84,0.87,-24.7076,43.6496,229.125,0
2018-10-05,14,17.6667,0.0,13.6667,53,15.74,1.34,-21.0474,50.8134,201.318,0
2018-10-05,15,18.3333,0.0,14.8333,49,19.39,1.87,-22.1954,53.585,184.0,0
2018-10-05,16,18.5,0.0,15.6667,51,17.03,1.14,-22.5781,54.5089,186.66,0
2018-10-05,17,18.1667,0.0,16.0,57,28.08,1.54,-26.9454,48.0522,207.36,0
2018-10-05,18,17.5,0.0,15.6667,63,24.07,4.6,-29.8984,40.1812,240.505,0
2018-10-05,19,16.1667,0.0,15.0,66,28.38,13.8,-39.798,50.0808,208.042,0
2018-10-05,20,14.6667,0.0,14.0,70,27.38,19.0,-41.0124,41.0124,249.882,0
2018-10-05,21,13.3333,0.0,13.0,70,28.37,23.39,-36.7697,36.7697,292.32,0
2018-10-05,22,12.3333,0.0,12.0,72,28.64,9.37,-46.9324,40.9792,257.92,0
2018-10-05,23,11.5,0.0,11.0,72,29.38,11.18,-46.4884,34.582,287.571,0
2018-10-06,0,10.8333,0.0,10.3333,74,29.91,12.29,-45.8277,28.5093,313.5,1
2018-10-06,1,10.5,0.0,9.66667,77,28.13,10.55,-46.5812,23.8508,329.018,1
2018-10-06,2,10.3333,0.0,9.16667,78,28.29,11.98,-48.0418,19.8994,341.127,1
2018-10-06,3,10.0,0.0,8.66667,80,28.87,11.96,-47.1179,19.5167,353.455,1
2018-10-06,4,9.83333,0.0,8.16667,80,30.75,14.04,-55.4328,22.9608,311.564,1
2018-10-06,5,9.83333,0.0,7.83333,90,31.87,17.27,-54.5089,22.5781,312.12,1
2018-10-06,6,10.0,0.0,7.5,100,34.16,18.13,-54.5089,22.5781,312.12,1
2018-10-06,7,10.1667,0.0,7.16667,100,36.46,21.84,-55.4328,22.9608,300.0,1
2018-10-06,8,10.5,0.0,7.0,100,35.43,24.8,-47.1179,19.5167,340.267,1
2018-10-06,9,11.3333,0.0,7.33333,90,31.36,23.96,-49.8895,20.6647,309.12,1
2018-10-06,10,12.3333,0.0,8.16667,70,31.55,24.52,-53.585,22.1954,262.08,1
2018-10-06,11,13.6667,0.0,9.33333,61,30.32,24.67,-48.9656,20.282,259.418,1
2018-10-06,12,15.1667,0.0,10.8333,54,22.35,21.65,-55.4328,22.9608,197.6,1
2018-10-06,13,16.8333,0.0,12.6667,50,24.3,15.84,-49.8895,20.6647,204.6,1
2018-10-06,14,18.1667,0.0,14.5,49,19.36,15.74,-54.5089,22.5781,177.0,1
2018-10-06,15,18.8333,0.0,15.8333,50,17.74,19.39,-56.3567,23.3435,173.46,1
2018-10-06,16,18.6667,0.0,16.8333,51,20.81,17.03,-54.5089,22.5781,191.314,1
2018-10-06,17,17.6667,0.0,17.1667,55,24.2,28.08,-48.9656,20.282,229.14,1
2018-10-06,18,16.1667,0.0,16.8333,68,26.31,24.07,-60.0522,24.8742,214.5,1
2018-10-06,19,14.3333,0.0,16.1667,77,33.64,28.38,-30.5746,17.2206,272.8,1
2018-10-06,20,12.5,0.0,15.0,87,36.86,27.38,-20.5746,17.2206,256.533,1
2018-10-06,21,11.0,0.0,13.6667,89,32.86,28.37,5.05524,10.3324,315.52,1
2018-10-06,22,10.0,0.0,12.3333,90,34.59,28.64,27.9134,4.59216,359.9,1
2018-10-06,23,9.5,0.0,11.1667,91,33.52,29.38,36.9134,4.59216,322.4,1
2018-10-07,0,9.16667,0.0,10.3333,92,33.72,29.91,39.6851,3.44412,347.564,1
2018-10-07,1,9.0,0.0,9.66667,92,34.22,28.13,20.3702,6.88824,363.0,1
2018-10-07,2,9.0,0.0,9.33333,95,34.36,28.29,2.05524,10.3324,366.667,1
2018-10-07,3,9.0,0.0,9.16667,94,36.12,28.87,-15.2597,13.7765,366.667,1
2018-10-07,4,9.0,0.0,9.0,93,38.35,30.75,-32.5746,17.2206,366.667,1
2018-10-07,5,9.0,0.0,9.0,100,40.14,31.87,-49.8895,20.6647,366.667,1
2018-10-07,6,9.0,0.0,9.0,100,41.0,34.16,-49.8895,20.6647,366.667,1
2018-10-07,7,9.16667,0.0,9.0,100,44.77,36.46,-49.8895,20.6647,366.667,1
2018-10-07,8,9.5,0.0,9.16667,98,45.65,35.43,-50.8134,21.0474,352.8,1
2018-10-07,9,9.83333,0.0,9.66667,85,44.75,31.36,-52.6612,21.8128,325.867,1
2018-10-07,10,10.3333,0.48,10.5,72,42.68,31.55,-52.1245,26.1469,300.0,1
2018-10-07,11,11.0,0.48,11.5,64,41.15,30.32,-43.9799,27.7439,313.6,1
2018-10-07,12,11.8333,0.48,12.8333,58,38.2,22.35,-44.8574,33.4922,273.48,1
2018-10-07,13,12.8333,0.48,14.3333,54,36.45,24.3,-45.5182,39.565,240.0,1
2018-10-07,14,13.8333,0.48,15.8333,54,35.26,19.36,-38.891,38.891,245.1,1
2018-10-07,15,14.6667,0.48,17.1667,55,34.06,17.74,-42.4266,42.4266,205.477,1
2018-10-07,16,14.8333,0.0,18.0,53,33.19,20.81,-39.357,48.0163,187.971,1
2018-10-07,17,14.6667,0.0,18.5,67,31.83,24.2,-34.4324,50.1271,210.6,1
2018-10-07,18,14.5,0.0,18.1667,79,22.35,26.31,-23.1186,50.8134,249.882,1
2018-10-07,19,14.5,0.0,17.5,82,9.93,33.64,-1.90529,50.803,279.0,1
2018-10-07,20,14.5,0.0,16.3333,88,3.03,36.86,15.5313,47.3346,261.415,1
2018-10-07,21,14.5,0.0,14.8333,84,1.46,32.86,32.5271,47.3451,216.0,1
2018-10-07,22,14.6667,0.0,13.3333,80,1.3,34.59,43.8408,46.6588,188.308,1
2018-10-07,23,14.6667,0.0,11.8333,75,1.02,33.52,44.5479,44.5479,202.725,1
2018-10-08,0,14.5,0.0,10.6667,75,2.4,33.72,44.3207,37.8263,241.553,0
2018-10-08,1,14.0,0.0,9.5,76,2.76,34.22,43.3864,30.3976,279.0,0
2018-10-08,2,13.1667,0.0,8.66667,79,1.76,34.36,45.0727,19.0839,297.0,0
2018-10-08,3,12.3333,0.0,7.83333,81,1.55,36.12,57.0727,19.0839,249.171,0
2018-10-08,4,11.6667,0.0,7.0,86,1.91,38.35,57.3358,4.97484,260.0,0
2018-10-08,5,11.3333,0.0,6.16667,89,2.83,40.14,55.488,-3.44412,280.8,0
2018-10-08,6,10.8333,0.0,5.33333,90,5.43,41.0,53.6403,-11.8631,310.431,0
2018-10-08,7,10.3333,0.0,4.66667,100,9.74,44.77,48.9552,-15.3072,348.0,0
2018-10-08,8,9.83333,0.0,4.16667,97,9.65,45.65,58.194,-19.134,300.0,0
2018-10-08,9,9.5,0.0,4.16667,86,9.61,44.75,52.558,-25.498,323.345,0
2018-10-08,10,9.16667,0.0,4.66667,76,9.48,42.68,48.7593,-27.6525,337.08,0
2018-10-08,11,8.83333,0.0,5.5,66,9.1,41.15,42.5819,-31.2167,363.0,0
2018-10-08,12,8.66667,0.0,6.66667,57,8.01,38.2,33.3431,-35.3899,380.8,0
2018-10-08,13,8.33333,0.0,8.16667,51,11.54,36.45,25.0282,-39.9458,403.68,0
2018-10-08,14,8.0,0.0,9.5,51,7.07,35.26,21.9668,-47.3369,360.0,0
2018-10-08,15,7.66667,0.0,10.6667,50,4.15,34.06,7.77821,-48.4598,388.267,0
2018-10-08,16,7.33333,0.0,11.3333,54,5.45,33.19,-5.05294,-44.7746,417.6,0
2018-10-08,17,7.0,0.0,11.6667,57,4.58,31.83,-5.41693,-38.4106,453.6,0
2018-10-08,18,6.66667,0.0,11.5,65,20.63,22.35,0.58307,-38.4106,420.0,0
2018-10-08,19,6.33333,0.0,10.8333,67,42.79,9.93,3.52163,-31.0196,452.4,0
2018-10-08,20,6.33333,0.0,10.0,76,58.23,3.03,9.52163,-23.0196,486.0,0
2018-10-08,21,6.33333,0.0,8.66667,85,55.16,1.46,16.5216,-15.0196,503.25,0
2018-10-08,22,6.5,0.0,7.5,92,48.46,1.3,26.5831,-7.62853,509.143,0
2018-10-08,23,6.66667,0.0,6.5,93,42.88,1.02,38.5328,-2.67876,509.143,0
2018-10-09,0,6.83333,0.0,5.66667,92,37.02,2.4,52.0,0.0,496.8,0
2018-10-09,1,7.16667,0.0,5.0,92,36.36,2.76,53.0,0.0,477.0,0
2018-10-09,2,7.16667,0.0,4.5,92,31.93,1.76,55.0,0.0,438.6,0
2018-10-09,3,7.16667,0.0,4.33333,93,28.65,1.55,56.0,0.0,420.0,0
2018-10-09,4,7.16667,0.0,4.16667,93,29.11,1.91,57.0,0.0,420.0,0
2018-10-09,5,7.0,0.0,4.16667,93,30.05,2.83,57.0,0.0,420.0,0
2018-10-09,6,6.83333,0.0,4.33333,93,31.29,5.43,44.4567,2.29608,437.143,0
2018-10-09,7,6.5,0.0,4.33333,93,30.19,9.74,31.9134,4.59216,454.629,0
2018-10-09,8,6.5,0.0,4.5,93,29.51,9.65,19.3702,6.88824,472.457,0
2018-10-09,9,6.66667,0.0,5.0,90,28.15,9.61,5.903,9.567,486.0,0
2018-10-09,10,7.33333,0.0,5.83333,82,25.57,9.48,-9.48804,12.6284,472.457,0
2018-10-09,11,8.33333,0.0,6.83333,71,26.12,9.1,-33.6507,16.8379,460.8,0
2018-10-09,12,9.5,0.0,8.0,62,24.33,8.01,-51.7373,21.4301,360.0,0
2018-10-09,13,10.6667,0.0,9.66667,58,18.03,11.54,-47.1179,19.5167,326.4,0
2018-10-09,14,11.6667,0.0,11.1667,58,17.0,7.07,-52.6612,21.8128,252.45,0
2018-10-09,15,12.1667,0.0,12.5,56,20.27,4.15,-47.1179,19.5167,286.7,0
2018-10-09,16,12.0,0.0,13.3333,59,18.96,5.45,-57.2806,23.7262,240.0,0
2018-10-09,17,11.5,0.0,13.8333,63,24.16,4.58,-55.4328,22.9608,269.077,0
2018-10-09,18,10.8333,0.0,13.6667,78,35.97,20.63,-51.7373,21.4301,310.431,0
2018-10-09,19,10.0,0.0,13.0,87,47.08,42.79,-48.0418,19.8994,354.738,0
2018-10-09,20,9.16667,0.0,12.1667,98,46.22,58.23,-55.4328,22.9608,332.677,0
2018-10-09,21,8.66667,0.0,11.0,99,46.55,55.16,-50.8134,21.0474,372.655,0
2018-10-09,22,8.33333,0.0,10.0,99,44.71,48.46,-48.0418,19.8994,403.68,0
2018-10-09,23,8.16667,0.0,8.83333,99,41.93,42.88,-55.4328,22.9608,360.0,0
2018-10-10,0,8.0,0.0,8.16667,99,42.53,37.02,-53.585,22.1954,374.0,0
2018-10-10,1,8.0,0.0,7.5,100,40.94,36.36,-52.6612,21.8128,388.267,0
2018-10-10,2,8.0,0.0,7.0,100,42.13,31.93,-51.7373,21.4301,390.0,0
2018-10-10,3,7.83333,0.0,6.66667,100,41.64,28.65,-50.0031,24.0255,390.0,0
2018-10-10,4,7.66667,0.0,6.33333,100,41.65,29.11,-47.5618,25.9138,405.45,0
2018-10-10,5,7.5,0.0,6.16667,100,41.9,30.05,-45.1206,27.8022,421.2,0
2018-10-10,6,7.33333,0.0,6.0,100,46.13,31.29,-42.6793,29.6905,437.25,0
2018-10-10,7,7.16667,0.0,5.83333,100,47.56,30.19,-40.238,31.5788,453.6,0
2018-10-10,8,7.0,0.0,5.83333,100,47.6,29.51,-37.7968,33.4672,470.25,0
2018-10-10,9,7.0,0.0,6.33333,100,43.15,28.15,-42.7465,38.4169,420.0,0
2018-10-10,10,7.16667,0.0,7.33333,88,42.5,25.57,-40.3053,40.3053,436.05,0
2018-10-10,11,7.5,0.0,8.66667,76,41.46,26.12,-40.3053,40.3053,420.0,0
2018-10-10,12,7.83333,0.0,10.3333,66,39.42,24.33,-36.7697,36.7697,443.143,0
2018-10-10,13,8.16667,0.0,12.3333,60,38.49,18.03,-38.1839,38.1839,408.857,0
2018-10-10,14,8.5,0.0,14.3333,60,40.71,17.0,-39.5982,39.5982,375.943,0
2018-10-10,15,8.66667,0.0,15.8333,57,41.38,20.27,-36.0626,36.0626,393.6,0
2018-10-10,16,8.5,0.0,16.6667,61,39.48,18.96,-36.7697,36.7697,386.4,0
2018-10-10,17,8.0,0.0,17.1667,67,44.74,24.16,-36.0626,36.0626,409.867,0
2018-10-10,18,7.33333,0.0,16.8333,79,59.29,35.97,-41.6059,38.3587,388.267,0
2018-10-10,19,6.66667,0.0,16.1667,83,54.88,47.08,-39.8613,33.9081,448.0,0
2018-10-10,20,6.0,0.0,15.0,91,69.92,46.22,-34.8613,33.9081,435.2,0
2018-10-10,21,5.5,0.0,13.5,99,86.77,46.55,-33.1167,25.6307,498.667,0
2018-10-10,22,5.33333,0.0,12.0,99,84.04,44.71,-37.7361,23.7173,480.0,0
2018-10-10,23,5.33333,0.0,10.5,99,75.57,41.93,-35.6148,13.1107,530.0,0
2018-10-11,0,5.5,0.0,9.5,99,64.44,42.53,-33.4935,2.50401,569.25,0
2018-10-11,1,5.66667,0.0,8.5,97,56.21,40.94,-32.0792,-7.39553,595.2,0
2018-10-11,2,5.83333,0.0,7.83333,96,55.85,42.13,-36.3219,-11.6382,540.0,0
2018-10-11,3,6.0,0.0,7.5,93,54.62,41.64,-35.6148,-20.8306,540.0,0
2018-10-11,4,6.0,0.0,7.33333,93,55.11,41.65,-29.6948,-29.2828,570.24,0
2018-10-11,5,6.16667,0.0,7.0,100,50.84,41.9,-36.9908,-34.826,546.96,0
2018-10-11,6,6.33333,0.0,6.66667,100,58.13,46.13,-35.0502,-39.3798,501.84,0
2018-10-11,7,6.5,0.0,6.33333,100,59.73,47.56,-33.1096,-43.9336,480.0,0
2018-10-11,8,6.83333,0.0,6.33333,100,56.14,47.6,-29.574,-40.398,517.0,0
2018-10-11,9,7.33333,0.0,6.66667,100,52.68,43.15,-30.9882,-41.8122,477.0,0
2018-10-11,10,8.0,0.0,7.5,85,41.51,42.5,-33.1096,-43.9336,420.0,0
2018-10-11,11,8.66667,0.0,9.0,69,36.98,41.46,-31.6953,-42.5193,395.2,0
2018-10-11,12,9.5,0.0,10.8333,60,32.8,39.42,-34.4987,-38.2871,377.143,0
2018-10-11,13,10.5,0.0,13.0,56,32.19,38.49,-40.3053,-40.3053,300.0,0
2018-10-11,14,11.3333,0.0,15.0,56,27.89,40.71,-38.891,-38.891,288.0,0
2018-10-11,15,11.8333,0.0,16.6667,54,25.67,41.38,-41.7195,-41.7195,250.92,0
2018-10-11,16,12.0,0.0,17.6667,58,24.98,39.48,-43.1337,-43.1337,240.0,0
2018-10-11,17,12.0,0.0,18.0,65,27.61,44.74,-39.565,-45.5182,249.9,0
2018-10-11,18,11.6667,0.0,17.6667,93,35.77,59.29,-35.2891,-47.1955,269.077,0
2018-10-11,19,11.1667,0.0,16.8333,100,42.03,54.88,-29.9235,-47.2419,299.815,0
2018-10-11,20,10.6667,0.0,15.6667,100,37.91,69.92,-24.5579,-47.2883,324.8,0
2018-10-11,21,10.3333,0.0,14.5,100,37.87,86.77,-19.8994,-48.0418,341.127,0
2018-10-11,22,10.1667,0.0,13.3333,98,36.42,84.04,-19.5167,-47.1179,353.455,0
2018-10-11,23,10.0,0.0,12.1667,93,37.48,75.57,-26.5878,-54.189,300.0,0
2018-10-12,0,10.0,0.0,11.3333,93,39.65,64.44,-29.4494,-51.0974,300.0,0
2018-10-12,1,9.83333,0.0,10.8333,94,41.0,56.21,-32.6937,-48.9297,300.0,0
2018-10-12,2,9.66667,0.0,10.3333,95,36.34,55.85,-35.2309,-46.0549,312.12,0
2018-10-12,3,9.5,0.0,9.83333,94,33.77,54.62,-37.7681,-43.1801,324.48,0
2018-10-12,4,9.33333,0.0,9.5,95,37.54,55.11,-40.3053,-40.3053,337.08,0
2018-10-12,5,9.16667,0.0,9.16667,96,43.99,50.84,-39.5982,-39.5982,349.92,0
2018-10-12,6,9.0,0.0,8.83333,97,39.82,58.13,-38.891,-38.891,363.0,0
2018-10-12,7,9.0,0.0,8.33333,100,41.91,59.73,-38.1839,-38.1839,366.667,0
2018-10-12,8,9.16667,0.0,8.16667,100,41.75,56.14,-38.1839,-38.1839,366.667,0
2018-10-12,9,9.5,0.0,8.33333,97,34.27,52.68,-38.891,-38.891,352.8,0
2018-10-12,10,10.0,0.0,9.0,79,31.9,41.51,-40.3053,-40.3053,325.867,0
2018-10-12,11,10.8333,0.0,10.1667,66,30.82,36.98,-36.0626,-36.0626,340.267,0
2018-10-12,12,11.8333,0.0,11.6667,58,27.97,32.8,-42.6329,-35.0561,275.6,0
2018-10-12,13,12.8333,0.0,13.5,54,26.93,32.19,-43.056,-27.3612,270.327,0
2018-10-12,14,13.6667,0.0,15.3333,55,26.09,27.89,-49.136,-25.3232,235.2,0
2018-10-12,15,14.1667,0.0,17.0,53,24.68,25.67,-54.5089,-22.5781,221.571,0
2018-10-12,16,14.1667,0.0,18.0,56,24.65,24.98,-54.5089,-22.5781,228.48,0
2018-10-12,17,13.5,0.0,18.3333,65,25.83,27.61,-49.136,-25.3232,254.88,0
2018-10-12,18,12.6667,0.0,18.0,74,29.29,35.77,-42.3489,-26.6541,302.08,0
2018-10-12,19,11.8333,0.0,17.1667,85,32.49,42.03,-51.5877,-30.4809,276.48,0
2018-10-12,20,11.0,0.0,16.0,91,32.63,37.91,-46.9683,-28.5675,318.171,0
2018-10-12,21,10.1667,0.0,14.6667,92,34.81,37.87,-43.2728,-27.0368,348.0,0
2018-10-12,22,9.66667,0.0,13.3333,93,38.2,36.42,-51.5877,-30.4809,311.1,0
2018-10-12,23,9.5,0.0,12.3333,93,38.57,37.48,-51.4173,-25.4397,324.48,0
2018-10-13,0,9.16667,0.0,11.5,93,39.38,39.65,-52.6612,-21.8128,337.08,1
2018-10-13,1,8.83333,0.0,11.0,94,42.66,41.0,-50.8134,-21.0474,363.0,1
2018-10-13,2,8.5,0.0,10.5,94,39.14,36.34,-48.9656,-20.282,389.88,1
2018-10-13,3,8.33333,0.0,10.0,96,38.65,33.77,-47.1179,-19.5167,409.867,1
2018-10-13,4,8.0,0.0,9.66667,97,39.31,37.54,-54.5089,-22.5781,360.0,1
2018-10-13,5,7.66667,0.0,9.16667,97,39.48,43.99,-52.6612,-21.8128,388.267,1
2018-10-13,6,7.5,0.0,8.83333,94,40.96,39.82,-50.8134,-21.0474,417.6,1
2018-10-13,7,7.5,0.0,8.33333,100,42.58,41.91,-48.9656,-20.282,437.25,1
2018-10-13,8,7.5,0.0,8.16667,100,42.03,41.75,-48.9656,-20.282,437.25,1
2018-10-13,9,7.66667,0.0,8.33333,99,38.38,34.27,-48.9656,-20.282,437.25,1
2018-10-13,10,8.0,0.0,9.0,82,38.9,31.9,-32.5746,-17.2206,421.2,1
2018-10-13,11,8.33333,0.0,10.3333,66,37.55,30.82,-16.1836,-14.1592,392.229,1
2018-10-13,12,8.83333,0.0,12.0,58,36.59,27.97,-0.716399,-11.4804,360.0,1
2018-10-13,13,9.16667,0.0,14.0,55,33.94,26.93,22.2179,-6.12288,371.25,1
2018-10-13,14,9.66667,0.0,16.0,57,35.73,26.09,39.609,-3.06144,341.85,1
2018-10-13,15,9.83333,0.0,17.6667,54,34.54,24.68,58.0,0.0,312.8,1
2018-10-13,16,9.83333,0.0,18.6667,58,32.74,24.65,59.0,0.0,300.0,1
2018-10-13,17,9.83333,0.0,18.8333,67,32.39,25.83,41.6851,-3.44412,300.0,1
2018-10-13,18,9.66667,0.0,18.3333,97,38.22,29.29,24.3702,-6.88824,312.12,1
2018-10-13,19,9.33333,0.0,17.3333,100,48.41,32.49,6.05524,-10.3324,324.48,1
2018-10-13,20,8.83333,0.0,16.0,100,43.1,32.63,-11.3358,-13.3938,360.0,1
2018-10-13,21,8.5,0.0,14.5,100,45.1,34.81,-29.7268,-16.4552,389.88,1
2018-10-13,22,8.33333,0.0,13.1667,96,53.28,38.2,-47.1179,-19.5167,409.867,1
2018-10-13,23,8.16667,0.0,12.0,91,51.05,38.57,-54.5089,-22.5781,360.0,1
2018-10-14,0,8.0,0.0,11.0,92,59.94,39.38,-53.585,-22.1954,374.0,1
2018-10-14,1,7.83333,0.0,10.3333,93,68.61,42.66,-52.6612,-21.8128,388.267,1
2018-10-14,2,7.66667,0.0,9.83333,94,56.88,39.14,-50.8134,-21.0474,405.45,1
2018-10-14,3,7.66667,0.0,9.33333,96,50.88,38.65,-49.8895,-20.6647,421.2,1
2018-10-14,4,7.66667,0.0,8.83333,91,50.5,39.31,-49.8895,-20.6647,421.2,1
2018-10-14,5,7.83333,0.0,8.5,98,52.84,39.48,-48.1554,-23.2602,421.2,1
2018-10-14,6,8.0,0.0,8.33333,100,50.35,40.96,-47.1283,-26.5627,405.45,1
2018-10-14,7,8.33333,0.0,8.0,100,50.16,42.58,-46.1013,-29.8653,390.0,1
2018-10-14,8,8.66667,0.0,7.83333,100,49.19,42.03,-45.0742,-33.1678,360.0,1
2018-10-14,9,9.16667,0.0,8.16667,100,40.41,38.38,-38.5039,-34.1743,386.4,1
2018-10-14,10,9.83333,0.0,9.0,80,38.42,38.9,-38.891,-38.891,341.85,1
2018-10-14,11,10.8333,0.0,10.3333,66,35.54,37.55,-44.3207,-37.8263,300.0,1
2018-10-14,12,12.0,0.0,11.8333,56,31.5,36.59,-45.451,-30.8386,275.6,1
2018-10-14,13,13.3333,0.0,13.6667,49,27.06,33.94,-47.5051,-24.2334,248.727,1
2018-10-14,14,14.6667,0.0,15.5,47,23.59,35.73,-55.4328,-22.9608,197.6,1
2018-10-14,15,15.5,0.0,17.0,45,18.54,34.54,-60.0522,-24.8742,180.0,1
2018-10-14,16,15.8333,0.0,17.8333,48,18.9,32.74,-60.9761,-25.2569,180.0,1
2018-10-14,17,15.3333,0.0,17.8333,52,20.34,32.39,-59.1283,-24.4915,202.024,1
2018-10-14,18,14.6667,0.0,17.3333,74,27.1,38.22,-54.5089,-22.5781,241.553,1
2018-10-14,19,13.6667,0.0,16.3333,82,26.49,48.41,-49.8895,-20.6647,279.0,1
2018-10-14,20,12.6667,0.0,15.0,81,33.42,43.1,-60.0522,-24.8742,248.625,1
2018-10-14,21,11.8333,0.0,13.6667,80,33.94,45.1,-55.4328,-22.9608,277.714,1
2018-10-14,22,11.3333,0.0,12.1667,81,33.14,53.28,-52.6612,-21.8128,291.5,1
2018-10-14,23,11.0,0.0,11.0,76,32.37,51.05,-51.7373,-21.4301,302.4,1
2018-10-15,0,10.6667,0.0,10.1667,77,32.17,59.94,-49.8895,-20.6647,317.127,0
2018-10-15,1,10.5,0.0,9.5,79,33.31,68.61,-48.9656,-20.282,329.018,0
2018-10-15,2,10.3333,0.0,9.0,79,34.3,56.88,-48.0418,-19.8994,341.127,0
2018-10-15,3,10.0,0.0,8.5,77,33.16,50.88,-47.1179,-19.5167,353.455,0
2018-10-15,4,9.66667,0.0,8.16667,77,34.22,50.5,-55.4328,-22.9608,311.564,0
2018-10-15,5,9.5,0.0,7.83333,78,33.82,52.84,-53.585,-22.1954,324.48,0
2018-10-15,6,9.33333,0.0,7.33333,81,37.91,50.35,-52.6612,-21.8128,337.08,0
2018-10-15,7,9.16667,0.0,6.83333,83,39.08,50.16,-51.7373,-21.4301,349.92,0
2018-10-15,8,9.0,0.0,6.5,84,34.44,49.19,-50.8134,-21.0474,363.0,0
2018-10-15,9,9.16667,0.0,6.5,76,30.91,40.41,-49.8895,-20.6647,366.667,0
2018-10-15,10,9.5,0.0,7.0,69,29.31,38.42,-50.8134,-21.0474,352.8,0
2018-10-15,11,10.0,0.0,8.0,58,28.48,35.54,-52.6612,-21.8128,325.867,0
2018-10-15,12,10.6667,0.0,9.5,51,27.08,31.5,-47.1179,-19.5167,340.267,0
2018-10-15,13,11.3333,0.0,11.5,47,25.08,27.06,-50.8134,-21.0474,288.0,0
2018-10-15,14,12.0,0.0,13.5,48,25.58,23.59,-54.5089,-22.5781,250.92,0
2018-10-15,15,12.5,0.0,15.1667,48,24.06,18.54,-47.1179,-19.5167,286.7,0
2018-10-15,16,12.5,0.0,16.3333,53,24.89,18.9,-48.0418,-19.8994,281.538,0
2018-10-15,17,12.1667,0.0,16.8333,60,26.0,20.34,-58.2044,-24.1088,240.0,0
2018-10-15,18,11.6667,0.0,16.6667,70,30.16,27.1,-55.4328,-22.9608,269.077,0
2018-10-15,19,11.1667,0.0,15.8333,81,28.65,26.49,-52.6612,-21.8128,299.815,0
2018-10-15,20,10.6667,0.0,14.6667,85,30.05,33.42,-49.8895,-20.6647,332.215,0
2018-10-15,21,10.0,0.0,13.3333,86,32.83,33.94,-47.1179,-19.5167,353.455,0
2018-10-15,22,9.66667,0.0,12.0,91,38.41,33.14,-55.4328,-22.9608,311.564,0
2018-10-15,23,9.5,0.0,10.6667,92,34.94,32.37,-53.585,-22.1954,324.48,0
2018-10-16,0,9.16667,0.0,9.66667,92,43.05,32.17,-52.6612,-21.8128,337.08,0
2018-10-16,1,8.83333,0.0,8.83333,95,44.39,33.31,-50.8134,-21.0474,363.0,0
2018-10-16,2,8.33333,0.0,8.0,97,43.9,34.3,-48.9656,-20.282,389.88,0
2018-10-16,3,8.0,0.0,7.5,93,49.45,33.16,-55.4328,-22.9608,360.0,0
2018-10-16,4,7.66667,0.0,7.0,92,49.48,34.22,-52.6612,-21.8128,388.267,0
2018-10-16,5,7.16667,0.0,6.66667,92,42.14,33.82,-50.8134,-21.0474,417.6,0
2018-10-16,6,6.83333,0.0,6.33333,91,45.85,37.91,-48.0418,-19.8994,463.6,0
2018-10-16,7,6.66667,0.0,5.83333,100,46.77,39.08,-53.585,-22.1954,435.2,0
2018-10-16,8,6.66667,0.0,5.83333,100,51.65,34.44,-51.7373,-21.4301,452.4,0
2018-10-16,9,6.83333,0.0,6.0,94,43.14,30.91,-50.8134,-21.0474,469.05,0
2018-10-16,10,7.33333,0.0,6.83333,79,41.14,29.31,-50.8134,-21.0474,454.629,0
2018-10-16,11,8.16667,0.0,8.16667,64,43.07,28.48,-27.8791,-15.6899,460.8,0
2018-10-16,12,8.83333,0.0,9.66667,56,45.07,27.08,-10.4119,-13.0111,377.4,0
2018-10-16,13,9.33333,0.0,11.6667,52,38.04,25.08,10.6746,-8.41896,361.029,0
2018-10-16,14,9.83333,0.0,13.5,53,36.23,25.58,27.1418,-5.7402,314.743,0
2018-10-16,15,10.0,0.0,15.0,57,34.3,24.06,51.0,0.0,346.92,0
2018-10-16,16,9.66667,0.0,16.0,61,35.6,24.89,60.0,0.0,300.0,0
2018-10-16,17,9.0,0.0,16.1667,62,38.51,26.0,42.609,-3.06144,335.345,0
2018-10-16,18,8.5,0.0,15.8333,73,55.34,30.16,25.1418,-5.7402,376.32,0
2018-10-16,19,8.0,0.0,15.0,83,51.85,28.65,8.67464,-8.41896,417.72,0
2018-10-16,20,7.5,0.0,13.6667,95,50.5,30.05,2.20748,-11.0977,386.88,0
2018-10-16,21,7.16667,0.0,12.1667,97,62.49,32.83,-14.2597,-13.7765,429.0,0
2018-10-16,22,7.0,0.0,10.6667,95,75.05,38.41,-30.7268,-16.4552,463.6,0
2018-10-16,23,6.83333,0.0,9.33333,93,64.75,34.94,-37.194,-19.134,420.0,0
2018-10-17,0,6.66667,0.0,8.16667,96,62.09,43.05,-40.194,-19.134,452.4,0
2018-10-17,1,6.5,0.0,7.33333,97,63.6,44.39,-26.803,-16.0726,472.457,0
2018-10-17,2,6.33333,0.0,6.66667,97,68.26,43.9,-14.3358,-13.3938,490.629,0
2018-10-17,3,6.16667,0.0,6.33333,92,59.51,49.45,-1.86864,-10.715,509.143,0
2018-10-17,4,6.0,0.0,6.0,90,57.24,49.48,-0.944759,-10.3324,528.0,0
2018-10-17,5,6.0,0.0,5.66667,100,59.91,42.14,-6.48804,-12.6284,480.0,0
2018-10-17,6,6.0,0.0,5.5,100,59.24,45.85,-5.56416,-12.2458,498.343,0
2018-10-17,7,6.0,0.0,5.16667,100,67.66,46.77,-4.64028,-11.8631,517.029,0
2018-10-17,8,6.0,0.0,5.33333,100,68.45,51.65,-3.7164,-11.4804,520.0,0
2018-10-17,9,6.0,0.0,5.66667,100,63.03,43.14,-15.2597,-13.7765,520.0,0
2018-10-17,11,6.5,0.0,8.0,63,50.19,43.07,-25.803,-16.0726,499.8,0
2018-10-17,12,6.83333,0.0,10.0,51,41.81,45.07,-18.2597,-13.7765,517.0,0
2018-10-17,13,7.16667,0.0,12.3333,46,39.01,38.04,-4.7164,-11.4804,477.0,0
2018-10-17,14,7.5,0.0,14.5,48,35.23,36.23,8.82688,-9.18432,438.6,0
2018-10-17,15,7.83333,0.0,16.5,49,34.43,34.3,12.5224,-7.6536,451.0,0
2018-10-17,16,7.83333,0.0,17.6667,56,34.85,35.6,10.6746,-8.41896,413.4,0
2018-10-17,17,7.66667,0.0,18.0,69,42.32,38.51,11.2682,-11.0726,408.857,0
2018-10-17,18,7.5,0.0,17.5,77,72.43,55.34,-0.68162,-16.0224,421.2,0
2018-10-17,19,7.33333,0.0,16.5,89,66.9,51.85,-13.6314,-20.9722,437.25,0
2018-10-17,20,7.16667,0.0,15.0,99,70.38,50.5,-26.5812,-25.922,453.6,0
2018-10-17,21,6.83333,0.0,13.1667,100,55.36,62.49,-39.5309,-30.8717,470.25,0
2018-10-17,22,6.66667,0.0,11.5,97,54.3,75.05,-43.7736,-35.1144,436.05,0
2018-10-17,23,6.5,0.0,10.1667,94,52.69,64.75,-40.6252,-36.2956,469.05,0
2018-10-18,0,6.33333,0.0,9.0,96,51.1,62.09,-37.4768,-37.4768,490.629,0
2018-10-18,1,6.16667,0.0,8.16667,96,50.91,63.6,-36.7697,-36.7697,509.143,0
2018-10-18,2,6.0,0.0,7.66667,94,50.28,68.26,-36.0626,-36.0626,528.0,0
2018-10-18,3,6.0,0.0,7.33333,92,54.33,59.51,-40.3053,-40.3053,480.0,0
2018-10-18,4,6.0,0.0,7.16667,93,63.72,57.24,-39.5982,-39.5982,498.343,0
2018-10-18,5,6.0,0.0,6.83333,94,54.95,59.91,-38.891,-38.891,517.029,0
2018-10-18,6,6.0,0.0,6.66667,94,59.91,59.24,-38.1839,-38.1839,520.0,0
2018-10-18,9,6.16667,0.0,6.5,99,70.36,63.03,-39.4846,-36.2374,520.0,0
2018-10-18,12,7.0,0.0,10.5,53,51.52,41.81,-42.8393,-16.2053,496.8,0
2018-10-18,13,7.33333,0.0,12.6667,48,53.13,39.01,-45.9877,-8.90118,457.6,0
2018-10-18,14,7.66667,0.0,14.8333,48,41.36,35.23,-47.4019,0.99836,420.0,0
2018-10-18,15,7.66667,0.0,16.5,48,36.97,34.43,-44.5734,15.1406,432.0,0
2018-10-18,16,7.5,0.0,17.6667,53,36.57,34.85,-43.9799,22.3864,425.829,0
2018-10-18,18,6.5,0.0,17.1667,81,46.42,72.43,-41.7222,35.2278,420.0,0
2018-10-18,19,6.0,0.0,16.1667,90,57.77,66.9,-35.2551,37.5491,469.05,0
2018-10-18,20,5.33333,0.0,14.6667,100,66.13,70.38,-27.864,39.4876,520.8,0
2018-10-18,21,4.83333,0.0,12.8333,100,66.9,55.36,-27.864,43.4876,514.8,0
2018-10-18,22,4.66667,0.0,11.1667,100,73.0,54.3,-17.6446,44.1217,588.0,0
2018-10-18,23,4.66667,0.0,10.0,96,64.7,52.69,-14.109,48.7411,558.45,0
2018-10-19,0,4.83333,0.0,9.0,85,68.05,51.1,-4.91659,46.6198,615.6,0
2018-10-19,1,5.16667,0.0,8.5,85,54.68,50.91,6.28357,43.259,641.143,0
2018-10-19,2,5.66667,0.0,8.33333,89,49.0,50.28,17.7005,40.988,626.4,0
2018-10-19,3,6.16667,0.0,8.33333,96,50.28,54.33,26.4637,38.1235,586.56,0
2018-10-19,9,7.16667,0.0,7.66667,100,48.65,70.36,51.7373,21.4301,437.143,0
2018-10-19,10,7.5,0.0,8.16667,87,47.86,54.26,52.6612,21.8128,420.0,0
2018-10-19,12,8.5,0.0,10.0,74,39.77,51.52,52.2597,13.7765,392.229,0
2018-10-19,13,9.16667,0.0,11.3333,69,43.03,53.13,49.3254,8.41896,393.6,0
2018-10-19,14,9.83333,0.0,12.5,67,41.3,41.36,53.8582,5.7402,329.829,0
2018-10-19,15,10.1667,0.0,13.5,66,38.5,36.97,51.0,0.0,340.267,0
2018-10-19,16,10.3333,0.0,14.0,66,33.13,36.57,52.0,0.0,334.08,0
2018-10-19,18,9.83333,0.0,13.6667,72,46.08,46.42,51.0,0.0,353.455,0
2018-10-19,19,9.16667,0.0,12.6667,78,39.73,57.77,59.0,0.0,323.345,0
2018-10-19,20,8.5,0.0,11.6667,82,50.21,66.13,55.0,0.0,372.655,0
2018-10-19,21,7.83333,0.0,10.5,86,48.63,66.9,51.0,0.0,417.72,0
2018-10-19,22,7.16667,0.0,9.16667,93,40.93,73.0,56.5433,-2.29608,400.68,0
2018-10-19,23,6.66667,0.0,8.0,96,37.65,64.7,52.0866,-4.59216,458.28,0
2018-10-20,0,6.33333,0.0,7.0,94,39.18,68.05,57.6298,-6.88824,434.52,1
2018-10-20,1,6.16667,0.0,6.33333,89,30.56,54.68,53.6298,-6.88824,482.4,1
2018-10-20,2,6.0,0.0,5.66667,88,27.78,49.0,50.1731,-4.59216,520.8,1
2018-10-20,3,6.0,0.0,5.16667,89,23.04,50.28,55.7164,-2.29608,480.0,1
2018-10-20,8,6.33333,0.0,4.0,94,12.24,45.51,45.2574,24.9236,480.0,1
2018-10-20,9,6.5,0.0,4.16667,84,9.91,48.65,43.9567,31.4623,480.0,1
2018-10-20,10,6.5,0.0,4.66667,71,13.67,47.86,37.3632,34.116,517.0,1
2018-10-20,11,6.5,0.23,5.5,59,13.9,43.32,36.7697,36.7697,496.8,1
2018-10-20,12,7.0,0.23,6.5,51,14.9,39.77,37.4768,37.4768,490.629,1
2018-10-20,13,7.5,0.23,7.83333,45,10.04,43.03,38.891,38.891,454.629,1
2018-10-20,14,8.16667,0.23,9.16667,44,9.68,41.3,36.0626,36.0626,451.0,1
2018-10-20,15,8.5,0.46,10.1667,43,9.04,38.5,38.891,38.891,377.4,1
2018-10-20,16,8.66667,0.46,10.8333,48,10.46,33.13,36.0626,36.0626,393.6,1
2018-10-20,17,8.66667,0.23,11.0,59,17.18,35.87,36.7697,36.7697,377.143,1
2018-10-20,18,8.33333,0.46,10.8333,65,55.64,46.08,36.7697,36.7697,395.2,1
2018-10-20,19,7.83333,0.46,10.1667,85,57.0,39.73,41.7195,41.7195,360.0,1
2018-10-20,20,7.16667,0.94,9.16667,86,32.22,50.21,40.8988,37.6516,402.8,1
2018-10-20,21,6.66667,0.71,8.16667,84,29.06,48.63,40.0781,33.5837,458.28,1
2018-10-20,22,6.33333,0.71,7.33333,84,33.52,40.93,44.3207,37.8263,434.52,1
2018-10-20,23,6.16667,0.71,6.5,87,19.35,37.65,41.4923,34.9979,482.4,1
2018-10-21,0,6.0,0.48,5.83333,91,13.64,39.18,39.371,32.8766,520.8,1
2018-10-21,1,6.0,0.48,5.33333,93,19.23,30.56,43.6136,37.1192,480.0,1
2018-10-21,2,6.0,0.0,5.0,94,14.91,27.78,42.1994,35.705,498.343,1
2018-10-21,3,6.0,0.0,4.66667,96,14.69,23.04,42.7929,33.0513,517.029,1
2018-10-21,4,6.0,0.0,4.33333,94,11.2,19.81,43.3864,30.3976,520.0,1
2018-10-21,5,6.0,0.48,4.0,93,12.3,14.06,43.3864,30.3976,520.0,1
2018-10-21,6,6.0,0.48,3.66667,88,17.15,11.9,43.3864,30.3976,520.0,1
2018-10-21,7,6.0,0.48,3.5,98,18.9,9.33,44.687,28.451,520.0,1
2018-10-21,8,6.0,0.48,3.5,99,18.85,12.24,45.9877,26.5045,520.0,1
2018-10-21,9,6.0,0.48,3.66667,91,27.33,9.91,47.2883,24.5579,520.0,1
2018-10-21,10,6.16667,0.48,4.33333,79,24.35,13.67,48.5889,22.6113,520.0,1
2018-10-21,11,6.33333,0.0,5.33333,71,20.95,13.9,49.296,23.3184,499.8,1
2018-10-21,12,6.5,0.0,6.5,60,16.18,14.9,48.7025,25.9721,480.0,1
2018-10-21,13,6.83333,0.0,7.83333,52,9.51,10.04,42.5657,26.3297,517.0,1
2018-10-21,14,7.16667,0.0,9.16667,49,7.61,9.68,42.6793,31.4247,477.0,1
2018-10-21,15,7.33333,0.0,10.3333,49,8.74,9.04,42.7929,36.5196,438.6,1
2018-10-21,16,7.33333,0.0,10.8333,55,11.96,10.46,42.1994,40.6907,420.0,1
2018-10-21,17,7.33333,0.0,11.0,60,34.87,17.18,36.0626,41.0483,460.8,1
2018-10-21,18,7.16667,0.0,10.8333,77,27.02,55.64,36.0626,41.0483,460.8,1
2018-10-21,19,6.5,0.0,10.3333,82,36.06,57.0,40.3053,45.291,420.0,1
2018-10-21,20,5.66667,0.0,9.5,85,30.89,32.22,38.1839,43.1697,472.457,1
2018-10-21,21,5.33333,0.0,8.33333,90,17.82,29.06,40.3053,45.291,480.0,1
2018-10-21,22,5.33333,0.0,7.16667,94,25.47,33.52,33.4421,44.9606,532.65,1
2018-10-21,23,5.33333,0.0,6.5,83,35.15,19.35,22.8354,42.5193,550.8,1
2018-10-22,0,5.5,0.0,6.0,82,25.42,13.64,12.2288,40.0781,555.429,0
2018-10-22,1,6.0,0.0,5.33333,91,16.76,19.23,2.32926,38.5607,555.429,0
2018-10-22,2,6.83333,0.0,4.83333,96,11.91,14.91,-7.57028,38.5607,555.429,0
2018-10-22,3,7.33333,0.0,4.66667,91,16.27,14.69,-18.1769,39.2678,520.0,0
2018-10-22,4,7.66667,0.0,4.66667,94,19.73,11.2,-30.9049,37.8536,448.8,0
2018-10-22,5,8.0,0.0,4.33333,95,19.24,12.3,-37.4768,37.4768,425.829,0
2018-10-22,6,8.33333,0.0,4.0,96,22.06,17.15,-38.891,38.891,392.229,0
2018-10-22,7,8.66667,0.0,3.83333,97,20.48,18.9,-40.3053,40.3053,360.0,0
2018-10-22,8,8.83333,0.0,3.83333,100,20.95,18.85,-36.7697,36.7697,386.4,0
2018-10-22,9,9.16667,0.0,4.0,93,21.07,27.33,-37.4768,37.4768,371.25,0
2018-10-22,10,9.83333,0.0,4.5,78,21.05,24.35,-38.891,38.891,352.8,0
2018-10-22,11,10.8333,0.0,5.16667,72,18.73,20.95,-41.7195,41.7195,300.0,0
2018-10-22,12,12.0,0.0,6.0,66,21.36,16.18,-39.5982,39.5982,275.6,0
2018-10-22,13,13.3333,0.0,7.16667,64,20.96,9.51,-38.1839,38.1839,241.92,0
2018-10-22,14,14.6667,0.99,8.33333,64,23.98,7.61,-37.6184,46.8188,196.8,0
2018-10-22,15,15.6667,0.99,9.33333,68,31.61,8.74,-34.9315,53.3323,180.0,0
2018-10-22,16,16.0,0.99,9.83333,71,37.76,11.96,-30.4478,57.5078,180.0,0
2018-10-22,17,16.0,1.98,10.1667,78,47.55,34.87,-24.8742,60.0522,194.541,0
2018-10-22,18,15.6667,1.98,10.1667,84,41.88,27.02,-18.3686,59.3462,209.647,0
2018-10-22,19,15.1667,1.98,10.0,85,38.52,36.06,-11.8631,57.6403,226.8,0
2018-10-22,20,14.5,0.99,9.66667,83,31.74,30.89,4.15934,55.7925,237.12,0
2018-10-22,21,13.8333,0.99,9.16667,83,30.26,17.82,19.092,51.1268,254.88,0
2018-10-22,22,12.8333,0.99,8.66667,86,22.32,25.47,27.5773,44.6121,277.114,0
2018-10-22,23,11.6667,0.0,8.0,85,16.4,35.15,33.9413,52.927,258.514,0
2018-10-23,0,10.8333,0.0,7.33333,85,13.63,25.42,39.5982,46.318,318.171,0
2018-10-23,1,10.0,0.0,6.66667,83,13.98,16.76,29.6986,42.3837,366.277,0
2018-10-23,2,9.33333,0.0,6.0,82,11.3,11.91,29.6986,51.3837,332.677,0
2018-10-23,3,8.83333,0.0,5.33333,83,9.96,16.27,20.5062,51.1913,369.6,0
2018-10-23,4,9.0,0.0,5.0,78,8.58,19.73,12.0209,51.706,380.8,0
2018-10-23,5,9.33333,0.0,4.83333,76,8.87,19.24,5.65688,53.391,356.4,0
2018-10-23,6,9.66667,0.0,4.83333,73,11.45,22.06,-3.8268,55.2388,339.2,0
2018-10-23,7,10.5,0.0,4.83333,70,8.42,20.48,-8.03628,56.4015,312.8,0
2018-10-23,8,12.0,0.74,4.83333,67,9.9,20.95,-13.3938,51.3358,300.667,0
2018-10-23,9,13.8333,0.74,5.0,69,9.53,21.07,-13.3938,50.3358,253.08,0
2018-10-23,10,16.0,2.26,5.0,74,8.45,21.05,-5.35752,50.9343,212.571,0
2018-10-23,11,19.1667,3.78,5.0,73,6.91,18.73,0.0,61.0,163.4,0
2018-10-23,12,22.8333,3.78,5.0,76,3.8,21.36,-11.0977,49.7925,162.991,0
2018-10-23,13,26.8333,4.8,5.0,73,3.39,20.96,-23.7262,57.2806,127.531,0
2018-10-23,14,28.3333,5.08,5.0,74,4.14,23.98,-27.1703,65.5955,101.455,0
2018-10-23,15,31.6667,6.1,5.0,74,2.36,31.61,-24.8742,60.0522,140.621,0
2018-10-23,16,35.6667,5.6,5.16667,72,4.08,37.76,-38.6168,53.2292,98.6667,0
2018-10-23,17,39.0,4.08,5.16667,78,13.32,47.55,-61.5186,61.5186,68.37,0
2018-10-23,18,41.1667,4.08,5.16667,78,15.63,41.88,-67.8826,67.8826,62.5021,0
2018-10-23,19,42.0,3.8,5.16667,79,12.78,38.52,-67.1754,67.1754,70.0898,0
2018-10-23,20,44.5,2.78,5.16667,80,10.18,31.74,-62.9328,62.9328,78.8087,0
2018-10-23,21,44.3333,1.76,5.16667,81,6.68,30.26,-60.1043,60.1043,82.5488,0
2018-10-23,22,42.5,0.74,5.0,81,5.8,22.32,-57.2759,57.2759,92.3714,0
2018-10-23,23,40.1667,0.74,5.33333,68,4.48,16.4,-53.0332,53.0332,104.369,0
2018-10-24,0,37.6667,1.48,5.66667,73,12.25,13.63,-50.2048,50.2048,110.5,0
2018-10-24,1,34.8333,0.74,5.83333,73,7.63,13.98,-46.6693,46.6693,127.749,0
2018-10-24,2,31.8333,0.74,6.0,74,1.21,11.3,-31.8701,45.9413,157.548,0
2018-10-24,3,29.6667,1.32,6.16667,74,0.7,9.96,-31.8701,69.9413,120.0,0
2018-10-24,4,28.5,1.32,6.16667,75,0.32,8.58,8.43518,72.0418,120.0,0
2018-10-24,5,28.0,1.9,5.83333,77,0.62,8.87,38.891,44.5271,154.015,0
2018-10-24,6,28.5,1.16,5.5,78,0.78,11.45,43.1337,43.1337,132.248,0
2018-10-24,7,30.3333,2.07,5.16667,79,0.91,8.42,46.6693,46.6693,118.8,0
2018-10-24,8,32.8333,2.07,5.0,76,1.39,9.9,50.2048,50.2048,104.506,0
2018-10-24,9,35.5,2.4,4.83333,73,1.22,9.53,53.7404,53.7404,94.9622,0
2018-10-24,10,38.0,2.4,4.83333,72,2.65,8.45,57.2759,57.2759,83.8769,0
2018-10-24,11,40.5,2.81,5.0,72,1.25,6.91,60.8115,60.8115,76.8,0
2018-10-24,12,43.3333,3.8,5.16667,73,1.26,3.8,64.347,64.347,67.9364,0
2018-10-24,13,46.6667,3.65,5.5,73,3.27,3.39,36.0626,36.0626,117.647,0
2018-10-24,14,48.6667,4.41,5.66667,73,1.17,4.14,40.3053,40.3053,105.263,0
2018-10-24,15,49.6667,4.26,6.0,72,1.06,2.36,36.0626,36.0626,117.647,0
2018-10-24,16,49.5,4.26,6.33333,70,1.75,4.08,70.0039,70.0039,64.8471,0
2018-10-24,17,48.3333,3.27,6.16667,74,1.66,13.32,64.347,64.347,78.375,0
2018-10-24,18,46.0,2.28,6.0,73,1.3,15.63,58.6901,58.6901,88.7442,0
2018-10-24,19,42.1667,2.0,5.83333,72,1.25,12.78,54.4475,54.4475,100.17,0
2018-10-24,20,38.5,1.72,5.66667,70,1.08,10.18,50.2048,50.2048,113.449,0
2018-10-24,21,34.5,0.96,5.33333,68,1.11,6.68,50.8343,35.1395,137.824,0
2018-10-24,22,30.8333,0.96,5.0,67,1.54,5.8,48.9656,20.282,172.966,0
2018-10-24,23,27.5,0.96,5.0,65,1.44,4.48,68.3671,28.3183,143.379,0
2018-10-25,1,21.3333,0.48,4.83333,64,0.43,7.63,54.5089,22.5781,191.314,0
2018-10-25,2,18.8333,0.0,4.66667,63,0.44,1.21,46.4212,25.8556,221.76,0
2018-10-25,3,17.0,0.0,4.5,63,2.74,0.7,56.3207,35.7551,193.44,0
2018-10-25,4,15.5,0.0,4.33333,62,5.33,0.32,47.0356,37.294,231.8,0
2018-10-25,5,14.1667,0.0,4.0,61,1.96,0.62,38.891,41.4923,269.925,0
2018-10-25,6,13.0,0.0,3.66667,62,7.42,0.78,36.0626,41.2651,297.0,0
2018-10-25,7,12.0,0.0,3.5,60,2.74,0.91,36.0626,52.2651,258.514,0
2018-10-25,8,11.3333,0.91,3.5,61,4.01,1.39,26.1631,52.3656,289.385,0
2018-10-25,9,11.1667,1.82,3.5,67,7.78,1.22,13.1438,52.4119,313.5,0
2018-10-25,10,11.6667,2.79,3.5,74,5.68,2.65,0.0663599,52.4119,313.5,0
2018-10-25,11,12.5,2.79,3.66667,79,6.06,1.25,-19.0256,51.932,271.745,0
2018-10-25,12,13.3333,3.76,4.0,81,9.98,1.26,-34.7316,37.4376,241.92,0
2018-10-25,13,13.6667,4.52,4.33333,82,13.81,3.27,-45.6868,34.3216,197.6,0
2018-10-25,14,13.8333,3.61,4.66667,83,10.1,1.17,-49.58,31.7204,220.0,0
2018-10-25,15,14.0,3.46,5.16667,79,15.74,1.06,-46.7516,28.892,266.965,0
2018-10-25,16,14.1667,2.49,5.83333,73,15.98,1.75,-31.0456,35.3864,297.6,0
2018-10-25,17,14.3333,2.49,6.33333,80,7.08,1.66,-4.94977,44.0456,276.0,0
2018-10-25,18,14.5,2.28,6.66667,86,4.09,1.3,16.2635,52.1901,208.145,0
2018-10-25,19,15.1667,1.52,7.0,85,3.18,1.25,36.0626,43.4328,229.125,0
2018-10-25,20,15.8333,1.52,7.16667,85,7.21,1.08,36.0626,39.9645,236.733,0
2018-10-25,21,16.0,0.76,7.0,83,5.91,1.11,46.6693,53.8227,194.133,0
2018-10-25,22,15.5,1.24,6.66667,81,12.31,1.54,43.8408,50.1271,217.412,0
2018-10-25,23,14.5,1.24,6.5,78,9.14,1.44,41.0124,50.1167,243.6,0
