data,timeofday,windspeed6,opady6,temp6,rhumid,index_avg,prev_index_avg,wind_dir_ns,wind_dir_ew,dispel50,is_weekend
2017-11-01,0,10.0,0.0,3.83333,81,24.18,10.85,2.15451,54.7875,300.0,1
2017-11-01,1,10.3333,0.0,4.0,82,53.183,21.5616,-18.3517,44.3049,340.267,1
2017-11-01,2,10.6667,0.0,4.16667,81,46.6053,15.9834,-22.5612,45.4676,329.018,1
2017-11-01,3,10.8333,0.0,4.16667,81,43.4558,12.8439,-26.7706,44.6302,329.018,1
2017-11-01,4,11.0,0.0,4.16667,82,42.1054,12.8692,-27.1533,45.5541,309.12,1
2017-11-01,5,11.1667,0.0,4.16667,82,42.0443,19.4652,-28.5675,46.9683,285.12,1
2017-11-01,6,11.3333,0.0,4.16667,85,43.0401,30.5351,-29.2747,47.6754,282.764,1
2017-11-01,7,11.3333,0.0,4.0,89,48.2553,48.083,-32.8434,45.291,282.764,1
2017-11-01,8,11.6667,0.48,3.83333,82,52.1843,52.9378,-36.4121,42.9065,291.5,1
2017-11-01,9,11.6667,0.96,4.0,83,52.866,35.5976,-41.0124,41.0124,280.8,1
2017-11-01,10,12.3333,0.96,4.5,72,52.543,25.0893,-41.0124,41.0124,271.745,1
2017-11-01,11,13.3333,0.96,5.0,69,54.5243,23.0851,-36.7697,36.7697,270.327,1
2017-11-01,12,14.6667,1.44,5.5,67,51.6181,28.0668,-41.0124,41.0124,223.385,1
2017-11-01,13,16.0,1.95,6.33333,68,50.4646,31.655,-36.7697,36.7697,220.8,1
2017-11-01,14,16.6667,1.47,7.0,70,52.1149,38.4189,-38.891,38.891,201.318,1
2017-11-01,15,17.1667,0.99,7.33333,73,52.346,44.9886,-38.891,38.891,210.189,1
2017-11-01,16,17.5,1.5,7.33333,79,49.4416,56.5556,-36.0626,36.0626,240.505,1
2017-11-01,17,17.3333,1.5,7.16667,81,51.4068,73.806,-48.7906,48.7906,180.0,1
2017-11-01,18,16.8333,1.02,7.0,82,52.1843,82.2362,-46.6693,46.6693,187.2,1
2017-11-01,19,16.3333,0.51,6.66667,83,51.9564,71.6841,-45.9622,45.9622,180.0,1
2017-11-01,20,16.1667,0.51,6.5,83,54.045,70.0377,-46.6693,46.6693,194.133,1
2017-11-01,21,16.3333,0.51,6.5,84,54.2538,67.7848,-45.255,45.255,195.0,1
2017-11-02,1,14.6667,0.0,7.0,86,42.2468,53.183,-41.0124,41.0124,243.6,0
2017-11-02,2,14.5,0.0,7.0,86,41.1654,46.6053,-39.5982,39.5982,248.571,0
2017-11-02,3,14.3333,0.0,7.0,87,40.3265,43.4558,-40.3053,40.3053,239.4,0
2017-11-02,4,14.1667,0.0,7.0,89,38.6222,42.1054,-41.0124,41.0124,230.4,0
2017-11-02,5,13.8333,0.0,7.0,92,39.6687,42.0443,-40.3053,40.3053,239.4,0
2017-11-02,6,14.0,0.0,7.0,90,40.2056,43.0401,-38.891,38.891,264.0,0
2017-11-02,7,14.1667,0.0,7.0,93,40.7171,48.2553,-42.1426,34.0246,264.0,0
2017-11-02,8,14.5,0.86,7.0,91,39.828,52.1843,-45.3941,29.1581,251.631,0
2017-11-02,9,15.1667,1.72,7.16667,85,39.1191,52.866,-51.9077,26.4713,206.7,0
2017-11-02,10,16.6667,2.71,7.5,77,39.0951,52.543,-47.1179,19.5167,225.28,0
2017-11-02,11,18.5,2.71,8.0,77,42.2629,54.5243,-48.8161,29.3329,179.082,0
2017-11-02,12,19.8333,3.7,8.5,82,46.2992,51.6181,-49.3737,39.0909,149.368,0
2017-11-02,13,21.1667,3.7,9.0,83,53.421,50.4646,-48.0835,48.0835,141.382,0
2017-11-02,14,21.5,2.84,9.5,83,56.8912,52.1149,-53.7763,41.3287,140.87,0
2017-11-02,15,21.6667,1.98,9.83333,82,51.741,52.346,-55.0665,32.3361,163.409,0
2017-11-02,16,21.0,2.23,10.0,86,53.6776,49.4416,-57.2806,23.7262,181.409,0
2017-11-02,17,19.5,2.23,10.0,87,69.2236,51.4068,-52.6612,21.8128,195.789,0
2017-11-02,18,17.6667,2.48,9.83333,88,89.2277,52.1843,-45.007,24.4414,236.64,0
2017-11-02,19,15.1667,2.48,9.66667,89,85.4876,51.9564,-53.4923,32.9267,221.76,0
2017-11-02,20,13.5,3.04,9.5,89,70.5622,54.045,-38.0761,32.6641,308.0,0
2017-11-02,21,11.1667,3.04,9.16667,89,67.1727,54.2538,-38.0761,41.6641,300.2,0
2017-11-03,1,10.3333,1.12,7.83333,83,47.2059,42.2468,21.6874,54.7268,300.0,0
2017-11-03,2,10.5,0.56,7.5,85,45.89,41.1654,33.2342,49.4224,286.2,0
2017-11-03,3,11.0,1.07,7.33333,84,42.2386,40.3265,40.3053,52.6612,291.5,0
2017-11-03,4,10.6667,1.07,7.16667,83,40.0372,38.6222,38.1839,49.8895,324.8,0
2017-11-03,5,10.3333,1.07,6.83333,82,42.1993,39.6687,36.7697,48.0418,341.127,0
2017-11-03,6,10.5,0.51,6.66667,80,44.882,40.2056,28.9915,47.8791,359.9,0
2017-11-03,7,10.3333,1.02,6.5,79,46.8563,40.7171,20.5062,48.7925,346.92,0
2017-11-03,8,10.5,1.02,6.5,78,46.1227,39.828,13.4351,50.5537,326.8,0
2017-11-03,9,10.8333,0.51,6.5,75,42.6767,39.1191,7.0711,53.2388,309.12,0
2017-11-03,10,11.1667,0.51,6.66667,78,40.7796,39.0951,0.0,55.0,297.0,0
2017-11-03,11,11.3333,0.51,7.0,77,39.3968,42.2629,8.48532,56.0866,291.5,0
2017-11-03,12,10.8333,0.51,7.5,76,39.6728,46.2992,16.2635,54.2492,294.0,0
2017-11-03,13,10.6667,0.23,8.0,75,39.0447,53.421,22.6275,51.5642,317.127,0
2017-11-03,14,10.3333,0.23,8.33333,76,38.2036,56.8912,29.6986,49.803,329.018,0
2017-11-03,15,10.0,0.23,8.66667,75,48.1019,51.741,36.0626,45.167,359.9,0
2017-11-03,16,9.16667,0.23,8.66667,79,58.9282,53.6776,42.4266,51.5309,322.4,0
2017-11-03,17,8.33333,0.23,8.66667,81,69.7943,69.2236,38.891,45.3941,372.655,0
2017-11-03,18,7.66667,0.23,8.33333,83,74.6211,89.2277,43.1337,50.9374,360.0,0
2017-11-03,19,7.0,0.0,8.0,85,82.0029,85.4876,38.891,45.3941,417.6,0
2017-11-03,20,6.5,0.0,7.66667,85,91.7568,70.5622,32.5271,43.0792,473.28,0
2017-11-03,21,6.16667,0.0,7.33333,85,98.6881,67.1727,32.5271,49.0792,449.28,0
2017-11-03,22,6.16667,0.0,7.0,87,111.91,26.07,25.456,46.8404,482.4,0
2017-11-03,23,6.33333,0.0,6.66667,86,82.83,29.84,14.1422,45.4262,515.2,0
2017-11-04,0,6.66667,0.0,6.33333,85,92.12,30.4133,2.82844,44.012,528.0,1
2017-11-04,1,6.5,0.0,5.83333,86,99.1126,47.2059,-8.58849,41.741,517.0,1
2017-11-04,2,6.33333,0.0,5.33333,86,94.3221,45.89,-3.58849,41.741,480.0,1
2017-11-04,3,6.0,0.0,4.66667,86,93.1808,42.2386,-2.83115,36.1977,480.0,1
2017-11-04,4,5.83333,0.0,4.16667,86,88.1342,40.0372,-9.90225,28.0427,499.8,1
2017-11-04,5,6.16667,0.0,3.5,88,82.2155,42.1993,-14.1449,17.8001,499.8,1
2017-11-04,6,6.16667,0.0,3.0,89,83.0554,44.882,-22.4598,1.35597,528.0,1
2017-11-04,7,6.66667,0.0,2.66667,89,83.4711,46.8563,-22.4598,-8.54357,528.0,1
2017-11-04,8,7.0,0.0,2.5,89,79.314,46.1227,-24.9011,-16.5548,509.143,1
2017-11-04,9,7.5,0.0,3.0,84,75.1398,42.6767,-24.9011,-21.9123,483.36,1
2017-11-04,10,8.0,0.0,3.83333,78,53.1814,40.7796,-37.2921,-24.9737,420.0,1
2017-11-04,11,8.5,0.0,5.16667,68,33.6107,39.3968,-47.0715,-24.8823,395.2,1
2017-11-04,12,9.83333,0.0,6.83333,60,29.5292,39.6728,-45.6005,-21.7877,393.6,1
2017-11-04,13,11.3333,0.0,8.66667,60,28.4772,39.0447,-47.1179,-19.5167,326.4,1
2017-11-04,14,12.6667,0.0,10.1667,60,30.3034,38.2036,-48.9656,-20.282,246.4,1
2017-11-04,15,13.6667,0.0,11.0,65,42.4118,48.1019,-54.5089,-22.5781,206.7,1
2017-11-04,16,14.5,0.0,11.1667,70,70.1861,58.9282,-29.4224,-17.986,211.68,1
2017-11-04,17,14.5,0.0,11.0,73,86.7604,69.7943,-1.56416,-12.2458,233.365,1
2017-11-04,18,14.1667,0.0,10.3333,76,95.1738,74.6211,3.05524,-1.14804,264.0,1
2017-11-04,19,13.1667,0.0,9.33333,76,94.2001,82.0029,4.903,9.567,277.114,1
2017-11-04,20,12.5,0.0,8.5,74,92.5594,91.7568,15.903,9.567,240.0,1
2017-11-04,21,12.3333,0.0,7.83333,73,90.2058,98.6881,12.903,9.567,268.029,1
2017-11-04,23,12.5,0.0,6.83333,72,70.115,82.83,36.9896,4.97484,249.508,1
2017-11-05,0,12.1667,0.0,6.5,73,65.78,92.12,25.9896,4.97484,281.455,1
2017-11-05,1,12.3333,0.0,6.33333,73,81.4407,99.1126,4.82688,9.18432,291.877,1
2017-11-05,2,12.3333,0.0,6.16667,73,72.637,94.3221,-6.25968,13.7765,240.0,1
2017-11-05,3,11.8333,0.0,6.0,72,66.0537,93.1808,-29.4224,17.986,268.029,1
2017-11-05,4,11.3333,0.0,5.83333,71,66.0231,88.1342,-33.4224,17.986,299.815,1
2017-11-05,5,10.8333,0.0,5.66667,73,65.2786,82.2155,-10.4119,13.0111,305.455,1
2017-11-05,6,10.6667,0.0,5.5,74,66.6561,83.0554,9.75076,8.80164,324.8,1
2017-11-05,7,10.1667,0.0,5.16667,75,73.0389,83.4711,11.5985,8.03628,341.127,1
2017-11-05,8,10.0,0.0,5.16667,74,74.4631,79.314,3.2836,11.4804,300.0,1
2017-11-05,9,10.1667,0.0,5.5,67,68.6249,75.1398,4.20748,11.0977,300.0,1
2017-11-05,10,10.3333,0.0,6.33333,67,55.2849,53.1814,-15.9552,15.3072,300.0,1
2017-11-05,11,10.6667,0.0,7.5,58,45.1629,33.6107,-24.9552,15.3072,334.08,1
2017-11-05,12,11.1667,0.0,8.83333,55,32.7107,29.5292,-26.803,6.88824,300.667,1
2017-11-05,13,12.1667,0.0,10.3333,54,28.5568,28.4772,-30.4985,-1.53072,262.08,1
2017-11-05,14,13.3333,0.0,11.5,53,30.0204,30.3034,-24.9552,-15.3072,276.0,1
2017-11-05,15,13.8333,0.0,12.1667,58,39.144,42.4118,-19.9552,-15.3072,225.5,1
2017-11-05,16,13.8333,0.0,12.3333,63,63.5756,70.1861,5.13136,-10.715,214.338,1
2017-11-05,17,13.3333,0.0,12.1667,69,88.636,86.7604,29.1418,-5.7402,237.12,1
2017-11-05,18,12.3333,0.0,11.5,77,109.946,95.1738,52.0,0.0,302.824,1
2017-11-05,19,10.8333,0.0,10.6667,85,120.067,94.2001,59.0,0.0,311.153,1
2017-11-05,20,9.5,0.0,9.66667,85,129.668,92.5594,65.0,0.0,319.341,1
2017-11-05,21,8.66667,0.0,8.83333,81,133.275,90.2058,57.0,0.0,376.2,1
2017-11-05,23,8.0,0.0,7.33333,82,100.89,70.115,60.0,0.0,384.8,1
2017-11-06,0,8.16667,0.0,6.66667,87,69.2767,65.78,57.0,0.0,388.267,0
2017-11-06,1,8.16667,0.0,6.33333,82,94.5664,81.4407,56.0,0.0,375.943,0
2017-11-06,2,8.0,0.0,6.16667,84,65.1268,72.637,55.0,0.0,377.4,0
2017-11-06,3,7.83333,0.0,6.16667,82,48.6217,66.0537,41.609,3.06144,388.267,0
2017-11-06,4,7.83333,0.0,6.16667,86,52.385,66.0231,25.2179,6.12288,402.8,0
2017-11-06,5,7.5,0.0,6.16667,92,53.0289,65.2786,24.2179,6.12288,405.45,0
2017-11-06,6,7.5,0.0,6.33333,96,66.4949,66.6561,23.2179,6.12288,432.667,0
2017-11-06,7,6.83333,0.0,6.33333,99,72.242,73.0389,6.82688,9.18432,437.25,0
2017-11-06,8,6.5,0.0,6.5,96,86.503,74.4631,8.82688,9.18432,469.05,0
2017-11-06,9,6.16667,0.0,6.66667,86,81.6389,68.6249,-4.7164,11.4804,477.0,0
2017-11-06,10,6.0,0.0,7.0,70,65.444,55.2849,-16.2597,13.7765,503.25,0
2017-11-06,11,5.83333,0.0,7.66667,65,56.6882,45.1629,-13.8184,15.6648,520.8,0
2017-11-06,12,5.5,0.0,8.33333,63,46.6466,32.7107,-16.1145,21.2081,480.0,0
2017-11-06,13,6.33333,0.0,9.16667,64,40.0527,28.5568,-4.48079,23.6899,514.8,0
2017-11-06,14,6.66667,0.0,9.83333,66,43.963,30.0204,-7.53102,30.1571,517.029,0
2017-11-06,15,7.5,0.0,10.1667,69,50.4886,39.144,-8.87414,35.814,514.8,0
2017-11-06,16,7.83333,0.0,10.1667,76,62.8179,63.5756,9.83839,38.2347,451.0,0
2017-11-06,17,8.5,0.0,10.0,86,67.6575,88.636,23.6966,39.3827,408.857,0
2017-11-06,18,8.66667,0.0,9.83333,85,67.3101,109.946,40.1812,32.7164,385.0,0
2017-11-06,19,8.66667,0.0,9.5,83,63.7079,120.067,42.4057,29.8519,377.143,0
2017-11-06,20,8.33333,0.0,9.0,82,58.462,129.668,43.9231,26.0635,386.4,0
2017-11-06,21,7.5,0.0,8.66667,80,54.4859,133.275,49.4664,28.3596,360.0,0
2017-11-07,1,6.33333,0.0,7.33333,78,54.6656,94.5664,52.6507,16.8379,479.52,0
2017-11-07,2,6.33333,0.0,7.0,80,58.973,65.1268,49.4119,13.0111,509.143,0
2017-11-07,3,6.33333,0.0,6.66667,79,62.3287,48.6217,48.9448,10.3324,528.0,0
2017-11-07,4,6.33333,0.0,6.5,78,60.4517,52.385,54.488,8.03628,480.0,0
2017-11-07,5,6.5,0.0,6.33333,78,59.4059,53.0289,48.9448,0.38268,517.0,0
2017-11-07,6,6.66667,0.0,6.0,81,60.0761,66.4949,49.4119,-2.29608,509.143,0
2017-11-07,7,6.83333,0.0,5.83333,83,62.2571,72.242,50.3358,-8.03628,477.0,0
2017-11-07,8,7.16667,0.0,5.83333,83,64.3959,86.503,47.0146,-14.5034,472.457,0
2017-11-07,9,7.66667,0.0,6.0,78,68.0112,81.6389,46.2043,-22.8391,438.6,0
2017-11-07,10,8.5,0.0,6.5,75,66.7032,65.444,40.5683,-29.2031,432.0,0
2017-11-07,11,9.33333,0.0,7.0,69,63.1663,56.6882,28.5578,-36.2282,393.6,0
2017-11-07,12,10.3333,0.0,7.83333,66,62.0679,46.6466,30.576,-42.0348,327.6,0
2017-11-07,13,11.6667,0.0,8.5,67,62.3581,40.0527,30.4057,-42.4057,278.25,0
2017-11-07,14,13.0,0.0,9.16667,67,62.4067,43.963,28.9915,-40.9915,265.5,0
2017-11-07,15,14.1667,0.0,9.5,70,59.2716,50.4886,35.1144,-43.7736,225.5,0
2017-11-07,16,14.6667,0.0,9.33333,69,59.7349,62.8179,32.7519,-50.0704,204.429,0
2017-11-07,17,15.1667,0.0,9.0,71,63.6493,67.6575,28.5926,-54.029,203.52,0
2017-11-07,18,15.0,0.0,8.33333,77,67.0056,67.3101,23.7262,-57.2806,210.6,0
2017-11-07,19,14.6667,0.0,7.5,79,69.1645,63.7079,22.5781,-54.5089,235.125,0
2017-11-07,20,13.6667,0.0,6.66667,79,65.3529,58.462,16.4552,-52.7268,254.88,0
2017-11-07,21,12.6667,0.0,5.83333,81,62.0212,54.4859,14.5418,-48.1074,302.08,0
2017-11-08,1,10.5,0.0,3.5,84,63.7949,54.6656,11.8631,-49.6403,334.08,0
2017-11-08,2,10.3333,0.0,3.0,88,62.6564,58.973,12.2458,-50.5642,321.48,0
2017-11-08,3,9.83333,0.0,2.66667,88,63.2196,62.3287,11.8631,-49.6403,341.127,0
2017-11-08,4,9.33333,0.0,2.33333,88,62.0518,60.4517,11.8631,-56.6403,323.345,0
2017-11-08,5,9.0,0.0,2.0,93,63.2078,59.4059,11.8631,-53.6403,349.92,0
2017-11-08,6,8.66667,0.0,1.66667,92,57.2136,60.0761,11.8631,-51.6403,385.527,0
2017-11-08,7,8.5,0.0,1.33333,94,51.4565,62.2571,7.6536,-50.4776,411.927,0
2017-11-08,8,8.5,0.0,1.33333,94,51.3589,64.3959,3.44412,-50.3149,409.867,0
2017-11-08,9,8.66667,0.0,1.66667,82,51.7615,68.0112,3.44412,-50.3149,393.6,0
2017-11-08,10,8.66667,0.0,2.16667,89,54.0488,66.7032,6.50556,-50.706,386.4,0
2017-11-08,11,8.83333,0.0,3.0,83,54.0677,63.1663,6.50556,-50.706,386.4,0
2017-11-08,12,8.83333,0.0,4.0,78,55.888,62.0679,6.50556,-51.706,380.8,0
2017-11-08,13,8.83333,0.0,5.16667,75,58.0619,62.3581,6.50556,-51.706,389.88,0
2017-11-08,14,8.66667,0.0,6.16667,75,63.5261,62.4067,6.50556,-51.706,380.8,0
2017-11-08,15,8.66667,0.0,6.83333,75,66.1769,59.2716,3.06144,-51.391,386.4,0
2017-11-08,16,8.33333,0.0,7.33333,80,71.4896,59.7349,3.06144,-51.391,386.4,0
2017-11-08,17,7.83333,0.0,7.33333,97,75.1832,63.6493,5.35752,-56.9343,360.0,0
2017-11-08,18,7.5,0.0,7.0,98,74.5816,67.0056,7.6536,-54.4776,402.8,0
2017-11-08,19,7.16667,0.0,6.5,99,74.2193,69.1645,7.6536,-52.4776,432.667,0
2017-11-08,20,7.16667,0.0,5.83333,98,78.3716,65.3529,7.6536,-51.4776,458.28,0
2017-11-08,21,6.5,0.0,5.16667,95,76.7148,62.0212,10.715,-48.8686,470.25,0
2017-11-08,22,6.16667,0.0,4.66667,91,62.89,63.7772,10.715,-52.8686,469.05,0
2017-11-08,23,5.83333,0.0,4.16667,92,67.82,50.165,10.715,-48.8686,538.65,0
2017-11-09,0,5.33333,0.0,4.0,92,64.8167,53.31,10.715,-52.8686,532.65,0
2017-11-09,1,5.0,0.0,3.83333,92,72.5027,63.7949,6.12288,-49.1731,583.0,0
2017-11-09,2,4.66667,0.0,3.5,92,68.7856,62.6564,1.53072,-49.1731,583.0,0
2017-11-09,3,5.0,0.0,3.33333,92,62.3773,63.2196,-0.76536,-49.6298,595.2,0
2017-11-09,4,5.33333,0.0,3.16667,92,58.6547,62.0518,-0.76536,-55.6298,540.0,0
2017-11-09,5,5.66667,0.0,3.33333,92,60.0331,63.2078,-0.76536,-54.6298,577.2,0
2017-11-09,6,5.83333,0.0,3.33333,92,66.35,57.2136,-0.76536,-52.6298,615.6,0
2017-11-09,7,5.83333,0.0,3.33333,92,73.3695,51.4565,-5.7402,-49.8582,620.1,0
2017-11-09,8,5.66667,0.0,3.66667,92,80.009,51.3589,-11.2835,-48.1543,566.1,0
2017-11-09,9,5.5,0.51,4.16667,85,85.5218,51.7615,-14.819,-47.6898,540.0,0
2017-11-09,10,5.66667,0.99,4.66667,79,87.9405,54.0488,-17.9077,-41.9077,583.0,0
2017-11-09,11,5.83333,0.99,5.16667,75,83.1282,54.0677,-22.0788,-33.6857,561.6,0
2017-11-09,12,6.33333,1.47,5.83333,71,68.0327,55.888,-15.0788,-27.6857,540.6,0
2017-11-09,13,6.83333,1.47,6.66667,70,59.3516,58.0619,-22.4698,-24.7471,499.8,0
2017-11-09,14,7.5,1.95,7.5,71,64.238,63.5261,-13.4698,-12.7471,483.36,0
2017-11-09,15,8.16667,1.44,7.83333,73,72.8801,66.1769,-19.8713,-4.68359,420.0,0
2017-11-09,16,8.33333,1.44,8.0,75,81.0474,71.4896,-19.1074,4.59216,379.44,0
2017-11-09,17,8.66667,1.44,8.0,85,82.2123,75.1832,-21.8791,9.567,360.0,0
2017-11-09,18,9.0,0.96,7.66667,91,83.0291,74.5816,-30.7268,10.3324,386.4,0
2017-11-09,19,9.16667,0.96,7.16667,91,78.6655,74.2193,-32.5746,17.2206,366.667,0
2017-11-09,20,9.16667,0.48,6.66667,88,76.869,78.3716,-50.8134,21.0474,352.8,0
2017-11-09,21,9.33333,0.48,6.33333,84,87.5443,76.7148,-48.8625,23.9673,352.8,0
2017-11-09,22,9.66667,0.0,6.0,82,54.1,62.89,-47.6186,27.5942,327.6,0
2017-11-09,23,9.66667,0.0,5.66667,82,67.69,67.82,-47.2987,31.6039,312.8,0
2017-11-10,0,9.5,0.0,5.5,82,52.8867,64.8167,-45.3478,34.5238,324.48,0
2017-11-10,1,9.16667,0.0,5.33333,83,61.0327,72.5027,-42.473,37.061,337.08,0
2017-11-10,2,9.16667,0.0,5.16667,87,55.0864,68.7856,-38.891,38.891,352.8,0
2017-11-10,3,9.0,0.0,5.0,88,51.8603,62.3773,-38.891,38.891,363.0,0
2017-11-10,4,9.16667,0.0,5.0,88,48.9642,58.6547,-40.1349,35.2641,376.32,0
2017-11-10,5,9.5,0.0,5.0,87,48.7406,60.0331,-40.842,35.9712,352.8,0
2017-11-10,6,9.83333,0.0,5.0,87,50.7721,66.35,-42.2562,37.3854,325.867,0
2017-11-10,7,10.1667,0.48,5.0,87,54.0488,73.3695,-38.0135,33.1427,340.267,0
2017-11-10,8,10.3333,0.48,5.16667,87,54.4437,80.009,-38.7206,33.8498,326.8,0
2017-11-10,9,10.6667,0.48,5.33333,84,56.3699,85.5218,-39.6445,34.2325,329.018,0
2017-11-10,10,11.3333,0.48,5.66667,81,56.1549,87.9405,-42.029,30.6638,329.018,0
2017-11-10,11,12.5,0.48,6.16667,74,55.6118,83.1282,-44.8574,33.4922,282.764,0
2017-11-10,12,13.8333,1.24,6.66667,69,55.5853,68.0327,-46.638,25.5312,241.92,0
2017-11-10,13,15.3333,0.76,7.33333,65,51.1103,59.3516,-40.6716,30.93,216.72,0
2017-11-10,14,16.6667,0.76,7.83333,63,49.8299,64.238,-43.5,33.7584,198.4,0
2017-11-10,15,18.0,0.76,8.16667,64,52.2472,72.8801,-39.5982,39.5982,202.926,0
2017-11-10,16,18.5,0.76,8.33333,68,54.3216,81.0474,-43.7168,33.434,202.926,0
2017-11-10,17,18.5,1.24,8.33333,73,55.5087,82.2123,-43.0097,32.7269,205.8,0
2017-11-10,18,18.3333,0.48,8.16667,72,53.2839,83.0291,-43.0097,32.7269,210.189,0
2017-11-10,19,18.5,0.48,7.83333,70,50.016,78.6655,-42.0858,32.3442,213.333,0
2017-11-10,20,19.0,0.48,7.5,70,49.9217,76.869,-47.8354,27.2698,198.4,0
2017-11-10,21,19.6667,1.34,7.16667,74,25.725,87.5443,-54.5089,22.5781,177.0,0
2017-11-10,22,20.8333,1.34,6.83333,77,16.18,54.1,-59.1283,24.4915,154.56,0
2017-11-10,23,22.0,1.72,6.5,79,23.125,67.69,-63.7477,26.4049,130.743,0
2017-11-11,0,22.8333,1.72,6.33333,80,15.625,52.8867,-67.4432,27.9356,120.0,1
2017-11-11,1,23.3333,2.46,6.16667,81,37.7497,61.0327,-67.4432,27.9356,129.792,1
2017-11-11,2,22.8333,2.46,6.0,85,38.2707,55.0864,-65.5955,27.1703,139.968,1
2017-11-11,3,21.3333,1.6,6.0,85,32.5565,51.8603,-55.2265,30.3313,169.304,1
2017-11-11,4,19.5,1.6,6.0,87,26.5966,48.9642,-43.8768,31.4292,227.061,1
2017-11-11,5,17.3333,1.48,6.0,90,19.1657,48.7406,-53.7763,41.3287,205.67,1
2017-11-11,6,16.1667,1.48,5.66667,85,21.528,50.7721,-41.0124,41.0124,256.0,1
2017-11-11,7,14.6667,0.74,5.16667,89,25.7693,54.0488,-34.4073,43.0665,248.571,1
2017-11-11,8,14.3333,0.74,4.83333,83,31.2536,54.4437,-29.8653,46.1013,248.571,1
2017-11-11,9,15.0,0.74,4.66667,73,32.8969,56.3699,-26.0886,50.9838,216.0,1
2017-11-11,10,15.8333,1.22,4.5,58,34.11,56.1549,-24.4915,59.1283,195.0,1
2017-11-11,11,17.6667,0.48,4.5,49,34.2441,55.6118,-13.0111,50.4119,212.625,1
2017-11-11,12,19.1667,0.96,4.83333,43,31.2855,55.5853,-15.6899,56.8791,170.133,1
2017-11-11,13,20.6667,0.96,5.5,42,32.1788,51.1103,-18.3686,63.3462,131.368,1
2017-11-11,14,21.3333,0.96,5.83333,47,33.1907,49.8299,-27.1703,65.5955,130.226,1
2017-11-11,15,21.5,1.93,6.0,58,40.7738,52.2472,-26.0222,62.8238,155.952,1
2017-11-11,16,21.3333,2.42,6.0,72,45.34,54.3216,-23.7262,57.2806,181.409,1
2017-11-11,17,20.1667,2.42,5.83333,72,51.1721,55.5087,-21.8128,52.6612,200.34,1
2017-11-11,18,18.8333,1.94,5.5,70,50.7964,53.2839,-20.282,48.9656,225.095,1
2017-11-11,19,17.5,1.94,5.0,66,49.8334,50.016,-19.5167,47.1179,236.733,1
2017-11-11,20,16.6667,1.94,4.66667,63,45.8619,49.9217,-30.1233,57.7245,194.133,1
2017-11-11,21,16.3333,0.97,4.33333,64,23.21,25.725,-33.8417,51.7013,202.725,1
2017-11-11,22,16.5,0.0,4.16667,67,15.5,16.18,-43.4248,43.4248,202.024,1
2017-11-11,23,16.6667,0.0,4.0,74,13.31,23.125,-43.8663,24.3831,225.28,1
2017-11-12,0,16.6667,1.63,4.0,82,12.62,15.625,-48.9656,20.282,216.847,1
2017-11-12,1,16.5,2.42,4.0,88,28.6289,37.7497,-48.9656,20.282,225.095,1
2017-11-12,2,16.1667,2.42,4.0,85,27.9152,38.2707,-58.8652,30.1816,193.768,1
2017-11-12,3,15.3333,2.42,4.0,85,26.9732,32.5565,-50.5039,32.1031,225.318,1
2017-11-12,4,13.8333,2.42,4.0,85,23.7718,26.5966,-43.2832,34.0828,266.965,1
2017-11-12,5,12.8333,2.42,3.83333,86,21.5495,19.1657,-50.3543,41.1539,248.4,1
2017-11-12,6,11.3333,0.79,3.66667,90,24.9958,21.528,-38.8579,44.8111,277.714,1
2017-11-12,7,10.1667,0.0,3.33333,93,34.7066,25.7693,-32.0198,42.3026,332.215,1
2017-11-12,8,9.66667,0.0,3.0,87,46.469,31.2536,-27.07,48.7697,321.6,1
2017-11-12,9,9.0,0.0,2.83333,79,41.1624,32.8969,-10.8065,48.8161,345.6,1
2017-11-12,10,8.83333,0.0,2.83333,72,29.1721,34.11,3.33573,47.7218,376.32,1
2017-11-12,11,8.66667,0.0,3.16667,61,32.0992,34.2441,6.96271,48.9656,398.618,1
2017-11-12,12,9.16667,0.48,3.66667,53,37.2296,31.2855,4.10109,45.8741,386.4,1
2017-11-12,13,10.0,0.48,4.5,46,37.3041,32.1788,-0.61568,46.2612,329.829,1
2017-11-12,14,10.0,0.48,5.33333,52,40.1308,33.1907,-14.0508,48.2794,300.0,1
2017-11-12,15,10.1667,0.48,5.83333,63,45.9381,40.7738,-36.0175,35.4763,326.8,1
2017-11-12,16,9.83333,1.22,6.16667,67,65.1218,45.34,-40.8883,30.6055,334.08,1
2017-11-12,17,9.66667,1.22,6.16667,71,69.6906,51.1721,-33.8883,30.6055,312.12,1
2017-11-12,18,9.5,0.74,6.0,71,65.5675,50.7964,-17.8172,23.5345,335.345,1
2017-11-12,19,9.0,0.74,5.66667,69,65.5193,49.8334,-0.0390395,15.7562,357.5,1
2017-11-12,20,9.16667,0.74,5.33333,73,63.5982,45.8619,2.08229,0.90693,376.32,1
2017-11-12,21,9.5,0.74,5.16667,77,60.7168,23.21,7.11161,-13.0826,352.8,1
2017-11-12,22,10.1667,1.8,5.0,79,40.43,15.5,11.2171,-26.6894,300.0,1
2017-11-12,23,10.1667,5.43,5.0,83,38.165,13.31,-8.99243,-36.852,334.08,1
2017-11-13,0,10.0,5.43,5.0,84,45.4,12.62,-22.4366,-45.167,340.267,0
2017-11-13,1,10.0,5.43,5.0,85,58.4711,28.6289,-16.0726,-47.803,353.455,0
2017-11-13,2,9.5,6.29,5.0,92,60.1053,27.9152,-16.0726,-56.803,311.564,0
2017-11-13,3,9.0,6.29,5.0,96,58.9655,26.9732,-11.8631,-54.6403,347.564,0
2017-11-13,4,8.66667,5.35,5.0,99,51.9362,23.7718,-1.99672,-50.1345,385.527,0
2017-11-13,5,8.66667,1.72,5.0,97,46.0321,21.5495,10.5277,-43.4159,395.2,0
2017-11-13,6,9.0,1.72,4.83333,100,39.3948,24.9958,20.3358,-41.465,395.2,0
2017-11-13,7,10.1667,1.72,4.66667,100,43.4256,34.7066,28.114,-24.6868,366.667,0
2017-11-13,8,11.6667,0.86,4.33333,97,44.5746,46.469,42.8961,-1.5639,305.25,0
2017-11-13,9,12.8333,0.86,4.0,93,44.7642,41.1624,40.9451,19.558,246.4,0
2017-11-13,10,14.1667,0.0,3.66667,84,48.5023,29.1721,45.1878,36.5286,198.545,0
2017-11-13,11,15.6667,0.0,3.33333,79,52.1742,32.0992,53.1156,35.256,187.425,0
2017-11-13,12,16.5,0.0,3.16667,76,52.3557,37.2296,51.0615,41.8611,180.0,0
2017-11-13,13,16.1667,0.0,3.16667,74,53.5685,37.3041,43.216,25.3564,232.941,0
2017-11-13,14,15.5,0.0,3.33333,72,56.805,40.1308,56.1503,30.7139,194.541,0
2017-11-13,15,14.6667,0.0,3.66667,72,59.7099,45.9381,52.4548,29.1832,231.8,0
2017-11-13,16,13.5,0.0,3.83333,81,59.2901,65.1218,48.9656,20.282,288.225,0
2017-11-13,17,12.1667,0.0,4.0,85,64.4143,69.6906,58.2044,24.1088,266.325,0
2017-11-13,18,11.1667,0.0,4.0,87,61.3586,65.5675,52.6612,21.8128,307.8,0
2017-11-13,19,10.5,0.0,3.83333,87,60.8278,65.5193,46.7979,23.5263,343.385,0
2017-11-13,20,10.0,0.0,3.66667,88,60.3154,63.5982,56.0367,27.3531,300.0,0
2017-11-13,21,10.0,0.0,3.33333,87,56.559,60.7168,51.0974,29.4494,300.0,0
2017-11-13,22,9.83333,0.0,3.16667,85,20.74,40.43,48.9297,32.6937,300.0,0
2017-11-13,23,9.83333,0.0,3.0,87,26.65,38.165,46.0549,35.2309,312.12,0
2017-11-14,0,10.0,0.0,3.0,87,17.52,45.4,43.8872,38.4752,312.12,0
2017-11-14,1,10.1667,0.0,3.0,89,43.6736,58.4711,44.5943,39.1823,300.0,0
2017-11-14,2,10.1667,0.0,3.0,81,40.3054,60.1053,36.0626,36.0626,346.92,0
2017-11-14,3,10.1667,0.0,3.0,80,37.7658,58.9655,36.0626,36.0626,340.267,0
2017-11-14,4,10.1667,0.0,2.83333,81,35.4337,51.9362,36.7697,36.7697,334.08,0
2017-11-14,5,10.0,0.0,2.66667,77,34.9385,46.0321,36.0626,36.0626,353.455,0
2017-11-14,6,9.5,0.0,2.33333,80,39.4883,39.3948,42.4266,42.4266,311.564,0
2017-11-14,7,9.16667,0.0,2.16667,80,44.1283,43.4256,42.0394,37.7098,347.564,0
2017-11-14,8,9.0,0.0,2.0,76,45.1839,44.5746,40.6252,36.2956,363.0,0
2017-11-14,9,8.83333,0.0,1.83333,69,46.1112,44.7642,39.9181,35.5885,376.32,0
2017-11-14,10,9.16667,0.0,2.0,65,47.4749,48.5023,39.211,34.8814,380.8,0
2017-11-14,11,9.16667,0.0,2.33333,60,45.0886,52.1742,40.6252,36.2956,352.8,0
2017-11-14,12,9.5,0.0,2.83333,57,47.9995,52.3557,40.6252,36.2956,341.85,0
2017-11-14,13,9.33333,0.0,3.33333,62,44.1259,53.5685,40.3053,40.3053,325.867,0
2017-11-14,14,9.16667,0.0,3.66667,60,44.4927,56.805,39.5982,39.5982,339.2,0
2017-11-14,15,8.83333,0.0,3.83333,61,51.5935,59.7099,38.891,38.891,352.8,0
2017-11-14,16,8.16667,0.0,3.83333,70,76.7393,59.2901,37.4768,37.4768,398.618,0
2017-11-14,17,7.83333,0.0,3.5,75,113.917,64.4143,42.4266,42.4266,372.764,0
2017-11-14,18,7.16667,0.0,3.0,81,137.14,61.3586,39.5982,41.1156,402.8,0
2017-11-14,19,6.83333,0.0,2.16667,83,148.094,60.8278,37.4768,40.2948,458.28,0
2017-11-14,20,6.5,0.0,1.5,81,129.17,60.3154,37.4768,46.2948,434.52,0
2017-11-14,21,6.33333,0.0,1.0,80,110.74,56.559,26.1631,43.4664,469.05,0
2017-11-14,22,6.16667,0.0,0.333333,81,58.96,20.74,18.2101,43.3528,503.25,0
2017-11-14,23,6.0,0.0,-0.166667,81,92.17,26.65,7.00995,39.992,528.0,0
2017-11-15,0,6.33333,0.0,-0.5,82,68.8233,17.52,2.76729,44.2347,480.0,0
2017-11-15,1,6.5,0.0,-0.666667,81,80.5052,43.6736,-14.5233,37.3966,528.0,0
2017-11-15,2,6.66667,0.0,-0.833333,82,73.5874,40.3054,-25.9402,33.6082,517.0,0
2017-11-15,3,7.0,0.0,-1.16667,86,67.8478,37.7658,-36.65,30.7436,496.8,0
2017-11-15,4,7.16667,0.0,-1.33333,91,66.4707,35.4337,-44.0411,27.8051,457.6,0
2017-11-15,5,7.5,0.0,-1.5,91,66.4113,34.9385,-44.7482,28.5122,438.6,0
2017-11-15,6,7.5,0.0,-1.5,93,72.9522,39.4883,-44.2999,23.7343,451.0,0
2017-11-15,7,7.5,0.0,-1.5,93,75.8964,44.1283,-47.4482,22.553,437.25,0
2017-11-15,8,7.5,0.0,-1.33333,92,77.5328,45.1839,-46.5244,22.1704,443.143,0
2017-11-15,9,7.33333,0.0,-0.833333,87,80.1568,46.1112,-33.0572,19.4916,443.143,0
2017-11-15,10,7.33333,0.0,0.0,82,81.9174,47.4749,-19.59,16.8128,453.6,0
2017-11-15,11,7.0,0.0,1.0,77,80.927,45.0886,-17.1488,18.7012,460.8,0
2017-11-15,12,6.83333,0.0,2.0,72,79.8701,47.9995,-11.1488,18.7012,420.0,0
2017-11-15,13,6.66667,0.0,3.16667,73,72.9747,44.1259,0.800991,13.7514,436.05,0
2017-11-15,14,6.16667,0.0,4.33333,77,60.0611,44.4927,14.192,10.69,469.05,0
2017-11-15,15,5.66667,0.0,5.16667,81,60.5119,51.5935,25.5831,7.62853,528.0,0
2017-11-15,16,5.16667,0.0,5.5,80,85.2446,76.7393,29.5831,7.62853,517.029,0
2017-11-15,17,4.83333,0.0,5.5,85,108.785,113.917,40.0502,4.94977,575.143,0
2017-11-15,18,4.5,0.0,5.16667,90,122.373,137.14,36.3547,6.48049,559.543,0
2017-11-15,20,4.83333,0.0,3.66667,96,128.2,129.17,33.3547,6.48049,620.229,0
2017-11-15,21,4.83333,0.0,2.83333,95,135.7,110.74,36.0084,-4.01256,626.4,0
2017-11-15,22,5.0,0.0,2.16667,100,133.55,58.96,33.18,-6.841,600.0,0
2017-11-15,23,5.16667,0.0,1.5,92,143.6,92.17,22.5606,-8.7544,641.829,0
2017-11-16,0,5.33333,0.0,1.0,92,149.77,68.8233,12.025,-12.2899,667.8,0
2017-11-16,1,5.16667,0.0,0.666667,92,131.302,80.5052,1.78235,-16.5326,627.3,0
2017-11-16,2,5.0,0.0,0.333333,92,128.106,73.5874,-6.83705,-14.6192,600.0,0
2017-11-16,3,5.16667,0.0,0.166667,92,125.351,67.8478,-16.7505,-9.99981,620.1,0
2017-11-16,4,5.0,0.0,0.0,92,125.661,66.4707,-17.6743,-9.61713,610.56,0
2017-11-16,5,5.0,0.0,0.0,92,126.443,66.4113,-18.6743,-9.61713,649.0,0
2017-11-16,6,5.0,0.0,0.166667,92,127.839,72.9522,-23.2937,-11.5305,600.0,0
2017-11-16,7,5.5,0.0,0.333333,92,134.687,75.8964,-33.5364,-15.7732,600.0,0
2017-11-16,8,5.5,0.0,0.333333,100,140.964,77.5328,-31.4733,-14.7925,563.04,0
2017-11-16,9,5.5,0.0,0.5,91,138.657,80.1568,-30.3895,-16.4147,563.04,0
2017-11-16,10,6.0,0.0,1.16667,81,115.939,81.9174,-28.7673,-17.4985,582.4,0
2017-11-16,11,6.0,0.0,2.16667,71,87.5243,80.927,-27.2034,-19.723,540.0,0
2017-11-16,12,6.16667,0.0,3.0,65,70.0907,79.8701,-24.4974,-26.2558,540.0,0
2017-11-16,13,5.83333,0.0,4.0,65,47.2466,72.9747,-20.6434,-39.2558,530.4,0
2017-11-16,14,6.33333,0.0,5.16667,70,76.32,60.0611,-22.3473,-44.799,501.84,0
2017-11-16,15,7.16667,0.0,6.0,80,52.7784,60.5119,-16.5467,-46.034,538.65,0
2017-11-16,16,7.5,0.0,6.16667,72,78.4973,85.2446,-17.312,-47.8818,461.76,0
2017-11-16,17,8.0,0.0,6.0,96,99.8886,108.785,-15.3072,-48.0418,443.143,0
2017-11-16,18,7.83333,0.0,5.66667,97,118.537,122.373,-15.6899,-48.9656,399.36,0
2017-11-16,20,7.5,0.0,4.16667,100,113.762,128.2,-15.6899,-48.9656,413.4,0
2017-11-16,21,6.66667,0.0,3.5,100,77.295,135.7,-20.282,-48.9656,437.25,0
2017-11-16,22,6.16667,0.0,2.83333,97,108.15,133.55,-22.1954,-53.585,420.0,0
2017-11-16,23,6.0,0.51,2.16667,95,71.135,143.6,-23.3767,-50.4367,479.52,0
2017-11-17,0,6.33333,0.51,1.83333,91,82.09,149.77,-24.4996,-46.1476,515.2,0
2017-11-17,1,6.33333,0.51,1.66667,91,95.5639,131.302,-24.1169,-45.2237,520.8,0
2017-11-17,2,6.16667,0.76,1.83333,79,96.7142,128.106,-26.413,-50.767,480.0,0
2017-11-17,3,6.33333,1.01,2.0,76,96.1753,125.351,-25.265,-47.9954,499.8,0
2017-11-17,4,6.5,1.01,2.33333,78,82.1244,125.661,-27.2116,-46.6948,499.8,0
2017-11-17,5,6.33333,0.5,2.66667,79,55.388,126.443,-31.3827,-43.8302,480.0,0
2017-11-17,6,6.33333,0.5,2.83333,83,51.8024,127.839,-21.1732,-33.6676,517.0,0
2017-11-17,7,6.66667,0.5,3.0,87,58.3199,134.687,-24.3216,-26.3635,490.629,0
2017-11-17,8,7.16667,0.25,3.0,83,63.7407,140.964,-25.0287,-15.7568,486.0,0
2017-11-17,9,7.5,0.0,3.0,80,64.8599,138.657,-29.3583,-5.30434,457.6,0
2017-11-17,10,7.66667,0.0,3.16667,79,68.2388,115.939,-32.5398,7.91978,451.0,0
2017-11-17,11,8.16667,0.28,3.33333,76,69.0785,87.5243,-28.2972,20.1624,425.829,0
2017-11-17,12,8.33333,0.28,3.66667,74,71.0776,70.0907,-28.194,29.2052,377.4,0
2017-11-17,13,8.33333,0.28,4.0,73,73.7192,47.2466,-37.6381,37.5201,360.0,0
2017-11-17,14,8.33333,0.28,4.33333,75,77.6871,76.32,-33.3085,41.8497,360.0,0
2017-11-17,15,8.33333,0.28,4.5,77,86.7346,52.7784,-30.7131,43.5839,360.0,0
2017-11-17,16,8.16667,0.28,4.33333,85,93.8742,78.4973,-26.3835,47.9135,360.0,0
2017-11-17,17,8.0,0.43,4.16667,86,99.3741,99.8886,-21.6712,51.3192,374.85,0
2017-11-17,18,7.83333,0.43,3.83333,89,104.61,118.537,-24.7326,50.7102,388.267,0
2017-11-17,20,7.33333,0.43,3.16667,94,35.51,113.762,-20.6647,49.8895,421.2,0
2017-11-17,21,7.33333,0.43,3.0,95,30.55,77.295,-19.8994,48.0418,453.6,0
2017-11-17,22,7.66667,0.43,3.16667,95,26.74,108.15,-11.181,48.0418,453.6,0
2017-11-17,23,7.83333,0.0,3.33333,95,38.39,71.135,-1.75561,47.0147,425.829,0
2017-11-18,0,8.16667,0.0,3.33333,96,26.4433,82.09,9.23807,43.9917,405.45,1
2017-11-18,1,8.66667,0.0,3.33333,96,47.5492,95.5639,21.5383,40.4274,374.85,1
2017-11-18,2,9.16667,0.0,3.33333,91,44.2411,96.7142,36.5173,30.396,367.2,1
2017-11-18,3,9.33333,0.0,3.33333,92,41.9975,96.1753,47.1283,28.2969,341.85,1
2017-11-18,4,9.0,0.0,3.0,92,45.5274,82.1244,49.7864,24.3499,339.2,1
2017-11-18,5,8.66667,0.0,2.66667,92,50.1455,55.388,49.8895,20.6647,366.667,1
2017-11-18,6,8.16667,0.0,2.33333,92,51.0283,51.8024,48.0418,19.8994,403.68,1
2017-11-18,7,7.5,0.0,2.0,95,55.9923,58.3199,54.5089,22.5781,373.32,1
2017-11-18,8,7.0,0.0,1.66667,89,64.9786,63.7407,49.5128,24.2946,429.0,1
2017-11-18,9,6.5,0.0,1.5,81,70.8494,64.8599,44.5166,24.7105,479.467,1
2017-11-18,10,6.5,0.0,1.5,74,72.1801,68.2388,48.7593,28.9531,450.667,1
2017-11-18,11,6.5,0.0,1.66667,68,60.5305,69.0785,40.4444,32.509,482.4,1
2017-11-18,12,6.83333,0.0,2.0,62,40.3275,71.0776,32.1295,36.0649,490.629,1
2017-11-18,13,7.66667,0.0,2.5,59,40.8411,73.7192,25.6623,42.3861,454.629,1
2017-11-18,14,8.5,0.0,3.0,59,43.9124,77.6871,8.5185,47.1913,432.0,1
2017-11-18,15,9.33333,0.0,3.33333,63,62.4159,86.7346,-4.1763,47.568,385.0,1
2017-11-18,16,10.1667,0.0,3.5,70,67.4043,93.8742,-16.1972,51.1036,314.743,1
2017-11-18,17,10.8333,0.0,3.5,79,66.2501,99.3741,-24.6825,45.5889,300.667,1
2017-11-18,18,11.5,0.0,3.5,78,66.1359,104.61,-32.4607,44.3671,294.0,1
2017-11-18,21,13.3333,0.48,3.0,85,30.84,30.55,-41.0019,33.9664,248.727,1
2017-11-18,22,13.3333,0.48,2.83333,84,20.04,26.74,-43.1233,36.0877,232.615,1
2017-11-18,23,14.0,0.48,2.66667,80,26.27,38.39,-42.1994,35.705,261.0,1
2017-11-19,0,14.3333,0.96,2.5,75,20.0533,26.4433,-41.4923,34.9979,257.914,1
2017-11-19,1,14.3333,0.96,2.33333,76,39.1949,47.5492,-42.1994,35.705,248.571,1
2017-11-19,2,14.3333,0.48,2.33333,79,38.9319,44.2411,-43.6136,37.1192,216.0,1
2017-11-19,3,14.3333,0.48,2.33333,81,37.4626,41.9975,-42.4266,42.4266,220.0,1
2017-11-19,4,14.1667,0.48,2.33333,87,35.3051,45.5274,-37.1775,44.7543,228.48,1
2017-11-19,5,13.5,0.48,2.16667,79,33.9614,50.1455,-30.7803,44.3103,269.925,1
2017-11-19,6,13.0,0.0,2.0,86,38.1025,51.0283,-34.9898,54.473,240.0,1
2017-11-19,7,12.0,0.0,1.66667,93,43.8145,55.9923,-28.2682,54.2458,258.514,1
2017-11-19,8,12.0,0.0,1.33333,89,48.2957,64.9786,-25.4397,51.4173,297.6,1
2017-11-19,9,12.3333,0.0,1.16667,77,52.1809,70.8494,-29.9818,48.3826,271.745,1
2017-11-19,10,12.8333,0.0,1.16667,60,50.0888,72.1801,-32.8766,39.371,276.0,1
2017-11-19,11,14.0,0.48,1.66667,48,42.3149,60.5305,-33.6419,41.2187,241.92,1
2017-11-19,12,15.0,0.48,2.33333,44,36.0821,40.3275,-39.2988,46.8756,196.114,1
2017-11-19,13,16.1667,1.24,3.16667,44,34.4525,40.8411,-42.1272,49.704,180.0,1
2017-11-19,14,16.6667,1.24,3.83333,47,34.5647,43.9124,-37.4768,37.4768,221.0,1
2017-11-19,15,16.3333,1.24,4.16667,54,42.7769,62.4159,-36.7697,36.7697,228.8,1
2017-11-19,16,16.3333,1.24,4.33333,67,53.1924,67.4043,-42.1272,49.704,194.133,1
2017-11-19,17,15.8333,0.76,4.16667,80,54.0363,66.2501,-34.7568,49.9104,217.412,1
2017-11-19,18,15.5,1.52,3.83333,78,49.4857,66.1359,-28.4761,51.7477,233.365,1
2017-11-19,21,16.3333,1.7,2.83333,77,10.53,30.84,-31.5788,40.238,220.8,1
2017-11-19,22,16.3333,1.7,2.83333,75,8.1,20.04,-37.4768,37.4768,225.095,1
2017-11-19,23,16.5,2.64,2.66667,78,6.78,26.27,-47.3764,47.3764,193.768,1
2017-11-20,0,16.8333,1.88,2.5,78,6.16,20.0533,-45.255,45.255,202.024,0
2017-11-20,1,16.6667,1.88,2.5,78,17.6188,39.1949,-45.9622,45.9622,194.541,0
2017-11-20,2,17.1667,2.31,2.5,81,18.7512,38.9319,-36.7697,36.7697,220.8,0
2017-11-20,3,17.5,1.37,2.33333,84,11.1973,37.4626,-39.5982,39.5982,198.4,0
2017-11-20,4,17.5,1.78,2.0,85,10.8577,35.3051,-13.4351,44.4239,191.133,0
2017-11-20,5,17.1667,0.84,1.83333,83,17.5764,33.9614,-0.70711,45.6959,229.14,0
2017-11-20,6,17.1667,0.84,1.66667,81,21.4116,38.1025,-0.70711,59.6959,200.34,0
2017-11-20,7,16.5,1.32,1.33333,82,28.4659,43.8145,13.4351,63.5537,208.042,0
2017-11-20,8,16.3333,0.89,1.16667,78,28.6282,48.2957,0.0,60.0,212.914,0
2017-11-20,9,16.8333,0.89,1.16667,74,32.5458,52.1809,0.0,51.0,236.733,0
2017-11-20,10,17.5,0.48,1.33333,67,30.5858,50.0888,0.0,55.0,187.114,0
2017-11-20,11,18.0,0.48,1.5,60,28.0379,42.3149,12.728,57.6298,181.895,0
2017-11-20,12,17.6667,0.96,1.83333,53,33.0339,36.0821,24.7488,54.3358,209.182,0
2017-11-20,13,17.5,1.27,2.33333,53,49.9616,34.4525,36.0626,47.1179,236.733,0
2017-11-20,14,16.3333,1.27,2.66667,57,66.0045,34.5647,36.0626,60.1179,208.8,0
2017-11-20,15,14.6667,1.27,2.83333,65,71.9714,42.7769,23.3346,55.488,249.882,0
2017-11-20,16,13.8333,1.27,2.83333,81,82.6719,53.1924,11.3138,51.7821,288.225,0
2017-11-20,17,13.5,1.27,2.83333,82,88.4293,54.0363,11.3138,64.7821,240.0,0
2017-11-20,18,12.5,0.79,2.66667,82,84.5533,49.4857,-5.7402,50.8582,276.0,0
2017-11-20,21,10.6667,0.0,1.66667,81,40.59,10.53,-16.4552,52.7268,310.431,0
2017-11-20,22,10.0,0.15,1.66667,84,34.85,8.1,-19.5167,47.1179,378.88,0
2017-11-20,23,9.0,0.15,1.5,87,38.48,6.78,-25.8807,53.4819,352.0,0
2017-11-21,0,9.0,0.15,1.5,87,42.125,6.16,-26.5045,45.9877,376.32,0
2017-11-21,1,9.0,0.15,1.5,87,56.8717,17.6188,-29.7488,43.82,366.667,0
2017-11-21,2,9.16667,0.15,1.66667,91,57.7378,18.7512,-29.7488,43.82,366.667,0
2017-11-21,3,9.33333,0.15,1.83333,92,52.8937,11.1973,-30.1314,44.7438,341.85,0
2017-11-21,4,9.33333,0.0,1.83333,91,46.8518,10.8577,-33.434,43.7168,339.2,0
2017-11-21,5,9.0,0.0,2.0,92,46.1818,17.5764,-35.3849,40.7969,339.2,0
2017-11-21,6,8.66667,0.0,1.83333,92,49.4441,21.4116,-33.9707,39.3827,376.32,0
2017-11-21,7,8.16667,0.0,1.66667,92,53.4251,28.4659,-32.5565,37.9685,395.2,0
2017-11-21,8,7.83333,0.0,1.5,92,55.3316,28.6282,-26.5565,37.9685,374.0,0
2017-11-21,9,7.66667,0.58,1.5,87,54.9582,32.5458,-30.5034,32.715,400.68,0
2017-11-21,10,8.0,1.37,1.66667,79,54.6521,30.5858,-34.0676,26.5376,417.6,0
2017-11-21,11,9.0,1.37,1.83333,76,49.2273,28.0379,-37.8663,24.3831,388.267,0
2017-11-21,12,9.66667,1.37,2.16667,76,45.0246,33.0339,-36.6121,20.9641,356.4,0
2017-11-21,13,10.6667,2.41,2.66667,78,48.1767,49.9616,-48.0418,19.8994,319.2,0
2017-11-21,14,11.3333,2.41,3.16667,81,51.9718,66.0045,-51.7373,21.4301,265.2,0
2017-11-21,15,11.8333,1.83,3.5,85,57.728,71.9714,-55.4328,22.9608,250.364,0
2017-11-21,16,11.6667,2.08,3.66667,85,64.0376,82.6719,-55.4328,22.9608,269.077,0
2017-11-21,17,11.1667,2.08,3.83333,87,68.64,88.4293,-52.6612,21.8128,291.5,0
2017-11-21,18,10.6667,2.08,4.0,88,72.1343,84.5533,-50.8134,21.0474,313.5,0
2017-11-21,21,8.66667,1.04,4.33333,87,49.62,40.59,-20.9552,15.3072,360.0,0
2017-11-21,22,8.33333,0.0,4.5,90,61.04,34.85,-3.79252,11.0977,403.68,0
2017-11-21,23,8.16667,0.0,4.66667,92,69.13,38.48,4.20748,11.0977,360.0,0
2017-11-22,0,8.16667,0.0,4.83333,93,71.275,42.125,22.4463,7.27092,373.32,0
2017-11-22,1,7.83333,0.0,5.0,93,65.9375,56.8717,40.6851,3.44412,374.0,0
2017-11-22,2,8.0,0.0,5.0,93,56.7419,57.7378,42.5328,2.67876,402.8,0
2017-11-22,3,8.0,0.0,5.0,93,50.8058,52.8937,41.5328,2.67876,392.229,0
2017-11-22,4,7.66667,0.0,5.16667,93,46.4058,46.8518,41.5328,2.67876,392.229,0
2017-11-22,5,7.66667,0.0,5.33333,93,46.8239,46.1818,40.5328,2.67876,421.2,0
2017-11-22,6,7.33333,0.0,5.5,93,51.9257,49.4441,41.5328,2.67876,417.6,0
2017-11-22,7,7.16667,0.0,5.66667,93,55.3808,53.4251,26.0657,0.0,448.0,0
2017-11-22,8,7.16667,0.0,5.83333,93,57.6196,55.3316,21.823,4.24266,420.0,0
2017-11-22,9,7.83333,0.0,6.0,91,56.8875,54.9582,27.2902,1.5639,470.25,0
2017-11-22,10,8.66667,0.0,6.16667,85,52.4108,54.6521,30.2902,1.5639,408.857,0
2017-11-22,11,9.16667,0.0,6.33333,74,47.7167,49.2273,28.2902,1.5639,395.2,0
2017-11-22,12,10.0,0.0,6.66667,75,47.6051,45.0246,8.20362,6.15606,329.829,0
2017-11-22,13,11.3333,0.0,7.0,73,58.706,48.1767,7.82688,9.18432,291.6,0
2017-11-22,14,12.3333,0.0,7.16667,74,69.7851,51.9718,-13.1074,14.5418,250.364,0
2017-11-22,15,12.6667,0.0,7.33333,76,80.1738,57.728,-45.007,24.4414,276.0,0
2017-11-22,16,11.8333,0.0,7.33333,79,85.9132,64.0376,-43.1129,29.0416,265.5,0
2017-11-22,17,10.8333,0.0,7.16667,83,88.54,68.64,-45.4089,34.5849,270.3,0
2017-11-22,18,10.0,0.0,6.83333,89,89.8311,72.1343,-36.6185,35.536,350.314,0
2017-11-22,21,8.5,0.0,5.66667,87,66.855,49.62,-33.5837,40.0781,415.385,0
2017-11-22,22,9.0,0.0,5.33333,85,49.49,61.04,-32.1694,38.6638,385.0,0
2017-11-22,23,9.16667,0.0,5.16667,86,58.315,69.13,-38.1883,36.5647,332.8,0
2017-11-23,0,9.0,0.0,4.83333,88,53.8367,71.275,-28.8922,31.0214,329.829,0
2017-11-23,1,8.83333,0.0,4.5,92,65.3853,65.9375,-17.9424,26.0716,376.32,0
2017-11-23,2,8.83333,0.0,4.16667,97,56.9391,56.7419,-1.87134,19.0005,398.618,0
2017-11-23,3,8.5,0.0,3.83333,94,53.7089,50.8058,16.9069,11.2223,398.618,0
2017-11-23,4,8.5,0.0,3.66667,91,52.0331,46.4058,33.6851,3.44412,409.867,0
2017-11-23,5,9.0,0.0,3.5,92,50.3667,46.8239,33.6851,-3.44412,393.6,0
2017-11-23,6,9.5,0.0,3.5,95,52.56,51.9257,17.4463,-7.27092,332.8,0
2017-11-23,7,9.66667,0.0,3.66667,97,58.7932,55.3808,3.13136,-10.715,325.867,0
2017-11-23,8,9.5,0.0,3.83333,97,63.6697,57.6196,4.13136,-10.715,335.345,0
2017-11-23,9,9.83333,0.0,4.33333,92,56.245,56.8875,-16.1074,-14.5418,325.867,0
2017-11-23,10,10.3333,0.0,4.83333,83,50.9496,52.4108,-35.2701,-18.7513,300.0,0
2017-11-23,11,10.8333,0.0,5.66667,77,46.6585,47.7167,-28.803,-6.88824,326.8,0
2017-11-23,12,11.3333,0.0,6.66667,72,45.2496,47.6051,-7.48804,-3.44412,285.12,0
2017-11-23,13,11.5,0.0,7.83333,71,45.453,58.706,-28.5746,-8.03628,262.08,0
2017-11-23,14,11.8333,0.0,9.0,72,47.8304,69.7851,-29.4985,-8.41896,260.945,0
2017-11-23,15,12.0,0.0,9.66667,77,54.0803,80.1738,-7.3358,-4.20948,260.0,0
2017-11-23,16,12.0,0.0,10.3333,63,65.275,85.9132,-7.3358,-4.20948,269.077,0
2017-11-23,17,11.6667,0.0,10.6667,84,66.7575,88.54,-31.4224,0.38268,270.3,0
2017-11-23,18,11.8333,0.0,10.6667,85,60.997,89.8311,-30.4985,9.18432,271.745,0
2017-11-23,21,13.0,0.0,9.16667,85,40.18,66.855,-46.1476,24.4996,259.418,0
2017-11-23,22,12.5,0.0,8.33333,85,26.75,49.49,-45.1774,29.4826,251.631,0
2017-11-23,23,12.8333,0.0,7.5,87,40.54,58.315,-41.4819,27.9519,307.125,0
2017-11-24,0,12.5,0.0,6.66667,88,34.19,53.8367,-53.4923,32.9267,257.4,0
2017-11-24,1,11.8333,0.0,6.16667,87,44.8223,65.3853,-48.8729,31.0133,279.138,0
2017-11-24,2,11.5,0.0,5.66667,90,44.5453,56.9391,-50.767,26.413,289.385,0
2017-11-24,3,11.0,0.0,5.33333,92,44.7927,53.7089,-49.3528,24.9988,275.6,0
2017-11-24,4,10.8333,0.0,5.16667,92,45.4162,52.0331,-48.109,28.6258,299.815,0
2017-11-24,5,9.83333,0.0,5.0,93,47.3496,50.3667,-41.7554,29.3078,341.127,0
2017-11-24,6,9.66667,0.0,4.83333,93,50.5693,52.56,-48.2226,31.9866,323.345,0
2017-11-24,7,8.66667,0.0,4.66667,94,55.969,58.7932,-47.2987,31.6039,345.6,0
2017-11-24,8,8.33333,0.0,4.66667,93,56.1451,63.6697,-41.7554,29.3078,411.927,0
2017-11-24,9,8.33333,0.0,4.83333,87,53.0761,56.245,-48.1194,35.6718,360.0,0
2017-11-24,10,9.33333,0.0,5.33333,82,51.2466,50.9496,-49.58,31.7204,360.0,0
2017-11-24,11,10.5,0.0,6.0,76,50.2203,46.6585,-49.7864,24.3499,314.743,0
2017-11-24,12,11.3333,0.0,7.0,71,50.9583,45.2496,-20.0804,17.8444,286.2,0
2017-11-24,13,13.0,0.0,8.16667,71,51.2047,45.453,6.82688,9.18432,253.08,0
2017-11-24,14,13.8333,0.0,9.0,71,55.1273,47.8304,32.0657,5.35752,221.571,0
2017-11-24,15,14.3333,0.0,9.5,75,65.1048,54.0803,59.0,0.0,221.571,0
2017-11-24,16,14.1667,0.0,9.83333,71,74.092,65.275,58.0,0.0,237.12,0
2017-11-24,17,14.0,0.0,9.83333,88,73.6635,66.7575,56.0,0.0,261.0,0
2017-11-24,18,13.6667,0.0,9.5,85,73.2918,60.997,53.0,0.0,277.114,0
2017-11-24,21,12.5,0.0,8.33333,82,85.6,40.18,16.8269,9.18432,240.0,0
2017-11-24,22,12.3333,0.0,7.83333,80,57.93,26.75,-4.65844,17.6696,249.508,0
2017-11-24,23,12.0,0.0,7.33333,82,74.635,40.54,-26.1438,26.155,259.2,0
2017-11-25,0,11.5,0.0,7.0,83,66.77,34.19,-46.922,33.9332,270.3,1
2017-11-25,1,10.8333,0.0,6.66667,84,63.5922,44.8223,-42.9065,36.4121,291.5,1
2017-11-25,2,10.1667,0.0,6.16667,91,59.8771,44.5453,-37.4768,37.4768,336.3,1
2017-11-25,3,9.83333,0.0,5.83333,93,54.4316,44.7927,-43.1337,43.1337,311.1,1
2017-11-25,4,9.16667,0.0,5.5,95,48.5613,45.4162,-41.7195,41.7195,333.9,1
2017-11-25,5,8.83333,0.0,5.33333,90,46.5884,47.3496,-36.2956,40.6252,372.655,1
2017-11-25,6,8.5,0.0,5.0,98,56.3209,50.5693,-34.8814,39.211,389.88,1
2017-11-25,7,8.33333,0.0,4.66667,97,62.8496,55.969,-33.4672,37.7968,401.85,1
2017-11-25,8,8.16667,0.0,4.66667,96,73.8759,56.1451,-38.4169,32.847,360.0,1
2017-11-25,9,8.0,0.0,4.66667,89,77.867,53.0761,-25.7601,27.1901,374.85,1
2017-11-25,10,8.33333,0.0,4.83333,76,72.0975,51.2466,-28.4181,24.9774,386.88,1
2017-11-25,11,8.33333,0.0,5.16667,69,57.6283,50.2203,-11.347,17.9063,360.0,1
2017-11-25,12,8.66667,0.0,5.83333,64,54.0724,50.9583,0.71444,10.5152,360.0,1
2017-11-25,13,9.16667,0.0,6.66667,61,54.7253,51.2047,3.49651,-5.33245,377.143,1
2017-11-25,14,9.83333,0.0,7.33333,62,55.1187,55.1273,-0.792519,-4.20948,329.829,1
2017-11-25,15,10.1667,0.0,8.0,68,52.9456,65.1048,-17.9552,0.0,300.0,1
2017-11-25,16,10.5,0.0,8.5,73,57.5573,74.092,-8.64028,-3.44412,340.267,1
2017-11-25,17,11.6667,0.0,9.33333,63,63.8541,73.6635,-5.64028,-3.44412,309.12,1
2017-11-25,18,13.0,0.0,9.83333,68,65.8133,73.2918,19.5985,0.38268,240.0,1
2017-11-25,21,14.5,0.0,9.83333,81,18.325,85.6,4.43584,12.2458,180.0,1
2017-11-25,23,13.8333,1.12,8.83333,84,8.085,74.635,-42.9992,25.6808,317.133,1
2017-11-26,0,13.0,2.24,8.0,86,6.58333,66.77,-48.3568,38.6152,265.0,1
2017-11-26,1,12.3333,2.24,7.16667,87,49.4594,63.5922,-36.7018,43.7374,277.714,1
2017-11-26,2,11.8333,2.24,6.5,83,23.1868,59.8771,-22.761,44.9502,276.12,1
2017-11-26,3,12.6667,2.24,5.83333,88,18.3462,54.4316,-15.6899,48.8791,286.971,1
2017-11-26,4,13.3333,2.24,5.0,90,16.8376,48.5613,-15.6899,48.8791,281.538,1
2017-11-26,5,14.0,2.24,4.33333,91,20.0244,46.5884,-10.715,50.8686,277.114,1
2017-11-26,6,14.5,2.24,3.83333,91,26.1266,56.3209,7.37046,50.6623,217.964,1
2017-11-26,7,14.3333,2.24,3.5,90,29.7771,62.8496,18.6842,50.9761,196.114,1
2017-11-26,8,14.3333,2.24,3.16667,93,36.3809,73.8759,33.2342,47.2342,204.429,1
2017-11-26,9,13.6667,2.24,3.0,88,42.7522,77.867,41.0124,41.0124,256.0,1
2017-11-26,10,13.3333,1.12,3.0,80,43.4331,72.0975,48.0835,48.0835,240.0,1
2017-11-26,11,12.0,1.12,3.0,73,46.8086,57.6283,43.8408,43.8408,275.4,1
2017-11-26,12,11.1667,0.0,3.16667,67,48.2682,54.0724,39.5982,39.5982,310.431,1
2017-11-26,13,11.1667,0.0,3.33333,63,50.38,54.7253,38.1839,38.1839,317.127,1
2017-11-26,14,11.3333,0.0,3.5,63,55.9642,55.1187,39.5982,39.5982,285.12,1
2017-11-26,15,11.3333,0.0,3.66667,64,60.9744,52.9456,41.0124,41.0124,280.8,1
2017-11-26,16,10.3333,0.0,3.66667,67,75.8027,57.5573,39.5982,39.5982,285.12,1
2017-11-26,17,9.66667,0.0,3.5,71,94.7672,63.8541,36.7697,36.7697,341.127,1
2017-11-26,20,7.5,0.0,2.33333,74,61.06,31.63,38.1839,47.7013,371.908,1
2017-11-26,21,7.0,0.0,1.83333,74,75.085,18.325,28.9915,46.5089,423.5,1
2017-11-26,23,7.0,0.0,0.833333,74,85.445,8.085,25.456,50.4907,449.28,1
2017-11-27,0,7.0,0.0,0.333333,73,89.8767,6.58333,16.0888,48.9629,457.6,0
2017-11-27,1,6.83333,0.0,-0.333333,80,110.173,49.4594,9.16736,51.1874,438.6,0
2017-11-27,2,6.5,0.0,-0.833333,86,104.5,23.1868,2.24594,53.4119,437.143,0
2017-11-27,3,6.5,0.0,-1.33333,86,94.06,18.3462,-4.99991,52.488,469.05,0
2017-11-27,4,6.5,0.0,-1.5,84,84.0351,16.8376,-7.67867,50.9552,486.0,0
2017-11-27,5,6.66667,0.0,-1.5,82,74.8824,20.0244,-11.9213,47.1979,509.143,0
2017-11-27,6,6.66667,0.0,-1.5,82,75.6746,26.1266,-23.3383,43.4095,496.8,0
2017-11-27,7,6.66667,0.0,-1.16667,80,76.0378,29.7771,-29.8054,40.0882,477.0,0
2017-11-27,8,6.83333,0.0,-0.833333,79,82.5242,36.3809,-32.4591,39.4947,472.457,0
2017-11-27,9,6.83333,0.0,-0.5,75,82.9128,42.7522,-34.7301,28.0778,472.457,0
2017-11-27,10,7.33333,0.0,-0.166667,67,79.9868,43.4331,-37.0011,26.5604,457.6,0
2017-11-27,11,7.83333,0.0,0.333333,60,74.1906,46.8086,-41.069,27.3811,420.0,0
2017-11-27,12,8.33333,0.0,1.0,53,70.2013,48.2682,-43.3864,20.4981,408.857,0
2017-11-27,13,8.66667,0.0,1.66667,48,69.4196,50.38,-46.1581,21.6461,360.0,0
2017-11-27,14,9.0,0.0,2.33333,48,68.7688,55.9642,-43.056,17.4617,377.143,0
2017-11-27,15,9.16667,0.0,3.0,54,75.7076,60.9744,-46.4212,25.8556,345.257,0
2017-11-27,16,9.0,0.0,3.16667,68,93.2422,75.8027,-48.8625,23.9673,352.8,0
2017-11-27,17,8.83333,0.0,3.16667,89,92.642,94.7672,-49.8895,20.6647,376.32,0
2017-11-27,21,10.1667,0.0,1.0,77,59.695,75.085,-51.7373,21.4301,327.6,0
2017-11-27,22,11.1667,0.0,0.5,72,47.68,101.64,-23.9552,15.3072,313.6,0
2017-11-27,23,12.1667,0.0,0.0,72,41.97,85.445,-1.64028,11.8631,262.08,0
2017-11-28,0,13.0,0.0,-0.333333,69,29.84,89.8767,32.7612,3.8268,264.48,0
2017-11-28,1,13.6667,0.0,-0.666667,67,51.666,110.173,57.0,0.0,232.615,0
2017-11-28,2,14.5,0.0,-0.666667,68,45.3781,104.5,59.0,0.0,221.571,0
2017-11-28,3,14.6667,0.0,-0.666667,67,37.0136,94.06,60.0,0.0,220.0,0
2017-11-28,4,14.6667,0.0,-0.5,66,35.0682,84.0351,59.0,0.0,228.48,0
2017-11-28,5,14.6667,0.0,-0.333333,65,41.8078,74.8824,58.0,0.0,237.12,0
2017-11-28,6,14.6667,0.0,-0.166667,63,44.8764,75.6746,58.0,0.0,237.12,0
2017-11-28,7,14.5,0.0,0.0,61,47.2247,76.0378,58.0,0.0,230.4,0
2017-11-28,8,14.6667,0.0,0.166667,60,52.5354,82.5242,31.0657,5.35752,230.4,0
2017-11-28,9,15.0,0.0,0.333333,58,55.1943,82.9128,2.2836,11.4804,220.0,0
2017-11-28,10,15.5,0.0,0.833333,57,49.7387,79.9868,3.2836,11.4804,211.68,0
2017-11-28,11,16.1667,0.0,1.5,53,42.09,74.1906,-27.4224,17.986,187.971,0
2017-11-28,12,16.6667,0.0,2.33333,49,41.3522,70.2013,19.294,6.50556,220.8,0
2017-11-28,13,17.3333,0.0,3.16667,47,45.4086,69.4196,21.294,6.50556,209.012,0
2017-11-28,14,17.6667,0.0,4.0,46,48.8993,68.7688,55.0,0.0,210.189,0
2017-11-28,15,17.5,0.0,4.66667,49,52.9697,75.7076,19.3702,6.88824,213.333,0
2017-11-28,16,16.6667,0.0,4.83333,56,64.6528,93.2422,-12.488,12.6284,236.733,0
2017-11-28,17,15.5,0.0,4.66667,64,74.7862,92.642,-0.488039,12.6284,216.333,0
2017-11-28,18,14.5,0.0,4.33333,66,67.03,92.02,-29.5746,17.2206,264.333,0
2017-11-28,21,10.5,0.38,2.5,69,47.96,59.695,30.9134,4.59216,324.8,0
2017-11-28,22,10.3333,0.38,2.0,69,27.76,47.68,27.9134,4.59216,359.9,0
2017-11-28,23,10.0,0.76,1.66667,71,51.385,41.97,17.7508,8.80164,300.0,0
2017-11-29,0,9.5,0.76,1.33333,73,40.7967,29.84,19.5985,8.03628,322.4,0
2017-11-29,1,9.0,0.38,1.16667,76,48.468,51.666,1.23453,14.4003,337.08,0
2017-11-29,2,9.0,0.38,1.0,86,54.873,45.3781,-13.7152,19.35,356.4,0
2017-11-29,3,9.33333,0.38,1.0,87,57.7463,37.0136,-29.1063,22.4115,366.667,0
2017-11-29,4,9.16667,0.38,1.0,89,54.449,35.0682,-48.269,26.621,360.0,0
2017-11-29,5,9.16667,0.86,1.0,90,54.7605,41.8078,-47.3451,26.2383,363.0,0
2017-11-29,6,8.83333,1.72,1.0,89,65.1489,44.8764,-28.1063,22.4115,352.8,0
2017-11-29,7,8.83333,2.2,1.0,91,75.0669,47.2247,-14.7423,16.0475,361.029,0
2017-11-29,8,8.83333,2.2,1.0,90,85.7632,52.5354,-16.2597,13.7765,371.25,0
2017-11-29,9,8.5,2.2,1.0,84,91.9077,55.1943,-16.2597,7.6536,398.618,0
2017-11-29,10,8.5,2.2,1.0,75,96.0538,49.7387,-14.4119,0.0,417.72,0
2017-11-29,11,8.83333,1.59,1.16667,69,87.1441,42.09,-14.4119,0.0,417.72,0
2017-11-29,12,9.5,0.73,1.5,65,73.0542,41.3522,-12.4119,0.0,361.029,0
2017-11-29,13,10.0,0.25,1.83333,64,66.9808,45.4086,-8.41192,0.0,300.0,0
2017-11-29,14,10.5,0.25,2.16667,66,65.9643,48.8993,15.4463,0.38268,326.8,0
2017-11-29,15,10.5,0.25,2.5,71,75.4421,52.9697,34.7612,3.8268,309.12,0
2017-11-29,16,10.5,0.25,2.66667,73,84.4316,64.6528,35.6851,3.44412,336.3,0
2017-11-29,17,10.1667,0.0,2.66667,83,102.582,74.7862,14.4463,7.27092,353.455,0
2017-11-29,21,7.0,4.73,0.833333,92,141.485,47.96,-23.803,16.0726,412.364,0
2017-11-29,22,6.33333,4.73,0.666667,89,144.92,27.76,-29.803,16.0726,479.467,0
2017-11-30,0,5.5,8.0,0.333333,93,104.7,40.7967,-21.0313,10.3324,510.72,0
2017-11-30,1,5.33333,8.0,0.5,93,111.754,48.468,-26.5746,8.03628,480.0,0
2017-11-30,2,5.5,10.64,0.833333,90,98.5914,54.873,-20.8713,0.67393,561.0,0
2017-11-30,3,5.83333,10.54,0.833333,90,92.5074,57.7463,-25.4907,-1.23947,540.0,0
2017-11-30,4,6.0,10.54,0.833333,90,89.4045,54.449,-21.2017,-10.016,540.0,0
2017-11-30,5,6.16667,6.76,0.833333,91,85.2232,54.7605,-14.141,-19.9406,556.5,0
2017-11-30,7,6.5,6.76,0.833333,97,89.6578,75.0669,-28.1159,-31.9511,499.8,0
2017-11-30,10,7.16667,2.82,0.833333,92,92.7822,96.0538,-5.07366,-37.7023,461.76,0
2017-11-30,11,7.5,2.82,0.833333,92,91.38,87.1441,7.86066,-39.233,420.0,0
2017-11-30,13,8.5,3.96,1.0,94,78.2167,66.9808,37.0688,-29.7546,395.2,0
2017-11-30,15,9.5,2.94,0.666667,97,63.94,75.4421,50.6016,-15.9892,341.85,0
2017-11-30,16,9.83333,2.4,0.5,95,42.285,84.4316,54.9448,-10.3324,325.867,0
2017-11-30,17,10.5,3.03,0.333333,95,42.5867,102.582,56.7925,-2.67876,300.0,0
2017-11-30,21,13.3333,1.26,0.166667,94,60.3124,141.485,41.7091,37.925,251.631,0
2017-11-30,22,14.0,0.63,0.333333,92,57.7841,144.92,39.5982,45.8845,242.031,0
2018-10-01,0,7.16667,0.0,7.16667,69,74.3839,87.9222,-23.8791,15.6899,429.0,0
2018-10-01,1,7.0,0.0,6.0,70,70.4622,87.3278,-7.64028,11.8631,463.6,0
2018-10-01,2,7.0,0.0,5.16667,72,66.9079,87.0246,-0.640279,11.8631,420.0,0
2018-10-01,3,7.0,0.0,4.83333,73,64.8768,88.091,1.20748,5.7402,436.05,0
2018-10-01,4,7.0,0.0,4.33333,79,62.4181,84.604,2.13136,0.0,437.143,0
2018-10-01,5,7.0,0.0,4.16667,85,60.3243,80.1322,2.13136,-5.35752,437.143,0
2018-10-01,6,7.0,0.0,4.16667,93,61.0477,76.4995,2.13136,-10.715,437.143,0
2018-10-01,7,7.0,0.0,4.33333,99,64.6523,74.5721,-11.3358,-13.3938,437.143,0
2018-10-01,8,7.0,0.0,4.83333,97,66.0361,69.3367,-24.803,-16.0726,437.143,0
2018-10-01,9,7.33333,0.0,5.5,85,59.0672,60.3782,-38.2701,-18.7513,437.143,0
2018-10-01,10,8.16667,0.0,6.83333,72,43.3755,44.7484,-47.1179,-19.5167,460.8,0
2018-10-01,11,9.33333,0.0,8.5,60,31.4703,29.5356,-51.7373,-12.2458,375.943,0
2018-10-01,12,10.6667,0.0,10.1667,52,28.3858,20.7724,-51.7373,-1.53072,314.743,0
2018-10-01,13,12.1667,0.0,12.0,47,30.4366,13.4946,-52.6612,9.567,240.0,0
2018-10-01,14,13.5,0.0,13.6667,45,31.7175,9.95403,-49.1928,27.0036,225.5,0
2018-10-01,15,14.3333,0.0,15.0,45,32.7505,10.5746,-48.7129,33.0181,212.914,0
2018-10-01,16,14.3333,0.0,15.8333,49,34.6595,14.0965,-45.6782,37.5602,220.0,0
2018-10-01,17,13.8333,0.0,16.0,53,37.9897,17.2,-40.3053,40.3053,252.225,0
2018-10-01,18,13.0,0.0,15.8333,58,48.8809,28.7748,-36.7697,36.7697,292.32,0
2018-10-01,19,11.6667,0.0,15.3333,60,65.1009,56.9242,-43.8408,43.8408,267.12,0
2018-10-01,20,10.5,0.51,14.5,65,69.1204,73.7597,-36.2956,40.6252,328.714,0
2018-10-01,21,9.66667,0.51,13.5,71,49.68,78.3214,-39.357,48.0163,310.371,0
2018-10-01,22,9.5,0.51,12.5,74,26.4023,77.8737,-29.4575,47.1167,345.6,0
2018-10-01,23,9.66667,0.51,11.6667,73,23.2798,80.4854,-13.194,48.7941,347.564,0
2018-10-02,0,10.0,0.51,10.8333,75,22.0596,74.3839,3.06955,49.5012,324.48,0
2018-10-02,1,10.6667,0.51,10.1667,75,24.2271,70.4622,21.6874,46.1256,319.2,0
2018-10-02,2,11.3333,0.0,9.66667,74,26.2005,66.9079,33.2342,49.8211,275.6,0
2018-10-02,3,11.8333,0.0,9.16667,79,28.1663,64.8768,41.7195,51.9077,260.945,0
2018-10-02,4,12.0,0.0,8.83333,83,29.5639,62.4181,42.4266,52.8316,260.0,0
2018-10-02,5,12.0,0.0,8.5,86,28.3631,60.3243,42.4266,55.4328,260.0,0
2018-10-02,6,12.1667,0.0,8.16667,89,27.5666,61.0477,42.4266,55.4328,260.0,0
2018-10-02,7,12.5,0.0,7.83333,91,26.1096,64.6523,43.1337,56.3567,249.9,0
2018-10-02,8,13.0,0.0,7.5,88,28.0373,66.0361,36.0626,44.0831,286.7,0
2018-10-02,9,13.6667,0.0,7.5,83,31.1021,59.0672,38.1839,43.6032,255.2,0
2018-10-02,10,13.8333,0.0,7.5,80,29.8375,43.3755,41.0124,43.8304,223.385,0
2018-10-02,11,14.1667,0.25,7.5,74,29.1882,31.4703,41.0124,41.0124,230.4,0
2018-10-02,12,14.3333,0.25,7.83333,64,25.3798,28.3858,41.0124,41.0124,237.12,0
2018-10-02,13,14.3333,0.25,8.33333,54,20.3742,30.4366,40.3053,43.34,252.225,0
2018-10-02,14,14.3333,0.25,9.0,47,17.7536,31.7175,38.891,44.9606,251.631,0
2018-10-02,15,14.1667,0.25,9.5,43,17.1069,32.7505,29.6986,50.7682,239.4,0
2018-10-02,16,14.5,0.25,10.0,44,19.2916,34.6595,19.7991,55.8686,230.4,0
2018-10-02,17,14.8333,0.0,10.3333,51,30.0942,37.9897,9.89954,57.9343,221.571,0
2018-10-02,18,15.1667,0.0,10.5,53,36.5475,48.8809,-6.12288,59.7821,211.68,0
2018-10-02,19,15.3333,0.0,10.3333,52,40.1873,65.1009,-12.2458,59.5642,203.52,0
2018-10-02,20,15.3333,0.0,9.83333,52,45.1493,69.1204,-22.8524,55.1708,203.52,0
2018-10-02,21,15.5,0.0,9.33333,50,42.6573,49.68,-33.4591,50.7775,210.6,0
2018-10-02,22,15.8333,0.0,8.83333,46,33.9129,26.4023,-38.6499,47.3091,210.6,0
2018-10-02,23,16.1667,0.0,8.5,46,24.2259,23.2798,-44.5479,44.5479,195.52,0
2018-10-03,0,16.5,0.0,8.0,51,16.5634,22.0596,-36.0626,36.0626,229.125,0
2018-10-03,1,17.0,0.0,7.83333,51,11.8586,24.2271,-31.6371,41.3787,216.847,0
2018-10-03,2,17.5,0.0,7.83333,54,10.6113,26.2005,-26.5045,45.9877,213.333,0
2018-10-03,3,18.0,0.0,7.66667,56,10.3612,28.1663,-20.6647,49.8895,213.333,0
2018-10-03,4,18.5,0.0,7.5,59,9.59,29.5639,-21.0474,50.8134,205.8,0
2018-10-03,5,19.0,0.51,7.5,62,11.813,28.3631,-21.8128,52.6612,191.133,0
2018-10-03,6,19.5,0.51,7.66667,66,14.4875,27.5666,-22.9608,55.4328,175.137,0
2018-10-03,7,19.8333,0.51,7.66667,71,18.4548,26.1096,-15.6899,58.8791,167.04,0
2018-10-03,8,20.0,0.51,7.66667,74,19.9941,28.0373,-8.03628,60.4015,171.943,0
2018-10-03,9,20.3333,0.51,8.0,74,19.5409,31.1021,0.0,60.0,184.743,0
2018-10-03,10,21.0,0.51,8.66667,62,13.0311,29.8375,14.8493,58.4015,180.0,0
2018-10-03,11,21.8333,0.0,9.33333,55,6.97741,29.1882,14.8493,62.4015,149.368,0
2018-10-03,12,23.0,0.0,10.0,51,5.59673,25.3798,33.2342,67.4224,120.0,0
2018-10-03,13,24.5,0.23,10.8333,52,7.90211,20.3742,38.1839,49.8895,159.508,0
2018-10-03,14,26.1667,0.23,11.6667,50,8.09527,17.7536,40.3053,52.6612,149.1,0
2018-10-03,15,27.5,0.23,12.3333,49,10.2343,17.1069,41.0124,53.585,146.897,0
2018-10-03,16,28.1667,0.23,12.5,48,13.8457,19.2916,41.0124,53.585,146.897,0
2018-10-03,17,28.1667,0.23,12.3333,48,19.1118,30.0942,40.3053,52.6612,151.945,0
2018-10-03,18,27.3333,0.23,12.0,49,21.8771,36.5475,38.1839,49.8895,164.914,0
2018-10-03,19,25.5,0.0,11.3333,53,32.0891,40.1873,54.4475,71.1388,124.586,0
2018-10-03,20,23.3333,0.0,10.5,58,31.5198,45.1493,47.3764,61.9,166.108,0
2018-10-03,21,21.0,0.0,9.66667,60,27.148,42.6573,40.3053,52.6612,213.496,0
2018-10-03,22,18.6667,0.0,9.0,60,24.4252,33.9129,50.9119,66.5194,186.261,0
2018-10-03,23,16.5,0.0,8.33333,62,22.4964,24.2259,44.5479,58.2044,216.333,0
2018-10-04,0,14.8333,0.0,7.83333,62,19.6918,16.5634,41.0124,53.585,243.6,0
2018-10-04,1,13.8333,0.0,7.5,62,20.4598,11.8586,38.891,50.8134,264.0,0
2018-10-04,2,13.1667,0.0,7.33333,63,20.5824,10.6113,36.7697,48.0418,286.971,0
2018-10-04,3,12.5,0.0,7.0,67,20.1825,10.3612,45.255,59.1283,240.0,0
2018-10-04,4,12.0,0.0,6.66667,67,16.8574,9.59,35.3555,57.194,259.2,0
2018-10-04,5,11.6667,0.0,6.33333,71,14.5438,11.813,26.1631,56.1836,279.138,0
2018-10-04,6,11.1667,0.0,6.16667,72,16.5204,14.4875,16.9706,55.1731,291.5,0
2018-10-04,7,10.8333,0.0,6.0,75,21.3153,18.4548,8.48532,54.0866,313.5,0
2018-10-04,8,10.5,0.0,6.0,73,27.3636,19.9941,0.0,53.0,329.018,0
2018-10-04,9,10.6667,0.0,6.33333,66,18.8256,19.5409,0.0,52.0,341.127,0
2018-10-04,10,11.3333,0.0,6.83333,60,9.63649,13.0311,8.48532,52.0866,329.018,0
2018-10-04,11,12.3333,0.0,7.83333,50,8.61945,6.97741,19.092,54.9448,273.48,0
2018-10-04,12,13.3333,0.0,8.66667,44,7.51786,5.59673,31.1128,50.6507,241.92,0
2018-10-04,13,14.1667,0.0,9.66667,42,8.99193,7.90211,42.4266,55.4328,197.6,0
2018-10-04,14,14.6667,0.0,10.5,42,9.91255,8.09527,44.5479,58.2044,195.52,0
2018-10-04,15,14.6667,0.0,11.3333,43,11.0966,10.2343,43.1337,56.3567,225.318,0
2018-10-04,16,13.8333,0.0,12.0,47,16.4119,13.8457,39.5982,51.7373,261.0,0
2018-10-04,17,12.3333,0.0,12.1667,49,25.3196,19.1118,46.6693,60.9761,240.0,0
2018-10-04,18,10.8333,0.0,12.1667,57,40.8237,21.8771,35.3555,54.194,305.52,0
2018-10-04,19,9.5,0.0,11.8333,66,64.1307,32.0891,32.6767,60.6612,300.0,0
2018-10-04,20,8.5,0.0,11.1667,79,83.7647,31.5198,15.6029,49.4817,367.015,0
2018-10-04,21,7.66667,0.0,10.1667,87,89.888,27.148,13.4105,37.4713,433.1,0
2018-10-04,22,7.16667,0.0,9.0,87,90.8646,24.4252,20.4105,37.4713,410.4,0
2018-10-04,23,7.0,0.0,8.0,84,84.2802,22.4964,18.9252,26.3847,458.28,0
2018-10-05,0,7.0,0.0,7.16667,87,71.9109,19.6918,25.9252,26.3847,420.0,0
2018-10-05,1,7.0,0.0,6.33333,89,60.4611,20.4598,25.8541,17.1459,436.05,0
2018-10-05,2,7.0,0.0,5.83333,91,55.304,20.5824,32.8541,9.14592,437.143,0
2018-10-05,3,7.0,0.0,5.5,88,51.5948,20.1825,42.5328,2.67876,437.143,0
2018-10-05,4,7.0,0.0,5.16667,92,49.2152,16.8574,56.0,0.0,437.143,0
2018-10-05,5,7.0,0.0,5.0,93,47.4366,14.5438,56.0,0.0,437.143,0
2018-10-05,6,7.0,0.0,4.83333,98,49.1998,16.5204,56.0,0.0,437.143,0
2018-10-05,7,7.0,0.0,4.83333,100,54.87,21.3153,56.0,0.0,437.143,0
2018-10-05,8,7.16667,0.0,5.0,96,59.0511,27.3636,56.0,0.0,437.143,0
2018-10-05,9,7.5,0.0,5.66667,80,51.3454,18.8256,57.0,0.0,420.0,0
2018-10-05,10,8.0,0.0,6.66667,61,39.7011,9.63649,52.0,0.0,443.143,0
2018-10-05,11,8.83333,0.0,8.0,50,29.2334,8.61945,55.0,0.0,392.229,0
2018-10-05,12,9.83333,0.0,9.66667,44,20.272,7.51786,29.9134,4.59216,361.029,0
2018-10-05,13,11.0,0.0,11.5,42,17.5052,8.99193,3.903,9.567,319.2,0
2018-10-05,14,12.0,0.0,13.3333,42,16.3489,9.91255,-17.0313,14.9245,251.6,0
2018-10-05,15,12.6667,0.0,14.8333,42,15.7273,11.0966,-48.9656,20.282,265.5,0
2018-10-05,16,13.0,0.0,16.0,42,17.7765,16.4119,-49.8895,20.6647,261.415,0
2018-10-05,17,13.0,0.0,16.5,46,20.9576,25.3196,-48.9656,20.282,277.114,0
2018-10-05,18,12.6667,0.0,16.3333,53,35.7241,40.8237,-47.1179,19.5167,297.0,0
2018-10-05,19,11.8333,0.0,15.8333,60,60.9831,64.1307,-57.2806,23.7262,258.514,0
2018-10-05,20,10.6667,0.0,14.8333,68,74.7134,83.7647,-52.6612,21.8128,299.815,0
2018-10-05,21,9.66667,0.0,13.3333,75,81.5154,89.888,-47.1179,19.5167,359.9,0
2018-10-05,22,8.83333,0.0,11.8333,74,79.6444,90.8646,-40.1179,19.5167,345.6,0
2018-10-05,23,8.0,0.0,10.5,70,73.5358,84.2802,-22.0313,14.9245,407.1,0
2018-10-06,0,7.5,0.0,9.33333,70,68.5259,71.9109,-15.0313,14.9245,384.8,1
2018-10-06,1,7.33333,0.0,8.33333,72,64.9353,60.4611,4.05524,10.3324,426.0,1
2018-10-06,2,7.5,0.0,7.5,72,64.2935,55.304,6.82688,3.06144,448.0,1
2018-10-06,3,7.66667,0.0,7.0,70,64.0466,51.5948,7.75076,-3.44412,443.143,1
2018-10-06,4,7.83333,0.0,6.33333,72,62.3837,49.2152,6.82688,-9.18432,425.829,1
2018-10-06,5,8.0,0.0,6.0,72,61.8325,47.4366,-7.56416,-12.2458,408.857,1
2018-10-06,6,7.83333,0.0,5.83333,78,62.6556,49.1998,-21.9552,-15.3072,392.229,1
2018-10-06,7,7.66667,0.0,5.66667,84,65.0027,54.87,-35.4224,-17.986,405.45,1
2018-10-06,8,7.5,0.0,5.83333,82,67.9847,59.0511,-49.8895,-20.6647,421.2,1
2018-10-06,9,7.83333,0.0,6.66667,66,63.9307,51.3454,-48.9656,-20.282,437.25,1
2018-10-06,10,9.0,0.0,8.33333,56,52.0382,39.7011,-31.5746,-17.2206,405.45,1
2018-10-06,11,10.8333,0.0,10.1667,45,44.0489,29.2334,-30.6507,-5.35752,356.4,1
2018-10-06,12,13.5,0.0,12.3333,39,41.6742,20.272,-27.8791,10.3324,259.2,1
2018-10-06,13,16.5,0.0,14.6667,38,38.3711,17.5052,-52.6612,21.8128,176.32,1
2018-10-06,14,19.3333,0.0,17.0,39,29.2784,16.3489,-61.9,25.6396,131.368,1
2018-10-06,15,21.3333,0.0,18.8333,40,25.3724,15.7273,-66.5194,27.553,125.061,1
2018-10-06,16,21.8333,0.0,20.0,41,22.9368,17.7765,-60.8265,34.3077,139.968,1
2018-10-06,17,21.3333,0.0,20.5,47,22.9163,20.9576,-50.4575,37.4687,174.0,1
2018-10-06,18,19.6667,0.0,20.5,52,33.5119,35.7241,-39.5982,39.5982,216.0,1
2018-10-06,19,17.1667,0.0,20.0,57,51.8405,60.9831,-48.7906,48.7906,199.473,1
2018-10-06,20,14.5,0.0,19.0,64,58.3764,74.7134,-42.473,37.061,264.333,1
2018-10-06,21,12.0,0.0,17.8333,65,65.0512,81.5154,-49.864,40.1224,265.0,1
2018-10-06,22,10.3333,0.0,16.6667,63,63.273,79.6444,-30.136,27.3944,353.4,1
2018-10-06,23,9.0,0.0,15.6667,62,59.2226,73.5358,-22.136,27.3944,340.2,1
2018-10-07,0,8.16667,0.0,14.6667,65,51.9517,68.5259,-18.2133,13.0192,403.015,1
2018-10-07,1,7.66667,0.0,14.0,68,48.6907,64.9353,-25.6043,9.95779,371.908,1
2018-10-07,2,7.5,0.0,13.6667,71,43.9926,64.2935,-22.8791,-1.9134,414.72,1
2018-10-07,3,7.5,0.0,13.3333,72,41.9032,64.0466,-20.1074,-8.41896,437.25,1
2018-10-07,4,7.33333,0.0,13.0,75,41.9982,62.3837,-19.1836,-14.1592,443.143,1
2018-10-07,5,7.16667,0.51,12.6667,77,41.8713,61.8325,-32.6507,-16.8379,453.6,1
2018-10-07,6,7.0,0.51,12.6667,78,42.9812,62.6556,-47.1179,-19.5167,470.25,1
2018-10-07,7,7.0,0.51,12.6667,81,43.9568,65.0027,-40.1179,-19.5167,420.0,1
2018-10-07,8,7.0,0.51,12.6667,80,46.9226,67.9847,-25.7268,-16.4552,436.05,1
2018-10-07,9,7.33333,0.51,13.0,71,49.0605,63.9307,-24.803,-10.715,437.143,1
2018-10-07,10,8.66667,0.51,13.6667,65,42.6172,52.0382,-20.1836,-1.9134,460.8,1
2018-10-07,11,10.5,0.0,14.8333,54,39.7088,44.0489,-17.8559,14.0508,377.143,1
2018-10-07,12,12.5,0.0,16.0,49,36.1563,41.6742,-31.1167,29.4575,253.543,1
2018-10-07,13,14.3333,0.0,17.3333,47,34.5064,38.3711,-36.7697,36.7697,216.72,1
2018-10-07,14,16.0,0.0,18.6667,47,33.444,29.2784,-38.891,38.891,205.8,1
2018-10-07,15,17.0,0.0,19.6667,46,33.815,25.3724,-38.1839,38.1839,217.579,1
2018-10-07,16,16.5,0.0,20.3333,47,33.4119,22.9368,-48.7906,48.7906,180.0,1
2018-10-07,17,15.1667,0.0,20.3333,48,36.4686,22.9163,-43.8408,43.8408,224.0,1
2018-10-07,18,13.5,0.0,20.0,54,44.3693,33.5119,-34.9396,40.3516,284.612,1
2018-10-07,19,11.8333,0.0,19.3333,58,53.0737,51.8405,-38.3838,48.6666,274.447,1
2018-10-07,20,10.3333,0.0,18.5,64,49.8048,58.3764,-26.3629,44.6457,346.48,1
2018-10-07,21,9.33333,0.0,17.5,64,35.5341,65.0512,-20.706,52.0367,330.72,1
2018-10-07,22,9.33333,0.0,16.5,63,29.1458,63.273,-3.73537,47.7941,369.6,1
2018-10-07,23,9.83333,0.0,15.5,63,17.4205,59.2226,15.8365,43.9009,349.92,1
2018-10-08,0,10.3333,0.0,14.3333,65,11.2957,51.9517,31.6737,39.6369,300.0,0
2018-10-08,1,10.8333,0.0,13.1667,67,8.22431,48.6907,46.2044,27.9142,291.6,0
2018-10-08,2,11.1667,0.0,12.0,69,8.47745,43.9926,50.7102,24.7326,263.467,0
2018-10-08,3,11.3333,0.0,11.0,71,10.5624,41.9032,53.585,22.1954,280.8,0
2018-10-08,4,11.0,0.0,10.1667,72,12.4189,41.9982,51.7373,21.4301,310.431,0
2018-10-08,5,10.3333,0.0,9.33333,73,15.3115,41.8713,48.9656,20.282,336.3,0
2018-10-08,6,9.83333,0.0,8.83333,74,18.9727,42.9812,57.2806,23.7262,300.0,0
2018-10-08,7,9.33333,0.0,8.33333,77,22.5629,43.9568,54.5089,22.5781,323.345,0
2018-10-08,8,8.83333,0.0,8.16667,76,25.2704,46.9226,52.3462,18.3686,349.92,0
2018-10-08,9,8.33333,0.0,8.16667,71,27.6291,49.0605,50.1074,14.5418,389.88,0
2018-10-08,10,8.0,0.0,8.5,62,28.0876,42.6172,56.5746,11.8631,360.0,0
2018-10-08,11,8.0,0.0,9.16667,56,26.1936,39.7088,52.9927,2.3794,386.88,0
2018-10-08,12,8.0,0.0,10.0,51,24.3214,36.1563,50.1179,-7.81139,388.267,0
2018-10-08,13,8.0,0.0,11.1667,47,23.9765,34.5064,48.1669,-17.6195,388.267,0
2018-10-08,14,8.0,0.0,12.3333,45,26.0842,33.444,45.5089,-26.7205,390.0,0
2018-10-08,15,8.0,0.0,13.5,43,28.9546,33.815,42.4587,-31.6703,392.229,0
2018-10-08,16,7.83333,0.0,14.1667,42,32.1145,33.4119,41.9258,-34.349,392.229,0
2018-10-08,17,7.5,0.0,14.3333,55,37.6426,36.4686,41.9258,-34.349,405.45,0
2018-10-08,18,7.16667,0.0,14.3333,59,48.564,44.3693,33.5902,-35.1593,432.667,0
2018-10-08,19,7.0,0.0,14.0,67,68.2479,53.0737,34.2262,-28.7953,463.6,0
2018-10-08,20,6.83333,0.0,13.3333,77,80.2651,49.8048,40.6934,-31.4741,420.0,0
2018-10-08,21,6.66667,0.0,12.1667,87,85.0802,35.5341,39.8727,-27.4062,452.4,0
2018-10-08,22,6.5,0.0,11.0,91,87.2396,29.1458,38.4584,-25.9919,472.457,0
2018-10-08,23,6.33333,0.0,10.1667,90,86.2641,17.4205,37.7513,-25.2848,490.629,0
2018-10-09,0,6.16667,0.0,9.16667,91,82.7261,11.2957,33.5802,-28.1494,509.143,0
2018-10-09,1,5.83333,0.0,8.33333,91,80.4965,8.22431,27.1131,-31.4706,528.0,0
2018-10-09,2,5.66667,0.0,7.66667,93,78.9126,8.47745,25.1997,-36.09,498.343,0
2018-10-09,3,5.5,0.0,7.16667,96,76.962,10.5624,24.3429,-33.1584,536.057,0
2018-10-09,4,5.33333,0.0,6.66667,100,73.5921,12.4189,13.8073,-36.6939,575.143,0
2018-10-09,5,5.16667,0.0,6.33333,100,69.4867,15.3115,10.2718,-40.2295,540.0,0
2018-10-09,6,5.0,0.0,6.16667,100,63.0768,18.9727,1.89123,-42.1701,561.0,0
2018-10-09,7,5.0,0.0,6.0,100,59.3819,22.5629,-7.1876,-43.4096,582.4,0
2018-10-09,8,5.16667,0.0,6.0,100,56.2753,25.2704,-14.9658,-42.7025,604.2,0
2018-10-09,9,5.33333,0.0,6.5,100,53.8952,27.6291,-23.4511,-42.7025,604.2,0
2018-10-09,10,5.5,0.0,7.5,91,54.1548,28.0876,-29.9899,-41.4019,604.2,0
2018-10-09,11,5.66667,0.0,8.66667,77,55.2304,26.1936,-35.5331,-37.6979,586.56,0
2018-10-09,12,5.83333,0.0,10.1667,67,55.1733,24.3214,-39.163,-35.3746,563.04,0
2018-10-09,13,6.0,0.0,12.0,57,54.5324,23.9765,-29.6275,-31.8391,540.0,0
2018-10-09,14,5.83333,0.0,14.0,51,49.672,26.0842,-16.5564,-24.768,570.24,0
2018-10-09,15,5.66667,0.0,15.8333,48,41.1602,28.9546,-19.2624,-22.062,570.24,0
2018-10-09,16,5.5,0.0,17.1667,49,36.925,32.1145,-20.3462,-20.4398,570.24,0
2018-10-09,17,5.33333,0.0,18.0,54,40.4712,37.6426,-20.3462,-20.4398,583.0,0
2018-10-09,18,5.33333,0.0,18.1667,65,51.5974,48.564,-22.2596,-25.0592,540.0,0
2018-10-09,19,5.5,0.0,17.8333,70,74.8426,68.2479,-20.313,-26.3598,540.0,0
2018-10-09,20,5.83333,0.0,16.8333,79,85.1489,80.2651,-10.5271,-26.8211,583.0,0
2018-10-09,21,6.0,0.0,15.3333,87,91.2193,85.0802,-4.98383,-31.525,561.6,0
2018-10-09,22,6.16667,0.0,13.8333,90,90.7475,87.2396,-13.2799,-37.0683,561.6,0
2018-10-09,23,6.33333,0.0,12.5,89,88.0672,86.2641,-21.576,-42.6116,546.96,0
2018-10-10,0,6.33333,0.0,11.5,89,84.6565,82.7261,-21.1992,-44.9408,524.16,0
2018-10-10,1,6.16667,0.0,10.5,90,82.9623,80.4965,-20.8225,-47.2701,501.84,0
2018-10-10,2,6.0,0.0,9.83333,90,79.7018,78.9126,-21.5296,-47.9772,480.0,0
2018-10-10,3,6.0,0.0,9.5,87,76.4533,76.962,-23.8589,-47.6005,480.0,0
2018-10-10,4,6.0,0.0,9.33333,87,74.068,73.5921,-25.8055,-46.2999,498.343,0
2018-10-10,5,6.0,0.0,9.0,92,73.1598,69.4867,-30.0481,-43.5425,517.029,0
2018-10-10,6,6.0,0.0,8.83333,97,73.1147,63.0768,-34.2908,-40.7852,520.0,0
2018-10-10,7,6.0,0.0,8.83333,100,72.9207,59.3819,-36.2374,-39.4846,520.0,0
2018-10-10,8,6.0,0.0,9.0,100,73.3655,56.2753,-36.2374,-39.4846,520.0,0
2018-10-10,9,6.0,0.0,9.5,90,68.5296,53.8952,-34.2908,-40.7852,520.0,0
2018-10-10,10,6.16667,0.0,10.3333,77,60.5046,54.1548,-32.3442,-42.0858,520.0,0
2018-10-10,11,6.33333,0.0,11.8333,62,48.9479,55.2304,-33.0513,-42.7929,499.8,0
2018-10-10,12,6.66667,0.0,13.5,51,42.3067,55.1733,-33.7584,-43.5,480.0,0
2018-10-10,13,7.0,0.0,15.3333,45,37.2158,54.5324,-30.93,-40.6716,496.8,0
2018-10-10,14,7.33333,0.0,17.3333,43,33.3836,49.672,-29.7488,-43.82,457.6,0
2018-10-10,15,7.66667,0.0,19.0,40,31.685,41.1602,-28.5675,-46.9683,420.0,0
2018-10-10,16,8.0,0.0,20.1667,41,31.2144,36.925,-27.0368,-43.2728,432.0,0
2018-10-10,17,8.33333,0.0,20.6667,52,32.197,40.4712,-28.1849,-46.0445,392.229,0
2018-10-10,18,8.5,0.0,20.6667,70,41.9844,51.5974,-23.2351,-50.0947,360.0,0
2018-10-10,19,8.83333,0.0,20.3333,76,51.7123,74.8426,-12.6284,-48.488,401.85,0
2018-10-10,20,9.33333,0.0,19.1667,84,50.3614,85.1489,-9.567,-51.097,371.25,0
2018-10-10,21,9.66667,0.0,17.8333,85,48.9511,91.2193,-6.50556,-54.706,327.6,0
2018-10-10,22,9.66667,0.0,16.5,82,47.6963,90.7475,-3.44412,-57.3149,312.8,0
2018-10-10,23,9.66667,0.0,15.1667,81,48.6375,88.0672,-3.44412,-57.3149,312.8,0
2018-10-11,0,9.5,0.0,13.8333,84,50.2154,84.6565,-6.88824,-56.6298,312.8,0
2018-10-11,1,9.0,0.0,12.6667,86,52.0325,82.9623,-9.94968,-55.0209,337.08,0
2018-10-11,2,8.16667,0.0,11.8333,88,52.2036,79.7018,-12.6284,-51.488,385.527,0
2018-10-11,3,7.5,0.0,11.1667,92,52.9021,76.4533,-14.9245,-57.0313,372.764,0
2018-10-11,4,7.0,0.0,10.5,95,53.6075,74.068,-17.2206,-51.5746,429.0,0
2018-10-11,5,6.5,0.0,9.83333,100,55.1407,73.1598,-19.5167,-47.1179,479.467,0
2018-10-11,6,6.16667,0.0,9.5,100,56.6946,73.1147,-21.8128,-52.6612,450.667,0
2018-10-11,7,6.0,0.0,9.16667,100,58.1002,72.9207,-20.6647,-49.8895,498.667,0
2018-10-11,8,6.0,0.0,9.16667,100,61.3268,73.3655,-19.5167,-47.1179,538.65,0
2018-10-11,9,6.16667,0.0,9.5,96,59.5618,68.5296,-21.8128,-52.6612,497.25,0
2018-10-11,10,6.5,0.0,10.3333,77,55.0498,60.5046,-21.4301,-51.7373,498.343,0
2018-10-11,11,7.0,0.0,11.8333,62,48.8333,48.9479,-22.1121,-45.3837,517.0,0
2018-10-11,12,7.5,0.0,13.5,53,40.9216,42.3067,-26.18,-46.2044,457.6,0
2018-10-11,13,8.0,0.0,15.5,47,33.7242,37.2158,-27.9519,-41.4819,451.0,0
2018-10-11,14,8.5,0.0,17.5,46,29.603,33.3836,-32.0198,-42.3026,395.2,0
2018-10-11,15,8.83333,0.0,19.3333,44,27.8147,31.685,-33.7916,-37.58,393.6,0
2018-10-11,16,9.0,0.0,20.6667,45,29.4865,31.2144,-37.4768,-37.4768,371.25,0
2018-10-11,17,9.0,0.0,21.3333,52,33.3662,32.197,-35.2641,-40.1349,366.667,0
2018-10-11,18,9.0,0.0,21.5,71,41.3655,41.9844,-32.3442,-42.0858,366.667,0
2018-10-11,19,9.0,0.0,21.0,76,55.6493,51.7123,-29.4243,-44.0367,366.667,0
2018-10-11,20,9.0,0.0,20.0,85,55.9089,50.3614,-26.5045,-45.9877,366.667,0
2018-10-11,21,8.66667,0.0,18.5,86,56.3191,48.9511,-23.5846,-47.9386,366.667,0
2018-10-11,22,8.16667,0.0,17.0,84,56.8374,47.6963,-19.8994,-48.0418,395.2,0
2018-10-11,23,7.66667,0.0,15.5,82,59.5084,48.6375,-25.4426,-50.3378,374.0,0
2018-10-12,0,7.16667,0.0,13.8333,84,61.4535,50.2154,-15.9985,-42.0229,417.6,0
2018-10-12,1,6.83333,0.0,12.5,84,62.8418,52.0325,-18.0977,-36.0041,463.6,0
2018-10-12,2,6.5,0.0,11.5,82,65.7742,52.2036,-24.5648,-38.6828,420.0,0
2018-10-12,3,6.5,0.0,10.8333,84,62.6963,52.9021,-26.0705,-35.3177,450.667,0
2018-10-12,4,6.66667,0.0,10.0,90,62.1504,53.6075,-27.5761,-31.9525,482.4,0
2018-10-12,5,6.83333,0.0,9.5,91,61.0266,55.1407,-29.0818,-28.5874,490.629,0
2018-10-12,6,7.0,0.0,9.5,97,59.8049,56.6946,-31.3528,-27.07,477.0,0
2018-10-12,7,6.83333,0.0,9.5,100,60.9471,58.1002,-30.7593,-29.7237,457.6,0
2018-10-12,8,6.66667,0.0,9.66667,100,61.0147,61.3268,-41.0019,-33.9664,457.6,0
2018-10-12,9,6.66667,0.0,10.1667,85,55.198,59.5618,-41.0019,-33.9664,472.457,0
2018-10-12,10,6.83333,0.0,11.3333,68,47.733,55.0498,-41.0019,-33.9664,472.457,0
2018-10-12,11,7.16667,0.0,12.8333,55,42.5729,48.8333,-43.4432,-25.9551,454.629,0
2018-10-12,12,7.66667,0.0,14.5,45,40.1896,40.9216,-46.8084,-17.5612,420.0,0
2018-10-12,13,8.5,0.0,16.3333,41,37.6621,33.7242,-46.1476,-3.83491,425.829,0
2018-10-12,14,9.33333,0.0,18.1667,41,37.042,29.603,-47.1179,9.567,385.0,0
2018-10-12,15,9.83333,0.0,19.6667,40,37.4002,27.8147,-51.7373,16.0726,314.743,0
2018-10-12,16,9.83333,0.0,20.6667,43,37.1437,29.4865,-47.1179,19.5167,340.267,0
2018-10-12,17,9.5,0.0,21.0,48,39.0425,33.3662,-54.5089,22.5781,300.0,0
2018-10-12,18,9.0,0.0,20.6667,59,52.2198,41.3655,-52.6612,21.8128,337.08,0
2018-10-12,19,8.16667,0.0,20.0,66,64.5791,55.6493,-49.8895,20.6647,385.527,0
2018-10-12,20,7.33333,0.0,18.8333,75,71.1426,55.9089,-55.4328,22.9608,372.764,0
2018-10-12,21,6.66667,0.0,17.3333,85,73.998,56.3191,-50.8134,21.0474,439.855,0
2018-10-12,22,6.33333,0.0,15.6667,91,77.1061,56.8374,-55.0561,25.2901,420.0,0
2018-10-12,23,6.16667,0.0,14.0,93,78.2691,59.5084,-49.136,25.3232,479.52,0
2018-10-13,0,6.0,0.0,12.6667,95,76.5403,61.4535,-44.1399,25.7391,520.8,1
2018-10-13,1,6.0,0.0,11.5,95,76.2768,62.8418,-49.6832,28.0352,480.0,1
2018-10-13,2,6.0,0.0,10.5,95,75.8944,65.7742,-36.2921,24.9737,498.343,1
2018-10-13,3,6.0,0.0,9.83333,95,74.5642,62.6963,-23.825,22.295,517.029,1
2018-10-13,4,6.0,0.0,9.16667,99,70.7539,62.1504,-22.9011,17.3201,520.0,1
2018-10-13,5,6.0,0.0,9.0,100,70.4782,61.0266,-22.9011,12.728,520.0,1
2018-10-13,6,6.0,0.0,8.83333,100,69.2513,59.8049,-22.9011,8.13582,520.0,1
2018-10-13,7,6.0,0.0,8.66667,100,70.8721,60.9471,-24.2017,1.59708,520.0,1
2018-10-13,8,6.0,0.0,8.83333,100,71.2796,61.0147,-24.2017,-6.88824,520.0,1
2018-10-13,9,6.0,0.0,9.33333,97,67.8214,55.198,-24.2017,-15.3736,520.0,1
2018-10-13,10,6.16667,0.0,10.5,73,59.5611,47.733,-22.9011,-21.9123,520.0,1
2018-10-13,11,6.33333,0.0,11.8333,58,51.9897,42.5729,-35.3683,-24.5911,499.8,1
2018-10-13,12,6.66667,0.0,13.5,46,43.5574,40.1896,-47.8354,-27.2698,480.0,1
2018-10-13,13,7.0,0.0,15.5,39,37.8662,37.6621,-44.1399,-25.7391,496.8,1
2018-10-13,14,7.16667,0.0,17.5,37,31.8388,37.042,-44.2535,-29.0999,457.6,1
2018-10-13,15,7.33333,0.0,19.1667,37,30.8726,37.4002,-43.66,-31.7536,438.6,1
2018-10-13,16,7.33333,0.0,20.3333,40,31.3812,37.1437,-44.3671,-32.4607,420.0,1
2018-10-13,17,7.33333,0.0,20.8333,48,35.7045,39.0425,-40.8316,-28.9251,460.8,1
2018-10-13,18,7.33333,0.0,20.8333,67,51.072,52.2198,-37.0431,-32.7136,460.8,1
2018-10-13,19,7.33333,0.0,20.1667,72,66.3621,64.5791,-33.6374,-37.4258,453.6,1
2018-10-13,20,7.33333,0.0,19.0,80,77.2833,71.1426,-29.3078,-41.7554,453.6,1
2018-10-13,21,7.33333,0.0,17.5,87,78.8796,73.998,-26.3297,-42.5657,460.8,1
2018-10-13,22,7.16667,0.0,16.0,89,74.2625,77.1061,-24.0587,-44.0831,460.8,1
2018-10-13,23,7.0,0.0,14.5,87,75.7682,78.2691,-28.3014,-48.3258,420.0,1
2018-10-14,0,6.66667,0.0,13.0,87,77.6593,76.5403,-28.8949,-45.6721,437.143,1
2018-10-14,1,6.33333,0.0,11.8333,88,78.7904,76.2768,-29.4884,-43.0184,454.629,1
2018-10-14,2,6.16667,0.0,10.8333,88,78.36,75.8944,-32.3529,-38.8473,486.0,1
2018-10-14,3,6.0,0.0,10.1667,89,78.4285,74.5642,-34.8347,-33.7523,520.8,1
2018-10-14,4,6.0,0.0,9.5,90,77.6543,70.7539,-40.378,-36.0484,480.0,1
2018-10-14,5,6.0,0.0,8.66667,96,77.56,70.4782,-42.8599,-30.9535,498.343,1
2018-10-14,6,6.0,0.0,8.33333,97,74.8958,69.2513,-45.7244,-26.7824,517.029,1
2018-10-14,7,6.0,0.0,8.0,100,73.4363,70.8721,-48.5889,-22.6113,520.0,1
2018-10-14,8,6.0,0.0,8.0,100,71.7545,71.2796,-48.5889,-22.6113,520.0,1
2018-10-14,9,6.16667,0.0,8.5,82,66.0866,67.8214,-47.2883,-24.5579,520.0,1
2018-10-14,10,6.5,0.0,9.5,63,56.752,59.5611,-48.2122,-24.9406,499.8,1
2018-10-14,11,7.0,0.0,11.5,48,44.6196,51.9897,-42.7825,-26.0053,517.0,1
2018-10-14,12,7.66667,0.0,13.5,39,33.8773,43.5574,-45.5541,-27.1533,457.6,1
2018-10-14,13,8.5,0.0,15.8333,36,23.2689,37.8662,-43.7064,-26.388,432.0,1
2018-10-14,14,9.5,0.0,18.1667,36,16.9153,31.8388,-44.0831,-24.0587,385.0,1
2018-10-14,15,10.1667,0.0,19.8333,35,15.6367,30.8726,-27.8404,-19.816,300.0,1
2018-10-14,16,10.5,0.0,21.0,37,16.3077,31.3812,-4.7164,-11.4804,313.6,1
2018-10-14,17,10.5,0.0,21.3333,41,20.0595,35.7045,13.5985,-8.03628,309.12,1
2018-10-14,18,10.1667,0.0,20.8333,51,32.0239,51.072,31.8373,-4.20948,329.018,1
2018-10-14,19,9.66667,0.0,19.8333,58,50.8434,66.3621,24.4463,-1.14804,300.0,1
2018-10-14,20,8.83333,0.0,18.3333,68,63.8204,77.2833,27.2179,6.12288,345.6,1
2018-10-14,21,8.16667,0.0,16.5,76,68.1691,78.8796,8.75076,8.80164,398.618,1
2018-10-14,22,7.66667,0.0,14.6667,77,67.5645,74.2625,2.2836,11.4804,372.764,1
2018-10-14,23,7.16667,0.0,13.0,76,68.5285,75.7682,-15.1836,14.1592,414.72,1
2018-10-15,0,6.83333,0.0,11.6667,77,68.4219,77.6593,-19.1836,14.1592,463.6,0
2018-10-15,1,6.66667,0.0,10.5,77,66.3002,78.7904,-13.1836,14.1592,435.2,0
2018-10-15,2,6.66667,0.0,9.5,77,61.2287,78.36,-15.1836,14.1592,452.4,0
2018-10-15,3,6.5,0.0,9.0,75,57.3321,78.4285,-0.792519,11.0977,469.05,0
2018-10-15,4,6.33333,0.0,8.5,78,53.7985,77.6543,1.05524,5.7402,490.629,0
2018-10-15,5,6.33333,0.0,8.16667,77,52.2395,77.56,1.97912,0.76536,509.143,0
2018-10-15,6,6.33333,0.0,8.16667,80,48.6298,74.8958,2.903,-4.20948,528.0,0
2018-10-15,7,6.16667,0.0,8.16667,83,47.0264,73.4363,-2.64028,-6.50556,480.0,0
2018-10-15,8,6.16667,0.0,8.5,80,49.0109,71.7545,-1.7164,-11.4804,480.0,0
2018-10-15,9,6.33333,0.0,9.16667,66,43.3686,66.0866,-20.1836,-14.1592,528.0,0
2018-10-15,10,7.0,0.0,10.3333,50,38.0902,56.752,-33.6507,-16.8379,528.0,0
2018-10-15,11,7.83333,0.0,11.8333,40,33.8267,44.6196,-49.8895,-13.0111,457.6,0
2018-10-15,12,8.66667,0.0,13.5,34,30.9778,33.8773,-48.9656,-4.20948,413.4,0
2018-10-15,13,9.5,0.0,15.5,31,29.6854,23.2689,-48.0418,4.59216,367.2,0
2018-10-15,14,10.1667,0.0,17.3333,32,28.4682,16.9153,-31.4985,6.88824,300.0,0
2018-10-15,15,10.6667,0.0,18.8333,32,27.8059,15.6367,-7.56416,12.2458,309.12,0
2018-10-15,16,10.5,0.0,20.0,34,30.7852,16.3077,11.6746,8.41896,317.127,0
2018-10-15,17,10.0,0.0,20.3333,41,35.7091,20.0595,30.8373,4.20948,341.127,0
2018-10-15,18,9.33333,0.0,20.0,51,48.5309,32.0239,38.8373,4.20948,311.564,0
2018-10-15,19,8.66667,0.0,19.0,57,72.1282,50.8434,56.0,0.0,360.0,0
2018-10-15,20,8.16667,0.0,17.6667,67,82.2719,63.8204,52.0,0.0,411.927,0
2018-10-15,21,7.66667,0.0,16.0,74,85.2327,68.1691,60.0,0.0,372.764,0
2018-10-15,22,7.33333,0.0,14.1667,73,84.3521,67.5645,56.0,0.0,414.72,0
2018-10-15,23,7.16667,0.0,12.5,69,84.6793,68.5285,53.0,0.0,448.0,0
2018-10-16,0,7.16667,0.0,11.1667,69,83.746,68.4219,51.0,0.0,470.25,0
2018-10-16,1,7.16667,0.0,10.0,70,82.2621,66.3002,58.0,0.0,420.0,0
2018-10-16,2,6.83333,0.0,8.83333,75,78.8314,61.2287,57.0,0.0,420.0,0
2018-10-16,3,6.66667,0.0,8.33333,66,73.398,57.3321,56.0,0.0,437.143,0
2018-10-16,4,6.66667,0.0,8.0,64,69.7525,53.7985,43.4567,-2.29608,469.05,0
2018-10-16,5,6.66667,0.0,7.83333,64,66.867,52.2395,28.9896,-4.97484,472.457,0
2018-10-16,6,6.66667,0.0,7.83333,68,63.4511,48.6298,15.5224,-7.6536,472.457,0
2018-10-16,7,6.66667,0.0,8.0,76,63.4633,47.0264,2.05524,-10.3324,472.457,0
2018-10-16,8,6.83333,0.0,8.5,78,63.7189,49.0109,-11.4119,-13.0111,472.457,0
2018-10-16,9,7.16667,0.0,9.16667,65,59.8407,43.3686,-24.8791,-15.6899,472.457,0
2018-10-16,10,7.5,0.0,10.1667,50,56.9682,38.0902,-39.2701,-18.7513,438.6,0
2018-10-16,11,8.0,0.0,11.6667,39,42.5238,33.8267,-48.0418,-19.8994,443.143,0
2018-10-16,12,8.66667,0.0,13.3333,32,30.7698,30.9778,-50.8134,-21.0474,392.229,0
2018-10-16,13,9.66667,0.0,15.1667,30,25.0849,29.6854,-26.8791,-15.6899,377.143,0
2018-10-16,14,10.8333,0.0,17.1667,31,23.8432,28.4682,-0.944759,-10.3324,333.45,0
2018-10-16,15,11.6667,0.0,18.6667,33,22.8541,27.8059,20.4463,-7.27092,263.467,0
2018-10-16,16,12.0,0.0,19.6667,36,25.1635,30.7852,51.0,0.0,281.455,0
2018-10-16,17,11.8333,0.0,20.0,41,34.6643,35.7091,51.0,0.0,291.877,0
2018-10-16,18,11.5,0.0,19.6667,48,51.1025,48.5309,60.0,0.0,269.077,0
2018-10-16,19,10.6667,0.0,19.0,50,71.1661,72.1282,38.6851,3.44412,318.171,0
2018-10-16,20,9.66667,0.0,17.8333,56,79.9903,82.2719,31.294,6.50556,300.0,0
2018-10-16,21,8.66667,0.0,16.5,60,82.9367,85.2327,9.903,9.567,355.385,0
2018-10-16,22,8.0,0.0,15.3333,62,83.6554,84.3521,-9.56416,12.2458,411.927,0
2018-10-16,23,7.5,0.0,14.3333,65,80.9257,84.6793,-2.56416,12.2458,385.745,0
2018-10-17,0,7.0,0.0,13.5,70,74.4849,83.746,-7.56416,12.2458,432.667,0
2018-10-17,1,6.66667,0.0,12.8333,75,73.9214,82.2621,-22.1074,9.94968,479.467,0
2018-10-17,2,6.33333,0.0,12.3333,78,73.8119,78.8314,-26.3501,5.70702,450.667,0
2018-10-17,3,6.16667,0.0,12.1667,76,72.3057,73.398,-22.2778,-1.97976,486.0,0
2018-10-17,4,6.0,0.0,11.8333,76,70.8635,69.7525,-19.1295,-9.28386,520.8,0
2018-10-17,5,6.0,0.0,11.3333,80,67.7689,66.867,-23.3721,-13.5265,480.0,0
2018-10-17,6,6.0,0.0,10.6667,87,68.5982,63.4511,-20.2237,-20.8306,498.343,0
2018-10-17,7,6.0,0.0,10.1667,88,69.0213,63.4633,-17.9992,-27.752,517.029,0
2018-10-17,8,6.0,0.0,10.1667,81,68.3714,63.7189,-29.2419,-31.9947,520.0,0
2018-10-17,9,6.0,0.0,10.3333,70,60.3289,59.8407,-39.4846,-36.2374,520.0,0
2018-10-17,10,6.16667,0.0,10.8333,63,55.0061,56.9682,-38.1839,-38.1839,520.0,0
2018-10-17,11,6.33333,0.0,11.6667,53,47.9884,42.5238,-38.891,-38.891,499.8,0
2018-10-17,12,6.5,0.0,13.1667,45,48.9323,30.7698,-39.5982,-39.5982,480.0,0
2018-10-17,13,6.5,0.0,14.8333,39,43.9943,25.0849,-37.58,-33.7916,517.0,0
2018-10-17,14,6.5,0.0,16.3333,38,41.9158,23.8432,-38.8806,-27.2529,517.0,0
2018-10-17,15,6.5,0.0,17.3333,39,48.2958,22.8541,-38.8806,-18.7675,517.0,0
2018-10-17,16,6.16667,0.0,18.1667,44,52.8127,25.1635,-36.934,-8.9816,517.0,0
2018-10-17,17,5.83333,0.0,18.5,58,65.7344,34.6643,-36.934,-3.9816,480.0,0
2018-10-17,18,5.5,0.0,18.3333,63,79.0738,51.1025,-29.1558,4.88046,499.8,0
2018-10-17,19,5.33333,0.0,17.8333,64,90.4937,71.1661,-21.3776,13.7425,536.057,0
2018-10-17,20,5.16667,0.0,17.0,65,99.249,79.9903,-12.8923,23.3117,575.143,0
2018-10-17,21,5.16667,0.0,16.1667,71,102.385,82.9367,-12.8923,28.3117,540.0,0
2018-10-17,22,5.66667,0.0,15.1667,71,102.764,83.6554,-7.94253,39.2615,559.543,0
2018-10-17,23,6.33333,0.0,14.5,67,103.147,80.9257,4.06791,47.6441,583.0,0
2018-10-18,0,6.66667,0.0,14.0,62,103.91,74.4849,8.31057,52.4015,520.0,0
2018-10-18,1,6.5,0.0,13.5,62,104.603,73.9214,10.6066,53.8582,480.0,0
2018-10-18,2,6.0,0.0,13.1667,70,103.579,73.8119,10.6066,52.8582,501.84,0
2018-10-18,3,5.66667,0.0,13.0,73,99.5633,72.3057,5.65688,49.653,570.24,0
2018-10-18,4,5.0,0.0,12.8333,80,97.6321,70.8635,1.96136,51.1837,540.0,0
2018-10-18,5,4.33333,0.0,12.5,84,94.7227,67.7689,2.42581,46.5643,563.04,0
2018-10-18,6,4.0,0.0,12.1667,85,91.5798,68.5982,3.89026,41.9449,563.04,0
2018-10-18,7,4.33333,0.0,11.8333,86,49.29,69.0213,-0.72914,35.0315,582.4,0
2018-10-18,8,5.0,0.0,11.6667,86,65.97,68.3714,-6.27242,26.7355,615.6,0
2018-10-18,9,5.5,0.0,11.5,82,83.3352,60.3289,-11.8157,16.4394,668.8,0
2018-10-18,10,6.0,0.0,11.8333,81,73.2893,55.0061,-18.2829,13.7606,600.0,0
2018-10-18,11,6.5,0.0,12.5,74,62.12,47.9884,-24.75,2.08186,600.0,0
2018-10-18,12,7.0,0.0,13.3333,66,65.2311,48.9323,-30.7268,-13.3938,530.4,0
2018-10-18,13,7.33333,0.0,14.3333,60,59.1044,43.9943,-23.0313,-14.9245,483.36,0
2018-10-18,14,7.5,0.0,15.3333,58,56.613,41.9158,-20.0313,-14.9245,420.0,0
2018-10-18,15,7.5,0.0,16.3333,58,55.8929,48.2958,-2.86864,-10.715,451.0,0
2018-10-18,16,7.5,0.0,17.0,60,52.1416,52.8127,9.67464,-8.41896,443.143,0
2018-10-18,17,7.16667,0.0,17.3333,65,99.5167,65.7344,23.1418,-5.7402,443.143,0
2018-10-18,18,6.83333,0.0,17.3333,78,71.0021,79.0738,35.609,-3.06144,470.25,0
2018-10-18,19,6.33333,0.0,17.0,87,86.9716,90.4937,30.0657,-5.35752,436.05,0
2018-10-18,20,6.0,0.0,16.3333,95,98.4697,99.249,32.8373,-4.20948,486.0,0
2018-10-18,21,5.66667,0.0,15.3333,99,103.068,102.385,29.8373,-4.20948,538.65,0
2018-10-18,22,5.5,0.0,14.3333,96,103.674,102.764,26.3018,-0.67393,514.8,0
2018-10-18,23,5.5,0.0,13.5,89,102.962,103.147,22.5444,3.56873,536.057,0
2018-10-19,0,5.5,0.0,12.6667,87,102.539,103.91,19.7871,7.81139,555.429,0
2018-10-19,1,5.66667,0.0,12.0,90,99.2422,104.603,17.0298,12.054,575.143,0
2018-10-19,2,5.83333,0.0,11.1667,93,92.2093,103.579,14.2724,16.2967,583.0,0
2018-10-19,3,6.0,0.0,10.6667,95,81.2961,99.5633,12.5151,20.5394,583.0,0
2018-10-19,4,6.0,0.0,10.0,99,65.5167,97.6321,22.301,27.0781,570.24,0
2018-10-19,5,6.0,0.0,9.16667,100,67.095,94.7227,31.1631,33.2342,546.96,0
2018-10-19,6,6.0,0.0,8.66667,100,65.6967,91.5798,30.4057,37.4768,524.16,0
2018-10-19,7,6.0,0.0,8.16667,100,67.0633,49.29,38.1839,38.1839,520.0,0
2018-10-19,8,6.0,0.0,8.0,100,79.1648,65.97,38.1839,38.1839,520.0,0
2018-10-19,9,6.16667,0.0,8.16667,100,77.8498,83.3352,38.1839,38.1839,520.0,0
2018-10-19,10,6.66667,0.0,8.5,80,77.1986,73.2893,38.891,38.891,499.8,0
2018-10-19,11,7.33333,0.0,9.33333,71,76.3721,62.12,36.7697,36.7697,496.8,0
2018-10-19,12,8.16667,0.23,10.1667,62,75.2112,65.2311,41.7659,36.3539,420.0,0
2018-10-19,13,9.0,0.23,11.3333,55,73.8319,59.1044,43.4432,32.078,377.4,0
2018-10-19,14,10.0,0.23,12.6667,51,71.7395,56.613,45.1206,27.8022,332.8,0
2018-10-19,15,10.8333,0.23,13.6667,48,69.7158,55.8929,47.0147,23.2019,313.6,0
2018-10-19,16,11.1667,0.46,14.6667,50,71.5074,52.1416,51.7373,21.4301,285.12,0
2018-10-19,17,11.3333,0.46,14.6667,78,72.7602,99.5167,52.6612,21.8128,282.764,0
2018-10-19,18,11.1667,0.23,14.5,81,74.4068,71.0021,52.6612,21.8128,282.764,0
2018-10-19,19,10.8333,0.23,14.0,81,75.9295,86.9716,51.7373,21.4301,302.4,0
2018-10-19,20,10.3333,0.23,13.1667,83,75.4004,98.4697,47.0147,23.2019,336.3,0
2018-10-19,21,9.83333,0.23,12.3333,83,73.2205,103.068,53.3787,29.5659,300.0,0
2018-10-19,22,9.33333,0.0,11.3333,86,70.8686,103.674,48.6561,31.3377,323.345,0
2018-10-19,23,8.83333,0.51,10.8333,90,69.1879,102.962,45.8845,30.1897,360.0,0
2018-10-20,0,8.33333,0.51,10.1667,98,67.2095,102.539,43.1129,29.0416,389.88,1
2018-10-20,1,7.83333,0.76,9.66667,88,67.5295,99.2422,49.58,31.7204,360.0,1
2018-10-20,2,7.33333,0.76,9.33333,87,67.5147,92.2093,45.8845,30.1897,402.8,1
2018-10-20,3,6.83333,0.76,9.16667,78,67.8788,81.2961,45.5205,23.8257,448.0,1
2018-10-20,4,6.33333,0.76,9.16667,79,68.3238,65.5167,51.5205,23.8257,420.0,1
2018-10-20,5,5.83333,0.25,9.33333,79,68.979,67.095,49.7759,19.3751,482.4,1
2018-10-20,6,5.66667,0.25,9.66667,78,70.374,65.6967,48.0313,14.9245,538.65,1
2018-10-20,7,5.83333,0.0,9.66667,80,72.4753,67.0633,52.274,19.1672,497.25,1
2018-10-20,8,6.0,0.0,9.83333,79,73.4441,79.1648,49.8327,21.0555,514.8,1
2018-10-20,9,6.33333,0.0,9.83333,79,72.5398,77.8498,47.3914,22.9438,517.029,1
2018-10-20,10,6.66667,0.0,10.0,81,68.4005,77.1986,46.5812,25.922,480.0,1
2018-10-20,11,7.16667,1.27,10.3333,76,64.4571,76.3721,39.9876,30.093,517.0,1
2018-10-20,12,7.83333,1.27,10.6667,75,64.0291,75.2112,39.6445,37.4841,461.76,1
2018-10-20,13,8.66667,1.27,11.1667,76,60.8205,73.8319,37.4768,42.8961,413.4,1
2018-10-20,14,9.66667,1.52,11.3333,76,52.6271,71.7395,36.7697,42.189,377.143,1
2018-10-20,15,10.3333,1.77,11.5,75,46.0834,69.7158,41.0124,46.4316,300.0,1
2018-10-20,16,10.8333,1.77,11.5,72,44.0297,71.5074,38.891,42.7929,278.25,1
2018-10-20,17,11.0,0.75,11.1667,68,47.124,72.7602,40.3053,42.473,273.48,1
2018-10-20,18,11.0,0.75,10.6667,65,52.9295,74.4068,39.5982,39.5982,302.4,1
2018-10-20,19,11.0,0.75,10.0,65,51.092,75.9295,38.1839,38.1839,332.215,1
2018-10-20,20,11.0,0.5,9.33333,62,41.1477,75.4004,40.0781,33.5837,336.3,1
2018-10-20,21,11.0,0.25,8.66667,59,41.3507,73.2205,43.6032,30.0732,309.12,1
2018-10-20,22,11.0,0.25,8.0,58,40.3144,70.8686,47.6186,27.5942,275.6,1
2018-10-20,23,11.1667,0.0,7.33333,57,41.6487,69.1879,48.3258,28.3014,273.48,1
2018-10-21,0,11.1667,0.0,6.83333,56,37.5873,67.2095,48.3258,28.3014,291.5,1
2018-10-21,1,10.8333,0.0,6.5,58,34.1943,67.5295,44.3103,30.7803,321.231,1
2018-10-21,2,10.3333,0.0,6.33333,59,31.792,67.5147,39.371,32.8766,348.0,1
2018-10-21,3,10.0,0.0,6.16667,63,30.4539,67.8788,48.6098,36.7034,300.0,1
2018-10-21,4,10.1667,0.0,6.0,67,29.9472,68.3238,46.762,35.938,300.0,1
2018-10-21,5,10.3333,0.0,5.83333,71,30.8114,68.979,42.7825,26.0053,346.92,1
2018-10-21,6,10.3333,0.0,5.66667,75,33.4888,70.374,45.8741,23.1437,334.08,1
2018-10-21,7,10.3333,0.0,5.5,78,35.8118,72.4753,48.803,16.0726,334.08,1
2018-10-21,8,10.1667,0.0,5.5,79,38.6167,73.4441,49.5642,12.2458,334.08,1
2018-10-21,9,10.1667,0.0,5.5,75,42.8653,72.5398,49.3254,8.41896,353.455,1
2018-10-21,10,10.0,0.0,5.66667,78,46.4853,68.4005,58.5642,4.59216,300.0,1
2018-10-21,11,10.0,0.0,6.0,72,46.5809,64.4571,58.4015,0.38268,311.564,1
2018-10-21,12,10.1667,0.0,6.5,65,44.9714,64.0291,58.4015,-8.03628,300.0,1
2018-10-21,13,10.3333,0.0,7.16667,57,46.7381,60.8205,48.5642,-12.2458,340.267,1
2018-10-21,14,10.6667,0.0,7.83333,52,47.4482,52.6271,47.3424,-20.024,321.48,1
2018-10-21,15,10.8333,0.0,8.66667,48,47.7021,46.0834,45.8818,-23.9754,309.12,1
2018-10-21,16,10.6667,0.0,9.16667,48,48.2445,44.0297,43.66,-31.7536,305.455,1
2018-10-21,17,10.0,0.0,9.33333,60,52.904,47.124,39.8613,-33.9081,329.018,1
2018-10-21,18,9.33333,0.0,9.33333,61,63.1825,52.9295,46.3285,-36.5869,311.564,1
2018-10-21,19,8.66667,0.0,9.16667,64,71.5867,51.092,42.6329,-35.0561,360.0,1
2018-10-21,20,8.0,0.0,8.5,72,82.6993,41.1477,39.8045,-32.2277,411.927,1
2018-10-21,21,7.33333,0.0,7.66667,78,91.9057,41.3507,44.7543,-37.1775,385.745,1
2018-10-21,22,7.0,0.0,6.83333,79,94.92,40.3144,41.9258,-34.349,439.855,1
2018-10-21,23,7.0,0.0,6.33333,79,95.8012,41.6487,39.0974,-31.5206,479.467,1
2018-10-22,0,7.0,0.0,5.83333,82,94.5667,37.5873,44.0472,-36.4704,435.2,0
2018-10-22,1,7.0,0.0,5.16667,85,91.4779,34.1943,42.6329,-35.0561,437.143,0
2018-10-22,2,6.83333,0.0,4.83333,87,89.6026,31.792,41.1156,-37.3271,437.143,0
2018-10-22,3,6.66667,0.0,4.5,84,89.2995,30.4539,38.891,-38.891,454.629,0
2018-10-22,4,6.33333,0.0,4.16667,85,88.0079,29.9472,38.1839,-38.1839,472.457,0
2018-10-22,5,6.0,0.0,3.66667,86,86.4616,30.8114,35.1476,-37.8536,509.143,0
2018-10-22,6,5.5,0.0,3.16667,89,86.7036,33.4888,35.1476,-42.8536,480.0,0
2018-10-22,7,5.0,0.0,2.66667,93,87.806,35.8118,30.1978,-41.9038,536.057,0
2018-10-22,8,4.5,0.0,2.33333,97,89.7393,38.6167,26.7787,-40.6495,595.2,0
2018-10-22,9,3.83333,0.0,2.33333,90,83.606,42.8653,27.9268,-43.4212,599.657,0
2018-10-22,10,3.33333,0.0,2.83333,84,79.3585,46.4853,29.341,-44.8354,620.743,0
2018-10-22,11,2.66667,0.0,3.83333,71,75.7628,46.5809,25.1566,-41.7334,729.6,0
2018-10-22,12,2.5,0.0,5.0,60,72.3966,44.9714,25.1566,-40.7334,773.143,0
2018-10-22,13,2.83333,0.0,6.66667,53,71.1614,46.7381,25.1566,-37.7334,766.629,0
2018-10-22,14,3.66667,0.0,8.16667,50,65.9329,47.4482,17.9107,-27.2403,790.457,0
2018-10-22,15,4.66667,0.0,9.5,49,54.9935,47.7021,9.89954,-14.8995,744.6,0
2018-10-22,16,5.66667,0.0,10.5,48,43.4436,48.2445,1.41422,1.58578,764.64,0
2018-10-22,17,6.83333,0.0,11.0,55,48.08,52.904,-0.49918,14.2052,685.44,0
2018-10-22,18,7.5,0.0,11.1667,65,65.0593,63.1825,5.1577,30.5962,627.3,0
2018-10-22,19,7.5,0.0,10.8333,69,89.9495,71.5867,6.01449,44.9448,520.2,0
2018-10-22,20,7.33333,0.81,10.1667,77,95.165,82.6993,5.24913,48.7925,451.0,0
2018-10-22,21,7.33333,0.81,9.33333,81,85.2018,91.9057,7.54521,50.2492,453.6,0
2018-10-22,22,7.5,0.81,8.5,81,52.7593,94.92,16.2635,50.2492,453.6,0
2018-10-22,23,7.83333,1.62,7.83333,82,41.1284,95.8012,22.6275,50.5642,437.25,0
2018-10-23,0,8.66667,1.62,7.33333,82,25.2938,94.5667,29.6986,51.803,405.45,0
2018-10-23,1,9.83333,1.62,7.0,81,23.8937,91.4779,27.5773,46.4301,367.2,0
2018-10-23,2,11.1667,0.81,7.0,77,22.2793,89.6026,36.7697,42.6225,319.2,0
2018-10-23,3,12.1667,0.81,6.83333,75,20.5109,89.2995,44.971,40.9717,240.0,0
2018-10-23,4,12.5,1.8,6.5,74,25.914,88.0079,41.4355,33.3175,255.2,0
2018-10-23,5,12.3333,0.99,6.0,74,31.1754,86.4616,40.7284,32.6104,271.385,0
2018-10-23,6,12.0,1.98,5.33333,76,36.5942,86.7036,47.0924,40.9253,249.508,0
2018-10-23,7,11.8333,1.98,4.66667,79,42.9025,87.806,44.971,40.9717,295.68,0
2018-10-23,8,12.0,1.98,4.0,80,47.7686,89.7393,31.1128,47.2315,318.171,0
2018-10-23,9,12.6667,1.98,3.66667,75,45.4837,83.606,32.5271,48.6457,271.745,0
2018-10-23,10,14.0,1.22,3.83333,81,37.3104,79.3585,31.1128,45.2805,220.32,0
2018-10-23,11,16.1667,1.22,4.5,69,30.8828,75.7628,37.4768,41.5955,212.625,0
2018-10-23,12,18.5,0.46,5.33333,59,26.5533,72.3966,41.7195,50.6071,177.0,0
2018-10-23,13,20.6667,0.46,6.33333,54,27.9868,71.1614,45.9622,60.0522,143.242,0
2018-10-23,14,22.5,0.46,7.33333,55,26.3833,65.9329,50.2048,65.5955,125.182,0
2018-10-23,15,24.1667,0.46,8.0,62,26.3491,54.9935,17.6777,50.097,168.192,0
2018-10-23,16,25.6667,2.08,8.33333,73,29.3342,43.4436,0.0,55.0,156.8,0
2018-10-23,17,28.1667,5.79,8.33333,74,36.2221,48.08,-10.715,53.8686,154.286,0
2018-10-23,18,30.1667,5.56,8.33333,77,45.1207,65.0593,-24.8742,60.0522,110.7,0
2018-10-23,19,32.0,5.56,8.33333,81,45.4357,89.9495,-27.9356,67.4432,105.859,0
2018-10-23,20,34.0,6.68,8.33333,79,38.8814,95.165,-27.553,66.5194,106.667,0
2018-10-23,21,35.8333,7.8,8.5,79,32.0535,85.2018,-28.701,69.291,95.5667,0
2018-10-23,22,37.5,7.07,8.66667,80,23.6413,52.7593,-29.849,72.0626,93.8462,0
2018-10-23,23,39.0,4.48,8.83333,79,18.8991,41.1284,-29.4664,71.1388,97.2923,0
2018-10-24,0,40.3333,4.48,9.0,79,14.4211,25.2938,-32.1451,77.6059,71.6211,0
2018-10-24,1,43.8333,6.74,9.0,79,9.06211,23.8937,-34.4412,83.1492,75.9652,0
2018-10-24,2,43.5,7.88,9.0,80,4.19351,22.2793,-21.8128,52.6612,105.263,0
2018-10-24,3,43.8333,9.02,9.0,82,3.76719,20.5109,-21.8128,89.6612,92.8421,0
2018-10-24,4,45.3333,10.16,8.83333,82,3.92474,25.914,0.0,78.0,88.0216,0
2018-10-24,5,46.0,9.04,8.66667,82,5.19719,31.1754,33.2342,84.4224,68.2537,0
2018-10-24,6,46.6667,9.04,8.5,84,5.80789,36.5942,68.5897,78.7779,60.0,0
2018-10-24,7,44.8333,7.26,8.16667,86,8.97382,42.9025,69.2968,69.2968,64.896,0
2018-10-24,8,45.8333,5.0,7.66667,90,11.8923,47.7686,66.4683,66.4683,70.2,0
2018-10-24,9,45.8333,2.74,7.33333,80,10.6914,45.4837,62.9328,62.9328,78.8087,0
2018-10-24,10,44.5,0.48,7.0,62,9.07586,37.3104,59.3972,59.3972,85.6186,0
2018-10-24,11,43.3333,0.48,6.83333,55,8.53828,30.8828,56.5688,56.5688,92.839,0
2018-10-24,12,43.0,0.48,6.66667,49,7.27155,26.5533,67.3041,44.0325,80.6769,0
2018-10-24,13,43.1667,0.0,6.83333,44,6.73776,27.9868,82.2253,34.0585,70.8279,0
2018-10-24,14,44.0,0.0,7.16667,42,8.21627,26.3833,75.7327,50.8374,67.7478,0
2018-10-24,15,45.3333,0.0,7.33333,41,9.99983,26.3491,67.1754,67.1754,65.0553,0
2018-10-24,16,46.1667,0.0,7.66667,44,11.9636,29.3342,68.5897,68.5897,62.475,0
2018-10-24,17,45.3333,0.0,7.66667,44,15.2917,36.2221,65.7612,65.7612,75.4286,0
2018-10-24,18,43.0,0.0,7.66667,48,20.3225,45.1207,57.983,57.983,94.6909,0
2018-10-24,19,39.5,0.0,7.33333,48,26.7729,45.4357,49.4977,49.4977,120.253,0
2018-10-24,20,35.0,0.0,6.83333,48,29.7684,38.8814,41.0124,41.0124,155.4,0
2018-10-24,21,29.6667,0.0,6.33333,49,29.5602,32.0535,55.8617,55.8617,133.163,0
2018-10-24,22,25.0,0.0,5.66667,53,30.488,23.6413,45.255,45.255,183.138,0
2018-10-24,23,21.1667,0.0,5.0,56,27.9946,18.8991,38.1839,38.1839,225.886,0
2018-10-25,0,18.3333,0.0,4.33333,59,23.8555,14.4211,48.7906,48.7906,193.143,0
2018-10-25,1,16.3333,0.0,3.83333,62,24.8448,9.06211,44.5479,44.5479,209.647,0
2018-10-25,2,15.0,0.0,3.33333,63,23.2105,4.19351,42.4266,45.4614,226.8,0
2018-10-25,3,14.1667,0.0,2.83333,63,23.0986,3.76719,40.3053,46.1581,245.92,0
2018-10-25,4,13.3333,1.12,2.5,65,25.5809,3.92474,38.1839,46.638,273.28,0
2018-10-25,5,12.6667,2.24,2.5,72,25.8545,5.19719,45.9622,56.8006,240.0,0
2018-10-25,6,12.0,2.24,2.5,81,27.5074,5.80789,35.3555,57.194,268.029,0
2018-10-25,7,11.6667,2.24,2.66667,91,29.9976,8.97382,21.2465,54.4224,289.385,0
2018-10-25,8,11.6667,3.13,3.0,99,34.4678,11.8923,3.56873,50.8972,291.5,0
2018-10-25,9,12.0,4.02,3.66667,95,37.355,10.6914,-14.109,49.0031,271.745,0
2018-10-25,10,12.6667,3.64,4.33333,75,36.8841,9.07586,-31.7868,48.74,240.0,0
2018-10-25,11,13.5,2.52,5.16667,70,34.4855,8.53828,-27.5773,42.5773,255.2,0
2018-10-25,12,14.6667,2.52,6.16667,66,36.1603,7.27155,-19.092,50.092,223.385,0
2018-10-25,13,15.8333,2.52,7.16667,63,36.6629,6.73776,-9.89954,58.8995,187.971,0
2018-10-25,14,17.0,2.54,8.16667,62,31.3284,8.21627,0.0,53.0,212.625,0
2018-10-25,15,17.8333,2.56,8.83333,66,22.3,9.99983,14.1422,55.4776,191.133,0
2018-10-25,16,18.5,2.73,9.66667,70,22.6148,11.9636,27.5773,55.0313,188.779,0
2018-10-25,17,18.8333,3.64,10.1667,74,29.566,15.2917,41.0124,53.585,193.44,0
2018-10-25,18,18.8333,3.64,10.6667,82,32.816,20.3225,39.5982,51.7373,202.926,0
2018-10-25,19,18.5,3.64,10.8333,83,30.939,26.7729,38.891,50.8134,210.189,0
2018-10-25,20,18.0,2.73,10.8333,83,28.7181,29.7684,37.4768,48.9656,221.0,0
2018-10-25,21,17.6667,2.43,10.6667,83,27.3616,29.5602,36.7697,48.0418,228.8,0
2018-10-25,22,17.3333,1.52,10.3333,81,24.9816,30.488,36.0626,47.1179,232.941,0
2018-10-25,23,17.0,0.61,9.83333,78,24.191,27.9946,36.0626,47.1179,232.941,0
