data,timeofday,windspeed6,opady6,temp6,rhumid,index_avg,prev_index_avg,wind_dir_ns,wind_dir_ew,dispel50,is_weekend
2017-11-14,18,14.0,0.0,3.66667,79,59.45,59.84,-37.1176,38.7412,266.965,0
2017-11-14,19,13.0,0.0,3.5,80,61.9,60.22,-47.2803,42.9507,240.0,0
2017-11-15,1,15.8333,0.0,3.16667,75,39.06,24.32,-36.7697,36.7697,224.824,0
2017-11-15,2,16.3333,0.0,3.5,76,35.985,38.63,-36.0626,36.0626,240.505,0
2017-11-15,3,16.3333,0.0,3.66667,79,31.39,27.205,-42.1855,50.8447,193.768,0
2017-11-15,4,16.0,0.0,3.83333,81,33.955,28.39,-34.1079,50.3439,210.6,0
2017-11-15,5,15.3333,0.0,4.0,84,35.89,36.025,-28.5344,52.8884,218.625,0
2017-11-15,6,14.8333,0.0,4.0,87,42.045,46.275,-22.9608,55.4328,226.8,0
2017-11-15,7,14.1667,0.0,4.0,86,51.23,51.01,-21.8128,52.6612,239.4,0
2017-11-15,8,13.3333,0.0,4.16667,84,54.34,57.645,-21.0474,50.8134,264.0,0
2017-11-15,9,13.1667,0.0,4.33333,79,57.225,56.12,-15.3072,47.9552,302.08,0
2017-11-15,10,12.6667,0.0,4.5,81,53.175,56.77,-20.282,59.9656,248.88,0
2017-11-15,11,12.6667,0.0,4.83333,75,50.525,41.01,-14.5418,58.1074,259.2,0
2017-11-15,12,13.1667,0.0,5.33333,67,53.82,33.51,-10.715,48.8686,281.455,0
2017-11-15,13,13.5,0.0,6.0,68,58.555,45.78,-22.0288,49.1824,242.031,0
2017-11-15,14,13.8333,0.0,6.33333,72,57.805,54.885,-26.9535,47.0715,225.5,0
2017-11-15,15,13.1667,0.0,6.5,77,68.88,60.805,-36.1459,44.2639,237.12,0
2017-11-15,16,12.8333,0.0,6.66667,81,77.97,67.18,-33.8498,38.7206,297.6,0
2017-11-15,17,11.8333,0.23,6.66667,83,71.835,62.21,-37.6767,47.9594,275.4,0
2017-11-15,18,10.8333,0.23,6.5,86,75.925,59.45,-32.7269,43.0097,328.714,0
2017-11-16,1,8.33333,0.0,5.16667,83,51.53,39.06,-42.4266,42.4266,360.0,0
2017-11-16,2,7.83333,0.0,5.0,84,49.965,35.985,-40.3053,40.3053,360.0,0
2017-11-16,3,7.16667,0.0,5.0,83,46.805,31.39,-39.5982,39.5982,402.8,0
2017-11-16,4,6.83333,0.0,5.0,82,50.76,33.955,-35.1476,37.8536,463.6,0
2017-11-16,5,6.5,0.0,4.83333,81,51.68,35.89,-35.1476,43.8536,435.2,0
2017-11-16,6,5.5,0.0,4.5,84,53.695,42.045,-28.7836,44.4896,452.4,0
2017-11-16,7,4.66667,0.0,4.33333,84,55.91,51.23,-27.3694,46.3373,480.0,0
2017-11-16,8,4.33333,0.0,4.16667,84,53.86,54.34,-23.5602,41.4458,600.4,0
2017-11-16,9,4.66667,0.0,4.33333,78,56.76,57.225,-26.3887,38.6174,593.6,0
2017-11-16,10,5.33333,0.0,4.5,91,56.695,53.175,-20.0247,25.2534,615.6,0
2017-11-16,11,5.66667,0.0,5.0,89,56.945,50.525,-23.6066,23.4233,559.543,0
2017-11-16,12,7.0,0.0,5.66667,87,56.075,53.82,-5.41418,14.2309,546.96,0
2017-11-16,13,8.0,0.0,6.33333,87,55.9,58.555,-12.7396,-0.21532,528.0,0
2017-11-16,15,9.33333,0.0,7.33333,90,60.28,68.88,-7.86864,-10.0614,361.029,0
2017-11-16,16,9.16667,0.0,7.5,94,62.68,77.97,2.13136,-3.06144,349.92,0
2017-11-16,17,9.0,0.0,7.33333,97,66.925,71.835,3.05524,-3.44412,352.8,0
2017-11-16,18,9.0,0.0,7.16667,99,69.395,75.925,-13.3358,-0.38268,376.32,0
2017-11-17,1,8.5,0.0,3.83333,98,77.845,51.53,0.131361,-10.715,366.667,0
2017-11-17,2,8.16667,0.0,3.5,92,76.55,49.965,-2.86864,-10.715,409.867,0
2017-11-17,3,8.33333,0.0,3.33333,92,75.89,46.805,4.13136,-10.715,374.0,0
2017-11-17,4,8.33333,0.0,3.0,92,75.555,50.76,22.4463,-7.27092,360.0,0
2017-11-17,5,8.0,0.0,2.66667,100,77.795,51.68,21.4463,-7.27092,360.0,0
2017-11-17,6,8.16667,0.0,2.5,96,79.77,53.695,37.8373,-4.20948,385.745,0
2017-11-17,7,8.66667,0.0,2.5,99,79.45,55.91,39.6851,3.44412,374.85,0
2017-11-17,8,9.16667,0.0,2.5,100,79.18,53.86,22.241,11.759,377.143,0
2017-11-17,9,9.5,0.0,2.66667,99,67.85,56.76,6.00216,15.5858,363.0,0
2017-11-17,10,10.0,0.0,3.0,90,64.245,56.695,-12.4832,24.0712,313.65,0
2017-11-17,11,10.6667,0.0,3.5,85,67.915,56.945,-29.4832,35.0712,340.267,0
2017-11-17,12,11.3333,0.0,4.16667,80,64.915,56.075,-21.1682,44.627,288.0,0
2017-11-17,13,11.8333,0.0,4.83333,79,53.545,55.9,-17.7241,49.3121,250.92,0
2017-11-17,15,12.0,0.0,5.83333,79,67.77,60.28,7.0711,58.2388,260.945,0
2017-11-17,16,12.1667,0.0,6.0,84,72.31,62.68,16.2635,56.4312,259.2,0
2017-11-17,17,11.5,0.0,5.83333,88,79.305,66.925,24.7488,51.9165,269.077,0
2017-11-17,18,11.0,0.0,5.5,90,84.025,69.395,31.1128,45.2805,302.4,0
2017-11-18,1,6.83333,0.0,1.5,91,62.805,77.845,5.83974,48.2597,488.52,1
2017-11-18,2,6.83333,0.0,1.0,95,60.295,76.55,2.7783,55.6507,434.52,1
2017-11-18,3,7.16667,0.0,0.666667,94,57.96,75.89,-9.24257,51.3617,452.4,1
2017-11-18,4,7.33333,0.0,0.166667,95,54.875,75.555,-19.8492,48.9204,454.629,1
2017-11-18,5,7.66667,0.0,0.0,96,52.59,77.795,-24.799,46.8702,420.0,1
2017-11-18,6,7.83333,0.0,-0.166667,97,52.63,79.77,-26.9535,43.0715,425.829,1
2017-11-18,7,9.0,0.0,-0.166667,98,54.725,79.45,-30.6387,42.9683,405.45,1
2017-11-18,8,10.3333,1.52,0.0,98,61.835,79.18,-38.1839,38.1839,345.257,1
2017-11-18,9,12.3333,1.52,0.333333,93,60.75,67.85,-38.891,38.891,267.429,1
2017-11-18,10,13.8333,1.52,1.0,87,58.72,64.245,-41.0124,41.0124,190.4,1
2017-11-18,11,15.5,1.52,1.66667,80,57.205,67.915,-45.9622,45.9622,180.0,1
2017-11-18,12,17.6667,1.52,2.5,75,55.905,64.915,-42.3026,32.0198,217.579,1
2017-11-18,13,18.8333,1.52,3.5,74,56.08,53.545,-49.1928,27.0036,181.425,1
2017-11-18,14,19.6667,0.0,4.33333,73,53.325,44.52,-53.4355,31.2463,155.621,1
2017-11-18,15,19.5,0.0,4.83333,76,55.13,67.77,-50.024,38.1176,164.509,1
2017-11-18,16,19.6667,0.0,5.0,74,54.615,72.31,-42.4266,42.4266,189.382,1
2017-11-18,17,19.5,0.0,5.0,80,53.15,79.305,-38.891,38.891,214.5,1
2017-11-18,18,19.6667,0.48,4.83333,75,49.405,84.025,-37.4768,37.4768,221.0,1
2017-11-19,1,20.3333,1.19,2.5,87,26.945,62.805,-35.938,46.762,180.0,1
2017-11-19,2,19.5,1.19,2.33333,84,23.335,60.295,-28.3014,48.3258,200.34,1
2017-11-19,3,18.8333,0.48,2.16667,84,18.555,57.96,-21.0474,50.8134,214.5,1
2017-11-19,4,18.8333,0.48,2.0,84,16.105,54.875,-20.282,48.9656,216.847,1
2017-11-19,5,19.5,0.96,2.0,84,16.805,52.59,-21.4301,51.7373,198.4,1
2017-11-19,6,19.6667,0.96,2.0,82,16.195,52.63,-23.7262,57.2806,156.8,1
2017-11-19,7,20.5,0.96,2.0,81,19.295,54.725,-24.8742,60.0522,148.5,1
2017-11-19,8,21.5,0.96,2.0,81,25.295,61.835,-25.6396,61.9,156.75,1
2017-11-19,9,21.8333,0.96,2.0,80,37.6,60.75,-25.6396,61.9,141.943,1
2017-11-19,10,21.8333,0.96,2.16667,80,45.145,58.72,-25.2569,60.9761,152.727,1
2017-11-19,11,21.6667,1.45,2.33333,76,46.44,57.205,-24.4915,59.1283,174.0,1
2017-11-19,12,22.3333,1.45,2.66667,73,47.555,55.905,-24.1088,58.2044,160.74,1
2017-11-19,13,23.0,2.6,3.0,77,51.27,56.08,-34.133,57.4046,131.04,1
2017-11-19,14,23.3333,2.6,3.33333,79,50.465,53.325,-36.0626,36.0626,174.048,1
2017-11-19,15,24.1667,4.23,3.66667,82,52.21,55.13,-36.7697,36.7697,170.769,1
2017-11-19,16,24.6667,4.23,3.83333,78,50.61,54.615,-27.9519,41.4819,176.538,1
2017-11-19,17,24.1667,3.26,4.0,82,39.625,53.15,-44.2154,57.7454,129.6,1
2017-11-19,18,22.8333,3.26,4.0,81,29.23,49.405,-39.9727,53.5027,155.952,1
2017-11-20,1,25.6667,1.27,2.0,88,7.715,26.945,0.0,75.0,134.014,0
2017-11-20,2,27.6667,1.27,2.0,85,3.985,23.335,0.0,56.0,145.728,0
2017-11-20,3,28.6667,0.56,2.16667,85,1.95,18.555,0.0,64.0,124.49,0
2017-11-20,4,29.5,0.56,2.5,86,1.43,16.105,0.0,66.0,121.818,0
2017-11-20,5,30.6667,0.56,2.66667,86,1.91,16.805,0.0,66.0,121.818,0
2017-11-20,6,30.0,0.56,2.66667,87,5.39,16.195,20.5062,59.7925,139.418,0
2017-11-20,7,28.0,0.0,2.66667,87,22.545,19.295,35.3555,79.194,120.0,0
2017-11-20,8,25.8333,0.0,2.5,81,28.31,25.295,48.7906,63.7477,168.828,0
2017-11-20,9,23.6667,0.0,2.33333,79,38.025,37.6,42.4266,55.4328,184.743,0
2017-11-20,10,21.3333,0.48,2.16667,79,31.01,45.145,41.7195,54.5089,181.895,0
2017-11-20,11,20.1667,0.48,2.16667,73,42.75,46.44,41.7195,54.5089,186.66,0
2017-11-20,12,20.3333,0.48,2.5,66,38.655,47.555,27.5773,58.0313,173.46,0
2017-11-20,13,20.6667,0.48,2.83333,64,38.715,51.27,13.4351,61.5537,155.621,0
2017-11-20,14,20.5,0.48,3.16667,65,36.505,50.465,0.0,65.0,158.564,0
2017-11-20,15,19.8333,0.48,3.33333,70,50.565,52.21,0.0,62.0,176.727,0
2017-11-20,16,19.1667,0.48,3.5,74,60.37,50.61,0.0,56.0,211.714,0
2017-11-20,17,17.3333,0.48,3.5,81,70.365,39.625,0.0,71.0,180.0,0
2017-11-20,18,15.3333,0.48,3.16667,87,68.9,29.23,0.0,61.0,238.105,0
2017-11-21,1,9.0,0.0,0.333333,99,37.96,7.715,3.30255,55.706,337.08,0
2017-11-21,2,8.5,0.0,0.333333,95,33.29,3.985,3.30255,52.706,385.527,0
2017-11-21,3,8.0,0.0,0.5,95,31.345,1.95,3.30255,49.706,409.867,0
2017-11-21,4,7.33333,0.0,0.833333,95,30.87,1.43,3.30255,55.706,388.267,0
2017-11-21,5,6.5,0.0,1.16667,94,36.13,1.91,-5.35752,52.9343,443.52,0
2017-11-21,6,6.0,0.0,1.5,94,44.61,5.39,-6.88824,56.6298,449.28,0
2017-11-21,7,6.33333,0.0,1.83333,93,46.115,22.545,-10.4238,50.1654,515.2,0
2017-11-21,8,6.16667,0.0,2.0,90,50.72,28.31,-18.7387,37.7213,503.25,0
2017-11-21,9,6.5,0.0,2.0,85,54.24,38.025,-8.67727,30.3302,509.143,0
2017-11-21,10,6.83333,0.0,2.16667,86,56.96,31.01,-0.67727,23.3302,503.25,0
2017-11-21,11,7.83333,0.0,2.33333,82,56.18,42.75,7.32273,15.3302,477.0,0
2017-11-21,12,8.66667,0.0,2.66667,79,53.145,38.655,19.6188,3.78695,429.3,0
2017-11-21,13,8.83333,0.0,3.0,78,54.33,38.715,34.6851,-3.44412,395.2,0
2017-11-21,14,9.16667,0.0,3.33333,78,55.405,36.505,33.7612,-3.8268,361.029,0
2017-11-21,15,8.83333,0.0,3.66667,82,61.37,50.565,35.7612,-3.8268,341.85,0
2017-11-21,16,8.83333,0.0,3.66667,84,64.82,60.37,33.7612,-3.8268,371.25,0
2017-11-21,17,8.16667,0.0,3.66667,86,76.59,70.365,18.3702,-6.88824,389.88,0
2017-11-21,18,7.83333,0.0,3.5,88,73.865,68.9,24.3702,-6.88824,373.32,0
2017-11-22,1,8.83333,0.0,2.0,88,61.105,37.96,-37.4768,-37.4768,389.88,0
2017-11-22,2,9.16667,0.0,1.83333,89,59.41,33.29,-34.2325,-39.6445,380.8,0
2017-11-22,3,9.16667,0.0,1.83333,91,56.93,31.345,-32.078,-43.4432,363.0,0
2017-11-22,4,9.83333,1.12,1.83333,92,56.905,30.87,-32.078,-43.4432,341.85,0
2017-11-22,5,10.6667,2.24,2.0,92,57.705,36.13,-29.2496,-40.6148,333.45,0
2017-11-22,6,11.6667,2.24,2.16667,92,58.715,44.61,-32.7851,-44.1503,285.12,0
2017-11-22,7,12.1667,2.24,2.33333,91,59.425,46.115,-38.8579,-44.8111,250.364,0
2017-11-22,8,12.6667,2.24,2.5,92,57.2,50.72,-36.7697,-36.7697,276.0,0
2017-11-22,9,13.1667,3.36,2.83333,92,55.85,54.24,-38.1839,-38.1839,261.415,0
2017-11-22,10,12.6667,3.36,3.16667,92,54.695,56.96,-38.1839,-38.1839,267.429,0
2017-11-22,11,12.3333,2.24,3.66667,94,59.315,56.18,-44.5479,-44.5479,249.171,0
2017-11-22,12,11.8333,2.24,4.16667,93,60.95,53.145,-23.6484,-34.6484,269.077,0
2017-11-22,13,11.5,2.24,4.83333,91,67.455,54.33,-3.45596,-25.456,297.6,0
2017-11-22,14,10.6667,2.24,5.5,87,76.445,55.405,-3.7191,-19.7659,321.231,0
2017-11-22,15,10.3333,1.12,6.16667,87,69.16,61.37,14.4733,-10.5735,340.267,0
2017-11-22,16,10.8333,0.0,6.66667,90,67.015,64.82,31.8373,-4.20948,329.018,0
2017-11-22,17,10.6667,0.0,7.16667,89,62.955,76.59,9.75076,0.38268,317.127,0
2017-11-22,18,10.5,0.0,7.33333,93,63.63,73.865,-10.488,4.20948,329.018,0
2017-11-23,1,10.3333,0.0,6.16667,93,50.33,61.105,-17.8791,15.6899,300.0,0
2017-11-23,2,10.6667,0.0,5.83333,98,54.885,59.41,-10.488,12.6284,321.48,0
2017-11-23,3,10.6667,0.0,5.5,100,54.91,56.93,-30.6507,16.8379,309.12,0
2017-11-23,4,10.6667,0.0,5.33333,100,54.725,56.905,-30.6507,16.8379,309.12,0
2017-11-23,5,10.5,0.0,5.16667,100,55.54,57.705,-11.4119,13.0111,317.127,0
2017-11-23,6,10.3333,0.0,4.66667,94,58.11,58.715,7.75076,8.80164,348.0,0
2017-11-23,7,10.0,0.0,4.5,94,60.32,59.425,17.7508,8.80164,300.0,0
2017-11-23,8,9.83333,0.0,4.33333,95,64.725,57.2,38.8373,4.20948,311.564,0
2017-11-23,9,10.1667,0.0,4.33333,89,71.56,55.85,39.7612,3.8268,312.12,0
2017-11-23,10,10.5,0.0,4.5,79,67.0,54.695,31.7612,3.8268,340.267,0
2017-11-23,11,11.3333,0.0,5.0,71,56.725,59.315,34.7612,3.8268,309.12,0
2017-11-23,12,12.0,0.0,6.0,63,54.14,60.95,38.7612,3.8268,262.08,0
2017-11-23,13,12.8333,0.0,7.0,58,52.485,67.455,52.0,0.0,276.0,0
2017-11-23,14,13.6667,0.0,8.16667,56,54.79,76.445,55.0,0.0,245.1,0
2017-11-23,15,13.5,0.0,9.0,63,62.045,69.16,58.0,0.0,230.4,0
2017-11-23,16,13.3333,0.0,9.83333,64,60.805,67.015,55.0,0.0,257.914,0
2017-11-23,17,12.8333,0.0,10.1667,79,60.63,62.955,52.0,0.0,292.32,0
2017-11-23,18,12.3333,0.0,10.1667,74,64.43,63.63,63.0,0.0,257.92,0
2017-11-24,1,13.1667,0.0,7.33333,77,50.26,50.33,-20.0313,14.9245,269.925,0
2017-11-24,2,12.8333,0.0,6.83333,86,50.725,54.885,-30.194,19.134,240.0,0
2017-11-24,3,11.8333,0.0,6.5,86,51.37,54.91,-56.3567,23.3435,259.2,0
2017-11-24,4,11.3333,0.0,6.33333,86,51.07,54.725,-53.585,22.1954,297.6,0
2017-11-24,5,10.3333,0.0,6.16667,88,52.58,55.54,-49.8895,20.6647,324.8,0
2017-11-24,6,9.83333,0.0,5.83333,89,54.565,58.11,-57.2806,23.7262,300.0,0
2017-11-24,7,9.5,0.0,5.66667,89,56.1,60.32,-54.5089,22.5781,323.345,0
2017-11-24,8,9.16667,0.0,5.66667,87,58.88,64.725,-52.6612,21.8128,347.564,0
2017-11-24,9,9.16667,0.0,5.83333,81,59.025,71.56,-50.8134,21.0474,363.0,0
2017-11-24,10,9.66667,0.0,6.16667,73,52.145,67.0,-50.8134,21.0474,363.0,0
2017-11-24,11,10.6667,0.0,6.66667,68,48.52,56.725,-28.5746,17.2206,300.0,0
2017-11-24,12,12.0,0.0,7.5,63,47.015,54.14,1.13136,10.715,288.0,0
2017-11-24,13,13.6667,0.0,8.5,61,45.12,52.485,34.7612,3.8268,241.92,0
2017-11-24,14,15.8333,0.0,9.5,60,50.08,54.79,63.0,0.0,180.0,0
2017-11-24,15,17.3333,0.0,10.3333,65,50.95,62.045,58.0,0.0,179.082,0
2017-11-24,16,17.6667,0.0,10.8333,71,54.505,60.805,60.0,0.0,175.137,0
2017-11-24,17,17.8333,0.0,11.1667,75,56.27,60.63,56.0,0.0,216.0,0
2017-11-24,18,17.5,0.0,11.1667,72,56.45,64.43,42.1418,5.7402,186.382,0
2017-11-25,1,12.0,0.0,9.0,91,33.435,50.26,-39.8626,27.9562,312.141,1
2017-11-25,2,10.8333,0.0,8.66667,96,27.46,50.725,-41.776,32.5756,340.165,1
2017-11-25,3,9.33333,0.0,8.16667,95,24.795,51.37,-45.2201,40.8905,319.341,1
2017-11-25,4,8.83333,0.0,7.83333,94,21.88,51.07,-29.5142,42.385,387.771,1
2017-11-25,5,8.0,0.0,7.33333,99,27.36,52.58,-8.80164,47.1901,398.618,1
2017-11-25,6,7.33333,0.0,7.0,94,31.7,54.565,-4.55898,52.7334,385.745,1
2017-11-25,7,8.16667,0.0,6.66667,93,34.045,56.1,1.30583,49.5746,448.0,1
2017-11-25,8,8.16667,0.0,6.33333,94,43.18,58.88,-4.48885,37.4329,379.44,1
2017-11-25,9,8.83333,0.0,6.33333,93,50.06,59.025,3.78854,39.1775,374.0,1
2017-11-25,10,8.66667,0.0,6.33333,88,55.4,52.145,11.8248,11.776,398.618,1
2017-11-25,11,9.83333,0.0,6.66667,84,57.61,48.52,-5.19219,-2.21349,367.2,1
2017-11-25,12,11.5,0.0,7.0,81,56.3,47.015,-16.7139,-21.5686,309.12,1
2017-11-25,13,12.5,0.0,7.5,79,55.13,45.12,-13.2153,-31.6,240.0,1
2017-11-25,14,13.1667,1.37,8.0,79,59.195,50.08,-35.4852,-38.1912,241.92,1
2017-11-25,15,13.0,1.37,8.16667,82,63.12,50.95,-31.2212,-46.3748,232.615,1
2017-11-25,16,12.5,1.37,8.16667,84,63.455,54.505,-17.8193,-47.3451,264.0,1
2017-11-26,1,22.6667,2.24,4.33333,81,10.115,33.435,-9.18432,69.1731,135.15,1
2017-11-26,2,22.6667,1.12,3.66667,80,22.4,27.46,0.0,70.0,140.4,1
2017-11-26,3,21.6667,1.12,3.0,80,21.905,24.795,14.1422,64.4776,157.617,1
2017-11-26,4,20.0,1.12,2.5,80,19.79,21.88,25.456,56.2597,200.348,1
2017-11-26,5,17.8333,1.12,2.0,79,21.55,27.36,25.456,70.2597,180.0,1
2017-11-26,6,16.5,0.0,1.66667,79,25.31,31.7,25.456,58.2597,244.26,1
2017-11-26,7,15.5,0.0,1.5,77,29.375,34.045,11.3138,54.7821,261.0,1
2017-11-26,8,14.8333,0.0,1.33333,76,34.435,43.18,0.0,57.0,239.4,1
2017-11-26,9,14.5,0.0,1.16667,75,42.04,50.06,0.0,59.0,198.545,1
2017-11-26,10,14.6667,0.0,1.16667,74,46.485,55.4,0.0,62.0,203.52,1
2017-11-26,11,16.0,0.0,1.5,66,51.325,57.61,0.0,62.0,217.412,1
2017-11-26,12,16.6667,0.0,2.0,60,47.24,56.3,-7.27092,62.5537,195.0,1
2017-11-26,13,17.1667,0.0,2.5,57,45.235,55.13,-14.5418,50.1074,208.32,1
2017-11-26,14,17.5,0.0,3.0,61,50.3,59.195,-22.1954,53.585,188.779,1
2017-11-26,15,17.5,0.0,3.33333,68,53.525,63.12,-21.8128,52.6612,195.789,1
2017-11-26,16,17.3333,0.0,3.33333,72,62.295,63.455,-19.8994,48.0418,236.64,1
2017-11-27,1,13.6667,0.0,1.33333,71,40.055,10.115,-39.5982,39.5982,248.571,0
2017-11-27,2,13.5,0.0,1.16667,82,36.585,22.4,-38.891,38.891,257.914,0
2017-11-27,3,13.3333,0.0,1.0,81,33.87,21.905,-37.4768,37.4768,277.114,0
2017-11-27,4,13.3333,0.0,1.16667,80,29.315,19.79,-36.7697,36.7697,286.971,0
2017-11-27,5,13.3333,0.0,1.33333,80,29.54,21.55,-36.7697,36.7697,281.538,0
2017-11-27,6,13.3333,0.0,1.5,79,28.705,25.31,-37.4768,37.4768,265.5,0
2017-11-27,7,13.6667,0.0,1.66667,78,41.005,29.375,-38.891,38.891,251.631,0
2017-11-27,8,14.3333,0.0,1.83333,78,44.79,34.435,-35.4388,43.5568,239.4,0
2017-11-27,9,15.0,0.0,2.0,76,51.125,42.04,-36.853,44.971,221.571,0
2017-11-27,10,15.1667,0.0,2.16667,78,57.95,46.485,-38.9744,47.0924,196.114,0
2017-11-27,11,15.6667,0.0,2.5,72,51.06,51.325,-34.815,51.051,195.52,0
2017-11-27,12,16.1667,0.0,2.83333,68,42.85,47.24,-35.5804,52.8988,187.425,0
2017-11-27,13,16.5,0.0,3.16667,65,45.73,45.235,-36.2875,53.6059,187.2,0
2017-11-27,14,16.6667,0.0,3.5,65,50.62,50.3,-30.5473,39.7477,232.941,0
2017-11-27,15,16.5,0.0,3.83333,65,49.04,53.525,-36.0626,36.0626,232.941,0
2017-11-27,16,16.3333,0.0,3.83333,71,58.8,62.295,-50.8447,42.1855,180.0,0
2017-11-27,17,15.8333,0.0,3.66667,73,57.75,63.23,-51.7581,35.5221,202.024,0
2017-11-28,1,20.8333,0.0,1.83333,73,35.535,40.055,67.0,0.0,136.74,0
2017-11-28,2,21.5,0.0,2.0,79,32.965,36.585,68.0,0.0,146.348,0
2017-11-28,3,21.5,0.0,2.16667,77,31.22,33.87,67.0,0.0,156.75,0
2017-11-28,4,21.3333,0.0,2.5,75,27.375,29.315,62.0,0.0,171.943,0
2017-11-28,5,20.8333,0.0,2.83333,74,26.655,29.54,60.0,0.0,189.382,0
2017-11-28,6,20.1667,0.0,3.16667,73,31.285,28.705,58.0,0.0,188.779,0
2017-11-28,7,19.6667,0.0,3.5,72,32.515,41.005,59.0,0.0,181.895,0
2017-11-28,8,19.1667,0.0,3.66667,72,34.855,44.79,23.3702,6.88824,193.44,0
2017-11-28,9,19.1667,0.0,3.83333,71,43.785,51.125,22.3702,6.88824,200.34,0
2017-11-28,10,18.6667,0.0,4.0,71,46.535,57.95,21.3702,6.88824,198.4,0
2017-11-28,11,18.3333,0.0,4.0,70,44.885,51.06,23.2179,6.12288,217.579,0
2017-11-28,12,18.1667,0.0,4.0,71,46.8,42.85,22.2179,6.12288,225.095,0
2017-11-28,13,18.0,0.0,4.0,72,52.36,45.73,22.2179,6.12288,212.625,0
2017-11-28,14,17.1667,0.0,4.16667,73,45.02,50.62,54.0,0.0,213.333,0
2017-11-28,15,16.3333,0.0,4.33333,73,50.47,49.04,68.0,0.0,180.0,0
2017-11-28,16,15.8333,0.0,4.16667,85,53.65,58.8,64.0,0.0,215.368,0
2017-11-28,17,15.0,0.0,4.0,84,53.275,57.75,32.9896,4.97484,249.882,0
2017-11-29,1,9.5,0.0,2.33333,89,55.795,35.535,-31.4985,17.6033,325.867,0
2017-11-29,2,9.5,0.0,2.0,92,57.25,32.965,-31.4985,17.6033,325.867,0
2017-11-29,3,8.83333,0.0,1.66667,90,57.445,31.22,-14.1836,14.1592,347.564,0
2017-11-29,4,8.66667,0.0,1.5,88,58.135,27.375,-18.1836,14.1592,380.8,0
2017-11-29,5,8.16667,0.0,1.33333,91,58.83,26.655,-1.86864,10.715,395.2,0
2017-11-29,6,7.66667,0.0,1.16667,91,60.89,31.285,4.13136,10.715,374.0,0
2017-11-29,7,7.16667,0.0,1.0,94,64.055,32.515,19.4463,7.27092,414.72,0
2017-11-29,8,7.0,0.0,1.0,97,64.09,34.855,34.6851,3.44412,463.6,0
2017-11-29,9,7.0,0.0,1.16667,96,66.29,43.785,51.0,0.0,479.467,0
2017-11-29,10,6.83333,0.0,1.5,91,68.875,46.535,58.0,0.0,435.2,0
2017-11-29,11,7.0,0.0,2.0,84,67.57,44.885,42.5328,2.67876,437.143,0
2017-11-29,12,6.83333,0.0,2.66667,79,64.955,46.8,42.5328,2.67876,452.4,0
2017-11-29,13,7.0,0.0,3.33333,77,62.98,52.36,40.5328,2.67876,457.6,0
2017-11-29,14,6.66667,0.0,3.83333,78,66.765,45.02,41.5328,2.67876,454.629,0
2017-11-29,15,6.33333,0.0,4.0,83,75.33,50.47,28.9896,4.97484,457.6,0
2017-11-29,16,6.0,0.0,4.0,85,84.56,53.65,18.3702,6.88824,503.25,0
2017-11-29,17,5.66667,0.0,3.83333,86,87.07,53.275,14.8346,10.4238,480.0,0
2017-11-30,1,3.33333,0.0,0.666667,92,73.05,55.795,-5.63255,10.0411,715.0,0
2017-11-30,2,2.83333,0.0,0.333333,91,72.6,57.25,-4.92544,9.334,756.0,0
2017-11-30,3,3.16667,0.0,0.0,94,72.605,57.445,-4.92544,6.334,744.6,0
2017-11-30,4,3.66667,0.0,0.0,92,71.69,58.135,0.61784,-1.96208,720.0,0
2017-11-30,5,4.16667,0.0,0.166667,92,74.17,58.83,5.71135,-14.8021,711.36,0
2017-11-30,7,5.66667,0.0,0.666667,92,69.28,64.055,4.71343,-26.8781,711.36,0
2018-10-01,0,9.5,0.0,8.5,69,54.25,43.43,60.0,0.0,322.4,0
2018-10-01,1,9.0,0.0,7.66667,72,54.73,51.34,57.0,0.0,347.564,0
2018-10-01,2,8.66667,0.0,7.16667,76,54.85,47.48,54.0,0.0,376.32,0
2018-10-01,3,8.5,0.0,6.5,80,55.58,46.85,36.609,3.06144,395.2,0
2018-10-01,4,8.33333,0.0,6.0,84,54.65,45.78,20.2179,6.12288,409.867,0
2018-10-01,5,8.0,0.0,5.5,86,56.24,43.19,12.8269,9.18432,360.0,0
2018-10-01,6,7.66667,0.0,4.83333,89,63.46,45.24,-2.64028,11.8631,388.267,0
2018-10-01,7,7.5,0.23,4.5,94,60.09,54.49,-18.1074,14.5418,417.6,0
2018-10-01,8,7.33333,0.23,4.33333,93,60.29,51.85,-33.5746,17.2206,437.25,0
2018-10-01,9,7.16667,0.23,4.83333,82,55.81,40.73,-48.0418,19.8994,453.6,0
2018-10-01,10,7.0,0.23,5.66667,71,47.06,34.19,-47.1179,19.5167,470.25,0
2018-10-01,11,7.33333,0.23,7.0,60,31.9,18.14,-52.0676,24.4664,420.0,0
2018-10-01,12,7.83333,0.23,8.83333,53,23.51,10.05,-43.6496,24.7076,460.8,0
2018-10-01,13,8.33333,0.0,10.6667,48,19.37,7.96,-41.0092,31.2676,408.857,0
2018-10-01,14,9.0,0.0,12.5,46,15.02,8.26,-38.3688,37.8276,360.0,0
2018-10-01,15,9.66667,0.0,13.8333,44,23.07,7.83,-29.644,42.6328,345.257,0
2018-10-01,16,10.5,0.23,14.8333,43,19.51,9.14,-18.2271,46.0043,340.267,0
2018-10-01,17,11.0,0.23,15.3333,46,30.29,9.59,-11.8631,51.6403,309.12,0
2018-10-01,18,11.3333,0.23,15.3333,49,34.25,18.14,-8.03628,54.4015,285.12,0
2018-10-01,19,11.3333,0.23,14.8333,55,40.32,43.1,-4.20948,57.1627,271.745,0
2018-10-01,20,11.0,0.23,14.1667,62,39.03,59.3,0.0,57.0,282.764,0
2018-10-01,21,11.0,0.23,13.3333,69,34.18,54.91,-3.44412,54.3149,313.5,0
2018-10-01,22,11.1667,0.0,12.3333,74,40.73,50.58,-3.44412,53.3149,324.8,0
2018-10-01,23,11.5,0.0,11.5,78,36.73,51.88,-3.44412,54.3149,313.5,0
2018-10-02,0,11.8333,0.0,10.6667,83,24.2,54.25,6.45542,55.2492,273.48,0
2018-10-02,1,12.5,0.0,10.1667,87,19.6,54.73,19.7991,49.8686,270.327,0
2018-10-02,2,13.5,0.0,9.66667,90,11.99,54.85,29.6986,51.803,251.631,0
2018-10-02,3,14.1667,0.0,9.16667,93,7.24,55.58,40.3053,52.6612,239.4,0
2018-10-02,4,14.5,0.0,8.66667,93,8.85,54.65,41.0124,53.585,230.4,0
2018-10-02,5,14.8333,0.0,8.16667,92,10.1,56.24,41.7195,54.5089,221.571,0
2018-10-02,6,15.3333,0.0,7.66667,94,19.56,63.46,31.82,57.5746,211.68,0
2018-10-02,7,16.0,0.0,7.16667,100,23.83,60.09,21.2133,60.7164,195.52,0
2018-10-02,8,16.5,0.0,6.83333,99,19.49,60.29,0.0,51.0,229.125,0
2018-10-02,9,17.1667,0.0,6.83333,88,11.77,55.81,0.0,53.0,216.847,0
2018-10-02,10,17.5,0.0,7.0,77,16.73,47.06,0.0,55.0,205.8,0
2018-10-02,11,18.0,0.0,7.33333,68,11.8,31.9,0.0,54.0,213.333,0
2018-10-02,12,18.5,0.0,8.0,58,7.0,23.51,0.0,55.0,210.189,0
2018-10-02,13,19.1667,0.0,8.83333,51,5.87,19.37,-7.6536,54.4776,193.765,0
2018-10-02,14,20.0,0.0,9.66667,46,7.27,15.02,-16.0726,57.803,168.505,0
2018-10-02,15,20.8333,0.0,10.3333,44,8.97,23.07,-24.8742,60.0522,148.5,0
2018-10-02,16,22.3333,0.0,11.0,45,14.21,19.51,-26.4049,63.7477,135.873,0
2018-10-02,17,23.6667,0.0,11.3333,45,18.88,30.29,-27.9356,67.4432,120.0,0
2018-10-02,18,25.0,0.0,11.3333,45,22.39,34.25,-20.282,48.9656,165.092,0
2018-10-02,19,25.8333,0.0,11.0,47,22.24,40.32,-21.0474,50.8134,156.8,0
2018-10-02,20,26.5,0.0,10.5,53,16.53,39.03,-29.807,44.9606,159.557,0
2018-10-02,21,27.0,0.79,10.0,60,17.14,34.18,-38.1839,38.1839,162.222,0
2018-10-02,22,27.0,0.79,9.5,69,19.98,40.73,-29.4243,44.0367,162.222,0
2018-10-02,23,26.8333,0.79,9.16667,76,18.59,36.73,-20.282,48.9656,167.733,0
2018-10-03,0,26.3333,0.79,9.0,78,18.58,24.2,-19.8994,48.0418,170.769,0
2018-10-03,1,25.8333,0.79,8.83333,79,18.71,19.6,-19.5167,47.1179,176.538,0
2018-10-03,2,25.1667,0.79,8.66667,78,16.0,11.99,-19.5167,71.1179,124.754,0
2018-10-03,3,24.6667,0.0,8.66667,80,7.65,7.24,-9.567,70.097,134.832,0
2018-10-03,4,24.5,0.56,8.5,80,6.69,8.85,0.0,71.0,135.15,0
2018-10-03,5,24.5,0.56,8.33333,79,4.77,10.1,0.0,72.0,125.061,0
2018-10-03,6,25.0,0.56,8.16667,80,3.02,19.56,0.0,51.0,174.048,0
2018-10-03,7,25.8333,0.56,8.16667,77,5.14,23.83,0.0,54.0,159.508,0
2018-10-03,8,27.1667,0.56,8.33333,73,4.08,19.49,0.0,57.0,149.1,0
2018-10-03,9,28.5,0.56,8.33333,73,5.77,11.77,0.0,60.0,137.048,0
2018-10-03,10,29.5,0.0,8.5,77,11.24,16.73,0.0,63.0,128.981,0
2018-10-03,11,30.5,0.0,8.66667,74,10.53,11.8,0.0,63.0,131.962,0
2018-10-03,12,31.3333,0.0,9.0,70,9.8,7.0,0.0,63.0,128.981,0
2018-10-03,13,32.0,0.76,9.66667,71,8.81,5.87,0.0,65.0,123.113,0
2018-10-03,14,32.3333,0.76,10.1667,65,5.18,7.27,23.3346,63.488,121.818,0
2018-10-03,15,32.3333,0.76,10.6667,64,5.42,8.97,46.6693,60.9761,121.818,0
2018-10-03,16,32.1667,0.76,11.0,64,7.2,14.21,45.9622,60.0522,126.109,0
2018-10-03,17,31.5,0.76,11.3333,57,13.6,18.88,43.8408,57.2806,136.5,0
2018-10-03,18,30.0,0.76,11.3333,58,19.63,22.39,41.0124,53.585,149.76,0
2018-10-03,19,27.6667,0.0,10.8333,59,18.91,22.24,36.7697,48.0418,175.886,0
2018-10-03,20,25.0,0.0,10.3333,59,30.15,16.53,50.2048,65.5955,153.9,0
2018-10-03,21,22.3333,0.0,9.66667,59,19.83,17.14,42.4266,55.4328,198.4,0
2018-10-03,22,20.0,0.0,9.16667,58,15.93,19.98,36.7697,48.0418,232.737,0
2018-10-03,23,18.0,0.0,8.66667,59,11.42,18.59,48.0835,62.8238,186.821,0
2018-10-04,0,16.6667,0.0,8.33333,60,7.26,18.58,34.6484,61.2701,194.541,0
2018-10-04,1,16.1667,0.0,8.0,61,6.67,18.71,22.6275,61.5642,195.0,0
2018-10-04,2,16.0,0.0,7.66667,65,4.75,16.0,11.3138,62.7821,195.0,0
2018-10-04,3,16.0,0.0,7.5,66,5.89,7.65,0.0,64.0,195.0,0
2018-10-04,4,16.0,0.0,7.33333,69,5.69,6.69,0.0,64.0,195.0,0
2018-10-04,5,16.0,0.0,7.0,71,4.29,4.77,0.0,64.0,195.0,0
2018-10-04,6,16.0,0.0,6.66667,76,4.43,3.02,0.0,64.0,195.0,0
2018-10-04,7,16.0,0.0,6.5,79,11.99,5.14,0.0,64.0,195.0,0
2018-10-04,8,16.0,0.0,6.5,80,10.78,4.08,0.0,64.0,195.0,0
2018-10-04,9,16.0,0.0,6.66667,74,15.9,5.77,0.0,64.0,195.0,0
2018-10-04,10,16.1667,0.0,7.0,67,14.76,11.24,0.0,64.0,195.0,0
2018-10-04,11,16.5,0.0,7.66667,60,8.99,10.53,12.0209,63.706,187.425,0
2018-10-04,12,16.8333,0.0,8.5,55,4.71,9.8,24.7488,48.3358,229.125,0
2018-10-04,13,17.1667,0.0,9.66667,56,5.48,8.81,37.4768,48.9656,216.847,0
2018-10-04,14,17.5,0.0,10.6667,55,9.14,5.18,25.456,51.2597,213.333,0
2018-10-04,15,17.6667,0.0,11.5,54,9.12,5.42,12.728,52.6298,213.333,0
2018-10-04,16,17.5,0.0,12.1667,55,7.69,7.2,0.0,53.0,221.0,0
2018-10-04,17,17.0,0.0,12.5,55,11.56,13.6,0.0,51.0,236.733,0
2018-10-04,18,16.0,0.0,12.6667,59,24.47,19.63,0.0,66.0,194.133,0
2018-10-04,19,14.6667,0.0,12.3333,64,43.72,18.91,0.0,60.0,233.365,0
2018-10-04,20,13.1667,0.0,11.8333,68,35.36,30.15,-3.8268,52.2388,288.225,0
2018-10-04,21,11.8333,0.0,11.3333,74,38.39,19.83,-10.1908,58.6028,275.4,0
2018-10-04,22,10.6667,0.0,10.8333,76,29.19,15.93,-16.5548,48.9668,336.0,0
2018-10-04,23,9.83333,0.0,10.5,79,24.76,11.42,-22.9188,55.3308,310.08,0
2018-10-05,0,9.5,0.0,10.0,82,23.45,7.26,-29.9899,47.4019,333.9,0
2018-10-05,1,9.33333,0.0,9.66667,85,23.86,6.67,-37.061,42.473,337.08,0
2018-10-05,2,9.33333,0.0,9.33333,87,23.81,4.75,-39.5982,39.5982,339.2,0
2018-10-05,3,9.5,0.0,9.0,85,27.36,5.89,-39.5982,39.5982,339.2,0
2018-10-05,4,9.66667,0.0,8.5,86,28.73,5.69,-40.3053,40.3053,325.867,0
2018-10-05,5,9.66667,0.0,7.83333,89,26.19,4.29,-41.0124,41.0124,324.48,0
2018-10-05,6,9.66667,0.0,7.5,89,27.44,4.43,-41.0124,41.0124,324.48,0
2018-10-05,7,9.83333,0.0,7.16667,92,30.53,11.99,-41.0124,41.0124,312.8,0
2018-10-05,8,10.0,0.0,7.16667,88,37.29,10.78,-43.8872,38.4752,300.0,0
2018-10-05,9,10.1667,0.0,7.5,77,34.7,15.9,-46.762,35.938,300.0,0
2018-10-05,10,10.3333,0.0,8.33333,67,28.17,14.76,-42.7825,26.0053,346.92,0
2018-10-05,11,10.8333,0.0,9.66667,58,27.01,8.99,-45.8741,23.1437,334.08,0
2018-10-05,12,11.3333,0.0,11.0,51,16.37,4.71,-50.8134,21.0474,297.0,0
2018-10-05,13,11.8333,0.0,12.6667,46,15.43,5.48,-53.585,22.1954,262.08,0
2018-10-05,14,12.3333,0.0,14.3333,45,10.91,9.14,-56.3567,23.3435,240.0,0
2018-10-05,15,12.5,0.0,15.6667,44,12.51,9.12,-48.0418,19.8994,281.538,0
2018-10-05,16,12.5,0.0,16.5,45,12.33,7.69,-47.1179,19.5167,291.877,0
2018-10-05,17,12.1667,0.0,16.8333,52,15.15,11.56,-57.2806,23.7262,249.508,0
2018-10-05,18,11.8333,0.0,16.8333,61,22.3,24.47,-34.2701,18.7513,269.077,0
2018-10-05,19,11.3333,0.0,16.1667,70,43.7,43.72,-11.2597,13.7765,289.385,0
2018-10-05,20,10.8333,0.0,15.1667,80,42.39,35.36,-8.48804,4.97484,313.5,0
2018-10-05,21,10.5,0.0,14.0,82,50.09,38.39,-6.64028,-3.44412,329.018,0
2018-10-05,22,10.3333,0.0,13.0,82,45.9,29.19,-5.7164,-11.4804,341.127,0
2018-10-05,23,10.3333,0.0,12.0,81,44.22,24.76,-6.7164,-11.4804,353.455,0
2018-10-06,0,10.3333,0.0,11.1667,82,46.57,23.45,-6.7164,-11.4804,346.92,1
2018-10-06,1,10.5,0.0,10.5,83,49.0,23.86,13.5224,-7.6536,334.08,1
2018-10-06,2,10.8333,0.0,10.0,85,48.94,23.81,33.7612,-3.8268,321.48,1
2018-10-06,3,11.1667,0.0,9.66667,85,48.26,27.36,55.0,0.0,297.0,1
2018-10-06,4,11.3333,0.0,9.16667,86,45.46,28.73,57.0,0.0,282.764,1
2018-10-06,5,11.3333,0.0,8.83333,87,44.55,26.19,57.0,0.0,282.764,1
2018-10-06,6,11.3333,0.0,8.33333,89,46.76,27.44,57.0,0.0,282.764,1
2018-10-06,7,11.3333,0.0,8.16667,92,46.23,30.53,57.0,0.0,291.5,1
2018-10-06,8,11.1667,0.0,8.16667,89,43.63,37.29,56.0,0.0,302.4,1
2018-10-06,9,11.1667,0.0,8.5,79,39.58,34.7,55.0,0.0,305.455,1
2018-10-06,10,11.6667,0.0,9.33333,67,34.13,28.17,56.0,0.0,294.0,1
2018-10-06,11,12.3333,0.0,10.3333,58,30.6,27.01,59.0,0.0,260.945,1
2018-10-06,12,13.1667,0.0,11.8333,51,28.45,16.37,23.1418,5.7402,270.327,1
2018-10-06,13,14.0,0.0,13.5,47,28.43,15.43,-2.64028,11.8631,225.5,1
2018-10-06,14,14.6667,0.0,15.1667,46,26.66,10.91,-29.4224,17.986,204.429,1
2018-10-06,15,15.0,0.0,16.5,46,26.6,12.51,-57.2806,23.7262,203.52,1
2018-10-06,16,14.8333,0.0,17.5,46,27.21,12.33,-56.3567,23.3435,218.625,1
2018-10-06,17,14.3333,0.0,18.1667,51,30.26,15.15,-53.585,22.1954,243.6,1
2018-10-06,18,13.5,0.0,18.3333,57,41.0,22.3,-49.8895,20.6647,273.28,1
2018-10-06,19,12.6667,0.0,17.8333,65,55.81,43.7,-60.0522,24.8742,240.0,1
2018-10-06,20,11.8333,0.0,17.0,71,69.02,42.39,-35.194,19.134,268.029,1
2018-10-06,21,11.1667,0.0,16.0,74,58.28,50.09,-12.2597,13.7765,299.815,1
2018-10-06,22,10.5,0.0,14.8333,78,54.42,45.9,-9.48804,12.6284,324.8,1
2018-10-06,23,10.0,0.0,13.8333,80,54.91,44.22,-6.7164,11.4804,353.455,1
2018-10-07,0,9.66667,0.0,13.0,81,54.63,46.57,-13.0804,17.8444,311.564,1
2018-10-07,1,9.33333,0.0,12.5,81,52.31,49.0,-11.2326,17.079,335.345,1
2018-10-07,2,9.0,0.0,12.1667,82,51.54,48.94,-30.5475,20.5231,349.92,1
2018-10-07,3,8.66667,0.0,11.8333,82,54.16,48.26,-47.9386,23.5846,376.32,1
2018-10-07,4,8.5,0.0,11.5,92,54.92,45.46,-46.0908,22.8192,395.2,1
2018-10-07,5,8.33333,0.0,11.3333,91,55.21,44.55,-45.167,22.4366,409.867,1
2018-10-07,6,8.16667,0.0,11.1667,96,56.07,46.76,-52.558,25.498,360.0,1
2018-10-07,7,8.0,0.0,11.1667,100,57.64,46.23,-53.585,22.1954,374.0,1
2018-10-07,8,8.0,0.0,11.1667,100,56.64,43.63,-52.6612,21.8128,388.267,1
2018-10-07,9,8.16667,0.0,11.6667,90,53.7,39.58,-51.7373,21.4301,390.0,1
2018-10-07,10,8.66667,0.0,12.5,65,51.3,34.13,-50.7102,24.7326,374.85,1
2018-10-07,11,9.33333,0.0,13.5,58,44.86,30.6,-43.7064,26.388,386.4,1
2018-10-07,12,10.3333,0.0,14.6667,52,34.37,28.45,-40.9075,34.4131,327.6,1
2018-10-07,13,11.6667,0.0,15.8333,51,28.37,28.43,-26.1254,42.2902,291.6,1
2018-10-07,14,13.1667,0.0,17.1667,52,31.86,26.66,-12.3704,48.8648,259.418,1
2018-10-07,15,14.8333,0.0,18.0,52,16.14,26.6,7.42871,56.7925,206.7,1
2018-10-07,16,16.5,0.0,18.3333,54,5.58,27.21,25.456,45.141,220.8,1
2018-10-07,17,18.0,0.0,17.5,54,9.32,30.26,40.3053,43.9904,186.353,1
2018-10-07,18,19.0,0.0,16.5,53,12.52,41.0,43.1337,43.1337,168.505,1
2018-10-07,19,19.3333,0.0,15.1667,52,16.17,55.81,48.1762,37.3522,171.943,1
2018-10-07,20,19.1667,0.0,13.5,55,16.63,69.02,49.9567,29.3911,191.314,1
2018-10-07,21,18.5,0.0,11.8333,57,15.57,58.28,49.8895,20.6647,221.76,1
2018-10-07,22,17.3333,0.0,10.5,59,10.85,54.42,64.8895,20.6647,186.66,1
2018-10-07,23,15.8333,0.0,9.83333,61,12.46,54.91,60.4119,13.0111,216.333,1
2018-10-08,0,14.3333,0.0,9.16667,64,3.87,54.63,35.2968,-2.36244,252.225,0
2018-10-08,1,13.0,0.0,8.5,66,3.04,52.31,16.3052,-18.648,292.32,0
2018-10-08,2,11.8333,0.0,7.83333,67,3.61,51.54,26.3052,-18.648,267.12,0
2018-10-08,3,10.6667,0.0,7.16667,71,3.68,54.16,20.3052,-18.648,318.171,0
2018-10-08,4,9.66667,0.0,6.5,71,8.37,54.92,28.3052,-18.648,300.0,0
2018-10-08,5,8.83333,0.0,6.0,72,14.99,55.21,22.3052,-18.648,345.6,0
2018-10-08,6,8.0,0.0,5.5,74,15.5,56.07,37.7905,-10.1627,398.618,0
2018-10-08,7,7.33333,0.0,5.0,75,12.32,57.64,43.7905,-10.1627,385.745,0
2018-10-08,8,6.83333,0.0,4.83333,72,14.97,56.64,53.5433,-2.29608,443.52,0
2018-10-08,9,6.66667,0.0,5.16667,67,16.3,53.7,59.0866,-4.59216,420.0,0
2018-10-08,10,6.5,0.0,5.83333,71,11.04,51.3,54.0363,-9.54193,450.667,0
2018-10-08,11,6.66667,0.0,6.66667,59,6.25,44.86,40.0866,-14.4917,469.05,0
2018-10-08,12,7.16667,0.0,7.66667,51,6.41,34.37,24.6955,-17.5531,469.05,0
2018-10-08,13,7.66667,0.0,9.0,46,9.9,28.37,8.3806,-20.9973,437.143,0
2018-10-08,14,8.16667,0.0,10.1667,43,10.07,31.86,-12.9343,-24.4414,432.0,0
2018-10-08,15,8.5,0.0,11.1667,41,15.38,16.14,-9.4776,-22.1453,377.4,0
2018-10-08,16,8.66667,0.0,11.8333,41,16.2,5.58,-10.9706,-14.8995,393.6,0
2018-10-08,17,8.66667,0.0,11.6667,50,20.72,9.32,1.97912,-9.94968,386.4,0
2018-10-08,18,8.5,0.0,11.3333,54,40.04,12.52,17.3702,-6.88824,395.2,0
2018-10-08,19,8.16667,0.0,10.8333,60,39.22,16.17,18.294,-6.50556,409.867,0
2018-10-08,20,7.83333,0.0,10.1667,69,48.59,16.63,11.8269,-9.18432,374.0,0
2018-10-08,21,7.5,0.0,9.16667,74,48.5,15.57,15.192,-10.69,402.8,0
2018-10-08,22,7.33333,0.0,8.16667,76,43.36,10.85,-0.275129,-13.3687,432.667,0
2018-10-08,23,7.16667,0.0,7.66667,79,46.43,12.46,-15.7423,-16.0475,453.6,0
2018-10-09,0,7.0,0.0,7.16667,82,48.41,3.87,-30.2094,-18.7262,470.25,0
2018-10-09,1,7.0,0.0,6.66667,85,48.32,3.04,-36.6766,-21.405,420.0,0
2018-10-09,2,6.83333,0.0,6.33333,85,49.74,3.61,-51.1438,-24.0838,436.05,0
2018-10-09,3,6.66667,0.0,6.16667,84,50.2,3.68,-49.296,-23.3184,454.629,0
2018-10-09,4,6.5,0.0,6.0,85,51.2,8.37,-48.3721,-22.9357,472.457,0
2018-10-09,5,6.33333,0.0,5.83333,85,52.84,14.99,-48.9656,-20.282,490.629,0
2018-10-09,6,6.16667,0.0,5.5,90,54.12,15.5,-48.0418,-19.8994,509.143,0
2018-10-09,7,6.0,0.0,5.33333,93,55.72,12.32,-47.1179,-19.5167,528.0,0
2018-10-09,8,6.0,0.0,5.33333,96,57.22,14.97,-52.6612,-21.8128,480.0,0
2018-10-09,9,6.16667,0.0,5.66667,89,58.89,16.3,-40.194,-19.134,498.343,0
2018-10-09,10,6.66667,0.0,6.5,81,55.29,11.04,-26.7268,-16.4552,498.343,0
2018-10-09,11,7.16667,0.0,7.83333,71,52.8,6.25,-23.0313,-8.03628,496.8,0
2018-10-09,12,7.83333,0.0,9.5,63,53.89,6.41,-25.803,-2.29608,438.6,0
2018-10-09,13,8.66667,0.0,11.3333,59,52.51,9.9,-23.9552,6.12288,413.4,0
2018-10-09,14,9.5,0.0,13.1667,57,50.41,10.07,-20.6468,18.4932,367.2,0
2018-10-09,15,10.0,0.0,14.8333,56,50.34,15.38,-34.4251,26.2715,300.0,0
2018-10-09,16,10.0,0.0,15.8333,57,46.49,16.2,-40.1812,29.8984,340.267,0
2018-10-09,17,9.83333,0.0,16.3333,66,46.88,20.72,-35.3104,34.7692,346.92,0
2018-10-09,18,9.33333,0.0,16.5,72,54.32,40.04,-38.3719,42.1603,312.12,0
2018-10-09,19,8.33333,0.0,16.0,79,68.84,39.22,-34.0828,43.2832,360.0,0
2018-10-09,20,7.33333,0.0,15.0,87,81.33,48.59,-38.7022,45.1966,360.0,0
2018-10-09,21,6.5,0.0,13.6667,93,95.76,48.5,-25.924,37.4184,439.855,0
2018-10-09,22,6.0,0.0,12.5,96,101.83,43.36,-20.924,37.4184,433.964,0
2018-10-09,23,5.83333,0.0,11.5,95,87.16,46.43,-7.14583,29.6402,495.0,0
2018-10-10,0,5.66667,0.0,10.5,97,81.83,48.41,6.92527,22.5691,532.0,0
2018-10-10,1,5.83333,0.0,9.83333,97,81.91,48.32,12.9253,22.5691,496.4,0
2018-10-10,2,6.0,0.0,9.5,97,78.81,49.74,22.3694,14.2542,532.65,0
2018-10-10,3,6.16667,0.0,9.16667,97,81.55,50.2,31.4308,6.86317,555.429,0
2018-10-10,4,6.16667,0.0,8.83333,96,80.35,51.2,42.3806,1.9134,546.96,0
2018-10-10,5,6.0,0.0,8.5,95,82.94,52.84,41.4567,-2.29608,524.16,0
2018-10-10,6,6.0,0.0,8.16667,99,79.57,54.12,30.9134,-4.59216,501.84,0
2018-10-10,7,6.0,0.0,8.0,100,80.15,55.72,21.6708,-8.83482,499.8,0
2018-10-10,8,6.16667,0.0,8.0,100,81.03,57.22,11.4281,-13.0775,517.029,0
2018-10-10,9,6.5,0.0,8.5,98,77.94,58.89,-0.52165,-18.0273,499.8,0
2018-10-10,10,6.66667,0.0,9.5,80,76.2,55.29,-18.1785,-23.6841,517.0,0
2018-10-10,11,7.16667,0.0,10.8333,70,59.97,52.8,-29.1283,-28.6339,496.8,0
2018-10-10,12,7.83333,0.0,12.6667,61,55.32,53.89,-41.4923,-34.9979,438.6,0
2018-10-10,13,8.66667,0.0,14.5,55,34.69,52.51,-37.4768,-37.4768,413.4,0
2018-10-10,14,9.5,0.0,16.5,53,34.45,50.41,-36.7697,-36.7697,377.143,0
2018-10-10,15,10.1667,0.0,18.1667,49,35.58,50.34,-40.3053,-40.3053,313.65,0
2018-10-10,16,10.8333,0.0,19.1667,51,33.46,46.49,-38.1839,-38.1839,300.667,0
2018-10-10,17,11.0,0.0,19.6667,61,44.71,46.88,-36.0294,-41.9826,285.12,0
2018-10-10,18,11.1667,0.0,19.6667,75,47.86,54.32,-32.7851,-44.1503,294.0,0
2018-10-10,19,11.1667,0.0,19.1667,84,50.52,68.84,-29.2164,-46.5348,302.4,0
2018-10-10,20,11.0,0.0,18.1667,91,49.58,81.33,-24.9406,-48.2122,313.5,0
2018-10-10,21,10.8333,0.0,17.0,91,49.46,95.76,-20.6647,-49.8895,317.127,0
2018-10-10,22,10.8333,0.0,15.8333,92,49.39,101.83,-20.6647,-49.8895,309.12,0
2018-10-10,23,11.0,0.0,14.6667,90,49.58,87.16,-21.0474,-50.8134,305.455,0
2018-10-11,0,11.0,0.0,13.6667,93,48.58,81.83,-21.0474,-50.8134,305.455,0
2018-10-11,1,11.0,0.0,12.8333,95,48.65,81.91,-21.0474,-50.8134,305.455,0
2018-10-11,2,11.0,0.0,12.1667,96,49.25,78.81,-21.0474,-50.8134,305.455,0
2018-10-11,3,11.0,0.0,11.6667,93,50.88,81.55,-21.0474,-50.8134,305.455,0
2018-10-11,4,11.0,0.0,11.1667,93,52.53,80.35,-21.0474,-50.8134,305.455,0
2018-10-11,5,11.0,0.0,10.8333,93,52.75,82.94,-21.0474,-50.8134,305.455,0
2018-10-11,6,11.1667,0.0,10.3333,94,53.67,79.57,-21.0474,-50.8134,305.455,0
2018-10-11,7,11.5,0.0,10.0,94,53.72,80.15,-21.4301,-51.7373,294.0,0
2018-10-11,8,12.0,0.0,9.83333,96,55.14,81.03,-22.1954,-53.585,271.745,0
2018-10-11,9,12.6667,0.0,10.0,90,53.94,77.94,-23.3435,-56.3567,240.0,0
2018-10-11,10,13.5,0.0,10.6667,70,51.75,76.2,-20.6647,-49.8895,255.2,0
2018-10-11,11,14.6667,0.0,11.6667,61,50.43,59.97,-22.1954,-53.585,223.385,0
2018-10-11,12,15.8333,0.0,13.1667,55,47.44,55.32,-24.1088,-58.2044,187.971,0
2018-10-11,13,16.8333,0.0,14.8333,52,44.18,34.69,-20.282,-48.9656,212.625,0
2018-10-11,14,17.6667,0.0,16.6667,52,43.45,34.45,-21.4301,-51.7373,198.4,0
2018-10-11,15,18.1667,0.0,18.1667,52,42.64,35.58,-21.8128,-52.6612,195.789,0
2018-10-11,16,18.3333,0.0,19.3333,52,34.58,33.46,-21.4301,-51.7373,202.926,0
2018-10-11,17,18.0,0.0,19.8333,55,33.57,44.71,-20.6647,-49.8895,217.579,0
2018-10-11,18,17.3333,0.0,19.8333,61,43.69,47.86,-19.5167,-47.1179,236.733,0
2018-10-11,19,16.6667,0.0,19.3333,66,51.65,50.52,-25.2569,-60.9761,194.133,0
2018-10-11,20,15.8333,0.0,18.3333,70,50.89,49.58,-24.1088,-58.2044,209.647,0
2018-10-11,21,15.0,0.0,17.3333,72,52.77,49.46,-22.9608,-55.4328,226.8,0
2018-10-11,22,14.3333,0.0,16.1667,75,53.5,49.39,-26.0303,-49.8431,245.92,0
2018-10-11,23,13.6667,0.0,15.1667,76,51.9,49.58,-29.4826,-45.1774,264.0,0
2018-10-12,0,13.0,0.0,14.1667,78,48.74,48.58,-32.2277,-39.8045,286.971,0
2018-10-12,1,12.3333,0.0,13.5,81,50.02,48.65,-40.0059,-47.5827,249.171,0
2018-10-12,2,11.6667,0.0,12.8333,83,50.22,49.25,-42.4266,-42.4266,269.077,0
2018-10-12,3,11.1667,0.0,12.1667,87,50.47,50.88,-40.3053,-40.3053,299.815,0
2018-10-12,4,10.6667,0.0,11.6667,90,50.39,52.53,-38.1839,-38.1839,324.8,0
2018-10-12,5,10.1667,0.0,11.3333,93,54.14,52.75,-36.7697,-36.7697,341.127,0
2018-10-12,6,9.83333,0.0,11.0,98,61.75,53.67,-43.1337,-43.1337,300.0,0
2018-10-12,7,9.5,0.0,10.6667,100,56.03,53.72,-41.7195,-41.7195,323.345,0
2018-10-12,8,9.33333,0.0,10.6667,100,57.92,55.14,-40.3053,-40.3053,337.08,0
2018-10-12,9,9.5,0.0,11.0,90,51.84,53.94,-39.5982,-39.5982,349.92,0
2018-10-12,10,9.83333,0.0,11.8333,70,50.22,51.75,-40.3053,-40.3053,337.08,0
2018-10-12,11,10.5,0.0,13.0,58,48.12,50.43,-44.3207,-37.8263,300.0,0
2018-10-12,12,11.5,0.0,14.6667,49,46.08,47.44,-43.6032,-30.0732,300.667,0
2018-10-12,13,12.6667,0.0,16.6667,44,42.61,44.18,-44.7334,-23.0854,281.455,0
2018-10-12,14,13.8333,0.0,18.6667,42,39.61,43.45,-20.9552,-15.3072,235.2,0
2018-10-12,15,14.5,0.0,20.1667,41,39.21,42.64,6.13136,-10.715,205.477,0
2018-10-12,16,14.6667,0.0,21.1667,42,40.63,34.58,33.1418,-5.7402,203.52,0
2018-10-12,17,14.3333,0.0,21.6667,49,43.57,33.57,34.9896,-4.97484,226.8,0
2018-10-12,18,13.5,0.0,21.5,66,47.91,43.69,8.82688,-9.18432,269.925,0
2018-10-12,19,12.3333,0.0,20.8333,70,61.16,51.65,-0.411919,-13.0111,248.625,0
2018-10-12,20,11.1667,0.0,19.6667,75,63.31,50.89,-24.7268,-16.4552,305.52,0
2018-10-12,21,10.1667,0.0,18.5,76,56.08,52.77,-48.0418,-19.8994,354.738,0
2018-10-12,22,9.5,0.0,17.1667,77,56.89,53.5,-56.3567,-23.3435,321.6,0
2018-10-12,23,9.16667,0.0,15.6667,77,57.81,51.9,-52.6612,-21.8128,347.564,0
2018-10-13,0,9.0,0.0,14.5,80,59.57,48.74,-50.8134,-21.0474,363.0,1
2018-10-13,1,9.0,0.0,13.3333,82,59.61,50.02,-49.8895,-20.6647,366.667,1
2018-10-13,2,9.0,0.0,12.5,83,59.24,50.22,-49.8895,-20.6647,366.667,1
2018-10-13,3,8.83333,0.0,11.8333,84,60.28,50.47,-49.8895,-20.6647,366.667,1
2018-10-13,4,8.66667,0.0,11.1667,85,62.26,50.39,-48.9656,-20.282,380.8,1
2018-10-13,5,8.5,0.0,10.8333,86,66.91,54.14,-48.0418,-19.8994,395.2,1
2018-10-13,6,8.33333,0.0,10.3333,94,62.93,61.75,-47.1179,-19.5167,409.867,1
2018-10-13,7,8.16667,0.0,10.1667,98,61.8,56.03,-54.5089,-22.5781,360.0,1
2018-10-13,8,8.0,0.0,10.1667,100,60.6,57.92,-53.585,-22.1954,374.0,1
2018-10-13,9,8.16667,0.0,10.3333,89,60.08,51.84,-52.6612,-21.8128,388.267,1
2018-10-13,10,8.33333,0.0,11.1667,69,57.15,50.22,-52.6612,-21.8128,374.85,1
2018-10-13,11,8.83333,0.0,12.5,58,50.8,48.12,-53.585,-22.1954,360.0,1
2018-10-13,12,9.5,0.0,14.3333,49,48.84,46.08,-48.9656,-20.282,371.25,1
2018-10-13,13,10.3333,0.0,16.1667,43,42.12,42.61,-52.6612,-21.8128,313.65,1
2018-10-13,14,11.3333,0.0,18.0,42,38.94,39.61,-49.8895,-20.6647,300.667,1
2018-10-13,15,12.0,0.0,19.6667,40,35.24,39.21,-54.5089,-22.5781,240.0,1
2018-10-13,16,12.5,0.0,20.8333,42,35.74,40.63,-48.0418,-19.8994,276.0,1
2018-10-13,17,12.5,0.0,21.3333,47,35.68,43.57,-48.0418,-19.8994,281.538,1
2018-10-13,18,12.3333,0.0,21.3333,62,43.34,47.91,-55.82,-27.6776,240.0,1
2018-10-13,19,11.8333,0.0,20.8333,70,48.26,61.16,-51.5877,-30.4809,268.029,1
2018-10-13,20,11.1667,0.0,19.8333,75,52.23,63.31,-45.7245,-32.1945,299.815,1
2018-10-13,21,10.6667,0.0,18.6667,77,51.98,56.08,-40.7852,-34.2908,324.8,1
2018-10-13,22,10.3333,0.0,17.3333,79,51.85,56.89,-36.7697,-36.7697,341.127,1
2018-10-13,23,10.1667,0.0,16.0,79,52.52,57.81,-36.0626,-36.0626,353.455,1
2018-10-14,0,10.0,0.0,14.6667,83,50.35,59.57,-43.1337,-43.1337,300.0,1
2018-10-14,1,10.0,0.0,13.5,85,51.33,59.61,-42.4266,-42.4266,300.0,1
2018-10-14,2,10.0,0.0,12.6667,86,52.33,59.24,-42.4266,-42.4266,300.0,1
2018-10-14,3,10.0,0.0,12.0,85,53.82,60.28,-42.4266,-42.4266,300.0,1
2018-10-14,4,10.0,0.0,11.3333,86,56.1,62.26,-42.4266,-42.4266,300.0,1
2018-10-14,5,10.0,0.0,10.8333,86,55.81,66.91,-42.4266,-42.4266,300.0,1
2018-10-14,6,10.0,0.0,10.3333,89,55.91,62.93,-42.4266,-42.4266,300.0,1
2018-10-14,7,10.0,0.0,10.1667,94,57.06,61.8,-42.4266,-42.4266,300.0,1
2018-10-14,8,10.1667,0.0,10.1667,94,58.24,60.6,-42.4266,-42.4266,300.0,1
2018-10-14,9,10.5,0.0,10.5,83,56.63,60.08,-36.0626,-36.0626,346.92,1
2018-10-14,10,11.3333,0.0,11.5,64,51.44,57.15,-37.4768,-37.4768,321.48,1
2018-10-14,11,12.6667,0.0,12.8333,51,48.35,50.8,-41.0124,-41.0124,262.08,1
2018-10-14,12,14.3333,0.0,14.6667,42,42.85,48.84,-43.5,-33.7584,228.0,1
2018-10-14,13,16.3333,0.0,16.6667,37,33.83,42.12,-45.7141,-25.1485,208.32,1
2018-10-14,14,18.1667,0.0,18.6667,36,28.72,38.94,-55.4328,-22.9608,170.133,1
2018-10-14,15,19.6667,0.0,20.3333,34,28.51,35.24,-59.1283,-24.4915,154.56,1
2018-10-14,16,20.0,0.0,21.3333,35,29.42,35.74,-60.0522,-24.8742,158.564,1
2018-10-14,17,19.6667,0.0,21.6667,38,29.02,35.68,-55.4328,-22.9608,189.382,1
2018-10-14,18,18.6667,0.0,21.5,43,34.18,43.34,-49.8895,-20.6647,225.886,1
2018-10-14,19,17.1667,0.0,20.8333,47,37.69,48.26,-62.8238,-26.0222,199.886,1
2018-10-14,20,15.5,0.0,19.8333,52,38.82,52.23,-52.6148,-27.1784,233.365,1
2018-10-14,21,14.0,0.0,18.6667,56,43.36,51.98,-45.3941,-29.1581,269.925,1
2018-10-14,22,13.1667,0.0,17.5,59,42.49,51.85,-41.6986,-27.6274,297.0,1
2018-10-14,23,12.3333,0.0,16.5,59,40.79,52.52,-52.7852,-32.2196,249.171,1
2018-10-15,0,11.8333,0.0,15.5,58,37.8,50.35,-50.0135,-31.0716,269.077,0
2018-10-15,1,11.5,0.0,14.5,55,36.15,51.33,-50.9838,-26.0886,280.8,0
2018-10-15,2,11.3333,0.0,13.6667,52,35.77,52.33,-52.6612,-21.8128,291.5,0
2018-10-15,3,11.1667,0.0,13.0,50,36.54,53.82,-51.7373,-21.4301,302.4,0
2018-10-15,4,10.8333,0.0,12.3333,50,36.48,56.1,-50.8134,-21.0474,305.455,0
2018-10-15,5,10.6667,0.0,11.8333,53,36.33,55.81,-49.8895,-20.6647,317.127,0
2018-10-15,6,10.5,0.0,11.5,56,37.27,55.91,-48.9656,-20.282,329.018,0
2018-10-15,7,10.3333,0.0,11.1667,59,46.58,57.06,-48.0418,-19.8994,341.127,0
2018-10-15,8,10.3333,0.0,11.0,62,40.34,58.24,-47.1179,-19.5167,353.455,0
2018-10-15,9,10.5,0.0,11.1667,58,39.07,56.63,-47.1179,-19.5167,346.92,0
2018-10-15,10,11.1667,0.0,11.8333,50,39.85,51.44,-48.9656,-20.282,321.48,0
2018-10-15,11,12.1667,0.0,13.0,41,37.93,48.35,-52.6612,-21.8128,273.48,0
2018-10-15,12,13.5,0.0,14.3333,34,34.24,42.85,-48.9656,-20.282,259.418,0
2018-10-15,13,14.8333,0.0,16.1667,30,31.45,33.83,-20.803,-16.0726,197.6,0
2018-10-15,14,16.0,0.0,18.0,29,30.87,28.72,21.2179,-6.12288,220.8,0
2018-10-15,15,16.8333,0.0,19.5,29,27.69,28.51,54.0,0.0,213.333,0
2018-10-15,16,17.0,0.0,20.5,32,25.78,29.42,53.0,0.0,221.0,0
2018-10-15,17,16.5,0.0,20.8333,35,29.26,29.02,39.1418,-5.7402,180.0,0
2018-10-15,18,15.6667,0.0,20.6667,38,32.37,34.18,9.13136,-10.715,216.333,0
2018-10-15,19,14.8333,0.0,20.0,40,41.42,37.69,-20.8791,-15.6899,249.882,0
2018-10-15,20,13.8333,0.0,19.0,41,45.31,38.82,-49.8895,-20.6647,273.28,0
2018-10-15,21,13.0,0.0,17.8333,43,43.02,43.36,-47.1179,-19.5167,291.877,0
2018-10-15,22,12.3333,0.0,16.6667,46,44.5,42.49,-58.2044,-24.1088,240.0,0
2018-10-15,23,12.0,0.0,15.5,48,45.86,40.79,-56.3567,-23.3435,259.2,0
2018-10-16,0,11.6667,0.0,14.6667,50,46.56,37.8,-54.5089,-22.5781,279.138,0
2018-10-16,1,11.1667,0.0,13.8333,52,47.13,36.15,-52.6612,-21.8128,291.5,0
2018-10-16,2,10.8333,0.0,13.1667,54,48.55,35.77,-31.5746,-17.2206,313.5,0
2018-10-16,3,10.3333,0.0,12.5,56,50.05,36.54,-10.488,-12.6284,329.018,0
2018-10-16,4,10.0,0.0,12.0,60,51.6,36.48,8.67464,-8.41896,353.455,0
2018-10-16,5,9.66667,0.0,11.5,64,52.62,36.33,17.6746,-8.41896,311.564,0
2018-10-16,6,9.33333,0.0,11.0,69,52.1,37.27,19.5224,-7.6536,335.345,0
2018-10-16,7,9.16667,0.0,10.3333,73,54.3,46.58,21.3702,-6.88824,349.92,0
2018-10-16,8,8.83333,0.0,9.83333,75,54.44,40.34,3.05524,-10.3324,363.0,0
2018-10-16,9,8.83333,0.0,9.83333,68,54.04,39.07,-14.3358,-13.3938,380.8,0
2018-10-16,10,9.0,0.0,10.3333,56,50.11,39.85,-31.6507,-16.8379,380.8,0
2018-10-16,11,9.33333,0.0,11.5,46,49.39,37.93,-49.8895,-20.6647,366.667,0
2018-10-16,12,9.83333,0.0,13.0,39,39.2,34.24,-51.7373,-21.4301,339.2,0
2018-10-16,13,10.3333,0.0,15.0,36,37.6,31.45,-54.5089,-22.5781,300.0,0
2018-10-16,14,11.1667,0.0,17.0,36,40.29,30.87,-49.8895,-20.6647,300.667,0
2018-10-16,15,11.6667,0.0,18.6667,35,38.66,27.69,-53.585,-22.1954,262.08,0
2018-10-16,16,11.8333,0.0,19.6667,36,36.19,25.78,-55.4328,-22.9608,250.364,0
2018-10-16,17,11.6667,0.0,20.0,43,40.63,29.26,-55.4328,-22.9608,260.0,0
2018-10-16,18,11.3333,0.0,19.8333,49,47.03,32.37,-53.585,-22.1954,280.8,0
2018-10-16,19,10.8333,0.0,19.1667,56,52.62,41.42,-51.7373,-21.4301,310.431,0
2018-10-16,20,10.1667,0.0,18.1667,59,52.03,45.31,-46.0908,-22.8192,348.0,0
2018-10-16,21,9.66667,0.0,17.0,60,54.04,43.02,-52.4548,-29.1832,311.1,0
2018-10-16,22,9.33333,0.0,15.8333,61,53.83,44.5,-49.6832,-28.0352,335.345,0
2018-10-16,23,9.16667,0.0,14.6667,61,52.76,45.86,-47.8354,-27.2698,349.92,0
2018-10-17,0,8.83333,0.0,13.6667,64,54.12,46.56,-46.9115,-26.8871,363.0,0
2018-10-17,1,8.5,0.0,12.8333,68,54.23,47.13,-45.0638,-26.1218,380.8,0
2018-10-17,2,8.0,0.0,12.0,72,54.12,48.55,-45.167,-22.4366,409.867,0
2018-10-17,3,7.66667,0.0,11.5,71,53.44,50.05,-50.7102,-24.7326,388.267,0
2018-10-17,4,7.5,0.0,11.0,74,53.91,51.6,-50.8134,-21.0474,417.6,0
2018-10-17,5,7.33333,0.0,10.6667,77,54.46,52.62,-49.8895,-20.6647,432.667,0
2018-10-17,6,7.33333,0.0,10.0,82,56.6,52.1,-47.2315,-22.8775,448.0,0
2018-10-17,7,7.33333,0.0,9.66667,84,59.64,54.3,-44.5734,-25.0902,453.6,0
2018-10-17,8,7.5,0.0,9.66667,85,62.62,54.44,-42.1322,-26.9786,460.8,0
2018-10-17,9,7.66667,0.0,9.83333,77,58.13,54.04,-42.1322,-26.9786,451.0,0
2018-10-17,10,7.66667,0.0,10.3333,61,52.78,50.11,-43.9799,-27.7439,425.829,0
2018-10-17,11,7.83333,0.0,11.3333,52,46.87,49.39,-44.9038,-28.1266,421.2,0
2018-10-17,12,8.16667,0.0,12.8333,46,43.85,39.2,-45.8277,-28.5093,405.45,0
2018-10-17,13,8.66667,0.0,14.5,44,42.12,37.6,-49.4096,-26.6792,374.85,0
2018-10-17,14,9.16667,0.0,16.1667,43,42.43,40.29,-48.0418,-19.8994,377.143,0
2018-10-17,15,9.33333,0.0,17.5,43,40.5,38.66,-50.8134,-21.0474,341.85,0
2018-10-17,16,9.33333,0.0,18.6667,43,41.47,36.19,-51.7373,-21.4301,327.6,0
2018-10-17,17,9.16667,0.0,19.0,45,42.68,40.63,-51.7373,-21.4301,339.2,0
2018-10-17,18,8.83333,0.0,19.0,51,43.33,47.03,-50.8134,-21.0474,363.0,0
2018-10-17,19,8.33333,0.0,18.3333,58,47.93,52.62,-47.2315,-22.8775,389.88,0
2018-10-17,20,7.83333,0.0,17.3333,62,52.93,52.03,-52.1812,-27.8272,360.0,0
2018-10-17,21,7.5,0.0,16.3333,66,53.69,54.04,-47.8922,-28.9502,400.68,0
2018-10-17,22,7.33333,0.0,15.1667,70,51.26,53.83,-43.6032,-30.0732,432.667,0
2018-10-17,23,7.16667,0.0,14.1667,73,53.93,52.76,-40.238,-31.5788,453.6,0
2018-10-18,0,7.16667,0.0,13.1667,77,53.44,54.12,-37.7968,-33.4672,470.25,0
2018-10-18,1,7.16667,0.0,12.5,81,53.45,54.23,-36.0626,-36.0626,470.25,0
2018-10-18,2,7.16667,0.0,11.8333,84,57.06,54.12,-41.0124,-41.0124,420.0,0
2018-10-18,3,7.16667,0.0,11.1667,86,60.67,53.44,-40.3053,-40.3053,420.0,0
2018-10-18,4,7.0,0.0,10.5,88,69.04,53.91,-41.8227,-38.0343,420.0,0
2018-10-18,5,6.83333,0.0,10.0,89,74.67,54.46,-42.4162,-35.3806,437.143,0
2018-10-18,6,6.5,0.0,9.66667,93,78.7,56.6,-31.4664,-30.4308,454.629,0
2018-10-18,9,6.16667,0.0,9.16667,89,81.83,58.13,-20.9965,-10.2822,528.0,0
2018-10-18,10,6.33333,0.0,9.83333,77,76.91,52.78,-22.5139,-2.65369,528.0,0
2018-10-18,12,6.66667,0.0,12.1667,56,64.9,43.85,-20.9965,14.8744,517.0,0
2018-10-18,13,7.0,0.0,14.0,50,58.065,42.12,-18.132,23.6376,496.8,0
2018-10-18,14,7.33333,0.0,15.8333,49,59.96,42.43,-24.132,31.6376,457.6,0
2018-10-18,15,7.5,0.0,17.3333,47,54.83,40.5,-30.132,39.6376,420.0,0
2018-10-18,16,7.66667,0.0,18.3333,48,55.38,41.47,-13.3886,42.4365,443.143,0
2018-10-18,18,8.0,0.0,18.6667,63,64.38,43.33,9.34211,46.1217,408.857,0
2018-10-18,19,7.83333,0.0,17.8333,77,65.65,47.93,19.9488,46.8288,392.229,0
2018-10-18,20,7.66667,0.0,16.6667,87,83.42,52.93,27.5773,45.3115,405.45,0
2018-10-18,21,7.5,0.0,15.3333,90,81.26,53.69,34.0444,39.9902,421.2,0
2018-10-18,22,7.5,0.0,14.0,89,77.11,51.26,40.5116,34.669,437.25,0
2018-10-18,23,7.5,0.0,12.6667,86,73.17,53.93,42.2458,30.3394,437.25,0
2018-10-19,0,7.5,0.0,11.6667,89,73.66,53.44,43.9799,27.7439,437.25,0
2018-10-19,1,7.83333,0.0,10.8333,92,72.48,53.45,45.7141,25.1485,437.25,0
2018-10-19,2,8.16667,0.0,10.1667,95,73.16,57.06,48.3721,22.9357,408.857,0
2018-10-19,3,8.5,0.0,9.66667,99,73.57,60.67,52.4224,17.986,375.943,0
2018-10-19,9,8.5,0.0,10.0,96,54.65,81.83,48.0418,19.8994,395.2,0
2018-10-19,10,8.33333,0.0,10.5,88,52.76,76.91,47.7268,16.4552,409.867,0
2018-10-19,12,8.0,0.0,11.6667,73,52.38,64.9,54.803,9.94968,374.0,0
2018-10-19,13,8.16667,0.0,12.3333,67,43.38,58.065,54.488,6.50556,388.267,0
2018-10-19,14,8.33333,0.0,13.1667,64,42.68,59.96,55.1731,3.06144,374.85,0
2018-10-19,15,8.33333,0.0,13.8333,65,50.76,54.83,56.097,3.44412,360.0,0
2018-10-19,16,8.33333,0.0,14.3333,67,53.66,55.38,56.097,3.44412,360.0,0
2018-10-19,18,8.16667,0.0,14.5,78,48.61,64.38,54.8791,9.567,360.0,0
2018-10-19,19,7.66667,0.0,14.3333,81,62.39,65.65,53.9552,15.3072,374.85,0
2018-10-19,20,7.16667,0.0,14.0,83,82.66,83.42,51.4985,17.6033,417.6,0
2018-10-19,21,6.66667,0.0,13.5,85,60.45,81.26,48.4985,17.6033,463.6,0
2018-10-19,22,6.16667,0.0,12.8333,87,61.15,77.11,53.4985,17.6033,450.667,0
2018-10-19,23,5.66667,0.0,12.3333,88,55.71,73.17,49.803,12.2458,503.25,0
2018-10-20,0,5.33333,0.0,11.8333,90,53.71,73.66,53.3385,8.71021,480.0,1
2018-10-20,1,5.16667,0.0,11.3333,91,52.1,72.48,47.8609,1.02937,532.65,1
2018-10-20,2,5.0,0.0,10.8333,92,45.69,73.16,38.5564,-6.65147,588.0,1
2018-10-20,3,5.16667,0.0,10.6667,88,43.14,73.57,33.937,-8.56487,558.45,1
2018-10-20,8,8.66667,0.0,9.5,85,40.75,52.83,10.9702,31.8791,440.64,1
2018-10-20,9,9.66667,0.0,9.16667,75,31.73,54.65,25.2812,48.5746,367.2,1
2018-10-20,10,10.5,0.0,9.16667,67,21.58,52.76,36.0626,44.5166,340.267,1
2018-10-20,11,11.1667,0.0,9.16667,58,18.44,49.61,38.1839,44.687,300.667,1
2018-10-20,12,12.0,0.51,9.5,51,22.17,52.38,41.0124,45.5645,262.08,1
2018-10-20,13,12.6667,0.51,9.83333,47,15.05,43.38,36.0626,36.0626,286.7,1
2018-10-20,14,13.1667,0.51,10.5,47,12.81,42.68,37.4768,37.4768,265.5,1
2018-10-20,15,13.6667,0.51,10.8333,48,11.5,50.76,38.891,38.891,251.631,1
2018-10-20,16,14.1667,0.51,11.0,50,11.2,53.66,40.3053,40.3053,239.4,1
2018-10-20,17,14.5,0.51,11.0,55,10.76,50.82,41.0124,41.0124,230.4,1
2018-10-20,18,14.5,0.38,10.8333,56,19.66,48.61,41.7195,41.7195,221.571,1
2018-10-20,19,14.3333,0.38,10.5,56,48.71,62.39,41.7195,41.7195,228.48,1
2018-10-20,20,14.0,0.38,10.0,57,44.0,82.66,43.1233,36.0877,245.92,1
2018-10-20,21,13.3333,0.38,9.5,62,40.76,60.45,43.6032,30.0732,273.28,1
2018-10-20,22,12.5,0.38,9.0,68,33.63,61.15,53.7659,34.2827,240.0,1
2018-10-20,23,11.6667,0.38,8.66667,73,30.12,55.71,52.398,27.5028,277.714,1
2018-10-21,0,10.8333,0.0,8.16667,77,27.58,53.71,51.7373,21.4301,310.431,1
2018-10-21,1,9.83333,0.0,7.83333,77,21.89,52.1,48.0418,19.8994,348.0,1
2018-10-21,2,8.83333,0.0,7.5,78,20.07,45.69,54.5089,22.5781,333.9,1
2018-10-21,3,8.0,0.0,7.16667,79,20.71,43.14,48.9656,20.282,398.618,1
2018-10-21,4,7.33333,0.0,6.66667,82,23.42,44.99,54.5089,22.5781,385.745,1
2018-10-21,5,6.66667,0.0,6.16667,86,27.0,43.68,49.8895,20.6647,443.52,1
2018-10-21,6,6.16667,0.0,5.66667,89,27.23,41.34,55.4328,22.9608,420.0,1
2018-10-21,7,5.83333,0.0,5.16667,91,25.72,41.4,50.4367,23.3767,479.52,1
2018-10-21,8,5.66667,0.0,4.66667,94,28.05,40.75,44.7334,23.0854,549.067,1
2018-10-21,9,5.5,0.0,4.66667,88,27.91,31.73,48.269,26.621,530.0,1
2018-10-21,10,5.5,0.0,5.0,86,36.19,21.58,43.4896,27.7962,575.143,1
2018-10-21,11,5.66667,0.0,5.66667,82,42.17,18.44,37.0224,31.1175,583.0,1
2018-10-21,12,5.83333,0.0,6.66667,76,35.68,22.17,31.4791,35.8214,561.6,1
2018-10-21,13,6.33333,0.0,7.83333,70,31.95,15.05,23.2571,39.9925,540.6,1
2018-10-21,14,6.83333,0.0,9.16667,66,27.1,12.81,14.6524,45.0874,499.8,1
2018-10-21,15,7.33333,0.0,10.1667,61,32.3,11.5,1.80501,45.9397,505.44,1
2018-10-21,16,7.66667,0.0,11.1667,61,31.51,11.2,-4.79198,49.7952,440.64,1
2018-10-21,17,7.83333,0.0,11.5,60,42.41,10.76,-14.9245,49.0313,432.0,1
2018-10-21,18,7.83333,0.0,11.3333,70,40.15,19.66,-17.986,50.4224,408.857,1
2018-10-21,19,7.66667,0.0,10.8333,81,76.26,48.71,-20.6647,49.8895,408.857,1
2018-10-21,20,7.5,0.0,10.0,88,80.45,44.0,-20.6647,49.8895,421.2,1
2018-10-21,21,7.33333,0.0,9.0,89,82.72,40.76,-20.282,48.9656,437.25,1
2018-10-21,22,7.16667,0.0,7.66667,88,77.61,33.63,-22.1704,46.5244,453.6,1
2018-10-21,23,7.0,0.0,6.66667,86,59.28,30.12,-24.0587,44.0831,470.25,1
2018-10-22,0,7.0,0.0,6.0,87,55.89,27.58,-29.0085,49.0329,420.0,0
2018-10-22,1,7.16667,0.0,5.33333,87,56.42,21.89,-30.8968,46.5916,436.05,0
2018-10-22,2,7.5,0.0,4.83333,87,55.19,20.07,-33.4922,44.8574,420.0,0
2018-10-22,3,7.83333,0.0,4.5,92,55.14,20.71,-34.4987,38.2871,443.143,0
2018-10-22,4,8.16667,0.0,4.16667,97,54.2,23.42,-38.1839,38.1839,408.857,0
2018-10-22,5,8.33333,0.0,4.0,97,54.96,27.0,-39.5982,39.5982,375.943,0
2018-10-22,6,8.5,0.0,3.83333,100,57.0,27.23,-40.3053,40.3053,360.0,0
2018-10-22,7,8.66667,0.0,3.83333,100,58.02,25.72,-36.0626,36.0626,401.85,0
2018-10-22,8,8.66667,0.0,3.83333,100,58.65,28.05,-36.7697,36.7697,395.2,0
2018-10-22,9,8.83333,0.0,4.16667,92,59.08,27.91,-36.7697,36.7697,395.2,0
2018-10-22,10,9.16667,0.0,4.83333,75,56.13,36.19,-37.4768,37.4768,380.8,0
2018-10-22,11,10.0,0.0,5.66667,66,52.23,42.17,-38.891,38.891,341.85,0
2018-10-22,12,11.0,0.0,6.66667,57,52.12,35.68,-32.5521,39.5877,326.8,0
2018-10-22,13,12.1667,0.0,8.0,52,46.88,31.95,-31.5457,46.1581,263.467,0
2018-10-22,14,13.5,0.66,9.5,53,45.74,27.1,-24.2334,47.5051,248.727,0
2018-10-22,15,14.8333,0.66,10.5,58,47.95,32.3,-16.4552,56.7268,205.477,0
2018-10-22,16,16.0,1.32,11.1667,68,52.18,31.51,-6.12288,49.7821,229.125,0
2018-10-22,17,16.6667,1.32,11.3333,80,50.68,42.41,12.728,51.6298,216.847,0
2018-10-22,18,17.0,1.32,11.3333,93,40.61,40.15,24.7488,46.6507,221.0,0
2018-10-22,19,16.6667,1.32,10.8333,89,52.49,76.26,36.0626,39.9645,236.733,0
2018-10-22,20,16.0,0.66,10.1667,83,44.88,80.45,45.9622,49.864,201.4,0
2018-10-22,21,15.0,0.66,9.5,81,29.12,82.72,42.4266,42.4266,233.365,0
2018-10-22,22,14.0,0.0,8.83333,79,22.78,77.61,38.891,38.891,269.925,0
2018-10-22,23,13.1667,0.0,8.16667,78,24.07,59.28,36.0626,36.0626,297.0,0
2018-10-23,0,12.3333,0.0,7.33333,78,17.92,55.89,44.5479,47.1492,249.171,0
2018-10-23,1,11.8333,0.0,6.66667,78,15.53,56.42,42.4266,47.4123,269.077,0
2018-10-23,2,11.5,0.0,6.0,78,10.76,55.19,41.0124,48.3826,280.8,0
2018-10-23,3,11.3333,0.0,5.33333,79,15.24,55.14,32.5271,50.8972,291.5,0
2018-10-23,4,11.3333,0.0,4.83333,79,19.49,54.2,24.0417,53.4119,302.4,0
2018-10-23,5,11.6667,0.0,4.5,80,17.71,54.96,15.5564,54.3254,294.0,0
2018-10-23,6,12.1667,0.0,4.33333,73,20.68,57.0,2.42069,57.097,260.945,0
2018-10-23,7,13.1667,1.02,4.16667,69,21.45,58.02,-10.715,48.8686,281.455,0
2018-10-23,8,14.6667,1.02,4.16667,70,19.52,58.65,-17.2206,53.5746,225.5,0
2018-10-23,9,16.5,1.02,4.33333,71,20.37,59.08,-11.8631,48.6403,221.4,0
2018-10-23,10,18.6667,2.06,4.5,80,30.2,56.13,-14.9245,56.0313,171.953,0
2018-10-23,11,20.6667,2.06,4.83333,78,35.41,52.23,-17.986,63.4224,136.74,0
2018-10-23,12,24.0,3.1,5.16667,78,30.92,52.12,-19.5167,47.1179,174.048,0
2018-10-23,13,26.8333,3.4,5.66667,77,26.59,46.88,-22.9608,55.4328,127.938,0
2018-10-23,14,29.1667,3.4,6.0,77,29.73,45.74,-26.0222,62.8238,116.471,0
2018-10-23,15,33.0,4.72,6.5,76,23.65,47.95,-26.0222,62.8238,116.471,0
2018-10-23,16,37.8333,5.0,7.0,75,25.97,52.18,-30.2317,72.9865,75.7059,0
2018-10-23,17,42.6667,6.32,7.33333,80,25.26,50.68,-20.6647,49.8895,111.111,0
2018-10-23,18,45.5,5.28,7.66667,80,25.33,40.61,-21.0474,50.8134,109.091,0
2018-10-23,19,47.6667,3.96,7.83333,85,29.45,52.49,-19.5167,47.1179,117.647,0
2018-10-23,20,49.3333,4.93,8.0,81,22.65,44.88,-37.5026,90.5402,67.3412,0
2018-10-23,21,48.3333,3.61,8.0,79,11.45,29.12,-34.8239,84.0731,75.7787,0
2018-10-23,22,45.1667,2.29,8.0,77,11.95,22.78,-31.7624,76.682,91.5,0
2018-10-23,23,41.8333,0.97,8.0,73,6.08,24.07,-14.9245,71.0313,108.0,0
2018-10-24,0,41.3333,1.94,8.0,74,2.62,17.92,0.0,70.0,111.429,0
2018-10-24,1,41.3333,2.47,7.83333,74,1.72,15.53,33.9413,79.3462,65.9657,0
2018-10-24,2,43.6667,1.5,7.66667,74,0.96,10.76,67.1754,87.7686,67.575,0
2018-10-24,3,45.8333,1.5,7.5,70,1.09,15.24,41.0124,53.585,103.448,0
2018-10-24,4,49.5,1.5,7.16667,69,0.53,19.49,36.7697,36.7697,115.385,0
2018-10-24,5,53.0,2.03,6.83333,68,0.95,17.71,40.3053,52.6612,105.263,0
2018-10-24,6,53.8333,1.06,6.5,65,2.02,20.68,39.5982,39.5982,107.143,0
2018-10-24,7,54.3333,0.53,6.16667,61,4.0,21.45,37.4768,37.4768,113.208,0
2018-10-24,8,52.3333,0.53,5.83333,58,9.55,19.52,72.8323,72.8323,60.0,0
2018-10-24,9,50.8333,1.04,5.66667,56,16.19,20.37,67.8826,67.8826,69.984,0
2018-10-24,10,48.0,1.04,5.83333,59,13.3,30.2,62.9328,62.9328,78.8087,0
2018-10-24,11,46.1667,0.51,6.16667,49,8.48,35.41,58.6901,58.6901,88.7442,0
2018-10-24,12,45.3333,0.51,6.66667,42,5.1,30.92,60.1043,60.1043,74.25,0
2018-10-24,13,45.1667,0.51,7.33333,39,5.95,26.59,65.7612,65.7612,65.1733,0
2018-10-24,14,46.8333,0.51,8.16667,40,5.29,29.73,68.5897,68.5897,62.475,0
2018-10-24,15,48.3333,0.0,8.66667,42,8.64,23.65,39.5982,39.5982,107.143,0
2018-10-24,16,48.8333,0.0,8.83333,46,9.66,25.97,36.7697,36.7697,115.385,0
2018-10-24,17,47.1667,0.0,9.16667,40,14.39,25.26,67.1754,67.1754,77.6077,0
2018-10-24,18,44.0,0.0,9.16667,51,22.92,25.33,55.1546,55.1546,105.209,0
2018-10-24,19,39.8333,0.0,9.0,55,27.39,29.45,45.255,45.255,136.32,0
2018-10-24,20,33.8333,0.0,8.5,60,25.49,22.65,37.4768,37.4768,172.966,0
2018-10-24,21,28.0,0.0,8.0,66,18.26,11.45,51.619,51.619,148.303,0
2018-10-24,22,23.6667,0.0,7.5,71,19.91,11.95,43.1337,43.1337,192.15,0
2018-10-24,23,20.6667,0.0,6.66667,74,16.68,6.08,38.1839,41.869,221.76,0
2018-10-25,1,17.0,0.0,5.16667,76,8.8,1.72,47.3764,58.2149,180.0,0
2018-10-25,2,16.1667,0.0,4.5,76,6.66,0.96,45.9622,60.0522,194.541,0
2018-10-25,3,15.6667,1.12,4.16667,77,6.77,1.09,33.9413,59.3462,209.647,0
2018-10-25,4,15.3333,1.12,4.0,77,7.24,0.53,21.9204,57.6403,226.8,0
2018-10-25,5,15.1667,2.24,4.0,80,9.11,0.95,10.6066,57.8582,228.48,0
2018-10-25,6,15.3333,2.24,4.33333,85,16.27,2.02,-6.12288,58.7821,220.0,0
2018-10-25,7,15.8333,2.93,4.66667,96,18.5,4.0,-12.6284,59.488,196.114,0
2018-10-25,8,16.6667,2.93,5.33333,100,23.97,9.55,-19.5167,47.1179,229.125,0
2018-10-25,9,18.1667,2.5,6.16667,95,26.71,16.19,-21.0474,50.8134,201.318,0
2018-10-25,10,19.8333,3.41,7.0,92,30.52,13.3,-14.5418,58.1074,163.4,0
2018-10-25,11,21.6667,2.29,7.83333,92,24.85,8.48,-7.6536,66.4776,131.04,0
2018-10-25,12,23.6667,2.29,8.66667,88,19.67,5.1,19.092,49.9448,168.192,0
2018-10-25,13,25.6667,1.6,9.66667,83,24.01,5.95,39.5982,51.7373,151.467,0
2018-10-25,14,27.5,1.6,10.5,79,19.98,5.29,41.7195,54.5089,141.931,0
2018-10-25,15,28.8333,1.39,10.8333,73,9.61,8.64,43.1337,56.3567,135.24,0
2018-10-25,16,29.6667,0.48,11.1667,67,13.1,9.66,43.8408,57.2806,133.548,0
2018-10-25,17,30.0,0.96,11.3333,66,16.54,14.39,43.1337,56.3567,138.194,0
2018-10-25,18,29.6667,0.96,11.1667,64,25.19,22.92,41.7195,54.5089,144.84,0
2018-10-25,19,28.8333,1.44,10.8333,63,21.35,27.39,39.5982,51.7373,157.076,0
2018-10-25,20,27.5,1.92,10.5,64,20.43,25.49,36.7697,48.0418,173.333,0
2018-10-25,21,25.8333,1.44,10.1667,66,15.74,18.26,53.0332,69.291,129.422,0
2018-10-25,22,24.1667,1.44,9.83333,69,13.33,19.91,48.7906,63.7477,150.528,0
2018-10-25,23,22.3333,0.96,9.33333,71,7.34,16.68,45.255,59.1283,169.304,0
