data,timeofday,windspeed6,opady6,temp6,rhumid,index_avg,prev_index_avg,wind_dir_ns,wind_dir_ew,dispel50,is_weekend
2017-11-01,8,11.5,0.0,5.66667,91,35.98,12.53,0.0,57.0,282.764,1
2017-11-01,9,12.5,0.0,6.0,90,37.6,11.2767,0.0,58.0,271.745,1
2017-11-01,10,13.5,0.0,6.33333,88,35.88,11.18,0.0,53.0,259.418,1
2017-11-01,11,14.8333,0.74,6.66667,85,37.45,9.57,0.0,59.0,214.338,1
2017-11-01,12,16.0,0.74,7.0,84,45.08,11.12,0.0,53.0,216.847,1
2017-11-01,13,17.0,1.22,7.33333,83,41.57,9.575,0.0,54.0,209.012,1
2017-11-01,14,18.1667,1.22,7.66667,82,43.55,10.7,0.0,56.0,202.926,1
2017-11-02,8,19.6667,2.87,10.0,91,29.22,35.98,0.0,57.0,191.133,0
2017-11-02,9,19.6667,3.22,10.0,89,24.02,37.6,0.0,61.0,173.46,0
2017-11-02,10,20.1667,4.44,10.0,89,20.93,35.88,-8.41896,61.3254,155.621,0
2017-11-02,11,20.3333,3.6,10.0,87,32.28,37.45,-16.0726,60.803,164.509,0
2017-11-02,12,19.8333,4.82,10.1667,87,29.25,45.08,-23.3435,56.3567,183.0,0
2017-11-02,13,19.3333,5.89,10.1667,86,32.92,41.57,-21.4301,51.7373,207.36,0
2017-11-02,14,18.5,5.77,10.1667,87,27.33,43.55,-19.8994,48.0418,232.737,0
2017-11-03,3,12.8333,0.0,8.0,86,29.52,28.5,0.0,52.0,281.538,0
2017-11-03,5,12.8333,0.51,8.0,86,24.8,29.22,0.0,51.0,291.877,0
2017-11-03,6,12.8333,0.51,8.0,87,26.615,28.5,0.0,51.0,291.877,0
2017-11-03,7,12.8333,0.51,8.0,86,24.9,23.88,0.0,51.0,286.7,0
2017-11-03,8,12.6667,0.51,8.16667,85,27.29,29.22,9.19243,51.0104,281.538,0
2017-11-03,9,12.5,0.99,8.33333,82,28.0,24.02,17.6777,49.097,291.877,0
2017-11-03,10,12.1667,0.48,8.5,84,24.72,20.93,25.456,59.2597,249.508,0
2017-11-03,11,11.8333,0.48,8.83333,81,26.55,32.28,33.2342,56.4224,269.077,0
2017-11-03,12,11.5,0.48,9.16667,78,25.3,29.25,41.0124,53.585,289.385,0
2017-11-03,13,11.0,0.48,9.66667,78,18.12,32.92,39.5982,51.7373,302.4,0
2017-11-03,14,10.8333,0.48,9.83333,78,10.55,27.33,38.1839,49.8895,317.127,0
2017-11-03,15,10.6667,0.0,10.0,80,11.07,20.4567,38.1839,49.8895,317.127,0
2017-11-03,16,10.3333,0.0,10.0,85,11.18,19.07,37.4768,48.9656,329.018,0
2017-11-03,17,9.66667,0.0,9.83333,86,21.05,17.83,36.0626,47.1179,353.455,0
2017-11-03,18,9.0,0.0,9.66667,87,31.9,23.93,41.0124,53.585,335.345,0
2017-11-03,19,8.5,0.0,9.33333,86,38.82,23.92,33.2342,50.4224,376.32,0
2017-11-03,20,8.0,0.0,9.0,88,42.05,26.7,26.1631,48.1836,425.455,0
2017-11-03,21,7.83333,0.0,8.66667,88,55.46,34.63,26.1631,56.1836,385.745,0
2017-11-03,22,7.5,0.0,8.5,90,55.31,42.68,18.3849,55.0209,400.68,0
2017-11-04,1,7.16667,0.0,8.0,88,51.1633,42.68,3.53555,50.6194,460.8,1
2017-11-04,3,6.83333,0.0,7.83333,91,47.43,29.52,-1.82197,49.5537,470.25,1
2017-11-04,4,7.0,0.0,7.66667,92,42.87,25.235,-4.50073,56.0209,420.0,1
2017-11-04,5,6.83333,0.0,7.33333,93,51.81,24.8,-7.56217,55.4119,435.2,1
2017-11-04,6,6.83333,0.0,7.0,94,53.75,26.615,-10.2409,52.8791,437.143,1
2017-11-04,7,6.66667,0.0,6.5,100,45.37,24.9,-10.2409,50.8791,486.0,1
2017-11-04,8,6.5,0.0,6.16667,94,39.07,27.29,-13.7765,46.4146,505.44,1
2017-11-04,9,6.83333,0.0,6.33333,84,33.55,28.0,-22.2618,46.745,477.0,1
2017-11-04,10,7.0,0.0,6.83333,68,38.13,24.72,-28.2806,44.6458,452.4,1
2017-11-04,11,7.5,0.0,7.66667,63,30.75,26.55,-33.5341,40.6989,420.0,1
2017-11-04,12,8.5,0.0,8.5,60,33.55,25.3,-37.0327,30.6675,443.143,1
2017-11-04,13,9.83333,0.0,9.66667,60,33.67,18.12,-44.5166,23.4098,375.84,1
2017-11-04,14,10.8333,0.0,10.5,62,27.5,10.55,-48.0418,19.8994,326.8,1
2017-11-04,15,11.1667,0.0,10.8333,69,44.55,11.07,-51.7373,21.4301,275.6,1
2017-11-04,16,11.5,0.0,10.6667,76,54.39,11.18,-53.585,22.1954,262.08,1
2017-11-04,17,11.5,0.0,10.1667,83,67.3,21.05,-33.3462,18.3686,260.945,1
2017-11-04,18,11.1667,0.0,9.66667,85,60.27,31.9,-13.1836,14.1592,289.385,1
2017-11-04,19,10.5,0.0,8.83333,85,66.77,38.82,-9.48804,5.7402,332.215,1
2017-11-04,20,10.1667,0.0,8.16667,84,72.38,42.05,-17.803,2.29608,300.0,1
2017-11-04,21,10.0,0.0,7.66667,83,65.14,55.46,-15.9552,-6.88824,300.0,1
2017-11-04,22,10.0,0.0,7.16667,80,61.69,55.31,-15.0313,-14.9245,311.564,1
2017-11-05,1,11.1667,0.0,6.33333,77,61.69,51.1633,-50.8134,-21.0474,305.455,1
2017-11-05,3,11.5,0.0,5.66667,77,60.41,47.43,-30.4985,-17.6033,271.745,1
2017-11-05,4,11.6667,0.0,5.5,77,48.6867,42.87,-9.3358,-13.3938,271.745,1
2017-11-05,5,11.6667,0.0,5.33333,79,50.17,51.81,12.8269,-9.18432,270.3,1
2017-11-05,6,11.5,0.0,5.0,81,41.935,53.75,34.9134,-4.59216,280.8,1
2017-11-05,7,11.6667,0.0,4.83333,84,42.2,45.37,57.0,0.0,291.5,1
2017-11-05,8,11.3333,0.0,5.0,82,39.485,39.07,58.0,0.0,271.745,1
2017-11-05,9,11.6667,0.0,5.33333,76,39.85,33.55,57.0,0.0,291.5,1
2017-11-05,10,11.8333,0.0,6.0,72,38.795,38.13,58.0,0.0,271.745,1
2017-11-05,11,12.6667,0.0,6.83333,67,36.05,30.75,34.9896,-4.97484,250.364,1
2017-11-05,12,13.3333,0.0,8.0,64,36.805,33.55,26.9896,-4.97484,264.48,1
2017-11-05,13,13.6667,0.0,9.0,65,36.87,33.67,31.9896,-4.97484,232.615,1
2017-11-05,14,14.1667,0.0,9.83333,67,43.525,27.5,5.13136,-10.715,214.338,1
2017-11-05,15,14.3333,0.0,10.5,73,37.93,44.55,30.1418,-5.7402,235.125,1
2017-11-05,16,14.5,0.0,10.6667,72,38.55,54.39,28.1418,-5.7402,245.92,1
2017-11-05,17,14.3333,0.0,10.6667,83,48.22,67.3,0.207481,-11.0977,254.88,1
2017-11-05,18,14.1667,0.0,10.5,81,52.83,60.27,0.207481,-11.0977,242.031,1
2017-11-05,19,13.6667,0.0,10.1667,79,57.94,66.77,-25.7268,-16.4552,239.4,1
2017-11-05,20,13.5,0.0,9.83333,77,49.35,72.38,-50.8134,-21.0474,257.914,1
2017-11-05,21,13.1667,0.0,9.5,76,56.54,65.14,-48.9656,-20.282,282.72,1
2017-11-05,22,12.8333,0.0,9.16667,75,48.23,61.69,-60.0522,-24.8742,240.0,1
2017-11-06,1,11.0,0.0,8.0,80,48.23,61.69,-52.6612,-21.8128,291.5,0
2017-11-06,2,10.1667,0.0,7.66667,78,47.87,50.17,-49.8895,-20.6647,324.8,0
2017-11-06,3,9.66667,0.0,7.33333,80,50.76,60.41,-56.3567,-23.3435,311.1,0
2017-11-06,4,9.5,0.0,7.16667,80,50.56,48.6867,-53.585,-22.1954,345.6,0
2017-11-06,5,9.0,0.0,7.0,82,47.87,50.17,-31.4985,-17.6033,357.5,0
2017-11-06,6,8.66667,0.0,7.0,84,52.19,41.935,-11.4119,-13.0111,366.667,0
2017-11-06,7,8.16667,0.0,6.83333,88,52.59,42.2,3.903,-9.567,395.2,0
2017-11-06,8,8.0,0.0,6.83333,80,55.445,39.485,9.903,-9.567,374.0,0
2017-11-06,9,7.66667,0.0,7.16667,71,56.21,39.85,24.2179,-6.12288,392.229,0
2017-11-06,10,7.16667,0.0,7.5,58,59.675,38.795,37.6851,-3.44412,417.6,0
2017-11-06,11,7.0,0.0,8.16667,51,56.46,36.05,40.3431,5.65688,453.927,0
2017-11-06,12,7.16667,0.0,9.0,45,59.76,36.805,23.6862,11.3138,479.467,0
2017-11-06,13,7.5,0.0,10.1667,44,60.42,36.87,16.2952,14.3752,420.0,0
2017-11-06,14,7.66667,0.0,11.0,49,63.86,43.525,-7.09584,17.4366,451.0,0
2017-11-06,15,7.5,0.0,11.3333,58,65.36,37.93,-18.0456,22.3864,432.0,0
2017-11-06,16,7.16667,0.0,11.5,70,72.755,38.55,-24.0456,28.3864,443.143,0
2017-11-06,17,6.66667,0.0,11.3333,80,64.67,48.22,-31.0456,34.3864,470.25,0
2017-11-06,18,6.66667,0.0,11.0,81,66.0,52.83,-27.5101,39.0058,452.4,0
2017-11-06,19,6.83333,0.0,10.3333,82,69.22,57.94,-16.1963,40.74,452.4,0
2017-11-06,20,6.83333,0.0,9.66667,83,69.65,49.35,-4.17543,41.4471,436.05,0
2017-11-06,21,6.66667,0.0,9.16667,82,54.69,56.54,8.16538,43.3354,452.4,0
2017-11-06,22,6.33333,0.0,8.83333,83,75.48,48.23,19.092,43.8095,490.629,0
2017-11-07,0,6.66667,0.0,8.16667,85,53.94,50.76,33.3373,39.234,517.0,0
2017-11-07,1,6.16667,0.0,8.0,85,75.48,48.23,40.7284,36.2955,461.76,0
2017-11-07,2,6.16667,0.0,7.83333,91,35.28,47.87,43.1928,31.6761,486.0,0
2017-11-07,3,6.5,0.0,7.66667,88,53.94,50.76,44.0031,26.9638,515.2,0
2017-11-07,4,7.16667,0.0,7.5,86,42.26,50.56,44.6391,20.5998,528.0,0
2017-11-07,5,7.16667,0.0,7.33333,84,35.28,47.87,47.6894,15.65,483.36,0
2017-11-07,6,7.16667,0.0,7.16667,84,37.365,52.19,50.621,9.43572,420.0,0
2017-11-07,7,7.5,0.0,7.0,85,38.65,52.59,49.3254,3.06144,470.25,0
2017-11-07,8,7.66667,0.0,7.0,82,45.6,55.445,47.5912,-5.65688,451.0,0
2017-11-07,9,8.0,0.0,7.16667,80,39.68,56.21,48.9822,-8.71832,425.829,0
2017-11-07,10,8.33333,0.0,7.5,68,52.875,59.675,50.83,-14.8412,392.229,0
2017-11-07,11,9.16667,0.0,7.83333,69,47.85,56.46,50.9011,-21.9123,360.0,0
2017-11-07,12,9.83333,0.23,8.16667,70,61.315,59.76,41.0261,-30.3201,341.85,0
2017-11-07,13,10.3333,0.23,8.66667,74,64.5033,60.42,31.9614,-35.7498,333.45,0
2017-11-07,14,10.5,0.23,9.0,73,67.8,63.86,28.7798,-42.851,300.667,0
2017-11-07,15,10.5,0.23,9.16667,74,66.33,65.36,23.909,-47.7218,309.12,0
2017-11-07,16,10.5,0.23,8.83333,72,62.9,72.755,20.282,-48.9656,336.3,0
2017-11-07,18,10.6667,0.23,8.16667,64,48.24,66.0,19.5167,-58.1179,300.0,0
2017-11-07,19,11.5,0.23,7.66667,62,63.99,69.22,10.715,-50.8686,313.6,0
2017-11-07,20,12.3333,0.23,7.16667,61,51.14,69.65,3.8268,-50.2388,276.12,0
2017-11-07,21,12.8333,0.23,6.5,60,30.52,54.69,0.0,-55.0,238.255,0
2017-11-07,22,13.3333,0.23,6.16667,60,25.33,75.48,-4.59216,-55.0866,248.571,0
2017-11-08,1,14.3333,0.0,4.66667,57,25.33,75.48,-21.0474,-50.8134,245.1,0
2017-11-08,3,15.6667,0.0,4.0,56,29.7433,53.94,-29.2997,-54.7361,187.971,0
2017-11-08,4,16.3333,0.0,3.5,56,29.35,42.26,-30.5473,-39.7477,232.941,0
2017-11-08,5,16.5,0.0,3.33333,52,29.35,35.28,-30.5473,-39.7477,229.125,0
2017-11-08,6,16.8333,0.0,3.0,53,33.17,37.365,-36.2875,-53.6059,180.0,0
2017-11-08,7,16.8333,0.0,2.83333,46,32.885,38.65,-31.862,-58.922,180.0,0
2017-11-08,8,17.3333,0.0,2.66667,51,31.75,45.6,-25.6396,-61.9,180.0,0
2017-11-08,9,17.6667,0.0,2.83333,54,35.705,39.68,-26.8289,-45.7709,213.333,0
2017-11-08,10,18.0,0.0,3.33333,59,33.02,52.875,-27.5942,-47.6186,193.765,0
2017-11-08,11,19.5,0.0,3.83333,58,39.07,47.85,-28.3596,-49.4664,188.779,0
2017-11-08,12,20.1667,0.0,4.66667,58,37.73,61.315,-24.1088,-58.2044,160.74,0
2017-11-08,19,15.0,0.0,6.16667,69,51.97,63.99,-21.8128,-52.6612,245.92,0
2017-11-08,20,14.1667,0.0,5.66667,68,51.07,51.14,-21.4301,-51.7373,248.571,0
2017-11-08,21,13.8333,0.0,5.33333,66,40.47,30.52,-21.4301,-51.7373,242.031,0
2017-11-08,22,13.6667,0.0,5.16667,65,39.53,25.33,-16.4552,-52.7268,254.88,0
2017-11-09,1,13.1667,0.0,4.66667,67,39.53,25.33,0.0,-52.0,281.538,0
2017-11-09,3,13.0,0.0,3.83333,61,38.0,29.7433,-4.97484,-51.0104,281.538,0
2017-11-09,4,13.0,0.0,3.33333,67,32.5,29.35,-9.94968,-50.0209,281.538,0
2017-11-09,5,12.8333,0.0,3.0,66,32.67,29.35,-14.9245,-49.0313,281.538,0
2017-11-09,6,12.5,0.0,2.83333,69,30.765,33.17,-19.5167,-47.1179,291.877,0
2017-11-09,7,11.8333,0.0,2.83333,69,28.62,32.885,-23.7262,-57.2806,249.508,0
2017-11-09,8,11.1667,0.0,3.0,72,29.115,31.75,-25.1153,-51.6341,289.385,0
2017-11-09,9,10.5,0.0,3.66667,63,31.33,35.705,-23.5846,-47.9386,332.215,0
2017-11-09,10,9.83333,0.0,4.33333,71,29.53,33.02,-29.9486,-54.3026,300.0,0
2017-11-09,11,9.16667,0.0,5.0,68,28.4,39.07,-15.9737,-42.2921,333.9,0
2017-11-09,12,8.66667,0.0,5.83333,65,29.43,37.73,-18.7726,-34.267,372.655,0
2017-11-09,17,6.83333,0.0,7.16667,79,67.285,51.07,-31.6507,-16.8379,448.0,0
2017-11-10,8,8.83333,0.48,5.0,78,67.16,29.115,-20.1405,53.6237,360.0,0
2017-11-10,10,11.1667,0.96,5.66667,75,59.2633,29.53,-25.3314,43.1553,311.143,0
2017-11-10,11,12.3333,0.96,6.16667,69,67.16,28.4,-27.6274,41.6986,281.455,0
2017-11-10,12,13.1667,0.96,6.83333,66,54.69,29.43,-33.3175,41.4355,255.2,0
2017-11-10,13,13.8333,1.17,7.33333,65,52.6467,31.93,-37.7665,38.3077,242.031,0
2017-11-10,14,14.1667,1.17,7.66667,65,50.73,45.35,-42.4323,34.8555,237.12,0
2017-11-10,15,14.1667,0.69,8.0,69,50.31,57.4233,-46.5916,30.8968,239.4,0
2017-11-10,16,13.6667,0.69,8.0,73,56.365,59.19,-45.8845,30.1897,248.571,0
2017-11-10,18,13.3333,1.38,7.5,79,67.89,80.58,-38.6638,32.1694,297.0,0
2017-11-11,8,20.8333,1.3,5.33333,84,8.15,67.16,-15.6899,59.8791,165.714,1
2017-11-11,10,19.8333,0.74,5.0,71,11.1,59.2633,-6.88824,57.6298,195.873,1
2017-11-11,11,19.3333,0.74,4.83333,68,10.245,67.16,-6.88824,54.6298,202.926,1
2017-11-11,12,19.5,0.74,5.0,72,9.87,54.69,-13.7765,52.2597,205.8,1
2017-11-11,13,19.5,0.0,5.16667,72,13.81,52.6467,-14.9245,55.0313,188.779,1
2017-11-11,14,19.5,0.0,5.5,72,12.27,50.73,-23.3435,56.3567,163.4,1
2017-11-11,15,19.1667,0.0,5.5,73,19.8,50.31,-23.7262,57.2806,171.943,1
2017-11-11,16,18.1667,0.0,5.5,72,16.62,56.365,-21.8128,52.6612,209.182,1
2017-11-11,18,15.6667,1.35,5.16667,75,29.6,67.89,-22.5781,54.5089,253.895,1
2017-11-12,4,11.5,1.12,3.5,88,22.02,9.93,-46.922,33.9332,270.3,1
2017-11-12,6,10.3333,1.12,3.16667,88,16.315,8.87,-37.4768,37.4768,321.48,1
2017-11-12,7,10.3333,1.04,3.16667,87,22.02,8.6,-33.8498,38.7206,348.0,1
2017-11-12,8,10.1667,1.04,3.33333,86,16.025,8.15,-33.8498,48.7206,300.0,1
2017-11-12,9,10.3333,0.48,3.5,84,14.48,10.55,-29.574,50.398,321.6,1
2017-11-12,10,11.3333,0.48,3.66667,81,14.415,11.1,-18.668,47.0688,319.2,1
2017-11-12,11,12.5,0.48,4.0,74,10.87,10.245,-9.567,49.097,276.12,1
2017-11-12,12,13.5,0.48,4.33333,66,12.6,9.87,-9.567,54.097,228.0,1
2017-11-12,13,14.1667,0.0,4.66667,61,14.73,13.81,-5.35752,58.9343,212.914,1
2017-11-12,14,14.0,0.0,4.83333,60,17.65,12.27,0.0,60.0,226.8,1
2017-11-12,15,13.0,0.0,5.0,62,30.38,19.8,0.0,54.0,273.28,1
2017-11-12,16,11.5,0.0,5.0,68,35.02,16.62,-3.06144,61.391,267.12,1
2017-11-12,17,10.0,0.0,4.83333,78,58.27,13.37,-8.01121,51.3408,346.48,1
2017-11-12,18,8.66667,0.0,4.66667,81,85.06,29.6,-12.2539,55.5835,352.0,1
2017-11-13,4,11.8333,2.78,3.0,90,34.47,22.02,-28.6922,-48.2689,260.945,0
2017-11-13,6,12.0,2.28,3.0,91,32.9,16.315,-13.1357,-56.7125,240.0,0
2017-11-13,7,11.8333,1.14,2.83333,92,36.115,22.02,-5.35752,-59.9343,268.029,0
2017-11-13,8,11.1667,0.0,2.83333,89,34.77,16.025,7.0711,-54.0711,291.5,0
2017-11-13,9,11.0,0.51,2.83333,87,40.865,14.48,10.8979,-51.3099,313.5,0
2017-11-13,10,10.6667,0.51,2.83333,83,38.6,14.415,15.1074,-49.4726,324.8,0
2017-11-13,11,10.1667,1.04,3.0,81,41.31,10.87,25.1074,-37.4726,341.127,0
2017-11-13,12,10.1667,1.04,3.16667,79,45.68,12.6,33.4223,-40.9167,300.0,0
2017-11-13,13,10.8333,1.04,3.5,80,44.595,14.73,37.3512,-22.8456,346.92,0
2017-11-13,14,11.6667,1.04,3.66667,81,50.52,17.65,47.5244,-13.6068,305.455,0
2017-11-13,15,12.3333,0.53,3.66667,83,51.1,30.38,57.1731,2.29608,250.92,0
2017-11-13,16,13.0,0.53,3.66667,84,51.56,35.02,49.4649,16.3468,238.255,0
2017-11-13,17,13.3333,0.0,3.5,85,51.87,58.27,48.3644,26.2464,230.4,0
2017-11-13,18,13.1667,0.0,3.33333,85,54.47,85.06,42.1426,34.0246,264.0,0
2017-11-13,19,12.5,0.0,3.16667,86,60.89,84.45,49.2137,41.0957,240.0,0
2017-11-13,20,11.5,0.0,2.83333,86,46.78,82.1,42.4266,42.4266,286.0,0
2017-11-14,6,10.3333,0.0,1.5,84,21.4,32.9,29.6986,48.803,334.08,0
2017-11-14,7,10.0,0.0,1.33333,79,19.93,36.115,36.7697,48.0418,334.08,0
2017-11-14,8,9.83333,0.0,1.5,78,21.97,34.77,42.4266,55.4328,300.0,0
2017-11-14,9,9.83333,0.0,1.66667,74,23.12,40.865,41.7195,54.5089,323.345,0
2017-11-14,10,10.1667,0.0,2.0,67,32.55,38.6,41.7195,54.5089,323.345,0
2017-11-14,11,10.6667,0.0,2.33333,58,31.77,41.31,36.0626,47.1179,346.92,0
2017-11-14,12,11.1667,0.0,3.0,52,16.52,45.68,38.1839,49.8895,291.6,0
2017-11-14,16,10.6667,0.0,4.16667,65,32.56,51.56,9.19243,56.0104,299.815,0
2017-11-15,6,10.3333,0.0,2.0,79,41.85,21.4,-39.4278,34.557,313.6,0
2017-11-15,7,10.5,0.0,2.0,80,41.55,19.93,-37.4768,37.4768,321.48,0
2017-11-15,8,10.5,0.0,2.16667,80,46.7033,21.97,-34.2325,39.6445,336.3,0
2017-11-15,9,10.5,0.0,2.33333,76,49.0,23.12,-29.574,40.398,359.9,0
2017-11-15,10,10.3333,0.0,2.66667,73,43.8733,32.55,-25.6808,42.9992,346.92,0
2017-11-15,11,10.8333,0.0,3.16667,68,48.05,31.77,-22.8192,46.0908,326.8,0
2017-11-15,12,11.5,0.0,3.83333,65,44.44,16.52,-21.4301,51.7373,285.12,0
2017-11-15,16,11.3333,0.0,5.5,71,54.52,32.56,-23.3435,56.3567,259.2,0
2017-11-16,12,7.5,0.0,5.0,77,76.0133,44.44,-21.354,19.2004,477.0,0
2017-11-16,13,7.83333,0.0,5.83333,76,70.26,45.07,-25.4262,18.4018,420.0,0
2017-11-16,15,8.16667,0.0,7.0,82,84.29,45.915,-25.803,16.0726,360.0,0
2017-11-16,16,7.83333,0.0,7.0,86,91.95,54.52,-23.803,16.0726,374.85,0
2017-11-16,17,7.66667,0.0,6.83333,89,96.42,50.7,-24.803,16.0726,402.8,0
2017-11-16,18,7.33333,0.0,6.66667,90,94.795,63.84,-9.48804,12.6284,421.2,0
2017-11-17,12,7.83333,0.74,3.0,50,64.21,76.0133,20.3845,-3.85998,451.0,0
2017-11-17,13,8.16667,0.74,3.83333,50,72.0433,70.26,25.1418,0.38268,408.857,0
2017-11-17,15,8.16667,0.59,5.16667,61,78.63,84.29,8.903,9.567,360.0,0
2017-11-17,16,7.83333,0.59,5.5,74,82.43,91.95,-3.04677,14.5168,374.85,0
2017-11-17,17,7.5,0.36,5.66667,86,82.65,96.42,-16.59,16.8128,405.45,0
2017-11-17,22,6.83333,0.36,4.5,79,75.9,63.57,-19.4731,40.5604,486.0,0
2017-11-18,1,7.0,0.0,3.66667,73,75.9,63.57,15.4848,45.2727,438.6,1
2017-11-18,3,6.83333,0.0,3.0,77,42.68,55.2,31.216,44.6792,437.143,1
2017-11-18,4,6.5,0.0,2.66667,78,39.6133,50.94,35.4587,41.9218,454.629,1
2017-11-18,5,6.66667,0.0,2.16667,77,39.5,51.36,39.7013,39.1645,472.457,1
2017-11-18,6,6.66667,0.0,1.66667,80,38.025,54.95,40.4084,40.0884,469.05,1
2017-11-18,7,7.0,0.0,1.33333,82,38.78,62.3,39.7013,39.1645,472.457,1
2017-11-18,8,6.83333,0.0,1.33333,81,39.8,70.36,34.7516,42.2147,454.629,1
2017-11-18,9,7.16667,0.0,1.5,73,38.55,68.7,28.2844,45.5359,457.6,1
2017-11-18,10,8.0,0.0,1.83333,75,30.98,72.74,24.0417,49.2933,437.143,1
2017-11-18,11,8.5,0.0,2.5,68,38.3,68.0733,10.6398,50.2635,395.2,1
2017-11-18,12,9.33333,0.0,3.33333,65,37.78,64.21,-7.03792,46.4081,393.6,1
2017-11-18,13,9.83333,0.0,4.0,63,38.72,72.0433,-20.473,48.4262,327.6,1
2017-11-18,14,11.1667,0.0,4.5,64,22.4,77.8033,-28.2512,42.2044,305.25,1
2017-11-18,15,11.0,0.0,4.66667,66,22.28,78.63,-38.1508,44.104,260.945,1
2017-11-18,16,10.5,0.48,4.5,69,28.95,82.43,-38.891,38.891,305.455,1
2017-11-18,17,10.1667,0.96,4.16667,72,55.57,82.65,-36.7697,36.7697,348.0,1
2017-11-18,22,11.3333,0.96,2.33333,70,45.3,75.9,-45.7709,26.8289,300.667,1
2017-11-19,1,14.1667,0.96,2.16667,73,45.3,75.9,-53.585,22.1954,223.385,1
2017-11-19,3,15.5,1.19,2.5,84,34.98,42.68,-55.4432,30.0068,195.0,1
2017-11-19,4,15.1667,1.19,2.66667,85,31.07,39.6133,-51.2678,34.4906,195.52,1
2017-11-19,5,14.8333,1.19,2.66667,88,28.8,39.5,-45.8949,37.2357,226.8,1
2017-11-19,6,14.5,1.42,2.83333,86,29.48,38.025,-36.4704,44.0472,249.882,1
2017-11-19,7,13.8333,1.42,2.83333,85,26.2,38.78,-29.4243,44.0367,273.28,1
2017-11-19,8,13.3333,1.42,2.83333,83,28.8,39.8,-23.4098,44.5166,286.7,1
2017-11-19,9,13.8333,0.71,2.83333,79,23.22,38.55,-20.282,48.9656,277.114,1
2017-11-19,10,14.8333,0.71,3.0,77,19.2,30.98,-21.8128,52.6612,232.615,1
2017-11-19,11,15.8333,0.71,3.33333,74,22.87,38.3,-23.7262,57.2806,180.0,1
2017-11-19,12,17.0,0.48,3.66667,72,19.4,37.78,-21.4301,51.7373,198.4,1
2017-11-19,13,18.1667,0.48,4.0,71,26.4367,38.72,-22.1954,53.585,184.0,1
2017-11-19,14,18.5,0.48,4.33333,69,28.45,22.4,-28.7423,50.3903,186.66,1
2017-11-19,15,17.8333,0.48,4.5,68,22.515,22.28,-32.4025,43.2264,214.5,1
2017-11-19,16,16.6667,0.96,4.5,65,31.75,28.95,-42.302,53.126,186.66,1
2017-11-19,17,15.3333,0.96,4.5,67,32.02,55.57,-42.4266,42.4266,245.937,1
2017-11-19,18,14.3333,0.96,4.33333,66,24.72,70.76,-37.4768,37.4768,288.225,1
2017-11-19,22,15.3333,1.74,3.33333,74,10.28,45.3,-48.9401,39.7397,180.0,1
2017-11-20,1,16.1667,1.21,3.0,76,10.28,45.3,-49.6472,40.4468,194.541,0
2017-11-20,2,15.5,1.14,2.83333,82,9.13,28.8,-44.5479,44.5479,202.725,0
2017-11-20,3,14.5,1.62,2.66667,85,10.85,34.98,-42.4266,42.4266,226.8,0
2017-11-20,4,13.6667,1.62,2.5,87,10.14,31.07,-38.891,38.891,269.925,0
2017-11-20,5,12.8333,2.05,2.16667,88,9.13,28.8,-46.6693,46.6693,240.0,0
2017-11-20,6,11.8333,2.53,2.0,86,12.27,29.48,-43.1337,43.1337,276.48,0
2017-11-20,7,11.0,1.95,1.83333,85,12.22,26.2,-39.5982,39.5982,310.431,0
2017-11-20,8,11.0,2.25,1.83333,84,12.72,28.8,-34.2325,39.6445,329.018,0
2017-11-20,9,12.6667,1.77,1.83333,83,13.08,23.22,-35.6467,41.0588,305.455,0
2017-11-20,10,14.6667,1.77,2.0,79,10.13,19.2,-28.1266,44.9038,241.92,0
2017-11-20,11,16.6667,1.39,2.33333,75,11.9967,22.87,-0.96518,49.8431,165.415,0
2017-11-20,12,18.8333,0.96,2.5,73,8.0,19.4,8.22725,63.6507,141.943,0
2017-11-20,13,20.5,0.96,2.66667,70,7.69,26.4367,32.5271,65.4985,140.87,0
2017-11-20,14,21.5,0.53,2.83333,69,9.03,28.45,30.4057,62.7268,157.617,0
2017-11-20,15,20.6667,0.94,3.0,69,9.88,22.515,43.8408,57.2806,181.409,0
2017-11-20,16,19.0,0.94,2.83333,71,19.5,31.75,38.891,50.8134,214.5,0
2017-11-20,17,17.3333,1.17,2.66667,77,21.53,32.02,48.0835,62.8238,193.44,0
2017-11-20,18,15.3333,1.12,2.5,75,25.88,24.72,43.1337,56.3567,238.105,0
2017-11-21,6,7.16667,0.0,-1.33333,85,49.73,12.27,0.0,51.0,470.25,0
2017-11-21,7,6.5,0.0,-1.66667,90,48.8833,12.22,0.0,51.0,470.25,0
2017-11-21,8,6.33333,0.0,-2.0,82,43.13,12.72,0.0,56.0,452.4,0
2017-11-21,9,6.5,0.0,-1.83333,72,39.035,13.08,0.0,54.0,498.667,0
2017-11-21,10,6.66667,0.0,-1.33333,77,54.49,10.13,0.0,52.0,509.143,0
2017-11-21,11,6.66667,0.0,-0.666667,68,40.75,11.9967,-2.67876,51.4672,496.8,0
2017-11-21,12,6.5,0.0,0.166667,63,35.2,8.0,-2.67876,52.4672,477.0,0
2017-11-21,13,6.83333,0.0,1.33333,61,36.15,7.69,2.27101,52.9343,472.457,0
2017-11-21,14,6.83333,0.0,2.33333,62,30.48,9.03,7.22078,52.4015,486.0,0
2017-11-21,15,6.33333,0.0,2.83333,68,37.48,9.88,11.4634,49.9448,483.36,0
2017-11-21,16,5.83333,0.0,3.16667,75,78.59,19.5,14.2919,47.7732,517.0,0
2017-11-22,6,6.5,0.0,0.5,90,75.37,49.73,-7.62042,-48.3683,480.0,0
2017-11-22,9,8.83333,1.12,0.166667,88,68.6,39.035,-7.38742,-43.8057,419.76,0
2017-11-22,11,11.8333,1.96,1.0,84,66.2033,40.75,-23.909,-47.7218,281.657,0
2017-11-22,12,13.3333,2.8,1.5,81,68.6,35.2,-26.18,-46.2044,234.667,0
2017-11-22,13,14.1667,4.07,2.0,81,66.1,36.15,-34.0497,-49.2033,196.8,0
2017-11-22,14,15.0,2.95,2.5,83,64.84,30.48,-39.6815,-47.7995,195.52,0
2017-11-22,15,15.0,2.95,2.83333,87,62.56,37.48,-43.8408,-43.8408,217.412,0
2017-11-22,16,14.5,4.22,3.0,90,66.1,78.59,-41.0124,-41.0124,243.6,0
2017-11-23,6,8.83333,0.0,4.83333,96,64.15,75.37,-48.0418,-19.8994,386.4,0
2017-11-23,9,9.83333,0.0,5.16667,87,59.495,68.6,-50.8134,-21.0474,363.0,0
2017-11-23,11,12.3333,0.0,6.0,80,48.715,66.2033,-53.585,-22.1954,251.6,0
2017-11-23,12,13.5,0.0,6.66667,77,46.82,68.6,-51.7373,-21.4301,228.0,0
2017-11-23,13,14.5,0.0,7.33333,77,47.4,66.1,-56.3567,-23.3435,204.429,0
2017-11-23,14,15.0,0.0,8.0,79,44.595,64.84,-57.2806,-23.7262,203.52,0
2017-11-23,15,15.0,0.0,8.33333,84,38.8,62.56,-56.3567,-23.3435,218.625,0
2017-11-23,16,14.6667,0.0,8.5,82,53.38,66.1,-54.5089,-22.5781,235.125,0
2017-11-23,17,14.0,0.0,8.33333,95,53.41,61.54,-51.7373,-21.4301,254.88,0
2017-11-23,18,13.1667,0.0,8.0,93,61.86,66.95,-48.9656,-20.282,277.114,0
2017-11-23,22,11.0,0.0,6.16667,85,60.77,52.5,-51.7373,-21.4301,302.4,0
2017-11-24,0,10.3333,0.0,5.5,85,62.78,54.16,-48.9656,-20.282,329.018,0
2017-11-24,1,9.66667,0.0,5.33333,85,60.77,54.47,-47.1179,-19.5167,353.455,0
2017-11-24,2,9.16667,0.0,5.0,85,63.14,57.96,-40.1179,-19.5167,335.345,0
2017-11-24,3,8.66667,0.0,4.66667,85,64.3,54.73,-21.9552,-15.3072,372.655,0
2017-11-24,4,8.33333,0.0,4.5,85,64.925,57.53,-3.79252,-11.0977,403.68,0
2017-11-24,5,8.0,0.0,4.33333,86,70.655,59.775,4.20748,-11.0977,360.0,0
2017-11-24,6,7.33333,0.0,4.16667,87,69.515,64.15,6.05524,-10.3324,386.88,0
2017-11-24,7,7.16667,0.0,3.83333,89,68.66,58.735,10.6746,-8.41896,448.0,0
2017-11-24,8,6.83333,0.0,3.83333,86,72.315,61.62,6.43198,-4.1763,420.0,0
2017-11-24,9,7.0,0.0,4.0,79,62.645,59.495,9.20362,-3.02826,437.143,0
2017-11-24,10,7.16667,0.0,4.33333,74,67.49,50.135,-6.1113,-6.47238,420.0,0
2017-11-24,11,7.5,0.0,4.83333,66,69.41,48.715,-30.4262,-3.02826,470.25,0
2017-11-24,12,8.16667,0.0,5.66667,60,69.45,46.82,-28.4262,-3.02826,437.25,0
2017-11-24,13,9.16667,0.0,6.83333,55,68.845,47.4,-17.5911,-8.28174,379.44,0
2017-11-24,14,10.0,0.0,8.0,57,74.705,44.595,-19.8156,-15.2032,316.2,0
2017-11-24,16,10.6667,0.0,9.5,78,82.25,53.38,3.19488,-17.1166,321.48,0
2017-11-24,18,10.8333,0.0,9.83333,94,78.74,61.86,-29.6507,-16.8379,313.5,0
2017-11-24,22,10.6667,0.0,8.16667,83,70.53,60.77,-6.64028,-11.8631,321.48,0
2017-11-25,0,10.8333,0.0,7.5,82,69.19,62.78,33.8373,-4.20948,305.455,1
2017-11-25,1,10.5,0.0,7.33333,82,69.145,60.77,34.7612,3.8268,317.127,1
2017-11-25,2,9.83333,0.0,7.16667,89,65.88,63.14,15.4463,7.27092,341.127,1
2017-11-25,3,9.16667,0.0,7.0,86,68.85,64.3,8.97912,9.94968,323.345,1
2017-11-25,4,8.33333,0.0,6.83333,84,68.53,64.925,-8.48804,12.6284,372.655,1
2017-11-25,5,7.5,0.0,6.66667,85,70.305,70.655,-2.48804,12.6284,360.0,1
2017-11-25,6,7.0,0.0,6.5,86,67.335,69.515,-7.48804,12.6284,426.0,1
2017-11-25,7,7.0,0.0,6.16667,92,72.99,68.66,-11.488,12.6284,473.28,1
2017-11-25,8,7.33333,0.0,6.0,89,66.76,72.315,6.75076,8.80164,479.467,1
2017-11-25,9,8.16667,0.0,6.0,84,67.66,62.645,24.0657,5.35752,460.8,1
2017-11-25,10,9.0,0.0,6.33333,78,51.94,67.49,42.5328,2.67876,375.943,1
2017-11-25,11,10.1667,0.0,6.83333,74,56.065,69.41,54.0,0.0,332.8,1
2017-11-25,12,11.3333,0.0,7.5,71,50.23,69.45,28.9896,-4.97484,300.667,1
2017-11-25,13,12.0,0.0,8.33333,71,55.99,68.845,7.05524,-10.3324,240.0,1
2017-11-25,14,13.0,0.0,9.0,71,49.205,74.705,-25.9552,-15.3072,281.455,1
2017-11-25,16,14.8333,0.0,9.5,76,50.76,82.25,-53.585,-22.1954,230.4,1
2017-11-25,22,13.8333,1.12,8.5,81,37.4,70.53,-0.868639,-10.715,277.114,1
2017-11-26,0,13.1667,2.24,8.16667,83,27.67,69.19,53.0,0.0,265.5,1
2017-11-26,1,12.8333,2.24,8.0,89,13.2,69.145,29.9134,4.59216,271.385,1
2017-11-26,2,12.6667,3.36,7.66667,88,12.97,65.88,8.42812,13.0775,286.971,1
2017-11-26,3,12.3333,3.36,7.33333,89,11.45,68.85,0.649911,20.8557,249.171,1
2017-11-26,4,12.3333,3.36,6.83333,89,9.36,68.53,-17.5596,31.0184,277.714,1
2017-11-26,5,12.6667,2.24,6.16667,87,10.24,70.305,-36.9171,43.9527,260.0,1
2017-11-26,6,12.8333,2.24,5.5,86,10.985,67.335,-17.3452,46.8752,270.327,1
2017-11-26,7,13.1667,2.24,4.83333,82,5.52,72.99,-9.567,52.097,248.727,1
2017-11-26,8,13.3333,1.12,4.5,81,9.3,66.76,4.54202,54.8686,239.4,1
2017-11-26,9,13.8333,0.48,4.33333,80,16.435,67.66,18.3849,53.0209,269.925,1
2017-11-26,10,13.6667,0.48,4.33333,76,21.075,51.94,28.2844,49.9552,271.385,1
2017-11-26,11,13.3333,0.96,4.5,76,25.505,56.065,37.4768,48.9656,277.114,1
2017-11-26,12,13.5,0.96,4.66667,74,23.735,50.23,37.4768,48.9656,265.5,1
2017-11-26,13,13.6667,0.96,4.83333,72,27.645,55.99,38.891,50.8134,257.914,1
2017-11-26,14,13.8333,0.96,5.0,70,25.68,49.205,39.5982,51.7373,242.031,1
2017-11-26,15,13.3333,0.48,4.83333,70,25.12,54.46,39.5982,51.7373,248.571,1
2017-11-26,16,12.6667,0.48,4.5,73,25.58,50.76,37.4768,48.9656,277.114,1
2017-11-26,17,11.6667,0.0,4.0,72,22.98,61.29,43.8408,57.2806,258.514,1
2017-11-26,22,8.66667,0.0,1.66667,68,75.38,37.4,36.7697,48.0418,395.2,1
2017-11-27,0,8.5,0.0,1.16667,68,80.31,27.67,31.1128,49.6507,371.25,0
2017-11-27,1,8.0,0.0,0.833333,68,78.34,13.2,25.456,48.2597,409.867,0
2017-11-27,2,7.66667,0.0,0.333333,87,79.86,12.97,29.6986,52.5023,388.267,0
2017-11-27,3,6.83333,0.0,0.0,81,79.405,11.45,23.3346,50.1874,421.2,0
2017-11-27,4,6.33333,0.0,-0.333333,77,80.795,9.36,15.7643,47.4158,488.52,0
2017-11-27,5,5.83333,0.0,-0.833333,74,87.23,10.24,20.007,52.9591,464.28,0
2017-11-27,6,5.83333,0.0,-1.0,74,87.455,10.985,10.6398,49.2635,515.2,0
2017-11-27,7,6.0,0.0,-1.0,76,78.11,5.52,6.39717,53.5062,480.0,0
2017-11-27,8,6.33333,0.0,-0.833333,77,75.1,9.3,-4.91659,50.141,513.067,0
2017-11-27,9,7.16667,0.0,-0.5,74,78.025,16.435,-7.97803,48.5321,480.0,0
2017-11-27,10,7.66667,0.0,0.0,75,69.83,21.075,-16.0475,47.5282,457.6,0
2017-11-27,11,8.16667,0.0,0.833333,71,61.57,25.505,-17.5782,45.2237,432.0,0
2017-11-27,12,8.5,0.0,1.66667,68,65.615,23.735,-28.1849,46.0445,377.4,0
2017-11-27,13,9.0,0.0,2.33333,67,63.73,27.645,-21.6461,44.2585,393.6,0
2017-11-27,14,9.16667,0.0,3.0,67,66.195,25.68,-16.6964,49.3088,356.4,0
2017-11-27,15,9.0,0.0,3.5,69,71.59,25.12,-17.079,50.2326,363.0,0
2017-11-27,16,8.66667,0.0,3.66667,71,74.38,25.58,-16.6964,49.3088,366.667,0
2017-11-27,17,8.33333,0.0,3.66667,75,72.22,22.98,-15.931,47.461,395.2,0
2017-11-27,22,8.5,0.0,1.83333,76,81.39,75.38,-39.5066,38.9654,374.0,0
2017-11-28,0,9.33333,0.0,0.833333,80,75.61,80.31,-26.7489,22.6777,366.667,0
2017-11-28,1,9.83333,0.0,0.333333,80,73.285,78.34,-9.38487,16.3137,339.2,0
2017-11-28,2,10.5,0.0,-0.166667,80,60.61,79.86,8.97912,9.94968,300.0,0
2017-11-28,3,11.5,0.0,-0.666667,78,57.14,79.405,37.6851,3.44412,288.0,0
2017-11-28,4,12.3333,0.0,-0.833333,77,59.705,80.795,60.0,0.0,240.0,0
2017-11-28,5,13.1667,0.0,-1.0,78,61.265,87.23,53.0,0.0,265.5,0
2017-11-28,6,13.8333,0.0,-1.16667,79,61.145,87.455,27.1418,-5.7402,242.031,0
2017-11-28,7,14.3333,0.0,-1.0,78,57.53,78.11,0.283601,-11.4804,230.4,0
2017-11-28,8,14.8333,0.0,-0.833333,75,61.07,75.1,1.2836,-11.4804,221.571,0
2017-11-28,9,15.5,0.0,-0.333333,69,59.99,78.025,-27.4985,-17.6033,211.68,0
2017-11-28,10,16.1667,0.0,0.166667,66,55.535,69.83,-30.2701,-18.7513,187.68,0
2017-11-28,11,16.8333,0.0,0.833333,60,54.545,61.57,-13.4119,-13.0111,220.8,0
2017-11-28,12,17.3333,0.0,1.66667,56,51.08,65.615,-16.1836,-14.1592,205.8,0
2017-11-28,13,17.5,0.0,2.33333,55,50.24,63.73,18.4463,-7.27092,205.8,0
2017-11-28,14,17.1667,0.0,3.0,56,48.87,66.195,16.4463,-7.27092,225.095,0
2017-11-28,15,16.3333,0.0,3.33333,60,47.33,71.59,3.51196,-12.6284,193.768,0
2017-11-29,3,8.66667,0.0,1.0,81,67.16,57.14,2.13136,-10.715,369.6,0
2017-11-29,4,8.16667,0.0,0.833333,84,70.35,59.705,5.82688,-9.18432,403.68,0
2017-11-29,5,7.83333,0.0,0.833333,83,67.37,61.265,-0.640279,-11.8631,373.32,0
2017-11-29,6,7.33333,0.0,0.833333,84,69.635,61.145,-17.1074,-14.5418,402.8,0
2017-11-29,7,7.16667,0.0,0.833333,87,72.53,57.53,-31.6507,-16.8379,448.0,0
2017-11-29,8,6.83333,0.0,1.0,90,65.29,61.07,-33.6507,-16.8379,470.25,0
2017-11-29,9,6.83333,0.0,1.16667,92,72.11,59.99,-37.8934,-21.0806,436.05,0
2017-11-29,10,6.83333,1.85,1.5,89,58.19,55.535,-36.1592,-23.676,436.05,0
2017-11-29,11,7.16667,4.19,1.83333,86,72.785,54.545,-21.7682,-20.6146,452.4,0
2017-11-29,12,7.83333,4.19,2.0,86,71.43,51.08,-22.6921,-20.9973,420.0,0
2017-11-29,13,8.5,4.19,2.16667,87,72.45,50.24,-16.8288,-22.7108,413.4,0
2017-11-29,14,9.0,4.19,2.16667,88,73.98,48.87,-28.4482,-24.6242,385.0,0
2017-11-29,15,8.66667,4.19,2.16667,90,71.43,47.33,-32.5205,-23.8257,356.4,0
2017-11-30,3,7.83333,0.79,-0.5,92,76.29,67.16,54.0,0.0,421.2,0
2017-11-30,4,7.66667,1.55,-0.5,92,78.14,70.35,55.0,0.0,405.45,0
2017-11-30,5,8.16667,2.34,-0.333333,92,81.14,67.37,51.9498,-4.94977,421.2,0
2017-11-30,7,9.0,3.23,0.0,92,62.83,72.53,24.2218,-17.6777,374.85,0
2017-11-30,22,8.5,2.15,1.0,90,77.95,86.33,3.44412,-61.3149,383.314,0
2018-10-01,0,9.16667,0.0,7.33333,83,29.2,54.47,-52.6612,-21.8128,347.564,0
2018-10-01,2,8.83333,0.0,6.0,90,25.68,48.82,-49.8895,-20.6647,366.667,0
2018-10-01,4,8.33333,0.0,5.16667,91,31.88,54.6,-32.6507,-16.8379,395.2,0
2018-10-01,5,8.0,0.0,5.0,93,33.85,50.32,-25.6507,-16.8379,360.0,0
2018-10-01,7,7.33333,0.0,4.83333,100,24.28,22.47,-8.48804,-12.6284,417.6,0
2018-10-01,9,7.33333,0.0,5.83333,83,15.68,9.67,-5.7164,-11.4804,453.6,0
2018-10-01,11,8.5,0.0,8.5,55,15.7,9.25,-22.9552,-7.6536,408.857,0
2018-10-01,12,9.33333,0.0,10.3333,47,17.22,10.93,-47.1179,-3.44412,393.6,0
2018-10-01,15,11.3333,0.0,15.3333,42,32.65,27.77,-52.6612,21.8128,273.48,0
2018-10-01,16,11.1667,0.0,16.3333,44,54.86,30.77,-53.585,22.1954,271.745,0
2018-10-01,17,10.5,0.0,16.5,52,91.25,50.51,-51.7373,21.4301,302.4,0
2018-10-01,18,9.66667,0.0,16.1667,60,97.96,25.31,-47.1179,19.5167,359.9,0
2018-10-01,19,8.83333,0.0,15.5,67,112.16,69.8,-53.585,22.1954,345.6,0
2018-10-01,20,8.0,0.0,14.5,76,113.07,31.92,-48.9656,20.282,407.1,0
2018-10-01,21,7.33333,0.0,13.1667,83,107.48,34.23,-53.9154,25.2318,384.8,0
2018-10-02,0,7.16667,0.0,9.83333,82,63.08,29.2,-35.3449,36.8973,435.2,0
2018-10-02,2,7.83333,0.0,8.33333,85,20.87,25.68,-14.0957,45.0957,443.143,0
2018-10-02,4,9.0,0.0,7.66667,82,33.78,31.88,-2.67876,56.4672,360.0,0
2018-10-02,5,9.83333,0.0,7.5,83,27.97,33.85,0.0,54.0,345.257,0
2018-10-02,7,11.8333,0.0,7.5,93,15.98,24.28,0.0,56.0,275.6,0
2018-10-02,8,13.1667,0.0,7.66667,93,8.17,21.2,10.6066,50.8582,270.327,0
2018-10-02,9,14.5,0.0,8.0,88,10.02,15.68,22.6275,55.5642,216.0,0
2018-10-02,10,15.0,0.0,8.5,73,13.6,12.5,35.3555,60.194,180.0,0
2018-10-02,11,15.5,0.0,9.0,67,10.72,15.7,45.255,59.1283,187.68,0
2018-10-02,12,15.8333,0.0,9.66667,60,9.98,17.22,34.6484,60.2701,202.024,0
2018-10-02,14,15.8333,0.0,11.5,53,9.04,20.23,9.89954,59.9343,204.429,0
2018-10-02,15,15.5,0.0,12.1667,51,25.72,32.65,0.0,63.0,195.52,0
2018-10-02,16,15.8333,0.0,12.5,51,32.43,54.86,0.0,64.0,195.0,0
2018-10-02,17,16.0,0.0,12.5,55,25.73,91.25,0.0,64.0,195.0,0
2018-10-02,18,16.0,0.0,12.1667,57,16.37,97.96,-6.12288,62.7821,195.0,0
2018-10-02,19,15.6667,0.0,11.5,59,21.67,112.16,-12.2458,61.5642,195.0,0
2018-10-02,20,15.1667,0.0,10.3333,60,13.9,113.07,-22.1453,55.4637,210.6,0
2018-10-02,21,14.8333,0.0,9.33333,58,16.22,107.48,-31.3377,48.6561,235.125,0
2018-10-02,23,15.5,0.0,8.0,52,11.85,98.45,-41.0124,41.0124,230.4,0
2018-10-03,0,16.0,0.0,7.66667,52,10.42,63.08,-44.5479,44.5479,180.0,0
2018-10-03,2,18.1667,0.61,7.66667,57,8.9,20.87,-34.5238,45.3478,188.779,0
2018-10-03,4,19.1667,0.61,7.83333,69,9.35,33.78,-22.5781,54.5089,186.66,0
2018-10-03,5,19.0,0.61,8.0,74,4.64,27.97,-21.8128,52.6612,200.34,0
2018-10-03,8,19.6667,2.74,8.33333,77,8.8,8.17,0.0,59.0,177.0,0
2018-10-03,10,21.6667,2.74,8.83333,76,10.27,13.6,0.0,66.0,147.714,0
2018-10-03,11,23.5,2.74,9.33333,75,14.68,10.72,0.0,71.0,125.182,0
2018-10-03,12,25.3333,2.74,9.66667,72,15.02,9.98,0.0,55.0,154.015,0
2018-10-03,13,27.1667,1.83,10.3333,70,10.62,9.75,0.0,60.0,137.048,0
2018-10-03,14,28.6667,0.46,10.6667,67,12.52,9.04,0.0,63.0,128.981,0
2018-10-03,15,29.6667,0.46,11.0,67,8.38,25.72,0.0,63.0,131.962,0
2018-10-03,16,29.8333,0.46,11.1667,68,10.58,32.43,0.0,60.0,142.916,0
2018-10-03,17,29.1667,0.46,11.1667,59,16.0,25.73,0.0,56.0,157.076,0
2018-10-03,19,25.8333,0.0,10.8333,64,14.08,21.67,33.9413,71.3462,129.422,0
2018-10-03,20,23.6667,0.0,10.5,64,6.23,13.9,48.0835,62.8238,155.952,0
2018-10-03,21,21.5,0.0,10.1667,65,11.37,16.22,43.1337,56.3567,187.617,0
2018-10-03,23,17.8333,0.0,9.0,69,9.67,11.85,48.7906,63.7477,186.66,0
2018-10-04,0,16.5,0.0,8.33333,71,9.93,10.42,45.255,59.1283,208.8,0
2018-10-04,2,15.1667,0.0,7.5,71,12.88,8.9,42.4266,55.4328,220.0,0
2018-10-04,3,15.0,0.0,7.16667,68,6.46,3.24,42.4266,55.4328,220.0,0
2018-10-04,4,15.0,0.0,6.83333,66,12.43,9.35,42.4266,55.4328,220.0,0
2018-10-04,5,15.1667,0.0,6.66667,65,8.44,4.64,42.4266,55.4328,220.0,0
2018-10-04,10,17.0,0.0,7.33333,74,7.99,10.27,24.7488,49.3358,224.824,0
2018-10-04,11,17.6667,0.0,8.16667,68,9.55,14.68,25.456,50.2597,216.847,0
2018-10-04,13,18.8333,0.0,10.1667,54,12.05,10.62,41.0124,53.585,184.0,0
2018-10-04,14,19.3333,0.0,11.1667,49,7.23,12.52,42.4266,55.4328,180.0,0
2018-10-04,16,19.3333,0.0,12.5,46,70.03,10.58,41.7195,54.5089,186.66,0
2018-10-04,17,18.5,0.0,12.6667,52,59.18,16.0,39.5982,51.7373,207.36,0
2018-10-04,19,15.3333,0.0,11.6667,62,43.27,14.08,44.5479,58.2044,222.821,0
2018-10-04,20,13.3333,0.0,10.8333,69,78.9,6.23,31.1128,49.6507,293.647,0
2018-10-04,21,11.5,0.0,9.83333,75,79.88,11.37,31.1128,57.6507,292.518,0
2018-10-04,23,9.0,0.0,7.66667,76,44.57,9.67,12.9691,56.7268,352.0,0
2018-10-05,3,8.33333,0.0,6.0,79,33.6,6.46,-26.5376,48.0676,374.85,0
2018-10-05,4,8.5,0.0,6.16667,79,33.63,12.43,-32.9016,46.4316,360.0,0
2018-10-05,5,8.66667,0.0,6.5,78,42.73,8.44,-33.1427,38.0135,409.867,0
2018-10-05,7,9.0,0.0,7.16667,84,41.02,19.48,-37.4768,37.4768,371.25,0
2018-10-05,9,9.5,0.0,8.0,71,34.43,16.68,-39.5982,39.5982,339.2,0
2018-10-05,11,10.1667,0.0,10.0,56,31.05,9.55,-41.7195,41.7195,312.12,0
2018-10-05,13,11.5,0.0,13.0,46,22.52,12.05,-39.5982,39.5982,285.12,0
2018-10-05,16,12.1667,0.0,16.6667,47,64.3,70.03,-36.0626,36.0626,291.877,0
2018-10-05,17,11.6667,0.0,16.6667,47,63.5,59.18,-45.3014,39.8894,259.2,0
2018-10-05,19,10.3333,0.0,15.3333,61,40.93,43.27,-26.2315,24.9487,343.385,0
2018-10-05,20,9.66667,0.0,14.0,70,21.68,78.9,-17.2315,24.9487,310.708,0
2018-10-05,21,9.16667,0.0,12.6667,76,34.1,79.88,0.960961,15.7562,345.6,0
2018-10-05,23,9.16667,0.0,10.3333,76,36.42,44.57,36.6851,3.44412,366.667,0
2018-10-06,1,9.16667,0.0,8.83333,83,40.93,35.87,55.0,0.0,352.8,1
2018-10-06,4,9.16667,0.0,7.66667,87,25.17,33.63,55.0,0.0,352.8,1
2018-10-06,5,9.0,0.0,7.33333,85,37.9,42.73,55.0,0.0,363.0,1
2018-10-06,7,9.0,0.0,6.5,100,28.57,41.02,19.3702,-6.88824,366.667,1
2018-10-06,9,9.16667,0.0,7.0,84,23.68,34.43,-15.2597,-13.7765,366.667,1
2018-10-06,11,10.1667,0.0,9.0,56,20.58,31.05,-52.6612,-21.8128,325.867,1
2018-10-06,13,11.6667,0.0,12.8333,44,26.02,22.52,-26.7268,-16.4552,275.6,1
2018-10-06,15,13.1667,0.0,16.5,43,51.31,45.5,29.9896,-4.97484,251.631,1
2018-10-06,16,13.1667,0.0,17.6667,45,55.73,64.3,55.0,0.0,251.631,1
2018-10-06,17,12.6667,0.0,18.3333,51,55.43,63.5,53.0,0.0,277.114,1
2018-10-06,19,11.5,0.0,18.1667,69,52.5,40.93,59.0,0.0,295.68,1
2018-10-06,20,10.6667,0.0,17.3333,76,31.25,21.68,54.0,0.0,332.215,1
2018-10-06,21,10.0,0.0,16.1667,78,48.18,34.1,51.0,0.0,353.455,1
2018-10-07,0,9.33333,0.0,13.3333,77,25.89,41.2,39.6851,3.44412,337.08,1
2018-10-07,1,9.16667,0.0,12.6667,78,39.75,40.93,21.3702,6.88824,349.92,1
2018-10-07,2,9.0,0.0,12.3333,78,40.73,41.95,20.3702,6.88824,363.0,1
2018-10-07,4,9.0,0.0,11.5,84,39.45,25.17,19.3702,6.88824,366.667,1
2018-10-07,5,9.0,0.0,11.3333,82,37.57,37.9,19.3702,6.88824,366.667,1
2018-10-07,7,9.0,0.51,11.3333,88,31.63,28.57,54.0,0.0,366.667,1
2018-10-07,9,9.16667,0.51,12.0,75,33.83,23.68,36.6851,3.44412,366.667,1
2018-10-07,10,9.83333,0.51,13.0,62,25.41,13.18,18.4463,7.27092,352.8,1
2018-10-07,11,10.8333,0.51,14.1667,56,33.45,20.58,0.253851,16.4634,300.0,1
2018-10-07,12,12.0,0.51,15.3333,56,22.08,23.48,-28.3528,27.07,275.6,1
2018-10-07,13,13.1667,0.0,16.6667,58,34.92,26.02,-40.3516,34.9396,241.92,1
2018-10-07,14,14.3333,0.0,17.8333,61,22.45,36.38,-42.4266,42.4266,205.477,1
2018-10-07,15,15.0,0.0,19.0,64,35.57,51.31,-44.5479,44.5479,195.52,1
2018-10-07,16,14.6667,0.0,19.8333,60,19.88,55.73,-39.2988,46.8756,210.6,1
2018-10-07,17,13.6667,0.0,20.1667,65,12.62,55.43,-32.1945,45.7245,252.225,1
2018-10-07,19,11.3333,0.0,19.5,66,11.75,52.5,-24.3249,51.7257,303.525,1
2018-10-07,20,10.1667,0.0,18.6667,68,4.15,31.25,-13.0111,49.4119,361.371,1
2018-10-07,21,9.5,0.0,17.5,69,8.0,48.18,-6.64713,57.7268,331.629,1
2018-10-08,0,10.8333,0.0,13.5,78,8.97,25.89,37.5216,28.9782,313.6,0
2018-10-08,1,11.0,0.0,12.3333,81,13.43,39.75,49.5216,19.9782,275.6,0
2018-10-08,2,11.0,0.0,11.3333,82,13.6,40.73,52.3965,15.4901,273.48,0
2018-10-08,5,9.33333,0.0,8.83333,85,15.1,37.57,58.2597,13.7765,321.6,0
2018-10-08,7,8.33333,0.0,7.5,88,9.3,31.63,48.0418,19.8994,403.68,0
2018-10-08,8,8.33333,0.0,7.16667,82,9.33,33.13,55.4328,22.9608,360.0,0
2018-10-08,10,8.16667,0.0,7.33333,65,8.35,25.41,55.8791,15.6899,360.0,0
2018-10-08,11,8.0,0.0,7.83333,58,9.9,33.45,54.0313,9.567,374.85,0
2018-10-08,13,7.66667,0.0,9.5,49,14.35,34.92,52.1836,-1.9134,405.45,0
2018-10-08,15,6.5,0.0,11.3333,45,61.59,35.57,49.4119,-13.0111,463.6,0
2018-10-08,16,6.0,0.0,12.0,44,73.92,19.88,54.0313,-14.9245,450.667,0
2018-10-08,17,5.5,0.0,12.0,62,82.97,12.62,47.8598,-17.753,532.0,0
2018-10-08,18,5.0,0.0,11.8333,63,54.84,7.56,49.3905,-21.4485,530.0,0
2018-10-08,19,4.66667,0.0,11.5,64,76.15,11.75,40.3905,-25.4485,595.2,0
2018-10-08,20,4.5,0.0,10.8333,70,51.85,4.15,38.4771,-30.0679,559.543,0
2018-10-08,21,4.66667,0.0,9.83333,76,80.15,8.0,30.0965,-32.0085,599.657,0
2018-10-08,23,5.5,0.0,8.0,78,77.52,9.03,10.6235,-36.4369,641.143,0
2018-10-09,0,6.0,0.0,7.5,73,73.35,8.97,-0.79347,-38.708,626.4,0
2018-10-09,1,6.16667,0.0,6.83333,72,72.37,13.43,-11.2865,-41.3616,586.56,0
2018-10-09,2,6.5,0.0,6.33333,75,61.15,13.6,-21.4492,-41.7443,540.0,0
2018-10-09,5,6.83333,0.0,5.66667,88,55.26,15.1,-41.383,-30.0178,477.0,0
2018-10-09,7,7.0,0.0,5.0,89,44.93,9.3,-47.7786,-25.5894,454.629,0
2018-10-09,8,7.16667,0.0,5.0,90,37.93,9.33,-49.296,-23.3184,454.629,0
2018-10-09,10,7.5,0.0,6.16667,78,29.38,8.35,-47.1179,-19.5167,460.8,0
2018-10-09,11,7.83333,0.0,7.5,65,28.02,9.9,-48.0418,-19.8994,443.143,0
2018-10-09,13,8.5,0.0,10.6667,50,29.3,14.35,-17.1074,-14.5418,375.943,0
2018-10-09,15,8.66667,0.0,13.5,49,55.66,61.59,21.2179,-6.12288,386.4,0
2018-10-09,16,8.5,0.0,14.5,54,76.36,73.92,36.609,-3.06144,386.4,0
2018-10-09,17,8.0,0.0,14.8333,65,76.65,82.97,51.0,0.0,409.867,0
2018-10-09,19,7.16667,0.0,14.3333,78,80.53,76.15,42.4567,-2.29608,432.667,0
2018-10-09,20,6.83333,0.0,13.5,86,82.67,51.85,26.9896,-4.97484,463.6,0
2018-10-10,0,7.33333,0.0,9.0,91,60.47,73.35,-25.2094,-18.7262,437.143,0
2018-10-10,2,7.0,0.0,7.83333,94,53.34,61.15,-25.2094,-18.7262,420.0,0
2018-10-10,4,6.5,0.0,7.5,93,71.91,60.18,-1.19901,-13.7514,454.629,0
2018-10-10,5,6.16667,0.0,7.16667,95,71.48,55.26,-1.79252,-11.0977,472.457,0
2018-10-10,6,6.0,0.0,6.66667,97,69.69,49.27,-0.868639,-10.715,503.25,0
2018-10-10,7,6.0,0.0,6.33333,100,61.78,44.93,0.97912,-9.94968,538.65,0
2018-10-10,8,6.0,0.0,6.5,100,41.14,37.93,-4.56416,-12.2458,497.25,0
2018-10-10,9,6.16667,0.0,7.0,94,48.92,19.05,-2.7164,-11.4804,517.029,0
2018-10-10,10,6.33333,0.0,7.83333,77,31.97,29.38,-16.1836,-14.1592,499.8,0
2018-10-10,11,6.66667,0.0,9.33333,65,29.42,28.02,-28.6507,-16.8379,480.0,0
2018-10-10,12,7.0,0.0,11.1667,56,27.9,30.07,-48.0418,-19.8994,496.8,0
2018-10-10,15,7.83333,0.0,16.5,52,65.0,55.66,-44.5734,-25.0902,432.0,0
2018-10-10,16,8.0,0.0,17.5,56,84.98,76.36,-42.0916,-30.1852,408.857,0
2018-10-10,17,8.0,0.0,17.8333,64,109.84,76.65,-38.6859,-34.8975,392.229,0
2018-10-10,19,8.16667,0.0,17.1667,86,91.96,80.53,-30.9506,-43.9394,390.0,0
2018-10-10,20,8.33333,0.0,16.0,95,68.91,82.67,-27.0036,-49.1928,374.85,0
2018-10-11,0,9.16667,0.0,10.6667,90,69.76,60.47,-20.6647,-49.8895,356.4,0
2018-10-11,2,9.16667,0.0,8.83333,95,67.62,53.34,-21.0474,-50.8134,352.8,0
2018-10-11,4,9.5,0.0,8.0,89,69.95,71.91,-21.4301,-51.7373,339.2,0
2018-10-11,5,9.66667,0.0,7.83333,89,76.81,71.48,-21.8128,-52.6612,337.08,0
2018-10-11,6,10.0,0.0,7.66667,93,67.21,69.69,-22.1954,-53.585,312.8,0
2018-10-11,7,10.3333,0.0,7.66667,95,59.31,61.78,-19.5167,-47.1179,340.267,0
2018-10-11,8,10.8333,0.0,8.0,91,55.58,41.14,-20.282,-48.9656,321.48,0
2018-10-11,9,11.3333,0.0,8.66667,83,39.48,48.92,-21.0474,-50.8134,297.0,0
2018-10-11,10,11.8333,0.0,9.66667,75,27.97,31.97,-22.1954,-53.585,271.745,0
2018-10-11,11,12.5,0.0,11.0,63,27.6,29.42,-22.9608,-55.4328,250.364,0
2018-10-11,12,13.5,0.0,12.6667,54,29.03,27.9,-25.1485,-45.7141,265.5,0
2018-10-11,15,16.0,0.0,18.0,46,55.43,65.0,-25.032,-43.4328,232.941,0
2018-10-11,16,16.5,0.0,19.0,49,55.25,84.98,-19.5167,-47.1179,232.941,0
2018-10-11,17,16.3333,0.0,19.5,54,50.97,109.84,-25.6396,-61.9,180.0,0
2018-10-11,19,15.3333,0.0,19.0,74,47.52,91.96,-23.3435,-56.3567,225.318,0
2018-10-11,20,15.0,0.0,18.0,78,29.72,68.91,-22.1954,-53.585,243.6,0
2018-10-11,21,14.5,0.0,17.0,78,47.2,90.2,-21.8128,-52.6612,239.4,0
2018-10-12,0,14.0,0.0,13.6667,82,25.67,69.76,-30.8968,-46.5916,245.92,0
2018-10-12,1,13.8333,0.0,12.8333,84,42.37,66.54,-34.349,-41.9258,257.914,0
2018-10-12,2,13.5,0.0,12.1667,87,44.57,67.62,-38.1839,-38.1839,267.429,0
2018-10-12,4,13.1667,0.0,11.3333,87,50.76,69.95,-36.7697,-36.7697,281.538,0
2018-10-12,6,12.8333,0.0,10.6667,88,52.76,67.21,-36.7697,-36.7697,281.538,0
2018-10-12,7,12.6667,0.0,10.3333,99,56.38,59.31,-36.0626,-36.0626,291.877,0
2018-10-12,8,12.5,0.0,10.3333,93,51.0,55.58,-44.5479,-44.5479,240.0,0
2018-10-12,9,12.3333,0.0,10.5,84,39.35,39.48,-43.8408,-43.8408,249.508,0
2018-10-12,11,12.3333,0.0,12.1667,57,31.78,27.6,-43.1337,-43.1337,249.9,0
2018-10-12,12,12.5,0.0,13.6667,50,34.28,29.03,-43.8408,-43.8408,240.0,0
2018-10-12,13,12.5,0.0,15.5,45,41.23,36.65,-36.0626,-36.0626,286.7,0
2018-10-12,15,12.3333,0.0,18.6667,45,81.04,55.43,-44.5479,-44.5479,240.0,0
2018-10-12,16,11.8333,0.0,19.6667,49,81.32,55.25,-43.1337,-43.1337,259.2,0
2018-10-12,17,11.1667,0.0,20.0,58,54.28,50.97,-41.0124,-41.0124,289.385,0
2018-10-12,19,10.3333,0.0,19.1667,73,54.91,47.52,-36.7697,-36.7697,348.0,0
2018-10-12,21,9.83333,0.0,16.8333,80,76.77,47.2,-42.4266,-42.4266,311.564,0
2018-10-13,0,9.83333,0.0,13.5,87,40.55,25.67,-46.762,-35.938,300.0,1
2018-10-13,1,9.66667,0.0,12.6667,88,56.29,42.37,-48.0058,-32.311,312.12,1
2018-10-13,2,9.33333,0.0,12.1667,89,57.67,44.57,-49.2496,-28.684,324.48,1
2018-10-13,4,8.66667,0.0,11.0,90,61.73,50.76,-46.4212,-25.8556,376.32,1
2018-10-13,6,8.33333,0.0,10.0,95,61.78,52.76,-48.4962,-33.3426,360.0,1
2018-10-13,7,8.33333,0.0,9.66667,99,50.06,56.38,-45.6213,-35.8797,360.0,1
2018-10-13,8,8.5,0.0,9.5,100,61.45,51.0,-43.6704,-38.7996,360.0,1
2018-10-13,9,8.83333,0.0,9.83333,92,52.2,39.35,-36.0626,-36.0626,401.85,1
2018-10-13,11,9.83333,0.0,11.8333,62,34.88,31.78,-41.9826,-36.0294,327.6,1
2018-10-13,12,10.1667,0.0,13.5,53,28.08,34.28,-46.4884,-34.582,300.0,1
2018-10-13,13,10.5,0.0,15.3333,48,33.97,41.23,-43.9231,-26.0635,326.8,1
2018-10-13,14,10.8333,0.0,17.1667,47,52.75,49.83,-47.7218,-23.909,309.12,1
2018-10-13,15,10.8333,0.0,18.6667,47,71.07,81.04,-48.4289,-24.6161,305.455,1
2018-10-13,16,10.6667,0.0,19.6667,50,77.48,81.32,-45.3373,-27.4777,317.127,1
2018-10-13,17,10.3333,0.0,20.0,56,68.84,54.28,-39.0015,-32.5071,329.018,1
2018-10-13,21,9.83333,0.0,16.8333,81,67.66,76.77,-25.8224,-52.3412,312.12,1
2018-10-14,0,10.1667,0.0,13.1667,84,63.43,40.55,-29.2496,-40.6148,346.92,1
2018-10-14,1,10.1667,0.0,12.3333,86,61.52,56.29,-32.4939,-38.4471,353.455,1
2018-10-14,2,10.0,0.0,11.6667,88,61.36,57.67,-39.565,-45.5182,300.0,1
2018-10-14,6,10.6667,0.0,9.5,100,51.44,61.78,-37.4768,-37.4768,321.48,1
2018-10-14,7,11.0,0.0,8.83333,100,49.55,50.06,-38.1839,-38.1839,309.12,1
2018-10-14,8,11.5,0.0,8.66667,100,47.53,61.45,-39.5982,-39.5982,294.0,1
2018-10-14,10,12.1667,0.0,9.66667,72,39.83,40.35,-42.4266,-42.4266,250.364,1
2018-10-14,11,12.8333,0.0,10.8333,59,26.57,34.88,-36.0626,-36.0626,286.7,1
2018-10-14,12,13.5,0.0,12.1667,51,35.5,28.08,-38.1839,-38.1839,261.415,1
2018-10-14,13,14.0,0.0,14.1667,47,39.3,33.97,-39.5982,-39.5982,242.031,1
2018-10-14,14,14.3333,0.0,16.0,47,42.3,52.75,-41.0124,-41.0124,223.385,1
2018-10-14,15,14.6667,0.0,17.6667,46,52.95,71.07,-42.4266,-42.4266,220.0,1
2018-10-14,16,14.6667,0.0,18.8333,48,40.28,77.48,-42.4266,-42.4266,220.0,1
2018-10-14,17,14.1667,0.0,19.3333,57,51.86,68.84,-41.0124,-41.0124,237.12,1
2018-10-14,18,13.6667,0.0,19.3333,64,33.88,51.46,-38.891,-38.891,264.0,1
2018-10-14,20,12.6667,0.0,17.6667,76,30.38,48.92,-45.255,-45.255,248.88,1
2018-10-14,21,12.1667,0.0,16.5,78,36.03,67.66,-43.1337,-43.1337,259.2,1
2018-10-14,23,12.0,0.0,13.8333,82,30.9,60.49,-42.4266,-42.4266,260.0,1
2018-10-15,0,11.8333,0.0,12.8333,80,30.95,63.43,-42.4266,-42.4266,260.0,0
2018-10-15,6,10.0,0.0,9.0,83,36.67,51.44,-36.0626,-36.0626,353.455,0
2018-10-15,7,9.66667,0.0,8.5,84,35.42,49.55,-42.4266,-42.4266,311.564,0
2018-10-15,10,9.66667,0.0,9.0,67,25.05,39.83,-40.3053,-40.3053,337.08,0
2018-10-15,11,10.0,0.0,10.3333,53,24.45,26.57,-43.3969,-37.4436,312.8,0
2018-10-15,12,10.5,0.0,12.0,44,25.55,35.5,-40.8316,-28.9251,340.267,0
2018-10-15,13,11.0,0.0,14.0,40,21.06,39.3,-45.5541,-27.1533,309.12,0
2018-10-15,14,11.3333,0.0,16.1667,40,31.85,42.3,-49.5696,-24.6744,285.12,0
2018-10-15,15,11.6667,0.0,17.8333,40,51.01,52.95,-53.585,-22.1954,271.745,0
2018-10-15,17,11.5,0.0,19.0,55,63.28,51.86,-54.5089,-22.5781,270.3,0
2018-10-15,18,11.1667,0.0,18.6667,60,52.31,33.88,-50.4935,-25.0571,291.5,0
2018-10-15,19,11.0,0.0,17.8333,65,71.01,42.6,-46.478,-27.536,313.5,0
2018-10-15,20,10.8333,0.0,16.3333,68,55.74,30.38,-43.1697,-30.722,324.8,0
2018-10-15,21,10.6667,0.0,15.0,68,72.52,36.03,-39.8613,-33.9081,329.018,0
2018-10-15,23,10.6667,0.0,12.5,79,68.42,30.9,-38.1839,-38.1839,309.12,0
2018-10-16,0,10.6667,0.0,11.5,81,58.69,30.95,-40.3516,-34.9396,317.127,0
2018-10-16,6,8.16667,0.0,7.66667,100,56.94,36.67,-36.7697,-36.7697,403.68,0
2018-10-16,7,7.83333,0.0,7.33333,100,56.0,35.42,-41.7195,-41.7195,373.32,0
2018-10-16,9,7.0,0.0,7.66667,87,48.37,30.4,-37.4768,-37.4768,448.0,0
2018-10-16,10,6.83333,0.0,8.5,68,35.13,25.05,-36.0626,-36.0626,479.467,0
2018-10-16,11,7.0,0.0,9.83333,57,42.37,24.45,-41.0124,-41.0124,435.2,0
2018-10-16,12,7.16667,0.0,11.6667,49,42.32,25.55,-40.3053,-40.3053,436.05,0
2018-10-16,14,7.66667,0.0,15.6667,44,57.13,31.85,-36.0626,-36.0626,460.8,0
2018-10-16,15,7.66667,0.0,17.1667,46,79.81,51.01,-36.7697,-36.7697,432.0,0
2018-10-16,17,7.16667,0.0,18.3333,60,96.32,63.28,-38.0703,-34.8231,443.143,0
2018-10-16,18,6.83333,0.0,18.0,67,90.24,52.31,-38.6638,-32.1694,470.25,0
2018-10-16,19,6.5,0.0,17.1667,72,100.64,71.01,-44.2071,-34.4655,436.05,0
2018-10-16,20,6.16667,0.0,15.8333,80,83.07,55.74,-44.0935,-31.1047,469.05,0
2018-10-16,21,6.0,0.0,14.3333,88,103.25,72.52,-43.9799,-27.7439,503.25,0
2018-10-17,0,6.0,0.0,10.1667,95,71.6,58.69,-37.7527,-21.0223,517.029,0
2018-10-17,1,6.0,0.0,9.16667,92,84.11,58.86,-38.3462,-18.3686,520.0,0
2018-10-17,2,5.83333,0.0,8.5,89,83.57,65.43,-38.3462,-18.3686,520.0,0
2018-10-17,4,5.66667,0.0,8.0,85,77.91,67.01,-36.4985,-17.6033,561.6,0
2018-10-17,5,5.66667,0.0,7.83333,86,79.94,68.85,-36.4985,-17.6033,561.6,0
2018-10-17,7,5.66667,0.0,7.33333,94,57.56,56.0,-35.1979,-19.5499,561.6,0
2018-10-17,8,5.83333,0.0,7.33333,94,49.45,51.6,-33.8972,-21.4964,561.6,0
2018-10-17,9,6.16667,0.0,7.66667,83,42.87,48.37,-44.1399,-25.7391,561.6,0
2018-10-17,10,6.66667,0.0,8.5,69,34.2,35.13,-43.5464,-28.3928,540.6,0
2018-10-17,11,7.16667,0.0,10.0,57,29.27,42.37,-39.7477,-30.5473,505.44,0
2018-10-17,14,9.16667,0.0,16.0,43,44.08,57.13,-36.0626,-36.0626,385.0,0
2018-10-17,15,9.5,0.0,17.6667,46,86.04,79.81,-38.891,-38.891,329.829,0
2018-10-17,16,9.33333,0.0,18.6667,53,95.67,89.1,-40.3053,-40.3053,325.867,0
2018-10-17,17,9.0,0.0,18.8333,61,103.55,96.32,-39.5982,-39.5982,339.2,0
2018-10-17,18,8.5,0.0,18.5,67,88.2,90.24,-38.1839,-38.1839,376.32,0
2018-10-17,19,8.0,0.0,17.6667,73,113.92,100.64,-36.0626,-36.0626,417.72,0
2018-10-17,20,7.5,0.0,16.3333,81,121.22,83.07,-41.0124,-41.0124,386.88,0
2018-10-17,21,7.16667,0.0,14.8333,86,119.56,103.25,-38.891,-38.891,429.0,0
2018-10-18,1,7.0,0.0,10.5,80,102.54,84.11,-39.5982,-39.5982,437.143,0
2018-10-18,2,7.0,0.0,10.0,83,78.58,83.57,-39.5982,-39.5982,437.143,0
2018-10-18,5,7.0,0.0,9.33333,81,90.28,79.94,-39.5982,-39.5982,437.143,0
2018-10-18,8,6.5,0.0,8.5,94,76.69,49.45,-38.1839,-38.1839,472.457,0
2018-10-18,9,6.33333,0.0,8.66667,85,66.96,42.87,-37.4768,-37.4768,490.629,0
2018-10-18,10,6.0,0.0,9.33333,76,56.44,34.2,-38.0703,-34.8231,509.143,0
2018-10-18,11,5.66667,0.0,10.5,63,52.32,29.27,-42.6897,-36.7365,480.0,0
2018-10-18,14,5.66667,0.0,15.8333,47,57.47,44.08,-22.8404,-13.4019,555.429,0
2018-10-18,15,5.66667,0.0,17.3333,49,84.09,86.04,-13.648,-4.20948,561.6,0
2018-10-18,16,5.83333,0.0,18.3333,56,102.36,95.67,-5.16268,4.27584,561.6,0
2018-10-18,17,6.0,0.0,18.8333,55,124.42,103.55,4.62326,10.8146,561.6,0
2018-10-18,18,6.0,0.0,18.6667,64,108.8,88.2,14.4092,17.3533,561.6,0
2018-10-18,19,6.0,0.0,18.0,75,141.12,113.92,25.9525,19.6494,546.96,0
2018-10-18,20,6.0,0.0,16.8333,86,102.64,121.22,36.5719,21.5628,524.16,0
2018-10-18,21,5.83333,0.0,15.3333,94,134.25,119.56,37.1152,19.2667,520.0,0
2018-10-19,5,5.66667,0.0,9.16667,94,95.2,90.28,42.0831,22.2631,626.4,0
2018-10-19,6,6.16667,0.0,9.5,97,80.95,83.07,41.0329,27.2129,604.2,0
2018-10-19,8,6.5,0.0,9.83333,100,70.61,76.69,36.0626,40.6148,556.5,0
2018-10-19,9,6.66667,0.0,10.0,94,62.77,66.96,38.1839,42.7361,480.0,0
2018-10-19,10,7.16667,0.0,10.3333,77,62.79,56.44,38.2871,37.0999,496.8,0
2018-10-19,11,7.66667,0.0,11.1667,66,58.46,52.32,42.3594,35.0008,438.6,0
2018-10-19,12,8.16667,0.0,12.1667,58,57.96,53.49,43.8741,25.2148,425.829,0
2018-10-19,14,9.66667,0.0,14.6667,51,58.11,57.47,49.1333,19.1089,345.257,0
2018-10-19,15,10.3333,0.0,15.8333,51,57.57,84.09,47.8791,15.6899,340.267,0
2018-10-19,16,10.5,0.0,16.6667,54,59.43,102.36,49.7268,16.4552,321.48,0
2018-10-19,17,10.3333,0.0,16.8333,65,85.57,124.42,48.9656,20.282,321.48,0
2018-10-19,18,10.0,0.0,16.6667,78,80.49,108.8,48.0418,19.8994,341.127,0
2018-10-19,19,9.5,0.0,16.0,87,110.29,141.12,55.4328,22.9608,311.564,0
2018-10-19,20,9.0,0.0,14.8333,94,87.21,102.64,52.6612,21.8128,347.564,0
2018-10-19,21,8.5,0.0,13.6667,92,99.28,134.25,50.4985,17.6033,385.527,0
2018-10-20,4,7.0,0.0,7.66667,98,76.65,97.62,56.9343,5.35752,420.0,1
2018-10-20,5,7.0,0.0,7.0,100,76.71,95.2,55.4015,8.03628,436.05,1
2018-10-20,6,7.0,0.0,6.66667,100,70.33,80.95,53.8686,10.715,437.143,1
2018-10-20,7,6.83333,0.0,6.33333,100,64.75,52.16,51.8184,15.6648,437.143,1
2018-10-20,8,6.66667,0.0,6.0,100,63.97,70.61,50.3617,17.9609,454.629,1
2018-10-20,9,6.66667,0.25,6.16667,95,61.64,62.77,48.905,20.257,472.457,1
2018-10-20,10,6.5,0.25,6.5,82,60.47,62.79,48.3721,22.9357,472.457,1
2018-10-20,11,6.5,0.25,7.33333,74,57.34,58.46,46.1476,24.4996,490.629,1
2018-10-20,12,6.5,0.25,8.16667,69,45.12,57.96,44.6302,26.7706,490.629,1
2018-10-20,13,6.83333,0.25,9.16667,66,55.44,61.4,43.1129,29.0416,490.629,1
2018-10-20,14,7.16667,0.25,10.1667,66,67.42,58.11,36.6457,34.3629,472.457,1
2018-10-20,15,7.16667,0.0,10.8333,68,75.82,57.57,31.6959,37.4131,438.6,1
2018-10-20,16,7.33333,0.0,11.3333,71,58.71,59.43,23.4739,41.5842,420.0,1
2018-10-20,17,7.33333,0.0,11.3333,83,53.61,85.57,15.2518,45.7553,420.0,1
2018-10-20,19,6.83333,0.71,10.8333,85,53.0,110.29,1.86326,51.301,420.0,1
2018-10-20,20,6.33333,0.71,10.5,86,36.14,87.21,-3.08651,52.3512,437.143,1
2018-10-20,21,6.16667,0.71,10.0,85,58.76,99.28,-4.50073,50.937,486.0,1
2018-10-21,0,6.66667,1.19,9.0,89,25.03,45.78,18.1885,33.4447,509.143,1
2018-10-21,2,7.5,1.19,8.33333,90,14.37,65.11,31.546,28.5104,457.6,1
2018-10-21,4,8.0,0.0,7.66667,89,35.37,76.65,44.0104,12.9748,413.4,1
2018-10-21,5,8.0,0.0,7.33333,90,32.85,76.71,46.4672,10.6788,392.229,1
2018-10-21,6,8.0,0.0,7.0,90,31.53,70.33,48.0,8.0,390.0,1
2018-10-21,7,7.83333,0.0,6.5,94,32.7,64.75,48.0,8.0,390.0,1
2018-10-21,8,7.66667,0.0,6.0,95,33.73,63.97,54.4672,-2.67876,405.45,1
2018-10-21,9,7.5,0.0,5.83333,92,29.45,61.64,52.9343,-5.35752,421.2,1
2018-10-21,10,7.5,0.0,6.0,74,26.1,60.47,51.4015,-8.03628,437.25,1
2018-10-21,11,7.5,0.0,6.5,70,21.07,57.34,50.7925,-11.0977,437.25,1
2018-10-21,12,7.5,0.0,7.16667,66,17.98,45.12,50.1836,-14.1592,437.25,1
2018-10-21,13,7.66667,0.0,8.16667,62,18.5,55.44,49.5746,-17.2206,437.25,1
2018-10-21,14,7.83333,0.0,9.33333,61,43.13,67.42,49.5746,-17.2206,425.829,1
2018-10-21,15,8.0,0.0,10.3333,63,67.64,75.82,51.1074,-14.5418,408.857,1
2018-10-21,16,7.83333,0.0,10.8333,64,99.83,58.71,52.6403,-11.8631,392.229,1
2018-10-21,17,7.66667,0.0,11.0,71,125.77,53.61,52.6403,-6.50556,405.45,1
2018-10-21,19,7.16667,0.0,10.6667,90,112.07,53.0,50.7925,4.97484,437.25,1
2018-10-21,21,6.33333,0.0,8.83333,97,98.24,58.76,54.488,12.6284,436.05,1
2018-10-21,23,4.66667,0.0,7.0,94,65.79,43.5,53.8791,15.6899,497.25,1
2018-10-22,0,4.0,0.0,6.16667,96,34.47,25.03,54.5862,16.397,540.0,0
2018-10-22,1,3.83333,0.0,5.33333,99,48.13,34.6,45.4381,19.1686,635.25,0
2018-10-22,2,3.83333,0.0,4.66667,100,25.27,14.37,43.5247,23.788,600.0,0
2018-10-22,4,4.5,0.0,4.16667,98,32.15,35.37,24.4654,32.1958,641.829,0
2018-10-22,5,5.33333,0.0,4.0,99,33.27,32.85,15.7022,35.0603,663.257,0
2018-10-22,6,5.83333,0.0,3.83333,100,34.0,31.53,6.93895,37.9249,667.8,0
2018-10-22,7,6.0,0.0,3.66667,100,34.85,32.7,-0.90041,41.1721,667.8,0
2018-10-22,8,6.16667,0.0,3.83333,100,40.52,33.73,-8.73977,44.4193,648.96,0
2018-10-22,10,6.66667,0.0,4.5,76,37.62,26.1,-21.0474,50.8134,480.0,0
2018-10-22,11,7.16667,0.0,5.33333,61,31.43,21.07,-19.8994,48.0418,496.8,0
2018-10-22,12,7.83333,0.0,6.33333,51,32.98,17.98,-21.0474,50.8134,438.6,0
2018-10-22,13,8.66667,0.0,7.66667,46,32.52,18.5,-20.282,48.9656,413.4,0
2018-10-22,14,9.5,0.0,9.0,44,43.45,43.13,-19.8994,48.0418,377.143,0
2018-10-22,15,10.1667,0.0,10.1667,44,46.72,67.64,-21.8128,52.6612,300.0,0
2018-10-22,16,10.5,0.0,11.0,45,42.53,99.83,-20.282,48.9656,313.6,0
2018-10-22,17,10.5,0.0,11.1667,55,36.92,125.77,-20.6647,49.8895,309.12,0
2018-10-22,19,10.0,1.45,10.8333,64,37.72,112.07,-16.0726,47.803,359.9,0
2018-10-22,21,9.66667,1.45,9.83333,70,23.52,98.24,-11.4804,55.7164,335.345,0
2018-10-22,23,11.0,1.45,9.16667,77,26.37,65.79,19.7887,43.1375,326.8,0
2018-10-23,0,11.6667,0.94,8.83333,76,15.08,34.47,32.723,39.495,263.467,0
2018-10-23,2,12.0,0.0,7.66667,79,9.21,25.27,44.7334,23.0854,291.877,0
2018-10-23,4,11.3333,0.0,6.16667,81,14.67,32.15,46.8652,36.5882,297.6,0
2018-10-23,5,10.6667,0.0,5.33333,84,16.02,33.27,41.0019,40.4694,332.215,0
2018-10-23,6,10.3333,0.0,4.66667,84,18.52,34.0,28.9915,45.4946,353.455,0
2018-10-23,7,10.6667,0.0,4.33333,83,20.23,34.85,21.2133,48.7164,346.92,0
2018-10-23,8,11.6667,0.0,4.33333,80,20.15,40.52,14.1422,52.4776,309.12,0
2018-10-23,10,14.6667,0.97,4.66667,77,14.38,37.62,24.0417,51.9436,208.145,0
2018-10-23,11,16.5,1.94,5.0,75,12.85,31.43,38.1839,46.4212,204.6,0
2018-10-23,12,18.5,2.91,5.5,76,13.08,32.98,41.7195,54.5089,177.0,0
2018-10-23,13,20.5,4.18,6.0,77,13.85,32.52,28.9915,60.8791,154.56,0
2018-10-23,14,25.6667,5.45,6.33333,78,10.82,43.45,14.8493,67.4015,130.743,0
2018-10-23,15,32.6667,5.45,6.66667,75,10.48,46.72,0.0,72.0,71.232,0
2018-10-23,16,36.5,4.48,6.83333,75,12.67,42.53,-22.9608,55.4328,100.0,0
2018-10-23,17,39.5,4.78,7.0,80,13.12,36.92,-39.416,95.1596,76.38,0
2018-10-23,19,45.0,5.13,7.0,81,10.02,37.72,-30.2317,72.9865,90.4615,0
2018-10-23,20,44.5,3.86,7.0,83,10.03,17.53,-30.9971,74.8343,86.73,0
2018-10-23,21,42.0,3.86,7.0,86,8.45,23.52,-32.5278,78.5298,77.0341,0
2018-10-23,23,43.5,3.91,7.16667,80,5.17,26.37,-34.4412,83.1492,73.3333,0
2018-10-24,0,44.6667,2.64,7.33333,78,5.22,15.08,-34.8239,84.0731,70.56,0
2018-10-24,2,47.6667,3.1,7.5,85,5.2,9.21,-35.9719,86.8447,67.6596,0
2018-10-24,4,49.6667,5.34,7.5,85,9.8,14.67,0.0,52.0,115.385,0
2018-10-24,5,50.0,5.34,7.33333,85,5.9,16.02,0.0,102.0,60.0,0
2018-10-24,6,50.3333,5.34,7.0,86,6.27,18.52,33.9413,94.3462,64.896,0
2018-10-24,7,50.6667,5.34,6.66667,88,7.27,20.23,68.5897,89.6164,62.475,0
2018-10-24,9,49.5,2.57,6.16667,84,8.72,18.58,70.0039,70.0039,60.0,0
2018-10-24,10,49.6667,0.79,6.0,76,11.42,14.38,36.0626,36.0626,117.647,0
2018-10-24,11,50.6667,0.79,5.83333,69,10.9,12.85,36.0626,36.0626,117.647,0
2018-10-24,12,51.8333,0.79,6.0,60,11.13,13.08,38.1839,38.1839,111.111,0
2018-10-24,13,53.1667,0.79,6.16667,52,13.92,13.85,39.5982,39.5982,107.143,0
2018-10-24,14,54.5,0.0,6.5,47,11.3,10.82,40.3053,40.3053,105.263,0
2018-10-24,15,55.3333,0.0,6.66667,46,11.83,10.48,41.0124,41.0124,103.448,0
2018-10-24,16,55.0,0.0,7.0,48,10.93,12.67,39.5982,39.5982,107.143,0
2018-10-24,17,53.5,0.0,7.33333,47,9.8,13.12,74.2466,74.2466,62.2929,0
2018-10-24,19,47.3333,0.0,7.16667,55,9.15,10.02,60.1043,60.1043,88.0,0
2018-10-24,21,37.5,0.0,6.83333,56,9.78,8.45,46.6693,46.6693,130.667,0
2018-10-24,23,29.0,0.0,5.83333,61,11.47,5.17,54.4475,54.4475,133.56,0
2018-10-25,0,25.5,0.0,5.5,64,11.43,5.22,48.0835,48.0835,155.952,0
2018-10-25,1,22.5,0.0,5.16667,68,12.1,5.88,43.8408,43.8408,176.727,0
2018-10-25,2,20.3333,0.0,4.83333,71,12.17,5.2,41.0124,41.0124,198.0,0
2018-10-25,3,18.8333,0.0,4.5,69,12.08,5.55,38.1839,41.869,217.579,0
2018-10-25,4,17.6667,0.0,4.16667,72,12.78,9.8,36.0626,43.216,236.733,0
2018-10-25,5,16.5,0.0,3.83333,72,15.05,5.9,46.6693,57.0742,194.133,0
2018-10-25,6,15.5,0.0,3.33333,71,14.25,6.27,43.8408,57.2806,217.412,0
2018-10-25,7,14.5,1.14,3.0,70,17.18,7.27,31.82,54.5746,243.6,0
2018-10-25,9,13.1667,2.28,2.83333,79,14.98,8.72,5.30738,49.0209,297.0,0
2018-10-25,10,13.1667,3.12,3.16667,85,17.23,11.42,0.33254,61.0313,240.0,0
2018-10-25,11,13.6667,3.12,3.5,89,14.7,10.9,-15.3072,48.9552,276.0,0
2018-10-25,12,14.8333,3.12,4.33333,92,10.97,11.13,-27.3281,48.9761,225.5,0
2018-10-25,13,16.6667,1.98,5.5,87,9.22,13.92,-25.4147,44.3567,216.72,0
2018-10-25,14,18.8333,1.32,6.83333,82,17.07,11.3,-19.6745,53.4985,164.965,0
2018-10-25,15,21.0,1.32,8.0,76,13.32,11.83,10.0241,64.5746,131.04,0
2018-10-25,16,22.8333,0.48,9.0,74,12.4,10.93,36.0626,47.1179,174.048,0
2018-10-25,17,24.1667,0.48,10.0,74,12.62,9.8,36.7697,48.0418,170.769,0
2018-10-25,18,24.6667,0.48,10.5,75,13.75,9.13,36.0626,47.1179,176.538,0
2018-10-25,19,24.5,0.48,10.5,77,13.62,9.15,52.3261,68.3671,129.6,0
2018-10-25,21,22.8333,0.0,9.66667,77,13.23,9.78,46.6693,60.9761,157.617,0
2018-10-25,23,20.6667,0.48,8.5,77,11.65,11.47,42.4266,55.4328,184.743,0
