data,timeofday,windspeed6,opady6,temp6,rhumid,index_avg,prev_index_avg,wind_dir_ns,wind_dir_ew,dispel50,is_weekend
2017-11-01,1,8.5,0.0,-1.83333,98,45.05,26.7812,-15.1103,56.3931,383.314,1
2017-11-01,2,7.0,0.0,-1.5,83,18.04,21.9475,-21.5774,41.0718,440.677,1
2017-11-01,3,6.83333,0.0,-1.0,83,9.6275,18.235,-24.4059,43.9003,460.431,1
2017-11-01,4,6.16667,0.0,-0.5,83,12.595,17.5,-16.4059,43.9003,420.0,1
2017-11-01,5,5.83333,0.0,0.0,83,15.455,16.1375,-19.9414,34.4358,482.4,1
2017-11-01,6,6.0,0.0,0.5,84,18.4788,15.8837,-18.4107,30.7403,549.067,1
2017-11-01,7,6.83333,0.0,1.16667,85,21.585,24.6287,-21.0895,37.2075,496.4,1
2017-11-01,8,7.66667,0.0,1.33333,84,26.3412,23.2987,-19.5588,33.5119,457.6,1
2017-11-01,9,7.66667,0.0,1.5,82,26.1362,17.8225,-17.4596,39.5308,420.0,1
2017-11-01,10,8.0,0.0,1.83333,75,20.65,16.1,-11.2254,41.4146,421.2,1
2017-11-01,11,9.16667,0.0,2.33333,67,22.5075,14.885,-21.9042,47.8818,399.36,1
2017-11-01,12,10.0,0.0,3.0,58,38.2113,12.8763,-21.0474,50.8134,329.829,1
2017-11-01,13,9.83333,0.0,3.66667,55,35.0438,13.745,-22.9608,55.4328,322.4,1
2017-11-01,14,10.1667,0.0,4.33333,55,31.9175,18.1225,-26.1469,52.1245,300.0,1
2017-11-01,15,10.5,0.0,4.83333,61,42.2425,26.06,-27.4195,44.1967,296.229,1
2017-11-01,16,11.0,0.0,5.16667,75,40.9038,48.7713,-31.8118,44.8006,302.4,1
2017-11-01,17,10.6667,0.0,5.16667,86,47.6813,59.8125,-34.2908,40.7852,324.8,1
2017-11-01,18,10.3333,0.0,5.0,90,50.3488,56.0387,-36.7697,36.7697,341.127,1
2017-11-01,19,9.83333,0.0,4.5,92,52.7675,56.3525,-32.8183,38.2303,353.455,1
2017-11-01,20,9.5,0.0,4.16667,89,51.22,62.4987,-38.4752,43.8872,323.345,1
2017-11-01,21,9.66667,0.0,4.0,89,44.015,68.665,-39.0119,39.5531,337.08,1
2017-11-02,1,10.1667,0.0,4.0,92,14.79,45.05,-40.1349,35.2641,300.667,0
2017-11-02,2,10.0,0.0,4.16667,90,12.8837,18.04,-36.7697,36.7697,341.127,0
2017-11-02,3,9.83333,0.0,4.33333,93,12.2063,9.6275,-42.4266,42.4266,311.564,0
2017-11-02,4,10.0,0.0,4.5,93,13.2238,12.595,-38.4752,43.8872,312.12,0
2017-11-02,5,9.66667,0.0,4.66667,93,14.3237,15.455,-39.1823,44.5943,322.4,0
2017-11-02,6,10.1667,0.0,4.83333,93,16.9387,18.4788,-37.7681,43.1801,345.6,0
2017-11-02,7,10.1667,0.0,4.83333,93,18.29,21.585,-34.9396,40.3516,291.6,0
2017-11-02,8,10.3333,0.0,4.83333,90,17.7537,26.3412,-35.7499,37.3735,321.48,0
2017-11-02,9,10.6667,0.0,5.0,80,17.4212,26.1362,-40.238,24.6906,341.127,0
2017-11-02,10,11.0,0.23,5.33333,74,11.1663,20.65,-20.4598,16.9124,321.48,0
2017-11-02,11,11.3333,0.23,5.83333,69,11.5712,22.5075,-0.38873,9.84129,325.68,0
2017-11-02,12,10.8333,0.23,6.5,68,15.1462,38.2113,22.2179,-0.76536,296.229,0
2017-11-02,13,11.5,0.23,7.33333,68,16.355,35.0438,40.6851,-3.44412,251.6,0
2017-11-02,14,11.8333,0.23,8.16667,68,16.3943,31.9175,38.8373,4.20948,260.0,0
2017-11-02,15,11.6667,0.23,8.66667,68,26.9625,42.2425,16.6746,8.41896,279.138,0
2017-11-02,16,12.0,0.0,8.83333,71,37.72,40.9038,-6.48804,12.6284,291.5,0
2017-11-02,17,12.3333,0.0,8.83333,89,34.8138,47.6813,-32.3462,18.3686,260.0,0
2017-11-02,18,12.0,0.81,8.5,93,42.125,50.3488,-47.1179,19.5167,281.455,0
2017-11-02,19,10.8333,0.81,8.0,95,47.57,52.7675,-37.1179,19.5167,240.0,0
2017-11-02,20,9.66667,1.44,7.33333,92,53.525,51.22,-22.9552,15.3072,317.127,0
2017-11-02,21,8.83333,1.44,6.83333,89,63.33,44.015,-26.6507,16.8379,335.345,0
2017-11-03,1,7.66667,1.26,5.66667,87,44.9538,14.79,5.38876,-8.16596,458.28,0
2017-11-03,2,8.66667,1.49,5.5,89,43.6275,12.8837,10.3385,-3.21619,420.0,0
2017-11-03,3,8.83333,1.49,5.33333,91,39.1538,12.2063,7.10515,4.49189,367.2,0
2017-11-03,4,9.33333,1.49,5.16667,92,34.9375,13.2238,17.5982,7.14558,389.88,0
2017-11-03,5,9.5,1.72,4.83333,93,29.7525,14.3237,36.0294,15.3292,360.0,0
2017-11-03,6,10.0,1.72,4.66667,92,28.6575,16.9387,40.3053,36.5785,313.65,0
2017-11-03,7,11.1667,1.72,4.5,94,30.58,18.29,37.4768,47.4482,321.48,0
2017-11-03,8,11.1667,0.86,4.33333,92,36.4075,17.7537,30.4057,52.2094,240.0,0
2017-11-03,9,11.1667,0.86,4.33333,89,34.2475,17.4212,25.456,57.2597,269.077,0
2017-11-03,10,11.1667,0.86,4.33333,98,41.975,11.1663,13.5848,51.7164,324.8,0
2017-11-03,11,10.8333,0.0,4.66667,98,40.025,11.5712,0.12461,52.6403,305.455,0
2017-11-03,12,10.5,0.0,5.0,96,28.745,15.1462,-14.7247,49.5487,339.429,0
2017-11-03,13,10.5,0.0,5.33333,97,25.28,16.355,-14.7247,58.5487,310.371,0
2017-11-03,14,10.3333,0.0,5.66667,97,38.9963,16.3943,-14.7247,48.5487,296.229,0
2017-11-03,15,10.6667,0.0,5.66667,97,52.285,26.9625,-12.0459,51.0815,321.231,0
2017-11-03,16,9.5,0.0,5.66667,99,59.605,37.72,-0.70711,45.4351,346.92,0
2017-11-03,17,9.33333,0.0,5.5,99,71.2425,34.8138,4.83617,47.7312,337.08,0
2017-11-03,18,9.33333,0.48,5.16667,99,77.2288,42.125,18.2713,48.975,339.2,0
2017-11-03,19,8.33333,0.48,4.83333,99,74.4788,47.57,24.6353,48.2899,387.771,0
2017-11-03,20,7.5,0.48,4.5,99,74.4512,53.525,24.6353,56.2899,360.0,0
2017-11-03,21,6.66667,0.48,4.33333,99,71.235,63.33,27.4637,45.1184,432.667,0
2017-11-04,1,5.5,0.0,3.0,96,36.08,44.9538,30.1045,33.4771,532.0,1
2017-11-04,2,5.83333,0.0,2.66667,100,32.1575,43.6275,30.1045,26.4771,480.0,1
2017-11-04,3,6.0,0.0,2.16667,100,30.3888,39.1538,18.1973,15.8661,530.0,1
2017-11-04,4,6.0,0.0,1.83333,100,28.525,34.9375,7.21387,9.4646,588.0,1
2017-11-04,5,5.66667,0.0,1.33333,100,30.3738,29.7525,2.59447,11.378,558.45,1
2017-11-04,6,5.5,0.0,1.16667,100,31.9775,28.6575,-1.10105,4.90872,566.1,1
2017-11-04,7,5.83333,0.0,1.16667,98,36.9362,30.58,3.60123,-1.61524,570.24,1
2017-11-04,8,5.5,0.0,1.16667,100,37.1738,36.4075,-8.24924,-2.79052,499.8,1
2017-11-04,9,5.83333,0.0,1.66667,99,37.5586,34.2475,-17.488,1.03628,555.429,1
2017-11-04,10,5.83333,0.0,2.5,90,33.7887,41.975,-29.4378,5.98605,555.429,1
2017-11-04,11,6.5,0.0,3.66667,78,20.6187,40.025,-32.9734,9.4505,583.0,1
2017-11-04,12,7.0,0.0,4.83333,70,14.69,28.745,-34.8211,8.68514,524.16,1
2017-11-04,13,7.0,0.0,6.0,68,15.4422,25.28,-31.9463,11.2223,468.0,1
2017-11-04,14,7.83333,0.0,7.16667,66,16.5175,38.9963,-25.2508,9.69161,479.467,1
2017-11-04,15,8.16667,0.0,7.83333,72,22.6425,52.285,-25.2508,9.69161,429.3,1
2017-11-04,16,8.66667,0.0,8.16667,72,38.2914,59.605,-29.8702,11.605,375.943,1
2017-11-04,17,8.66667,0.0,8.16667,83,42.4867,71.2425,-28.7759,13.2522,386.4,1
2017-11-04,18,9.66667,0.0,7.83333,91,31.1275,77.2288,-28.7759,19.3751,395.2,1
2017-11-04,19,10.1667,0.0,7.33333,90,32.3525,74.4788,-7.41192,13.0111,312.8,1
2017-11-04,20,10.6667,0.0,6.66667,87,26.4367,74.4512,3.903,9.567,326.8,1
2017-11-04,21,11.5,0.0,6.16667,87,24.1467,71.235,24.2179,6.12288,278.25,1
2017-11-05,1,13.0,0.0,4.33333,86,18.9767,36.08,52.0,0.0,286.971,1
2017-11-05,2,13.0,0.0,4.16667,87,13.82,32.1575,52.0,0.0,270.327,1
2017-11-05,3,12.8333,0.0,4.0,86,11.6067,30.3888,53.0,0.0,277.114,1
2017-11-05,4,12.8333,0.0,4.0,85,11.9667,28.525,52.0,0.0,281.538,1
2017-11-05,5,12.3333,0.0,3.83333,85,12.2083,30.3738,63.0,0.0,240.0,1
2017-11-05,6,12.0,0.0,3.83333,81,12.8633,31.9775,61.0,0.0,268.029,1
2017-11-05,7,11.8333,0.0,3.83333,88,14.425,36.9362,36.8373,4.20948,280.8,1
2017-11-05,8,11.5,0.0,3.83333,89,14.3833,37.1738,12.8269,9.18432,279.138,1
2017-11-05,9,11.1667,0.0,4.16667,84,17.045,37.5586,-9.41192,13.0111,294.0,1
2017-11-05,10,11.8333,0.0,4.66667,78,18.1617,33.7887,-30.5746,8.80164,294.0,1
2017-11-05,11,11.5,0.0,5.5,72,22.3767,20.6187,-26.5746,8.80164,250.364,1
2017-11-05,12,12.5,0.0,6.16667,67,23.67,14.69,-7.41192,4.59216,289.385,1
2017-11-05,13,12.6667,0.0,7.16667,62,24.0033,15.4422,30.8373,-4.20948,270.327,1
2017-11-05,14,14.0,0.0,8.0,65,26.115,16.5175,55.0,0.0,264.0,1
2017-11-05,15,15.0,0.0,8.33333,71,28.865,22.6425,58.0,0.0,190.4,1
2017-11-05,16,15.1667,0.0,8.5,70,40.595,38.2914,33.294,-6.50556,187.2,1
2017-11-05,17,16.1667,0.0,8.33333,76,45.335,42.4867,-12.488,-12.6284,236.733,1
2017-11-05,18,16.0,0.0,8.16667,78,39.675,31.1275,-26.3462,-18.3686,194.133,1
2017-11-05,19,14.8333,0.0,7.66667,77,40.44,32.3525,-59.1283,-24.4915,202.024,1
2017-11-05,20,13.6667,0.0,7.16667,78,36.7,26.4367,-36.4224,-17.986,279.0,1
2017-11-05,21,13.0,0.0,6.83333,77,35.1233,24.1467,-25.4224,-17.986,248.625,1
2017-11-06,1,13.1667,0.0,6.33333,72,27.4733,18.9767,-29.4985,-17.6033,214.338,0
2017-11-06,2,12.6667,0.0,6.33333,74,27.315,13.82,-50.8134,-21.0474,281.4,0
2017-11-06,3,11.5,0.0,6.33333,74,28.3883,11.6067,-58.2044,-24.1088,282.333,0
2017-11-06,4,10.0,0.0,6.33333,75,28.0217,11.9667,-47.1179,-14.9245,378.88,0
2017-11-06,5,8.66667,0.0,6.33333,76,29.15,12.2083,-55.4328,-11.4804,352.0,0
2017-11-06,6,8.0,0.0,6.0,77,32.9767,12.8633,-34.5746,-5.7402,427.938,0
2017-11-06,7,7.33333,0.0,5.5,86,34.43,14.425,-42.8895,-2.29608,384.0,0
2017-11-06,8,7.0,0.0,5.33333,85,40.1683,14.3833,-25.8791,2.67876,448.0,0
2017-11-06,9,7.0,0.0,5.5,74,39.715,17.045,-31.4224,0.38268,420.0,0
2017-11-06,10,6.5,0.0,6.0,65,39.375,18.1617,-27.3501,-0.41586,452.4,0
2017-11-06,11,6.0,0.0,6.66667,58,36.8133,22.3767,-25.5023,4.94166,457.6,0
2017-11-06,12,5.16667,0.0,7.66667,55,30.69,23.67,-22.7875,-0.18286,532.0,0
2017-11-06,13,4.83333,0.0,8.83333,59,28.575,24.0033,-21.2568,-3.87838,530.0,0
2017-11-06,14,4.16667,0.0,9.66667,63,28.3517,26.115,-24.0284,-2.73034,540.0,0
2017-11-06,15,4.33333,0.0,10.0,70,34.5167,28.865,-17.1277,-7.58868,641.143,0
2017-11-06,16,4.83333,0.0,9.83333,80,57.275,40.595,-17.6606,-10.2674,668.8,0
2017-11-06,17,5.5,0.0,9.16667,87,68.185,45.335,-1.03072,-17.1557,610.56,0
2017-11-06,18,5.83333,0.0,8.16667,93,81.4883,39.675,1.96928,-17.1557,561.0,0
2017-11-06,19,5.66667,0.0,7.0,96,78.86,40.44,13.0558,-12.5635,561.0,0
2017-11-06,20,6.16667,0.0,5.83333,96,74.5683,36.7,19.2985,-8.32086,649.0,0
2017-11-06,21,5.83333,0.0,4.83333,95,75.015,35.1233,24.2985,-8.32086,600.0,0
2017-11-07,1,5.16667,0.0,2.66667,100,80.5767,27.4733,43.8823,-19.4193,564.667,0
2017-11-07,2,5.83333,0.0,2.83333,96,78.77,27.315,45.73,-20.1847,593.6,0
2017-11-07,3,5.5,0.0,3.0,99,74.9267,28.3883,43.7791,-23.1045,577.2,0
2017-11-07,4,5.0,0.0,3.33333,100,74.146,28.0217,37.9004,-25.2259,649.0,0
2017-11-07,5,4.66667,0.0,3.83333,100,72.06,29.15,39.0485,-27.9975,644.8,0
2017-11-07,6,4.33333,0.0,4.16667,100,74.8217,32.9767,27.2625,-26.0509,610.56,0
2017-11-07,7,4.83333,0.0,4.33333,99,74.8633,34.43,30.0342,-27.199,600.0,0
2017-11-07,8,4.16667,0.0,4.33333,95,74.3517,40.1683,29.6536,-29.1124,600.0,0
2017-11-07,9,4.66667,0.0,4.5,90,63.5367,39.715,29.6536,-29.1124,622.2,0
2017-11-07,10,5.33333,0.0,4.5,82,51.5583,39.375,31.6001,-27.8117,659.85,0
2017-11-07,11,5.5,0.0,4.5,77,39.235,36.8133,30.893,-27.1046,624.24,0
2017-11-07,12,6.5,0.0,4.83333,79,41.21,30.69,31.9769,-25.4825,630.667,0
2017-11-07,13,7.16667,0.0,5.16667,78,42.7337,28.575,31.8065,-20.4413,540.8,0
2017-11-07,14,8.16667,0.0,5.5,79,42.3525,28.3517,41.2651,-28.2763,478.4,0
2017-11-07,15,9.16667,0.0,5.5,82,38.745,34.5167,41.6523,-32.9931,379.44,0
2017-11-07,16,9.5,0.0,5.16667,92,55.4912,57.275,42.3594,-33.7002,329.829,0
2017-11-07,17,9.66667,0.0,4.83333,97,63.0537,68.185,43.7736,-35.1144,300.0,0
2017-11-07,18,9.0,0.0,4.16667,98,66.93,81.4883,42.9633,-38.0925,312.8,0
2017-11-07,19,8.83333,0.0,3.33333,98,65.5,78.86,38.1839,-38.1839,366.667,0
2017-11-07,20,8.0,0.0,2.33333,99,59.2062,74.5683,34.8814,-39.211,398.618,0
2017-11-07,21,7.0,0.0,1.5,99,55.3187,75.015,37.1775,-44.7543,385.745,0
2017-11-08,1,6.5,0.0,0.833333,88,45.41,80.5767,15.3153,-45.3656,538.65,0
2017-11-08,2,6.83333,0.0,1.0,90,42.9987,78.77,6.21431,-48.0236,483.36,0
2017-11-08,3,6.83333,0.0,1.16667,92,36.945,74.9267,2.67876,-52.488,469.05,0
2017-11-08,4,7.16667,0.0,1.16667,92,33.145,74.146,1.9134,-50.6403,477.0,0
2017-11-08,5,7.33333,0.0,1.0,93,29.81,72.06,-0.38268,-53.097,438.6,0
2017-11-08,6,7.83333,0.0,0.666667,92,29.4862,74.8217,0.76536,-49.8686,453.6,0
2017-11-08,7,7.66667,0.0,0.666667,84,28.4786,74.8633,-1.9134,-48.3358,429.3,0
2017-11-08,8,7.5,0.0,0.833333,82,29.6187,74.3517,-6.03956,-50.2972,417.6,0
2017-11-08,9,7.66667,0.0,1.16667,79,31.1063,63.5367,-5.2742,-48.4494,437.25,0
2017-11-08,10,7.5,0.0,1.83333,80,34.4487,51.5583,-7.95296,-46.9166,432.0,0
2017-11-08,11,7.83333,0.0,3.0,68,37.2388,39.235,-16.7162,-44.052,437.25,0
2017-11-08,12,8.0,0.0,4.33333,63,43.2863,41.21,-16.7162,-47.052,402.8,0
2017-11-08,13,8.0,0.0,5.66667,64,40.0713,42.7337,-12.1603,-38.7371,392.229,0
2017-11-08,14,8.0,0.0,6.66667,67,42.6662,42.3525,-9.48156,-40.27,390.0,0
2017-11-08,15,7.66667,0.0,7.33333,73,53.935,38.745,3.17532,-34.6131,392.229,0
2017-11-08,16,8.16667,0.0,7.5,78,58.665,55.4912,9.38963,-31.6815,425.829,0
2017-11-08,17,8.16667,0.0,7.0,99,74.5175,63.0537,19.1395,-32.2854,375.943,0
2017-11-08,18,8.33333,0.0,6.0,100,96.0837,66.93,33.3849,-37.3849,372.764,0
2017-11-08,19,8.16667,0.0,4.83333,93,99.515,65.5,39.7488,-32.7488,360.0,0
2017-11-08,20,8.5,0.0,3.83333,100,91.8363,59.2062,34.4276,-39.216,374.85,0
2017-11-08,21,8.33333,0.0,3.0,100,70.52,55.3187,30.8717,-39.5309,375.84,0
2017-11-09,1,6.83333,0.0,2.33333,86,63.8312,45.41,23.7092,-50.2392,462.545,0
2017-11-09,2,6.33333,0.0,2.66667,87,66.1212,42.9987,15.931,-52.461,450.667,0
2017-11-09,3,6.16667,0.0,3.0,90,66.6237,36.945,9.567,-52.097,472.457,0
2017-11-09,4,5.83333,0.0,3.33333,92,71.0062,33.145,10.715,-54.8686,480.0,0
2017-11-09,5,5.16667,0.0,3.66667,92,70.948,29.81,9.18432,-51.1731,582.4,0
2017-11-09,6,5.16667,0.0,3.83333,92,72.7288,29.4862,13.1843,-51.1731,575.467,0
2017-11-09,7,5.16667,0.0,4.0,92,72.5338,28.4786,11.6536,-47.4776,566.1,0
2017-11-09,8,5.0,0.0,4.0,92,77.025,29.6187,0.88408,-34.9553,550.8,0
2017-11-09,9,5.16667,0.0,4.16667,89,74.9088,31.1063,5.88408,-26.9553,570.24,0
2017-11-09,10,5.5,0.0,4.5,80,74.27,34.4487,5.88408,-30.9553,540.0,0
2017-11-09,11,5.5,0.0,4.83333,75,69.725,37.2388,-0.64872,-24.4225,627.0,0
2017-11-09,12,5.33333,0.0,5.33333,71,70.4025,43.2863,-0.64872,-20.4225,618.12,0
2017-11-09,13,4.16667,0.0,6.0,72,70.3213,40.0713,-2.17944,-6.72696,667.8,0
2017-11-09,14,3.83333,0.0,6.5,73,75.42,42.6662,0.5922,-5.57892,660.0,0
2017-11-09,15,3.5,0.0,6.66667,78,67.9887,53.935,2.71353,2.54241,660.0,0
2017-11-09,16,3.16667,0.0,6.66667,83,58.285,58.665,3.41325,6.07941,693.6,0
2017-11-09,17,2.83333,0.0,6.66667,91,62.29,74.5175,5.03685,9.99909,717.6,0
2017-11-09,18,2.66667,0.0,6.33333,91,64.965,96.0837,6.88461,10.7645,720.0,0
2017-11-09,19,2.16667,0.0,5.83333,93,64.4375,99.515,5.00594,12.8858,773.76,0
2017-11-09,20,2.0,0.0,5.33333,94,66.96,91.8363,5.00594,12.8858,836.16,0
2017-11-09,21,2.0,0.0,5.0,93,69.84,70.52,6.42016,14.3,840.0,0
2017-11-10,1,2.83333,0.0,4.66667,92,67.5975,63.8312,12.8217,22.3635,1046.52,0
2017-11-10,2,3.33333,0.0,4.66667,95,63.4525,66.1212,27.6038,16.2406,1020.0,0
2017-11-10,3,3.0,0.0,4.66667,93,67.1488,66.6237,26.1393,16.7051,1088.64,0
2017-11-10,4,2.83333,0.0,4.5,92,68.905,71.0062,26.1393,16.7051,1153.44,0
2017-11-10,5,2.66667,0.0,4.16667,93,61.7812,70.948,26.1393,16.7051,1218.24,0
2017-11-10,6,3.0,0.0,3.83333,93,55.9212,72.7288,26.1393,17.7051,1246.56,0
2017-11-10,7,3.16667,0.48,3.33333,94,49.1688,72.5338,25.2154,18.0878,1178.1,0
2017-11-10,8,3.16667,0.48,3.16667,91,42.9525,77.025,20.279,13.071,1122.0,0
2017-11-10,9,4.0,0.96,3.16667,84,33.8725,74.9088,20.386,9.80164,1071.0,0
2017-11-10,10,5.16667,0.96,3.33333,78,23.5387,74.27,12.2311,4.35269,1009.8,0
2017-11-10,11,6.66667,0.96,3.83333,69,23.5688,69.725,1.89799,5.00155,826.2,0
2017-11-10,12,6.5,1.44,4.33333,63,27.73,70.4025,-13.488,8.62853,691.2,0
2017-11-10,13,6.66667,0.96,5.16667,62,28.6262,70.3213,-20.9447,15.544,699.84,0
2017-11-10,14,8.0,0.96,5.66667,64,35.1787,75.42,-30.1371,23.7364,477.0,0
2017-11-10,15,8.83333,0.99,5.83333,68,46.7212,67.9887,-27.3191,27.954,399.36,0
2017-11-10,16,9.83333,1.5,5.83333,76,48.5175,58.285,-35.8547,38.5607,361.029,0
2017-11-10,17,10.3333,1.5,5.5,91,59.7812,62.29,-40.0973,42.8033,312.12,0
2017-11-10,18,10.5,1.02,5.0,93,66.1225,64.965,-40.3053,40.3053,252.45,0
2017-11-10,19,10.1667,1.5,4.16667,93,65.5987,64.4375,-40.1917,36.9445,321.231,0
2017-11-10,20,9.33333,1.5,3.5,91,38.4688,66.96,-45.735,39.2406,321.6,0
2017-11-11,1,9.16667,0.0,2.66667,80,16.9862,67.5975,-27.803,3.8268,349.8,1
2017-11-11,2,10.0,0.48,3.0,74,13.545,63.4525,-14.2597,1.53072,341.85,1
2017-11-11,3,10.8333,0.48,3.16667,74,13.9838,67.1488,13.5224,7.6536,334.08,1
2017-11-11,4,10.1667,0.48,3.5,78,8.78625,68.905,35.7612,3.8268,297.0,1
2017-11-11,5,10.3333,0.48,3.83333,79,3.76875,61.7812,51.0,0.0,353.455,1
2017-11-11,6,11.0,0.48,3.83333,82,3.675,55.9212,29.8373,4.20948,333.45,1
2017-11-11,7,11.3333,0.48,3.66667,81,5.6225,49.1688,11.2307,14.8161,289.385,1
2017-11-11,8,11.3333,0.0,3.5,77,9.57625,42.9525,5.30177,24.0549,321.231,1
2017-11-11,9,12.0,0.0,3.33333,72,7.735,33.8725,-12.6731,36.0654,255.0,1
2017-11-11,10,13.8333,0.0,3.16667,67,7.06,23.5387,-15.016,47.5618,264.0,1
2017-11-11,11,14.6667,0.48,3.16667,59,11.8888,23.5688,-4.4093,53.9552,209.88,1
2017-11-11,12,15.3333,0.48,3.33333,60,17.4713,27.73,-11.4804,60.7164,180.0,1
2017-11-11,13,17.1667,0.96,3.5,55,18.6325,28.6262,-13.4351,46.4351,224.824,1
2017-11-11,14,18.1667,0.96,3.66667,54,16.5625,35.1787,-21.4714,48.8366,189.0,1
2017-11-11,15,16.1667,0.96,3.66667,57,20.43,46.7212,-28.7423,50.3903,181.895,1
2017-11-11,16,15.1667,0.96,3.5,65,33.2375,48.5175,-28.7423,55.3903,215.368,1
2017-11-11,17,14.5,0.48,3.0,72,40.62,59.7812,-19.5167,52.1179,289.714,1
2017-11-11,18,13.5,0.96,2.33333,75,38.3088,66.1225,-24.1088,63.2044,263.486,1
2017-11-11,19,13.0,0.48,1.66667,73,28.37,65.5987,-21.0474,55.8134,316.737,1
2017-11-11,20,12.3333,0.48,1.0,75,31.674,38.4688,-20.6647,49.8895,248.727,1
2017-11-12,1,9.5,0.61,0.5,70,12.0688,16.9862,-12.459,37.577,318.933,1
2017-11-12,2,8.33333,3.0,0.833333,73,10.0875,13.545,-5.57072,29.9471,385.12,1
2017-11-12,3,7.33333,3.0,1.16667,76,9.8275,13.9838,-11.2276,35.604,360.0,1
2017-11-12,4,7.83333,3.0,1.5,80,9.39625,8.78625,-7.08811,27.6761,434.215,1
2017-11-12,5,7.33333,3.0,1.83333,86,9.95875,3.76875,-1.08811,27.6761,420.0,1
2017-11-12,6,8.16667,2.39,2.0,91,14.18,3.675,5.33268,19.6317,448.0,1
2017-11-12,7,8.16667,2.39,2.0,86,22.7186,5.6225,-15.6778,24.6066,374.85,1
2017-11-12,8,8.33333,0.0,2.0,85,19.7925,9.57625,-17.3138,30.9706,374.0,1
2017-11-12,9,8.33333,0.0,2.0,80,24.8263,7.735,-20.7579,30.2855,360.0,1
2017-11-12,10,9.33333,0.0,2.0,84,28.7987,7.06,-21.5682,27.3074,360.0,1
2017-11-12,11,9.83333,0.0,2.16667,73,24.7925,11.8888,-12.6157,35.7151,300.0,1
2017-11-12,12,8.66667,0.0,2.33333,63,16.9775,17.4713,-13.4364,39.7831,343.938,1
2017-11-12,13,7.66667,0.0,2.66667,57,16.6787,18.6325,-5.66862,39.0509,395.2,1
2017-11-12,14,7.66667,0.0,3.0,57,14.455,16.5625,-6.81666,41.8225,417.6,1
2017-11-12,15,8.33333,0.0,3.16667,64,41.25,20.43,-21.4956,32.0144,417.6,1
2017-11-12,16,8.5,0.56,3.33333,65,44.7463,33.2375,-28.2141,27.909,360.0,1
2017-11-12,17,8.5,0.56,3.16667,76,33.87,40.62,-42.2427,19.1185,409.867,1
2017-11-12,18,9.16667,0.56,3.0,97,26.9837,38.3088,-26.8787,12.7545,385.0,1
2017-11-12,19,10.8333,0.56,2.66667,100,19.9137,28.37,-11.488,5.7402,326.8,1
2017-11-12,20,11.1667,0.56,2.5,98,11.01,31.674,-12.3655,-0.00810987,294.0,1
2017-11-13,1,12.6667,1.29,4.0,88,5.48125,12.0688,-47.4123,-34.9647,250.364,0
2017-11-13,2,12.8333,1.29,4.16667,92,10.1938,10.0875,-44.2535,-29.0999,255.2,0
2017-11-13,3,12.3333,1.29,4.33333,93,13.6775,9.8275,-44.2535,-29.0999,261.415,0
2017-11-13,4,12.0,0.96,4.33333,93,17.3175,9.39625,-51.6445,-32.1613,249.508,0
2017-11-13,5,10.6667,0.96,4.5,92,23.495,9.95875,-51.6909,-26.7957,279.138,0
2017-11-13,6,9.16667,1.26,4.5,91,27.275,14.18,-47.1179,-15.6899,385.125,0
2017-11-13,7,7.33333,0.63,4.5,85,31.3775,22.7186,-45.5872,-19.3854,416.325,0
2017-11-13,8,6.33333,1.14,4.66667,89,41.1738,19.7925,-49.1227,-15.8498,428.4,0
2017-11-13,9,6.5,1.14,4.66667,88,34.8075,24.8263,-53.3654,-11.6072,420.0,0
2017-11-13,10,6.5,1.14,4.66667,87,43.1875,28.7987,-46.8982,-2.04019,461.1,0
2017-11-13,11,7.66667,2.23,4.33333,88,42.765,24.7925,-28.7405,9.62307,436.05,0
2017-11-13,12,8.66667,1.6,4.0,87,38.8775,16.9775,-1.02415,11.9191,440.64,0
2017-11-13,13,9.5,1.6,3.5,87,36.91,16.6787,9.13563,22.9401,356.16,0
2017-11-13,14,10.1667,1.09,2.83333,86,38.7475,14.455,26.1526,18.9887,340.267,0
2017-11-13,15,11.3333,1.09,2.33333,85,43.7163,41.25,41.5387,22.6156,334.08,0
2017-11-13,16,13.0,1.09,1.83333,88,51.8462,44.7463,45.7813,30.3266,280.8,0
2017-11-13,17,13.3333,0.0,1.33333,92,55.7788,33.87,41.7659,44.1576,220.32,0
2017-11-13,18,14.3333,0.0,0.833333,91,57.9333,26.9837,42.4266,53.2651,180.0,0
2017-11-13,19,14.3333,0.0,0.5,90,61.3644,19.9137,46.6693,60.9761,180.0,0
2017-11-13,20,14.0,1.02,0.166667,92,65.996,11.01,42.4266,55.4328,252.0,0
2017-11-13,21,13.1667,2.04,-0.166667,93,70.29,9.275,48.0835,61.0897,255.84,0
2017-11-14,1,9.83333,3.06,-0.666667,91,58.056,5.48125,43.9413,38.4935,324.48,0
2017-11-14,2,10.1667,2.04,-0.5,92,50.149,10.1938,38.9915,33.7604,353.455,0
2017-11-14,3,10.3333,1.02,-0.333333,91,45.472,13.6775,46.0626,40.8316,300.0,0
2017-11-14,4,10.6667,0.0,-0.166667,90,41.932,17.3175,40.4057,35.3914,321.48,0
2017-11-14,5,11.1667,0.0,0.0,90,38.025,23.495,38.1839,45.5541,309.12,0
2017-11-14,6,11.6667,0.0,0.0,87,40.882,27.275,40.3053,50.4935,282.764,0
2017-11-14,7,11.6667,0.0,-0.166667,92,49.176,31.3775,41.7195,52.3412,250.92,0
2017-11-14,8,11.5,0.0,-0.166667,90,48.951,41.1738,44.8111,49.4796,260.0,0
2017-11-14,9,11.1667,0.0,-0.166667,87,44.575,34.8075,42.6897,44.757,282.764,0
2017-11-14,10,11.3333,0.0,-0.166667,84,35.207,43.1875,44.1503,38.4212,310.431,0
2017-11-14,11,11.1667,0.28,0.0,75,32.884,42.765,46.0445,31.0029,321.231,0
2017-11-14,12,10.5,0.28,0.333333,76,27.446,38.8775,45.3373,27.4777,317.127,0
2017-11-14,13,10.5,0.53,0.833333,76,25.421,36.91,41.5387,29.6323,326.8,0
2017-11-14,14,11.0,0.53,1.0,74,21.928,38.7475,45.3373,27.4777,309.12,0
2017-11-14,15,10.8333,0.53,1.16667,74,24.884,43.7163,47.1851,28.2431,302.4,0
2017-11-14,16,10.1667,0.53,1.33333,79,39.578,51.8462,44.4135,27.0951,336.3,0
2017-11-14,17,9.16667,0.25,1.16667,82,48.6,55.7788,50.0704,32.7519,311.1,0
2017-11-14,18,8.33333,0.25,0.666667,89,69.798,57.9333,47.1283,26.5627,352.8,0
2017-11-14,19,7.16667,0.0,0.0,93,74.238,61.3644,50.8238,28.0934,360.0,0
2017-11-15,1,5.66667,0.0,-3.0,100,61.253,58.056,34.267,-4.67272,588.0,0
2017-11-15,2,5.33333,0.0,-3.0,92,52.175,50.149,35.7977,-8.36824,577.2,0
2017-11-15,3,4.83333,0.0,-3.0,92,44.82,45.472,32.2622,-16.1465,649.0,0
2017-11-15,4,4.0,0.0,-3.0,92,35.7856,41.932,34.3835,-18.2678,644.8,0
2017-11-15,5,3.66667,0.0,-3.16667,92,44.1983,38.025,31.6119,-21.7119,683.7,0
2017-11-15,6,4.0,0.0,-3.33333,95,37.231,40.882,31.6119,-21.7119,683.7,0
2017-11-15,7,4.16667,0.0,-3.33333,93,43.787,49.176,25.2376,-16.7755,624.24,0
2017-11-15,8,4.5,0.0,-3.5,92,53.299,48.951,25.2376,-16.7755,644.8,0
2017-11-15,9,4.66667,0.0,-3.16667,77,53.181,44.575,16.1588,-18.0149,701.25,0
2017-11-15,10,5.16667,0.0,-2.33333,67,40.467,35.207,17.6895,-21.7104,680.85,0
2017-11-15,11,5.33333,0.0,-1.16667,65,44.5,32.884,18.8707,-10.0767,683.4,0
2017-11-15,12,5.16667,0.0,0.333333,61,31.972,27.446,15.3352,-7.6123,685.44,0
2017-11-15,13,5.5,0.0,1.66667,67,25.072,25.421,10.2689,-6.38123,665.6,0
2017-11-15,14,5.66667,0.0,2.83333,71,21.802,21.928,-0.44093,-4.81733,571.2,0
2017-11-15,15,5.66667,0.0,3.33333,76,29.826,24.884,-11.1508,-0.95735,595.2,0
2017-11-15,16,5.33333,0.0,3.16667,87,54.964,39.578,-13.9792,1.87109,579.429,0
2017-11-15,17,4.83333,0.0,2.66667,92,70.587,48.6,-8.47199,-1.76763,610.56,0
2017-11-15,18,4.33333,0.0,1.66667,96,71.519,69.798,-7.05777,-0.35341,624.24,0
2017-11-16,1,4.0,0.0,-2.5,92,52.442,61.253,8.64157,-10.6297,744.6,0
2017-11-16,2,4.0,0.0,-2.33333,92,49.293,52.175,8.64157,-8.62969,814.629,0
2017-11-16,3,3.66667,0.0,-2.0,92,39.887,44.82,7.11085,-12.3252,780.0,0
2017-11-16,4,3.33333,0.0,-1.83333,92,38.791,35.7856,11.4567,-11.7678,858.6,0
2017-11-16,5,3.0,0.0,-1.33333,95,40.615,44.1983,11.4567,-11.7678,922.2,0
2017-11-16,6,2.66667,0.0,-1.0,92,49.397,37.231,12.222,-13.6155,928.2,0
2017-11-16,7,2.33333,0.0,-1.5,99,55.321,43.787,16.4647,-20.8582,967.2,0
2017-11-16,8,2.33333,0.0,-1.83333,100,60.0867,53.299,17.2301,-22.706,960.0,0
2017-11-16,9,2.33333,0.0,-2.0,96,72.043,53.181,21.5892,-29.2299,960.0,0
2017-11-16,10,3.33333,0.0,-1.33333,69,55.55,40.467,15.2252,-35.5939,977.6,0
2017-11-16,11,4.0,0.0,-0.833333,66,49.25,44.5,9.68195,-41.5939,938.1,0
2017-11-16,12,4.16667,0.0,0.0,76,42.264,31.972,3.38587,-47.1372,898.56,0
2017-11-16,13,5.0,0.0,1.66667,65,22.47,25.072,-1.6804,-47.2972,840.0,0
2017-11-16,15,5.5,0.0,3.5,78,39.361,29.826,-5.08202,-35.2719,780.0,0
2017-11-16,16,5.5,0.0,3.33333,76,59.974,54.964,-2.25358,-34.1004,780.0,0
2017-11-16,17,5.83333,0.0,3.16667,84,84.434,70.587,2.92919,-31.979,665.6,0
2017-11-16,18,6.0,0.0,2.33333,89,87.196,71.519,7.82071,-32.7882,540.0,0
2017-11-17,1,4.16667,0.06,-1.16667,92,76.787,52.442,12.0666,-33.0463,644.8,0
2017-11-17,2,4.0,0.31,-0.666667,82,71.341,49.293,14.0743,-38.8779,627.3,0
2017-11-17,3,4.0,0.56,-0.333333,81,64.037,39.887,7.55033,-34.5187,667.8,0
2017-11-17,4,4.16667,0.53,0.0,82,51.836,38.791,5.25425,-33.9755,722.4,0
2017-11-17,5,4.0,0.53,0.333333,88,36.781,40.615,8.94977,-35.5062,702.0,0
2017-11-17,6,4.0,0.5,0.666667,92,45.584,49.397,10.9498,-35.5062,720.0,0
2017-11-17,7,3.5,0.5,1.0,90,54.858,55.321,8.12133,-32.6777,746.64,0
2017-11-17,8,3.16667,0.25,1.0,92,56.6637,60.0867,6.43354,-28.3768,829.44,0
2017-11-17,9,3.0,0.0,1.16667,88,63.495,72.043,8.43354,-28.3768,836.16,0
2017-11-17,10,3.0,0.0,1.5,81,65.957,55.55,3.36727,-21.1458,864.96,0
2017-11-17,11,3.5,0.99,2.0,80,69.976,49.25,7.36727,-16.1458,894.24,0
2017-11-17,12,3.33333,0.99,2.5,87,67.575,42.264,12.3673,-11.1458,852.8,0
2017-11-17,13,3.0,0.99,3.0,88,60.514,22.47,17.4886,-9.02444,852.8,0
2017-11-17,15,2.83333,1.4,3.33333,96,67.797,39.361,18.4125,-8.64176,938.4,0
2017-11-17,16,3.0,1.81,3.16667,90,82.491,59.974,23.3622,-9.34887,933.3,0
2017-11-17,17,2.83333,1.23,2.83333,91,87.18,84.434,23.9816,-11.2623,930.24,0
2017-11-17,18,3.33333,1.64,2.33333,93,84.04,87.196,31.5172,-7.72672,933.3,0
2017-11-18,1,5.0,0.89,1.0,92,74.506,76.787,9.3949,-6.72798,720.0,1
2017-11-18,2,4.66667,0.89,1.0,92,69.943,71.341,4.93866,-9.8255,635.04,1
2017-11-18,3,5.0,0.89,1.0,92,60.9529,64.037,8.63418,-11.3562,600.0,1
2017-11-18,4,4.5,1.09,1.0,92,57.255,51.836,4.25744,-3.89954,626.4,1
2017-11-18,5,4.33333,1.09,1.0,92,52.799,36.781,6.37877,-1.1279,622.2,1
2017-11-18,6,4.33333,0.86,1.0,92,49.3556,45.584,8.5001,-4.35626,691.2,1
2017-11-18,7,4.66667,0.43,1.0,92,43.763,54.858,11.3285,-1.52782,660.0,1
2017-11-18,8,4.83333,0.43,1.0,92,37.835,56.6637,28.072,4.12906,655.2,1
2017-11-18,9,4.83333,0.43,1.0,92,29.675,63.495,29.3765,2.59834,667.8,1
2017-11-18,10,5.66667,0.0,1.0,99,30.011,65.957,39.1624,4.54492,627.3,1
2017-11-18,11,6.66667,0.0,1.16667,98,38.326,69.976,40.8966,13.2632,604.2,1
2017-11-18,12,7.0,0.0,1.33333,93,38.3267,67.575,43.2199,23.7814,561.6,1
2017-11-18,13,7.0,0.0,1.5,92,40.255,60.514,44.5205,20.5342,510.0,1
2017-11-18,14,7.33333,0.0,1.5,91,34.919,64.961,47.6689,18.0523,420.0,1
2017-11-18,15,7.16667,0.0,1.5,91,45.951,67.797,49.7902,21.691,436.05,1
2017-11-18,16,6.33333,0.0,1.5,84,49.925,82.491,48.7527,17.9476,440.64,1
2017-11-18,17,5.33333,0.0,1.16667,85,63.694,87.18,46.5244,19.0956,496.8,1
2017-11-18,18,5.16667,0.0,0.666667,89,78.5212,84.04,49.296,20.2436,499.8,1
2017-11-19,1,6.66667,0.0,-2.16667,81,34.897,74.506,0.91731,24.5981,540.0,1
2017-11-19,2,6.66667,0.0,-2.16667,79,26.971,69.943,-14.1951,25.3384,505.44,1
2017-11-19,3,6.5,0.08,-2.0,76,25.451,60.9529,-24.1449,20.3886,477.0,1
2017-11-19,4,6.5,0.08,-1.83333,78,26.679,57.255,-25.4455,26.9273,490.629,1
2017-11-19,5,6.83333,0.08,-1.83333,81,25.674,52.799,-18.9784,22.6061,490.629,1
2017-11-19,6,7.16667,0.08,-1.66667,76,25.445,49.3556,-23.9281,23.1389,490.629,1
2017-11-19,7,7.0,0.08,-1.16667,72,27.561,43.763,-18.9784,27.1891,420.0,1
2017-11-19,8,7.66667,0.08,-0.833333,70,33.861,37.835,-15.4428,29.6536,437.143,1
2017-11-19,9,7.83333,0.0,-0.666667,65,37.069,29.675,-4.02589,33.0251,425.829,1
2017-11-19,10,8.16667,0.0,-0.333333,57,36.987,30.011,0.92388,44.9748,413.4,1
2017-11-19,11,8.33333,0.0,0.333333,50,43.35,38.326,3.02304,50.9937,375.943,1
2017-11-19,12,8.16667,0.48,0.833333,56,36.67,38.3267,-10.8352,51.3764,360.0,1
2017-11-19,13,8.5,0.96,1.16667,54,26.967,40.255,-16.492,50.0332,374.0,1
2017-11-19,14,7.66667,0.96,1.5,56,27.986,34.919,-8.49204,35.0332,425.455,1
2017-11-19,15,7.66667,0.96,1.66667,63,31.524,45.951,-2.49204,35.0332,412.364,1
2017-11-19,16,7.16667,0.96,1.5,69,41.465,49.925,-7.44181,28.983,425.829,1
2017-11-19,17,7.0,0.96,1.0,72,49.824,63.694,-11.6845,26.2257,463.6,1
2017-11-19,18,6.66667,0.48,0.333333,77,45.1833,78.5212,-16.6342,31.1754,420.0,1
2017-11-20,1,8.66667,0.5,-2.5,70,12.398,34.897,-29.81,22.7388,432.0,0
2017-11-20,2,9.66667,0.5,-2.16667,72,8.272,26.971,-30.2392,23.7092,377.143,0
2017-11-20,3,10.3333,0.25,-2.0,72,3.28111,25.451,-37.2643,30.7699,346.92,0
2017-11-20,4,10.6667,0.25,-1.5,71,3.051,26.679,-35.8037,34.7213,326.8,0
2017-11-20,5,11.6667,0.25,-1.16667,75,3.622,25.674,-38.5753,35.8693,255.0,0
2017-11-20,6,12.5,0.41,-1.0,78,8.54333,25.445,-34.4463,34.9875,291.877,0
2017-11-20,7,13.6667,0.41,-1.0,78,13.779,27.561,-42.2245,42.7657,249.508,0
2017-11-20,8,14.5,0.41,-1.16667,79,20.5544,33.861,-29.4714,42.977,216.0,0
2017-11-20,9,16.5,0.41,-1.16667,77,25.441,37.069,-31.1128,51.1128,187.68,0
2017-11-20,10,17.8333,0.41,-1.16667,71,27.562,36.987,-12.728,55.728,173.46,0
2017-11-20,11,18.1667,0.99,-1.0,77,29.864,43.35,1.41422,54.2056,163.4,0
2017-11-20,12,19.6667,1.09,-0.833333,66,33.204,36.67,2.12133,53.4985,193.93,0
2017-11-20,13,18.6667,1.34,-0.5,59,29.952,26.967,-5.53227,48.9761,200.34,0
2017-11-20,14,17.5,1.34,-0.333333,57,30.54,27.986,-25.032,43.4328,232.941,0
2017-11-20,15,14.6667,1.57,-0.333333,58,41.064,31.524,-29.2415,53.5955,217.412,0
2017-11-20,16,14.5,1.57,-0.5,64,40.923,41.465,-17.2206,47.5746,327.06,0
2017-11-20,17,13.5,1.22,-0.666667,67,44.473,49.824,-17.2206,66.5746,240.0,0
2017-11-20,18,11.6667,0.94,-1.0,75,46.6712,45.1833,-9.567,59.097,268.029,0
2017-11-21,1,7.16667,0.1,-2.0,82,29.155,12.398,1.6505,42.3578,479.467,0
2017-11-21,2,7.83333,0.1,-2.16667,79,27.203,8.272,-0.2629,46.9772,466.4,0
2017-11-21,3,7.0,0.1,-2.16667,76,23.732,3.28111,-0.2629,43.9772,443.7,0
2017-11-21,4,7.0,0.1,-2.16667,79,22.619,3.051,-4.94166,46.4444,464.0,0
2017-11-21,5,6.5,0.0,-2.16667,81,24.774,3.622,-6.71349,41.7218,479.467,0
2017-11-21,6,6.5,0.0,-2.16667,81,30.239,8.54333,-10.9562,45.9645,450.667,0
2017-11-21,7,6.83333,0.0,-2.0,81,35.887,13.779,-4.59216,45.6005,498.667,0
2017-11-21,8,6.83333,0.0,-1.66667,81,39.142,20.5544,-15.9059,44.1863,496.8,0
2017-11-21,9,6.33333,0.0,-1.5,78,40.9811,25.441,-22.4447,44.1863,483.36,0
2017-11-21,10,6.0,0.0,-1.16667,76,45.7833,27.562,-23.3597,42.3953,517.0,0
2017-11-21,11,5.66667,0.0,-0.666667,69,47.026,29.864,-16.3597,36.3953,509.143,0
2017-11-21,12,5.5,0.0,0.0,62,42.844,33.204,-20.0552,34.8646,498.343,0
2017-11-21,13,5.83333,0.0,0.5,60,41.719,29.952,-12.3765,28.3974,564.667,0
2017-11-21,14,6.0,0.0,1.0,63,41.82,30.54,-12.3765,28.3974,520.0,0
2017-11-21,15,6.66667,0.0,1.33333,73,45.7,41.064,-14.601,26.8335,499.8,0
2017-11-21,16,6.33333,0.0,1.33333,74,49.166,40.923,-21.992,23.895,480.0,0
2017-11-21,17,7.0,0.0,1.16667,95,48.584,44.473,-13.5067,22.4807,499.8,0
2017-11-21,18,7.66667,0.0,0.833333,96,47.662,46.6712,-2.72528,19.7659,490.629,0
2017-11-22,1,7.0,0.48,0.333333,92,28.072,29.155,22.294,6.50556,417.6,0
2017-11-22,2,6.5,0.96,0.5,92,25.397,27.203,25.9896,4.97484,479.467,0
2017-11-22,3,6.5,0.48,0.666667,92,21.676,23.732,20.4463,7.27092,450.667,0
2017-11-22,4,6.16667,0.48,0.833333,92,23.408,22.619,17.4463,7.27092,498.667,0
2017-11-22,5,6.16667,0.48,1.0,92,20.127,24.774,14.4463,7.27092,517.0,0
2017-11-22,6,6.33333,0.48,1.16667,92,27.164,30.239,16.4463,7.27092,503.25,0
2017-11-22,7,6.66667,0.48,1.33333,92,29.76,35.887,3.49651,12.2207,520.8,0
2017-11-22,8,6.5,0.0,1.5,92,31.26,39.142,5.93778,14.109,517.0,0
2017-11-22,9,6.33333,0.0,1.66667,92,42.599,40.9811,10.9378,14.109,480.0,0
2017-11-22,10,6.66667,0.0,2.0,90,48.417,45.7833,0.31838,12.1956,480.0,0
2017-11-22,11,6.33333,0.0,2.33333,92,34.834,47.026,3.09002,11.0476,496.8,0
2017-11-22,12,6.66667,0.0,2.66667,84,35.272,42.844,-8.45326,13.3437,496.8,0
2017-11-22,13,6.83333,0.0,3.16667,79,39.388,41.719,-22.7682,16.7878,469.05,0
2017-11-22,14,7.33333,0.0,3.66667,82,38.159,41.82,-22.7682,16.7878,454.629,0
2017-11-22,15,7.83333,0.0,4.0,89,54.999,45.7,-23.4753,17.4949,437.143,0
2017-11-22,16,7.33333,0.0,4.0,100,56.417,49.166,-17.8686,19.9362,419.76,0
2017-11-22,17,7.5,0.0,4.0,100,60.595,48.584,-17.8686,23.763,453.6,0
2017-11-22,18,7.0,0.0,3.83333,100,66.44,47.662,-15.4274,25.6513,451.0,0
2017-11-23,1,7.16667,0.0,1.66667,100,29.703,28.072,-7.89322,24.403,454.629,0
2017-11-23,2,7.0,0.0,1.33333,100,25.17,25.397,-8.60033,25.1101,420.0,0
2017-11-23,3,7.33333,0.0,1.16667,100,19.694,21.676,-19.6869,20.5179,437.143,0
2017-11-23,4,7.66667,0.0,0.833333,100,19.652,23.408,-20.3733,5.65688,460.8,0
2017-11-23,5,7.83333,0.0,0.833333,100,20.363,20.127,-13.9061,-6.02188,425.829,0
2017-11-23,6,8.33333,0.0,0.833333,100,26.361,27.164,-24.3502,-14.3368,405.45,0
2017-11-23,7,9.0,0.0,0.833333,100,30.049,29.76,-20.4033,-25.7132,360.0,0
2017-11-23,8,9.5,0.0,1.0,100,31.67,31.26,-8.74644,-31.37,332.8,0
2017-11-23,9,9.66667,0.0,1.16667,100,27.4017,42.599,-9.56715,-35.438,325.867,0
2017-11-23,10,10.1667,0.0,1.83333,91,28.463,48.417,-10.491,-35.8206,312.8,0
2017-11-23,11,10.5,0.0,2.5,87,15.913,34.834,4.95309,-18.5057,326.8,0
2017-11-23,12,10.6667,0.0,3.33333,83,11.363,35.272,0.619,-17.969,324.8,0
2017-11-23,13,10.1667,0.0,4.33333,82,11.855,39.388,-20.6198,-21.7958,326.8,0
2017-11-23,14,10.6667,0.0,5.0,84,13.906,38.159,-22.5707,-18.8759,334.08,0
2017-11-23,15,11.0,0.0,5.5,91,25.497,54.999,-24.4185,-10.457,324.8,0
2017-11-23,16,11.3333,0.0,5.66667,84,41.537,56.417,-47.5051,-5.86481,317.127,0
2017-11-23,17,11.6667,0.0,5.5,91,45.571,60.595,-52.6612,7.27092,273.48,0
2017-11-23,18,12.0,0.0,5.0,92,50.87,66.44,-47.1179,19.5167,286.7,0
2017-11-24,1,9.0,0.0,0.666667,100,31.2717,29.703,-2.79252,4.20948,398.618,0
2017-11-24,2,9.0,0.0,0.5,100,26.33,25.17,19.3702,0.0,366.667,0
2017-11-24,3,8.66667,0.0,0.5,100,23.122,19.694,19.3702,-6.88824,356.4,0
2017-11-24,4,8.33333,0.0,0.5,100,19.1478,19.652,17.3702,-6.88824,386.4,0
2017-11-24,5,8.0,0.0,0.666667,100,19.331,20.363,23.3702,-6.88824,360.0,0
2017-11-24,6,7.83333,0.0,0.833333,100,24.32,26.361,22.3702,-6.88824,388.267,0
2017-11-24,7,7.16667,0.0,1.0,100,28.396,30.049,37.6851,-3.44412,405.45,0
2017-11-24,8,7.16667,0.0,1.0,100,39.373,31.67,37.6851,-3.44412,450.3,0
2017-11-24,9,7.16667,0.0,1.16667,96,42.232,27.4017,19.3211,-9.80811,463.6,0
2017-11-24,10,7.83333,0.0,1.66667,92,39.505,28.463,15.0784,-14.0508,435.2,0
2017-11-24,11,8.0,0.0,2.33333,85,33.911,15.913,27.3934,-10.6066,413.4,0
2017-11-24,12,8.16667,0.0,3.33333,79,29.988,11.363,29.3934,-10.6066,392.229,0
2017-11-24,13,8.33333,0.0,4.5,77,26.959,11.855,15.0023,-13.6681,375.943,0
2017-11-24,14,8.33333,0.0,5.5,82,26.445,13.906,-0.312609,-17.1122,360.0,0
2017-11-24,15,9.0,0.0,6.16667,93,35.302,25.497,-16.6275,-20.5563,360.0,0
2017-11-24,16,8.83333,0.0,6.5,88,46.085,41.537,3.97912,-9.94968,376.32,0
2017-11-24,17,9.33333,0.0,6.33333,94,52.909,45.571,-14.3358,-6.50556,371.25,0
2017-11-24,18,9.83333,0.0,5.66667,95,65.7,50.87,-30.114,1.27265,327.6,0
2017-11-25,1,10.8333,0.0,2.16667,99,36.297,31.2717,-30.1901,20.7893,317.127,1
2017-11-25,2,10.6667,0.0,2.33333,94,24.214,26.33,-32.5746,17.2206,300.667,1
2017-11-25,3,10.6667,0.0,2.66667,94,21.322,23.122,-33.4985,17.6033,328.714,1
2017-11-25,4,9.66667,0.0,3.0,95,21.124,19.1478,-24.4985,17.6033,300.0,1
2017-11-25,5,9.33333,0.0,3.33333,97,21.508,19.331,-3.56416,12.2458,312.8,1
2017-11-25,6,9.0,0.0,3.66667,92,23.0422,24.32,-5.56416,12.2458,360.0,1
2017-11-25,7,9.16667,0.0,3.83333,93,28.328,28.396,-1.76547,1.67229,385.527,1
2017-11-25,8,9.5,0.0,4.0,91,33.1,39.373,20.3972,-2.53719,363.0,1
2017-11-25,9,10.1667,0.0,4.0,87,23.089,42.232,21.1507,-14.8493,325.867,1
2017-11-25,10,11.3333,0.0,4.16667,81,20.898,39.505,17.1507,-14.8493,296.229,1
2017-11-25,11,12.3333,0.0,4.5,77,20.57,33.911,31.5147,-8.48532,276.0,1
2017-11-25,12,13.1667,0.0,5.0,74,26.9,29.988,7.50424,-13.4602,265.5,1
2017-11-25,13,13.3333,0.0,5.5,71,29.214,26.959,3.05524,-10.3324,251.631,1
2017-11-25,14,14.3333,0.0,6.0,76,33.854,26.445,-21.9552,-15.3072,264.0,1
2017-11-25,15,16.1667,0.0,6.33333,83,38.57,35.302,-49.6832,-28.0352,223.385,1
2017-11-25,16,17.6667,0.0,6.5,85,36.982,46.085,-46.9115,-26.8871,182.031,1
2017-11-25,17,17.5,0.0,6.33333,98,34.206,52.909,-57.0742,-31.0966,131.733,1
2017-11-25,18,18.3333,0.0,6.0,98,31.0333,65.7,-55.4328,-22.9608,198.4,1
2017-11-26,1,10.8333,2.22,5.33333,99,27.936,36.297,-42.9656,-20.282,311.153,1
2017-11-26,2,8.66667,2.22,5.0,96,35.285,24.214,-36.9656,-20.282,319.341,1
2017-11-26,3,7.16667,3.39,4.66667,92,32.69,21.322,-24.0881,-10.948,435.771,1
2017-11-26,4,6.16667,3.82,4.16667,92,31.727,21.124,-27.6237,-7.41249,444.6,1
2017-11-26,5,6.5,4.25,3.66667,92,30.064,21.508,-33.167,-9.70857,432.771,1
2017-11-26,6,6.83333,4.68,3.16667,89,24.918,23.0422,-20.2326,7.64895,433.5,1
2017-11-26,7,7.83333,4.68,2.83333,84,17.188,28.328,-3.48919,19.6322,464.28,1
2017-11-26,8,8.83333,4.68,2.33333,88,18.976,33.1,8.23493,31.9443,413.4,1
2017-11-26,9,9.83333,3.51,1.83333,88,30.72,23.089,12.1345,38.3546,336.96,1
2017-11-26,10,10.6667,2.34,1.33333,80,40.705,20.898,28.9915,44.8934,336.3,1
2017-11-26,11,10.3333,1.65,1.0,79,50.529,20.57,39.1542,37.1028,319.2,1
2017-11-26,12,10.6667,0.48,0.666667,77,57.785,26.9,42.7361,33.5386,324.8,1
2017-11-26,13,11.1667,0.48,0.333333,81,60.486,29.214,43.4896,28.8801,334.08,1
2017-11-26,14,12.0,0.48,0.166667,82,60.65,33.854,47.0251,30.2479,282.764,1
2017-11-26,15,12.6667,0.48,0.0,83,50.512,38.57,49.8536,36.3279,240.0,1
2017-11-26,16,12.1667,0.48,0.0,86,52.422,36.982,41.0588,42.1498,231.0,1
2017-11-26,17,12.6667,0.0,-0.166667,87,55.9589,34.206,37.4768,45.7141,282.72,1
2017-11-27,1,11.8333,0.0,-1.33333,85,49.76,27.936,24.0417,57.4119,250.364,0
2017-11-27,2,11.3333,0.0,-1.5,85,45.839,35.285,24.0417,57.4119,260.0,0
2017-11-27,3,10.5,0.0,-1.66667,84,42.8662,32.69,21.2133,51.9822,285.12,0
2017-11-27,4,10.1667,0.0,-1.83333,84,45.78,31.727,26.1631,46.932,363.825,0
2017-11-27,5,9.33333,0.0,-2.0,83,48.449,30.064,33.5541,49.9935,350.625,0
2017-11-27,6,8.66667,0.0,-2.0,76,53.011,24.918,43.7168,38.2029,360.0,0
2017-11-27,7,8.0,0.0,-2.0,77,59.421,17.188,42.4057,30.719,411.927,0
2017-11-27,8,8.16667,0.0,-2.0,75,63.12,18.976,47.3555,35.6688,385.745,0
2017-11-27,9,8.5,0.0,-2.0,74,53.057,30.72,48.5773,25.5061,374.85,0
2017-11-27,10,9.16667,0.0,-1.83333,72,49.852,40.705,46.2856,18.3436,401.85,0
2017-11-27,11,9.0,0.0,-1.66667,64,37.795,50.529,47.3798,23.7675,372.655,0
2017-11-27,12,9.0,0.0,-1.33333,64,28.328,57.785,44.2883,28.7968,345.257,0
2017-11-27,13,10.1667,0.0,-0.833333,61,28.145,60.486,42.7709,32.5852,345.257,0
2017-11-27,14,11.0,0.0,-0.5,64,28.969,60.65,38.7206,40.5697,326.8,0
2017-11-27,15,11.0,0.0,-0.333333,70,34.305,50.512,40.3053,50.0599,291.5,0
2017-11-27,16,10.3333,0.0,-0.333333,76,48.41,52.422,38.1839,49.8895,309.12,0
2017-11-27,17,9.33333,0.0,-0.5,95,53.7412,55.9589,36.7697,48.0418,311.143,0
2017-11-28,1,5.0,0.0,-4.66667,90,27.937,49.76,10.4042,20.6844,612.0,0
2017-11-28,2,5.5,0.0,-4.83333,91,24.636,45.839,6.7087,19.1537,600.0,0
2017-11-28,3,5.66667,0.0,-5.0,91,19.4756,42.8662,-4.60506,5.88901,619.65,0
2017-11-28,4,5.83333,0.0,-5.16667,89,25.302,45.78,-19.5575,-7.00923,610.56,0
2017-11-28,5,6.0,0.0,-5.16667,87,26.956,48.449,-12.7655,-14.4003,556.5,0
2017-11-28,6,6.5,0.0,-5.16667,84,33.57,53.011,-22.0611,-19.9075,520.0,0
2017-11-28,7,7.33333,0.0,-5.0,81,38.101,59.421,-30.7398,-26.3746,499.8,0
2017-11-28,8,7.16667,0.0,-4.83333,83,45.079,63.12,-11.9539,-19.8359,468.0,0
2017-11-28,9,7.16667,0.0,-4.5,76,49.5,53.057,-12.501,-22.5478,420.0,0
2017-11-28,10,7.5,0.0,-3.83333,72,40.2144,49.852,-13.7553,-25.9669,420.0,0
2017-11-28,11,7.66667,0.0,-2.83333,63,31.472,37.795,6.66165,-18.3384,443.143,0
2017-11-28,12,7.83333,0.0,-1.66667,59,37.72,28.328,7.66165,-18.3384,425.829,0
2017-11-28,13,7.83333,0.0,-0.333333,61,36.156,28.145,22.1288,-15.6596,408.857,0
2017-11-28,14,8.16667,0.0,0.666667,64,39.863,28.969,33.8076,-9.19243,402.8,0
2017-11-28,15,8.66667,0.0,1.33333,72,42.233,34.305,32.8076,-9.19243,377.4,0
2017-11-28,16,8.83333,0.0,1.66667,66,48.623,48.41,52.0,0.0,395.2,0
2017-11-28,17,8.83333,0.0,1.33333,76,56.031,53.7412,33.7612,3.8268,371.25,0
2017-11-28,18,8.66667,0.0,0.833333,76,46.2933,64.69,18.3702,6.88824,371.25,0
2017-11-29,1,8.0,0.0,-2.66667,86,41.59,27.937,-30.1631,5.70702,408.857,0
2017-11-29,2,7.66667,0.0,-2.83333,86,42.96,24.636,-23.6959,-4.97174,392.229,0
2017-11-29,3,7.16667,0.0,-2.83333,84,44.666,19.4756,-18.7461,-17.9215,414.72,0
2017-11-29,4,7.33333,0.0,-2.66667,82,44.952,25.302,-7.21127,-27.2916,463.6,0
2017-11-29,5,7.5,0.0,-2.5,82,45.046,26.956,1.10365,-39.7357,453.6,0
2017-11-29,6,7.66667,0.0,-2.33333,81,38.7811,33.57,-10.3405,-48.0506,437.25,0
2017-11-29,7,8.16667,0.0,-2.16667,80,34.856,38.101,-10.2269,-44.6898,440.64,0
2017-11-29,8,7.83333,0.0,-2.0,80,33.5273,45.079,-16.854,-36.9448,374.85,0
2017-11-29,9,8.0,0.0,-2.0,76,26.623,49.5,-22.3973,-31.2409,405.45,0
2017-11-29,10,8.5,0.0,-1.83333,70,25.859,40.2144,-28.8644,-25.9196,395.2,0
2017-11-29,11,8.5,0.28,-1.66667,62,23.3409,31.472,-19.1605,-11.3764,409.867,0
2017-11-29,12,9.83333,0.56,-1.33333,66,25.9829,37.72,-15.7164,5.93856,385.0,0
2017-11-29,13,10.1667,1.53,-0.833333,64,23.7946,36.156,3.82688,8.23464,323.345,0
2017-11-29,14,11.5,1.53,-0.5,66,31.1077,39.863,32.5328,6.32124,267.429,0
2017-11-29,15,12.5,1.53,-0.166667,71,37.2181,42.233,53.0,9.0,240.0,0
2017-11-29,16,12.5,1.53,-0.166667,79,40.8208,48.623,28.9896,-4.97484,267.429,0
2017-11-29,17,13.0,1.25,-0.333333,82,43.2854,56.031,26.9896,-4.97484,281.538,0
2017-11-30,1,7.5,2.06,-1.66667,80,29.9405,41.59,-9.14878,-10.2159,385.745,0
2017-11-30,2,7.33333,1.55,-1.5,88,29.8514,42.96,-23.2102,-17.6069,426.0,0
2017-11-30,3,7.5,1.58,-1.33333,90,34.4659,44.666,-34.2102,-25.6069,448.0,0
2017-11-30,4,8.5,2.19,-1.16667,92,32.523,44.952,-28.9567,-29.5538,443.143,0
2017-11-30,5,9.16667,2.26,-1.0,93,31.4579,45.046,-20.9973,-36.2067,385.0,0
2017-11-30,7,9.66667,3.5,-1.0,92,31.3312,34.856,-24.5328,-48.2276,327.6,0
2017-11-30,10,8.16667,4.66,-1.0,89,33.4871,25.859,-38.8489,-32.6331,378.831,0
2017-11-30,11,7.66667,4.08,-0.833333,85,29.9525,23.3409,-43.0915,-36.8758,371.908,0
2017-11-30,13,8.0,5.58,-0.333333,82,26.8275,23.7946,-27.2188,-34.0331,402.8,0
2017-11-30,15,8.33333,5.1,0.0,91,27.815,37.2181,-2.61602,-34.8423,374.85,0
2017-11-30,21,6.66667,0.0,-0.833333,86,36.9167,50.18,-20.7553,3.65312,420.0,0
2018-10-01,0,8.33333,0.0,6.0,82,21.595,38.1542,21.2179,6.12288,403.68,0
2018-10-01,1,8.16667,0.0,5.5,82,23.2792,35.2933,13.8269,9.18432,360.0,0
2018-10-01,2,7.83333,0.0,5.16667,82,28.505,31.6733,-3.56416,12.2458,374.0,0
2018-10-01,3,7.66667,0.0,5.0,79,31.3742,26.7717,-19.0313,14.9245,402.8,0
2018-10-01,4,7.5,0.0,5.0,78,32.73,21.17,-34.4985,17.6033,421.2,0
2018-10-01,5,7.33333,0.0,4.83333,77,32.4192,21.7575,-48.9656,20.282,437.25,0
2018-10-01,6,7.16667,0.0,4.66667,88,34.8067,22.7025,-48.0418,19.8994,453.6,0
2018-10-01,7,7.0,0.0,4.66667,94,36.5417,22.74,-47.1179,19.5167,470.25,0
2018-10-01,8,7.0,0.0,4.83333,93,41.3158,22.2983,-53.585,22.1954,420.0,0
2018-10-01,9,7.16667,0.0,5.33333,84,43.6383,21.4167,-52.6612,21.8128,436.05,0
2018-10-01,10,7.66667,0.0,6.0,78,42.0183,18.8283,-52.6612,21.8128,420.0,0
2018-10-01,11,8.33333,0.0,7.16667,69,31.8617,15.0317,-48.9656,20.282,425.829,0
2018-10-01,12,9.0,0.0,8.66667,64,29.9642,7.08,-52.6612,21.8128,360.0,0
2018-10-01,13,9.66667,0.0,10.0,61,28.9225,3.24,-49.8895,20.6647,345.257,0
2018-10-01,14,10.3333,0.0,11.3333,60,26.7858,3.08667,-47.1179,19.5167,333.45,0
2018-10-01,15,10.6667,0.0,12.3333,62,22.615,3.66833,-49.8895,20.6647,309.12,0
2018-10-01,16,10.5,0.0,13.0,65,19.2742,3.47833,-49.8895,20.6647,317.127,0
2018-10-01,17,10.0,0.0,13.1667,72,23.4242,4.71417,-48.0418,19.8994,341.127,0
2018-10-01,18,9.5,0.0,12.8333,76,27.3042,12.4338,-55.4328,22.9608,311.564,0
2018-10-01,19,8.83333,0.0,12.3333,79,30.7325,23.1725,-50.927,24.4082,347.564,0
2018-10-01,20,8.0,0.0,11.5,83,35.9192,29.1825,-43.4431,26.6659,398.618,0
2018-10-01,21,7.33333,0.0,10.6667,84,36.6125,24.4667,-43.4431,32.6659,385.745,0
2018-10-01,22,6.66667,0.0,9.83333,85,35.2542,15.9555,-29.0377,33.9997,443.52,0
2018-10-01,23,6.16667,0.0,9.16667,85,38.03,21.2083,-25.5022,38.6191,434.52,0
2018-10-02,0,5.83333,0.51,8.66667,84,42.4967,21.595,-12.7278,39.4117,498.667,0
2018-10-02,1,5.83333,0.51,8.33333,84,44.1117,23.2792,-0.17026,41.5108,538.65,0
2018-10-02,2,6.0,0.51,8.0,82,43.4342,28.505,4.77951,47.978,480.0,0
2018-10-02,3,6.16667,0.51,7.66667,80,45.4858,31.3742,17.1203,51.3837,497.25,0
2018-10-02,4,6.5,0.51,7.33333,80,41.78,32.73,27.727,52.194,498.343,0
2018-10-02,5,6.83333,0.51,7.0,81,33.2758,32.4192,35.3555,52.194,480.0,0
2018-10-02,6,7.0,0.0,6.5,80,29.2958,34.8067,36.0626,47.1179,505.44,0
2018-10-02,7,7.16667,0.0,6.0,75,30.6875,36.5417,37.4768,48.9656,461.76,0
2018-10-02,8,7.5,0.0,5.66667,78,34.6683,41.3158,39.5982,51.7373,420.0,0
2018-10-02,9,8.0,0.0,5.33333,81,39.905,43.6383,36.7697,48.0418,443.143,0
2018-10-02,10,8.16667,0.0,5.33333,80,41.0233,42.0183,38.891,50.8134,392.229,0
2018-10-02,11,8.5,0.25,5.33333,79,34.9258,31.8617,39.5982,50.0031,375.943,0
2018-10-02,12,8.83333,0.25,5.5,79,28.0658,29.9642,36.0626,45.3837,393.6,0
2018-10-02,13,9.16667,1.47,5.83333,80,23.7183,28.9225,37.4768,47.2315,371.25,0
2018-10-02,14,9.33333,1.47,6.0,82,18.3117,26.7858,38.891,49.0792,352.8,0
2018-10-02,15,9.33333,1.47,6.16667,81,18.585,22.615,39.5982,50.0031,349.92,0
2018-10-02,16,9.5,1.47,6.16667,79,23.9075,19.2742,39.5982,50.0031,327.6,0
2018-10-02,17,9.5,1.22,6.16667,80,31.7808,23.4242,40.3053,52.6612,325.867,0
2018-10-02,18,9.33333,1.22,6.0,82,40.7967,27.3042,40.3053,52.6612,325.867,0
2018-10-02,19,9.0,0.0,5.5,83,45.1808,30.7325,39.5982,51.7373,349.92,0
2018-10-02,20,8.66667,0.0,5.16667,82,46.27,35.9192,32.5271,50.4985,376.32,0
2018-10-02,21,8.33333,0.0,4.66667,83,40.3633,36.6125,25.456,49.2597,403.68,0
2018-10-02,22,8.33333,0.0,4.16667,79,39.6758,35.2542,22.3945,56.6507,360.0,0
2018-10-02,23,8.33333,0.0,3.66667,76,22.8985,38.03,8.95943,53.7759,360.0,0
2018-10-03,0,8.5,0.0,3.16667,75,14.8317,42.4967,-3.76855,51.825,360.0,0
2018-10-03,1,8.66667,0.0,3.0,75,8.3575,44.1117,-22.1534,42.483,401.85,0
2018-10-03,2,8.83333,0.0,2.83333,78,6.75857,43.4342,-28.5174,40.847,386.4,0
2018-10-03,3,9.0,0.0,2.83333,76,5.75182,45.4858,-34.8814,39.211,371.25,0
2018-10-03,4,9.0,0.0,3.0,74,5.04909,41.78,-35.2641,40.1349,366.667,0
2018-10-03,5,9.0,0.51,3.16667,73,5.75,33.2758,-32.3442,42.0858,366.667,0
2018-10-03,6,9.0,0.51,3.5,73,5.00444,29.2958,-29.4243,44.0367,366.667,0
2018-10-03,7,9.0,0.51,3.83333,76,5.56,30.6875,-26.5045,45.9877,366.667,0
2018-10-03,8,9.16667,0.51,4.16667,76,9.35667,34.6683,-23.5846,47.9386,366.667,0
2018-10-03,9,9.5,0.51,4.66667,76,8.42667,39.905,-21.0474,50.8134,352.8,0
2018-10-03,10,10.0,0.51,5.0,74,10.6417,41.0233,-17.6033,53.4985,325.867,0
2018-10-03,11,10.8333,0.0,5.5,72,9.7325,34.9258,-10.715,48.8686,340.267,0
2018-10-03,12,12.1667,0.0,6.16667,66,7.43,28.0658,-7.27092,54.5537,275.6,0
2018-10-03,13,14.1667,0.0,6.83333,64,5.09167,23.7183,0.0,54.0,248.727,0
2018-10-03,14,16.3333,0.0,7.5,58,3.83417,18.3117,0.0,52.0,212.571,0
2018-10-03,15,18.3333,0.0,8.0,58,7.10267,18.585,16.2635,59.2492,158.118,0
2018-10-03,16,19.8333,1.07,8.33333,63,6.05923,23.9075,32.5271,63.4985,141.943,0
2018-10-03,17,20.6667,1.07,8.33333,70,6.955,31.7808,47.3764,61.9,151.93,0
2018-10-03,18,20.6667,1.07,8.0,73,10.6667,40.7967,44.5479,58.2044,175.304,0
2018-10-03,19,19.5,1.3,7.5,70,15.2175,45.1808,40.3053,52.6612,204.8,0
2018-10-03,20,17.6667,1.3,6.83333,69,11.55,46.27,50.2048,65.5955,180.0,0
2018-10-03,21,15.8333,1.3,6.16667,67,9.64125,40.3633,43.8408,57.2806,230.4,0
2018-10-03,22,14.5,0.23,5.66667,66,11.6192,39.6758,38.891,50.8134,275.718,0
2018-10-03,23,13.5,0.23,5.16667,65,10.5217,22.8985,36.0626,47.1179,297.0,0
2018-10-04,0,12.6667,0.23,4.83333,64,10.2358,14.8317,45.255,59.1283,240.0,0
2018-10-04,1,12.3333,0.0,4.5,62,10.5625,8.3575,43.8408,57.2806,240.0,0
2018-10-04,2,12.1667,0.0,4.33333,60,8.0125,6.75857,43.8408,57.2806,240.0,0
2018-10-04,3,12.0,0.0,4.16667,59,5.8125,5.75182,43.1337,56.3567,259.2,0
2018-10-04,4,11.5,0.0,3.83333,58,5.98417,5.04909,41.7195,54.5089,279.138,0
2018-10-04,5,11.0,0.0,3.66667,58,4.43083,5.75,39.5982,51.7373,302.4,0
2018-10-04,6,10.6667,0.23,3.5,63,4.17917,5.00444,38.1839,49.8895,324.8,0
2018-10-04,7,10.3333,0.23,3.33333,69,7.70417,5.56,36.7697,48.0418,341.127,0
2018-10-04,8,10.1667,0.23,3.33333,71,10.8892,9.35667,36.0626,47.1179,353.455,0
2018-10-04,9,10.1667,0.23,3.5,68,11.9733,8.42667,43.1337,56.3567,300.0,0
2018-10-04,10,10.8333,0.23,4.0,76,9.59667,10.6417,36.0626,47.1179,346.92,0
2018-10-04,11,12.0,0.23,4.5,70,7.65,9.7325,38.891,50.8134,297.0,0
2018-10-04,12,13.1667,0.0,5.16667,65,6.96667,7.43,36.7697,48.0418,264.48,0
2018-10-04,13,14.1667,0.0,6.0,64,7.31,5.09167,41.7195,54.5089,198.545,0
2018-10-04,14,15.1667,0.0,6.66667,64,7.83833,3.83417,45.255,59.1283,180.0,0
2018-10-04,15,15.8333,0.0,7.16667,63,8.22833,7.10267,46.6693,60.9761,187.2,0
2018-10-04,16,15.6667,0.0,7.66667,57,9.175,6.05923,45.255,59.1283,202.024,0
2018-10-04,17,14.8333,0.0,8.16667,56,13.9983,6.955,42.4266,55.4328,226.8,0
2018-10-04,18,13.6667,0.0,8.16667,68,24.0183,10.6667,39.5982,51.7373,261.0,0
2018-10-04,19,12.3333,0.0,7.66667,76,49.7983,15.2175,46.6693,60.9761,240.0,0
2018-10-04,20,10.8333,0.0,7.0,85,50.2017,11.55,41.0124,53.585,305.52,0
2018-10-04,21,9.33333,0.0,6.33333,87,46.1483,9.64125,45.9622,60.0522,300.0,0
2018-10-04,22,8.16667,0.0,5.33333,87,43.71,11.6192,39.5982,51.7373,378.831,0
2018-10-04,23,7.33333,0.0,4.33333,86,38.325,10.5217,39.5982,57.7373,371.908,0
2018-10-05,0,6.83333,0.0,3.5,87,31.0525,10.2358,27.727,52.194,436.8,0
2018-10-05,1,6.66667,0.0,3.0,88,24.4192,10.5625,14.2919,46.0572,488.52,0
2018-10-05,2,6.66667,0.0,2.66667,86,20.3733,8.0125,7.82472,48.736,449.28,0
2018-10-05,3,6.66667,0.0,2.33333,84,19.1583,5.8125,-5.71354,42.1759,469.05,0
2018-10-05,4,6.66667,0.0,2.16667,80,22.0657,5.98417,-16.9137,37.081,490.629,0
2018-10-05,5,6.5,0.0,2.0,87,20.5733,4.43083,-27.4067,32.9099,496.8,0
2018-10-05,6,6.33333,0.0,2.0,94,24.99,4.17917,-37.1927,29.6627,496.8,0
2018-10-05,7,6.33333,0.0,1.83333,100,28.655,7.70417,-42.736,25.9588,509.143,0
2018-10-05,8,6.33333,0.0,2.0,93,35.005,10.8892,-46.5244,22.1704,509.143,0
2018-10-05,9,6.5,0.0,2.66667,79,27.088,11.9733,-48.0418,19.8994,509.143,0
2018-10-05,10,6.66667,0.0,3.66667,66,16.0275,9.59667,-48.0418,19.8994,509.143,0
2018-10-05,11,7.0,0.0,5.0,57,10.165,7.65,-34.5746,17.2206,496.8,0
2018-10-05,12,7.5,0.0,6.66667,52,8.675,6.96667,-21.0313,14.9245,457.6,0
2018-10-05,13,7.83333,0.0,8.66667,50,8.4425,7.31,-0.944759,10.3324,451.0,0
2018-10-05,14,8.16667,0.0,10.5,51,8.89333,7.83833,13.5985,8.03628,408.857,0
2018-10-05,15,8.66667,0.0,11.8333,48,9.965,8.22833,29.0657,5.35752,375.943,0
2018-10-05,16,9.16667,0.0,12.8333,49,11.21,9.175,52.0,0.0,377.143,0
2018-10-05,17,9.5,0.0,13.3333,55,15.3733,13.9983,55.0,0.0,341.85,0
2018-10-05,18,9.66667,0.0,13.1667,65,19.035,24.0183,57.0,0.0,325.867,0
2018-10-05,19,9.83333,0.0,12.5,72,25.1125,49.7983,58.0,0.0,312.8,0
2018-10-05,20,9.83333,0.0,11.5,78,20.7725,50.2017,59.0,0.0,300.0,0
2018-10-05,21,9.66667,0.0,10.3333,79,24.3925,46.1483,59.0,0.0,312.12,0
2018-10-05,22,9.5,0.0,9.0,79,22.0833,43.71,58.0,0.0,324.48,0
2018-10-05,23,9.16667,0.0,7.83333,77,19.3442,38.325,39.6851,3.44412,337.08,0
2018-10-06,0,8.83333,0.0,7.0,77,18.1808,31.0525,22.294,6.50556,363.0,1
2018-10-06,1,8.5,0.0,6.33333,76,16.7558,24.4192,4.903,9.567,389.88,1
2018-10-06,2,8.33333,0.0,5.83333,75,17.2642,20.3733,-12.488,12.6284,409.867,1
2018-10-06,3,8.16667,0.0,5.66667,69,16.8333,19.1583,-19.8791,15.6899,360.0,1
2018-10-06,4,8.0,0.0,5.66667,67,15.4383,22.0657,-36.2701,18.7513,374.0,1
2018-10-06,5,8.16667,0.0,5.66667,73,14.5408,20.5733,-52.6612,21.8128,388.267,1
2018-10-06,6,8.33333,0.0,5.66667,79,15.6275,24.99,-52.6612,21.8128,374.85,1
2018-10-06,7,8.5,0.0,5.83333,86,18.4658,28.655,-53.585,22.1954,360.0,1
2018-10-06,8,8.66667,0.0,6.16667,81,22.3592,35.005,-47.1179,19.5167,401.85,1
2018-10-06,9,9.0,0.0,6.66667,70,23.0258,27.088,-48.0418,19.8994,386.4,1
2018-10-06,10,9.66667,0.0,7.5,63,21.2417,16.0275,-49.8895,20.6647,356.4,1
2018-10-06,11,10.5,0.0,8.66667,54,18.5833,10.165,-53.585,22.1954,312.8,1
2018-10-06,12,11.5,0.0,10.1667,49,17.3208,8.675,-22.9552,15.3072,300.667,1
2018-10-06,13,12.6667,0.0,12.0,46,16.5075,8.4425,8.67464,8.41896,276.12,1
2018-10-06,14,14.0,0.0,13.6667,48,17.4958,8.89333,33.9134,4.59216,225.5,1
2018-10-06,15,15.1667,0.0,15.1667,47,18.2475,9.965,62.0,0.0,196.114,1
2018-10-06,16,15.6667,0.0,16.1667,49,18.8867,11.21,65.0,0.0,180.0,1
2018-10-06,17,15.6667,0.0,16.8333,50,19.9075,15.3733,65.0,0.0,187.425,1
2018-10-06,18,15.5,0.0,16.6667,71,23.7483,19.035,63.0,0.0,209.647,1
2018-10-06,19,14.8333,0.0,16.1667,70,24.13,25.1125,60.0,0.0,233.365,1
2018-10-06,20,13.8333,0.0,15.5,73,23.4492,20.7725,31.9134,4.59216,264.0,1
2018-10-06,21,12.8333,0.0,14.6667,71,22.2417,24.3925,6.75076,8.80164,297.0,1
2018-10-06,22,12.0,0.0,13.8333,67,21.4958,22.0833,-3.41192,13.0111,258.514,1
2018-10-06,23,11.3333,0.0,13.0,63,22.7358,19.3442,-26.6507,16.8379,297.6,1
2018-10-07,0,10.6667,0.0,12.5,62,26.8509,18.1808,-49.8895,20.6647,324.8,1
2018-10-07,1,10.3333,0.0,12.0,61,28.2492,16.7558,-48.0418,19.8994,341.127,1
2018-10-07,2,10.0,0.51,11.6667,61,28.7308,17.2642,-47.1179,19.5167,353.455,1
2018-10-07,3,9.66667,0.51,11.5,56,29.3392,16.8333,-55.4328,22.9608,311.564,1
2018-10-07,4,9.5,0.51,11.3333,60,32.6325,15.4383,-53.585,22.1954,324.48,1
2018-10-07,5,9.33333,0.51,11.1667,65,33.6342,14.5408,-52.6612,21.8128,337.08,1
2018-10-07,6,9.16667,0.51,11.1667,70,34.6258,15.6275,-51.7373,21.4301,349.92,1
2018-10-07,7,9.0,0.51,11.1667,76,37.81,18.4658,-50.8134,21.0474,363.0,1
2018-10-07,8,9.0,0.0,11.1667,77,40.2092,22.3592,-49.8895,20.6647,366.667,1
2018-10-07,9,9.0,0.0,11.1667,73,41.85,23.0258,-49.8895,20.6647,366.667,1
2018-10-07,10,9.0,0.0,11.5,65,39.7892,21.2417,-49.8895,20.6647,366.667,1
2018-10-07,11,9.16667,0.0,12.1667,59,36.3083,18.5833,-49.8895,20.6647,366.667,1
2018-10-07,12,9.33333,0.0,13.0,52,34.8025,17.3208,-50.8134,21.0474,352.8,1
2018-10-07,13,9.5,0.0,14.0,49,34.4858,16.5075,-51.7373,21.4301,339.2,1
2018-10-07,14,9.66667,0.0,15.1667,50,34.5433,17.4958,-52.6612,21.8128,325.867,1
2018-10-07,15,9.66667,0.0,16.1667,53,33.0717,18.2475,-53.585,22.1954,312.8,1
2018-10-07,16,9.66667,0.0,17.0,59,32.2483,18.8867,-53.585,22.1954,312.8,1
2018-10-07,17,9.33333,0.0,17.3333,62,33.3592,19.9075,-53.585,22.1954,324.48,1
2018-10-07,18,8.83333,0.0,17.1667,86,38.2392,23.7483,-51.7373,21.4301,349.92,1
2018-10-07,19,8.33333,0.0,16.8333,88,44.9542,24.13,-47.4482,22.553,389.88,1
2018-10-07,20,7.66667,0.0,16.1667,92,49.9408,23.4492,-52.398,27.5028,360.0,1
2018-10-07,21,7.16667,0.0,15.3333,96,50.25,22.2417,-45.4553,29.2193,414.72,1
2018-10-07,22,6.66667,0.0,14.5,91,44.9133,21.4958,-36.2165,31.3925,463.6,1
2018-10-07,23,6.33333,0.0,13.8333,87,45.6658,22.7358,-31.9738,36.9358,435.2,1
2018-10-08,0,6.16667,0.0,13.3333,92,45.6392,26.8509,-19.4163,39.0349,482.4,0
2018-10-08,1,6.16667,0.0,12.8333,92,41.6417,28.2492,-6.85868,39.8335,520.8,0
2018-10-08,2,6.33333,0.0,12.5,92,27.9875,28.7308,5.48213,41.7218,528.0,0
2018-10-08,3,6.5,0.0,12.0,100,15.0142,29.3392,16.8991,39.4508,528.0,0
2018-10-08,4,6.83333,0.0,11.5,100,8.36167,32.6325,28.316,37.1798,517.0,0
2018-10-08,5,7.16667,0.0,11.0,100,6.70917,33.6342,38.6121,31.6365,477.0,0
2018-10-08,6,7.5,0.51,10.5,100,6.86833,34.6258,46.6121,25.6365,438.6,0
2018-10-08,7,7.66667,0.51,10.0,100,9.03417,37.81,46.1268,14.5499,451.0,0
2018-10-08,8,7.83333,0.51,9.33333,100,15.4208,40.2092,49.8841,10.3073,425.829,0
2018-10-08,9,8.0,0.51,9.16667,98,14.2467,41.85,52.9343,5.35752,408.857,0
2018-10-08,10,7.83333,0.51,9.16667,86,20.1942,39.7892,53.8582,5.7402,392.229,0
2018-10-08,11,7.66667,0.51,9.16667,82,22.7583,36.3083,53.8582,0.38268,405.45,0
2018-10-08,12,7.5,0.0,9.5,77,23.9167,34.8025,52.3254,-2.29608,421.2,0
2018-10-08,13,7.33333,0.0,10.0,72,26.345,34.4858,50.7925,-4.97484,437.25,0
2018-10-08,14,7.33333,0.0,10.8333,69,28.2442,34.5433,49.2597,-7.6536,453.6,0
2018-10-08,15,7.33333,0.0,11.6667,68,29.925,33.0717,48.6507,-10.715,453.6,0
2018-10-08,16,7.5,0.0,12.1667,68,33.5083,32.2483,48.0418,-13.7765,453.6,0
2018-10-08,17,7.66667,0.0,12.6667,74,34.8008,33.3592,46.3076,-22.4948,443.143,0
2018-10-08,18,7.83333,0.0,12.5,93,40.0225,38.2392,45.4973,-25.4729,425.829,0
2018-10-08,19,7.83333,0.0,12.1667,90,45.3817,44.9542,42.0916,-30.1852,408.857,0
2018-10-08,20,7.5,0.0,11.5,95,43.0025,49.9408,38.3032,-33.9736,408.857,0
2018-10-08,21,7.16667,0.0,10.5,97,39.6617,50.25,31.836,-37.2948,437.25,0
2018-10-08,22,6.83333,0.0,9.66667,97,34.9717,44.9133,24.445,-40.2334,470.25,0
2018-10-08,23,6.33333,0.0,8.66667,96,33.5783,45.6658,22.1489,-45.7767,436.05,0
2018-10-09,0,5.83333,0.0,8.16667,97,34.675,45.6392,12.8445,-47.3346,486.0,0
2018-10-09,1,5.5,0.0,7.66667,98,34.2042,41.6417,3.65205,-45.2133,538.65,0
2018-10-09,2,5.16667,0.0,7.16667,98,33.9042,27.9875,0.1165,-48.7489,514.8,0
2018-10-09,3,4.83333,0.0,6.83333,99,34.1533,15.0142,-8.36882,-45.9204,588.0,0
2018-10-09,4,4.33333,0.0,6.5,98,33.4242,8.36167,-12.0643,-47.4511,577.2,0
2018-10-09,5,4.0,0.0,6.16667,96,32.8208,6.70917,-17.8974,-41.2081,662.4,0
2018-10-09,6,3.66667,0.0,6.0,100,34.1667,6.86833,-20.6691,-42.3562,663.257,0
2018-10-09,7,3.5,0.0,5.83333,100,33.3708,9.03417,-23.4407,-43.5042,660.0,0
2018-10-09,8,3.5,0.0,6.0,100,30.6342,15.4208,-29.815,-38.5678,707.2,0
2018-10-09,9,3.5,0.0,6.5,100,29.5267,14.2467,-32.6434,-35.3962,756.0,0
2018-10-09,10,3.66667,0.0,7.5,89,28.8242,20.1942,-35.4719,-38.2247,720.0,0
2018-10-09,11,3.83333,0.0,9.0,78,32.305,22.7583,-35.4719,-28.2247,769.6,0
2018-10-09,12,4.16667,0.0,10.6667,69,37.4408,23.9167,-30.3473,-19.8529,801.36,0
2018-10-09,13,4.66667,0.0,12.5,64,37.6025,26.345,-23.8145,-13.3201,801.36,0
2018-10-09,14,5.33333,0.0,14.1667,64,37.7617,28.2442,-13.279,-9.78459,746.64,0
2018-10-09,15,6.0,0.0,15.6667,60,36.5883,29.925,0.47604,-6.48204,688.5,0
2018-10-09,16,6.5,0.0,16.5,62,32.6525,33.5083,17.1059,-5.71668,603.2,0
2018-10-09,17,7.0,0.0,16.6667,66,32.3967,34.8008,28.5228,-7.98769,556.5,0
2018-10-09,18,7.16667,0.0,16.1667,77,44.2275,40.0225,36.301,-10.109,480.0,0
2018-10-09,19,6.83333,0.0,15.3333,79,57.9825,45.3817,41.4255,-16.8239,468.0,0
2018-10-09,20,6.16667,0.0,14.3333,85,53.8183,43.0025,40.5105,-24.2717,461.76,0
2018-10-09,21,5.66667,0.0,13.0,100,51.8733,39.6617,34.3604,-29.8806,509.143,0
2018-10-09,22,5.33333,0.0,11.6667,100,45.83,34.9717,29.741,-31.794,480.0,0
2018-10-09,23,5.0,0.0,10.6667,94,43.7508,33.5783,18.1216,-29.8806,532.65,0
2018-10-10,0,4.83333,0.0,10.0,83,41.2367,34.675,6.11114,-24.9058,588.0,0
2018-10-10,1,4.83333,0.0,9.33333,81,39.8017,34.2042,1.49174,-22.9924,558.45,0
2018-10-10,2,5.0,0.0,8.83333,79,36.8967,33.9042,-10.5187,-18.0175,599.657,0
2018-10-10,3,5.0,0.0,8.5,76,35.79,34.1533,-19.004,-9.53222,641.143,0
2018-10-10,4,5.0,0.0,8.33333,74,34.885,33.4242,-22.5396,-5.99667,600.0,0
2018-10-10,5,5.0,0.0,8.33333,75,34.695,32.8208,-31.0249,2.48865,622.2,0
2018-10-10,6,4.83333,0.0,8.33333,76,37.2392,34.1667,-36.8565,11.5675,624.24,0
2018-10-10,7,4.66667,0.0,8.33333,87,43.9275,33.3708,-42.4654,17.7176,627.3,0
2018-10-10,8,4.33333,0.0,8.5,76,44.4458,30.6342,-43.7632,18.5847,648.96,0
2018-10-10,9,4.16667,0.0,9.0,64,42.1375,29.5267,-40.2918,17.7264,699.84,0
2018-10-10,10,4.33333,0.0,9.83333,74,37.9458,28.8242,-40.2918,13.7264,660.0,0
2018-10-10,11,4.5,0.0,11.0,62,32.0108,32.305,-31.053,3.89964,699.84,0
2018-10-10,12,5.0,0.0,12.3333,53,31.2092,37.4408,-26.4336,-4.01376,674.16,0
2018-10-10,13,5.66667,0.0,14.0,51,27.305,37.6025,-19.1354,-12.3943,624.24,0
2018-10-10,14,6.5,0.0,15.5,54,22.05,37.7617,-9.0029,-26.8565,610.56,0
2018-10-10,15,7.16667,0.0,16.6667,54,14.2283,36.5883,-2.40591,-37.7831,540.0,0
2018-10-10,16,7.33333,0.0,17.5,57,13.3808,32.6525,7.8866,-50.2404,480.0,0
2018-10-10,17,7.5,0.0,17.5,65,17.93,32.3967,14.5418,-51.1074,420.0,0
2018-10-10,18,7.5,0.0,16.8333,81,36.9358,44.2275,17.2206,-47.5746,451.0,0
2018-10-10,19,7.16667,0.0,16.0,87,54.8425,57.9825,17.2206,-48.5746,443.143,0
2018-10-10,20,6.83333,0.0,14.8333,95,60.7525,53.8183,14.5418,-48.1074,470.25,0
2018-10-10,21,6.33333,0.0,13.5,94,53.1233,51.8733,12.2458,-53.6507,436.05,0
2018-10-10,22,6.0,0.0,12.0,87,45.7617,45.83,7.27092,-50.8791,486.0,0
2018-10-10,23,5.66667,0.0,10.6667,82,42.1075,43.7508,2.29608,-48.1074,538.65,0
2018-10-11,0,5.16667,0.0,9.83333,84,37.8942,41.2367,0.38268,-52.7268,514.8,0
2018-10-11,1,4.83333,0.0,8.83333,85,38.4708,39.8017,-5.5072,-48.1642,575.143,0
2018-10-11,2,4.5,0.0,8.16667,90,35.8817,36.8967,-9.20272,-49.695,559.543,0
2018-10-11,3,4.33333,0.0,7.83333,85,34.6683,35.79,-15.577,-44.7585,620.229,0
2018-10-11,4,4.33333,0.0,7.83333,80,34.1625,34.885,-19.2725,-46.2892,600.0,0
2018-10-11,5,4.33333,0.0,8.0,88,38.6175,34.695,-16.9513,-39.8221,641.829,0
2018-10-11,6,4.5,0.0,8.0,100,38.9875,37.2392,-11.9513,-32.8221,667.8,0
2018-10-11,7,4.66667,0.0,8.0,100,38.8167,43.9275,-6.95128,-26.8221,691.2,0
2018-10-11,8,4.83333,0.0,8.33333,100,39.635,44.4458,0.3448,-21.2788,699.84,0
2018-10-11,9,5.16667,0.0,8.83333,92,37.6633,42.1375,-2.3612,-18.5728,699.84,0
2018-10-11,10,5.5,0.0,9.5,68,33.6533,37.9458,-5.99108,-16.2495,674.16,0
2018-10-11,11,6.0,0.0,10.6667,57,33.215,32.0108,-10.5448,-14.3088,600.0,0
2018-10-11,12,6.66667,0.0,12.1667,50,31.6525,31.2092,-11.4119,-13.0111,540.0,0
2018-10-11,13,7.5,0.0,14.1667,49,23.3067,27.305,-12.3358,-13.3938,480.0,0
2018-10-11,14,8.5,0.0,16.0,52,17.2958,22.05,-31.5746,-17.2206,420.0,0
2018-10-11,15,9.33333,0.0,17.3333,53,17.3983,14.2283,-47.1179,-19.5167,385.0,0
2018-10-11,16,9.83333,0.0,18.1667,57,18.6492,13.3808,-51.7373,-21.4301,314.743,0
2018-10-11,17,10.1667,0.0,18.3333,62,30.4883,17.93,-47.1179,-19.5167,340.267,0
2018-10-11,18,10.3333,0.0,18.0,92,45.6058,36.9358,-48.0418,-19.8994,334.08,0
2018-10-11,19,10.1667,0.0,17.0,95,51.3267,54.8425,-48.0418,-19.8994,341.127,0
2018-10-11,20,9.66667,0.0,15.6667,93,45.6517,60.7525,-56.3567,-23.3435,300.0,0
2018-10-11,21,9.16667,0.0,14.3333,88,47.8375,53.1233,-53.585,-22.1954,335.345,0
2018-10-11,22,8.66667,0.0,13.0,83,42.9658,45.7617,-50.8134,-21.0474,363.0,0
2018-10-11,23,8.16667,0.0,11.6667,77,40.1908,42.1075,-48.0418,-19.8994,403.68,0
2018-10-12,0,7.5,0.0,10.6667,78,34.8733,37.8942,-41.0418,-19.8994,373.32,0
2018-10-12,1,7.0,0.0,9.83333,79,33.9033,38.4708,-25.803,-16.0726,429.0,0
2018-10-12,2,6.66667,0.0,9.16667,79,31.4625,35.8817,-10.5642,-12.2458,479.467,0
2018-10-12,3,6.33333,0.0,8.83333,74,28.375,34.6683,-4.56416,-12.2458,450.667,0
2018-10-12,4,6.16667,0.0,8.5,74,24.525,34.1625,9.75076,-8.80164,486.0,0
2018-10-12,5,6.0,0.0,8.33333,73,25.4183,38.6175,23.1418,-5.7402,520.8,0
2018-10-12,6,6.0,0.0,8.16667,79,26.2342,38.9875,29.1418,-5.7402,480.0,0
2018-10-12,7,6.0,0.0,8.0,88,31.5442,38.8167,42.5328,-2.67876,498.343,0
2018-10-12,8,6.0,0.0,8.16667,84,35.4142,39.635,55.0,0.0,517.029,0
2018-10-12,9,6.16667,0.0,8.5,74,39.5925,37.6633,54.0,0.0,520.0,0
2018-10-12,10,6.5,0.0,9.33333,68,37.245,33.6533,55.0,0.0,499.8,0
2018-10-12,11,7.0,0.0,10.6667,55,27.9917,33.215,51.0,0.0,517.0,0
2018-10-12,12,7.5,0.0,12.3333,46,20.5383,31.6525,54.0,0.0,457.6,0
2018-10-12,13,8.16667,0.0,14.3333,41,16.5783,23.3067,51.0,0.0,451.0,0
2018-10-12,14,8.83333,0.0,16.0,41,15.9117,17.2958,55.0,0.0,377.4,0
2018-10-12,15,9.33333,0.0,17.3333,43,15.7508,17.3983,33.7612,-3.8268,361.029,0
2018-10-12,16,9.33333,0.0,18.1667,49,17.5633,18.6492,17.5224,-7.6536,327.6,0
2018-10-12,17,9.16667,0.0,18.3333,59,26.9683,30.4883,2.13136,-10.715,339.2,0
2018-10-12,18,9.0,0.0,17.6667,69,33.505,45.6058,-14.2597,-13.7765,352.8,0
2018-10-12,19,8.5,0.0,16.6667,77,54.5325,51.3267,-30.6507,-16.8379,376.32,0
2018-10-12,20,8.0,0.0,15.3333,82,58.2642,45.6517,-47.1179,-19.5167,417.72,0
2018-10-12,21,7.33333,0.0,13.8333,84,54.6292,47.8375,-53.585,-22.1954,386.88,0
2018-10-12,22,7.0,0.0,12.3333,85,45.7483,42.9658,-38.3462,-18.3686,443.52,0
2018-10-12,23,6.66667,0.0,10.8333,84,39.18,40.1908,-32.3462,-18.3686,420.0,0
2018-10-13,0,6.33333,0.0,9.83333,84,35.5233,34.8733,-17.1074,-14.5418,452.4,1
2018-10-13,1,6.16667,0.0,9.0,84,35.3767,33.9033,-3.7164,-11.4804,486.0,1
2018-10-13,2,6.0,0.0,8.33333,86,33.7733,31.4625,9.67464,-8.41896,520.8,1
2018-10-13,3,6.0,0.0,8.0,81,30.1658,28.375,15.6746,-8.41896,480.0,1
2018-10-13,4,5.83333,0.0,7.83333,83,28.4333,24.525,17.5224,-3.06144,498.343,1
2018-10-13,5,5.66667,0.0,7.66667,80,28.355,25.4183,19.3702,1.53072,536.057,1
2018-10-13,6,5.5,0.0,7.5,86,28.6875,26.2342,21.2179,6.12288,561.6,1
2018-10-13,7,5.33333,0.0,7.16667,90,31.0183,31.5442,20.2179,6.12288,583.0,1
2018-10-13,8,5.16667,0.0,7.33333,79,34.0433,35.4142,25.2179,6.12288,540.0,1
2018-10-13,9,5.0,0.0,7.83333,65,29.68,39.5925,24.2179,6.12288,561.0,1
2018-10-13,10,5.16667,0.0,8.66667,61,29.7092,37.245,13.5985,4.20948,582.4,1
2018-10-13,11,5.33333,0.0,10.1667,48,28.4142,27.9917,2.05524,1.9134,582.4,1
2018-10-13,12,5.66667,0.0,12.0,40,27.9958,20.5383,-9.48804,-0.38268,582.4,1
2018-10-13,13,6.0,0.0,14.1667,37,23.8092,16.5783,-20.4378,-5.33245,561.0,1
2018-10-13,14,6.5,0.0,16.0,40,21.655,15.9117,-15.2249,-14.4917,570.24,1
2018-10-13,15,7.0,0.0,17.3333,43,21.5817,15.7508,-13.6669,-23.7961,501.84,1
2018-10-13,16,7.16667,0.0,18.1667,49,23.1642,17.5633,-26.7284,-31.1872,483.36,1
2018-10-13,17,7.33333,0.0,18.3333,56,33.84,26.9683,-34.4071,-37.6543,440.64,1
2018-10-13,18,7.5,0.0,17.8333,85,52.1117,33.505,-32.4665,-42.2081,420.0,1
2018-10-13,19,7.66667,0.0,16.6667,93,67.2233,54.5325,-27.0368,-43.2728,443.143,1
2018-10-13,20,7.66667,0.0,15.3333,95,63.8058,58.2642,-29.4781,-41.3845,425.829,1
2018-10-13,21,7.5,0.0,13.8333,92,59.4125,54.6292,-31.9194,-39.4962,421.2,1
2018-10-13,22,7.5,0.0,12.3333,87,52.4533,45.7483,-35.3251,-34.7839,437.25,1
2018-10-13,23,7.33333,0.0,11.0,82,45.4858,39.18,-38.7308,-30.0716,443.143,1
2018-10-14,0,7.0,0.0,9.83333,82,38.7633,35.5233,-30.052,-23.6044,460.8,1
2018-10-14,1,6.66667,0.0,9.16667,81,32.645,35.3767,-24.052,-23.6044,420.0,1
2018-10-14,2,6.33333,0.0,8.5,80,30.6625,33.7733,-15.3733,-17.1373,452.4,1
2018-10-14,3,6.16667,0.0,8.33333,72,31.99,30.1658,-3.7164,-11.4804,486.0,1
2018-10-14,4,6.0,0.0,8.16667,69,31.6283,28.4333,9.67464,-8.41896,520.8,1
2018-10-14,5,6.0,0.0,8.0,76,29.6292,28.355,15.6746,-8.41896,480.0,1
2018-10-14,6,6.0,0.0,8.0,83,27.5617,28.6875,29.0657,-5.35752,498.343,1
2018-10-14,7,6.0,0.0,7.83333,95,32.9158,31.0183,41.5328,-2.67876,517.029,1
2018-10-14,8,6.0,0.0,8.16667,90,36.8275,34.0433,54.0,0.0,520.0,1
2018-10-14,9,6.16667,0.0,8.5,80,35.6175,29.68,54.0,0.0,520.0,1
2018-10-14,10,6.66667,0.0,9.33333,65,31.1058,29.7092,55.0,0.0,499.8,1
2018-10-14,11,7.5,0.0,10.6667,55,26.705,28.4142,52.0,0.0,496.8,1
2018-10-14,12,8.5,0.0,12.3333,48,24.865,27.9958,29.8373,-4.20948,451.0,1
2018-10-14,13,9.66667,0.0,14.1667,44,23.625,23.8092,6.75076,-8.80164,385.0,1
2018-10-14,14,11.0,0.0,15.8333,44,21.7325,21.655,-17.2597,-13.7765,311.143,1
2018-10-14,15,12.1667,0.0,17.0,43,21.52,21.5817,-37.194,-19.134,240.0,1
2018-10-14,16,12.8333,0.0,17.8333,45,22.9192,23.1642,-48.9656,-20.282,265.5,1
2018-10-14,17,12.8333,0.0,17.8333,51,24.405,33.84,-49.8895,-20.6647,261.415,1
2018-10-14,18,12.6667,0.0,17.1667,71,28.2733,52.1117,-48.0418,-19.8994,286.971,1
2018-10-14,19,12.1667,0.0,16.3333,71,36.8908,67.2233,-58.2044,-24.1088,249.171,1
2018-10-14,20,11.3333,0.0,15.0,70,39.4642,63.8058,-35.2701,-18.7513,287.571,1
2018-10-14,21,10.5,0.0,13.6667,65,35.9927,59.4125,-13.3358,-13.3938,332.215,1
2018-10-14,22,9.83333,0.0,12.3333,60,34.8033,52.4533,-4.3358,-13.3938,300.0,1
2018-10-14,23,9.5,0.0,11.1667,56,33.3483,45.4858,16.6746,-8.41896,323.345,1
2018-10-15,0,9.16667,0.0,10.1667,56,32.6875,38.7633,35.8373,-4.20948,347.564,0
2018-10-15,1,9.0,0.0,9.33333,56,29.4675,32.645,55.0,0.0,363.0,0
2018-10-15,2,9.0,0.0,8.83333,57,25.7667,30.6625,54.0,0.0,366.667,0
2018-10-15,3,9.0,0.0,8.66667,51,27.0825,31.99,54.0,0.0,366.667,0
2018-10-15,4,9.0,0.0,8.5,50,25.7317,31.6283,54.0,0.0,366.667,0
2018-10-15,5,9.0,0.0,8.33333,51,24.1042,29.6292,54.0,0.0,366.667,0
2018-10-15,6,9.0,0.0,8.33333,55,24.3108,27.5617,54.0,0.0,366.667,0
2018-10-15,7,9.0,0.0,8.16667,60,23.9983,32.9158,54.0,0.0,366.667,0
2018-10-15,8,9.0,0.0,8.16667,65,26.7933,36.8275,54.0,0.0,366.667,0
2018-10-15,9,9.0,0.0,8.33333,61,19.05,35.6175,54.0,0.0,366.667,0
2018-10-15,10,9.0,0.0,8.83333,54,17.04,31.1058,54.0,0.0,366.667,0
2018-10-15,11,9.16667,0.0,10.0,44,13.2225,26.705,54.0,0.0,366.667,0
2018-10-15,12,9.5,0.0,11.3333,38,13.2533,24.865,55.0,0.0,352.8,0
2018-10-15,13,10.0,0.0,13.0,36,12.3142,23.625,57.0,0.0,325.867,0
2018-10-15,14,10.6667,0.0,14.6667,37,11.6233,21.7325,27.9134,-4.59216,340.267,0
2018-10-15,15,11.3333,0.0,15.8333,37,13.035,21.52,6.903,-9.567,288.0,0
2018-10-15,16,11.8333,0.0,16.5,39,12.3917,22.9192,-14.1074,-14.5418,250.92,0
2018-10-15,17,12.0,0.0,16.5,43,16.6408,24.405,-35.194,-19.134,240.0,0
2018-10-15,18,11.8333,0.0,16.1667,50,37.0558,28.2733,-56.3567,-23.3435,249.9,0
2018-10-15,19,11.5,0.0,15.3333,57,64.8717,36.8908,-35.2701,-18.7513,279.138,0
2018-10-15,20,11.0,0.0,14.1667,61,59.6625,39.4642,-13.2597,-13.7765,310.431,0
2018-10-15,21,10.5,0.0,13.0,62,45.5908,35.9927,8.75076,-8.80164,336.3,0
2018-10-15,22,10.0,0.0,11.8333,62,46.3383,34.8033,29.8373,-4.20948,353.455,0
2018-10-15,23,9.66667,0.0,10.6667,60,44.375,33.3483,38.8373,-4.20948,311.564,0
2018-10-16,0,9.5,0.0,9.5,61,40.0067,32.6875,40.6851,3.44412,324.48,0
2018-10-16,1,9.16667,0.0,8.66667,60,41.0525,29.4675,22.3702,6.88824,337.08,0
2018-10-16,2,8.66667,0.0,8.0,60,36.8631,25.7667,4.97912,9.94968,363.0,0
2018-10-16,3,8.16667,0.0,7.66667,55,30.86,27.0825,-11.488,12.6284,403.68,0
2018-10-16,4,7.83333,0.0,7.5,54,27.7583,25.7317,-17.9552,15.3072,373.32,0
2018-10-16,5,7.33333,0.0,7.5,54,30.5425,24.1042,-34.4224,17.986,402.8,0
2018-10-16,6,6.83333,0.0,7.5,56,35.6975,24.3108,-48.9656,20.282,448.0,0
2018-10-16,7,6.5,0.0,7.16667,71,30.77,23.9983,-54.5089,22.5781,420.0,0
2018-10-16,8,6.33333,0.0,7.16667,71,34.2267,26.7933,-51.7373,21.4301,466.4,0
2018-10-16,9,6.16667,0.0,7.33333,63,30.0217,19.05,-48.9656,20.282,503.25,0
2018-10-16,10,6.16667,0.0,7.83333,58,24.4133,17.04,-47.1179,19.5167,528.0,0
2018-10-16,11,6.5,0.0,8.83333,46,22.0042,13.2225,-47.1179,19.5167,528.0,0
2018-10-16,12,7.0,0.0,10.3333,38,18.7333,13.2533,-48.0418,19.8994,509.143,0
2018-10-16,13,7.5,0.0,12.3333,35,18.1467,12.3142,-49.8895,20.6647,457.6,0
2018-10-16,14,8.0,0.0,14.1667,35,21.3558,11.6233,-47.1179,19.5167,451.0,0
2018-10-16,15,8.5,0.0,15.6667,35,23.4117,13.035,-32.5746,17.2206,395.2,0
2018-10-16,16,8.83333,0.0,16.6667,39,26.1017,12.3917,-12.488,12.6284,393.6,0
2018-10-16,17,9.0,0.0,16.8333,48,29.0433,16.6408,2.97912,9.94968,371.25,0
2018-10-16,18,9.0,0.0,16.3333,54,40.7375,37.0558,19.3702,6.88824,366.667,0
2018-10-16,19,9.0,0.0,15.5,58,47.2667,64.8717,36.6851,3.44412,366.667,0
2018-10-16,20,8.83333,0.0,14.1667,62,40.4469,59.6625,54.0,0.0,366.667,0
2018-10-16,21,8.66667,0.0,12.6667,63,39.2375,45.5908,37.609,3.06144,380.8,0
2018-10-16,22,8.33333,0.0,11.3333,65,38.9992,46.3383,21.2179,6.12288,395.2,0
2018-10-16,23,8.0,0.0,10.1667,65,36.9733,44.375,14.7508,8.80164,360.0,0
2018-10-17,0,7.5,0.0,9.16667,67,35.1142,40.0067,-0.716399,11.4804,388.267,0
2018-10-17,1,7.0,0.0,8.33333,68,38.2855,41.0525,-15.2597,13.7765,432.667,0
2018-10-17,2,6.66667,0.0,7.66667,68,37.4367,36.8631,-29.803,16.0726,479.467,0
2018-10-17,3,6.33333,0.0,7.66667,58,35.4983,30.86,-35.3462,18.3686,450.667,0
2018-10-17,4,6.16667,0.0,7.5,55,37.7375,27.7583,-49.8895,20.6647,486.0,0
2018-10-17,5,6.0,0.0,7.5,60,40.8308,30.5425,-48.0418,19.8994,520.8,0
2018-10-17,6,6.0,0.0,7.66667,67,39.6042,35.6975,-53.585,22.1954,480.0,0
2018-10-17,7,6.0,0.0,7.66667,74,48.0367,30.77,-51.7373,21.4301,498.343,0
2018-10-17,8,6.0,0.0,8.16667,71,49.6392,34.2267,-50.8134,21.0474,517.029,0
2018-10-17,9,6.0,0.0,8.5,62,50.0308,30.0217,-49.8895,20.6647,520.0,0
2018-10-17,10,6.16667,0.0,9.16667,54,45.6175,24.4133,-49.8895,20.6647,520.0,0
2018-10-17,11,6.33333,0.0,10.3333,45,39.3829,22.0042,-37.3462,18.3686,499.8,0
2018-10-17,12,6.5,0.0,11.8333,39,36.0569,18.7333,-24.803,16.0726,480.0,0
2018-10-17,13,6.83333,0.0,13.6667,36,34.4115,18.1467,-6.7164,11.4804,517.0,0
2018-10-17,14,7.16667,0.0,15.1667,37,29.8785,21.3558,6.82688,9.18432,477.0,0
2018-10-17,15,7.5,0.0,16.5,39,28.1533,23.4117,20.3702,6.88824,438.6,0
2018-10-17,16,7.5,0.0,17.5,43,31.5073,26.1017,24.0657,-0.76536,451.0,0
2018-10-17,17,7.5,0.0,17.6667,52,45.4792,29.0433,23.1418,-5.7402,443.143,0
2018-10-17,18,7.5,0.0,17.1667,61,66.1775,40.7375,9.67464,-8.41896,443.143,0
2018-10-17,19,7.33333,0.0,16.3333,61,74.7192,47.2667,-3.79252,-11.0977,443.143,0
2018-10-17,20,7.16667,0.0,15.1667,64,73.1454,40.4469,-17.2597,-13.7765,453.6,0
2018-10-17,21,6.83333,0.0,13.6667,65,66.6554,39.2375,-18.2597,-13.7765,470.25,0
2018-10-17,22,6.66667,0.0,12.3333,64,59.4025,38.9992,-12.2597,-13.7765,436.05,0
2018-10-17,23,6.5,0.0,11.1667,64,52.66,36.9733,-14.2597,-13.7765,469.05,0
2018-10-18,0,6.16667,0.0,10.1667,68,48.1664,35.1142,-12.4119,-8.41896,490.629,0
2018-10-18,1,5.83333,0.0,9.33333,69,46.623,38.2855,-10.5642,-3.8268,528.0,0
2018-10-18,2,5.5,0.0,8.83333,69,44.97,37.4367,-15.1836,-1.9134,498.343,0
2018-10-18,3,5.33333,0.0,8.5,66,45.3892,35.4983,-12.2519,4.30091,536.057,0
2018-10-18,4,5.16667,0.0,8.33333,63,42.495,37.7375,-9.32034,10.5152,575.143,0
2018-10-18,5,5.0,0.0,8.33333,61,42.5875,40.8308,-11.2337,15.1346,540.0,0
2018-10-18,6,4.83333,0.0,8.5,65,45.4867,39.6042,-6.67998,22.4328,579.429,0
2018-10-18,9,4.5,0.0,9.33333,68,38.0373,50.0308,-16.8515,34.1283,644.8,0
2018-10-18,10,4.66667,0.0,9.83333,64,37.3382,45.6175,-19.316,38.7477,667.8,0
2018-10-18,11,5.0,0.0,10.6667,57,39.46,39.3829,-9.53005,41.9949,648.96,0
2018-10-18,12,5.5,0.0,11.6667,52,41.5873,36.0569,0.03912,45.0313,600.0,0
2018-10-18,13,6.16667,0.0,12.8333,51,43.8205,34.4115,13.1438,44.5321,610.56,0
2018-10-18,14,6.83333,0.0,14.1667,50,45.3633,29.8785,22.3363,46.6534,540.0,0
2018-10-18,15,7.16667,0.0,15.1667,52,46.6983,28.1533,33.5541,40.4761,504.9,0
2018-10-18,16,7.33333,0.0,15.8333,58,52.3385,31.5073,40.0213,35.1548,468.0,0
2018-10-18,18,7.16667,0.0,15.6667,74,68.0425,66.1775,42.3489,26.6541,460.8,0
2018-10-18,19,6.83333,0.23,15.0,75,86.2775,74.7192,47.8922,28.9502,420.0,0
2018-10-18,20,6.33333,0.23,14.0,77,83.0608,73.1454,47.1851,28.2431,437.143,0
2018-10-18,21,6.0,0.23,12.8333,86,74.6936,66.6554,45.7709,26.8289,486.0,0
2018-10-18,22,5.66667,0.23,11.6667,86,71.1358,59.4025,43.6496,24.7076,538.65,0
2018-10-18,23,5.33333,0.23,10.6667,83,70.6675,52.66,47.1851,28.2431,514.8,0
2018-10-19,0,5.16667,0.23,10.0,80,66.8658,48.1664,43.3296,28.7172,555.429,0
2018-10-19,1,5.16667,0.0,9.5,78,65.61,46.623,40.398,29.574,595.2,0
2018-10-19,2,5.33333,0.0,9.16667,83,62.5355,44.97,44.6407,33.8167,540.0,0
2018-10-19,3,5.33333,0.0,9.16667,80,60.7017,45.3892,42.4162,35.3806,559.543,0
2018-10-19,4,5.33333,0.23,9.16667,81,52.4,42.495,39.4846,36.2374,582.4,0
2018-10-19,9,5.66667,0.23,9.16667,83,58.2791,38.0373,44.0367,29.4243,563.04,0
2018-10-19,10,6.0,1.02,9.5,81,68.6742,37.3382,43.4328,25.032,583.0,0
2018-10-19,11,6.5,1.02,10.0,79,60.4023,39.46,45.6573,23.4681,561.6,0
2018-10-19,12,7.16667,1.02,10.5,75,61.3958,41.5873,48.8057,22.2869,501.84,0
2018-10-19,13,7.83333,1.02,11.1667,74,62.3983,43.8205,48.9656,20.282,461.76,0
2018-10-19,14,8.5,1.63,11.8333,74,58.9323,45.3633,48.9656,20.282,413.4,0
2018-10-19,15,9.0,1.63,12.3333,73,65.8736,46.6983,44.9502,22.761,393.6,0
2018-10-19,16,9.33333,0.61,12.6667,74,74.8155,52.3385,45.5541,27.1533,345.257,0
2018-10-19,18,9.16667,0.61,12.3333,77,76.3967,68.0425,47.4019,27.9187,339.2,0
2018-10-19,19,8.66667,0.61,12.0,77,84.9309,86.2775,46.478,27.536,363.0,0
2018-10-19,20,8.16667,0.0,11.5,79,79.625,83.0608,43.7064,26.388,403.68,0
2018-10-19,21,7.66667,0.0,11.0,81,82.5164,74.6936,50.1735,29.0667,373.32,0
2018-10-19,22,7.33333,0.0,10.3333,83,82.4782,71.1358,49.5696,24.6744,414.72,0
2018-10-19,23,7.16667,0.0,10.0,84,80.2418,70.6675,48.9656,20.282,448.0,0
2018-10-20,0,7.0,0.0,9.66667,85,75.5545,66.8658,47.6507,16.8379,470.25,1
2018-10-20,1,7.0,0.0,9.16667,88,73.36,65.61,54.6507,16.8379,420.0,1
2018-10-20,2,6.83333,0.0,8.66667,91,65.8936,62.5355,53.7268,16.4552,436.05,1
2018-10-20,3,6.66667,0.0,8.33333,86,58.5882,60.7017,51.8791,15.6899,454.629,1
2018-10-20,4,6.5,0.25,8.16667,86,51.1042,52.4,50.9552,15.3072,472.457,1
2018-10-20,8,6.0,0.25,8.0,90,48.5208,56.7317,51.1256,20.3484,480.0,1
2018-10-20,9,6.16667,0.25,8.0,91,49.56,58.2791,48.3683,24.5911,498.343,1
2018-10-20,10,6.33333,0.0,8.0,87,49.6233,68.6742,47.8354,27.2698,498.343,1
2018-10-20,11,6.66667,0.0,8.16667,81,48.5767,60.4023,47.8354,27.2698,480.0,1
2018-10-20,12,7.0,0.0,8.33333,77,46.8667,61.3958,44.1399,25.7391,496.8,1
2018-10-20,13,7.5,0.0,8.66667,74,46.1942,62.3983,45.9877,26.5045,457.6,1
2018-10-20,14,8.0,0.0,9.0,74,45.71,58.9323,44.5166,23.4098,451.0,1
2018-10-20,15,8.33333,0.36,9.5,71,51.725,65.8736,48.5889,22.6113,395.2,1
2018-10-20,16,8.5,0.36,9.83333,72,54.1975,74.8155,52.6612,21.8128,360.0,1
2018-10-20,17,8.5,0.72,10.0,82,54.5792,70.8754,47.1179,19.5167,401.85,1
2018-10-20,18,8.5,1.08,10.0,84,56.8125,76.3967,47.1179,19.5167,401.85,1
2018-10-20,19,8.33333,2.6,9.66667,87,59.7291,84.9309,45.3837,22.1121,409.867,1
2018-10-20,20,8.16667,4.12,9.33333,89,55.3615,79.625,51.0406,27.769,360.0,1
2018-10-20,21,8.16667,3.76,8.66667,89,44.8983,82.5164,48.3826,29.9818,374.0,1
2018-10-20,22,8.66667,3.76,8.16667,90,32.0317,82.4782,46.4316,32.9016,374.0,1
2018-10-20,23,9.16667,4.92,7.5,90,32.8408,80.2418,40.8883,30.6055,386.4,1
2018-10-21,0,9.83333,6.08,6.83333,88,33.1617,75.5545,43.66,31.7536,341.85,1
2018-10-21,1,10.5,4.56,6.33333,85,33.6767,73.36,43.4328,25.032,333.45,1
2018-10-21,2,11.1667,3.8,5.66667,83,32.775,65.8936,48.8625,23.9673,288.0,1
2018-10-21,3,11.5,4.56,5.16667,84,33.5058,58.5882,53.585,22.1954,271.745,1
2018-10-21,4,11.5,4.56,4.66667,83,35.9667,51.1042,53.585,22.1954,271.745,1
2018-10-21,5,11.3333,3.8,4.33333,84,39.225,48.7333,53.585,22.1954,280.8,1
2018-10-21,6,11.1667,2.28,4.16667,83,38.8958,48.9667,52.4985,17.6033,302.4,1
2018-10-21,7,11.0,3.35,4.0,82,34.8158,48.0475,52.4119,13.0111,313.5,1
2018-10-21,8,10.8333,2.59,4.0,82,28.7667,48.5208,51.488,4.20948,317.127,1
2018-10-21,9,11.0,2.9,4.0,82,21.5583,49.56,49.1036,-7.77821,317.127,1
2018-10-21,10,11.0,2.9,4.0,98,23.9764,49.6233,47.4262,-20.473,297.0,1
2018-10-21,11,11.3333,2.14,4.16667,97,30.9967,48.5767,47.5889,-24.6825,294.0,1
2018-10-21,12,11.5,2.14,4.33333,94,32.1933,46.8667,47.6754,-29.2747,282.764,1
2018-10-21,13,11.6667,1.07,4.66667,88,32.515,46.1942,48.5993,-29.6573,271.745,1
2018-10-21,14,11.8333,1.07,5.16667,83,30.7608,45.71,49.3064,-30.3644,270.3,1
2018-10-21,15,11.6667,0.0,5.66667,78,33.6836,51.725,51.9077,-26.4713,260.945,1
2018-10-21,16,11.5,0.0,6.16667,77,30.6525,54.1975,51.9077,-26.4713,270.3,1
2018-10-21,17,11.0,0.0,6.5,75,33.9545,54.5792,50.0599,-25.7059,291.5,1
2018-10-21,18,10.3333,0.0,6.66667,81,42.4336,56.8125,47.2883,-24.5579,324.8,1
2018-10-21,19,9.66667,0.0,6.66667,86,45.8933,59.7291,54.6793,-27.6193,300.0,1
2018-10-21,20,8.83333,0.0,6.33333,89,51.9885,55.3615,53.585,-22.1954,345.6,1
2018-10-21,21,8.0,0.0,6.0,88,54.9617,44.8983,48.9656,-20.282,398.618,1
2018-10-21,22,7.16667,0.0,5.5,85,55.9908,32.0317,54.5089,-22.5781,385.745,1
2018-10-21,23,6.33333,0.0,5.0,83,57.7617,32.8408,47.8818,-21.9042,458.28,1
2018-10-22,0,5.66667,0.0,4.5,82,54.4925,33.1617,50.7102,-24.7326,464.28,0
2018-10-22,1,5.0,0.0,4.0,80,52.5045,33.6767,44.2999,-23.7343,549.067,0
2018-10-22,2,4.5,0.0,3.66667,77,48.0158,32.775,47.1283,-26.5627,547.2,0
2018-10-22,3,4.0,0.0,3.16667,86,46.5108,33.5058,49.9567,-29.3911,540.0,0
2018-10-22,4,3.66667,0.0,2.66667,79,44.8675,35.9667,44.4135,-27.0951,635.25,0
2018-10-22,5,3.5,0.0,2.16667,87,40.8375,39.225,47.1851,-28.2431,639.6,0
2018-10-22,6,3.33333,0.0,1.83333,95,41.8708,38.8958,42.5657,-26.3297,743.85,0
2018-10-22,7,3.16667,0.0,1.33333,100,40.8675,34.8158,45.3373,-27.4777,745.2,0
2018-10-22,8,3.0,0.0,1.16667,99,40.7617,28.7667,47.4587,-29.5991,742.05,0
2018-10-22,9,3.0,0.0,1.33333,89,40.0767,21.5583,41.2157,-29.3093,839.143,0
2018-10-22,10,3.16667,0.0,2.0,80,38.3267,23.9764,42.3637,-32.0809,829.029,0
2018-10-22,11,3.5,0.0,3.0,72,40.0073,30.9967,37.4273,-33.0977,885.6,0
2018-10-22,12,4.0,0.0,4.16667,66,38.6673,32.1933,35.4195,-34.3372,894.24,0
2018-10-22,13,4.5,0.0,5.66667,63,37.65,32.515,37.4273,-33.0977,842.4,0
2018-10-22,14,5.16667,0.0,6.83333,63,33.7758,30.7608,40.5988,-30.2692,780.0,0
2018-10-22,15,5.83333,0.0,8.0,61,31.1964,33.6836,41.942,-24.6124,749.7,0
2018-10-22,16,6.33333,0.0,8.66667,64,30.6577,30.6525,42.809,-17.9571,660.0,0
2018-10-22,17,6.66667,0.0,9.0,74,34.87,33.9545,40.9613,-11.8342,603.2,0
2018-10-22,18,6.83333,0.0,8.66667,97,50.8225,42.4336,44.1591,-4.26251,510.0,0
2018-10-22,19,6.83333,0.0,8.16667,97,67.2317,45.8933,46.4301,7.15442,483.36,0
2018-10-22,20,6.66667,0.0,7.33333,98,66.6269,51.9885,47.1372,14.9326,477.0,0
2018-10-22,21,6.5,0.0,6.33333,98,71.6009,54.9617,45.8366,22.772,477.0,0
2018-10-22,22,6.5,0.0,5.5,98,68.1808,55.9908,44.0792,28.3153,490.629,0
2018-10-22,23,6.5,0.0,4.66667,96,59.8375,57.7617,42.029,34.7824,490.629,0
2018-10-23,0,6.5,0.0,4.33333,87,49.0917,54.4925,40.5116,38.5708,490.629,0
2018-10-23,1,6.83333,0.0,4.16667,79,45.4127,52.5045,38.9942,42.3592,490.629,0
2018-10-23,2,7.16667,0.79,4.33333,78,44.9817,48.0158,38.1839,47.0715,472.457,0
2018-10-23,3,7.5,0.79,4.5,88,41.45,46.5108,38.891,49.5128,438.6,0
2018-10-23,4,7.83333,0.79,4.66667,93,21.5577,44.8675,36.0626,47.1179,451.0,0
2018-10-23,5,8.33333,1.58,4.83333,95,14.6762,40.8375,38.1839,47.9386,408.857,0
2018-10-23,6,8.83333,1.58,4.83333,96,15.2658,41.8708,40.3053,48.5425,360.0,0
2018-10-23,7,9.16667,1.58,4.66667,97,16.9242,40.8675,37.4768,42.6793,371.25,0
2018-10-23,8,9.5,0.79,4.33333,94,18.2242,40.7617,38.891,42.3594,341.85,0
2018-10-23,9,10.0,0.79,4.16667,82,13.2236,40.0767,40.3053,44.2071,313.65,0
2018-10-23,10,10.3333,1.15,4.16667,78,9.9775,38.3267,36.0626,40.6148,346.92,0
2018-10-23,11,10.6667,0.72,4.33333,70,8.1225,40.0073,36.7697,43.7064,334.08,0
2018-10-23,12,11.1667,0.72,4.83333,60,9.32462,38.6673,38.1839,47.7218,309.12,0
2018-10-23,13,11.8333,0.72,5.5,53,12.2692,37.65,31.1128,53.6507,273.48,0
2018-10-23,14,12.5,0.72,6.33333,47,14.95,33.7758,24.0417,58.4119,240.0,0
2018-10-23,15,12.8333,0.72,7.0,47,15.64,31.1964,8.48532,52.0866,265.5,0
2018-10-23,16,12.8333,0.36,7.33333,51,17.3162,30.6577,0.0,54.0,261.415,0
2018-10-23,17,12.6667,0.71,7.33333,63,17.0945,34.87,0.0,52.0,286.971,0
2018-10-23,18,13.3333,1.42,7.16667,75,17.885,50.8225,0.0,63.0,249.171,0
2018-10-23,19,15.0,1.42,6.83333,85,20.7217,67.2317,0.0,52.0,281.538,0
2018-10-23,20,17.3333,2.44,6.5,91,18.1536,66.6269,0.0,52.0,199.527,0
2018-10-23,21,20.5,3.46,6.16667,91,14.445,71.6009,-10.715,49.8686,165.6,0
2018-10-23,22,24.6667,4.48,6.0,87,11.915,68.1808,-33.3426,48.4962,134.057,0
2018-10-23,23,29.6667,3.77,6.0,83,6.23636,59.8375,-48.0835,48.0835,110.4,0
2018-10-24,0,34.1667,4.08,6.16667,77,2.52667,49.0917,-54.4475,54.4475,88.5,0
2018-10-24,1,38.1667,5.71,6.33333,77,0.962727,45.4127,-60.1043,60.1043,77.0341,0
2018-10-24,2,40.1667,6.32,6.5,78,1.32273,44.9817,-49.4815,75.4591,65.2364,0
2018-10-24,3,42.1667,6.93,6.5,90,1.03167,41.45,-33.6758,81.3014,87.0,0
2018-10-24,4,44.3333,7.54,6.5,87,1.7325,21.5577,-32.1451,77.6059,77.28,0
2018-10-24,5,46.3333,7.54,6.33333,85,3.12091,14.6762,-16.8379,89.6507,62.5909,0
2018-10-24,6,47.0,6.52,5.83333,89,2.49909,15.2658,0.0,53.0,113.208,0
2018-10-24,7,46.0,4.89,5.33333,87,3.23727,16.9242,33.9413,97.3462,64.7547,0
2018-10-24,8,45.8333,3.74,4.83333,84,4.13167,18.2242,63.6399,83.1492,81.2,0
2018-10-24,9,44.1667,2.11,4.33333,85,3.2575,13.2236,57.2759,66.3802,92.3714,0
2018-10-24,10,40.6667,2.13,3.83333,85,3.29833,9.9775,51.619,51.619,111.692,0
2018-10-24,11,37.0,2.13,3.33333,83,2.99917,8.1225,43.8408,43.8408,142.306,0
2018-10-24,12,34.8333,2.13,3.16667,69,4.48583,9.32462,41.7195,41.7195,138.986,0
2018-10-24,13,33.6667,2.13,3.0,60,5.11333,12.2692,46.6693,46.6693,115.742,0
2018-10-24,14,36.0,1.65,2.66667,54,4.865,14.95,49.4977,49.4977,111.429,0
2018-10-24,15,37.8333,1.65,2.5,51,5.49077,15.64,37.4768,37.4768,113.208,0
2018-10-24,16,40.1667,0.0,2.33333,52,5.795,17.3162,69.2968,69.2968,72.2264,0
2018-10-24,17,41.0,0.0,2.33333,50,7.84167,17.0945,61.5186,61.5186,81.9733,0
2018-10-24,18,40.3333,0.0,2.16667,56,9.375,17.885,55.1546,55.1546,102.4,0
2018-10-24,19,38.8333,0.0,2.0,58,13.4536,20.7217,47.3764,47.3764,126.5,0
2018-10-24,20,33.6667,0.0,2.0,59,10.6008,18.1536,40.3053,40.3053,157.548,0
2018-10-24,21,29.3333,0.0,1.83333,59,13.61,14.445,55.8617,55.8617,128.826,0
2018-10-24,22,25.3333,0.0,1.66667,59,9.34333,11.915,47.3764,47.3764,166.108,0
2018-10-24,23,22.1667,0.0,1.5,57,10.6808,6.23636,41.7195,41.7195,195.873,0
2018-10-25,0,19.8333,0.08,1.16667,56,8.976,2.52667,38.1839,38.1839,217.579,0
2018-10-25,1,18.1667,0.26,0.833333,54,7.30667,0.962727,36.7697,36.7697,228.8,0
2018-10-25,2,17.0,0.26,0.5,54,6.60385,1.32273,48.0835,48.0835,180.0,0
2018-10-25,3,16.1667,0.26,0.333333,53,8.29917,1.03167,45.9622,49.2137,194.541,0
2018-10-25,4,15.5,0.26,0.166667,56,9.50333,1.7325,43.8408,50.1271,217.412,0
2018-10-25,5,14.8333,0.26,0.0,62,7.83083,3.12091,41.7195,51.0406,235.125,0
2018-10-25,6,14.0,0.18,0.0,67,6.9875,2.49909,39.5982,51.7373,254.88,0
2018-10-25,7,13.0,0.0,0.0,68,8.10545,3.23727,37.4768,48.9656,277.114,0
2018-10-25,8,11.8333,0.0,0.0,69,10.5662,4.13167,44.5479,58.2044,249.171,0
2018-10-25,9,10.8333,0.99,0.333333,69,10.0058,3.2575,40.3053,52.6612,307.8,0
2018-10-25,10,10.3333,0.99,0.666667,79,9.11333,3.29833,30.4057,47.7268,366.277,0
2018-10-25,11,10.1667,0.99,1.33333,78,13.0458,2.99917,30.4057,58.7268,310.708,0
2018-10-25,12,10.5,1.73,2.16667,80,13.1417,4.48583,16.6211,57.803,311.1,0
2018-10-25,13,11.5,1.73,3.16667,81,12.3564,5.11333,1.06472,51.4776,305.25,0
2018-10-25,14,13.1667,2.54,4.33333,83,10.4145,4.865,-4.59216,52.0866,259.418,0
2018-10-25,15,15.1667,2.36,5.16667,81,9.56385,5.49077,-4.59216,59.0866,197.6,0
2018-10-25,16,16.8333,3.17,6.16667,84,9.65917,5.795,14.1422,52.4776,204.6,0
2018-10-25,17,18.5,3.17,6.83333,82,14.1908,7.84167,28.9915,55.8791,177.0,0
2018-10-25,18,20.0,3.24,7.16667,84,16.7817,9.375,44.5479,58.2044,160.74,0
2018-10-25,19,21.1667,4.59,7.33333,87,20.2827,13.4536,46.6693,60.9761,147.714,0
2018-10-25,20,22.0,3.78,7.33333,87,20.5538,10.6008,48.0835,62.8238,141.382,0
2018-10-25,21,22.3333,4.32,7.16667,85,14.8525,13.61,48.7906,63.7477,140.87,0
2018-10-25,22,22.3333,3.51,6.83333,83,15.9942,9.34333,48.0835,62.8238,146.348,0
2018-10-25,23,22.0,3.51,6.5,81,12.2358,10.6808,46.6693,56.4239,157.617,0
